time = 4.45	Re = 90
0.608262	0.365947	0	0
0.174445	0.755476	1	0
-0.385404	0.751382	2	0
-0.712254	0.549407	3	0
-0.910803	0.274016	4	0
0.066700	-0.393651	0	1
0.074228	-0.469983	1	1
0.080730	-0.551397	2	1
0.396617	-0.553012	3	1
0.641813	-0.224683	4	1
0.654598	0.223470	5	1
0.428351	0.575313	6	1
0.020833	0.801119	7	1
-0.495263	0.681643	8	1
-0.789597	0.430279	9	1
-0.944375	0.116713	10	1
0.084012	-0.335701	0	2
0.108844	-0.530369	1	2
0.131929	-0.632169	2	2
0.272545	-0.605705	3	2
0.465883	-0.473676	4	2
0.605132	-0.269524	5	2
0.661270	-0.048334	6	2
0.637731	0.218778	7	2
0.483632	0.495865	8	2
0.220599	0.696373	9	2
-0.237026	0.767481	10	2
-0.624251	0.570904	11	2
-0.855037	0.287177	12	2
0.089105	-0.264978	0	3
0.119109	-0.464056	1	3
0.152313	-0.600295	2	3
0.282524	-0.581951	3	3
0.452227	-0.462085	4	3
0.575275	-0.285446	5	3
0.633309	-0.091286	6	3
0.633855	0.139306	7	3
0.540274	0.390059	8	3
0.334432	0.600708	9	3
0.034796	0.772906	10	3
-0.416939	0.683799	11	3
-0.725465	0.440686	12	3
-0.893238	0.135291	13	3
-0.928170	-0.206269	14	3
0.138124	-0.499891	0	4
0.206108	-0.584718	1	4
0.358368	-0.518051	2	4
0.494341	-0.382972	3	4
0.585465	-0.200321	4	4
0.620099	0.002691	5	4
0.587042	0.247748	6	4
0.439037	0.486267	7	4
0.224926	0.644186	8	4
-0.166136	0.754181	9	4
-0.549043	0.582603	10	4
-0.795362	0.300867	11	4
-0.903631	-0.021557	12	4
-0.880307	-0.357983	13	4
0.119607	-0.280343	0	5
0.154344	-0.496864	1	5
0.238139	-0.555206	2	5
0.378998	-0.478815	3	5
0.500976	-0.335360	4	5
0.574772	-0.158467	5	5
0.600140	0.065387	6	5
0.532781	0.327773	7	5
0.349373	0.535462	8	5
0.147294	0.671966	9	5
-0.311318	0.694656	10	5
-0.655086	0.461582	11	5
-0.837555	0.152484	12	5
-0.886187	-0.181549	13	5
-0.806468	-0.503171	14	5
0.127619	-0.271953	0	6
0.166514	-0.481087	1	6
0.255528	-0.526560	2	6
0.380663	-0.450585	3	6
0.492170	-0.308905	4	6
0.561790	-0.122956	5	6
0.577607	0.127920	6	6
0.465237	0.398393	7	6
0.277601	0.551951	8	6
0.073378	0.709699	9	6
-0.430648	0.621313	10	6
-0.729322	0.333010	11	6
-0.851916	0.001280	12	6
-0.840329	-0.337089	13	6
-0.706531	-0.635470	14	6
0.135451	-0.251229	0	7
0.176122	-0.457612	1	7
0.263604	-0.497050	2	7
0.379232	-0.422935	3	7
0.478512	-0.287659	4	7
0.552060	-0.078908	5	7
0.548215	0.199775	6	7
0.396949	0.441694	7	7
0.229198	0.542591	8	7
-0.004425	0.734492	9	7
-0.530977	0.534338	10	7
-0.777574	0.196940	11	7
-0.839372	-0.148501	12	7
-0.769408	-0.478478	13	7
-0.585081	-0.750387	14	7
0.149617	-0.228843	0	8
0.184055	-0.430169	1	8
0.267174	-0.467945	2	8
0.373933	-0.396312	3	8
0.477374	-0.249994	4	8
0.544651	-0.024169	5	8
0.499790	0.283460	6	8
0.337861	0.452955	7	8
0.204554	0.512390	8	8
-0.072714	0.725083	9	8
-0.614079	0.433345	10	8
-0.800190	0.057605	11	8
-0.799481	-0.293047	12	8
-0.675895	-0.602398	13	8
-0.449828	-0.837852	14	8
0.193527	-0.403797	0	9
0.273839	-0.434616	1	9
0.377435	-0.359704	2	9
0.474494	-0.205532	3	9
0.537003	0.069596	4	9
0.442098	0.337514	5	9
0.303532	0.429550	6	9
0.196294	0.468723	7	9
-0.124864	0.708020	8	9
-0.677365	0.323808	9	9
-0.798395	-0.080848	10	9
-0.735957	-0.427697	11	9
-0.561414	-0.711778	12	9
-0.293819	-0.904699	13	9
0.180282	-0.186363	0	10
0.201967	-0.373790	1	10
0.281985	-0.400108	2	10
0.383767	-0.320358	3	10
0.485379	-0.141069	4	10
0.516844	0.147878	5	10
0.404463	0.337460	6	10
0.298275	0.380554	7	10
0.198614	0.415017	8	10
-0.164252	0.692173	9	10
-0.719041	0.211628	10	10
-0.773629	-0.211619	11	10
-0.652354	-0.545818	12	10
-0.429448	-0.798483	13	10
-0.122826	-0.944718	14	10
0.203875	-0.148000	0	11
0.211212	-0.342375	1	11
0.289284	-0.365087	2	11
0.390057	-0.279203	3	11
0.489590	-0.081512	4	11
0.489704	0.174141	5	11
0.398278	0.297412	6	11
0.311080	0.320538	7	11
0.208330	0.358567	8	11
-0.210961	0.672754	9	11
-0.744098	0.086636	10	11
-0.722798	-0.347192	11	11
-0.546132	-0.653569	12	11
-0.281486	-0.862847	13	11
0.050707	-0.951448	14	11
0.218454	-0.122231	0	12
0.218553	-0.308954	1	12
0.292636	-0.330498	2	12
0.389281	-0.247365	3	12
0.478631	-0.061906	4	12
0.478301	0.139031	5	12
0.409779	0.232833	6	12
0.332783	0.255955	7	12
0.220221	0.307440	8	12
-0.301389	0.631379	9	12
-0.748800	-0.048100	10	12
-0.649117	-0.470381	11	12
-0.426540	-0.738090	12	12
-0.124206	-0.900657	13	12
0.221357	-0.926018	14	12
0.234698	-0.084294	0	13
0.225010	-0.267848	1	13
0.287455	-0.295554	2	13
0.373590	-0.232709	3	13
0.451117	-0.088149	4	13
0.465552	0.067166	5	13
0.421169	0.151311	6	13
0.352918	0.186078	7	13
0.229859	0.265517	8	13
-0.432327	0.546845	9	13
-0.728843	-0.187565	10	13
-0.555053	-0.578845	11	13
-0.291232	-0.802065	12	13
0.053286	-0.909438	13	13
0.391455	-0.868692	14	13
0.237510	0.025676	0	14
0.232616	-0.210820	1	14
0.275558	-0.253208	2	14
0.339670	-0.223569	3	14
0.403628	-0.135293	4	14
0.433950	-0.022540	5	14
0.415993	0.059930	6	14
0.359332	0.119343	7	14
0.226040	0.241773	8	14
-0.575184	0.396844	9	14
-0.680170	-0.323981	10	14
-0.446248	-0.666715	11	14
-0.147356	-0.843759	12	14
0.224929	-0.880721	13	14
0.531436	-0.789991	14	14
0.171212	0.143051	0	15
0.247925	-0.120843	1	15
0.266639	-0.172676	2	15
0.299889	-0.185479	3	15
0.342830	-0.153045	4	15
0.376148	-0.089082	5	15
0.378649	-0.012230	6	15
0.338179	0.076044	7	15
0.185984	0.259899	8	15
-0.688786	0.152232	9	15
-0.600597	-0.455144	10	15
-0.324935	-0.733818	11	15
0.019957	-0.863418	12	15
0.382985	-0.822436	13	15
0.659932	-0.686277	14	15
0.084657	0.221687	0	16
0.134087	0.178365	1	16
0.256343	0.036646	2	16
0.278553	-0.027677	3	16
0.296457	-0.045894	4	16
0.310878	-0.035579	5	16
0.316836	0.011845	6	16
0.275398	0.122061	7	16
0.119993	0.370994	8	16
-0.705444	-0.092748	9	16
-0.502000	-0.560270	10	16
-0.197619	-0.781241	11	16
0.196181	-0.838949	12	16
0.521382	-0.741405	13	16
0.085273	0.379002	0	17
0.091865	0.402254	1	17
0.108673	0.303540	2	17
0.110415	0.323773	3	17
0.057778	0.625791	4	17
-0.698713	-0.040095	5	17
-0.458845	-0.581200	6	17
-0.123453	-0.793526	7	17
0.325777	-0.790650	8	17
0.632546	-0.645357	9	17
0.853191	-0.420582	10	17
-0.608273	-0.365930	0	18
-0.174444	-0.755477	1	18
0.385404	-0.751382	2	18
0.712254	-0.549408	3	18
0.910794	-0.274032	4	18
