time = 497.25	Re = 90
-0.060400	-0.931734	3806	
0.621234	0.397508	1277	
-0.087909	0.931207	4243	
0.276830	0.411597	1027	
-0.571211	0.590190	3620	
-0.747137	0.251630	4410	
0.165479	0.534842	1941	
-0.178865	-0.707692	1498	
0.732069	-0.253639	1137	
0.042938	-0.622265	6049	
-0.289374	-0.672526	1765	
0.691510	0.379743	5988	
0.206748	0.370536	2122	
0.552247	-0.536329	2270	
0.337983	0.735479	327	
-0.301950	-0.488561	4032	
-0.930495	0.076673	1323	
0.506364	0.845449	6187	
0.313696	0.882821	5543	
-0.629063	-0.082960	2356	
0.654417	-0.237467	4418	
0.377285	0.205398	6202	
0.143749	-0.335819	3266	
-0.111961	0.584553	2135	
0.410913	0.559752	896	
-0.343520	-0.814911	3728	
0.389611	0.559679	1575	
0.313214	0.103697	6758	
-0.560278	0.672610	3280	
-0.501994	-0.094405	4882	
0.755570	-0.629700	6464	
0.037762	0.353009	762	
-0.688738	-0.542249	3376	
-0.205932	-0.767100	5094	
0.222859	0.704256	4652	
-0.429264	-0.387186	2336	
-0.215309	-0.757276	4983	
-0.618145	-0.700511	418	
-0.537033	0.834958	6015	
0.161443	-0.185877	6265	
0.459540	-0.297331	1699	
-0.164876	-0.444163	984	
0.676695	-0.048217	4671	
-0.045004	-0.569937	3125	
-0.332988	0.553180	2423	
-0.300314	0.581040	4918	
0.295044	-0.223207	2959	
-0.098486	-0.813450	3918	
0.390155	-0.067400	2083	
-0.391415	-0.848350	6868	
0.611179	0.045319	3294	
-0.791619	0.214720	1337	
0.030991	0.608031	2007	
0.153973	-0.548947	2342	
0.058424	-0.837892	4677	
-0.811596	0.247184	2534	
-0.841309	-0.042241	4956	
-0.453485	-0.883455	2760	
0.255541	-0.311440	4896	
0.178687	0.620977	1612	
0.124653	-0.505884	5797	
-0.732899	-0.365380	5644	
-0.266977	0.072171	3198	
0.531956	-0.426945	6261	
0.836133	-0.287575	3597	
0.456822	-0.881971	2738	
0.702506	-0.445022	3530	
-0.368880	0.462823	1958	
0.809975	-0.574977	6325	
0.223980	-0.165511	5656	
-0.057700	0.246062	308	
-0.349875	0.550269	3066	
0.323195	0.939526	6793	
0.590770	-0.034921	3494	
-0.709863	0.294823	3745	
-0.223267	-0.347177	663	
0.666066	0.479904	1649	
0.205350	-0.969531	6031	
0.170895	0.599475	1567	
-0.170859	-0.339845	1373	
0.765919	-0.441933	4813	
-0.275021	-0.628993	3973	
0.296906	-0.707494	2294	
0.769319	-0.160244	2583	
0.614594	-0.780250	732	
0.615294	-0.013200	4553	
-0.272728	-0.000534	6247	
-0.838309	0.201696	4765	
-0.356267	0.545901	3066	
0.382423	0.764222	756	
0.158609	0.717971	5077	
-0.292423	-0.636526	4887	
-0.441891	-0.638771	3115	
-0.271375	0.021291	6094	
-0.229439	0.303930	4271	
-0.928303	-0.346167	6489	
0.234140	-0.279684	3526	
-0.423046	-0.699794	4645	
0.173773	0.297837	1514	
-0.213340	-0.858390	3061	
0.697498	0.222309	659	
-0.161286	-0.681220	3858	
-0.046034	0.413507	3762	
0.039806	-0.431282	4260	
-0.232591	0.549710	5050	
0.974501	-0.191815	6364	
0.006194	-0.422520	4197	
0.614267	0.428660	391	
0.331381	-0.365353	2809	
0.298348	-0.151472	4450	
-0.989879	0.076512	2731	
0.745543	0.364964	6771	
0.049018	-0.545106	978	
0.817452	-0.044275	5216	
0.777881	0.440527	5227	
-0.447484	-0.375580	2645	
-0.031415	0.396755	6571	
0.383400	-0.261279	5485	
0.139454	0.843516	5972	
0.715395	-0.326227	1109	
0.052399	-0.991852	6703	
0.224697	-0.856207	5031	
-0.148596	0.923176	5467	
-0.879296	0.101144	3149	
-0.067583	-0.726613	2888	
0.125147	0.238285	346	
0.243311	-0.334690	1564	
0.682128	-0.564591	2365	
-0.040437	0.794173	4648	
-0.655460	-0.342395	2526	
-0.825870	-0.317891	3411	
-0.123877	0.629621	2974	
0.555074	0.288915	1721	
-0.686119	0.166565	2259	
-0.703717	0.377678	2790	
0.527582	0.459653	5875	
0.361492	-0.238605	4835	
-0.023141	-0.730015	2301	
0.560243	0.195413	5022	
0.734602	0.667463	1334	
-0.395224	0.722258	5065	
0.817718	0.553358	6287	
-0.873448	0.134114	3181	
-0.465372	-0.673408	4904	
-0.479201	-0.219294	2594	
0.089273	0.882093	4826	
0.568098	0.438032	6821	
0.655134	0.618091	5556	
-0.356708	-0.398214	485	
0.380489	-0.756850	5390	
0.068367	0.273665	6382	
0.649494	-0.456030	2345	
-0.471503	-0.275729	2632	
0.842011	-0.526990	6013	
0.194531	0.737914	4987	
-0.466824	-0.710231	1796	
0.351587	-0.380524	3824	
-0.716154	-0.161278	4557	
-0.828053	-0.195128	2484	
0.692398	-0.362912	507	
-0.324605	-0.693411	2964	
-0.579365	-0.251777	5621	
0.324326	-0.435909	3124	
-0.420271	-0.335852	2058	
0.005644	-0.224839	3960	
-0.842848	0.403229	6777	
-0.051514	0.933840	6529	
-0.205712	0.127479	4339	
-0.574417	-0.171276	1403	
0.437866	-0.299848	1767	
0.255166	-0.751277	2711	
-0.724026	0.394035	3785	
0.322426	0.118049	6346	
-0.762181	0.303343	5325	
-0.327271	-0.449500	3216	
0.764666	-0.023183	615	
-0.825463	-0.061807	3449	
-0.152839	0.705086	5713	
0.395639	0.458650	6900	
0.516639	-0.720301	4689	
-0.178925	0.975855	6814	
-0.364537	0.104507	2891	
-0.610092	0.082766	1454	
-0.155881	0.835932	6447	
0.480308	0.681805	5604	
0.600600	0.630784	2524	
0.139339	0.560132	2330	
0.251228	-0.448841	5585	
0.407922	0.662912	1988	
0.496473	0.585965	6806	
0.627108	0.418975	1225	
0.019080	0.785539	4774	
0.143419	0.658027	4957	
-0.698164	-0.487946	4501	
0.185956	0.917496	6144	
-0.459693	-0.813198	5664	
-0.384412	-0.446977	3761	
0.619473	-0.455411	1083	
-0.316834	-0.517152	707	
0.977009	0.180059	2091	
0.266679	0.416276	1027	
-0.071568	0.932569	6871	
0.811708	0.013983	2114	
0.513907	-0.667408	4146	
-0.457284	0.347488	3877	
0.144238	-0.208972	6901	
0.263862	-0.283160	5350	
0.264995	0.002937	6390	
0.727756	-0.674646	6150	
-0.750353	-0.265418	3940	
0.101886	0.285452	6531	
0.571597	0.411250	6548	
0.226334	0.603197	4889	
-0.050947	0.349983	6700	
-0.490281	-0.482773	3392	
-0.377370	0.065380	4477	
0.748387	0.271865	1434	
0.748002	-0.178924	2040	
0.526213	0.586689	6476	
-0.577538	-0.370971	3000	
-0.168823	-0.918900	5809	
-0.739824	0.276689	5257	
0.632567	-0.605772	2339	
-0.302083	0.155919	6220	
-0.412040	0.902741	6515	
0.346827	0.387544	6797	
0.494837	0.569692	5187	
-0.216073	-0.698045	4462	
0.840122	-0.111122	5283	
0.972546	0.202323	5000	
-0.577139	-0.579960	3661	
0.090350	0.536687	2219	
-0.154722	0.158544	366	
-0.024732	0.752372	4949	
-0.702418	-0.354339	3201	
0.278055	0.109681	6154	
-0.328831	-0.121490	3551	
0.284006	0.372013	350	
-0.799749	0.113906	4580	
-0.810859	-0.120958	1686	
0.061838	-0.678959	4039	
0.257003	0.959625	6861	
0.350832	-0.313428	2286	
0.876381	0.326546	5096	
0.189507	-0.457398	6095	
-0.353705	-0.864588	6675	
0.609838	-0.310135	5176	
0.135501	-0.436035	4244	
-0.189530	-0.159787	679	
-0.166975	-0.679633	4486	
0.909433	0.400076	5950	
-0.102391	-0.409341	2686	
-0.269044	-0.184692	1684	
-0.031598	0.256964	1288	
-0.367012	0.922315	613	
-0.645762	-0.448942	2070	
-0.037757	0.890058	5546	
0.198876	0.740785	4642	
0.541759	-0.438676	975	
-0.980621	0.143240	6513	
0.392762	-0.019084	1915	
-0.103264	-0.785275	3500	
0.162327	0.391853	2008	
0.015780	0.301362	6039	
-0.260655	0.751589	2202	
-0.626100	-0.625049	3264	
-0.933421	0.040005	5833	
-0.840253	0.131038	5121	
-0.268223	0.066112	3198	
0.193077	-0.788888	3671	
0.922174	-0.146764	5692	
-0.172951	-0.634790	3222	
0.045516	-0.680409	6427	
0.654828	-0.415160	536	
-0.633143	-0.049858	5780	
0.060503	0.636248	2005	
-0.428356	0.569832	1144	
-0.835324	0.161794	1677	
0.574824	-0.809946	6020	
0.641196	-0.679365	5348	
0.210033	-0.664773	767	
-0.268993	-0.631526	4757	
-0.394361	0.796495	2394	
-0.587603	-0.176861	1403	
0.536050	0.770495	1163	
-0.709843	0.193924	3756	
0.529216	0.311861	6673	
-0.554873	0.160330	1784	
0.151452	0.643513	4059	
0.907760	-0.401220	5999	
0.776098	0.372547	558	
-0.144172	0.167057	823	
0.058075	0.991839	6165	
0.286672	-0.951053	6030	
0.603228	-0.585142	1668	
-0.323163	0.745368	3409	
0.184117	0.303729	1831	
-0.274134	-0.439420	5750	
0.692235	0.056480	4981	
0.246103	-0.635937	661	
-0.238471	-0.281261	2917	
0.225368	-0.294122	5688	
0.237753	0.687391	4948	
0.811623	0.018826	2114	
-0.043864	-0.681641	2357	
-0.384249	0.394912	3254	
-0.086414	0.886661	4334	
0.727412	0.068597	1066	
-0.552439	-0.107535	4027	
0.762996	-0.215975	2249	
-0.829574	-0.232090	2496	
0.412369	-0.784462	3565	
0.693914	-0.384602	779	
0.570302	-0.373461	2941	
-0.007292	0.262087	1288	
0.744423	-0.190245	1271	
0.230177	0.385231	2173	
0.324784	-0.618138	1926	
0.829201	0.183457	2288	
0.300770	0.384410	289	
0.257271	0.559994	4006	
-0.247325	-0.295790	4452	
0.008720	-0.623845	6107	
0.822296	0.136839	1848	
0.256921	0.567901	2285	
-0.389942	-0.754868	4397	
0.384775	-0.489101	963	
0.041836	-0.469619	4203	
-0.287361	-0.556365	2481	
-0.752503	0.192428	1460	
0.173145	0.568799	1604	
0.730068	-0.372174	4292	
-0.846291	0.031407	3883	
0.687309	0.102771	4972	
-0.470564	-0.358670	2878	
0.158913	0.342678	2002	
0.235872	0.965127	6092	
0.979428	0.166553	1397	
0.697559	0.361793	6284	
0.269435	-0.537874	955	
0.178005	-0.743895	5908	
0.336701	0.517855	6438	
-0.604121	0.522205	3933	
-0.688597	0.374170	2572	
-0.435377	0.891731	2728	
-0.555751	0.750582	4495	
0.085883	0.751407	1679	
0.722813	-0.249477	565	
0.423572	-0.800499	4417	
0.889949	-0.282639	5413	
-0.357691	0.504690	2465	
0.979375	0.166756	1397	
0.136120	-0.436277	4233	
-0.648786	-0.605536	2723	
0.804220	0.583889	6273	
0.627162	-0.373337	1124	
-0.354539	-0.768918	3993	
0.236297	-0.073589	6351	
0.116731	-0.172117	856	
0.127005	-0.851632	3878	
0.027435	-0.933819	3735	
0.971689	-0.206387	6626	
-0.717777	0.457325	4877	
-0.121485	0.576273	2157	
-0.575173	-0.546940	2707	
-0.625949	-0.042106	5780	
-0.784736	0.126195	3852	
-0.512531	0.535186	5431	
-0.191803	0.723439	6291	
-0.757252	-0.142673	3323	
-0.014699	0.665809	5668	
-0.073161	-0.475167	4488	
-0.840225	0.278447	3277	
-0.913186	-0.198122	6206	
-0.402073	-0.684960	4707	
0.920050	0.372203	1720	
-0.927017	0.116347	4468	
-0.725672	0.466469	3402	
0.474431	-0.131862	2175	
0.443267	0.062253	2353	
0.896596	0.263728	5574	
0.264214	0.020407	950	
-0.749017	0.213841	5172	
0.077818	0.614525	1873	
0.855636	0.238405	5607	
-0.624041	0.534284	3826	
0.128557	0.652902	4957	
-0.270960	0.894725	6334	
0.211565	0.471584	5766	
0.236673	-0.320938	4896	
0.347103	0.626831	1577	
0.069963	0.314744	6362	
0.570839	0.745575	5246	
0.783630	-0.056804	2261	
0.287967	-0.176079	1450	
0.732876	0.239671	311	
-0.945350	0.295590	667	
-0.310114	-0.092631	2194	
0.325670	-0.168222	2472	
0.941025	-0.312940	6495	
0.039787	0.808642	4408	
-0.617376	0.029488	1245	
-0.368702	0.695925	3367	
0.345892	-0.929464	6019	
-0.285032	-0.432479	5750	
-0.501548	-0.788066	5622	
-0.252316	-0.686262	4890	
0.224344	0.785886	4938	
-0.368419	0.482085	5044	
0.152679	-0.549334	2342	
0.519431	-0.441495	3345	
-0.666224	0.390845	2754	
-0.030331	-0.481820	6113	
0.440259	-0.243196	2649	
-0.125381	-0.420973	3227	
0.366844	0.583315	1861	
-0.511582	-0.306568	3915	
-0.926468	-0.122841	3815	
0.598161	0.117560	3001	
0.345630	0.689753	2046	
0.706077	0.391540	4979	
-0.671761	0.382812	2754	
0.182467	0.313380	1831	
-0.723871	-0.677380	6026	
0.036569	-0.243835	948	
0.211436	0.699800	5097	
0.232467	-0.083592	6211	
-0.764444	0.451871	4876	
0.201199	0.777370	5218	
-0.344577	-0.645014	1381	
-0.874932	0.134285	3181	
-0.002256	-0.682033	2096	
0.795614	0.299186	1744	
0.526434	0.470077	6858	
0.101018	0.852693	2229	
-0.575783	-0.535771	2707	
-0.477702	-0.409453	3740	
-0.612992	0.623607	2975	
-0.414240	-0.543639	2646	
0.662094	-0.214375	4574	
-0.365988	0.715041	4066	
0.615271	0.535209	1367	
-0.234800	0.709378	769	
-0.707732	-0.367589	3577	
-0.341978	-0.219925	4240	
-0.243642	-0.781106	3742	
0.064525	0.693545	2488	
0.012538	-0.575981	5339	
-0.105108	-0.877875	2558	
0.655136	-0.200644	4574	
0.746047	0.191570	336	
-0.794667	-0.052790	4891	
-0.477442	-0.747500	3522	
0.262664	0.428247	1027	
0.744533	0.571846	6353	
0.682262	0.586894	5418	
0.304526	0.033839	4696	
-0.008186	-0.398804	2797	
0.193804	-0.465367	1472	
0.431761	-0.337232	1957	
-0.697221	0.489708	4600	
-0.356318	-0.114185	6061	
-0.017456	-0.933774	5694	
-0.314910	-0.939531	5986	
-0.481138	-0.600291	2639	
-0.372856	-0.728305	4055	
0.530912	-0.678892	4592	
-0.713577	0.690409	2671	
-0.523351	0.099343	2055	
-0.258767	0.080024	3198	
-0.257116	-0.739554	3347	
0.470212	-0.101595	1422	
0.639100	-0.676572	5348	
0.222836	-0.123426	2850	
0.605528	-0.787424	2759	
-0.474068	-0.295928	2918	
0.399117	-0.311111	1921	
0.601567	-0.553888	4903	
0.591406	-0.028430	3778	
-0.595727	-0.149454	5564	
0.525117	-0.112995	1533	
0.223199	0.632069	4703	
0.161116	-0.712140	678	
-0.734767	0.034343	1326	
-0.058337	0.990797	2498	
0.430731	0.045784	2952	
0.933449	0.033095	5371	
-0.246579	-0.026112	1169	
-0.433243	-0.529129	2595	
0.081611	-0.439801	4789	
0.060036	0.329064	1192	
-0.009904	0.374519	6173	
-0.503874	0.787246	6830	
-0.727124	0.676638	430	
0.052020	0.270603	806	
0.206370	0.596265	1430	
-0.677876	-0.725950	6641	
-0.646280	0.549871	4038	
-0.187926	-0.771535	5103	
0.134191	-0.206525	6901	
-0.482206	-0.404315	3740	
-0.639595	-0.680680	559	
-0.214878	-0.695415	1568	
0.701220	0.704339	3862	
0.162094	-0.776793	2511	
0.702829	0.210136	447	
-0.173908	-0.918216	5809	
-0.104117	-0.412322	2686	
0.530750	0.324794	6673	
-0.570309	-0.012609	5767	
-0.639837	-0.251595	3789	
-0.782306	0.334036	4138	
0.578449	0.646885	4895	
-0.766967	0.084717	3131	
0.510689	-0.521778	1600	
0.787900	0.232519	1652	
-0.110146	0.928642	4566	
-0.102973	-0.226671	665	
0.153951	-0.760928	2511	
0.547490	0.443671	5685	
0.785611	0.511834	5088	
-0.861524	0.212951	2856	
0.098787	0.930732	6430	
0.948376	-0.292226	6809	
-0.262391	-0.682209	4890	
-0.159272	0.190823	6570	
-0.250230	0.512772	3163	
0.298712	-0.835728	4440	
-0.078765	0.706382	2033	
-0.127978	0.676102	5800	
-0.215010	-0.535670	4368	
-0.307309	0.540607	5495	
-0.569285	-0.388210	1246	
-0.530209	-0.325796	3980	
-0.132790	0.366927	5759	
-0.364431	0.453996	5307	
-0.615644	0.495988	4374	
-0.091789	-0.385317	2581	
-0.545426	0.759221	6395	
-0.595272	-0.526506	3628	
0.544593	0.237347	2036	
0.097955	0.321495	4686	
-0.655888	0.336513	3427	
-0.251068	0.532827	5043	
0.389274	-0.382080	3064	
0.255020	0.457950	3937	
-0.640344	0.195061	4056	
0.930795	0.341774	6786	
-0.166004	0.213775	834	
-0.471107	0.569139	5098	
-0.960386	-0.211912	6599	
-0.472187	0.483759	6096	
-0.455685	-0.223214	1787	
0.189878	0.869417	6051	
-0.658400	0.742922	6477	
-0.688077	-0.631171	6646	
0.884021	0.029772	4855	
-0.949885	-0.277360	2813	
0.689368	0.426613	5277	
-0.848150	-0.058623	4956	
-0.492609	0.739613	3314	
0.740711	-0.658209	2677	
0.287606	0.713007	399	
0.182116	-0.210624	523	
0.847746	0.030796	4754	
0.279208	-0.362456	3106	
0.371159	-0.921303	2678	
-0.166916	0.762734	4106	
-0.002956	0.856866	4073	
0.258550	0.353435	382	
0.177731	0.300073	1514	
-0.161975	0.569922	2629	
0.150063	-0.472848	1224	
-0.653497	-0.747562	2673	
0.694256	-0.548286	5341	
0.107827	0.327595	4346	
-0.232096	0.150038	389	
-0.432475	-0.774878	4616	
0.807285	0.090751	1205	
0.717653	-0.311927	1107	
0.580487	0.136645	5760	
0.109390	0.527880	1674	
-0.218328	0.620053	5046	
0.552462	-0.825470	2684	
0.082459	-0.539654	6058	
-0.481254	-0.617442	2639	
0.757301	0.636282	6266	
0.720498	-0.108749	664	
0.291250	-0.368467	3106	
-0.067839	-0.931262	3658	
0.298218	-0.285736	1748	
-0.228633	0.962894	5993	
0.328562	0.463003	6829	
-0.621646	-0.385790	2778	
0.769536	0.171839	1708	
-0.205624	-0.184553	6751	
0.308585	-0.788780	3425	
0.499908	0.009633	5749	
-0.690094	0.630668	413	
0.114647	0.271753	1981	
-0.661226	0.741337	6477	
0.659649	-0.594787	4650	
-0.564812	-0.813918	6024	
0.946460	-0.265822	6499	
-0.154418	0.780959	5787	
-0.654833	-0.257354	3789	
0.223598	0.545116	1339	
0.287704	-0.223974	2959	
0.091080	-0.751168	912	
0.987164	0.111654	2228	
-0.562793	0.687653	3280	
0.981669	-0.151560	6502	
0.775702	-0.130985	2225	
-0.575973	0.251412	5026	
0.298752	0.382883	289	
0.216660	0.833321	4922	
0.393942	0.569099	1575	
0.472815	0.584989	5455	
0.885630	-0.295906	5818	
-0.751871	-0.260933	3940	
-0.329904	0.146974	1909	
0.004320	0.650305	5057	
-0.445827	0.764894	2979	
-0.493217	-0.733802	3152	
-0.191638	-0.303229	3157	
-0.407013	0.776790	2368	
-0.746322	-0.280580	3940	
0.202673	0.411116	1003	
0.494517	-0.540582	2884	
0.256031	0.411978	898	
-0.220495	0.955295	5993	
0.416974	-0.276844	1853	
-0.541647	0.194586	2053	
-0.565850	-0.147162	1173	
-0.626569	-0.770202	6558	
-0.358758	-0.254713	749	
-0.328378	-0.599987	5129	
0.653719	0.497609	1821	
0.513401	-0.471493	4731	
-0.032781	-0.419672	3936	
0.398471	-0.571862	2128	
-0.427538	-0.556151	881	
0.093147	-0.529581	6224	
0.449257	-0.646304	4781	
0.435481	0.532110	890	
0.662490	-0.174060	4024	
0.843386	0.025678	4754	
0.218489	0.519451	5509	
0.117144	-0.420232	4233	
-0.793635	0.151884	1361	
-0.699768	0.547173	4385	
0.983521	0.127032	2228	
0.250343	0.065674	6917	
-0.775418	0.612591	2729	
0.439780	-0.767805	3542	
0.235607	-0.576555	512	
-0.252784	-0.572488	1954	
-0.134318	0.785564	4782	
-0.099866	-0.259574	6391	
0.252072	0.456597	3937	
0.992304	0.046214	6415	
-0.548915	0.570870	4284	
0.166343	-0.180999	4250	
-0.668317	0.321708	3427	
-0.327427	-0.367796	3900	
0.316356	-0.755632	4332	
-0.804309	0.365229	2817	
0.477842	-0.398450	928	
0.562624	0.124014	1239	
-0.583822	0.068754	5478	
0.262457	-0.284532	5350	
-0.659461	0.220501	4000	
-0.557024	0.064758	3564	
-0.410074	0.840027	6315	
0.331084	0.407276	1736	
0.279614	0.335302	382	
0.498778	0.794844	6604	
0.707376	-0.175717	580	
0.157746	-0.547858	2483	
-0.360410	-0.599094	1235	
0.466494	-0.260222	1714	
0.654277	0.411153	5209	
-0.099282	-0.692638	3845	
0.110373	-0.463092	842	
-0.477585	-0.409590	3740	
0.499353	-0.023535	1238	
0.367987	-0.183508	4017	
-0.179502	0.976193	6814	
-0.675282	0.646045	413	
0.938441	-0.303024	6495	
0.045388	-0.990878	6703	
0.462983	0.769587	5093	
-0.141611	-0.754639	2532	
-0.594342	0.312677	3336	
-0.478802	-0.347716	4279	
0.347991	0.538153	6438	
0.227740	0.429719	4295	
-0.145702	0.733572	5060	
0.708153	0.326741	307	
0.717445	-0.274549	1139	
0.158932	-0.446236	969	
0.175658	0.794652	5815	
0.605449	-0.130056	4539	
-0.721598	-0.318780	3186	
-0.674369	-0.366712	2474	
-0.076262	0.747880	2095	
-0.555513	0.072921	3192	
-0.809288	0.466923	5960	
0.263579	0.854270	5385	
0.126008	0.275616	1981	
0.783796	-0.055813	1493	
-0.633464	-0.046762	5780	
0.253689	0.756013	1940	
0.365633	-0.781071	5498	
-0.855243	0.375994	3843	
0.439066	0.644762	1435	
0.391305	-0.793612	5521	
0.178310	-0.977045	2769	
0.365638	-0.096647	1993	
0.593781	-0.664043	3004	
0.023216	0.935358	6564	
0.879990	0.060197	4683	
-0.041341	-0.933387	3850	
-0.932853	-0.052370	3782	
-0.567387	-0.063864	5567	
-0.345893	-0.005607	2573	
0.116120	0.661928	4868	
0.260308	-0.062947	6178	
0.434302	-0.826851	6419	
0.092288	0.718291	2570	
-0.215157	-0.421834	611	
-0.692385	0.371031	2572	
0.210603	-0.569944	4606	
0.635104	-0.476199	3554	
0.661477	0.231559	5201	
0.289973	-0.616324	4988	
-0.607518	-0.509137	2913	
-0.804599	-0.264913	5126	
0.438025	-0.824838	6419	
-0.756143	0.383780	5711	
0.089581	0.264979	509	
0.133436	0.613269	2531	
-0.202875	-0.549428	873	
-0.592307	0.245607	5026	
0.706278	0.407183	4979	
-0.378397	-0.157202	745	
-0.922137	-0.150859	4661	
0.334377	0.588952	6421	
-0.734020	0.232154	5508	
-0.361884	0.516743	2465	
-0.455460	-0.570912	947	
0.056461	-0.273815	6286	
0.266539	-0.772522	3444	
0.099311	0.751915	3128	
-0.602389	-0.193301	2307	
0.616327	-0.529511	4902	
0.183943	0.650121	1786	
-0.221337	0.908299	6905	
-0.017785	0.646374	5668	
0.348852	0.581864	4800	
0.120333	0.481225	1162	
-0.585513	0.047750	5733	
-0.689957	0.002687	5180	
-0.289364	-0.532299	863	
0.582671	-0.185984	4447	
-0.075877	-0.604419	840	
-0.002956	-0.697864	2126	
-0.484140	-0.146736	1737	
-0.301595	0.946477	6012	
-0.240436	-0.657795	1538	
-0.691627	0.628519	3811	
0.294702	0.685805	5378	
-0.817175	0.066045	3274	
-0.730487	-0.066124	1675	
0.815776	-0.350787	2142	
0.174781	0.776338	5188	
0.664843	-0.145185	5314	
-0.263811	0.226948	3219	
0.632212	0.513768	1069	
0.587131	0.033558	2012	
0.074191	0.434490	2332	
0.079416	0.841463	2014	
0.992125	0.050473	6415	
0.368770	-0.140559	3009	
0.543115	0.647068	6852	
0.787138	0.605602	1332	
0.925502	-0.123018	6719	
0.547089	0.529205	6706	
0.526358	0.592392	6077	
0.690068	-0.504341	1760	
-0.596559	-0.209825	5620	
0.815605	0.173365	1819	
0.105682	0.572478	5080	
-0.380701	-0.564943	2692	
0.892137	-0.432355	6512	
0.270106	0.009524	6390	
0.586903	-0.507391	2276	
0.130376	-0.307696	1985	
-0.370807	0.098300	2891	
0.122182	-0.686633	4942	
0.023689	-0.249572	948	
-0.389944	0.389067	2786	
-0.017864	-0.331659	4355	
-0.143249	0.586822	3374	
0.216108	-0.357015	5704	
0.765532	-0.155118	2583	
0.845522	-0.265556	4170	
-0.617334	-0.142120	2362	
0.850034	-0.513912	2685	
0.692356	-0.372827	507	
0.615294	-0.013640	4553	
0.501569	-0.151490	2764	
-0.837638	0.131686	5269	
-0.495740	-0.263827	3047	
-0.752107	-0.164899	3355	
0.380501	0.782869	6533	
-0.345801	-0.498873	5707	
-0.123241	0.985653	6827	
-0.584349	0.729436	6752	
0.544860	0.438684	5685	
-0.771381	-0.080300	3283	
-0.827893	0.548617	319	
-0.859912	0.365130	3843	
0.638101	0.267708	5023	
0.773530	0.056634	1030	
0.138804	0.343009	2654	
0.457520	-0.615951	3244	
-0.296668	-0.225848	3572	
0.004959	-0.697820	2689	
-0.183700	0.574526	4644	
-0.799727	-0.388727	2600	
0.878814	0.461627	6136	
0.397063	-0.058598	2083	
-0.168078	0.316213	3721	
0.819105	0.454584	5448	
-0.644275	-0.348850	2315	
0.390575	0.454338	6900	
-0.776525	-0.619370	6027	
-0.625087	0.076526	1454	
0.234196	0.511979	5552	
-0.884380	-0.002004	2648	
-0.589961	-0.600623	5359	
0.130530	0.240205	346	
0.750788	0.411752	5381	
0.369450	-0.164128	3009	
-0.432381	-0.455918	4558	
0.759549	-0.420722	4802	
-0.433007	0.828265	4081	
-0.237537	-0.961400	6859	
-0.009593	0.319801	2784	
-0.614957	0.071058	1541	
0.292101	0.066394	1943	
0.533119	-0.108166	4464	
-0.428045	-0.660254	4614	
0.131338	-0.435526	4244	
0.035020	-0.480301	4203	
0.232276	-0.301000	5436	
0.204140	0.645266	1928	
0.527582	0.459653	5875	
0.022079	0.993220	2663	
0.538528	-0.311090	4264	
0.004651	-0.447013	4841	
0.488877	-0.121458	1387	
-0.364139	-0.634291	1381	
0.367878	-0.449802	991	
-0.624723	0.515979	3826	
0.504634	0.051502	4585	
-0.291989	0.888081	6226	
0.686246	-0.246709	687	
0.583546	-0.127785	3638	
0.133804	-0.554396	2342	
0.264619	-0.957419	6006	
0.190293	0.629827	2071	
0.517295	-0.145042	2973	
-0.609763	0.708316	4446	
0.410827	-0.684998	4678	
-0.172538	0.918970	5724	
-0.271460	-0.005788	6913	
-0.231042	0.904477	6618	
0.715049	-0.140512	593	
0.599833	0.051780	2237	
0.548421	0.671625	614	
0.556067	0.320440	6135	
0.728160	-0.016495	4054	
0.469031	-0.706492	4978	
0.525417	0.701226	798	
0.793029	0.409517	6134	
-0.340352	-0.869814	6894	
0.577528	0.541336	5600	
0.389284	-0.613584	1829	
0.671983	0.089980	2720	
-0.305613	-0.936874	5986	
0.556935	-0.346126	5924	
0.329946	-0.329990	2544	
-0.503341	0.787620	6830	
0.494213	-0.196269	2933	
-0.990155	0.075943	2731	
-0.787949	-0.340961	1448	
0.181485	-0.796739	4206	
-0.798668	-0.376926	2271	
0.832925	0.542022	6694	
0.441309	-0.379024	1025	
-0.184117	-0.372518	2305	
0.105177	-0.614553	3962	
0.667486	-0.416390	2317	
-0.136362	-0.458305	987	
-0.177214	0.785600	5892	
-0.733262	-0.021329	2386	
-0.226567	0.103194	539	
0.198896	-0.345667	5477	
0.601280	0.721504	370	
0.578836	0.391947	1343	
-0.574169	-0.510478	2597	
0.377367	0.168429	5952	
-0.083751	-0.321411	3017	
0.672016	0.087014	2720	
-0.195012	0.590424	4739	
0.980515	-0.158613	6502	
0.419642	-0.459431	524	
0.407506	-0.710375	4933	
-0.554307	0.488627	2985	
0.001207	-0.682797	2096	
-0.186947	-0.357618	2305	
0.766933	0.215780	1447	
0.504332	-0.134753	2963	
0.406344	-0.044852	2021	
-0.658135	0.336342	3427	
-0.120261	-0.982663	829	
0.066600	0.666359	2361	
0.308874	-0.540470	515	
0.681219	-0.407351	2372	
0.375601	-0.587091	2566	
-0.738187	0.664912	402	
0.019864	-0.441954	4502	
0.707185	-0.166525	419	
0.955901	-0.269766	6499	
-0.553441	0.422431	2656	
-0.400971	-0.894936	6004	
-0.612061	-0.129660	2362	
-0.659954	0.210008	4042	
-0.318298	-0.790390	2799	
-0.227291	-0.483734	3379	
-0.019882	0.634000	5669	
-0.833813	-0.420436	6855	
0.263383	0.466757	3937	
0.205186	-0.864310	5064	
-0.044838	-0.850026	5646	
-0.145072	0.267107	939	
-0.631764	-0.366475	2350	
-0.530406	-0.015296	2937	
-0.376029	0.403829	3254	
-0.467135	-0.509973	2712	
-0.670037	0.543773	4399	
0.410898	-0.026998	2808	
-0.602797	-0.310638	2962	
0.417651	-0.216394	1938	
-0.260087	0.850506	4330	
0.902490	-0.239794	630	
-0.688155	-0.711198	6641	
0.679143	0.725639	6538	
0.971687	0.200991	5000	
0.234567	-0.492677	2464	
0.418083	-0.262022	1801	
0.084589	0.578616	4851	
-0.275862	-0.752100	4479	
-0.177171	0.976538	6814	
-0.680119	0.367112	2572	
0.304439	0.441560	5161	
0.556970	0.170410	4626	
-0.239943	0.190823	1693	
-0.347522	0.481918	5056	
0.236700	-0.147182	5398	
-0.388777	0.435605	5396	
0.454225	-0.005531	1375	
-0.721419	-0.463881	2779	
0.154015	-0.713711	640	
-0.196029	-0.105985	831	
-0.321839	-0.007694	2130	
-0.350478	0.624425	1047	
-0.932450	0.058330	6121	
-0.164317	-0.739975	2971	
-0.695671	-0.398468	5683	
0.395392	-0.232017	1318	
0.712431	-0.403147	3544	
-0.666314	0.022031	3046	
0.986623	-0.114884	6011	
0.076133	-0.357064	2559	
0.606176	-0.126180	4539	
-0.442371	0.723783	5315	
-0.744981	0.250226	4410	
-0.482055	0.612690	3247	
0.129038	0.889055	4790	
0.542844	-0.831766	2684	
-0.304678	-0.834272	2932	
-0.243831	-0.638566	4845	
-0.947671	-0.289228	6679	
0.138597	-0.800380	3316	
0.248976	-0.823997	3832	
-0.789861	0.497838	5963	
-0.512182	-0.282751	3488	
0.901558	-0.414846	2815	
-0.207030	-0.255618	2100	
-0.170533	-0.460972	984	
0.696618	-0.392874	2541	
0.715351	-0.600358	6213	
-0.722626	0.146238	1961	
-0.542561	-0.106631	3302	
0.389838	0.852543	6446	
0.359984	-0.156220	3009	
0.408604	0.197081	6723	
-0.794576	0.332821	5334	
0.545898	0.534659	6706	
-0.648464	-0.672351	496	
-0.407585	-0.840690	6713	
0.042064	-0.781474	5793	
-0.752417	0.471739	3561	
-0.612577	-0.403194	1713	
-0.732329	0.069666	1340	
-0.643458	0.359935	1643	
-0.303142	0.797283	4743	
0.002684	-0.982324	5992	
-0.884644	0.072578	3541	
-0.502029	0.504742	1041	
-0.016119	0.579819	1878	
-0.171722	-0.490119	2283	
0.922804	-0.367603	6033	
0.125685	0.538029	3318	
0.850238	-0.386038	6721	
-0.663481	-0.053686	3368	
-0.027316	-0.887514	5487	
-0.534198	0.037494	2758	
0.541219	0.474467	6858	
-0.171391	-0.550891	4761	
-0.051187	-0.240912	1884	
0.067805	-0.453243	4866	
0.900259	0.251438	6054	
0.085818	0.884710	4826	
-0.470291	-0.640123	5148	
0.361842	-0.811663	5595	
0.269981	-0.241518	2968	
0.827859	0.118373	2446	
0.674184	-0.063512	4671	
0.433024	-0.425027	704	
0.300340	0.668344	1219	
-0.619950	0.636243	3272	
0.674930	0.325646	504	
0.584845	0.160734	5105	
0.135768	0.537788	2210	
0.025378	-0.861104	2025	
0.021723	0.436578	2218	
0.554286	0.562798	6522	
-0.167734	-0.872515	3087	
-0.383466	0.516769	3039	
-0.736198	0.575715	6541	
-0.258425	-0.530136	866	
0.063959	0.634515	2005	
-0.733140	0.032862	1326	
0.053971	-0.334501	2131	
-0.090390	0.226408	6375	
-0.198227	0.285446	3102	
0.216284	0.962223	6142	
0.623225	0.641643	5311	
-0.247767	-0.754592	3876	
-0.755121	-0.458563	5866	
0.428682	0.638007	1435	
0.446001	-0.319129	2380	
0.110003	0.750928	3128	
-0.365876	-0.810103	3985	
0.023694	-0.545822	2506	
-0.685214	-0.157668	1520	
-0.727105	0.488305	3402	
0.582702	0.129161	5760	
-0.076549	0.840063	4672	
0.227645	-0.348746	1678	
0.153841	-0.192313	6265	
0.404793	0.467007	6540	
-0.625471	-0.104449	5814	
0.539474	-0.291094	4103	
0.874104	-0.467331	6597	
-0.954238	-0.275599	2813	
0.791141	0.600174	1332	
0.196161	0.566189	1604	
0.839679	-0.119220	5283	
0.392120	0.160262	2024	
0.020575	0.365627	1204	
-0.495881	-0.584529	2343	
-0.670620	0.307804	2445	
-0.120417	-0.495645	1892	
-0.221236	-0.022666	3642	
-0.096842	0.199817	820	
0.877074	0.010335	4378	
0.293962	0.379380	289	
0.724854	0.075950	1066	
0.511264	-0.727347	4689	
-0.404774	-0.279674	2188	
0.827505	-0.162771	4899	
-0.799293	0.484011	6280	
0.851710	0.039999	4473	
-0.164916	0.838269	6109	
-0.344722	-0.460663	3666	
-0.387841	-0.146687	906	
-0.685752	-0.634127	6646	
0.781402	0.580921	6273	
-0.257758	-0.765234	3876	
0.187444	-0.123590	331	
-0.308704	-0.051038	1844	
0.220148	0.386956	2584	
-0.358696	-0.366624	773	
-0.030561	-0.195603	817	
-0.125114	-0.720189	1806	
0.071129	-0.504549	6035	
0.435611	-0.762464	3542	
-0.428092	0.775355	3467	
0.241962	-0.473483	2320	
0.093181	-0.879887	3369	
0.134673	0.415708	2340	
-0.313881	0.717274	2255	
-0.533778	0.653064	2590	
-0.291108	0.099995	332	
-0.036322	-0.697071	2254	
0.678258	-0.029724	3748	
0.807506	-0.360222	1488	
0.862613	-0.492556	6329	
-0.158226	0.227357	1449	
0.247855	0.060164	6917	
0.627148	-0.369043	1124	
-0.933534	-0.036533	6409	
0.573205	-0.652771	2992	
0.108029	-0.614069	3962	
-0.205936	-0.813750	3048	
0.558464	0.393728	982	
-0.480521	-0.324983	4279	
0.232305	-0.751254	2987	
-0.860728	-0.168926	2953	
0.319958	-0.375565	3016	
0.280840	0.061646	2324	
-0.299183	-0.786868	4772	
-0.518918	-0.707313	3167	
-0.594049	-0.562389	4299	
-0.422987	-0.296127	2185	
0.438878	-0.121603	2602	
0.038136	0.352108	762	
0.618660	-0.633108	2897	
0.228129	-0.639984	1001	
0.120752	0.482035	1162	
-0.304382	-0.612369	5041	
0.114221	0.403287	1994	
-0.642958	0.185275	3414	
-0.177984	0.769126	5892	
0.145213	0.343215	2112	
0.018842	0.254673	914	
0.284021	0.427700	956	
-0.013596	-0.284035	3077	
0.220254	0.910193	293	
-0.164064	0.717109	5713	
0.544860	0.438684	5685	
0.560540	-0.174001	3148	
0.421684	-0.299971	2186	
0.226340	-0.331219	1678	
0.720650	-0.683531	6262	
-0.563249	0.089589	3665	
-0.199994	0.692026	5533	
-0.393647	0.741985	1818	
0.263391	-0.647424	1350	
-0.079832	0.931049	5566	
0.694429	-0.012974	2791	
-0.531712	-0.501546	5811	
0.432913	0.047906	2353	
-0.721267	-0.350006	3201	
0.145393	-0.715593	910	
-0.341086	-0.795974	3002	
-0.518052	0.384419	1335	
0.330095	0.758883	324	
0.991260	0.022234	2243	
0.242081	-0.387215	5773	
0.301249	0.438205	2839	
-0.492542	-0.174112	2605	
0.790755	0.067339	1030	
0.244078	0.308377	439	
0.778154	0.523539	1850	
0.183891	-0.865271	5008	
0.713910	-0.528287	1574	
-0.029136	0.349139	400	
-0.769769	0.170685	3945	
0.925465	0.361231	1720	
0.046451	-0.877447	3961	
0.468250	-0.808035	4072	
0.069218	0.727024	1619	
-0.581767	0.174577	3841	
0.864387	0.202293	5160	
0.534417	-0.765898	5305	
0.046396	-0.888881	2770	
0.835693	0.148817	2387	
0.139018	0.983732	6680	
0.218494	-0.059717	1020	
0.855109	-0.209090	4057	
-0.794257	-0.053827	4891	
-0.273643	-0.563069	2417	
0.440655	-0.294784	2349	
-0.293910	0.519522	4994	
0.128613	-0.480105	874	
0.331957	0.797533	1766	
0.434842	-0.123548	2602	
-0.167321	-0.979159	2735	
-0.053691	-0.329412	4373	
0.735501	-0.420425	5150	
0.294114	-0.706361	2294	
0.371113	-0.641577	4900	
0.799663	0.488967	4317	
-0.571653	0.397602	1353	
-0.241054	-0.288695	4452	
-0.750266	0.650543	966	
0.354650	0.569958	1861	
-0.303853	0.678980	1080	
0.674328	0.328487	504	
-0.383740	0.488516	5249	
-0.237998	-0.691075	1828	
-0.823171	-0.245868	5488	
0.451288	-0.717917	4613	
-0.253729	0.604875	1682	
0.360946	-0.033337	4976	
0.201436	-0.823058	4776	
0.624375	-0.694867	4509	
0.243654	-0.530472	3682	
0.052199	0.855754	4635	
0.687993	0.374707	5988	
0.598105	-0.163454	4124	
0.384959	0.706708	4998	
-0.523341	-0.526436	1191	
0.397557	-0.554183	4163	
-0.305341	0.147760	281	
0.349555	0.506030	6883	
0.419153	0.900301	1866	
-0.621351	-0.358482	2382	
-0.870961	0.060536	3864	
0.229159	0.851593	4999	
0.617471	0.655646	5440	
0.534488	0.682547	1072	
0.404010	0.695080	4413	
0.557277	-0.820303	5982	
-0.098562	0.987811	6052	
0.490767	-0.310149	3472	
-0.867024	0.483422	6510	
-0.289871	0.173717	6232	
-0.600974	0.040975	1245	
0.079589	0.262917	634	
0.582333	0.643825	4895	
-0.535806	0.051377	2758	
0.832149	-0.542252	6013	
0.127515	-0.137617	3699	
-0.066870	-0.355148	469	
-0.464761	-0.502028	2982	
-0.577095	-0.256738	5621	
0.684106	-0.720329	1213	
0.445918	0.525421	5234	
-0.598038	-0.068310	1481	
-0.810895	0.353541	2817	
-0.674435	0.166236	1076	
0.880674	0.314218	6310	
-0.127270	0.239560	930	
-0.301391	0.052811	552	
0.327345	-0.436877	3124	
-0.193252	-0.483783	2419	
-0.882643	-0.306325	4412	
0.617596	-0.322655	4220	
-0.276949	-0.624351	3973	
-0.698691	-0.084037	1432	
-0.321734	-0.813885	3003	
0.882414	0.087920	3784	
-0.540173	-0.249501	5684	
-0.590184	0.642784	2874	
0.874972	0.145535	5071	
-0.257988	0.898532	6334	
-0.107588	-0.537296	3185	
0.386062	-0.306689	1921	
0.796165	-0.111213	2653	
0.628121	0.770183	6435	
-0.148908	-0.308141	3253	
0.581428	-0.672076	3833	
0.339264	0.502225	6692	
0.646468	0.225910	714	
-0.592409	-0.563887	4299	
-0.848204	-0.066341	4189	
-0.422728	-0.672402	4614	
-0.657908	-0.538226	3190	
0.424824	-0.593236	2258	
0.128387	-0.436875	4244	
-0.832017	0.014437	3679	
0.183000	-0.674388	4116	
-0.027276	0.629302	5669	
0.635189	-0.245260	5399	
0.162637	0.621072	1612	
0.423908	-0.553213	2193	
0.923975	-0.135170	5692	
-0.811355	-0.253701	5488	
-0.678427	0.208393	4000	
-0.789525	-0.217308	1650	
0.552911	0.273612	1721	
0.865709	-0.345359	4145	
0.615345	-0.702873	4509	
-0.463570	0.579745	5515	
0.571902	0.661935	4895	
0.632502	-0.250894	5079	
-0.717745	0.598391	6199	
-0.345763	-0.150892	4239	
0.040443	-0.888452	3045	
0.757672	0.368672	6771	
0.665644	0.611059	5531	
-0.034586	-0.681964	2357	
-0.169239	0.331910	5858	
-0.004500	0.754214	4949	
0.734354	0.299302	1573	
-0.297669	0.582525	4918	
-0.299641	-0.631319	4887	
0.801204	0.138191	4470	
0.325448	-0.259173	4646	
0.339823	-0.322994	2544	
-0.387855	-0.493404	1872	
-0.288586	-0.123830	2248	
0.092780	-0.575755	2606	
0.532652	-0.321102	5921	
-0.689520	0.482255	4717	
-0.242102	0.516342	2463	
-0.874768	-0.150587	3246	
-0.353237	-0.518115	801	
0.566955	-0.807143	6020	
0.254900	0.722952	1480	
-0.484925	0.365086	4985	
0.052856	0.377114	4500	
-0.199902	0.297053	3695	
0.261374	-0.285496	5350	
0.468634	-0.385358	1025	
-0.385245	-0.565828	3089	
-0.680532	0.639332	413	
-0.578889	0.116825	5846	
0.679027	-0.266265	474	
-0.507053	0.785214	6830	
0.254642	0.345458	378	
-0.355042	0.160350	3576	
0.499335	-0.045506	3757	
0.196474	-0.109333	318	
0.843304	0.523759	1518	
0.513997	-0.452167	3345	
-0.364423	0.042287	3056	
0.449173	0.605076	5473	
0.474816	-0.804013	4518	
0.849264	-0.496798	2685	
-0.238078	-0.656744	4750	
0.400655	-0.266995	1801	
0.761401	-0.597551	6637	
-0.341800	-0.805221	3003	
-0.763240	-0.375889	1479	
-0.616934	-0.069837	2356	
-0.884794	0.070916	3541	
0.398504	0.712491	4998	
-0.686245	-0.059137	4939	
-0.132299	0.866166	4636	
-0.679839	0.404039	2650	
-0.476574	-0.206477	2170	
-0.225972	0.745644	1942	
0.693474	-0.371070	507	
0.311239	0.088376	2003	
0.512904	-0.720415	4689	
0.416128	-0.600780	3680	
0.180897	0.393603	911	
0.714099	-0.129620	620	
-0.653253	-0.416658	2614	
-0.464453	0.576424	5515	
-0.678026	0.202080	4042	
0.544860	0.438684	5685	
0.460744	-0.050043	1772	
0.106820	-0.614265	3962	
0.567767	-0.377065	2941	
0.355479	0.505712	6883	
-0.421986	-0.597639	1310	
0.138491	0.810548	5852	
-0.082503	-0.880062	2588	
0.854635	-0.375933	6306	
0.335217	0.482450	6921	
-0.687169	0.070730	5335	
0.291259	-0.316605	5290	
0.990987	0.069240	6376	
0.054690	-0.518897	1189	
-0.134184	-0.717401	1646	
-0.271203	-0.794797	1724	
-0.436622	-0.431774	4541	
0.543143	0.721069	4692	
-0.171289	-0.677044	4486	
-0.299267	0.794647	4743	
-0.539559	-0.493273	2176	
-0.361250	-0.685952	3847	
-0.367417	-0.573565	642	
0.641956	0.276487	5023	
-0.698201	-0.428277	5420	
-0.583929	-0.437832	2401	
-0.258009	0.506027	3163	
-0.726699	-0.466394	2779	
-0.219657	-0.755873	4983	
-0.247296	-0.532295	866	
-0.690043	0.006310	5180	
-0.532644	-0.555263	1146	
-0.311810	0.644783	5429	
-0.030007	-0.198244	817	
0.433630	-0.590855	2258	
0.867435	-0.483849	6597	
0.105082	-0.689515	4087	
0.594509	-0.515382	2893	
0.801782	0.390560	322	
-0.868445	0.112100	3149	
0.535000	0.556574	1026	
-0.796614	0.072407	4719	
0.027702	-0.363140	785	
-0.246656	-0.644560	4845	
-0.721187	0.475321	1962	
-0.400120	0.423692	5654	
-0.073410	-0.679015	2705	
-0.038687	-0.793030	2525	
-0.342567	0.693076	2304	
-0.407243	-0.785620	4670	
0.143736	0.776285	4722	
-0.585999	-0.053112	1481	
0.418984	-0.272929	1801	
0.984409	-0.045930	6385	
-0.737588	-0.274467	3461	
0.558732	0.705281	6552	
-0.255472	-0.633932	4845	
0.544860	0.438684	5685	
-0.537886	-0.140388	5843	
0.488228	-0.099251	1410	
-0.605884	-0.516814	2913	
0.356651	-0.410374	3114	
-0.707675	0.026996	1369	
0.126651	-0.836700	3878	
0.354026	-0.378441	2935	
0.021295	-0.787320	3194	
-0.380165	0.502401	5606	
-0.333181	-0.819451	3003	
0.781666	0.142371	6062	
0.676182	-0.154968	5309	
-0.339472	0.522491	1530	
0.227566	-0.965380	6007	
-0.533253	-0.441493	6074	
0.442474	0.864425	5915	
0.926774	-0.114812	6677	
0.392425	0.174301	6732	
0.720622	-0.167757	419	
0.714873	-0.597535	6213	
-0.099046	0.288702	2047	
0.573828	-0.395570	6166	
-0.696627	-0.098839	1463	
-0.335584	-0.098257	2936	
0.556071	0.426228	6543	
-0.336494	-0.334316	4165	
0.546443	0.232043	2036	
-0.136234	-0.519477	3239	
0.619461	-0.283753	5422	
-0.000096	0.622814	5110	
-0.107188	-0.786888	3139	
0.477832	-0.330268	3453	
-0.033287	-0.392926	2612	
0.578563	0.651040	4895	
-0.200966	-0.912543	4439	
-0.758652	-0.240349	5442	
0.287338	-0.731988	2567	
0.736871	0.666977	1334	
-0.043082	0.396078	6571	
0.295176	-0.185235	5276	
0.224087	0.776490	4713	
0.605430	-0.047864	2289	
-0.256409	0.103119	3220	
-0.046992	-0.274713	2393	
0.151859	0.473419	3154	
0.422963	0.778787	443	
0.711807	-0.682308	6262	
0.316488	-0.347190	3036	
0.257421	-0.003249	6390	
-0.204422	-0.129141	364	
-0.252039	-0.848151	3342	
0.481190	-0.001656	5591	
-0.523637	0.424778	2274	
-0.520403	0.132768	723	
0.107447	0.555241	5047	
-0.498233	-0.790117	5622	
-0.409121	0.840413	6695	
-0.223621	0.610504	5046	
0.534875	0.837488	1752	
-0.219061	0.685679	4277	
0.479902	-0.015824	3350	
0.379998	0.000379	2177	
0.432679	-0.343094	3011	
-0.787056	0.030531	3655	
-0.735401	-0.664114	6026	
-0.408829	-0.798888	4670	
0.661613	0.154799	943	
-0.659401	0.742912	6477	
-0.347194	0.657250	5189	
-0.659083	0.457916	4694	
0.515820	-0.016389	1238	
0.067245	-0.727216	6455	
0.236168	-0.518111	3682	
0.858748	-0.080127	5535	
-0.060521	-0.486367	997	
-0.769550	0.040435	3787	
0.392166	-0.416166	1008	
-0.335731	-0.871644	6894	
0.433289	-0.772896	3542	
0.742439	-0.204531	1127	
0.141866	0.500905	1197	
0.472061	-0.629395	4554	
-0.402271	-0.745998	3816	
0.156507	0.637624	4059	
0.838183	-0.076621	5143	
0.515961	-0.677970	3888	
0.624995	0.387423	6102	
-0.083038	-0.680709	3156	
0.132664	0.589332	1834	
-0.922585	0.138500	4489	
0.584619	-0.654738	2772	
-0.289813	0.888867	6226	
0.585071	-0.000965	2907	
0.279734	-0.302061	1669	
-0.654353	-0.212361	4497	
0.383282	-0.229040	4927	
0.420743	-0.458396	524	
-0.754758	-0.318807	5282	
0.410113	-0.337153	2366	
0.847275	0.516451	1518	
0.022278	0.328555	1997	
0.782325	0.517004	5088	
0.215183	-0.294852	3584	
-0.746436	0.232080	4410	
0.413370	0.841428	6630	
0.835164	-0.124288	5609	
0.058959	-0.763327	901	
-0.016500	-0.817529	5510	
-0.934209	0.014188	3610	
-0.203339	0.971794	6014	
0.195114	0.414438	1379	
0.041603	-0.600187	5316	
-0.934343	0.001732	274	
-0.567575	0.190624	3573	
0.129221	0.628838	2531	
-0.145012	0.603308	4229	
0.116552	-0.730338	4091	
0.600541	-0.791276	2759	
-0.455581	0.350239	3877	
-0.928285	0.346331	6440	
0.655940	0.473403	1187	
-0.558270	0.749607	4495	
-0.294300	-0.243987	3589	
0.251831	0.722269	1480	
-0.650828	-0.267430	4530	
0.349214	0.510321	5135	
-0.016712	0.799575	4980	
0.763677	0.095050	404	
0.285778	0.527500	3621	
-0.545259	0.823375	6015	
0.921344	0.154960	4735	
0.799748	0.282481	2832	
-0.602398	-0.103936	5504	
-0.854139	-0.248573	3363	
-0.347622	0.708491	2886	
-0.853815	-0.507103	288	
-0.575125	-0.538001	2707	
0.233864	0.729015	1456	
-0.626138	-0.693147	559	
-0.470843	-0.244865	1845	
-0.814040	0.097997	4810	
-0.983962	-0.135525	6624	
-0.176495	-0.469635	2419	
-0.390309	0.913458	1965	
0.524927	0.645466	597	
-0.577370	0.804030	2751	
0.814657	0.244754	2620	
-0.256588	0.748663	2202	
-0.301760	0.734030	2869	
0.410573	-0.547724	3371	
-0.173937	0.728416	6291	
-0.096039	0.625916	3769	
-0.559031	0.690503	3280	
0.143497	0.608270	1755	
-0.718631	-0.313065	3186	
0.094712	-0.180645	3699	
-0.206113	0.968167	6014	
-0.549417	0.062658	3564	
0.107059	0.716967	2570	
0.448840	0.063480	2353	
0.845587	0.060563	4048	
-0.053154	-0.597064	5213	
0.795765	0.592833	1332	
0.035224	-0.696935	5709	
0.432460	0.044223	2952	
-0.476203	-0.803669	5664	
0.096017	-0.692061	4087	
-0.189302	0.971501	6814	
-0.313394	-0.532841	841	
0.044210	-0.465096	4203	
0.202383	0.697341	4808	
0.691978	-0.063063	4727	
0.399068	0.720994	4998	
0.071327	0.805321	1609	
-0.172575	0.178494	314	
0.459028	-0.567644	3173	
-0.282852	0.843047	3766	
0.288276	0.480014	3616	
0.401876	0.225187	6201	
-0.265356	0.957269	6003	
-0.733711	-0.231826	3416	
-0.582728	0.381602	1353	
-0.291549	-0.947455	6017	
0.539056	-0.567261	3292	
-0.591484	0.543323	4122	
0.782599	0.139219	6062	
0.724448	-0.589579	4109	
0.029802	0.297194	465	
0.286607	-0.183101	1450	
0.021845	-0.442028	4502	
-0.818277	0.189995	2700	
0.258054	-0.402858	1445	
0.169086	0.616602	1612	
0.553045	-0.642687	2969	
-0.227739	0.823117	6117	
0.019538	-0.729919	5730	
0.106249	0.355977	3702	
0.427823	-0.237685	2649	
-0.594409	-0.373594	6010	
0.260970	-0.406523	1445	
-0.670520	0.171015	3840	
-0.697016	0.134243	1839	
-0.603531	-0.139671	5564	
0.929517	-0.087400	6233	
-0.610557	0.278108	4934	
-0.568161	-0.588407	3407	
0.557458	0.593655	2841	
0.884342	-0.057899	2568	
-0.285883	0.181383	2363	
0.046815	0.890360	5195	
-0.669124	-0.731228	2673	
-0.042892	0.243210	323	
-0.507905	0.632561	2018	
-0.150840	-0.202761	6583	
-0.515532	0.678534	5073	
0.888299	0.064469	4191	
-0.583745	0.332886	4102	
0.176235	0.514006	1949	
-0.424150	-0.658600	4614	
-0.217628	-0.346539	663	
0.162069	0.980212	6307	
-0.786872	0.503707	5963	
-0.061080	0.250119	308	
-0.149402	-0.780155	3452	
0.046360	0.715274	2015	
-0.522043	0.673162	5073	
-0.021872	0.311000	2784	
-0.814599	-0.247983	5488	
-0.787808	0.603746	2729	
-0.584761	-0.035017	1216	
0.648396	-0.207063	4574	
-0.574602	-0.163197	1173	
-0.499667	0.858190	1009	
-0.927496	0.112173	6264	
-0.522225	-0.352582	4595	
0.856849	0.233270	5607	
0.299341	-0.706315	2117	
0.418992	0.504315	5583	
0.394823	-0.749093	2516	
-0.495879	-0.297099	3488	
-0.331497	0.818900	5545	
-0.294707	-0.886703	6743	
-0.039161	-0.506229	1086	
0.023700	-0.585595	5610	
-0.914115	-0.376457	2674	
-0.214965	-0.532179	4368	
-0.349181	0.098986	2341	
0.302150	-0.421400	1881	
-0.552778	-0.645025	2038	
0.886690	0.448483	6230	
-0.416881	0.417529	1805	
0.296782	0.398193	1056	
-0.343285	-0.408970	2052	
0.134190	-0.435695	4244	
0.582180	0.804140	1687	
0.375643	-0.171208	4017	
0.393660	-0.729744	3204	
0.047493	-0.932505	3735	
0.291303	-0.738152	3018	
-0.563030	-0.466518	1075	
-0.029480	0.636354	5669	
0.783875	0.176682	1680	
0.488958	0.679384	5604	
-0.070589	0.266534	320	
-0.848907	-0.213174	2999	
-0.091582	0.793144	4536	
-0.384676	-0.034963	902	
0.977008	0.180060	2091	
0.257869	-0.003257	6390	
0.695085	0.244140	5052	
0.675560	-0.065028	4671	
-0.269367	-0.537054	866	
0.762993	-0.051889	1493	
0.314894	-0.357713	3532	
-0.353470	-0.603135	1235	
0.848092	-0.264732	4170	
0.784764	0.330671	6357	
0.448444	-0.753390	3138	
0.210830	-0.501090	6133	
-0.245383	-0.202741	1701	
-0.239989	0.250115	3648	
-0.588166	0.370561	1457	
-0.779504	-0.074746	3887	
-0.162310	0.553848	2629	
0.561447	-0.412986	6166	
0.671665	-0.575342	1654	
0.607345	-0.539817	5045	
-0.589508	-0.228046	5886	
0.242573	0.465941	4767	
0.259419	-0.392784	4712	
-0.491622	-0.860018	920	
-0.834181	-0.088135	1587	
-0.138954	0.206386	1164	
-0.625363	-0.105164	5814	
-0.329308	-0.366432	4647	
0.175951	0.919419	6144	
-0.504267	-0.714364	3525	
0.456278	0.003410	1375	
-0.531540	-0.554557	1146	
-0.795736	-0.405736	2818	
0.248408	-0.842622	3697	
-0.341825	-0.661077	3234	
0.275818	0.107044	6154	
-0.703753	0.480007	1962	
0.168766	-0.364886	4705	
0.710987	-0.461141	5437	
0.446177	-0.294655	1767	
0.429154	-0.021578	1360	
-0.519284	0.846883	2660	
0.115299	-0.346604	1922	
0.527582	0.459653	5875	
0.988576	-0.088647	5967	
0.664415	-0.467488	3608	
0.756648	0.407354	5381	
-0.175339	-0.872675	3087	
0.761677	-0.536836	3615	
0.664017	-0.208234	4574	
-0.267267	-0.408874	574	
0.309251	0.883189	5543	
0.175936	-0.320442	3688	
0.775952	0.029418	462	
-0.793854	-0.018947	3820	
-0.864802	-0.184490	3340	
0.470641	0.510067	6123	
0.029282	0.262500	520	
0.256154	-0.112644	3712	
0.880408	-0.080133	2568	
-0.537875	-0.290845	5680	
0.128249	-0.435802	4244	
-0.758459	-0.543683	3870	
-0.038381	0.588878	1823	
-0.256014	0.171020	1603	
0.300333	0.071047	1631	
-0.526405	0.372281	1411	
0.886302	0.020051	4378	
-0.693311	-0.624996	6646	
-0.025983	-0.768086	2473	
-0.624980	-0.277849	3084	
-0.686585	0.503564	4943	
-0.318700	-0.042817	2145	
-0.072466	-0.377098	586	
0.081038	0.311395	4686	
0.768002	-0.629996	6464	
-0.636254	-0.257719	3789	
0.984815	0.028532	2243	
-0.073268	0.233483	743	
0.589098	-0.724853	4117	
0.796917	-0.154152	4064	
0.242081	-0.387215	5773	
-0.737111	0.243241	5508	
-0.128185	-0.246361	596	
0.666824	0.359421	5958	
0.157916	0.585361	1797	
0.991551	-0.001424	6471	
0.411958	0.784271	443	
0.575623	-0.630241	4844	
-0.839842	0.530057	2661	
0.007598	-0.529238	1846	
-0.837604	-0.147805	5270	
0.716381	0.421860	5479	
0.050474	-0.567374	2477	
-0.187263	0.687746	5768	
0.813866	-0.457794	4107	
0.305072	0.582502	833	
-0.567529	-0.038761	3976	
0.991135	0.011976	2243	
0.142177	-0.667075	4881	
-0.184057	0.306512	3695	
0.449336	0.599396	5473	
0.255102	0.075378	6917	
0.783267	-0.607160	6332	
-0.139355	-0.600248	871	
0.611085	-0.781226	1053	
0.527582	0.459653	5875	
-0.782277	0.328113	5354	
-0.358243	-0.701481	3847	
-0.184342	0.969572	6814	
-0.296044	0.549185	1709	
0.203338	0.734439	5116	
0.354999	-0.511214	518	
0.738922	0.257153	1327	
-0.588698	0.254693	5026	
-0.670773	-0.581937	3339	
-0.214688	0.716252	1131	
0.657902	-0.374989	1727	
0.498063	-0.040483	3757	
0.376572	-0.128459	2552	
-0.695518	-0.110832	1496	
0.991405	0.062337	6415	
0.190083	0.791845	5188	
0.351316	-0.452398	737	
-0.278847	-0.464253	2984	
-0.196729	0.102137	825	
0.786882	0.509965	5088	
-0.828287	-0.191973	1628	
0.053592	0.420632	1945	
0.255585	-0.113750	3094	
-0.142574	0.784261	4406	
-0.117065	-0.437362	4572	
-0.588137	-0.108902	1401	
0.733528	0.236074	468	
0.699200	0.565622	5714	
-0.588590	0.369802	1457	
0.681584	-0.638509	4060	
0.878989	-0.113469	5423	
0.538507	0.455584	5875	
0.871440	0.477431	1029	
-0.992485	-0.032663	2664	
-0.777373	0.162404	3945	
-0.701311	-0.068307	1355	
0.044484	0.316752	369	
0.034035	-0.699426	5663	
-0.454538	0.532398	1171	
-0.343505	0.501801	1662	
0.389083	0.907697	6795	
-0.118794	-0.535897	2733	
-0.631442	0.384383	1384	
-0.545083	-0.317244	1254	
0.441991	0.527863	776	
-0.342443	0.788084	1489	
0.967902	0.223872	1248	
0.097055	-0.318392	6506	
-0.326685	-0.194940	3920	
-0.582731	0.453281	2358	
-0.707127	-0.360957	3577	
0.353741	-0.928188	5980	
-0.088108	0.595211	3231	
-0.635965	-0.261214	3789	
0.207699	-0.087743	6073	
-0.560452	0.205188	2640	
-0.862830	-0.358364	6290	
0.050290	0.258435	806	
0.766891	0.024029	603	
0.031191	0.256173	5902	
0.464047	-0.621930	4554	
0.505978	0.855233	6187	
-0.299060	-0.081428	1862	
0.861044	-0.495337	2685	
0.305953	0.564495	6308	
-0.000712	-0.412762	3678	
-0.163165	-0.712505	1498	
-0.859597	-0.155868	3246	
0.359608	-0.407470	3559	
-0.508832	-0.694644	2565	
0.073368	0.714797	3267	
0.741335	0.360648	6771	
0.268627	0.097199	6101	
0.300221	-0.610999	4135	
-0.888792	0.287560	3929	
-0.734284	0.431514	4544	
-0.575888	-0.526653	2512	
-0.507737	-0.311816	3729	
-0.610244	-0.640353	5625	
0.505283	-0.686637	3888	
0.861065	0.229817	5607	
-0.467109	-0.876650	595	
-0.494651	0.365683	4985	
-0.159731	0.920489	5467	
0.189085	0.873203	5778	
0.213284	0.335698	2044	
-0.615917	-0.112059	5504	
-0.736053	0.477309	3402	
-0.803028	0.378770	5832	
-0.269371	0.063066	3805	
-0.313560	-0.078088	1862	
-0.822828	0.219751	2926	
-0.100645	-0.928448	3902	
0.324491	0.879056	6420	
-0.788274	0.178243	3945	
0.387852	0.914752	6795	
0.707515	-0.472907	5702	
-0.347766	-0.455612	3666	
-0.437024	-0.878081	5996	
-0.817544	0.240644	2534	
0.792967	-0.003021	623	
-0.218561	-0.168628	6532	
0.472038	-0.685845	3454	
-0.513536	-0.776120	4407	
-0.611396	0.413117	2437	
0.272785	0.363796	345	
-0.626777	-0.768300	6558	
-0.121671	0.927145	5032	
0.367398	0.435229	6269	
-0.356924	-0.822270	3728	
-0.543428	-0.611562	3662	
0.316835	0.661610	1188	
-0.151611	0.807806	5630	
0.335068	0.482482	6921	
0.054153	-0.580017	2961	
0.764191	0.466013	1907	
0.155679	0.718556	5077	
-0.049576	0.273562	2410	
0.847414	0.036099	4473	
0.293163	-0.335225	5290	
0.356387	-0.708891	5301	
0.477304	0.871537	1704	
0.817773	-0.336287	2142	
-0.396509	-0.751437	4397	
0.344462	-0.077009	5530	
0.168110	0.435114	1110	
0.368630	-0.450380	991	
-0.611570	-0.034334	5461	
0.946884	-0.299953	6809	
0.189878	0.492499	5239	
0.001345	0.886782	4682	
0.052284	-0.543551	1569	
0.224524	0.639763	1889	
-0.157960	0.599472	4272	
0.521542	0.693708	6616	
-0.304943	-0.701473	3290	
0.366152	0.862779	5224	
0.361323	-0.767041	5481	
0.138593	-0.343820	3266	
-0.127190	0.926503	5032	
0.234291	-0.150852	5398	
-0.782922	-0.083802	3887	
-0.235659	-0.552852	870	
0.268489	-0.318442	1501	
-0.731152	-0.058256	2390	
-0.410536	-0.443302	3975	
-0.641093	0.758368	6761	
0.584483	-0.728674	3817	
-0.208375	-0.291247	3027	
0.675620	-0.512636	1760	
-0.105821	0.622861	3769	
-0.132988	-0.303720	2794	
0.077545	0.316616	4686	
-0.389367	0.906421	1965	
0.643862	-0.265122	5079	
-0.005122	-0.860734	5775	
-0.518215	0.104625	792	
0.234135	0.590029	4889	
0.671790	0.097865	2720	
-0.753356	-0.646947	2783	
0.722624	-0.681604	6262	
-0.344151	0.129800	2384	
0.189000	-0.863613	5008	
0.558858	-0.391333	6166	
-0.766742	-0.071072	3283	
0.468782	-0.103772	1422	
-0.308081	0.078511	297	
0.534833	-0.833963	2684	
-0.218556	0.299250	4271	
0.815951	-0.331221	2169	
-0.344481	0.927221	2672	
0.148258	0.922316	4511	
0.168296	0.303435	1831	
0.612010	-0.782484	732	
-0.416129	-0.397078	2515	
-0.397657	0.696022	5273	
-0.724888	-0.491237	2499	
0.466376	-0.175104	3366	
0.440903	-0.001896	4414	
-0.072514	0.341733	6244	
0.673762	-0.727064	900	
0.105628	-0.465841	842	
0.922440	0.366129	1720	
0.552752	0.215502	3884	
-0.964905	-0.236030	6192	
-0.788653	0.500931	5963	
0.729834	-0.429740	1670	
0.155476	-0.581864	3547	
-0.721885	0.450854	5020	
-0.685127	-0.365662	2474	
0.358350	0.684546	2046	
-0.200187	-0.856369	3061	
0.182744	0.970150	6172	
0.347086	0.484417	6660	
-0.276987	0.845837	3766	
-0.811707	0.352764	2817	
0.089414	0.349457	6736	
-0.137282	0.983865	6507	
0.511609	-0.071861	4306	
-0.084479	0.711475	2033	
-0.672264	0.304869	2445	
0.133874	0.984410	6680	
0.219507	0.602642	1430	
0.544860	0.438684	5685	
0.618079	-0.438418	530	
-0.321779	-0.183945	3920	
0.418555	0.505550	5583	
0.419646	-0.017725	2808	
-0.539309	0.834268	6015	
0.782832	-0.214635	3509	
0.448689	0.701533	5205	
-0.044013	0.690092	1452	
-0.084970	0.578706	2060	
0.189268	0.916975	6144	
0.114800	0.271805	1981	
0.746095	0.293385	1982	
0.530552	-0.127282	1531	
-0.933428	-0.042125	6409	
-0.872823	-0.169675	3246	
-0.565818	0.227928	3685	
-0.094574	0.988848	6052	
0.727768	0.030433	734	
-0.100880	0.654503	5826	
-0.279754	0.940236	6023	
-0.373861	0.685738	2840	
0.333896	0.467246	6829	
0.315555	0.772185	1550	
-0.426875	-0.336447	2088	
-0.739306	0.223775	5172	
-0.437577	-0.439550	4558	
-0.334256	-0.820363	3003	
0.732426	0.383806	5426	
0.082023	0.888181	4826	
0.638629	0.122974	1301	
0.532169	0.619455	1536	
-0.660606	0.228473	4215	
0.685587	0.718056	6538	
-0.196779	-0.593478	1851	
-0.503352	-0.614636	3038	
0.179912	-0.673598	4116	
0.224350	0.347431	1974	
0.833893	0.137344	1848	
0.987772	-0.104789	6011	
0.912300	-0.389874	6022	
0.044470	0.934655	5748	
0.633939	-0.477866	3554	
-0.388978	0.499890	5249	
0.418477	0.900361	1866	
0.312289	0.599059	838	
-0.764486	-0.351214	2775	
-0.645433	-0.234726	4456	
-0.514325	0.724728	3306	
0.496854	0.610333	6820	
-0.175078	-0.799440	4917	
0.173328	-0.767287	2919	
-0.861371	0.009989	4245	
-0.008050	0.853330	4073	
-0.889531	-0.284887	6339	
0.082879	-0.872047	3959	
0.991560	0.034331	6219	
0.087876	-0.602392	3790	
0.511434	0.743145	674	
0.786521	-0.333974	5162	
0.024787	-0.245273	948	
0.467146	0.737324	5115	
0.962860	0.244597	1855	
0.619546	-0.775000	732	
0.734451	0.233424	468	
0.876469	-0.129276	5674	
0.619693	0.482478	695	
0.884789	0.053419	4625	
-0.722585	-0.385729	5394	
0.238470	-0.575342	512	
0.297419	0.521905	6383	
0.012789	0.790181	4774	
-0.906144	-0.225447	6253	
0.847444	0.039807	4473	
-0.660795	0.433693	3060	
-0.251623	-0.847610	3342	
0.122285	-0.408343	4241	
-0.876741	-0.118919	2478	
0.884334	-0.043991	3534	
0.769910	-0.352861	5337	
0.344249	0.523615	6438	
0.887979	-0.032236	3534	
0.665332	-0.576111	4650	
-0.770445	0.013143	2923	
0.309519	-0.132254	4742	
-0.125161	-0.985353	829	
-0.571929	-0.008834	5767	
0.053308	-0.595752	3397	
-0.930005	0.085006	1323	
-0.370212	-0.000691	772	
-0.784245	-0.318765	2148	
0.083515	-0.579712	2606	
0.351507	0.522939	5135	
-0.000184	-0.767646	3208	
0.488188	0.865485	1704	
-0.760919	0.434466	1718	
0.753314	0.414539	5381	
0.524903	0.843746	1752	
-0.626182	0.124640	5863	
0.047003	-0.408460	4161	
-0.396965	0.846244	6695	
-0.645840	0.432870	3095	
0.972604	-0.201616	6626	
0.219933	0.641058	1889	
0.375927	-0.191420	4017	
0.246694	-0.222245	2325	
0.184352	-0.745902	5908	
0.004851	-0.324187	649	
-0.532571	-0.570001	1146	
-0.458926	0.312097	2560	
-0.169672	0.267342	6167	
-0.699162	0.097089	1148	
-0.624676	0.132836	5863	
0.807883	0.474630	6643	
0.340627	0.793993	1766	
0.090424	0.858942	1924	
-0.467423	0.397965	5675	
-0.265996	-0.081799	5401	
-0.280896	-0.172037	1891	
-0.852062	0.249007	3557	
0.771473	0.358325	545	
-0.788246	-0.407764	2818	
-0.284140	0.890564	4631	
0.388132	0.452277	6900	
-0.347237	0.658645	5189	
-0.210614	-0.432311	1875	
0.122062	0.797234	5344	
-0.004671	0.376290	6173	
-0.469488	-0.306383	2918	
0.319285	-0.732406	3758	
0.596983	-0.327350	4377	
-0.298238	-0.279034	3983	
-0.772158	-0.432450	5717	
0.280075	-0.638288	5146	
0.585369	-0.002800	2907	
0.002432	0.727257	4993	
0.070992	0.364101	6352	
0.114193	0.433323	4362	
-0.039030	0.298175	2462	
-0.727931	0.254992	5522	
0.040853	-0.780587	5793	
0.318338	0.574657	6308	
0.463284	0.485526	1199	
0.928969	-0.069875	5318	
-0.137865	0.879332	4031	
0.475692	-0.635351	4554	
-0.319795	0.016063	6623	
-0.917507	0.175783	6482	
0.153099	0.425221	2009	
0.223179	0.524994	1374	
0.158306	0.784368	5932	
-0.635658	0.036302	5406	
-0.520739	-0.221064	3058	
-0.069030	-0.580707	5049	
0.481673	0.654327	5203	
-0.115479	-0.777623	3139	
0.411981	-0.271459	1801	
-0.731422	-0.231489	3416	
0.798041	-0.485337	6884	
0.319798	-0.752928	4332	
-0.690330	-0.364740	2474	
0.692762	-0.349516	507	
-0.900046	0.248759	6377	
-0.674763	0.179988	3867	
0.781745	0.141631	6062	
0.783352	0.429697	5409	
-0.271898	0.243757	3675	
-0.611899	0.328426	4012	
-0.339133	0.444651	5573	
-0.179381	-0.086193	3803	
0.489257	-0.127797	2963	
-0.209061	0.178171	619	
-0.588526	0.397392	1798	
0.159865	0.348922	2006	
-0.778678	-0.005024	3242	
-0.619148	0.464320	3123	
-0.668328	0.308560	2445	
-0.705540	0.612854	3811	
-0.781157	0.339516	1983	
0.554417	0.378714	1106	
-0.813329	-0.459349	5781	
-0.194430	-0.204198	481	
-0.172670	0.331672	5858	
-0.111250	-0.390252	2265	
0.801774	0.375832	322	
-0.346617	-0.148718	4239	
-0.155324	-0.803823	5070	
0.529321	0.292187	6210	
0.284253	0.577296	6826	
-0.376162	0.494658	5606	
0.307809	-0.334976	3036	
-0.573446	0.464811	2489	
0.935580	0.314370	1705	
-0.833041	0.170957	4762	
0.486124	-0.084096	1759	
0.473613	-0.199173	2933	
0.111836	0.468925	1261	
0.754345	-0.069998	564	
0.270967	-0.532100	955	
-0.306239	-0.209785	4030	
-0.411405	0.899286	6515	
0.292138	-0.384344	2528	
-0.079631	-0.842806	1601	
0.786422	-0.007498	623	
-0.350484	-0.804446	3985	
-0.519414	0.465169	5322	
0.321244	-0.300886	2282	
-0.463835	0.451757	6084	
0.013034	-0.765579	2582	
0.937822	-0.327454	2837	
-0.697026	-0.102586	1463	
0.364268	0.514295	4803	
-0.833965	0.152016	1677	
0.501728	-0.028784	1238	
-0.020366	0.935287	4680	
-0.128937	-0.409527	3227	
-0.133012	0.984375	6507	
-0.914235	0.192035	6482	
-0.116204	0.713390	5860	
-0.380201	0.763487	1475	
0.644430	0.487994	1230	
-0.540425	-0.642911	4289	
-0.548829	-0.097831	4027	
-0.664068	0.196094	4270	
0.517364	-0.516682	2430	
-0.140505	0.284567	6168	
0.286787	-0.301900	4579	
-0.496637	-0.472219	3744	
-0.068065	0.991066	6032	
0.074617	-0.815237	3307	
0.692227	-0.060480	4727	
0.281815	-0.240200	3442	
0.113062	0.851144	2229	
-0.359542	0.862844	4139	
-0.083890	-0.693082	3845	
0.278037	0.434562	956	
0.472471	-0.238351	1714	
-0.336281	-0.486797	6241	
0.068550	-0.509904	6035	
0.865347	0.165712	5100	
0.678559	-0.553734	2365	
0.580269	-0.386053	2941	
0.681175	-0.407121	2372	
0.992987	0.028707	2243	
-0.331094	0.202616	6119	
-0.320391	-0.494151	5937	
-0.742354	-0.220835	3059	
-0.483100	0.522853	1151	
-0.008488	0.855983	4571	
-0.340780	-0.743907	4183	
0.531723	0.582487	845	
0.475594	0.028826	4115	
-0.603798	0.187692	3979	
0.876693	0.157910	5265	
-0.391427	0.005796	562	
0.830753	0.315320	5117	
0.719142	0.135396	506	
0.459261	0.532243	4723	
-0.405490	0.776184	2368	
-0.334739	-0.934972	2765	
-0.332871	0.113904	2669	
-0.136270	-0.531466	3239	
-0.656498	0.665059	316	
-0.509661	-0.304983	3488	
-0.877879	0.464890	6825	
-0.723936	0.135974	1961	
-0.369292	-0.451077	3321	
-0.199641	0.692311	5533	
0.756913	0.112478	354	
-0.265550	0.848754	4330	
0.411250	0.659762	1988	
-0.613362	-0.157341	5859	
-0.564773	-0.629785	5131	
0.863855	-0.094929	5535	
-0.763174	0.145915	3836	
-0.372411	-0.475624	4653	
-0.172428	0.289856	6535	
-0.196932	-0.271176	2056	
-0.605570	0.786890	6480	
0.299421	-0.665719	1572	
-0.318087	0.466445	4018	
0.074627	-0.569007	2606	
0.257371	-0.479505	2359	
0.247071	-0.781062	4065	
0.454174	-0.160408	2604	
-0.357066	-0.024559	6046	
0.277907	0.755570	1692	
0.323580	-0.750711	4332	
0.431147	0.040247	2952	
0.715769	-0.276197	1139	
0.457090	0.478955	1199	
0.604702	-0.062021	2915	
0.160267	0.384825	2008	
0.672116	0.438449	1388	
-0.084084	-0.725997	1968	
0.626496	-0.374568	1124	
-0.252596	-0.745098	3876	
-0.532918	-0.573029	1146	
-0.418807	0.455623	5679	
0.270093	0.418542	1027	
-0.766403	-0.158193	5021	
-0.476066	-0.411350	3740	
0.511661	0.654165	6919	
0.164130	0.716714	5077	
0.618761	-0.287166	5422	
0.796232	0.489555	4317	
0.865870	-0.486617	6329	
0.223509	-0.041851	358	
-0.068017	-0.566404	2633	
0.161343	-0.662803	4893	
0.087199	0.414385	1972	
0.776114	0.443835	5227	
-0.006720	-0.481925	5845	
-0.895364	0.266513	6769	
0.733734	-0.667759	2677	
0.033458	0.935071	6656	
-0.671408	0.225181	4000	
-0.215633	-0.861387	3061	
0.280537	-0.798362	3901	
-0.765501	0.365978	5414	
0.492249	0.652541	5203	
-0.510103	0.150269	1215	
0.299133	0.756640	3236	
0.192716	0.843247	5851	
-0.103686	0.339877	2422	
-0.517285	-0.171475	3178	
-0.227488	-0.098587	472	
-0.158020	0.610064	3968	
-0.316044	-0.183006	3920	
-0.539594	-0.822424	6425	
0.750514	-0.194320	1127	
0.523062	0.474381	6555	
-0.571628	0.469539	2489	
0.006241	0.666840	2004	
0.440525	0.679260	4354	
-0.101206	-0.200076	1211	
-0.276306	-0.706505	2892	
0.302485	0.706181	380	
-0.348807	-0.503353	5707	
0.660606	-0.524543	3191	
0.056055	-0.728249	6455	
-0.463074	-0.347556	2360	
-0.149843	-0.377243	666	
-0.990006	-0.047365	6754	
-0.225270	0.532394	3259	
-0.110897	0.636158	4307	
0.000711	-0.884279	5804	
-0.466113	0.810099	4639	
-0.228420	0.711694	771	
0.153080	0.287146	1763	
0.498558	-0.165299	2264	
-0.501330	0.298836	3480	
0.574369	-0.736612	3817	
0.193682	0.628950	2071	
0.092772	0.691794	5067	
0.358852	0.786491	6138	
-0.565815	0.304950	4874	
-0.870550	0.338939	4143	
-0.236822	0.144710	389	
-0.097186	-0.394461	2265	
-0.723195	0.339728	3477	
-0.504584	0.481750	5408	
-0.200517	0.269926	3102	
-0.479399	-0.662634	4904	
-0.179291	-0.085973	3803	
0.076070	0.932747	5738	
0.292438	0.607494	1695	
0.464985	-0.281442	1638	
0.518979	-0.843523	6565	
-0.056516	-0.426774	4083	
0.723491	0.419795	5479	
-0.296367	0.946992	6180	
-0.849274	-0.260726	3363	
0.381783	-0.916964	6581	
0.098114	0.362488	3702	
0.256276	0.813990	5133	
-0.245948	-0.755267	3876	
-0.746199	-0.431480	5670	
0.678504	-0.411333	2317	
0.753547	0.098940	404	
0.559581	0.255767	1842	
-0.424352	-0.738791	3924	
0.231120	-0.006611	2306	
-0.124026	-0.985507	829	
-0.831674	0.160760	1677	
0.358401	-0.122360	5579	
-0.398615	0.513585	3019	
0.678095	0.040930	5051	
0.048793	-0.600886	5316	
0.250693	-0.777648	3710	
0.097038	-0.575345	2606	
-0.785273	0.001836	2923	
-0.809851	-0.125039	1822	
0.231737	-0.731297	917	
0.361034	0.644121	1648	
0.186502	-0.594507	4053	
-0.145885	0.271536	563	
-0.094967	-0.253735	6537	
0.752569	-0.191999	1127	
0.282876	0.620364	1551	
-0.617658	-0.554307	4242	
0.696011	0.383354	5988	
0.157534	-0.777676	2903	
0.831956	0.172243	1819	
0.862098	-0.491664	6329	
-0.205260	0.182688	6463	
-0.693032	-0.511196	3874	
-0.204103	-0.079519	827	
-0.714905	0.348976	3477	
-0.465462	0.490606	4043	
0.231897	0.851669	4999	
-0.624747	-0.286411	3084	
-0.594569	-0.372017	5729	
0.596031	-0.643029	2772	
0.563830	0.423979	6543	
0.230338	0.378246	2173	
-0.930534	-0.347053	6489	
-0.052440	0.710047	2064	
0.065755	-0.727012	6455	
-0.008702	-0.506748	1392	
-0.687507	-0.149857	1497	
0.247434	0.591216	4496	
0.846945	0.279507	5338	
0.397614	-0.221387	1455	
0.725327	0.070558	1066	
0.783327	-0.411005	3647	
0.136074	-0.404283	4028	
-0.453481	0.587229	5099	
-0.626577	-0.574254	3285	
-0.912440	0.392259	6666	
0.072865	0.310880	4686	
0.234635	0.518662	4946	
-0.769167	-0.138006	5225	
-0.770432	-0.021555	2829	
-0.256996	-0.808044	2491	
-0.252099	-0.005226	513	
0.374742	0.579278	1710	
0.228780	0.908024	293	
-0.992918	-0.027863	2664	
-0.046935	0.394420	3762	
-0.320207	0.201727	3875	
0.734485	-0.318450	3257	
0.703140	-0.352233	2273	
0.406920	-0.568440	3371	
0.632870	0.461676	1341	
-0.019860	-0.786437	2771	
0.204085	0.972356	2242	
0.255987	-0.959742	2788	
-0.210598	0.756891	988	
0.205442	-0.082993	1020	
-0.322449	-0.812581	3003	
-0.307067	0.720862	2255	
0.619113	-0.319356	5176	
-0.564712	-0.744040	4460	
-0.154550	0.228557	1449	
0.715019	0.488195	5405	
0.575362	0.586364	1098	
0.473954	-0.513446	4153	
0.398790	-0.261927	1801	
0.501516	-0.462536	3308	
0.604219	0.386468	5935	
0.158928	-0.813929	4120	
-0.585523	0.151509	1365	
0.628611	0.334412	5471	
0.648461	-0.718546	417	
-0.151007	-0.838968	2911	
0.973403	-0.197818	6626	
-0.922757	-0.146889	4661	
-0.106441	-0.784910	3139	
-0.456110	-0.712460	4581	
-0.317325	-0.058315	2144	
0.319733	0.880786	6420	
0.139708	-0.293671	1985	
0.199705	-0.973007	6000	
-0.181347	0.871628	2619	
-0.376079	0.476015	1958	
0.091919	-0.327543	6139	
0.036114	-0.681679	6427	
0.628191	0.173921	959	
-0.411773	-0.547081	2646	
0.767474	-0.201102	2249	
-0.536261	0.222951	2389	
0.282972	0.844919	5382	
0.385047	0.449686	6900	
-0.652597	0.603249	3913	
-0.032487	0.792441	4740	
0.162538	-0.665371	4893	
0.754418	0.473186	5666	
0.156477	0.608881	1869	
0.602678	0.790172	6143	
0.059944	0.631465	2005	
-0.835963	-0.531963	421	
0.595128	-0.795308	2759	
-0.116454	-0.309253	2794	
0.170559	0.618573	1612	
-0.042949	0.373853	6198	
