time = 209.45	Re = 90
0.879850	0.304487	4093	
0.656279	0.608051	5141	
-0.098769	0.773739	3836	
-0.414048	-0.597350	3680	
-0.673753	0.274511	883	
-0.383023	0.910373	6754	
0.627512	-0.139741	6828	
-0.518517	0.007483	2283	
-0.307207	0.696981	2857	
0.091375	-0.987613	6254	
0.160398	-0.840452	1753	
0.975200	0.050449	1179	
0.735103	0.310366	4648	
0.066301	-0.617828	4623	
-0.513734	0.838984	6336	
0.248585	-0.344833	2085	
-0.629886	-0.365185	910	
-0.763878	-0.058320	3024	
0.297208	0.576211	3468	
0.610746	-0.341486	5875	
0.613509	-0.757005	1289	
0.412436	-0.355052	6448	
0.277695	0.261036	4288	
0.050696	0.868863	1458	
0.670674	-0.590525	5409	
-0.189182	0.607755	5744	
0.157070	0.350924	5962	
-0.699503	0.254735	1300	
0.313205	-0.831264	4378	
0.308144	-0.786833	4754	
-0.144699	0.724667	2715	
0.673223	-0.166982	1575	
-0.402251	0.078496	494	
-0.020350	0.851444	2180	
0.819138	-0.281530	798	
0.289968	0.677772	2065	
0.749122	0.481627	5827	
-0.552030	-0.108594	3147	
0.920707	0.114154	5961	
-0.196291	-0.769202	2232	
0.542606	-0.762711	6054	
-0.585821	-0.486198	915	
-0.815601	0.059844	4183	
0.210250	0.261569	6535	
-0.827714	-0.307020	5804	
0.787743	-0.573165	6287	
-0.592515	-0.446185	1046	
0.732911	0.566933	4631	
0.392279	-0.676891	6062	
0.905532	-0.377198	6683	
-0.114280	-0.930852	5355	
-0.460596	0.314712	2408	
0.198155	0.687867	1996	
-0.655665	0.661081	3860	
-0.368514	-0.365830	1068	
-0.698268	-0.014139	3947	
-0.806016	0.358296	5623	
0.496935	0.672304	1576	
-0.465054	-0.414326	4634	
-0.596390	0.316718	3403	
-0.484137	0.284260	2068	
-0.538287	0.326137	3646	
-0.600871	-0.608306	5416	
0.113681	-0.536448	2823	
0.178656	-0.707535	662	
-0.581650	-0.084938	5059	
-0.186369	-0.318357	3526	
-0.333757	0.469727	5613	
0.499451	0.043897	1210	
-0.431428	-0.209499	1040	
-0.597152	0.611738	2775	
-0.009285	-0.518125	3366	
-0.346342	-0.351449	6151	
0.439377	-0.407902	2031	
0.540736	-0.059830	5552	
-0.822218	0.435237	6646	
0.428735	-0.543373	5104	
-0.273460	-0.549071	651	
-0.933727	0.336622	6731	
-0.396262	-0.109542	3936	
0.352538	-0.060726	1831	
0.275728	-0.642597	3110	
-0.477848	-0.127934	1086	
0.004269	-0.300791	4350	
0.665148	0.448091	6160	
0.301307	-0.763894	2114	
-0.428015	0.863152	555	
-0.625360	-0.001978	2934	
0.535234	-0.705875	5338	
-0.612500	-0.307106	4359	
-0.089384	-0.572457	3491	
-0.186892	-0.496293	2461	
0.032603	-0.439256	2227	
-0.981333	-0.128381	339	
-0.457545	0.747905	2953	
0.294921	0.172359	6700	
-0.416486	-0.408555	3682	
0.360262	-0.340376	6249	
-0.669410	-0.459915	3410	
-0.099953	0.630458	1331	
-0.618672	-0.086943	4266	
-0.245063	-0.426845	3016	
-0.767560	0.116142	4438	
-0.278416	-0.841485	5341	
0.196792	0.152156	743	
0.452975	0.450713	5291	
-0.970524	-0.015904	6602	
-0.175916	0.348058	902	
-0.223113	-0.466286	3255	
0.084131	-0.591150	3116	
0.286524	0.823190	4385	
0.184940	0.831366	5020	
-0.767925	-0.148574	3489	
0.800369	0.390357	4334	
-0.976370	0.160435	595	
-0.624375	-0.030714	2337	
-0.683129	-0.008310	3947	
0.670849	0.499378	3674	
-0.412047	0.430732	5684	
-0.383373	-0.301160	1121	
-0.524980	0.184618	2403	
-0.683867	0.403247	2913	
0.279891	-0.798742	1719	
-0.298954	0.199764	1918	
-0.101563	0.352611	772	
-0.452978	-0.188706	1010	
-0.557238	0.671825	2523	
-0.821599	-0.230559	1262	
-0.652405	0.665161	3860	
0.791077	0.270091	5018	
-0.649386	0.105725	2970	
0.424224	-0.777849	5071	
-0.748233	0.252484	3038	
-0.224402	0.594926	2427	
-0.452372	-0.854562	417	
0.789931	-0.059497	327	
-0.402929	0.557860	3905	
-0.806104	-0.399562	3725	
0.767265	0.003009	1480	
-0.012900	0.233630	5765	
-0.528189	-0.770314	5272	
-0.263346	-0.282058	4158	
-0.581498	-0.088427	5059	
-0.176423	0.971339	6840	
-0.317620	0.268037	755	
0.628523	0.462029	5647	
-0.519772	-0.343992	4025	
-0.014383	-0.430998	4253	
0.726150	0.306704	4526	
0.830635	0.093095	4444	
0.214885	-0.625275	4878	
0.833075	0.200633	1924	
-0.388576	-0.115296	3158	
0.106446	-0.556262	2823	
-0.279417	0.569938	2356	
0.166245	-0.333093	2522	
-0.515010	-0.482996	1350	
-0.318236	0.214733	3572	
-0.613360	-0.486620	675	
-0.435429	0.070745	3587	
-0.073773	-0.432437	4927	
-0.708419	-0.447470	4701	
-0.618153	0.568644	1263	
0.287635	-0.938310	6385	
-0.465466	-0.609038	3189	
-0.811329	0.327744	5631	
-0.555778	0.187579	4131	
-0.036518	0.790476	4410	
-0.778591	0.077112	3691	
0.231494	-0.508929	4658	
-0.495000	-0.472963	5146	
-0.125050	0.223966	6730	
-0.677556	0.446608	2688	
0.263383	0.055017	520	
0.274235	-0.368320	2507	
0.213957	0.065529	360	
-0.474192	0.090883	740	
-0.145642	-0.698119	4313	
0.156545	-0.656938	4814	
-0.511900	-0.079213	2351	
-0.052424	0.241012	6567	
-0.480007	0.409179	1254	
0.102128	0.684843	4012	
-0.764176	0.129878	4249	
-0.598659	-0.084489	871	
-0.967397	0.025623	6896	
0.569321	0.323561	4307	
-0.614010	-0.780489	6300	
-0.311576	-0.757343	5045	
-0.365602	0.372294	2594	
0.628020	0.325164	2033	
0.760833	-0.170125	1988	
-0.964193	-0.042979	6914	
-0.464259	-0.189480	1002	
-0.851197	-0.466201	1356	
0.630420	-0.600601	6403	
-0.512182	0.366842	4432	
-0.401378	-0.340979	5689	
0.189008	0.616838	1335	
-0.466274	0.038208	741	
-0.853183	0.447305	5464	
0.381985	-0.325660	760	
-0.452093	-0.857765	1214	
-0.505414	0.139591	2311	
0.707988	0.475682	1108	
-0.778349	-0.076704	3417	
-0.185072	0.590720	1424	
-0.249414	-0.468228	2935	
-0.781562	0.139674	4707	
0.981488	0.018911	6485	
-0.298564	0.665708	2390	
-0.432958	-0.113729	4067	
0.720123	-0.684636	6230	
0.709553	-0.601577	6784	
0.568374	-0.400238	982	
-0.174179	-0.451061	2286	
-0.335012	-0.174414	3825	
0.399070	0.687953	4911	
0.775468	0.097860	4932	
-0.377327	0.158327	4532	
-0.885028	0.281823	4460	
-0.818867	-0.146735	1773	
0.214030	-0.270447	2111	
0.329250	-0.746063	1218	
-0.395809	0.671608	5225	
-0.215512	-0.436943	2785	
-0.041192	-0.844526	5162	
0.465586	0.496372	3505	
0.016754	0.345912	1909	
0.217694	0.564878	5675	
0.094221	0.612670	4546	
0.294342	0.881188	6541	
-0.303405	0.478085	5616	
-0.791445	0.085515	3990	
-0.746862	0.142472	3195	
0.095742	0.234807	415	
-0.774793	-0.003701	3347	
0.413768	0.052439	1972	
-0.694536	0.540366	4164	
-0.669972	0.152065	635	
0.183459	-0.704974	446	
0.437738	-0.671669	1680	
0.185418	-0.249086	6759	
0.651239	0.455161	6384	
-0.372614	0.466052	1478	
-0.922788	-0.279410	325	
-0.484997	-0.278585	6082	
-0.424640	-0.873076	493	
0.000799	0.790723	5257	
-0.368073	-0.730198	4409	
0.321953	0.784757	3668	
0.647181	-0.615044	6134	
0.203415	-0.523292	2139	
0.384035	-0.664440	354	
0.101407	-0.537111	4715	
0.264447	-0.607841	5109	
0.597521	0.115606	1847	
0.505197	0.046046	1210	
-0.775727	0.347439	5359	
0.033959	-0.404540	2037	
-0.057430	0.788687	3327	
-0.206342	0.967491	676	
0.432657	-0.552434	5104	
-0.604132	-0.461086	701	
-0.345134	0.411851	2641	
0.398460	-0.439740	2036	
0.000382	-0.969591	6710	
0.244540	0.539064	1805	
0.182953	0.565916	3877	
0.106111	0.601561	4036	
-0.598550	-0.087269	885	
0.485836	0.081714	2943	
0.661625	0.306008	1932	
0.457974	0.349016	2608	
-0.651560	0.325185	5811	
-0.107887	-0.669569	4377	
0.087943	-0.760429	2040	
0.659319	0.654558	6695	
0.817579	-0.300624	614	
0.512076	-0.602968	1982	
0.624042	-0.528336	4979	
0.946071	-0.262669	6488	
0.370857	0.683327	3248	
-0.928784	0.088311	6868	
0.344544	-0.915784	6750	
0.018615	-0.473409	2245	
-0.475763	0.363894	4363	
0.006302	0.593596	2640	
0.326165	-0.777310	4473	
-0.245625	-0.452032	3824	
-0.923307	0.357365	6459	
0.610746	-0.341486	5875	
0.723907	-0.181738	1101	
-0.567190	-0.586048	5301	
0.615938	0.198349	4823	
-0.023407	-0.622443	4965	
0.288077	0.737933	3626	
0.290497	-0.632472	4981	
0.313498	-0.830475	4378	
0.265806	-0.820562	5028	
-0.489668	0.857956	6299	
-0.197085	-0.590125	710	
-0.131007	-0.848428	4802	
-0.531011	0.309830	3740	
-0.213909	-0.732991	1083	
-0.483589	-0.130997	1086	
0.242354	-0.343826	1616	
-0.750928	-0.457397	3738	
-0.124406	-0.447680	5005	
-0.767457	0.591476	421	
0.875789	0.077616	4999	
0.598352	-0.371363	5685	
-0.833381	-0.414624	6194	
0.598871	0.286057	5555	
-0.513074	-0.298820	3715	
-0.487005	0.796421	6562	
-0.905753	0.337906	5830	
0.006743	-0.225586	1020	
0.032178	0.640479	5026	
-0.009245	-0.461795	3855	
-0.847335	0.392582	6189	
-0.125794	-0.288182	2205	
-0.547558	0.227953	3473	
-0.721924	0.080195	1398	
0.052081	-0.557060	3596	
-0.225998	-0.098567	4402	
-0.351232	-0.809319	2339	
0.074878	0.928813	3732	
0.422098	-0.640141	336	
0.345235	-0.603390	4908	
-0.665592	-0.291932	6439	
0.798316	-0.103051	4335	
-0.379462	0.458102	1478	
0.430879	0.573032	1073	
0.353722	-0.637536	4768	
-0.054824	-0.879898	4563	
0.290174	-0.834180	1637	
-0.967166	-0.053765	6879	
-0.031802	0.731980	4033	
0.844894	-0.177950	5391	
-0.447787	0.366687	3488	
-0.135347	-0.540394	1699	
0.596840	-0.364828	5685	
-0.735378	0.347680	3661	
0.679990	0.366532	2883	
-0.631724	-0.295820	4040	
0.652662	0.588457	5545	
-0.662532	0.299654	6104	
-0.050926	0.761969	5200	
-0.418795	-0.781656	3004	
0.467179	0.871542	2753	
-0.473410	-0.872332	1214	
-0.581376	0.521438	2563	
-0.874320	0.011010	2932	
-0.914233	0.185537	5841	
0.310928	-0.420726	1876	
-0.459723	0.605521	3059	
0.273127	0.640412	5408	
-0.354910	-0.633989	2726	
0.144005	-0.295659	4955	
0.328368	0.614625	5238	
-0.202612	-0.225567	2303	
0.679497	-0.052846	1551	
0.676757	0.373181	4267	
-0.656887	0.610107	2818	
0.363977	-0.567850	943	
0.762183	0.469434	2619	
-0.494938	-0.678585	3454	
-0.561884	-0.438906	1005	
-0.278946	-0.254889	3266	
-0.013753	0.989947	6709	
-0.680662	-0.146794	3845	
0.475065	0.367066	4644	
0.449582	-0.821438	4735	
-0.482874	-0.223918	978	
-0.480211	0.292791	2578	
-0.620852	0.081649	2481	
0.481812	-0.390552	6673	
0.674943	0.038938	2071	
0.044538	-0.462795	2602	
0.286232	0.679053	2065	
0.933744	-0.174591	456	
-0.892068	-0.179459	3450	
-0.541272	-0.310036	4428	
-0.086735	0.889927	2856	
-0.604513	0.035662	870	
0.240734	0.812911	4943	
0.022578	-0.838376	4656	
0.778150	0.201726	1609	
0.195564	-0.585064	4553	
-0.173521	0.720724	1135	
-0.720204	0.495374	3387	
0.020310	0.533205	6129	
-0.720734	-0.099662	1661	
0.287756	-0.888189	4605	
-0.395705	-0.738611	4391	
-0.041150	-0.580810	4004	
0.889983	-0.302992	4858	
-0.508402	-0.726954	4689	
-0.904150	0.398458	6641	
-0.505637	0.780895	4436	
0.760477	-0.320834	1594	
-0.744530	0.277405	2601	
-0.798294	-0.484085	6718	
0.298747	-0.410512	2039	
0.674574	-0.591541	5409	
0.718479	0.460170	1111	
-0.827442	0.107357	4055	
0.544633	0.756007	6803	
0.851175	0.266450	5195	
-0.623004	-0.378812	910	
-0.160707	-0.402522	2409	
0.219980	0.580850	5675	
-0.847377	-0.127044	2517	
-0.566635	0.694835	3381	
-0.292161	-0.703791	3880	
-0.725235	-0.081566	1498	
0.249349	0.293342	5873	
0.266294	0.714595	3162	
0.367885	0.159504	5919	
-0.615207	0.119163	1548	
0.792726	-0.537860	6569	
0.122736	0.782758	2790	
0.619068	0.071914	1755	
0.736746	-0.632944	6902	
0.034430	-0.316574	5389	
-0.564072	-0.061304	4769	
0.456706	0.848396	1508	
-0.097999	-0.877015	2960	
0.029914	-0.434478	2227	
0.535856	0.383459	2796	
0.537500	-0.492091	5444	
-0.868435	0.343401	4331	
0.797810	-0.259976	6919	
0.478262	0.372561	4644	
-0.407651	-0.397799	3682	
0.472086	-0.511592	5023	
0.686747	0.309805	2121	
0.266593	-0.825869	4664	
0.339099	-0.460352	4626	
0.846009	-0.381625	6127	
-0.437612	-0.268130	6125	
-0.147190	-0.197633	6901	
0.517745	0.728082	3306	
0.045842	-0.918251	4342	
0.796296	0.241875	4836	
-0.925366	0.125548	5232	
0.193485	0.615648	1335	
0.020597	-0.993219	2837	
-0.061629	0.988672	2732	
-0.469355	0.421701	1249	
0.679394	-0.058608	1551	
-0.210024	-0.476313	3255	
0.059458	-0.382102	2557	
-0.075093	-0.860234	1986	
0.605210	0.100033	1745	
0.093925	-0.432356	1376	
0.105788	0.790703	3508	
-0.173294	-0.432561	2286	
0.340593	-0.791389	4683	
0.371048	0.850357	413	
0.631668	-0.489297	1388	
-0.415436	0.050253	3021	
-0.915149	0.170949	5664	
0.652724	-0.387158	1147	
0.749217	0.413234	2240	
-0.990130	0.044389	6005	
-0.249062	-0.938490	349	
0.755002	0.402410	4555	
0.322976	-0.056877	1514	
-0.125524	0.327326	2573	
0.220737	-0.338077	1591	
-0.032801	0.896173	3277	
-0.173991	0.643339	3122	
0.226486	-0.766226	3258	
0.296237	0.220876	3741	
0.606466	-0.601074	558	
-0.429145	-0.689890	3941	
-0.423277	-0.591452	3680	
0.182370	-0.314967	2522	
0.539201	0.153373	1362	
0.496398	-0.635455	1865	
0.481201	0.050423	1261	
0.648197	-0.558983	5497	
0.133597	-0.593582	2915	
-0.897891	0.422879	2756	
0.042206	-0.728793	721	
-0.866459	-0.352912	3735	
0.273639	0.530218	5068	
-0.533101	-0.192162	3754	
-0.023204	-0.782064	2613	
-0.608447	0.151506	801	
0.101847	-0.600948	4167	
0.101780	0.809660	3796	
0.383082	-0.800222	3784	
0.274427	-0.546481	2149	
0.370367	-0.428753	4879	
0.137111	-0.982605	6626	
0.712637	0.325750	4235	
0.116075	0.585471	3921	
0.148650	0.546520	2560	
-0.895816	0.004178	2932	
0.266260	0.809721	3215	
-0.317419	0.726226	4891	
0.618987	-0.266354	1199	
-0.188689	0.607958	5744	
-0.763260	-0.049287	3370	
-0.878039	-0.396738	3866	
-0.129009	0.592788	1541	
0.084674	-0.496326	1759	
0.241700	-0.497292	1270	
-0.244449	0.586537	5780	
-0.270363	0.532924	1183	
-0.754869	-0.549691	6263	
-0.107744	-0.220854	6869	
0.313921	0.630382	1281	
-0.048780	-0.969667	454	
0.509010	0.732377	3306	
-0.685473	0.574070	5717	
-0.775841	0.510727	4356	
0.393354	-0.321328	6288	
0.449015	0.344778	1812	
0.302945	0.678183	2370	
-0.363653	-0.860315	4060	
-0.226661	0.904414	5953	
-0.067308	-0.423826	4927	
0.375435	-0.625790	506	
-0.512880	-0.581379	3141	
0.971269	0.082966	6579	
0.340513	0.806148	3670	
-0.391943	-0.847133	5349	
-0.244563	0.082018	6317	
-0.682779	-0.021332	3947	
-0.283172	0.449564	2827	
-0.219474	-0.480882	3255	
0.017375	-0.687040	4071	
-0.112538	0.384846	562	
0.020686	-0.663506	4594	
-0.974157	0.184293	2679	
-0.328020	0.832613	2538	
0.290585	-0.696229	560	
0.148938	-0.418754	4414	
-0.756623	0.478579	4349	
-0.336950	0.787465	2436	
-0.222009	0.115541	1165	
0.418694	0.492132	2423	
0.066973	0.360640	3445	
-0.935764	-0.000003	6520	
0.396545	0.028465	4188	
-0.898194	0.416405	6379	
-0.262865	0.514284	5567	
-0.523140	-0.650685	1778	
-0.283044	0.195559	1802	
0.279288	-0.485166	4628	
0.367934	0.814424	3683	
-0.704319	0.404415	4151	
-0.683719	-0.681098	6268	
-0.180270	-0.780078	2232	
-0.487064	0.833555	6205	
0.323948	-0.060210	1514	
-0.349225	-0.267390	4233	
-0.270113	0.530102	1183	
-0.447753	-0.655790	4554	
0.147926	-0.980475	6364	
0.156317	0.750927	2754	
0.676590	0.254183	4950	
0.397009	-0.101160	1974	
-0.047668	-0.577558	3068	
-0.374983	0.592863	1497	
0.595533	0.362558	5598	
0.287729	0.485602	3978	
-0.192929	-0.239857	2513	
-0.432033	0.281751	2781	
-0.039318	0.609873	3841	
0.295766	0.011981	6531	
-0.111019	0.530422	2451	
-0.027750	0.365286	2341	
0.546584	0.754084	6803	
-0.779459	-0.516668	6131	
0.950423	-0.207326	606	
-0.406957	-0.418391	706	
-0.391228	-0.120857	3936	
-0.147713	-0.459565	1858	
-0.601607	0.177770	844	
-0.246145	0.078961	6317	
-0.873595	-0.061093	3008	
-0.325847	0.906480	448	
-0.638789	-0.411197	1201	
-0.551890	0.301818	3849	
-0.299672	0.450623	3261	
0.293038	-0.668377	653	
-0.077530	0.606871	5844	
-0.452040	-0.168703	1010	
-0.796077	-0.275397	5459	
-0.185969	0.830600	4371	
-0.420130	0.021562	2947	
-0.370710	0.427364	5870	
-0.881636	-0.163543	3097	
0.046065	-0.618391	4124	
-0.837448	-0.253897	5538	
0.521536	0.401325	3050	
-0.017093	-0.572036	3511	
-0.896314	-0.380359	6267	
0.762334	-0.153549	1988	
0.331104	0.613667	5238	
0.642492	-0.614610	6134	
0.220353	0.576403	5675	
-0.072408	-0.575981	3491	
-0.467544	-0.748157	4498	
-0.090968	-0.678117	5176	
-0.374941	0.156780	4532	
-0.027617	-0.250299	6892	
-0.658445	-0.517857	3901	
-0.145900	0.585302	1541	
0.498078	0.307829	2157	
-0.742786	-0.654859	2678	
-0.787644	0.393305	2981	
-0.420257	-0.020989	2686	
-0.420279	0.428762	5684	
-0.669333	-0.463605	3944	
0.366223	-0.807339	3784	
0.726468	-0.019001	2927	
0.570991	0.735947	6830	
-0.064704	0.728532	3756	
0.331078	0.448934	3096	
-0.450402	0.352857	3729	
0.260214	-0.357659	1935	
0.337198	-0.021220	2061	
-0.795176	-0.019398	3876	
0.327743	0.741242	3746	
-0.400391	-0.095113	3652	
0.622050	-0.638000	328	
-0.266249	-0.679247	1525	
0.886869	-0.169662	5093	
-0.879607	0.040206	3003	
0.273320	-0.358053	1935	
-0.774325	-0.000592	2948	
0.919006	-0.164321	5130	
-0.606138	0.259116	1683	
-0.875887	0.322903	4331	
-0.559786	-0.389097	4149	
-0.225089	0.307626	5882	
-0.815798	0.189555	1796	
-0.867170	0.336894	4331	
-0.645097	0.427062	2887	
-0.111740	-0.833782	1534	
-0.646078	0.222080	2595	
0.852670	-0.154732	3657	
0.769839	0.278128	5018	
-0.019121	0.895532	3667	
0.004147	0.931004	4280	
0.549642	0.023593	1949	
0.558471	0.104583	5047	
-0.192099	-0.392268	5632	
0.082981	-0.210360	2306	
-0.789743	-0.189334	3918	
-0.791529	0.310912	5131	
-0.395820	0.046688	1043	
-0.009028	-0.624741	4996	
-0.045450	0.609066	1365	
-0.404068	0.559395	3905	
-0.404399	0.389480	2537	
-0.123938	-0.720076	1124	
-0.168144	-0.978571	6329	
-0.594910	0.502128	2819	
0.245514	-0.611365	5051	
0.596840	-0.364828	5685	
0.417723	0.833445	298	
0.536969	0.343896	4229	
-0.594361	0.347545	6074	
-0.447059	0.251333	753	
0.441747	-0.547807	5201	
-0.119395	0.544337	3192	
0.160870	-0.543316	4850	
-0.576716	-0.119938	5049	
-0.742515	0.324352	3407	
0.707159	0.351212	3415	
-0.010422	-0.880363	2546	
-0.329451	0.493400	1159	
-0.079815	-0.882310	2425	
-0.436865	-0.628158	3210	
0.382825	-0.326720	760	
-0.987396	0.026589	6029	
0.700806	0.325832	2902	
-0.450247	0.720402	1628	
0.244121	-0.712974	621	
0.330779	0.558927	3440	
-0.541785	-0.308493	3962	
-0.166525	-0.837832	1670	
-0.468463	0.326098	2846	
0.552638	-0.810719	1855	
-0.731404	-0.412067	3730	
0.658861	0.418270	5787	
-0.714721	0.599811	5781	
0.075565	0.369278	3875	
-0.963555	-0.042540	6914	
-0.677924	-0.165061	3537	
0.649896	0.582142	5697	
0.426447	-0.701966	1723	
0.083822	-0.221965	938	
0.039076	-0.966738	567	
-0.057245	-0.991222	6022	
0.389175	0.554986	5568	
-0.706739	-0.321430	5494	
-0.245074	0.690254	5241	
0.585362	-0.076559	4207	
-0.364960	-0.832754	3399	
0.180139	0.619486	1411	
0.783582	0.424469	4031	
-0.112337	-0.667727	4377	
-0.872666	0.323980	4331	
0.026397	-0.375602	5507	
0.329422	0.501652	5044	
0.049255	0.639732	5040	
-0.186113	0.758151	4231	
-0.950311	-0.190358	6292	
-0.959279	-0.254123	2675	
-0.361431	-0.015733	480	
-0.275236	-0.640427	4731	
-0.200827	-0.698279	6526	
-0.514191	0.520197	2129	
0.544123	-0.598299	1573	
-0.504515	-0.267048	5752	
-0.894466	0.269121	6881	
0.757025	0.534085	6334	
0.383718	0.756086	4651	
-0.337039	0.461760	5613	
-0.544748	-0.173867	3575	
-0.283410	0.629037	4939	
-0.366785	0.017956	6296	
0.793521	0.352055	5356	
-0.278175	0.885581	5833	
0.647926	-0.475114	578	
-0.041667	-0.859454	5162	
-0.040632	-0.221054	318	
0.429565	0.497909	3088	
0.031206	-0.551822	2204	
0.150942	0.677153	1457	
0.480056	-0.024624	1110	
-0.483947	-0.138211	1086	
0.779051	-0.213924	5317	
-0.755038	0.502583	4370	
-0.562108	0.391213	1251	
0.440224	-0.591456	447	
-0.887377	-0.288486	5694	
0.984420	0.070134	6861	
-0.130310	-0.386574	4646	
-0.252641	0.834876	4016	
0.504459	-0.413199	6603	
-0.227792	0.819351	2977	
0.824903	0.347852	5546	
-0.214199	0.630746	3455	
0.520324	0.577405	2840	
0.271338	-0.893678	6848	
0.733014	-0.340764	1143	
0.340832	0.501753	5044	
0.907738	-0.310500	5743	
-0.221069	-0.749643	2345	
0.182381	-0.591565	4238	
-0.931399	-0.069847	6445	
0.035254	-0.934454	5413	
-0.022857	-0.373100	1502	
0.553239	0.099766	5047	
0.355801	0.520546	2465	
-0.322488	0.868114	3256	
-0.954555	-0.271941	2675	
-0.065390	-0.359636	2930	
-0.637370	-0.280565	6437	
0.081587	0.847023	5414	
0.139701	0.597644	4344	
0.019609	-0.245325	6351	
-0.532578	-0.707457	4075	
0.685200	0.407920	5630	
0.634629	-0.445611	1341	
0.204670	0.577800	4982	
0.551104	0.597230	4066	
-0.390565	0.707744	1822	
-0.252666	-0.568608	704	
0.703823	0.407225	4406	
-0.012706	-0.726047	474	
0.701505	0.528262	4330	
-0.933071	-0.034001	6743	
-0.051565	-0.473898	5308	
0.800546	0.578902	6023	
-0.709057	0.467757	3874	
-0.532765	-0.245764	2961	
-0.409816	0.481349	5886	
0.205069	0.612188	1346	
0.660454	-0.227345	929	
0.809248	0.195718	2014	
0.203842	0.265164	2287	
-0.444305	0.657226	5137	
-0.797631	0.156387	4577	
0.235764	0.108049	1288	
0.456396	-0.510972	782	
-0.112325	0.770133	3836	
0.575441	-0.736807	6659	
-0.553826	0.748499	6339	
0.300031	0.798427	3872	
0.483460	0.057831	1162	
-0.126400	-0.756161	779	
-0.301717	0.450358	3261	
0.072708	-0.779868	2249	
0.774703	-0.278725	597	
-0.297455	0.204097	1918	
0.181713	-0.661378	4671	
-0.020200	-0.491759	3493	
-0.140367	-0.925221	4080	
0.716215	-0.282243	6431	
-0.000425	-0.845414	2487	
0.698435	-0.507312	5405	
0.154183	0.548304	2560	
-0.331017	0.817097	2538	
0.369903	-0.902975	6219	
-0.498981	-0.061533	994	
-0.426702	-0.881964	2761	
0.715704	0.245092	4725	
0.047552	-0.244995	476	
0.394053	-0.846894	5215	
0.289385	-0.475538	4628	
-0.131031	0.982441	6496	
0.125324	-0.555474	2714	
0.127688	-0.309327	5025	
0.036812	0.612650	3685	
-0.958995	-0.256056	2675	
-0.290153	0.826150	4198	
-0.044733	-0.220185	318	
0.145840	0.919827	3630	
-0.762419	-0.300098	3938	
0.212458	-0.497306	1126	
-0.117537	0.758038	3531	
0.763076	0.195101	2407	
-0.547985	0.309049	3740	
0.534532	0.594069	4066	
0.626608	-0.354351	6858	
0.596840	-0.364828	5685	
-0.071008	-0.854577	1986	
-0.269169	0.216740	2504	
-0.927690	0.115779	3771	
0.882443	-0.024511	5014	
-0.627426	0.611388	2271	
-0.758674	0.635673	436	
0.552474	0.244364	1734	
0.230556	0.293712	5880	
0.059118	-0.727058	580	
0.660398	0.086779	4059	
0.311400	0.647589	1041	
0.505322	0.351512	4272	
-0.814577	0.184202	4581	
-0.626258	-0.307426	4040	
0.659641	0.125468	2456	
-0.277835	0.505801	5569	
-0.481267	0.674705	1650	
-0.210108	-0.792586	3608	
-0.538957	-0.567824	2631	
0.516650	-0.819976	405	
-0.604143	0.551463	3203	
0.580361	0.521354	5721	
-0.451434	-0.341650	2483	
0.601955	-0.391643	6821	
-0.851504	-0.027654	2491	
0.244679	0.052027	315	
0.745013	0.163655	3128	
-0.751371	-0.459829	3738	
-0.773922	-0.413828	3955	
0.247307	0.701661	3224	
-0.440250	-0.598197	2721	
0.323586	0.133300	514	
-0.348775	0.062607	3157	
0.301526	-0.406065	1722	
0.097731	-0.811258	4513	
0.098287	0.600103	4546	
0.563146	0.353514	2752	
-0.511184	0.149698	2311	
0.247442	-0.920060	450	
-0.781576	0.135217	4707	
-0.741954	0.276366	2601	
0.289924	-0.356164	2507	
0.735590	-0.057209	5402	
-0.415282	-0.644232	3244	
0.566584	-0.385006	6543	
-0.597537	-0.180095	864	
0.100092	-0.336202	5127	
-0.114078	0.730964	2059	
-0.428578	-0.207816	1040	
0.618079	0.557509	5233	
0.341130	0.737905	4387	
-0.180900	0.811824	4810	
-0.656987	-0.183013	3049	
0.620949	0.208784	5170	
-0.851956	0.231025	3525	
-0.214051	0.964333	676	
-0.097779	-0.961895	807	
0.112798	0.544117	1916	
-0.272752	0.271069	4785	
-0.102076	0.954790	6044	
0.289757	-0.469530	3917	
-0.341169	0.124305	2917	
-0.590703	0.654605	5245	
0.427759	-0.445490	774	
-0.704120	-0.366942	843	
0.864972	-0.254700	4692	
0.650246	-0.218825	890	
-0.739582	0.241793	2639	
-0.312686	0.551588	5814	
0.146323	-0.590033	2915	
-0.679363	-0.164505	3537	
0.802332	0.220015	1621	
-0.484659	-0.479348	4988	
-0.161105	-0.251813	4700	
0.626946	-0.353636	6858	
-0.204943	-0.910822	6572	
0.805400	-0.203180	5372	
-0.187624	-0.670724	6166	
0.473498	-0.704769	2266	
-0.535902	-0.188586	3754	
-0.828075	0.540943	2757	
-0.504390	0.057712	1903	
0.470645	-0.140446	1056	
0.828762	-0.197791	5294	
0.917837	-0.351368	6349	
0.368953	0.536229	3039	
-0.781818	-0.512333	6131	
-0.321078	-0.827050	4650	
0.558540	-0.569185	6574	
0.559065	0.459479	5453	
-0.985403	0.107414	5996	
0.078372	0.637539	4874	
0.211985	-0.306900	1910	
-0.238051	-0.426930	3016	
0.238438	-0.657620	2791	
-0.504698	-0.725703	4689	
0.735877	-0.479354	5884	
-0.892178	0.376903	5898	
0.001101	0.384207	2545	
-0.190348	-0.059707	817	
0.617756	-0.423552	391	
-0.535241	0.186633	3666	
-0.961886	-0.002625	1420	
-0.008191	0.556417	1696	
0.620510	-0.520616	2136	
-0.525193	-0.336338	4025	
-0.252256	0.583036	5780	
0.243507	0.650520	3073	
0.346813	0.098641	6347	
-0.286769	0.261242	4746	
-0.231579	0.816781	2977	
0.602145	0.710567	4639	
-0.242403	0.540568	1406	
0.800945	-0.524950	6880	
0.233774	0.580628	6087	
-0.140379	0.142084	3803	
0.293136	0.041276	6041	
-0.615857	0.115412	1548	
0.438809	0.410445	5050	
-0.003526	-0.377982	5240	
0.131770	0.548527	3076	
0.466224	-0.677492	1436	
-0.558701	-0.114467	3147	
-0.782501	0.329757	5351	
0.470164	0.031663	4565	
-0.596249	-0.361585	4942	
-0.253985	-0.421996	3016	
-0.370894	-0.458221	973	
0.318516	0.138028	400	
0.516881	0.375913	2796	
-0.818354	-0.233402	1262	
0.056341	0.763118	3437	
-0.024107	0.332609	6620	
0.575825	-0.647473	6357	
0.554386	-0.691916	5268	
-0.127059	-0.567964	3472	
-0.858191	-0.175863	1606	
0.214359	0.552081	4512	
-0.142594	-0.925189	4080	
-0.058075	0.788637	3327	
0.096477	-0.602048	4167	
0.255124	0.603893	6036	
-0.756370	-0.169578	2466	
-0.043554	-0.579711	4004	
-0.075720	0.554451	2416	
-0.068663	-0.413990	5198	
-0.389693	0.419866	3837	
0.836835	0.088311	4444	
0.443881	0.064216	1956	
-0.566677	0.067958	4568	
-0.871995	-0.417002	6038	
-0.027993	-0.286131	5628	
-0.546579	0.188110	3666	
-0.414683	-0.880551	6153	
-0.161658	-0.708639	4172	
0.327876	0.146869	400	
0.112524	0.309961	6654	
0.066980	-0.382367	2557	
-0.620576	-0.466897	917	
0.013545	0.253269	731	
-0.080153	0.705272	2259	
0.588122	-0.275343	6057	
0.250541	-0.723073	621	
-0.677447	0.419319	2899	
0.044318	-0.728381	721	
0.812118	0.193683	2014	
0.552808	-0.513054	1064	
0.316420	0.000832	2302	
0.220793	-0.271687	6346	
0.268393	-0.335746	2085	
0.147853	-0.967781	6364	
0.720140	-0.385843	5803	
0.136824	0.839226	2107	
-0.140609	0.139676	3803	
0.184703	-0.649621	4671	
-0.889972	0.435691	2756	
-0.624957	0.029528	2392	
-0.483230	-0.590339	2704	
-0.122635	-0.445656	5005	
0.788568	0.215993	1559	
-0.505475	0.614953	3940	
-0.490425	-0.795146	3817	
0.038574	-0.694859	464	
-0.658328	0.441517	2667	
0.091987	-0.505478	4306	
-0.063358	-0.693591	859	
-0.451233	0.020436	4078	
0.809235	-0.010681	3236	
-0.269919	0.926991	6171	
-0.652910	-0.525541	3901	
-0.645353	0.537334	5362	
0.057858	-0.815162	3509	
-0.550566	0.571842	3568	
0.334981	0.118685	2864	
-0.345084	0.426191	2641	
0.804925	0.063327	4907	
0.563906	-0.567138	6574	
-0.071471	0.728846	3459	
0.741081	-0.158437	1444	
-0.543858	0.316457	3740	
-0.678802	0.721400	6705	
0.321441	0.928721	6355	
0.359238	-0.497487	4829	
-0.918039	0.372453	2673	
0.099645	0.358406	3828	
-0.612155	-0.450509	701	
0.351525	0.111016	1204	
-0.573594	-0.047986	4849	
0.130972	-0.783859	4064	
0.963024	-0.171718	6066	
-0.223330	0.042256	4381	
0.500544	0.482091	5681	
0.041927	0.814278	5365	
-0.725126	-0.090191	1498	
0.520796	0.251644	1894	
-0.520737	0.680756	5126	
-0.185633	0.775176	4719	
0.447189	-0.608432	892	
0.087743	-0.612892	4167	
0.309424	-0.414841	1876	
0.589415	0.127209	4598	
0.746238	-0.024939	5152	
0.047512	0.558529	2398	
-0.153009	0.347502	6046	
-0.072002	-0.551233	1620	
0.204479	-0.554168	2907	
0.555396	-0.218250	6900	
-0.557412	-0.345753	4718	
-0.044006	-0.672195	5422	
0.704602	0.479636	6117	
-0.894122	-0.424369	396	
-0.734717	-0.151052	1883	
-0.625595	0.044366	1954	
0.326482	-0.514105	5760	
-0.870111	-0.419845	6038	
-0.148251	-0.726672	1124	
-0.635892	0.610858	2600	
-0.595736	0.343655	6074	
0.137890	0.628898	3613	
-0.137275	-0.215434	6265	
-0.928964	-0.057834	6445	
-0.008647	-0.819362	3776	
-0.191165	0.946446	850	
0.610746	-0.341486	5875	
0.867713	-0.239244	2418	
-0.468104	-0.556724	4900	
0.056433	0.808347	5634	
-0.348643	0.099784	3027	
-0.435692	-0.244510	1298	
0.635881	0.133332	4744	
-0.641752	-0.686125	6850	
0.038508	-0.405904	2127	
0.858476	0.049844	5217	
0.449509	-0.736962	5100	
0.778447	0.131795	4722	
0.679282	-0.064229	1551	
-0.363792	0.365556	1787	
0.578440	-0.044712	4946	
-0.144264	0.597699	1541	
0.699137	-0.286512	5187	
0.001978	0.587663	2640	
-0.923029	-0.121894	4439	
-0.314778	0.260590	4771	
-0.507019	-0.094273	2290	
0.941754	-0.268123	6488	
0.432398	-0.775201	5071	
-0.606160	-0.584875	5481	
0.271129	-0.517164	1181	
-0.530164	-0.452076	962	
0.324616	-0.517592	5760	
-0.338815	0.599286	4787	
-0.930437	-0.086420	6183	
-0.734434	0.051560	1765	
0.629255	-0.320985	6555	
0.525895	0.769713	6395	
-0.436969	0.687351	1524	
-0.222067	-0.055280	5954	
-0.275708	0.213608	2504	
-0.335441	0.933351	6018	
-0.908723	0.396901	6641	
-0.790876	0.309226	5131	
-0.889039	-0.400171	826	
0.771147	-0.534891	6342	
0.822405	0.006344	1908	
-0.016757	-0.699200	3995	
0.662501	-0.603635	5306	
-0.466240	-0.606553	3189	
0.343996	0.181241	2598	
-0.782762	0.391144	3264	
-0.293980	0.842335	2648	
-0.482834	-0.106057	997	
-0.126721	-0.482148	1853	
0.717096	0.348978	4536	
0.212146	-0.230356	6122	
-0.165829	-0.338746	5602	
0.642128	-0.321627	6575	
0.037673	-0.597373	4124	
-0.120990	-0.784739	779	
0.225902	0.901307	4455	
-0.545812	0.693613	3040	
0.217705	-0.811238	1629	
-0.567985	-0.218766	903	
-0.728672	0.317707	2742	
0.432269	0.778303	3269	
-0.688093	0.712953	6705	
-0.542816	0.830707	6305	
0.809839	-0.075290	736	
0.027668	0.776761	3922	
0.086744	-0.834836	3020	
0.772979	0.397544	4570	
0.341870	0.185362	3365	
0.193595	-0.779938	5190	
0.740188	0.180065	1579	
-0.393667	-0.909402	6262	
0.237220	-0.454679	5091	
0.584824	-0.620764	545	
-0.794043	-0.173540	3918	
-0.376856	-0.916215	2677	
0.710824	0.623189	5947	
0.504424	-0.834858	5000	
0.172743	0.916257	6280	
-0.259335	-0.443283	2575	
0.646527	-0.477214	1388	
0.040889	-0.844582	4656	
0.217660	-0.382329	1769	
-0.378069	-0.570666	3371	
0.602631	0.443299	6274	
-0.381065	-0.409310	3211	
0.618736	-0.590481	6126	
0.758192	-0.356669	1618	
0.378596	-0.074013	2019	
0.225549	-0.510283	4658	
0.258382	-0.760048	2622	
0.088332	-0.964097	5151	
-0.627384	0.201871	3329	
0.237522	0.233969	2338	
-0.095042	-0.854731	1597	
-0.012599	-0.620911	4965	
-0.728935	0.672381	2730	
0.377053	0.070669	2838	
0.681552	0.486167	3034	
0.718002	0.243957	4725	
-0.056939	0.614521	1365	
0.251734	0.647850	3073	
0.669570	0.347426	2883	
-0.333708	-0.359376	1319	
-0.959222	-0.106874	6873	
-0.441027	-0.269614	6125	
-0.435049	0.457962	5621	
-0.856469	-0.366907	3763	
-0.404204	-0.551624	4441	
0.458812	0.388570	4248	
-0.789526	0.557869	554	
-0.386228	-0.199814	4789	
0.751239	0.272702	4990	
0.615207	0.003739	1313	
-0.783180	0.217577	4904	
0.162126	-0.979045	2680	
-0.597573	-0.099949	885	
0.467451	-0.421799	1721	
0.416726	-0.728320	2387	
-0.500240	0.688005	2496	
-0.547619	0.754251	888	
0.223452	-0.329754	1440	
-0.519935	-0.224517	2949	
0.623646	-0.359142	6076	
0.029527	-0.728984	691	
-0.092467	-0.205116	3636	
-0.391087	-0.101953	3936	
0.476015	0.000072	2215	
-0.031758	-0.792834	2613	
0.431535	-0.636724	336	
-0.797037	-0.484003	6718	
-0.211135	0.047525	3966	
0.602524	0.095212	1745	
-0.430997	0.371852	2687	
-0.993155	0.014840	6029	
-0.340569	-0.143765	556	
-0.199097	-0.830761	5437	
0.725450	-0.651537	1029	
0.220244	-0.222721	6122	
0.095294	-0.425522	1376	
0.737897	0.503408	6458	
-0.080438	0.233092	362	
-0.235161	0.527974	3976	
0.101528	0.706469	5388	
0.233205	-0.374688	1673	
-0.251103	0.933512	5753	
0.854514	0.254387	5195	
0.434702	-0.123178	1345	
-0.124229	0.561626	3665	
0.367292	0.088971	6333	
-0.800855	0.399897	2981	
-0.284719	-0.401770	1730	
0.209941	-0.306072	1910	
0.166620	0.675202	1353	
-0.163066	-0.978780	6597	
0.049239	0.873304	5334	
-0.482505	0.348949	4279	
-0.858665	-0.030975	2491	
-0.275580	-0.891807	6832	
0.727715	-0.064382	1219	
-0.452205	-0.212997	1329	
-0.306285	0.824812	1783	
-0.824933	0.287129	5006	
0.250827	-0.778822	4483	
-0.398763	-0.167150	4502	
-0.540964	-0.512164	2117	
-0.019617	0.890971	3277	
0.095565	0.770665	2592	
-0.176142	-0.557997	1024	
-0.763639	0.050350	3290	
-0.869952	-0.125972	2517	
-0.619806	-0.746843	482	
-0.485055	-0.628547	4678	
0.678340	-0.000730	1889	
-0.469345	0.240678	773	
-0.719390	-0.680413	6321	
0.521992	0.311183	3372	
-0.127780	0.982152	738	
-0.834185	-0.101349	1608	
-0.728604	0.436877	3190	
0.642855	-0.174405	2161	
-0.484936	-0.628430	4678	
-0.078802	-0.856603	1986	
0.309235	0.176287	6244	
0.235636	-0.339981	1616	
0.714709	0.396443	4366	
-0.440022	-0.646890	4554	
0.599725	-0.457941	6102	
-0.195197	0.715641	1340	
-0.807600	0.128970	3271	
-0.293451	0.722850	3241	
-0.086150	-0.509709	1714	
-0.656331	0.382089	5774	
-0.463214	-0.169265	5615	
-0.831336	-0.424995	6194	
0.723631	0.369644	4702	
0.756221	-0.532378	1405	
-0.500003	-0.550170	4123	
-0.917219	-0.315708	6365	
0.363306	0.067057	766	
0.881154	0.175452	4790	
-0.452102	-0.366936	3827	
-0.193115	-0.039468	817	
-0.443067	-0.441261	648	
-0.921143	-0.161035	5809	
0.677279	0.052945	4194	
0.880393	0.037133	5385	
-0.430944	-0.828661	4509	
0.120345	0.343164	3219	
-0.711452	0.604816	5781	
-0.697335	-0.123494	4467	
-0.181557	0.853738	3149	
0.689352	0.368523	4620	
0.552625	-0.412908	1343	
-0.621886	-0.769632	6565	
0.602855	0.496518	5361	
0.034749	0.837504	5354	
-0.764980	0.533360	6381	
-0.808888	-0.524183	6401	
-0.222110	0.130852	6751	
-0.614157	0.526780	5394	
-0.890854	-0.213107	3481	
0.784369	-0.516217	6353	
-0.854137	-0.213516	2236	
0.421834	-0.762092	5063	
-0.475011	-0.344146	3496	
0.533222	0.046360	3031	
-0.294656	-0.207064	1922	
0.114488	0.671781	4012	
-0.056488	-0.843557	5220	
0.622543	-0.698034	6885	
0.308125	-0.719327	1100	
-0.830863	-0.206634	1601	
0.269250	-0.749074	623	
-0.379820	-0.304697	1121	
-0.767880	0.328537	5438	
-0.594063	-0.361789	4942	
-0.028888	-0.373729	1502	
-0.120666	0.327472	2573	
0.210442	-0.642541	3748	
-0.663288	0.508611	4506	
-0.161972	0.715113	2313	
0.102039	0.922816	6777	
-0.041962	0.642129	1378	
-0.516895	0.449722	2329	
-0.392416	-0.038633	2581	
-0.089204	-0.448426	2050	
0.163443	-0.309464	4867	
-0.478854	0.310382	2360	
-0.977311	-0.145578	305	
0.727476	-0.055601	1219	
0.434830	-0.414286	2031	
0.660123	0.123498	2456	
-0.389796	-0.354759	1068	
-0.835691	-0.288507	5747	
0.484282	0.327864	2629	
-0.092204	-0.581214	3998	
-0.820857	0.358017	5625	
0.575652	-0.570257	6574	
-0.154738	-0.602512	5885	
-0.238211	0.700806	4846	
0.492753	-0.493367	858	
-0.473303	-0.346617	3496	
-0.461424	0.689618	2212	
-0.029366	-0.819134	4764	
0.779054	0.135532	5297	
0.752131	-0.346713	1098	
-0.285644	-0.293084	2609	
-0.073185	-0.446328	1455	
-0.365668	0.766648	1587	
0.145900	0.590952	4344	
-0.904495	0.403615	6641	
-0.696895	0.706126	6530	
-0.675445	-0.030524	4507	
0.349383	-0.590659	4908	
-0.203803	-0.953849	5975	
-0.374430	0.123511	4593	
0.542003	-0.412259	1198	
-0.030750	-0.311814	5368	
-0.035801	-0.728893	4358	
-0.325553	-0.343810	3303	
0.390449	-0.886198	808	
0.599114	0.285554	5555	
-0.557796	-0.682141	3524	
0.679625	0.637595	4139	
0.775145	0.114678	5712	
0.254728	0.070375	5902	
-0.121888	-0.349246	3442	
-0.115695	0.561059	3665	
-0.538912	-0.318675	4428	
-0.641275	0.555934	5670	
0.676860	0.448654	6160	
0.418728	-0.369761	501	
-0.400162	-0.036105	2265	
-0.486292	0.695710	2146	
-0.973941	0.175589	920	
-0.344359	-0.377481	5868	
0.711845	0.253988	4795	
0.237065	-0.345632	1616	
-0.026484	-0.558915	3684	
0.596918	-0.237002	6540	
-0.496572	-0.274247	5752	
0.145222	0.915705	3630	
0.390933	-0.618545	502	
0.448958	-0.014661	2453	
0.569881	-0.732242	6659	
-0.984258	0.088316	6028	
-0.745552	0.166517	3164	
0.807616	0.389111	4334	
-0.180260	-0.660346	6166	
-0.437495	-0.220367	1040	
-0.610734	-0.293995	4359	
0.273999	0.198059	6243	
-0.830378	0.059676	3022	
-0.698185	-0.541504	3964	
0.755221	-0.430516	4852	
0.516321	0.837340	2780	
0.332816	-0.033385	2061	
0.158226	0.559991	4480	
-0.465143	-0.250708	6224	
0.331673	0.502292	5044	
-0.058696	0.601178	1365	
0.077655	-0.491146	1410	
-0.780870	-0.483364	5119	
-0.704931	-0.192992	2888	
0.238111	0.101428	1288	
0.094382	-0.572756	4485	
-0.535952	-0.318481	4428	
-0.126226	-0.448604	5005	
-0.666581	-0.700026	905	
0.025120	-0.686774	4574	
0.379723	-0.398895	2054	
-0.396618	0.739268	2551	
-0.248171	-0.325695	1678	
0.094554	-0.309057	4667	
-0.116459	-0.552504	1638	
0.335454	0.471882	5310	
-0.087335	-0.584449	4210	
-0.270468	0.277490	4785	
0.932414	-0.115288	6630	
0.869768	0.096297	5851	
-0.564364	0.533510	2492	
0.131040	-0.417391	1315	
-0.392661	0.734277	1686	
0.508139	0.496077	5429	
-0.496519	-0.324627	2652	
0.049334	-0.739324	1349	
0.211235	-0.566541	3669	
0.383008	-0.556622	1038	
-0.766843	-0.206682	3553	
-0.040737	0.761024	5200	
-0.805369	-0.362817	3010	
0.825861	0.527311	5993	
0.258547	-0.543173	2237	
-0.771712	0.412072	2762	
-0.924889	0.093480	6713	
-0.190081	-0.311786	3526	
-0.579224	0.536878	3203	
-0.941906	0.188766	428	
0.783449	-0.294712	6389	
0.811191	0.042745	4713	
-0.325131	0.723248	4793	
-0.761503	0.394068	3285	
-0.317442	0.481320	5616	
-0.074005	-0.608399	4528	
-0.002138	0.780896	5522	
-0.345139	0.168455	2914	
-0.404391	0.108775	663	
-0.712574	0.144569	2328	
-0.747730	0.370804	4649	
-0.003718	-0.435432	2691	
0.254662	0.549032	5769	
-0.010445	-0.554438	2836	
0.596840	-0.364828	5685	
-0.221023	0.627788	3455	
-0.105105	-0.553790	1506	
-0.092943	-0.775305	2273	
-0.304563	0.618120	4801	
-0.093172	-0.401745	5199	
0.146174	-0.714428	4627	
-0.399265	-0.694402	4007	
0.595692	-0.772237	6209	
-0.765180	0.144333	4707	
0.139505	-0.764255	1357	
-0.071415	0.608929	5844	
-0.685528	0.474604	3690	
0.904587	0.216594	5033	
-0.777102	0.517943	4356	
-0.941627	-0.316752	6025	
-0.422808	-0.896881	2761	
-0.578140	-0.122259	5049	
-0.824653	-0.168845	1773	
-0.203407	-0.700421	3972	
0.294443	0.014628	6531	
-0.254545	-0.756780	2955	
-0.228256	-0.832266	5529	
-0.321079	-0.184170	2931	
0.004092	0.640614	4211	
-0.181485	0.122636	3585	
0.341174	0.716224	4284	
-0.301680	-0.789619	1960	
-0.475047	-0.301842	6169	
0.186063	-0.821234	5283	
-0.011318	-0.698959	3995	
0.185927	0.600054	4984	
0.046454	-0.548396	2973	
-0.724144	0.282022	2601	
0.303604	-0.385539	1711	
0.931636	-0.016849	6802	
-0.238154	-0.654677	4141	
0.200624	-0.793891	5190	
-0.442406	0.713047	1628	
0.651633	-0.280108	6304	
0.648956	0.442945	999	
0.375749	0.794965	2975	
0.581045	0.401883	5768	
0.763671	0.246305	3333	
-0.218003	0.698752	1326	
0.978399	-0.016617	6486	
-0.855859	0.372791	559	
-0.589458	0.217140	1987	
0.533201	-0.493868	5444	
-0.931261	-0.067353	6445	
-0.826842	-0.432377	6811	
-0.188813	0.664545	5107	
-0.867521	0.343816	4331	
-0.473304	0.655247	5432	
0.103841	-0.435183	1359	
-0.468133	-0.295311	6169	
0.429913	-0.829514	5517	
0.510912	-0.824067	405	
-0.349662	-0.039202	3703	
-0.768248	0.418836	2762	
0.593990	0.514476	5721	
-0.750925	0.201518	3115	
-0.494397	0.622942	5179	
-0.370684	0.483410	1403	
0.004783	-0.727863	4372	
0.667197	0.567814	5740	
0.565261	-0.466578	5642	
-0.173625	0.555502	4097	
-0.470007	-0.766801	3830	
0.504523	0.715232	2910	
-0.370864	-0.425310	3654	
-0.497152	0.205790	2244	
-0.727510	-0.489071	4837	
0.720410	-0.447538	5134	
-0.591886	-0.197658	546	
0.236712	-0.639102	1747	
0.325402	-0.614213	4662	
-0.804304	-0.142190	5288	
0.862146	0.021790	5154	
-0.441963	0.392044	3915	
-0.437530	-0.827521	4509	
0.071437	-0.593305	3638	
-0.198623	-0.234640	2303	
-0.797803	-0.481773	6718	
0.082859	-0.250852	1050	
-0.793030	-0.595422	5998	
0.644975	-0.621520	322	
-0.126139	0.209523	683	
0.478618	0.028750	3859	
-0.527997	0.268283	3536	
0.608363	-0.205868	1691	
0.141029	0.628269	3613	
0.358320	-0.596193	5010	
0.367228	-0.807752	3784	
-0.185734	0.167712	473	
0.103059	-0.438609	1359	
0.720464	0.455544	1111	
-0.243082	0.071373	6583	
0.603142	-0.789298	1705	
-0.567653	-0.536172	3028	
-0.780223	0.502947	6563	
0.435891	0.477994	4918	
-0.218246	-0.814292	5702	
0.068562	-0.299441	4578	
-0.181043	0.301863	2876	
-0.690883	-0.145565	3845	
0.454348	-0.000463	2215	
-0.958776	-0.135068	432	
0.532916	0.293087	3231	
-0.384069	0.382969	2450	
-0.456417	-0.750502	4111	
0.721765	0.280712	4740	
0.411474	0.834663	316	
-0.112222	0.628207	1331	
0.047182	0.596494	4322	
-0.517464	0.837216	6336	
-0.904479	0.405314	6641	
0.347390	0.102855	1204	
0.194268	-0.519792	2139	
-0.636919	0.571622	5703	
0.590138	-0.175053	6452	
-0.568842	-0.053207	4849	
0.610746	-0.341486	5875	
0.111447	0.308703	6654	
-0.164438	-0.776615	2317	
0.615976	-0.614142	558	
-0.769173	0.588927	5222	
-0.694238	-0.466842	4665	
0.591988	-0.266586	6388	
-0.142812	0.358963	1294	
-0.941752	-0.224552	6822	
0.180574	-0.563921	3778	
-0.460431	-0.367550	3827	
-0.381270	-0.363011	1068	
0.555976	-0.538596	5648	
0.286043	0.581457	3051	
0.260072	0.557740	5769	
-0.409730	-0.413825	3682	
0.417079	-0.668708	1708	
0.146953	-0.251704	1943	
0.309611	-0.488524	1239	
0.774411	0.152187	5829	
-0.120922	0.983124	738	
0.097363	-0.253314	6390	
0.449378	0.075751	1956	
-0.123208	-0.455751	1933	
-0.368291	0.050286	1373	
-0.934195	0.003085	6520	
0.284602	-0.295201	5952	
-0.292288	-0.238235	3857	
-0.334266	-0.479182	4077	
-0.146700	-0.350160	5596	
-0.240821	-0.640827	3345	
0.174436	-0.907083	5890	
-0.889918	-0.279870	3850	
0.683859	-0.435283	1821	
-0.013965	-0.438086	4179	
0.427773	-0.528605	714	
-0.678027	0.375351	2597	
0.886287	-0.139747	466	
-0.116181	0.721990	1961	
0.448159	-0.769386	5265	
-0.463636	-0.316764	2342	
0.690977	-0.424463	1069	
-0.095310	0.331607	2508	
0.054783	0.888924	3335	
0.261009	-0.346950	1935	
-0.821373	-0.325370	4214	
-0.391705	-0.561393	3371	
-0.045745	0.889365	3557	
-0.917142	-0.173300	6097	
0.519639	0.053069	3031	
-0.460865	-0.611530	3189	
-0.805288	0.345821	5244	
-0.232906	0.498978	3356	
0.253244	0.086057	5902	
0.667216	0.639678	3611	
-0.924133	0.124227	5232	
0.073673	-0.384255	2557	
-0.419145	-0.198853	4203	
-0.446383	-0.708238	4146	
-0.035387	-0.479864	1557	
0.494463	0.627961	5207	
-0.451931	0.583442	3550	
0.051760	-0.779562	1127	
0.380649	-0.386521	2054	
0.399666	0.144317	6137	
-0.256275	-0.849025	1574	
-0.126678	0.768271	3566	
-0.190094	-0.052669	817	
0.684231	0.136121	5687	
-0.204435	0.157178	1161	
0.808681	-0.067386	327	
-0.513545	-0.659324	4613	
0.432661	-0.827911	5517	
-0.935907	-0.254348	6908	
0.490954	0.851962	6478	
-0.655406	0.207217	3033	
-0.636615	0.678242	5966	
0.036004	-0.332357	5439	
-0.128819	-0.177816	856	
0.244096	-0.854554	2568	
-0.665101	0.154437	642	
-0.457126	0.041386	983	
-0.580088	-0.609568	5324	
-0.098021	-0.356816	3413	
0.194384	-0.973165	6823	
-0.430933	-0.038383	2686	
-0.219417	-0.284078	3137	
-0.450170	0.430776	1125	
-0.540569	-0.535391	2117	
0.261740	0.022656	634	
0.123023	-0.461915	2163	
-0.926178	-0.114702	4439	
-0.788616	-0.602772	2766	
0.731207	0.577029	6226	
0.225458	-0.551363	2012	
-0.765044	-0.380418	3956	
-0.384282	0.077370	494	
-0.683921	0.633728	3673	
-0.097848	-0.605232	4264	
-0.419865	-0.008075	2844	
0.600861	-0.367832	5685	
0.094533	-0.611742	4167	
-0.056415	-0.879814	4563	
0.587092	-0.462972	6102	
-0.522045	-0.090873	2290	
-0.361395	0.130853	4452	
0.625438	-0.695721	6885	
0.717603	0.238394	4725	
0.223397	-0.657881	2791	
-0.299207	0.718320	3241	
-0.423892	0.468640	5621	
0.813642	0.451088	5039	
-0.091128	-0.583430	3998	
0.063710	-0.561663	3596	
0.860036	-0.281611	6552	
0.146335	0.863788	1718	
0.359183	-0.048033	1867	
0.094929	-0.836412	3020	
-0.225202	0.930828	6787	
0.160466	-0.343433	2268	
0.019373	-0.585527	3625	
0.564716	-0.580931	6392	
-0.481542	-0.841003	300	
0.506335	-0.544834	636	
-0.625465	0.011960	3593	
0.222020	0.314355	5671	
-0.876999	-0.024952	2966	
-0.809949	0.459632	6281	
0.107485	-0.898031	4382	
-0.881690	0.045435	3003	
-0.500937	0.314517	2878	
0.590047	0.302104	5802	
-0.683133	-0.250197	2716	
0.053766	0.579289	2855	
0.541862	-0.458384	5720	
0.078533	-0.934037	630	
0.875050	-0.303474	4858	
0.553885	-0.590254	1582	
0.134496	0.781537	3074	
0.464215	0.693695	1795	
0.217916	0.582509	5675	
-0.210236	0.600369	5410	
-0.339189	-0.347456	6151	
-0.589348	-0.370849	4893	
-0.436397	0.390481	5904	
0.467485	0.805742	4446	
-0.452194	0.770809	3844	
0.113644	0.705278	5411	
-0.145205	0.519354	2758	
0.682815	0.386762	4267	
0.526575	-0.411873	1198	
-0.499143	0.323405	2878	
0.177059	-0.703895	662	
0.461040	0.643624	3965	
0.768749	0.177932	1439	
0.486716	-0.134814	1093	
-0.238498	0.058574	6583	
-0.355229	-0.204942	4326	
0.655840	-0.526523	5746	
0.185888	-0.824990	5283	
-0.184076	0.757412	4231	
0.101711	0.634789	4086	
-0.128616	-0.856899	4802	
-0.293383	0.442370	2827	
0.309141	0.615266	6096	
0.493959	-0.389054	6673	
0.544023	-0.486154	5444	
0.647994	-0.107248	6308	
-0.645609	0.369820	1725	
0.311860	-0.943077	478	
-0.100974	0.527142	2451	
0.511714	0.317816	2642	
-0.513067	-0.633344	1937	
-0.419699	-0.459861	697	
-0.090219	0.697270	1076	
0.008398	-0.313630	4321	
-0.589300	-0.776634	2684	
0.477057	-0.123187	898	
0.623735	-0.551745	5426	
-0.637905	-0.729837	6460	
0.696665	0.615734	6407	
0.786098	-0.014151	1692	
-0.747266	0.201432	3115	
0.893496	0.041107	5385	
-0.679419	-0.410709	2903	
-0.598587	0.610567	2775	
0.608943	-0.460031	1225	
-0.896172	-0.256913	3806	
-0.303540	0.696095	2857	
0.111866	-0.395928	2808	
0.641421	-0.564408	5381	
-0.138653	-0.874441	3647	
-0.328633	-0.909781	748	
-0.268114	0.806831	4245	
-0.135430	0.919296	6482	
0.041066	-0.694612	464	
-0.128091	-0.715012	1124	
0.614930	-0.485396	5209	
0.309965	-0.755405	2746	
0.705788	0.134720	5345	
0.626443	-0.748895	5934	
-0.506433	-0.097880	2610	
0.057203	0.556651	2398	
0.325665	-0.321728	6723	
0.658185	-0.269389	5918	
-0.837169	0.407443	6494	
-0.074595	0.598855	5844	
0.600346	-0.368767	5685	
-0.105462	-0.775217	507	
0.278923	-0.462561	3917	
-0.562124	-0.157019	3839	
-0.164295	-0.324900	2995	
0.193675	0.307014	4271	
-0.095113	-0.236608	770	
0.401557	-0.547634	4104	
0.864744	-0.148953	3657	
-0.793650	0.024084	4318	
-0.422752	-0.176533	4841	
-0.287293	-0.589735	2247	
0.298519	0.651646	1041	
-0.500374	-0.150392	897	
0.031533	0.964047	725	
0.688034	0.170573	3267	
0.077099	0.230117	4216	
-0.275959	-0.249267	3266	
-0.636858	-0.683215	6850	
0.255333	0.081507	5902	
-0.382081	0.116708	861	
-0.364201	0.034385	5971	
-0.503681	0.241181	2082	
-0.618231	0.770978	1240	
-0.728702	0.494877	3954	
-0.801044	-0.254588	5646	
-0.761689	0.633133	436	
0.166029	0.674819	1353	
-0.878454	0.086900	3759	
-0.427272	-0.777265	3004	
-0.752502	-0.107805	2971	
0.946424	0.058039	6417	
0.107541	0.325211	6654	
-0.329606	-0.748343	4903	
0.790819	-0.436248	5407	
-0.414808	-0.698628	4308	
-0.190928	-0.533627	3465	
-0.106930	-0.832471	1534	
0.520210	0.246480	1894	
0.221295	0.903856	4455	
-0.098649	-0.441956	5485	
-0.128646	-0.262240	4745	
-0.073705	-0.234021	657	
-0.619810	0.769391	1035	
0.141493	0.672154	1457	
-0.415580	-0.199191	4186	
-0.339557	-0.121288	628	
-0.807971	0.115595	3822	
-0.163264	0.299378	3357	
-0.531497	-0.766543	5272	
-0.296804	-0.418697	1881	
0.029738	0.359783	1909	
0.093809	0.785220	3477	
-0.815287	-0.176210	5168	
0.814200	-0.454686	5570	
-0.594971	0.560638	5644	
-0.333395	0.251903	4748	
-0.010206	0.879775	2556	
-0.888349	-0.395275	826	
-0.620170	-0.226340	2096	
0.278389	0.789278	3872	
-0.068406	0.846198	2926	
0.178944	-0.506349	2873	
-0.328953	0.192039	3589	
0.599948	0.155720	1873	
-0.572045	0.403810	1246	
-0.942924	0.224652	6124	
-0.219030	-0.854932	5700	
0.764459	-0.413156	5140	
0.668713	0.081828	4059	
-0.584336	-0.662974	3542	
-0.420749	0.374531	2687	
0.645513	0.307981	2234	
0.877875	-0.190492	5271	
-0.614946	-0.230048	5590	
0.485073	0.652357	5016	
-0.991801	-0.013920	2765	
0.712519	0.248918	4725	
-0.827604	-0.306145	5804	
0.268590	-0.431679	3704	
0.461414	-0.510399	782	
-0.597111	0.499560	2819	
0.020409	-0.483965	2213	
0.808996	-0.080209	5015	
0.868116	-0.235340	5230	
0.873461	0.185500	4551	
-0.119028	-0.283188	2205	
-0.648430	0.672263	3860	
0.488376	0.612287	3317	
-0.170109	-0.177490	1166	
-0.131875	-0.877417	3647	
0.429759	0.779472	3269	
-0.960192	-0.124560	6873	
0.591845	0.312637	5802	
-0.914230	0.181869	5841	
0.086441	-0.217438	938	
-0.257836	-0.023373	2067	
0.542396	-0.704323	5338	
0.211581	0.661235	2656	
-0.400312	-0.907423	6262	
-0.076890	0.792095	1322	
0.664294	-0.140736	1861	
-0.338466	-0.786016	2998	
0.888702	-0.142736	466	
0.474539	0.731216	2885	
0.756525	-0.425728	4852	
0.573989	0.130132	4598	
-0.376857	-0.561830	4163	
-0.244800	0.645064	5191	
0.613677	-0.446000	557	
0.515243	0.279251	3231	
0.059380	0.710946	5346	
0.535594	0.424972	3395	
-0.120367	0.543827	3192	
-0.605823	0.638457	2587	
0.688623	-0.538211	3341	
-0.264465	0.636829	5120	
-0.990337	-0.073199	2682	
0.283999	-0.669980	734	
-0.030930	-0.472151	3855	
-0.056509	0.218285	6567	
-0.187015	0.941465	850	
-0.414740	-0.559693	2566	
0.816707	-0.121363	1028	
-0.121338	-0.720961	1727	
-0.308456	0.455700	3261	
0.205143	0.752689	3095	
0.640175	-0.423151	646	
0.611486	-0.203921	1691	
0.039013	-0.193464	810	
0.380812	-0.390102	2054	
0.325745	0.790239	3930	
0.144220	0.803429	5092	
0.877972	-0.097514	1775	
-0.800383	-0.480597	6718	
-0.527577	0.032773	2355	
-0.269697	-0.522519	1008	
-0.389076	-0.345039	1472	
-0.036142	-0.775747	2233	
0.382144	-0.132780	439	
-0.021119	0.776477	5508	
0.647225	-0.051835	1789	
0.607625	-0.765464	6473	
-0.588021	-0.663925	3542	
-0.590708	0.055897	866	
0.204610	0.851956	3402	
-0.490506	-0.626903	4678	
-0.373139	0.811747	2901	
-0.586869	0.725860	4412	
-0.187005	0.738564	3131	
-0.624032	-0.560726	2793	
-0.388076	-0.292089	969	
-0.547880	-0.251643	3397	
0.242848	-0.509717	1270	
-0.613579	0.070294	851	
-0.806811	-0.270058	5459	
0.494237	0.432084	4294	
0.091936	-0.315982	5336	
0.484143	0.725414	2885	
0.552641	-0.048661	5552	
0.834167	0.521224	6014	
-0.121289	0.729600	2059	
-0.392726	0.751727	2551	
-0.285656	0.196186	1802	
-0.453523	0.515042	3789	
-0.776130	-0.518997	6131	
0.017902	0.332099	280	
-0.654026	-0.205564	2357	
0.033642	0.578857	2389	
-0.549667	0.407873	3000	
-0.884803	0.298954	3882	
0.569402	0.037710	1613	
0.294676	0.741181	3933	
0.624189	0.496326	2202	
-0.958239	-0.100627	6873	
0.521597	0.839897	2780	
-0.035745	0.928574	4395	
0.581985	-0.174613	6452	
0.638263	-0.686244	6885	
0.427717	-0.382837	6203	
0.195215	-0.335413	1715	
0.246802	-0.722892	621	
0.259150	-0.704619	4379	
0.478301	0.636468	5207	
0.204881	-0.819322	5519	
0.318012	0.788526	3930	
0.899752	-0.015184	5053	
0.571317	0.151185	3931	
0.433252	0.818960	497	
-0.394696	-0.048749	2581	
-0.369312	-0.234905	4817	
-0.735503	0.575053	6116	
-0.773760	-0.029252	2990	
-0.312759	0.217964	3572	
-0.182012	0.666154	5107	
0.011153	0.984851	6440	
-0.988127	-0.020082	5986	
-0.042730	-0.932475	3570	
0.165303	0.183925	361	
0.523490	0.215984	1864	
0.114450	-0.568445	4885	
0.163589	-0.509972	2873	
0.096657	0.705937	5388	
0.537539	-0.047186	5552	
-0.368188	-0.216305	4817	
-0.330803	-0.181026	2931	
-0.215391	0.123187	1165	
-0.847732	-0.463306	1320	
-0.428736	-0.695832	4133	
0.730242	-0.612646	6902	
-0.588065	0.535815	3203	
0.116508	-0.311492	5183	
0.170033	-0.776280	2653	
0.846662	-0.059406	6138	
-0.313003	-0.540314	524	
-0.710802	0.598144	5781	
-0.768865	0.455552	3713	
-0.592607	0.484257	2495	
0.556913	0.005973	1917	
0.656648	-0.610721	5306	
-0.082426	-0.963954	6741	
-0.862300	0.491695	2783	
0.465892	0.034484	4565	
0.873538	-0.120233	443	
0.726185	0.114644	5379	
-0.273475	-0.296363	5477	
0.208543	0.151861	743	
0.459939	-0.028623	1015	
-0.279354	-0.953035	2737	
-0.720434	-0.593654	5776	
0.541123	-0.393482	1106	
-0.084608	0.386405	4602	
0.294876	-0.593895	3772	
0.885685	0.428044	6587	
0.070185	-0.694704	4024	
-0.505479	0.260156	2515	
-0.128161	0.784453	3566	
-0.512012	-0.819717	357	
0.010140	-0.600475	4524	
0.294039	0.222088	3741	
0.480742	0.660845	2001	
0.067298	0.928331	3843	
0.606669	0.048065	1797	
0.791229	-0.142610	4413	
-0.005541	0.690799	3818	
0.728716	0.062271	5035	
-0.251879	-0.606879	2239	
-0.928298	-0.351725	2736	
-0.344228	0.444586	3904	
0.588699	-0.667187	5011	
0.307023	-0.403603	1722	
0.640799	0.394408	5828	
-0.346863	-0.563745	2165	
0.889854	-0.111296	2016	
-0.165857	0.917049	4376	
0.486790	-0.146024	1093	
0.892745	-0.043523	4733	
0.170410	0.853355	5254	
-0.801181	-0.285650	5775	
0.489569	0.516866	4099	
-0.036074	0.690017	4042	
0.232203	-0.335044	1616	
0.313910	-0.427403	1978	
-0.550617	0.037124	2909	
-0.351375	-0.272512	3504	
-0.016831	-0.971196	6710	
-0.411719	0.837189	6295	
0.635876	-0.289206	1342	
-0.384819	0.502150	2307	
0.051824	0.596266	4322	
-0.473405	0.558511	1537	
-0.029314	-0.297701	5628	
0.294992	-0.408818	2039	
-0.109118	-0.449493	5485	
0.087882	0.541925	3235	
0.801337	-0.384851	5419	
-0.931814	0.255719	6631	
-0.177309	-0.746146	529	
-0.710768	0.692487	6056	
0.762239	0.354991	4672	
0.837938	0.177669	2229	
0.598416	-0.557855	6609	
-0.698271	0.454596	3708	
-0.169499	-0.433131	2428	
0.013173	0.815496	1901	
-0.363291	0.356292	1787	
-0.304922	-0.543961	524	
-0.639262	0.442347	2667	
-0.506998	0.133473	2395	
-0.512621	-0.659873	4978	
-0.561756	0.105008	4032	
0.640710	0.479186	2195	
0.247575	-0.368964	2072	
-0.381926	0.438254	5649	
-0.877856	0.086468	3759	
0.708668	-0.242596	5455	
0.541552	0.417772	3050	
-0.355462	0.925807	2664	
-0.761323	-0.612826	5989	
-0.461242	0.430827	1132	
0.035099	-0.306178	4475	
-0.685574	-0.243324	2716	
-0.343906	0.477201	1173	
-0.160884	0.582510	1245	
-0.300450	-0.380556	1445	
-0.346388	-0.638075	2726	
-0.835342	-0.422295	6194	
-0.554000	-0.397507	4149	
-0.933376	-0.331649	6025	
0.521883	-0.484066	5471	
0.004363	0.990502	6440	
-0.473394	-0.161571	5615	
0.344516	-0.501520	5105	
-0.526463	-0.506283	1572	
-0.268143	0.887876	5833	
0.344169	-0.473614	4626	
0.916509	-0.331571	6468	
-0.521570	-0.016176	2043	
-0.354646	0.918311	2664	
0.175913	-0.592560	4238	
0.199424	0.755840	3095	
-0.907971	-0.395444	826	
0.871352	0.465300	2833	
0.340232	-0.919422	6750	
0.019913	0.733032	2106	
0.150513	-0.874743	3171	
0.111275	0.723982	1643	
-0.605350	-0.579615	5481	
0.213706	-0.465607	4569	
0.322955	0.761419	4089	
-0.792129	-0.072089	5103	
-0.001850	0.706291	4215	
-0.822263	-0.143311	2911	
-0.987377	-0.082691	2682	
-0.197117	-0.725383	530	
-0.192517	0.637940	3503	
0.376274	-0.386297	2054	
0.344989	-0.334384	6712	
0.638822	0.173472	2361	
-0.479022	-0.151296	1392	
0.228371	-0.940799	450	
-0.239472	0.859643	4013	
-0.761968	-0.606641	5989	
0.545622	-0.210471	6414	
-0.356962	0.778039	4189	
-0.033971	0.557065	1776	
-0.133687	0.590252	1541	
-0.398490	-0.894350	6262	
-0.740369	-0.029012	3384	
-0.572683	-0.112402	5266	
-0.602198	0.333521	6074	
0.247217	-0.274500	1879	
-0.032399	-0.380627	3383	
-0.319302	-0.752649	4903	
-0.823908	-0.145373	2911	
0.662990	0.721459	6159	
-0.719455	-0.250214	2473	
-0.730456	-0.320309	5793	
-0.149656	0.601944	1541	
-0.623381	0.645550	3176	
-0.343233	0.515487	5564	
-0.482460	0.624829	5442	
0.698189	-0.333020	6706	
-0.221408	-0.386958	1468	
-0.330888	0.399676	2605	
-0.099298	-0.691494	4220	
-0.405883	-0.426411	706	
-0.990913	-0.023164	5986	
0.596840	-0.364828	5685	
0.366160	-0.428244	4879	
0.303983	-0.920338	525	
-0.803341	-0.249998	5646	
-0.232941	-0.758605	3554	
-0.934296	0.046994	6675	
0.678388	-0.001477	1889	
-0.573577	0.144007	6241	
0.447019	0.556232	1150	
-0.477105	0.802658	6562	
0.845694	0.120372	6079	
0.145074	0.619918	3613	
0.414781	-0.359087	700	
0.712547	-0.296825	845	
-0.177591	-0.454362	2286	
0.359444	-0.436901	4879	
-0.548473	0.446456	5729	
0.366324	-0.810179	3784	
-0.298518	0.559720	5814	
-0.025532	0.247329	6747	
-0.588591	-0.403489	4116	
-0.552694	0.543540	2492	
-0.510792	0.459787	2329	
-0.289468	0.281131	752	
0.748365	0.406933	2240	
-0.243047	-0.372033	2426	
0.465040	-0.142238	1056	
-0.546641	0.637951	2312	
0.328096	0.147314	400	
0.418588	0.129244	2218	
-0.789278	-0.089145	5103	
0.582178	0.677225	3467	
0.532841	0.469751	5705	
-0.777310	-0.071373	3417	
0.295824	0.645994	5298	
0.002639	0.990856	6709	
-0.352158	-0.494369	698	
0.549427	0.430995	4026	
0.522433	-0.173710	5393	
0.380488	-0.402214	2026	
-0.785735	0.387874	3264	
0.569592	-0.539626	6284	
-0.445996	0.295173	2088	
-0.275475	-0.655956	4736	
0.816592	0.369385	5526	
-0.594686	0.370303	1859	
-0.018685	0.830424	5169	
0.264888	0.568245	5701	
-0.042063	0.793301	3327	
0.795596	-0.570450	6287	
-0.047779	-0.452210	5452	
0.012253	-0.298454	4350	
0.531891	0.663082	5315	
0.686080	0.465674	6075	
-0.223793	0.127903	1487	
0.258445	0.259709	3161	
-0.835031	0.417587	3831	
0.358802	0.801642	3683	
0.814132	-0.345236	2524	
-0.619547	0.343831	5790	
-0.556537	-0.112294	3147	
-0.485162	-0.332507	2652	
0.109588	-0.462163	2163	
-0.383708	0.375485	2450	
0.759320	-0.323333	1594	
0.718944	-0.173098	1101	
0.079504	-0.501092	1759	
-0.789299	-0.499154	6260	
-0.382115	0.149404	2862	
0.259660	0.653542	3073	
-0.038284	0.930095	4395	
-0.574501	0.401344	1251	
0.759267	0.354576	4619	
0.063823	-0.931491	627	
-0.592672	-0.656396	3160	
-0.457344	0.721523	1628	
-0.245623	-0.743657	894	
-0.245650	0.015886	719	
-0.571622	-0.550397	3028	
-0.784583	0.112245	4442	
-0.316199	0.788569	1712	
0.643693	-0.613717	6134	
-0.492438	-0.860272	2789	
-0.320608	0.728585	4793	
0.535161	-0.076865	4767	
0.719518	-0.272590	6431	
-0.244799	-0.550496	704	
0.584114	-0.743471	1118	
-0.307591	0.589835	3322	
0.188108	0.911515	6280	
-0.462914	0.505776	3789	
0.128948	-0.451371	2163	
-0.283515	-0.741621	2893	
0.220446	-0.483036	1309	
-0.160395	-0.533641	2994	
-0.239076	-0.654239	4141	
0.982104	0.048624	6504	
-0.503452	0.368112	4595	
0.072781	-0.487996	1410	
-0.182798	-0.375143	4579	
-0.189947	0.663042	4046	
-0.167621	0.914489	4376	
0.521578	-0.411677	6603	
-0.218914	0.779486	4431	
-0.292757	0.514878	1193	
-0.009048	0.244917	6594	
-0.166878	-0.590282	5926	
0.539054	-0.048001	5552	
0.481058	0.375324	4644	
0.504808	0.423679	5046	
0.818736	0.244330	3871	
0.296223	0.011301	6531	
0.224628	0.130732	308	
0.551496	-0.078766	4734	
0.862790	0.174765	3751	
0.229616	-0.569277	3091	
-0.780579	0.505729	6563	
-0.028857	-0.415019	4253	
-0.490073	0.338633	4279	
0.404339	-0.348662	6448	
-0.721688	-0.510640	5031	
-0.681048	0.478759	3690	
0.205779	-0.774298	3935	
0.257236	-0.555802	3294	
0.894980	-0.007261	4986	
0.536020	0.546393	2304	
-0.411985	0.549611	4497	
-0.329665	-0.470843	4077	
0.699016	0.270065	4949	
-0.306425	-0.713785	2875	
-0.319923	0.408017	1737	
0.252890	-0.409478	2048	
-0.206401	0.703136	1415	
-0.263325	0.482422	3332	
0.249118	0.768879	4423	
-0.402870	0.701541	1822	
-0.510008	-0.141940	2435	
-0.024629	0.382954	2891	
0.551111	0.014895	1949	
0.617955	0.619311	2394	
-0.588252	0.350498	5791	
0.747362	0.288357	4980	
-0.827257	0.211667	2670	
0.731630	-0.357986	1143	
-0.374123	0.434598	5870	
-0.171859	-0.189234	1166	
-0.213946	0.846524	3541	
-0.883997	0.294264	3882	
0.958597	-0.174704	6066	
0.462843	-0.757784	5219	
-0.387024	-0.795302	2897	
0.538933	0.717963	3314	
-0.453741	0.230690	777	
-0.019686	-0.244140	6892	
-0.920369	-0.320958	5992	
-0.657122	0.265934	2712	
0.610746	-0.341486	5875	
-0.017945	-0.967791	6710	
0.071524	-0.494605	1410	
0.559643	0.350845	2752	
0.095128	-0.478205	1685	
-0.362011	-0.323707	6048	
0.218639	0.681159	2291	
-0.295666	0.502735	1401	
-0.736973	-0.486038	5064	
-0.829306	0.277968	5006	
-0.788189	0.425337	3346	
0.506723	-0.139357	956	
0.268617	0.204764	2422	
-0.406274	0.442688	1149	
-0.131469	-0.560827	2997	
-0.670205	-0.509388	4282	
0.672874	0.055251	2099	
0.501389	0.822504	4886	
-0.627877	-0.372974	910	
-0.176241	-0.374601	4579	
0.677890	-0.127964	1861	
-0.326696	0.595092	4787	
-0.358465	0.889362	609	
0.331993	0.814001	3913	
-0.575358	0.091275	4550	
0.194382	0.568293	4982	
-0.017931	0.247936	6594	
0.088007	-0.655127	5128	
0.555195	0.200710	2069	
0.365610	-0.690980	1282	
-0.564441	-0.057420	4849	
0.545198	-0.800287	505	
0.368751	0.853670	413	
-0.625077	-0.280976	6427	
0.365976	0.529882	3039	
-0.675231	0.418873	2899	
-0.542009	0.457415	2295	
-0.514623	0.707552	3014	
-0.495006	0.336621	4118	
0.429086	0.784355	3269	
0.398141	-0.088971	1974	
-0.528258	0.233666	3473	
0.785390	-0.043609	483	
-0.165254	0.576823	1245	
-0.291180	-0.636913	4730	
-0.385290	0.716666	1822	
-0.423502	-0.523290	4125	
0.213867	0.587389	6087	
0.393869	-0.093564	2044	
0.794638	0.575969	6023	
-0.327269	-0.483045	993	
-0.361287	0.708592	4967	
0.345288	0.185111	3365	
-0.195148	-0.859782	5551	
-0.224830	0.265067	3551	
0.118173	-0.756201	1257	
0.561093	-0.562959	6574	
0.979022	-0.122242	5957	
0.743531	0.229067	3533	
-0.618148	0.700096	5970	
-0.075797	-0.856132	1986	
0.182280	0.337785	5736	
-0.460539	0.183748	4647	
0.302663	-0.662761	1066	
-0.128972	-0.396575	4646	
-0.126818	0.196616	683	
-0.507762	0.491709	2297	
0.291974	0.736952	3626	
0.144533	-0.454877	3350	
0.466319	-0.594429	468	
0.717410	-0.193268	1062	
-0.417238	-0.035611	2686	
-0.690548	0.270197	964	
0.784679	-0.515387	6353	
-0.755414	-0.094227	2971	
-0.027048	0.578505	1784	
-0.651003	-0.255064	5663	
-0.511974	-0.109502	2610	
0.808862	0.127986	5932	
-0.943702	0.181652	341	
-0.144284	-0.207136	6901	
0.216098	-0.968509	6584	
-0.785030	-0.505854	6260	
0.263526	0.811475	3535	
-0.095741	-0.432235	4835	
0.380905	0.056821	3700	
0.618139	0.648756	3037	
0.676012	0.225905	4688	
0.034968	0.362006	1909	
0.859396	0.485807	6498	
0.127652	-0.538866	4848	
0.804560	0.290414	4073	
-0.988320	0.094930	6028	
-0.931682	-0.268472	313	
-0.693619	0.532361	2499	
-0.598561	-0.113858	835	
-0.683164	0.407813	2540	
-0.082685	-0.659495	3143	
-0.518848	0.411190	6152	
0.546178	0.681151	2415	
0.070685	0.352524	3445	
0.519132	-0.196551	6285	
-0.792599	-0.458078	6047	
-0.320441	-0.805172	4650	
-0.627388	-0.365684	910	
0.276597	-0.340988	2507	
0.077197	-0.550871	3596	
-0.356749	-0.018328	589	
0.411625	0.771626	2874	
-0.546187	0.232694	3473	
-0.642127	0.721111	410	
-0.495818	0.263280	2068	
-0.789357	-0.084928	5103	
-0.380414	0.093728	495	
0.091938	0.665031	3336	
-0.720135	0.182107	1184	
-0.263627	0.681316	5241	
-0.278840	0.757968	4160	
-0.234966	0.663739	1369	
-0.193420	0.149690	364	
0.355526	0.601846	1088	
0.600469	-0.036023	4969	
0.844009	0.026603	5133	
0.378583	0.628417	5098	
0.672051	-0.034721	2335	
0.886575	0.136859	5825	
0.589101	0.669827	3467	
-0.029292	-0.726731	4358	
-0.836083	0.482380	371	
0.315303	-0.521572	5760	
-0.834119	0.539298	2757	
-0.990156	-0.045000	6017	
0.894217	0.065335	5449	
-0.237041	-0.901841	3615	
-0.383207	0.766384	1947	
-0.460817	0.694187	2212	
-0.173778	-0.410176	2282	
0.557986	-0.078334	4734	
-0.008024	-0.599543	4710	
0.858459	-0.003982	4912	
-0.128969	-0.505359	2349	
-0.252011	-0.740932	894	
-0.704936	-0.112869	1646	
0.555297	0.363473	3989	
-0.241176	-0.762080	3554	
-0.542585	0.558413	3186	
0.626237	-0.404335	292	
0.460080	0.501317	3513	
-0.060403	0.601585	1365	
0.066019	-0.976103	6499	
0.058341	-0.990243	6691	
0.372650	-0.673738	6067	
-0.840729	0.016908	4772	
-0.203473	-0.970029	5975	
-0.241352	-0.373032	2426	
0.187762	0.617187	1335	
0.496337	0.601708	3325	
0.701817	-0.434845	1069	
-0.422015	-0.457724	697	
0.015286	0.615422	3903	
0.562675	-0.589530	6392	
0.740216	0.499697	6456	
-0.435927	0.321522	2199	
0.900464	0.009215	5626	
0.565320	0.637698	1427	
0.527984	0.482041	5706	
0.365919	0.812376	3683	
-0.932160	0.038840	6675	
-0.793776	0.485547	6366	
-0.176657	0.507936	3030	
-0.914741	0.182346	5841	
-0.556188	-0.820857	5987	
-0.782567	0.330322	5351	
0.238838	-0.485515	1270	
-0.368119	0.190945	3983	
-0.434910	0.250439	942	
0.133695	0.302184	2277	
-0.623146	-0.770281	6565	
-0.785941	0.095195	3990	
-0.596938	-0.791909	2684	
-0.271521	-0.769924	4119	
0.030736	0.851228	5661	
-0.616965	-0.633686	5521	
-0.744610	-0.219542	2525	
-0.861656	-0.180411	1606	
0.207008	-0.534751	2066	
-0.501143	-0.231526	1569	
0.431570	-0.554999	5104	
-0.469640	-0.668087	3240	
-0.837408	0.409725	6494	
-0.689522	-0.711115	406	
-0.285644	-0.898135	6832	
0.021212	0.368883	1909	
0.206884	-0.667288	4096	
0.379237	-0.456446	4953	
0.018391	-0.431940	2293	
