time = 316.1	Re = 90
0.254086	-0.897038	277	
0.707917	0.546043	4636	
-0.727272	0.277061	2913	
-0.482751	0.551010	3492	
0.632276	0.403278	2074	
0.755820	0.642071	6582	
0.356252	-0.306236	1732	
0.486575	0.331115	1823	
0.798200	0.024246	4335	
-0.858983	-0.498139	2736	
0.872205	-0.023909	3657	
-0.284544	-0.944024	2761	
-0.712767	0.329314	2667	
0.621446	0.251574	2077	
0.761888	0.632512	6814	
0.531705	-0.042693	2839	
-0.321398	0.660626	1326	
-0.609985	0.468853	2554	
-0.572435	-0.249042	882	
0.658340	-0.237091	5875	
-0.956470	-0.234720	2682	
0.140992	0.171909	818	
-0.388953	-0.243265	4841	
-0.012090	-0.870498	1417	
0.117179	-0.878574	2169	
-0.282310	-0.554717	698	
0.286801	0.482154	3130	
-0.546702	-0.502730	678	
-0.176016	-0.869929	1654	
0.230835	-0.813763	3020	
0.525041	0.534236	6274	
-0.545073	0.317143	1254	
-0.349809	0.397278	2827	
-0.353047	0.774148	2991	
0.548188	-0.643466	1819	
0.333834	-0.643758	4054	
0.888562	-0.144371	6552	
-0.326514	-0.047386	2794	
-0.242496	-0.898449	5349	
-0.607046	0.514778	3940	
-0.423282	-0.833353	5944	
-0.685842	0.343264	1790	
0.045253	-0.815919	4617	
0.096653	0.575520	4516	
-0.627969	0.622809	3014	
-0.891293	-0.418167	2675	
-0.028047	-0.740943	1124	
0.272026	-0.889844	4515	
0.213949	0.759946	4284	
-0.435331	-0.887371	6020	
-0.749678	-0.561312	6811	
0.249520	-0.429203	5749	
0.673394	0.292392	1619	
0.545250	0.758218	6695	
-0.474621	-0.220217	2435	
0.334161	0.631412	1073	
0.077451	0.881201	3555	
0.162308	-0.816907	4453	
0.580699	-0.321141	6603	
0.057740	0.688620	1353	
0.162869	-0.348819	1919	
0.124360	-0.607888	4447	
0.287522	-0.804039	1753	
0.144568	0.278389	6167	
-0.559463	-0.470101	910	
-0.257701	0.114340	500	
-0.346811	0.096448	2378	
-0.059411	-0.327433	1927	
-0.342756	-0.346184	874	
-0.453870	-0.171640	997	
-0.843521	-0.130026	3519	
0.143716	-0.488205	1387	
-0.255817	0.287258	542	
0.678353	-0.081558	1425	
-0.426390	-0.346825	6224	
0.325117	0.875147	4446	
0.006349	0.700825	4085	
0.502741	-0.328684	6181	
-0.103834	0.987778	6666	
-0.453002	-0.216948	1086	
0.117062	0.615491	6087	
-0.480765	-0.508968	767	
-0.151336	-0.398654	1468	
0.551914	0.312392	5110	
-0.386916	-0.690058	4678	
0.171699	0.807236	3668	
-0.323596	-0.913696	417	
0.385290	-0.473027	3001	
-0.328705	-0.821077	3830	
0.107363	-0.675171	4234	
0.203666	0.204155	320	
0.197471	-0.389901	1360	
-0.398389	0.355053	2641	
-0.481712	0.867839	6018	
0.889261	0.020352	443	
-0.427096	0.367627	5870	
-0.065768	0.272070	3198	
0.379988	-0.263960	6720	
-0.024800	-0.811914	2372	
-0.354148	-0.512090	995	
0.429266	-0.431027	5105	
0.019512	0.368422	3875	
-0.493097	-0.599707	2567	
-0.778410	-0.423883	5747	
0.487070	-0.072623	1056	
-0.249407	0.566335	1541	
0.703129	0.686322	6003	
0.422287	0.392474	2257	
-0.395938	-0.338124	6125	
0.438235	-0.316281	2054	
-0.173828	-0.853939	1654	
-0.093287	0.845800	5354	
0.464284	-0.629661	884	
0.831488	-0.342128	6729	
-0.202691	0.971488	667	
0.400568	-0.459023	5760	
-0.559018	-0.391497	4359	
-0.250929	-0.793444	4196	
-0.267046	-0.108205	3569	
-0.214470	-0.370155	5704	
0.182464	-0.355309	1915	
0.778302	0.234842	5815	
0.324006	-0.782364	5519	
0.203779	0.278432	2338	
-0.259857	-0.300468	4691	
-0.091779	-0.417431	1617	
0.814295	-0.354452	1307	
-0.391180	-0.756970	4978	
0.517855	0.777365	6315	
-0.816146	-0.129162	3571	
-0.647676	-0.113610	2880	
-0.276588	-0.841926	3004	
0.805816	-0.195999	1528	
-0.253912	-0.568161	518	
0.577221	0.787660	6354	
-0.329101	-0.687195	3210	
-0.655044	0.202432	3744	
-0.372244	-0.814854	4770	
0.166041	-0.710212	721	
-0.240668	0.006561	4381	
-0.911097	0.205560	387	
-0.073944	-0.378611	5558	
-0.261602	0.104364	1094	
0.883749	0.450055	6043	
-0.103072	0.377413	3802	
0.794493	0.090621	483	
0.539490	-0.334717	6135	
0.379791	0.436284	3343	
0.538121	0.572053	2011	
-0.501730	0.650162	1686	
-0.590671	0.330866	1160	
0.815472	0.268910	6079	
-0.229838	-0.445008	1730	
0.324774	0.098864	6362	
-0.201049	-0.588837	524	
0.623807	0.023465	6386	
-0.663952	-0.235402	4467	
0.080320	-0.409885	2744	
0.817801	-0.058020	5205	
-0.396160	0.145353	4150	
-0.379593	-0.193258	4416	
-0.743397	0.394067	4506	
0.115082	0.836685	3535	
-0.940333	-0.306471	305	
-0.702893	-0.310753	2490	
0.729995	0.493459	5526	
-0.277580	0.090423	5910	
-0.146546	-0.773525	2893	
0.283175	-0.728543	2225	
0.327208	0.077356	4686	
0.296787	-0.613884	3243	
0.620370	-0.108780	5638	
-0.806210	-0.095417	4478	
0.626529	0.185846	2041	
0.511261	-0.031810	956	
-0.266980	-0.545069	698	
-0.479757	-0.004857	1033	
0.727478	-0.279996	1200	
0.203655	-0.647061	5314	
0.055420	0.563747	2560	
0.284864	0.046390	6531	
0.031316	-0.620865	4586	
-0.092161	0.686305	5153	
-0.587581	-0.506696	2511	
-0.273753	-0.535463	698	
0.977974	0.040834	5957	
-0.517334	0.347128	1132	
-0.972600	0.201623	6459	
0.839064	0.054146	1048	
-0.173916	-0.446124	3532	
0.645091	0.308471	2015	
0.023061	-0.729615	538	
0.831710	-0.503657	6911	
-0.235315	0.300188	4177	
0.312068	0.931502	2753	
-0.122389	0.855778	2580	
0.078769	-0.616168	4965	
-0.164997	-0.498229	3824	
-0.526912	-0.333834	6049	
-0.449737	-0.042001	741	
0.283097	-0.927088	604	
0.185710	0.128265	3643	
-0.032644	0.980505	6825	
0.553753	0.141828	1814	
0.650530	0.552897	6109	
0.392386	-0.675816	393	
-0.437836	0.430494	5562	
0.215394	-0.405619	1375	
0.558200	0.577839	2195	
0.017108	-0.988887	6597	
0.625656	-0.414559	1064	
-0.284701	0.444264	2937	
-0.289318	-0.950400	2761	
-0.703898	-0.609708	6767	
0.641709	-0.291262	6543	
-0.380959	-0.179429	3936	
-0.367026	-0.073128	480	
-0.418173	-0.667958	5182	
-0.583501	-0.484287	519	
-0.133350	0.359804	4602	
0.273873	0.891801	316	
0.256137	0.797637	3112	
-0.204182	-0.147167	948	
0.689921	0.456183	5112	
-0.768848	-0.122080	2948	
-0.396514	0.072332	4532	
-0.072315	-0.843717	5702	
0.261234	0.624886	4002	
0.452949	0.088379	2215	
-0.073719	-0.305221	2205	
0.380459	-0.290313	1383	
0.841481	-0.411079	1850	
0.232531	-0.459888	3079	
0.333646	0.728575	4870	
0.106979	0.763520	3123	
0.620678	0.198603	2531	
-0.514737	-0.580148	675	
0.324477	0.494145	4204	
0.497680	0.730545	2394	
-0.341507	-0.593275	4786	
-0.624226	-0.379593	5730	
-0.400569	-0.690963	3869	
0.109382	-0.229460	1267	
-0.767693	0.162520	2601	
-0.263187	-0.120062	3077	
0.898231	-0.370495	5734	
-0.328008	0.030291	2056	
-0.324411	0.927544	2681	
-0.266332	-0.740270	3297	
0.824954	-0.201540	1528	
0.434007	0.731206	5315	
0.124335	-0.877775	2169	
0.335959	0.073559	4015	
0.073313	-0.764411	1107	
0.048587	0.311890	1603	
-0.670586	-0.084399	4845	
-0.421956	-0.346061	6162	
-0.501303	0.064521	1306	
-0.848804	0.031373	4940	
0.173798	-0.452679	1685	
-0.177908	-0.766595	2875	
0.835619	0.535331	2498	
-0.647298	-0.262053	3845	
-0.584940	0.496346	3145	
0.279276	0.245475	6244	
0.674926	-0.186111	1342	
-0.509956	0.838420	6472	
0.135842	-0.522522	2973	
0.212188	-0.335502	2318	
-0.114790	-0.265755	4700	
-0.381480	-0.465805	4634	
-0.379179	0.331789	1437	
0.513544	-0.482160	5106	
-0.412783	-0.258517	1010	
0.641102	0.390475	2074	
0.009562	-0.680134	4377	
-0.303379	-0.705326	4001	
0.541579	-0.758725	5577	
0.866845	-0.043665	5391	
-0.226660	0.755215	3945	
-0.575612	-0.548346	3410	
-0.263909	-0.953205	6153	
0.351386	0.697113	3284	
-0.190488	0.914193	6769	
-0.969232	-0.187425	5986	
0.442086	0.378983	2157	
-0.195619	-0.199636	2101	
-0.065043	-0.315455	2325	
0.038811	-0.843830	1534	
-0.496758	-0.159061	2351	
-0.015313	0.992419	6510	
0.658340	-0.237091	5875	
0.264761	0.650182	1088	
0.544948	-0.609856	1680	
0.225314	-0.544820	4199	
0.658672	0.151593	2071	
-0.539769	-0.571624	2987	
-0.674210	-0.184409	4486	
-0.222880	-0.858893	2916	
0.305560	0.810006	2502	
0.668409	0.732777	6012	
0.688997	-0.089021	896	
0.874042	-0.022231	3657	
-0.223910	0.006893	3966	
-0.716277	-0.272081	2466	
-0.394668	0.060339	4593	
0.551695	-0.047827	5520	
-0.515238	0.716298	2501	
-0.145341	-0.443463	3036	
0.935616	-0.295084	6813	
-0.816937	-0.305103	1606	
0.419611	0.496344	5046	
-0.558426	0.748059	3815	
-0.621622	0.085380	844	
-0.231155	-0.140934	693	
0.609619	0.708391	6340	
0.826697	-0.520494	1029	
0.462374	-0.095326	291	
-0.440281	-0.440986	4053	
-0.300761	0.252080	906	
0.060338	0.932389	4333	
0.308667	0.529354	4966	
-0.280301	-0.046572	1803	
0.510301	0.541831	771	
0.225875	0.217364	459	
-0.232172	0.078437	1165	
-0.881428	0.053651	3522	
0.932920	0.084776	6446	
-0.140553	-0.753310	2276	
-0.691472	-0.099747	4750	
-0.012024	0.735869	1391	
0.785020	0.153544	1952	
-0.279310	-0.086263	2104	
0.498843	-0.492280	5106	
-0.525857	-0.506304	846	
-0.850807	-0.237189	3061	
-0.590102	-0.657976	4430	
0.918521	0.341823	6598	
0.508214	-0.522083	671	
0.642716	-0.554774	1744	
-0.283313	-0.151500	4355	
-0.136980	0.288685	6623	
0.648435	-0.262391	5685	
-0.687547	-0.433857	3672	
-0.274146	-0.708378	2280	
0.017620	0.708547	1278	
0.115325	-0.869737	2169	
0.682657	0.318840	1990	
0.788262	-0.194263	2841	
-0.830664	-0.310373	4970	
0.981113	-0.150654	6090	
-0.991942	0.049536	6559	
-0.444609	-0.642130	3085	
0.564208	0.673494	5740	
-0.094563	0.929126	3843	
0.344435	0.053632	4346	
0.785557	0.108427	3236	
-0.017384	0.693761	5321	
-0.495592	0.538879	4557	
0.572474	-0.064037	6829	
0.116451	0.686184	2397	
0.011511	0.607182	4036	
-0.513018	0.368202	1125	
-0.175074	-0.739968	3880	
-0.809509	0.379104	3387	
0.317176	-0.597495	3748	
0.816319	0.368126	5231	
-0.828535	-0.155681	1751	
0.272621	-0.656982	662	
-0.345012	-0.149334	2612	
0.915583	0.383636	2535	
0.359810	0.617280	1150	
-0.456638	-0.292521	2182	
-0.435983	-0.827662	5944	
-0.020072	-0.528594	3692	
0.142321	-0.346811	5332	
0.331671	-0.515746	3362	
0.660729	0.113002	4703	
-0.557157	0.294644	4595	
-0.298294	0.451448	3356	
0.313600	-0.653708	658	
0.535928	0.797470	384	
0.884618	-0.273091	5959	
0.528828	-0.340518	1721	
-0.099909	0.886839	3598	
-0.270428	-0.537043	698	
0.366703	0.766777	1636	
-0.629820	-0.558257	4701	
-0.786168	0.038477	4685	
0.542819	0.381690	5048	
0.185137	0.720576	2370	
0.870464	0.158356	5101	
-0.444235	0.108910	3458	
0.159955	0.720825	2065	
-0.726917	-0.586312	6311	
-0.840366	0.009048	3478	
0.150148	0.235038	6766	
0.084977	-0.930507	6721	
-0.853356	-0.241887	3061	
0.090903	0.987750	296	
0.736736	0.574012	5039	
-0.393505	0.681700	3820	
0.633476	0.497752	4782	
-0.733016	0.579044	6290	
0.441786	0.000773	2584	
0.443654	-0.770177	4378	
0.655498	0.547227	6447	
0.154864	0.826073	4038	
0.796752	-0.491509	5448	
0.773606	-0.449525	1907	
-0.469109	0.565206	1815	
-0.412199	-0.080402	2844	
0.178162	-0.255146	4696	
-0.106230	-0.849052	1760	
-0.742733	0.497665	2818	
-0.763207	-0.063192	2964	
-0.156785	0.719932	4033	
0.195995	0.519293	3296	
0.043435	-0.756357	1268	
0.310048	0.478354	4204	
0.308202	-0.531584	3091	
0.290707	0.920449	694	
-0.288638	-0.732445	3768	
0.289196	-0.351363	1598	
-0.982190	-0.015791	921	
0.554968	0.294963	5110	
-0.313458	0.062627	2100	
-0.930906	-0.269754	6873	
-0.842142	-0.268170	3087	
-0.468162	0.244667	2151	
-0.626334	-0.005435	2391	
-0.392215	-0.578454	4778	
0.007139	0.934281	3927	
0.725634	-0.399644	5465	
0.099865	-0.535670	2591	
-0.038568	0.299466	6516	
0.572507	0.424855	2033	
0.444274	-0.579077	5901	
-0.415887	0.765649	4419	
0.380853	-0.265990	6720	
-0.841584	-0.391541	3658	
-0.215141	0.507991	3564	
-0.241708	-0.046576	6756	
0.661921	0.599039	5827	
-0.706211	0.601749	4259	
-0.622457	0.535665	2312	
-0.205706	0.911145	6769	
-0.527062	-0.333632	6049	
-0.876406	-0.467685	6025	
0.890750	0.438361	6043	
0.018874	-0.621478	4586	
-0.506381	0.377515	2334	
-0.233680	-0.464702	1881	
-0.359555	-0.027704	5971	
0.521923	0.692999	1716	
-0.087611	-0.541953	2366	
0.057979	-0.509560	3366	
0.446781	-0.655045	793	
-0.212088	-0.416221	4712	
0.377721	0.777695	2467	
0.731157	-0.579603	6885	
0.242042	-0.727191	1257	
-0.325200	0.231851	752	
0.008852	0.933446	3927	
0.740754	-0.129868	5455	
0.554908	0.648809	4743	
-0.357838	0.926133	6513	
-0.521357	0.833225	6472	
0.579521	0.627096	4741	
0.337424	-0.005222	1514	
0.393311	0.124632	1963	
0.591613	-0.050848	6692	
-0.301390	0.842063	3586	
-0.435631	0.501651	3289	
-0.595388	-0.531995	3671	
-0.191967	-0.355864	1678	
0.547423	-0.646924	2387	
0.300377	-0.754034	5425	
-0.520423	0.515669	1887	
0.601532	-0.056304	6692	
-0.435615	0.232276	2843	
-0.092434	-0.795776	3052	
-0.265880	-0.406613	1319	
0.397216	-0.745222	5028	
0.595441	-0.299807	1106	
-0.007737	0.993160	6510	
-0.654421	-0.326007	2301	
-0.728199	0.586403	5970	
0.282590	-0.393702	4178	
-0.270590	0.163141	2155	
0.488434	0.625433	3409	
0.287164	-0.544430	4553	
0.590055	-0.300389	1106	
-0.603324	0.546897	5179	
-0.206801	-0.862517	5111	
0.488600	0.443934	2752	
0.420590	-0.385069	3223	
-0.830842	-0.543870	826	
0.800304	-0.145704	585	
0.009202	-0.324604	1611	
0.183153	0.308548	3140	
-0.862647	-0.233308	3061	
-0.049117	0.849914	5414	
0.427110	-0.663788	1100	
0.001232	-0.224880	318	
-0.276873	-0.557412	518	
-0.518924	0.567601	3355	
0.923447	-0.300702	6619	
-0.116776	-0.258388	6293	
0.197510	-0.436287	2163	
0.363667	0.051582	2654	
-0.235105	-0.576145	963	
-0.260623	-0.136351	3755	
-0.786438	0.503987	3846	
-0.224112	-0.102581	5954	
-0.674057	-0.147342	4507	
-0.676038	0.713348	6192	
0.767771	0.455201	5546	
-0.711707	0.538241	3176	
0.508902	0.782054	4081	
-0.004258	-0.219021	318	
-0.452531	0.189019	644	
0.777395	-0.014173	1469	
-0.933670	0.025533	5664	
0.828059	0.434581	6564	
0.111598	0.352621	5949	
-0.505957	-0.526145	3507	
0.220738	-0.743512	2063	
-0.359567	-0.917050	1054	
0.150979	-0.860905	4508	
-0.928990	0.094709	6739	
0.446148	-0.044602	2102	
-0.553853	-0.398770	4359	
-0.018197	-0.423310	4927	
0.216881	-0.426225	3350	
0.499675	0.507731	5533	
0.464793	0.327146	2459	
-0.467435	0.492609	4527	
-0.232393	0.965405	2732	
-0.409744	0.793337	3619	
-0.749247	0.134176	1168	
-0.322246	-0.169739	628	
-0.840508	0.301829	3719	
-0.853845	0.032696	4581	
0.220851	0.129460	1288	
-0.592213	0.184989	4541	
0.113356	-0.433767	2093	
-0.445261	0.822073	274	
-0.408749	-0.376122	6080	
0.049779	0.991322	2661	
0.028420	-0.335856	4742	
-0.713077	0.442104	3295	
0.539189	0.282477	3237	
0.171801	0.212418	6782	
0.476075	0.754812	3029	
-0.770176	-0.259505	5070	
0.938372	0.254396	6579	
-0.749198	-0.281202	3489	
-0.050443	-0.970341	6523	
0.300237	0.020657	1981	
-0.233382	-0.377462	5773	
-0.272168	-0.122417	3077	
-0.401630	0.688027	3820	
-0.831876	-0.541930	826	
0.794456	-0.166326	5807	
-0.565211	-0.404566	4040	
0.500337	0.405918	4307	
0.212324	0.195451	320	
0.722598	-0.266022	1061	
0.099210	-0.665455	5399	
-0.390076	-0.289081	934	
0.040161	0.603692	4344	
-0.143292	-0.456759	3358	
-0.004158	-0.278599	3948	
-0.206243	0.580411	1241	
0.018174	-0.477573	5308	
-0.115841	-0.384846	1669	
0.777202	-0.520729	5619	
-0.812151	0.462317	5820	
-0.753609	-0.632123	2769	
-0.067743	0.271052	3198	
-0.407473	-0.292518	1329	
-0.385413	-0.168818	3652	
0.259864	-0.559223	4238	
0.474858	-0.056340	1336	
0.367015	0.799150	2885	
-0.431387	-0.867774	326	
-0.508250	0.574889	3355	
0.148672	-0.601947	4124	
0.383040	0.158496	1975	
-0.476459	-0.553681	571	
0.070916	-0.270827	5874	
-0.396640	-0.271702	1040	
-0.836621	0.114686	5081	
-0.476651	0.704537	4189	
-0.335687	0.218243	4771	
0.246236	-0.375616	3637	
-0.772434	-0.449781	4214	
0.653912	0.167433	2099	
0.226795	0.848745	3683	
-0.625262	-0.031809	2481	
0.273126	0.150832	1999	
0.076110	0.981613	319	
-0.043182	-0.728571	4172	
0.067168	0.692028	1353	
-0.238788	-0.851413	2897	
0.000883	-0.284370	3948	
0.189312	0.213036	424	
-0.864797	0.178904	3205	
0.662196	-0.341161	1277	
0.170631	0.535903	5654	
-0.216979	0.122641	364	
-0.773317	0.330598	3708	
-0.199674	-0.210181	1119	
-0.377407	0.088721	4532	
-0.890892	0.437805	6016	
0.281533	0.837808	2874	
0.454549	0.137277	1194	
-0.171546	-0.220793	6805	
0.274793	-0.766778	3591	
-0.267456	-0.845394	3352	
0.733585	0.029252	6849	
0.762445	-0.541550	508	
0.453673	-0.565927	4768	
-0.462045	0.146293	4165	
-0.151120	-0.296934	2367	
0.535922	-0.040930	2839	
-0.477977	-0.353268	2606	
0.293069	0.745171	4911	
0.486896	0.650650	5474	
-0.478250	-0.155364	986	
0.041013	-0.885442	2960	
-0.723634	0.107944	1296	
0.869090	-0.249483	5645	
-0.095016	0.877957	1458	
0.473406	-0.020556	821	
-0.563559	-0.532444	5908	
-0.203039	-0.910231	6214	
-0.655286	0.067916	937	
0.007963	0.934147	3927	
-0.253777	-0.632716	2165	
0.124192	-0.450772	2076	
-0.140681	0.830066	1515	
0.219109	0.907499	413	
-0.767666	0.103016	3082	
-0.530144	-0.656063	2555	
-0.681166	-0.053176	3973	
0.864187	0.039580	756	
0.824904	0.082532	324	
-0.199310	0.871143	4176	
0.929796	0.110798	6422	
-0.390016	-0.063711	581	
-0.477989	-0.120698	977	
-0.337125	-0.271229	4789	
-0.068466	0.205939	3842	
-0.344660	-0.735633	3240	
-0.848326	-0.048775	3993	
-0.079132	-0.493772	1921	
0.591424	0.309276	4760	
-0.012895	-0.278402	5398	
-0.660531	-0.185326	3858	
0.252103	-0.429853	5749	
-0.713555	-0.160824	4462	
-0.952628	-0.280915	6086	
-0.694012	-0.351650	2771	
-0.407630	0.541604	4869	
0.648435	-0.262391	5685	
0.888301	-0.303989	6527	
0.354065	-0.289353	3170	
-0.500399	-0.467649	4893	
-0.248689	-0.408226	1319	
-0.601893	-0.354294	5663	
0.208603	0.539449	3978	
0.319847	0.089187	6362	
-0.267498	0.084795	481	
-0.800314	-0.131525	4479	
0.124965	0.772591	4374	
-0.864699	-0.176202	2966	
-0.283059	-0.092051	2104	
-0.665744	-0.584763	5008	
-0.749472	-0.164001	2990	
0.202347	0.104462	352	
-0.279410	0.951640	720	
-0.437075	-0.619436	2275	
-0.595089	0.606410	2146	
-0.707873	0.279298	6085	
-0.584083	-0.220928	835	
0.522983	-0.343928	1721	
0.611277	-0.599073	2620	
-0.150280	-0.298139	2367	
-0.815901	-0.558596	396	
-0.808082	0.239413	1885	
0.801302	-0.133032	585	
0.355525	0.864121	6752	
-0.420110	-0.038207	2947	
0.784163	-0.572854	5905	
0.191351	0.685259	1041	
-0.577898	-0.651319	4003	
0.193573	0.801094	4089	
0.470855	0.444352	4273	
-0.127257	0.970034	6629	
-0.915514	-0.385125	6327	
0.162651	0.655025	2089	
-0.009788	-0.777045	779	
0.775326	-0.111253	5466	
0.155720	-0.527764	1531	
0.750256	0.529869	4243	
-0.515751	-0.350732	3723	
0.876656	-0.207698	5536	
-0.123652	-0.668497	6261	
0.168154	0.918426	6199	
-0.356186	0.036595	3027	
0.283427	-0.385484	3300	
-0.452197	-0.428893	4320	
-0.779325	0.013932	4249	
0.788315	0.583507	6507	
-0.642647	0.757262	2834	
0.230755	0.255173	2422	
-0.484768	0.509119	1558	
-0.613593	0.397591	2315	
0.642139	0.391367	2074	
-0.262646	-0.754830	4007	
-0.146989	0.266772	2221	
-0.086363	0.930318	3843	
0.219749	-0.904056	627	
0.539765	0.657589	4743	
0.109093	-0.338869	5530	
-0.200979	0.231086	2144	
-0.646962	0.230142	6074	
-0.066543	0.339546	2669	
-0.735210	0.451112	5703	
0.915113	0.190812	6857	
0.409506	-0.649825	560	
0.756763	0.424252	4571	
0.509232	-0.115212	6797	
-0.388259	-0.486980	512	
-0.006337	0.316223	5469	
-0.118577	0.682121	3818	
-0.548021	-0.059476	3324	
-0.233713	0.300777	4177	
0.327400	-0.691774	1493	
-0.229554	-0.879855	2916	
-0.673090	0.123408	2595	
-0.120342	-0.721922	6231	
-0.552584	0.753091	3815	
0.321692	-0.937851	2680	
-0.503529	-0.090919	2043	
0.518162	-0.702910	4975	
-0.025673	0.641882	4874	
-0.457363	0.716722	4956	
0.888690	0.127917	5053	
-0.487105	0.450713	2748	
0.760384	0.224824	4932	
-0.723596	-0.590602	6047	
-0.584811	-0.487084	519	
0.108581	-0.319747	5499	
-0.026988	0.965259	1511	
0.750461	0.283988	5829	
0.460534	0.470871	2796	
-0.393541	0.847231	6121	
-0.813036	-0.460894	6872	
-0.346780	-0.122716	471	
-0.427837	-0.208644	5845	
0.380833	-0.423426	5280	
0.931971	0.069647	6833	
-0.659956	0.742311	6599	
-0.324904	0.141421	1918	
0.150780	0.694347	2485	
-0.163915	0.834564	2180	
-0.046778	-0.280889	1237	
-0.096004	-0.226528	6265	
-0.881885	-0.085823	3728	
-0.785112	-0.044024	3691	
-0.723581	0.060335	1184	
-0.104998	-0.273294	5263	
0.655065	0.487119	4702	
-0.320848	0.741919	4624	
0.688516	-0.139730	4723	
0.790506	-0.276816	1622	
-0.710954	0.165558	883	
-0.088820	-0.871815	5529	
-0.343090	0.868775	4468	
-0.408531	0.020616	663	
0.790055	-0.599989	5950	
-0.814175	0.240842	1779	
-0.212589	0.182370	5401	
-0.062052	-0.618995	5885	
-0.532715	-0.324650	6107	
-0.373973	0.512739	2356	
-0.522613	0.632869	2073	
0.039024	0.580086	3076	
0.646819	-0.475683	6392	
-0.595937	-0.551817	3671	
0.623545	0.193624	2041	
0.395409	-0.548235	2720	
-0.651113	0.425918	2474	
-0.472741	-0.805626	4518	
0.655454	0.665399	6334	
-0.054862	0.849771	5414	
-0.273697	0.285513	1304	
-0.434345	-0.633665	2631	
0.484426	0.100614	3154	
0.263614	0.746655	3885	
-0.319020	0.718923	4231	
0.156177	0.305554	3102	
0.335497	0.622339	1073	
-0.083513	0.548365	2574	
-0.863145	-0.359707	3902	
-0.039034	-0.698739	3971	
-0.038921	-0.845781	1670	
0.639877	-0.560478	1744	
0.562405	0.146946	1814	
0.763668	0.450884	4695	
-0.984563	-0.046101	2760	
-0.402615	-0.060650	581	
-0.847774	0.507270	436	
0.459625	-0.568141	506	
-0.089270	-0.229326	6265	
-0.637427	-0.682676	6689	
0.182101	0.204835	414	
0.849432	0.514072	6237	
0.309856	0.100800	1192	
0.636209	0.032306	6826	
0.035861	-0.277469	3712	
-0.647740	0.753003	6336	
0.796475	-0.393017	1058	
0.516175	-0.118223	6920	
0.937034	-0.029935	6604	
0.555061	-0.604439	1560	
0.365413	0.081018	3702	
0.659513	0.421490	4526	
0.712789	-0.368883	1388	
0.141542	-0.603798	4447	
-0.240921	-0.753650	3292	
-0.220116	0.598770	1331	
0.648435	-0.262391	5685	
0.872417	-0.066528	5319	
0.577150	0.185101	1834	
-0.282360	0.890787	6482	
-0.753607	-0.442276	1877	
0.861366	0.205611	5449	
0.310762	0.942572	2753	
-0.541545	-0.055223	2909	
0.035385	0.552458	2081	
-0.665038	-0.303399	2888	
-0.365747	0.509026	2356	
0.670968	0.298454	1619	
0.202867	-0.320613	2268	
0.118174	0.832797	3215	
-0.009625	0.708381	5411	
-0.586544	0.228062	3740	
0.015853	-0.335705	4450	
0.576242	-0.598899	1788	
0.761565	0.336656	2014	
0.809913	0.068989	327	
-0.821057	0.536179	2730	
-0.525387	-0.625275	4185	
0.643937	0.452016	2902	
-0.176945	0.256398	2145	
-0.252019	0.585291	5327	
-0.691378	-0.495008	3956	
0.162636	0.178445	5739	
0.710493	-0.332795	1341	
-0.627049	0.622028	3014	
-0.316531	0.822352	3514	
0.686518	0.321992	1990	
0.305284	-0.675296	1195	
-0.520870	0.204735	2578	
0.459667	0.072412	2215	
0.426939	0.006292	2122	
0.722096	0.407885	4597	
-0.154836	-0.251280	2513	
-0.488008	-0.388092	3962	
-0.401751	0.368690	3178	
0.906496	0.328932	6271	
0.625468	0.506029	4406	
0.802457	0.143713	1908	
0.365139	0.032804	2281	
-0.461660	0.519516	1497	
-0.684298	-0.349189	2771	
0.616800	-0.298030	982	
0.470110	-0.388959	2957	
0.607466	0.018966	3621	
0.488644	0.566605	1022	
-0.412937	-0.241765	1010	
-0.574396	-0.595922	4065	
0.212622	0.784099	4387	
0.602497	-0.578300	2620	
-0.483334	-0.480918	4149	
-0.115513	-0.193373	1244	
-0.130097	0.874983	2717	
0.854969	0.502977	6467	
0.200079	0.956107	966	
0.034367	-0.475752	5308	
0.108465	-0.468177	2076	
-0.779818	-0.571539	6907	
0.258470	0.136882	6345	
0.082676	0.331992	3092	
0.525441	0.711941	5506	
0.127350	0.633626	6089	
-0.009789	0.798326	2790	
0.594918	-0.660563	5160	
-0.010222	0.635208	4874	
-0.382278	-0.678943	4678	
-0.173119	-0.597640	945	
0.600814	-0.299930	1106	
0.068966	0.706469	1798	
-0.536274	0.621297	1689	
-0.114001	-0.672251	6261	
0.162926	0.591793	5769	
-0.219422	0.599035	1331	
-0.926196	-0.121714	6675	
-0.215516	-0.766799	3349	
-0.523826	0.468004	4456	
0.556627	-0.640834	2288	
-0.253554	0.184622	1664	
0.219894	0.967688	402	
-0.348116	-0.225548	4088	
-0.598467	-0.054435	853	
-0.825728	-0.078362	3022	
-0.301115	-0.942650	900	
-0.594378	-0.192192	4266	
-0.795662	0.489908	3846	
-0.771082	-0.437759	5804	
-0.360438	0.701445	3655	
0.720094	-0.278796	1200	
-0.299704	0.946518	6496	
-0.466104	-0.413930	4222	
0.408619	0.000952	2627	
-0.336109	0.204171	4771	
-0.485442	-0.504847	767	
-0.882679	0.053812	3522	
-0.056332	0.861088	5414	
0.974186	-0.110701	6488	
-0.397842	-0.235931	4841	
-0.180280	-0.093937	3677	
0.484667	-0.476107	4104	
-0.219935	-0.252058	1800	
0.589573	-0.767948	522	
-0.095755	0.353416	2341	
-0.593810	0.519845	3461	
0.539916	-0.334495	6135	
-0.228326	-0.578859	963	
0.088596	0.689626	2656	
-0.555497	0.031677	3501	
-0.083199	-0.489536	1921	
-0.333678	0.781054	4958	
0.736357	-0.575752	6885	
-0.268829	-0.148828	3755	
0.307324	0.914771	1508	
0.396957	-0.401691	4894	
-0.163449	0.113691	3803	
-0.501892	-0.316104	5610	
0.307840	-0.531774	3091	
-0.183791	-0.511926	3114	
-0.320482	-0.184889	789	
-0.129997	0.343740	3056	
0.153997	0.809416	3826	
-0.257526	0.174770	1561	
-0.844672	0.084775	2871	
-0.276501	0.250352	6061	
-0.064430	0.704658	5346	
0.028178	0.367474	3875	
-0.225023	0.156320	6764	
-0.535577	0.160525	2082	
0.213511	-0.551067	4885	
-0.609404	-0.591991	4758	
0.785039	-0.209798	1594	
0.085094	0.579827	3877	
0.088299	0.859347	4600	
-0.279228	-0.839564	3004	
0.137013	0.244429	6766	
0.202733	0.855939	3913	
0.257676	-0.447472	1418	
-0.848371	-0.394241	3658	
-0.179612	-0.766167	2875	
0.585776	-0.300855	6059	
0.438828	-0.421866	4829	
-0.331458	-0.701704	4357	
0.174763	0.221042	6782	
0.245243	0.526085	5310	
0.047102	0.557175	2560	
-0.055928	-0.329754	1927	
-0.806731	-0.188022	2309	
-0.164434	-0.373553	4896	
-0.319313	0.009541	1826	
0.943483	0.251692	6568	
0.631589	0.122728	1400	
-0.308246	0.042465	2084	
-0.571174	0.801678	6338	
-0.664282	0.304790	5691	
0.152477	0.564072	5392	
-0.156889	0.554124	3475	
-0.359451	-0.008385	590	
0.262275	-0.731986	1357	
0.651404	-0.070908	2161	
0.715006	0.184177	5001	
-0.519140	-0.319433	6049	
-0.151789	-0.752670	2276	
0.638001	0.493186	4620	
-0.664503	-0.304791	2888	
-0.716164	0.404003	5420	
-0.334050	-0.648993	2951	
-0.577241	-0.151460	854	
-0.156462	-0.195739	1167	
0.348657	0.039829	2281	
-0.987365	-0.018615	921	
0.806561	-0.120020	6423	
-0.023383	0.850126	5711	
-0.161880	0.115825	3803	
0.263857	-0.624362	4159	
0.048053	0.991620	2661	
0.369672	-0.486442	2149	
-0.762328	0.078596	3115	
-0.186985	-0.426743	3106	
0.648059	-0.488840	6392	
0.819382	0.054703	780	
-0.920971	0.155504	4449	
-0.662767	0.226524	3977	
0.823360	-0.045305	4354	
-0.012793	-0.370610	2930	
-0.621593	0.324600	6034	
-0.439267	-0.000239	3587	
-0.532967	0.577867	3907	
-0.249958	-0.939669	569	
-0.795372	0.274236	4242	
0.078931	0.840670	2201	
0.741708	0.372992	4831	
0.803801	-0.212724	1594	
-0.527412	0.185395	2068	
-0.473449	0.268576	2942	
-0.697672	0.363185	2614	
-0.542065	0.573830	5137	
0.537694	-0.495937	659	
0.219581	-0.664217	5456	
0.133301	-0.605842	4447	
0.402646	0.907324	6768	
0.958214	-0.249852	6538	
0.167027	0.625503	6036	
-0.018401	0.992549	6510	
-0.472116	-0.148939	994	
-0.581483	0.500480	3075	
-0.202449	0.533069	3665	
-0.228641	0.198780	6369	
-0.791175	0.078221	4952	
-0.397085	-0.903375	2759	
-0.458126	0.415366	5620	
0.587739	-0.387050	965	
-0.629625	0.516180	5285	
-0.246185	0.693910	2715	
-0.455561	-0.180180	997	
-0.814707	-0.260769	1671	
0.718473	-0.393797	5277	
-0.608862	0.452800	2554	
0.639737	0.208038	4957	
0.367827	0.037778	2654	
-0.521570	0.175935	1761	
0.291741	-0.635074	4727	
0.133838	0.332331	3653	
-0.055253	-0.491826	1853	
-0.103508	0.301603	457	
0.435952	-0.309538	2054	
0.609117	-0.129798	6540	
-0.358551	-0.549188	3184	
-0.372503	-0.566749	4778	
0.683805	0.511615	4555	
-0.724836	0.677875	6722	
0.795865	-0.073190	5317	
0.391822	-0.467108	3001	
0.416321	0.507558	4294	
0.965742	0.136817	6486	
0.459911	-0.581314	354	
0.456740	0.757732	2979	
-0.518614	-0.447519	4881	
-0.499793	-0.372934	3790	
0.062072	0.241449	415	
-0.195695	0.912446	6769	
0.643447	0.521746	4366	
-0.312669	-0.920950	1214	
0.658340	-0.237091	5875	
0.498161	-0.734115	3784	
-0.488372	0.546595	4557	
0.044873	0.809409	3706	
0.110710	0.322998	3078	
-0.209851	0.316756	6046	
0.186344	-0.561478	3116	
-0.871745	-0.356683	3902	
0.169244	-0.458177	1685	
0.857795	0.093090	1766	
0.182343	0.845187	3930	
0.605609	-0.486408	429	
-0.505864	0.378211	5621	
-0.328716	-0.319827	4244	
-0.472708	-0.276601	3006	
0.403754	-0.306231	1443	
0.741357	-0.072878	1062	
0.147078	-0.330412	4976	
-0.275685	0.891648	6482	
-0.428407	-0.193356	4212	
0.281773	0.504963	5186	
-0.435588	-0.886050	6020	
-0.145910	-0.874815	5341	
-0.799020	-0.274196	2911	
0.425787	-0.295093	1396	
-0.162461	0.687374	3867	
0.373447	0.537600	4918	
-0.606757	0.320888	3000	
-0.436575	0.826114	3610	
-0.592983	0.436971	2129	
0.164748	0.618683	5701	
0.826151	-0.442258	5088	
-0.811575	0.044997	4148	
-0.603564	-0.089408	867	
0.569982	0.062450	1374	
0.711838	0.692346	2810	
-0.014780	0.992864	6510	
-0.846935	0.058118	1796	
-0.025830	0.984808	6825	
-0.210268	-0.910343	6214	
0.231292	-0.763837	2625	
-0.696896	-0.071913	1471	
0.390440	-0.797925	2147	
-0.757230	-0.123216	2948	
-0.360185	-0.330388	842	
0.773820	0.422964	4959	
-0.093448	0.885738	3335	
-0.061422	-0.422947	1516	
0.291429	0.496356	5441	
-0.756378	0.211312	1291	
0.283889	-0.005873	348	
-0.266764	-0.267686	3451	
-0.260264	0.581477	2454	
0.439721	-0.325015	2054	
-0.670672	0.428105	3203	
0.883669	-0.314101	6866	
0.506626	0.726065	2394	
-0.326893	-0.777297	4146	
-0.195763	0.107055	831	
0.647229	0.480646	4702	
0.792764	0.409322	4959	
0.384625	0.915100	6480	
0.519456	0.846414	1012	
-0.606893	0.500994	3145	
-0.341987	0.698366	3787	
-0.508647	-0.671521	5481	
-0.843427	0.188844	5351	
-0.455385	-0.187150	990	
-0.102928	-0.797137	3052	
0.683886	-0.365656	598	
-0.992790	-0.000906	595	
0.353972	0.100336	6352	
0.578825	-0.620592	1788	
-0.328985	-0.742836	4542	
-0.992703	-0.012865	595	
0.054271	0.956652	4915	
-0.970571	-0.170339	2765	
0.937347	0.014281	5491	
-0.517747	-0.075266	2283	
0.497667	-0.588494	5676	
0.024470	-0.846347	1534	
0.478088	0.020677	1003	
0.420233	-0.536747	4662	
0.479925	-0.550851	344	
-0.273862	0.173769	1647	
0.583740	-0.615831	2266	
0.087745	-0.794689	2233	
-0.555782	0.240344	3238	
0.345055	0.065492	4346	
-0.163456	-0.785983	3406	
-0.326170	0.923506	6840	
-0.651515	-0.093080	3331	
-0.311331	0.476030	3976	
0.815936	0.299218	5754	
0.672815	0.094026	1700	
0.310882	0.942999	2753	
-0.514054	0.218394	2578	
-0.182851	-0.812483	4902	
0.628874	-0.419234	1064	
0.413598	-0.319691	1443	
0.060538	0.692270	1353	
0.701744	-0.343378	916	
-0.402746	0.033777	663	
0.870783	-0.433412	6287	
-0.479313	0.240817	2199	
-0.032485	-0.621143	5921	
-0.560723	0.746682	3815	
0.378567	-0.566479	5114	
-0.268326	-0.472824	3188	
0.637271	-0.739534	5000	
-0.342034	-0.270067	4789	
-0.710377	0.334911	2667	
0.233851	-0.485492	3705	
-0.637309	-0.503652	3316	
-0.813832	-0.569151	548	
-0.519102	0.325128	5680	
0.071335	0.640826	1411	
-0.382204	-0.749004	4978	
-0.704991	0.474844	1158	
0.613689	0.704452	6819	
0.553885	-0.051668	5520	
-0.257623	0.181909	1664	
-0.214789	0.600838	1331	
-0.678634	-0.271803	1968	
0.554579	-0.135638	2197	
-0.184033	-0.465881	1657	
0.108361	0.569883	4328	
-0.706140	0.365859	3599	
0.127393	-0.757085	1137	
-0.693054	0.626019	4424	
0.241533	0.026870	5788	
-0.324872	-0.439094	5816	
-0.005714	-0.339278	5276	
-0.431418	0.894852	804	
-0.211709	0.280972	3357	
0.586764	-0.622099	2266	
-0.899334	-0.402052	6585	
-0.178871	-0.124196	3960	
0.160862	-0.468558	1759	
0.873603	0.199081	5449	
0.260997	0.073327	6382	
0.069670	-0.335569	5400	
0.673765	0.290592	1619	
0.554313	-0.017654	3616	
0.011280	-0.976005	6597	
0.744769	-0.491900	6134	
-0.237888	0.568794	1541	
0.225462	-0.470416	3079	
-0.334839	0.454814	5795	
-0.866852	0.214414	5636	
-0.088958	0.362926	2341	
0.410829	-0.000304	2627	
-0.275094	0.633788	5335	
-0.954844	-0.272648	6859	
0.453947	-0.747529	4855	
-0.265393	-0.103899	2393	
0.079618	-0.853916	5162	
-0.933353	-0.034355	3771	
0.732936	0.035466	6849	
-0.288461	0.256478	6348	
0.847481	0.265995	5778	
0.800157	0.369044	4826	
0.526321	0.635888	4213	
-0.412305	-0.104357	2686	
0.605924	-0.460597	636	
0.306235	0.836069	2872	
-0.140681	0.764816	5508	
0.008540	0.274908	389	
-0.467570	0.611178	3299	
-0.115349	0.874543	2954	
-0.057695	0.980722	329	
-0.356337	0.712663	4431	
-0.537289	0.330543	1249	
0.346373	0.190401	922	
-0.905164	0.407354	2757	
-0.096267	-0.537814	2366	
0.859964	0.495952	6467	
-0.675630	0.505585	1448	
-0.828525	0.185883	5131	
0.663014	-0.047238	3552	
-0.345024	0.718207	4388	
0.796971	0.345126	3717	
0.550442	0.240021	5206	
0.559492	-0.050160	5520	
0.700183	0.424811	5181	
0.800753	0.121042	3236	
-0.011648	-0.700818	931	
0.063708	0.740411	2437	
-0.017409	-0.817173	3127	
-0.776495	-0.063221	2964	
-0.231909	-0.463734	1881	
0.573139	0.524263	999	
-0.173633	-0.389764	2638	
-0.693441	0.626018	4424	
0.614925	-0.521846	1434	
-0.923462	-0.081757	6716	
0.389228	-0.632897	560	
0.560586	0.805986	6223	
-0.468720	-0.298781	2506	
0.885992	0.151790	5053	
-0.059703	0.276005	3198	
-0.163602	-0.125373	814	
0.684556	-0.219708	6575	
-0.542876	0.760864	6295	
-0.620377	-0.080808	3593	
-0.757369	-0.434885	5747	
-0.928180	0.103718	6739	
0.030178	-0.412470	4017	
0.324032	0.876520	4446	
-0.704071	0.051881	941	
0.509890	-0.709415	4975	
0.781869	-0.231020	1143	
-0.115233	0.629825	4211	
-0.945109	0.302557	6026	
0.623931	0.478514	4620	
0.856004	0.044181	756	
0.300273	0.884655	6875	
0.965467	-0.106031	6277	
0.515833	-0.074535	1377	
-0.688013	0.424907	5394	
0.762671	0.525277	4243	
-0.172782	-0.918287	6213	
-0.343716	0.813160	3541	
-0.737587	0.467187	2509	
-0.181629	0.211381	6775	
-0.465836	-0.157232	986	
0.190701	0.278045	6168	
0.419450	-0.521428	1462	
-0.099167	-0.840964	5083	
-0.422846	-0.832922	5944	
0.119977	0.780882	4374	
-0.090341	-0.850379	5529	
-0.773232	-0.187751	5094	
-0.205982	-0.375157	5704	
0.284027	0.792362	1735	
0.108895	0.701259	2291	
-0.330996	-0.164676	582	
0.445862	0.089770	2215	
0.376452	-0.563096	5114	
0.470608	0.699078	1818	
0.768136	-0.177939	6476	
0.908679	-0.231595	6127	
-0.097792	-0.614436	710	
-0.647984	0.222232	3403	
0.138382	-0.420151	2626	
-0.048989	-0.463249	5005	
0.614471	-0.050834	5135	
-0.168356	-0.288061	2618	
-0.451187	0.883504	527	
0.736396	0.004763	1648	
0.677238	-0.005965	6421	
-0.586356	0.228505	3740	
-0.116680	-0.512018	2461	
-0.689772	0.554701	3108	
-0.370858	0.108875	2914	
-0.099737	0.252248	6652	
-0.884080	0.128057	3528	
-0.558618	-0.566313	2987	
0.688670	-0.053325	1575	
0.221709	0.710071	5431	
0.639626	-0.356199	5935	
-0.182470	0.210581	6775	
0.666929	-0.507608	455	
0.640444	0.525539	4807	
0.787102	-0.217064	1098	
-0.681213	0.397179	3486	
-0.418394	-0.283529	1329	
-0.045356	-0.439589	1465	
-0.502587	0.684982	1947	
-0.146483	-0.259085	2513	
0.021633	0.992489	6442	
0.345628	0.930938	6761	
-0.596399	0.333361	1160	
0.129388	0.690825	2397	
-0.824142	0.540222	2730	
-0.021165	-0.498465	2636	
-0.097794	0.633152	4211	
0.469655	0.407840	3372	
-0.702476	-0.202878	1498	
-0.183309	-0.433319	3106	
-0.619047	0.759300	6299	
-0.621210	0.088435	844	
-0.802861	0.367021	3954	
0.683742	-0.636537	6341	
-0.162109	-0.744887	1707	
0.657572	0.039827	1695	
-0.363972	-0.033271	5971	
0.041483	-0.538618	4520	
0.597359	-0.318845	1198	
-0.729359	0.434388	5670	
0.794866	-0.264725	5855	
0.107659	0.193894	820	
-0.116769	-0.486980	2549	
-0.576881	0.623106	2484	
-0.192749	0.973438	667	
-0.406408	0.354482	2641	
0.431267	-0.588776	5901	
0.572006	-0.049996	5520	
0.102709	0.291744	2260	
0.653532	-0.105498	1596	
-0.212494	0.228771	1862	
0.853843	-0.383988	6342	
-0.408854	-0.605114	1706	
-0.426912	-0.351476	6082	
-0.805926	-0.466886	5810	
-0.233403	0.964158	2732	
-0.250320	0.728067	2803	
0.820268	0.361059	4826	
0.575044	-0.406587	673	
-0.124477	-0.409086	5632	
-0.637671	-0.239173	2739	
-0.362944	0.434700	4027	
0.379518	0.748266	2001	
-0.824211	0.320777	3713	
0.776817	-0.380878	5405	
0.902259	-0.409177	1332	
-0.414527	0.447688	1159	
-0.394435	-0.367770	3433	
-0.251425	-0.461439	2123	
0.250031	-0.345963	1899	
-0.201488	-0.214460	1119	
-0.024296	-0.516960	3736	
0.310333	0.873951	4446	
-0.374179	0.633197	2386	
0.655318	0.057926	1789	
0.136218	0.239200	6766	
0.528150	-0.340874	1721	
-0.117109	-0.452550	2544	
0.780726	0.586420	6465	
0.492594	0.514178	4278	
0.331305	-0.245546	5952	
0.553857	0.638424	4673	
-0.454006	-0.225238	897	
0.622128	0.138763	1567	
0.120885	0.281014	6590	
0.407956	0.134978	1963	
-0.231743	0.136621	5879	
-0.128467	-0.478661	2658	
0.342175	-0.870253	6719	
-0.839519	0.217009	5244	
-0.771061	-0.092925	2892	
-0.189601	-0.319033	3688	
0.832149	-0.218659	1509	
-0.688773	-0.054511	4887	
-0.250378	-0.104355	6792	
0.627874	-0.431508	504	
0.639033	-0.297347	6543	
0.349299	-0.579054	5051	
0.186517	0.777524	3746	
0.597668	-0.485801	781	
-0.702080	0.538231	1495	
0.433197	-0.888111	6645	
0.652296	-0.266125	5685	
0.797935	0.376472	5019	
0.037721	0.932180	6280	
-0.234308	0.258637	3463	
0.470795	-0.631471	1282	
0.344172	-0.903821	6443	
0.179960	-0.779080	3509	
-0.762091	-0.207420	3417	
0.489488	-0.621240	6067	
-0.526280	-0.675141	2555	
-0.040722	-0.330662	2319	
0.545211	-0.304574	6673	
-0.707603	0.325473	2667	
0.001844	-0.400872	5460	
0.040660	0.550297	1756	
0.519853	0.533425	1131	
0.423383	0.727425	1817	
0.435669	0.384667	2157	
-0.017121	-0.317156	1446	
-0.045043	0.313916	918	
0.648435	-0.262391	5685	
-0.433602	0.503234	3289	
0.110409	0.286116	6590	
0.692862	0.396769	4980	
-0.604082	0.326311	1160	
-0.487762	0.192555	2058	
-0.614402	-0.395698	6439	
-0.796581	-0.078702	3879	
-0.947534	-0.270143	6086	
-0.176368	-0.760178	2875	
0.757047	0.262867	4722	
0.158910	-0.251930	4696	
0.664108	0.519373	4807	
0.069163	-0.929217	5302	
0.203742	0.912072	3811	
-0.708920	0.695967	2813	
-0.992791	0.016470	2679	
-0.277262	0.010231	868	
-0.791434	0.293831	2246	
-0.729671	0.050513	1308	
-0.233757	0.568975	1541	
-0.785872	0.134941	5275	
0.718814	0.487880	3233	
-0.253790	0.246875	2936	
-0.421098	-0.459178	4621	
0.644458	-0.168742	1199	
-0.528854	-0.582174	675	
-0.393832	-0.749070	4978	
-0.275145	0.163397	1891	
-0.168382	-0.827663	1960	
-0.699259	-0.040953	4887	
-0.509422	0.338639	1132	
-0.039069	0.315718	280	
-0.576004	-0.521485	2919	
0.391030	0.020809	2002	
-0.125913	-0.923616	3609	
-0.490229	0.503669	1558	
0.505880	0.652629	5474	
0.485913	0.691101	1532	
-0.308852	0.556011	2427	
0.253551	0.740251	3248	
0.587339	-0.656221	5174	
0.295936	0.634481	1157	
-0.786887	0.013335	4707	
0.728866	-0.295544	923	
-0.220510	-0.962223	2677	
0.064291	0.931972	4333	
0.238550	-0.569558	2915	
-0.453178	-0.531431	962	
-0.375212	0.855410	5953	
-0.674675	0.645954	6339	
-0.587715	0.356840	2329	
0.051287	0.932706	5963	
-0.425462	0.687219	4777	
0.125871	-0.489575	2963	
-0.298583	-0.168104	1122	
-0.600945	-0.715123	6753	
-0.860154	0.471919	421	
0.535639	0.041242	5719	
0.793374	0.386014	5019	
-0.091782	0.775772	3922	
-0.439349	-0.642071	2631	
0.823787	-0.079529	5372	
0.359618	-0.276296	2383	
-0.723577	-0.102717	4890	
-0.242981	-0.840199	3538	
-0.153047	0.681613	4270	
0.040796	-0.334116	4742	
0.054265	-0.893506	2425	
-0.049745	-0.872819	5551	
-0.119397	0.286543	552	
-0.524657	0.116145	2244	
-0.288289	0.831580	1372	
-0.151813	0.808313	5544	
0.477318	-0.381638	2957	
0.722734	0.110095	5173	
-0.691076	-0.102922	4750	
0.145754	-0.803148	4367	
0.803297	0.304470	1843	
-0.293919	-0.024267	6068	
-0.933847	-0.048288	6713	
0.439215	-0.320594	2054	
0.020374	0.604232	3921	
-0.669861	0.650596	888	
-0.250556	0.001618	719	
-0.872511	0.474229	421	
0.407927	-0.789558	2603	
0.087157	0.225754	6570	
-0.361361	0.123482	2564	
-0.286613	-0.015929	6068	
-0.319314	-0.504218	955	
-0.502388	-0.369458	3797	
-0.688243	-0.119617	4750	
-0.209248	-0.862026	2339	
0.271410	0.065064	634	
0.083201	-0.504420	2527	
0.719349	0.461426	5122	
0.269841	0.070694	6382	
-0.434969	-0.893080	6020	
0.765497	-0.301277	1069	
0.537540	0.762354	6695	
-0.588916	0.195775	3814	
-0.505341	-0.676665	5481	
0.633338	0.096523	4889	
0.388256	0.127542	1963	
-0.651761	0.271561	1859	
-0.526920	0.177114	1761	
0.909246	0.364881	6405	
-0.134685	-0.529164	3064	
-0.086305	0.556472	2574	
-0.723036	0.503696	2271	
-0.466519	-0.597610	2294	
0.836215	-0.422568	1850	
-0.338513	-0.522491	697	
-0.133603	-0.285263	2310	
0.745591	0.651912	6014	
0.007277	0.992788	972	
-0.534336	0.161898	2082	
0.371799	0.061646	2112	
-0.796954	-0.308174	1549	
0.383765	-0.336697	1711	
-0.275593	0.145879	2155	
0.658340	-0.237091	5875	
-0.243883	0.518229	5483	
-0.632169	0.483393	3186	
-0.115602	0.856802	5661	
0.922446	-0.333269	6105	
-0.684091	0.488449	2775	
0.053576	-0.220068	1020	
-0.370418	0.373488	2399	
0.887830	0.413536	6008	
0.429206	-0.299145	1396	
-0.239633	0.135967	401	
-0.128273	-0.508942	2458	
-0.724392	-0.233468	3580	
-0.567959	-0.258973	889	
-0.078109	-0.281233	4745	
-0.034421	0.279061	3795	
-0.417415	0.670630	4891	
-0.231413	-0.096604	6742	
0.416549	-0.286750	6249	
0.680448	-0.408403	2136	
0.861512	0.493399	6467	
-0.228251	0.105665	1161	
-0.496596	-0.043356	1875	
-0.020107	-0.441940	4835	
-0.319234	0.175348	3464	
-0.338604	0.870706	4489	
0.168408	-0.217865	5895	
-0.360750	-0.099070	589	
-0.050982	0.272502	3795	
-0.163449	-0.343255	5688	
0.528551	-0.445438	989	
-0.917738	0.149519	3882	
-0.536096	0.764861	6295	
0.421678	-0.641890	1087	
0.394683	0.165898	1975	
0.375945	-0.561820	5114	
-0.753062	-0.187569	3024	
0.496339	-0.734803	3784	
0.515683	-0.515048	671	
0.085649	-0.883794	2142	
-0.294033	0.135116	1701	
0.251516	-0.723519	1257	
0.570112	0.074579	1339	
0.448243	0.768917	2979	
0.478195	-0.024192	898	
-0.682578	0.562985	3108	
0.407217	-0.546429	4662	
0.348023	0.819081	3291	
-0.459795	0.813098	302	
-0.442866	-0.180682	4488	
-0.737724	-0.212821	3081	
0.620295	0.626583	4330	
0.155537	0.553847	5392	
0.037534	0.621607	3640	
0.204317	-0.906693	927	
-0.127180	0.925057	4143	
-0.359232	-0.028817	5971	
-0.252135	0.306266	542	
-0.827635	0.142487	4289	
0.195250	0.313355	5858	
-0.120446	-0.782502	2955	
0.091362	0.735953	1934	
0.524521	0.595328	2202	
0.313427	-0.239397	5523	
-0.224151	0.473738	5893	
-0.743665	-0.482613	3010	
-0.685875	0.367221	2614	
-0.177607	-0.099726	3677	
0.604704	0.338213	2190	
0.556256	-0.091018	5393	
-0.430004	0.657813	4891	
-0.762773	0.350279	3708	
-0.609380	-0.707786	301	
0.643822	0.740973	2672	
0.905179	-0.402248	1332	
-0.388184	-0.563887	4135	
0.617952	0.699902	6819	
0.613978	0.060447	4969	
0.249025	0.023225	5788	
-0.201014	-0.864882	4650	
-0.671470	-0.124542	3947	
-0.433089	0.048593	879	
-0.810690	-0.235698	1608	
-0.361773	-0.056961	4201	
-0.794296	-0.596154	5983	
0.510794	0.260412	1888	
0.084651	0.323408	2277	
-0.290127	-0.540692	980	
-0.694453	0.324799	2589	
0.243751	0.085181	285	
0.190114	-0.408772	1315	
-0.396652	0.845589	6121	
-0.886729	0.447531	5978	
0.600866	-0.714354	5735	
-0.040982	0.217918	828	
-0.071734	-0.850731	5702	
0.141004	-0.437013	1305	
0.440142	0.824071	6830	
0.538688	-0.306747	6673	
0.458069	0.135919	1261	
0.383239	0.522879	2322	
0.635033	0.220099	4868	
-0.850632	-0.237967	3061	
-0.483583	-0.503323	767	
-0.424907	-0.312688	6035	
-0.035683	-0.395691	4058	
-0.411136	-0.838801	5305	
0.393658	-0.613763	734	
-0.698967	0.015823	1235	
-0.753876	0.189293	1146	
-0.040333	-0.620744	5921	
0.383737	-0.849670	5614	
-0.211244	0.167218	6790	
0.297489	0.137446	1997	
0.837450	-0.337855	6744	
0.483205	-0.730554	4683	
-0.560776	-0.205756	5049	
-0.281598	-0.796086	2969	
-0.803825	-0.535036	6267	
0.602736	-0.001656	6383	
-0.013477	0.270123	4262	
-0.393986	-0.693288	4678	
0.097746	0.975573	296	
-0.302949	-0.664500	2258	
0.378218	-0.479148	1953	
0.015287	0.542253	1916	
0.181654	0.862406	4394	
0.291689	0.887157	6875	
0.894234	0.168346	5594	
-0.308343	0.828915	3181	
-0.290438	-0.002787	596	
-0.622986	0.073314	844	
-0.060782	0.733559	2445	
0.084853	-0.533696	2591	
-0.491853	-0.461707	4822	
-0.647348	-0.676421	6689	
-0.878987	-0.294575	4300	
-0.311291	-0.735296	4133	
-0.216181	-0.757808	2825	
0.067324	-0.829340	5337	
0.239363	-0.253713	1910	
-0.264483	-0.563359	518	
-0.258190	-0.340250	2300	
0.008679	0.708362	4085	
-0.304741	-0.040486	1852	
0.840217	-0.415577	1850	
-0.415502	0.789122	4198	
0.645774	0.343413	4690	
-0.038665	-0.480154	1801	
0.596185	0.512495	4106	
-0.072597	0.637114	5026	
-0.271690	-0.086081	2393	
-0.723622	-0.092439	4890	
-0.760834	-0.194157	3417	
0.796419	-0.175034	5807	
0.172578	-0.559941	3116	
-0.124989	0.208812	513	
-0.410712	-0.291147	1329	
-0.349120	0.746689	3274	
0.184932	-0.826066	4656	
-0.746910	0.217176	1291	
-0.482269	-0.395109	4428	
0.171372	0.853716	4487	
-0.046331	-0.419059	1920	
0.710500	-0.263361	5641	
0.656930	0.129085	2071	
-0.587513	-0.376760	6437	
-0.079306	-0.590853	1024	
-0.690137	-0.273651	1605	
-0.702798	-0.701990	6030	
-0.340138	-0.314245	4883	
-0.492417	-0.228421	2435	
0.552721	-0.602645	1560	
0.625476	-0.314410	1343	
0.371354	-0.585087	4884	
0.513581	0.358269	2542	
-0.494059	0.852437	5979	
0.293607	-0.492915	2066	
0.281806	0.772579	3055	
0.215965	0.956949	402	
0.539197	-0.760780	5577	
-0.701036	-0.288013	2776	
-0.714781	-0.300767	2490	
0.625706	-0.630406	5607	
-0.065586	0.795354	3781	
-0.840224	-0.150639	1751	
0.404178	0.608087	1123	
-0.483189	0.799120	6409	
0.643856	-0.437288	6284	
-0.349495	-0.096383	589	
0.297099	-0.789520	5609	
-0.739041	-0.488200	3010	
0.346930	0.913982	6478	
-0.478422	0.702714	4189	
0.928355	0.116756	6422	
-0.662739	0.226626	3977	
-0.655340	0.323110	5964	
-0.280793	0.702767	2694	
0.624960	0.540068	6083	
0.572775	0.420153	2033	
-0.914415	-0.368680	829	
0.256289	0.516740	5310	
-0.200952	0.313732	6046	
0.194954	-0.216425	1943	
-0.572111	0.263310	4432	
0.248344	0.900194	316	
-0.206869	-0.209386	1119	
0.403164	0.508760	1682	
0.586848	0.537082	5892	
0.388083	0.033357	2006	
-0.180270	0.221593	6640	
-0.241079	0.252420	3463	
-0.004461	-0.409735	5198	
0.006449	0.249255	4155	
0.516291	-0.450343	960	
-0.414496	0.757135	4245	
0.452191	0.661975	3434	
0.449307	0.147634	1194	
0.067227	-0.651830	5303	
0.742664	0.080213	5378	
-0.526370	0.084503	2449	
-0.628482	-0.739473	5980	
0.338404	-0.581145	1743	
0.236278	0.101262	5902	
-0.334009	0.134288	1918	
-0.870545	0.338353	4420	
0.062091	0.620448	4928	
-0.336569	-0.366079	1121	
-0.011101	0.343665	6220	
0.197045	-0.357182	2191	
0.531017	0.837956	6159	
0.366593	0.804650	2885	
-0.781057	0.318766	4019	
0.288790	0.949793	451	
-0.215987	0.656813	1231	
-0.262912	0.844357	4937	
-0.828700	-0.315849	1606	
-0.172569	0.749209	5172	
0.414144	0.866334	6343	
0.537613	0.064588	3899	
0.835704	-0.143631	6922	
0.547850	-0.700222	5071	
0.316875	-0.747245	5190	
0.112383	0.281400	6590	
-0.679966	-0.496965	4154	
-0.431415	-0.202721	6113	
0.919623	-0.186523	370	
-0.082143	-0.459181	2428	
0.369308	0.503954	4862	
-0.210050	-0.129232	6259	
0.535872	0.834730	6159	
0.676125	0.237733	5696	
-0.047230	0.379283	4061	
0.222164	0.259627	2087	
-0.161256	-0.800541	4902	
0.476071	0.372719	3231	
-0.890539	0.280517	3831	
-0.525780	0.035826	5750	
-0.313048	-0.242922	3825	
-0.385595	-0.685287	4678	
-0.083647	0.834867	4138	
-0.617807	-0.696459	5776	
-0.572860	-0.581637	4065	
-0.076360	0.382253	2891	
0.888542	-0.105818	4692	
0.160948	0.970599	6355	
0.255663	-0.606727	4926	
0.603938	-0.582166	2620	
-0.152997	0.835596	2180	
0.218888	0.231419	2047	
-0.098224	-0.384245	5596	
0.296906	-0.402419	4585	
0.708753	0.196188	5223	
0.953433	0.231442	6579	
-0.873322	-0.134774	2932	
0.707344	-0.482032	6126	
-0.572807	0.261750	4432	
-0.869541	0.160655	3205	
0.235069	-0.369184	2952	
-0.452250	0.525305	4531	
0.463964	-0.755481	4625	
-0.449768	-0.477898	3483	
0.488843	0.650580	5474	
-0.429520	0.895405	804	
0.299149	-0.664228	446	
-0.596772	0.652409	2999	
0.473037	0.007271	830	
0.548499	-0.422511	5023	
-0.687912	-0.363616	2771	
-0.263851	0.475586	3424	
-0.527663	0.583243	3907	
0.453554	-0.761865	4378	
0.733859	-0.507239	322	
0.242506	0.562878	5044	
0.402601	0.843428	6395	
-0.137018	0.768337	5508	
-0.241689	-0.045886	6756	
-0.637577	-0.616134	5031	
0.800572	0.393926	5195	
0.919785	0.337073	6598	
-0.115734	-0.611382	928	
-0.055929	0.932130	6777	
0.401761	-0.069093	439	
0.355806	0.002800	1831	
-0.033098	-0.886047	4813	
0.019334	0.693971	1278	
-0.992946	-0.015822	595	
0.488486	-0.624173	1282	
-0.164330	0.609727	1258	
0.590779	-0.620073	2266	
0.702029	-0.550339	1906	
-0.407044	-0.769912	3159	
0.661588	-0.536335	6357	
0.064806	0.350338	3219	
-0.473026	-0.487998	4149	
-0.585423	0.359617	2329	
-0.282099	-0.639777	2193	
-0.391994	0.013390	494	
0.633603	0.363098	4993	
0.360351	0.576962	5629	
0.248743	0.524488	5310	
0.615617	0.635064	4330	
0.021775	0.862787	5020	
-0.583944	0.361847	2329	
-0.505214	0.855360	2664	
-0.595624	-0.422426	3838	
-0.368333	0.154584	4049	
0.380710	-0.448307	1239	
-0.740091	-0.621896	6843	
-0.321094	0.627183	5004	
-0.294555	-0.738761	4133	
-0.700719	-0.210275	1498	
-0.453221	0.304072	2450	
-0.401192	0.667902	3242	
-0.105275	-0.692216	975	
-0.311984	-0.508778	4126	
0.070125	-0.184667	810	
0.320420	-0.241703	5952	
-0.215021	0.824753	2725	
-0.575109	0.576627	1650	
-0.830063	-0.270884	2517	
-0.730764	0.581908	5970	
-0.498827	0.202673	2058	
-0.154539	0.225339	438	
-0.479841	-0.209483	2438	
0.812084	-0.109186	5203	
0.271903	-0.198910	641	
-0.366044	0.685778	3655	
0.345664	-0.297287	2507	
-0.898610	-0.407119	2675	
-0.875960	-0.139091	2932	
-0.266769	-0.079488	2393	
0.424917	-0.765558	1637	
-0.508613	0.613903	5225	
-0.309934	0.835978	3181	
0.510280	0.782845	4081	
0.779864	-0.224963	1143	
-0.833256	0.121651	5081	
-0.101821	-0.417300	2409	
0.079564	-0.594466	4710	
0.228742	0.169153	1644	
0.068691	-0.608552	4965	
-0.588527	-0.612642	3832	
-0.622590	-0.063207	1954	
0.607928	0.178119	2041	
-0.373419	-0.787290	4472	
-0.537517	-0.112001	3288	
0.617039	-0.774533	1060	
0.497888	0.558746	769	
-0.425366	0.734521	1712	
0.585349	0.145733	1797	
-0.626987	0.277472	3394	
-0.760286	0.542654	6412	
0.027186	0.582875	2702	
-0.000734	-0.684272	4377	
0.012065	-0.541946	3750	
-0.655984	0.196248	3744	
-0.046254	0.933160	6554	
-0.132418	0.339415	3056	
0.099392	-0.784875	2613	
-0.699671	-0.361285	2771	
0.762601	-0.599444	6069	
0.968217	-0.218817	1517	
0.936410	0.012495	5491	
0.386525	-0.343951	1722	
-0.290331	-0.888755	4509	
0.261801	-0.186513	654	
0.618462	-0.024139	860	
-0.317493	-0.697483	2747	
-0.524899	0.549647	3032	
-0.481565	-0.623835	3028	
0.104783	-0.839399	4504	
0.239572	0.816396	4651	
0.885428	-0.179213	338	
0.300225	0.220740	6198	
0.620468	-0.694575	5727	
0.115833	-0.473858	2175	
-0.269539	-0.349624	2300	
0.294782	0.886730	6875	
-0.541774	-0.554576	2987	
-0.043074	-0.396394	4058	
-0.545936	0.418053	4290	
0.974025	0.182206	6485	
-0.341691	0.931309	6840	
-0.888391	-0.288670	4439	
0.481830	-0.069683	1056	
-0.445663	0.205678	2571	
0.128393	0.242373	1134	
0.102194	0.299070	2260	
0.738643	0.095708	5029	
-0.544722	-0.075127	3324	
0.477267	0.128018	1162	
-0.369343	-0.052494	6296	
0.130265	0.207276	361	
0.960427	0.168314	6272	
0.776633	-0.333782	5366	
0.630223	0.728421	6886	
0.793474	0.188203	4713	
0.630696	0.090380	4889	
-0.793960	0.040054	4614	
-0.672255	-0.490014	3868	
0.688609	-0.123245	4792	
0.596403	0.717716	6407	
-0.783124	0.427010	5883	
0.116088	0.763858	3123	
0.328082	0.194230	6173	
0.475607	-0.751675	4755	
0.023135	0.977900	925	
0.067844	0.990954	2661	
-0.275837	0.250910	6061	
-0.869435	0.040468	3193	
-0.028450	-0.697411	4313	
-0.179688	-0.472431	3016	
0.278882	0.566129	1530	
-0.273901	-0.482433	3623	
-0.977848	-0.174691	2765	
-0.804998	0.473415	5781	
0.593023	0.292204	4576	
0.384150	0.194536	2218	
-0.653369	-0.172549	4293	
0.529671	-0.836663	6415	
-0.693425	-0.096347	1471	
-0.175029	-0.285406	2618	
0.447618	-0.652375	793	
0.703711	0.675753	6003	
0.103851	-0.590897	4524	
-0.238694	-0.324866	4705	
-0.194957	0.791479	2958	
0.936865	0.015405	5491	
-0.306580	-0.452848	2464	
0.491060	-0.590728	1333	
-0.207331	0.659037	1231	
-0.690466	0.069105	1037	
0.388762	-0.525385	3772	
-0.723493	0.680571	6722	
0.142678	-0.512608	1533	
-0.012159	-0.886305	4813	
0.392206	0.022602	2002	
0.707713	-0.335218	1341	
0.529511	0.453963	5598	
0.519317	-0.718920	5062	
0.867938	0.348817	6854	
-0.508785	-0.314304	5610	
0.390996	-0.793678	3534	
-0.188043	-0.849896	4650	
-0.590030	-0.611025	3832	
-0.415724	-0.555710	5146	
-0.304790	0.618998	4046	
0.548984	-0.049318	5161	
0.307633	0.084023	4686	
0.131651	-0.352648	4951	
-0.287236	-0.341094	3504	
-0.750187	0.635537	6783	
0.695459	0.624358	5973	
0.144552	0.622994	6112	
-0.091565	-0.615353	710	
-0.131533	-0.286216	2310	
0.636777	0.400322	2074	
0.488730	0.397329	3769	
0.459235	-0.006283	821	
-0.124273	-0.450011	2544	
-0.351880	-0.304505	913	
-0.865462	-0.120088	3304	
0.794122	-0.566313	5905	
-0.461774	-0.614155	2596	
0.319873	0.940193	2753	
-0.130581	-0.823985	5075	
0.847738	0.150333	5154	
0.165695	-0.784250	4008	
0.695371	0.476886	4672	
-0.237805	-0.402973	5801	
-0.658689	0.478328	3894	
-0.460979	0.196698	2781	
0.688336	-0.153894	4723	
-0.704329	-0.328312	2479	
0.554167	0.166134	2330	
-0.757864	0.360614	4474	
-0.319732	-0.013746	2116	
-0.497636	-0.613236	2567	
0.572812	-0.036278	2172	
-0.259793	-0.188843	461	
-0.202968	0.860342	2860	
0.719851	-0.246290	5641	
0.382864	0.563139	3505	
0.697690	0.706539	6023	
-0.409975	0.897225	2731	
0.005050	-0.621805	4103	
0.566359	0.284381	4823	
-0.043814	0.734878	4666	
-0.289839	-0.106995	4392	
-0.167352	-0.232219	6525	
-0.312072	-0.288849	4607	
-0.451389	0.576187	2412	
-0.807595	0.471743	5686	
-0.226771	-0.642949	3151	
-0.670119	0.732420	6305	
0.526590	0.476910	5598	
0.918545	0.376698	2535	
-0.384830	0.097654	3792	
0.382888	0.531394	2322	
-0.652489	0.334594	1713	
0.927179	0.119907	6422	
0.274514	-0.190610	654	
-0.737041	-0.652941	6031	
-0.122300	0.544792	1776	
0.848574	0.511067	6237	
0.545303	0.378430	5555	
-0.552048	0.550203	3404	
-0.717158	0.686404	6679	
0.700282	-0.702547	6441	
-0.941931	-0.299292	339	
0.481459	-0.544735	502	
-0.372975	-0.805032	4689	
0.233399	-0.685418	593	
-0.813517	0.213638	5359	
0.186519	0.258840	6168	
-0.680030	-0.464185	3307	
0.242426	0.762728	4457	
0.493175	-0.494075	4977	
-0.136013	0.828420	1515	
-0.467796	0.875748	6018	
-0.038177	0.761745	2181	
-0.469856	0.469090	3209	
0.214798	-0.218979	1631	
0.233943	-0.219439	6760	
-0.424142	0.459552	5564	
-0.279749	0.264189	5882	
-0.443565	0.873164	527	
-0.060779	0.888865	5832	
-0.210018	0.962047	535	
0.630015	-0.130657	5583	
-0.851063	0.070354	2670	
0.460700	0.107236	4565	
-0.155076	-0.240239	5897	
-0.842691	0.514963	6667	
-0.670771	-0.309729	2888	
-0.194687	0.210709	6775	
-0.490219	-0.478260	4149	
0.154262	-0.219723	5895	
-0.119980	-0.358649	5350	
0.836024	-0.141134	6922	
-0.368882	0.755531	3883	
0.645864	-0.747858	5000	
-0.502793	0.580749	2967	
-0.316665	0.733375	4719	
-0.013007	0.625647	4759	
-0.815804	0.366408	3954	
-0.220138	-0.044313	425	
0.262833	-0.740695	2225	
-0.046289	-0.698496	3971	
-0.050152	-0.443926	5005	
-0.331994	-0.321646	4244	
-0.679066	0.173472	3448	
-0.218271	0.166598	6764	
-0.422937	0.898345	2731	
0.648435	-0.262391	5685	
0.368549	-0.260350	6723	
-0.701299	0.685798	2813	
-0.809170	0.239705	1885	
-0.556804	0.568739	5383	
-0.378081	0.854861	1323	
-0.538263	0.328877	1254	
-0.283668	-0.001592	596	
0.069453	-0.692488	5202	
0.608139	0.709735	6340	
0.747146	-0.423174	5553	
-0.613405	-0.068424	2392	
0.125719	0.182835	820	
0.130906	-0.687923	4071	
-0.336345	0.205117	4771	
0.366916	-0.259661	6723	
0.040731	0.711800	1279	
-0.066276	-0.885276	5700	
-0.184434	-0.594277	945	
0.398787	-0.029210	2044	
0.293643	-0.648214	446	
-0.764590	0.130342	2639	
-0.684745	-0.001145	5129	
-0.282653	0.447443	2937	
0.805554	0.292802	5972	
-0.126508	-0.425592	5632	
-0.422941	0.441267	1159	
0.232287	0.812273	4651	
0.180414	0.557121	5396	
-0.327312	0.391937	4882	
0.315936	0.735525	5013	
0.748129	0.487961	5526	
-0.684831	0.093055	3033	
0.282286	-0.727985	2225	
0.251202	-0.647770	4573	
0.914101	0.387619	2535	
-0.177458	0.134525	827	
0.697345	-0.290782	1147	
-0.545908	-0.246179	5213	
0.364555	-0.258388	6727	
0.672738	0.570277	2904	
0.163208	-0.748901	1275	
0.433042	0.397925	2642	
0.285753	-0.647448	446	
0.843481	0.303848	4790	
0.664503	0.301320	2015	
0.303962	-0.772185	5163	
0.399853	-0.396296	3223	
0.294768	-0.732890	2653	
-0.705899	-0.690166	6006	
-0.258376	-0.348964	2300	
0.584053	0.254359	2005	
0.555910	0.645351	4743	
-0.797712	0.195178	5438	
0.510432	-0.072295	1377	
0.009088	-0.411850	4017	
0.107990	0.928028	5248	
0.490607	-0.728525	4935	
-0.669706	0.551896	5586	
-0.358586	0.612498	1390	
-0.294044	0.118754	1701	
-0.221573	0.167512	6764	
0.071418	-0.508200	3366	
0.515015	0.096602	1079	
-0.368269	0.695541	3655	
0.633884	-0.358912	5917	
0.197232	-0.410133	1315	
-0.756025	0.548791	3860	
-0.284237	0.275294	1304	
-0.659209	-0.203102	4454	
0.924097	0.149598	6420	
0.683675	0.260940	2570	
-0.460547	-0.691973	4588	
-0.843171	-0.401994	3806	
-0.878568	0.105394	3167	
-0.834100	0.173936	5131	
0.657024	0.453101	4235	
-0.160790	0.183469	683	
-0.224308	0.764917	3945	
0.663356	0.456563	4536	
-0.473636	0.705504	4189	
-0.221487	-0.856145	2339	
-0.987524	0.102494	5990	
0.760076	-0.328376	1821	
0.006311	-0.555914	1620	
0.087473	-0.694577	3995	
-0.203843	-0.566195	702	
0.955369	-0.091117	6277	
-0.573738	0.330576	6152	
0.928833	-0.131466	5246	
-0.608438	0.316352	3000	
0.153232	-0.388510	2021	
-0.540454	0.584648	5137	
0.341380	0.108591	6352	
-0.154636	0.280295	2130	
-0.484998	0.508743	1558	
0.140967	-0.979871	6033	
0.394073	-0.448593	5760	
-0.162463	-0.490433	3824	
-0.238496	0.486562	3506	
-0.489951	0.482922	3905	
0.914408	0.197313	6857	
-0.063722	0.638288	5026	
-0.264235	0.765075	3852	
-0.280680	-0.111705	3569	
0.263900	0.067365	634	
0.523058	-0.314030	6210	
-0.542616	-0.087765	2847	
0.290405	-0.384340	2521	
-0.587045	-0.213034	835	
0.854445	0.109967	4562	
-0.209632	0.579093	1241	
0.230141	0.585613	5249	
0.002827	-0.555421	1620	
-0.584214	-0.650470	3964	
0.541114	0.383908	5802	
0.418578	0.834475	6803	
-0.510975	0.103419	484	
-0.262138	-0.110467	3077	
0.250371	0.030499	5788	
-0.828311	0.311218	3339	
0.768916	0.350292	1621	
-0.378935	-0.705921	4144	
0.510331	0.420830	5826	
0.587218	-0.665544	5219	
-0.369070	-0.660827	2704	
-0.609133	0.315497	3000	
0.099280	0.272752	6212	
-0.281988	-0.669284	2376	
0.572279	-0.534101	1327	
-0.364305	-0.267343	4866	
0.477796	0.013614	1003	
0.772281	-0.148249	6111	
0.015123	0.568247	2702	
0.649127	0.490786	4702	
-0.416795	0.693192	4777	
-0.371449	-0.373690	3433	
-0.495623	0.056387	961	
-0.257104	0.269928	758	
-0.268297	-0.831711	4844	
-0.682829	0.039036	642	
-0.786801	-0.013146	4438	
-0.663959	-0.535284	3974	
0.336745	-0.688283	1477	
-0.045601	-0.331339	1927	
0.103837	0.226759	1164	
0.563989	-0.668362	5100	
0.084064	0.930026	4433	
-0.622913	-0.762604	2678	
-0.111822	-0.879780	1574	
-0.877537	-0.113151	3003	
0.297739	0.844295	3269	
-0.285638	0.447478	2937	
-0.144197	-0.199871	1166	
0.079089	0.981844	319	
-0.513550	0.488543	1571	
0.658340	-0.237091	5875	
-0.162487	0.965480	6440	
-0.023682	-0.517126	3736	
-0.626147	0.026315	1548	
-0.010477	-0.516793	3736	
-0.213685	-0.370869	5704	
0.724136	0.158613	4652	
-0.205653	-0.249126	6627	
-0.763256	0.446389	5717	
0.720613	0.506227	3664	
-0.869894	0.203174	5636	
0.357298	-0.430111	4628	
-0.310846	0.475538	3976	
-0.163044	-0.227044	6525	
0.216676	0.198588	282	
-0.832709	-0.140357	1751	
-0.563192	0.282515	4595	
-0.947652	-0.202663	6879	
-0.534314	0.503734	3550	
-0.463091	0.248822	2151	
-0.568659	0.270956	4432	
0.478342	0.513512	4026	
-0.664587	-0.701270	6670	
0.610583	-0.635039	5142	
-0.252492	0.150593	2154	
0.021433	-0.323343	4450	
0.406584	-0.033085	1974	
-0.204210	0.649081	1140	
0.039803	0.355149	3310	
0.248373	0.749646	3885	
-0.314863	0.056834	2120	
-0.713399	0.670901	6679	
0.831424	-0.430943	5088	
0.079458	-0.679213	5079	
-0.606691	0.126131	4608	
0.753146	0.301160	2617	
-0.188790	0.685744	2259	
0.873971	-0.175860	284	
-0.199693	-0.195100	2101	
0.510975	0.731994	3037	
-0.584027	0.154219	3804	
-0.314338	-0.012313	2211	
-0.753263	-0.073210	4147	
-0.236898	-0.176007	6851	
-0.672585	0.201416	3392	
-0.796780	0.160956	3662	
-0.668800	-0.119774	3947	
0.411690	-0.373166	4543	
-0.114071	0.609136	3841	
0.569065	-0.808929	6060	
-0.018347	0.277525	4262	
0.746539	-0.351097	1649	
0.388724	0.423103	2608	
-0.879899	-0.073834	3985	
0.565588	0.063821	1374	
-0.284221	-0.713188	2920	
0.064593	0.785328	3095	
0.119809	-0.984090	6182	
-0.243755	-0.720743	2400	
0.448608	0.819906	6830	
0.835979	0.238988	5851	
0.319326	0.463974	3163	
-0.300231	0.428563	2354	
-0.549905	-0.480329	640	
-0.109921	0.539073	1904	
-0.145325	-0.191490	682	
0.225432	0.678739	1151	
-0.511034	-0.597649	2711	
-0.075532	-0.363135	3442	
-0.520623	0.551625	3032	
0.739769	-0.139597	5455	
0.238800	0.514322	5573	
-0.738724	0.023113	2328	
-0.190453	-0.914682	6578	
-0.286122	0.713564	3111	
0.187388	-0.497236	4306	
-0.092588	0.701721	4766	
-0.522170	0.113636	2244	
0.429200	-0.674442	1100	
0.377441	-0.890767	453	
-0.095194	0.228824	6904	
-0.781172	-0.613247	6021	
-0.760963	0.541892	6412	
-0.128577	0.841741	2580	
-0.127385	-0.421059	5632	
-0.552172	-0.048850	3379	
0.544224	0.709643	5141	
0.619596	0.353239	4950	
-0.149794	-0.373201	4896	
0.701638	-0.700930	6441	
0.280251	0.166525	2134	
0.778126	0.358747	4635	
-0.349872	0.929674	6513	
0.669573	0.717393	6180	
0.877078	0.121942	5014	
-0.207472	0.082932	811	
0.694049	0.413937	5181	
-0.383362	0.561932	3994	
-0.655072	0.076858	652	
-0.362126	-0.793476	4472	
-0.326141	-0.224304	3582	
0.553551	-0.109637	6285	
0.597206	0.706610	6340	
0.395971	0.775840	2910	
-0.065353	0.732247	2445	
0.339028	0.047347	4015	
0.218621	0.225187	459	
0.381014	0.122962	2838	
0.003798	-0.873764	4802	
-0.276686	-0.062477	2162	
0.182273	-0.955149	567	
0.132047	-0.346960	4951	
0.361577	0.714294	5016	
0.139018	-0.445396	1305	
-0.264825	0.612487	3122	
-0.639730	-0.374504	3510	
0.662003	-0.381376	5435	
-0.083380	0.804041	5634	
0.707695	-0.296277	5737	
-0.022585	0.241235	539	
-0.053412	0.691752	5415	
-0.064902	-0.548175	2380	
-0.769122	-0.312068	5168	
-0.301556	-0.657907	2258	
-0.388395	0.491186	5814	
0.890575	-0.144519	6552	
0.816780	0.362320	4826	
-0.729302	0.042217	1308	
0.444270	-0.864441	525	
0.431733	0.495485	5046	
0.108794	0.987342	790	
-0.441118	0.889555	527	
0.792593	-0.420603	1830	
-0.933414	-0.025792	5232	
-0.852787	-0.060428	3993	
0.855325	-0.015398	775	
-0.021842	-0.455719	5485	
-0.002472	-0.555197	1506	
0.439069	-0.337401	2026	
0.774206	-0.381746	5405	
-0.056514	-0.517873	2186	
0.705752	0.376702	4774	
-0.107040	-0.704741	975	
-0.535058	-0.320757	6107	
-0.798143	-0.017913	4442	
-0.737487	-0.247097	3120	
-0.650285	0.175026	4068	
0.223575	0.638501	5238	
-0.192970	-0.220070	1640	
-0.981367	0.106501	5990	
-0.873171	-0.472905	6025	
0.469429	-0.612917	6067	
-0.647627	0.541904	2148	
-0.971212	-0.205999	6017	
-0.128258	-0.425011	5632	
-0.525436	-0.336180	6049	
0.345582	0.700869	3284	
-0.728100	0.305002	2540	
0.627043	-0.313829	1343	
0.189716	-0.249560	3794	
0.375321	-0.710683	2622	
0.880745	0.166141	5382	
-0.407789	0.363476	2641	
0.901438	-0.016526	3025	
0.411420	0.746247	2415	
-0.182823	-0.671399	4730	
0.711857	0.536461	4636	
-0.235013	0.903749	3854	
0.369104	0.857640	6361	
0.052232	-0.466670	3855	
-0.090497	0.929497	3843	
-0.978654	0.167410	6558	
-0.846919	0.060438	1796	
0.409163	0.039336	1729	
-0.470740	-0.098154	970	
-0.165238	0.508818	2055	
-0.150335	0.556032	3475	
-0.955905	0.267956	6379	
0.718984	0.366851	4408	
-0.970168	0.211591	2673	
0.820669	-0.216889	1509	
-0.303407	0.794942	5121	
-0.875763	0.127246	3528	
-0.166312	-0.758939	2893	
-0.297924	0.830922	3181	
0.112284	0.246419	1449	
-0.210906	-0.276120	2405	
-0.560810	-0.416716	3497	
0.705440	-0.442208	5426	
0.176924	0.917189	6199	
-0.925144	0.359981	6002	
-0.066251	-0.949670	5799	
0.085493	-0.474152	2604	
-0.593549	-0.371353	5663	
0.674875	-0.200871	1342	
-0.424221	0.320332	2170	
