time = 488.9	Re = 90
0.493678	-0.792661	3782	
-0.033147	-0.693939	1278	
-0.525960	0.772109	5215	
0.115172	-0.246776	6247	
-0.418827	-0.707712	1660	
0.281847	-0.735438	4747	
0.090522	-0.352332	2341	
0.263037	0.679679	3775	
-0.344137	0.693572	615	
-0.671189	-0.099295	1889	
0.386480	0.620348	4900	
-0.801397	-0.008428	4335	
0.213891	-0.180452	6246	
-0.078649	0.764947	553	
-0.745466	-0.287359	1439	
-0.585108	-0.224643	1824	
-0.812404	-0.462461	4680	
0.405702	0.897067	2759	
-0.175618	0.917178	5413	
-0.417419	0.442652	5105	
-0.731492	-0.114221	5173	
-0.182514	0.574521	3116	
-0.222205	0.442149	1238	
-0.178488	-0.298487	3140	
0.594306	0.192230	835	
0.569562	-0.677329	2953	
0.034518	0.612245	5921	
-0.085497	0.592824	4524	
-0.845906	-0.246532	6051	
-0.429737	-0.369996	2257	
0.839380	-0.511202	436	
0.330314	-0.018861	2056	
0.234089	-0.845413	5328	
0.758840	0.234556	3452	
0.171315	-0.685208	3867	
-0.620411	-0.066848	4496	
0.732831	0.287343	3500	
-0.106397	-0.928571	4433	
-0.597407	0.792859	1060	
-0.363945	0.264262	6723	
0.511172	-0.234668	2360	
0.447378	-0.236376	2188	
-0.513321	-0.485922	5768	
-0.365395	-0.495017	4862	
-0.440381	0.397831	4953	
0.146096	0.604797	533	
-0.065407	0.523093	2933	
0.812593	0.105959	4127	
0.186376	0.497383	2575	
0.169371	-0.918718	3929	
0.269848	-0.576709	5406	
-0.003934	-0.821057	3785	
-0.110480	-0.311290	2208	
-0.103495	-0.594702	4982	
0.837548	0.065354	3022	
-0.316599	-0.788865	2590	
0.032629	-0.842362	5446	
-0.368011	-0.922192	6478	
-0.127116	0.459983	1422	
-0.231907	-0.158502	1644	
0.400552	-0.369861	2641	
0.545053	-0.611819	2212	
0.058177	0.278551	1237	
-0.734576	-0.026830	6849	
0.635317	0.615093	3697	
0.537456	-0.835285	2750	
0.369500	0.744848	3133	
-0.316731	-0.170932	2864	
0.860377	-0.496369	288	
-0.321909	0.466946	1274	
0.249453	0.046237	6610	
0.101334	0.613845	710	
0.249690	0.961514	6150	
0.394643	-0.470038	5504	
0.427708	-0.635914	3283	
0.345184	0.257000	4435	
-0.804567	0.194547	1484	
0.303937	-0.942986	2681	
-0.077928	-0.297987	1049	
0.052430	0.383649	4058	
0.739987	0.483982	3959	
-0.125644	0.671779	4574	
0.204637	0.739663	4863	
-0.336632	0.709995	1477	
0.685437	-0.718762	6324	
0.199826	-0.606130	1331	
-0.005144	0.279063	3313	
-0.400079	-0.765782	2467	
0.095466	0.614740	710	
-0.737288	0.425513	5553	
0.218588	-0.671714	1839	
0.055707	0.696535	3971	
0.762763	0.145131	2990	
0.014509	0.278368	3948	
0.365533	-0.199090	4748	
-0.888406	-0.438099	6043	
-0.156025	0.498294	4464	
0.787114	-0.222592	3407	
0.088661	-0.226123	6567	
0.667751	-0.580717	3069	
-0.689055	-0.307591	1442	
-0.080853	0.693420	3995	
0.239192	-0.342081	2976	
0.236756	0.370959	5876	
-0.248373	-0.237812	6243	
0.988260	-0.099087	6024	
0.179563	0.388712	2638	
-0.018227	-0.694806	4085	
0.457607	0.204640	1086	
0.001156	0.556216	1620	
-0.992973	-0.011360	5915	
-0.530682	0.624784	1723	
0.045389	-0.579146	2389	
-0.158499	0.803268	4453	
-0.009569	0.886557	3647	
-0.625963	-0.014417	6386	
0.312407	-0.244422	752	
0.145080	0.443402	3358	
-0.823077	0.274779	5427	
-0.172282	0.766827	1127	
0.144658	-0.982735	6440	
0.863147	-0.197235	5631	
-0.574314	0.736926	4735	
-0.505980	-0.727888	2394	
0.156481	0.711896	1525	
-0.056122	-0.213908	366	
-0.101551	0.443911	2602	
0.815150	0.345665	2588	
-0.536360	-0.580517	2202	
0.711911	0.191939	1893	
-0.102241	-0.879818	3221	
-0.341773	-0.009349	1763	
0.565009	-0.278501	4432	
0.686203	0.130313	4507	
0.053284	-0.796612	3781	
-0.655348	0.245239	5875	
-0.002254	0.472928	1938	
0.121427	0.719510	6229	
0.525717	-0.333493	1249	
0.669774	0.731513	5989	
-0.601446	-0.565269	6075	
0.744668	0.647036	6031	
-0.522361	-0.714563	2394	
0.770268	-0.278165	3360	
-0.464813	-0.349905	2216	
-0.681579	0.563138	5011	
0.625432	-0.041061	1667	
-0.186078	0.866767	4429	
-0.347041	-0.471753	5043	
0.783458	0.323198	3311	
0.240785	-0.083952	1487	
0.039233	0.792501	2317	
-0.547287	-0.238383	3931	
0.887734	-0.445872	6016	
-0.204331	-0.712357	4991	
0.656919	-0.540916	2148	
0.529392	-0.051626	2395	
0.726269	0.079441	4890	
0.103264	-0.845091	5661	
-0.175049	0.761327	1127	
0.669804	0.369619	3208	
-0.486459	0.374500	1842	
0.409655	-0.387420	3904	
-0.456080	-0.376749	2157	
-0.108452	0.204948	2306	
-0.929722	-0.117773	6802	
-0.497644	0.790374	5601	
0.180827	0.167448	6686	
-0.575580	0.072025	6829	
0.539664	-0.060374	2395	
0.499572	0.616374	3028	
-0.229235	-0.792972	4226	
-0.050503	0.598012	4004	
-0.095229	-0.815718	4717	
-0.494926	-0.353230	2801	
-0.601437	0.490640	429	
0.196010	-0.804573	1483	
0.461548	-0.530802	1497	
-0.216821	-0.126221	924	
0.878723	0.117683	3304	
-0.253260	0.959104	2585	
0.414198	0.000148	2305	
-0.519397	0.084097	1377	
-0.857714	-0.066482	1766	
-0.825191	0.131151	6856	
-0.517504	0.671999	1848	
0.032149	-0.358772	1909	
0.510254	-0.152488	773	
-0.386398	-0.635801	5261	
-0.126380	-0.702370	2291	
-0.227070	-0.674856	1151	
-0.455685	-0.629799	2886	
0.456392	0.424493	4320	
0.397192	-0.754575	4245	
-0.294416	0.886070	4847	
0.092834	-0.929590	4143	
-0.638078	-0.024266	6826	
-0.190127	0.743900	1271	
-0.661579	0.052790	3552	
0.955571	0.270968	339	
0.152911	-0.235938	433	
-0.513367	0.780383	5215	
-0.276598	0.763094	4187	
0.675851	0.502020	3878	
-0.379292	-0.141398	4500	
-0.379132	0.283983	6712	
-0.129770	0.485661	1387	
-0.372574	0.440213	1239	
0.790106	-0.600135	6705	
0.624984	-0.492519	3186	
0.229855	-0.115091	1161	
0.489305	0.372300	3790	
-0.192940	-0.202170	424	
0.357449	-0.028216	2533	
0.127139	0.672658	6261	
0.417488	0.009948	3021	
-0.661320	0.460137	6609	
-0.453771	0.621688	404	
-0.456164	-0.587145	1080	
0.222359	0.644277	3151	
0.392853	-0.847726	5833	
0.243663	-0.750563	3566	
0.796232	0.364403	2494	
0.306386	0.197563	785	
-0.478666	0.869245	6750	
-0.267183	-0.005700	346	
0.135812	-0.677547	4042	
0.305914	0.662324	2258	
0.178485	0.829121	1960	
0.949036	0.293028	339	
0.711323	-0.405496	3865	
0.024595	-0.390458	3576	
0.219934	-0.042945	852	
0.003481	-0.737688	1391	
0.716534	-0.323275	2667	
-0.469393	0.300805	501	
0.140986	0.336443	3526	
-0.084229	-0.226838	6570	
0.220382	-0.777391	1519	
0.325523	-0.752759	3274	
-0.451505	0.507159	943	
0.182680	0.976375	568	
0.239758	0.406323	5801	
0.523087	0.773961	6419	
0.510053	0.000153	5755	
0.211572	-0.909686	6377	
-0.707420	-0.165664	5035	
0.334932	0.319409	4244	
-0.088769	0.238986	1267	
-0.077571	0.693577	5079	
0.868030	0.482815	2736	
0.282305	0.327768	4028	
-0.073045	0.333469	5658	
0.254951	0.033855	6610	
-0.434590	0.892458	6385	
0.753789	-0.222319	1291	
-0.730693	0.511875	6134	
-0.262743	-0.698410	2364	
-0.744902	0.188901	845	
-0.989798	0.050400	6071	
0.265303	0.476732	3144	
0.710295	0.350112	2525	
0.285443	-0.136746	1684	
0.284711	0.052898	1803	
-0.415449	-0.676080	5273	
0.264024	-0.845206	4937	
-0.796464	-0.490489	6529	
-0.222042	-0.822429	2695	
0.052840	0.279085	1237	
0.684336	0.437857	3307	
0.834522	0.419452	5694	
-0.483322	0.442590	5771	
-0.439155	0.517307	943	
-0.176712	0.754060	1127	
-0.402035	0.457315	5782	
-0.241182	-0.160587	2462	
0.631919	-0.301862	1251	
-0.256834	-0.812839	4651	
0.648590	-0.752266	6599	
0.916751	-0.177830	4449	
-0.430813	0.545551	4908	
-0.132271	0.670437	4574	
-0.891025	0.122173	4692	
-0.596566	0.131543	6900	
0.045270	0.932877	6884	
0.685382	-0.254908	1725	
0.616683	0.031883	1954	
-0.459005	-0.059077	1110	
-0.461974	0.101356	291	
0.942360	-0.311022	5994	
-0.255802	0.813350	4830	
0.212799	-0.065838	1229	
-0.016298	0.993210	6757	
0.373975	-0.920303	6651	
0.580772	0.606505	4282	
-0.550184	-0.598832	3622	
0.073043	-0.231493	6655	
-0.050380	-0.559732	3076	
-0.570171	-0.443800	5860	
-0.580503	0.402261	673	
0.070412	0.371280	5558	
-0.167403	0.485349	4306	
0.345803	-0.596658	5191	
-0.281129	0.761440	5163	
-0.365574	0.571592	5114	
-0.366632	-0.210898	3788	
-0.757928	0.474737	5227	
-0.768674	-0.066510	380	
-0.565554	-0.050551	1374	
-0.223237	0.760817	2583	
0.036935	-0.861390	5414	
0.886377	-0.004724	4616	
-0.045137	0.791896	2520	
-0.719794	-0.110310	4948	
0.256799	0.008049	665	
-0.450210	0.623237	404	
0.188905	-0.205085	6775	
-0.511027	0.481860	5104	
-0.116224	0.839581	4819	
-0.107954	-0.216744	1164	
0.000225	-0.307605	334	
0.193525	0.348759	5718	
-0.678039	-0.061695	1770	
-0.209468	0.805480	4538	
-0.033916	-0.298806	1603	
0.711615	-0.465523	3295	
-0.439410	-0.488823	5046	
0.478122	0.085704	970	
-0.684802	0.211907	1589	
0.439511	-0.638896	3283	
0.024446	-0.339372	281	
0.185456	0.798653	5045	
-0.087709	-0.843394	1962	
-0.530914	-0.487206	5768	
-0.626150	0.038140	875	
0.251721	-0.124971	500	
0.161588	0.980146	6332	
0.959270	0.257726	6859	
-0.803046	0.016680	4413	
-0.346478	-0.534708	1599	
0.297087	0.704799	3244	
-0.020216	-0.282956	389	
-0.107761	-0.790797	4693	
0.212589	-0.752718	3945	
-0.501082	0.856503	2243	
-0.859490	0.376086	6664	
-0.084406	-0.732936	2209	
-0.428406	0.633388	949	
0.888196	-0.176924	3207	
0.887890	0.290160	5809	
-0.336950	-0.071361	4346	
0.959175	0.257948	6859	
0.339543	0.316285	4244	
0.211577	-0.862731	2856	
0.748304	0.653222	6031	
-0.569514	0.473241	435	
0.743003	-0.406939	4506	
-0.432781	0.316897	2054	
0.102544	0.153503	3699	
0.858577	-0.068468	3193	
0.562557	-0.746223	4973	
0.986755	-0.114316	5990	
-0.537989	-0.662028	1489	
-0.179628	-0.307989	3695	
0.771602	-0.185218	3023	
-0.578785	0.308282	6059	
0.333250	-0.721349	4388	
0.463583	-0.569540	1815	
0.144830	-0.722972	4033	
0.686545	-0.346704	1790	
0.358548	0.509003	995	
0.475152	-0.180393	753	
-0.648311	-0.605702	6456	
-0.641694	-0.679898	6226	
0.793840	0.025119	3990	
0.879253	0.459708	6025	
-0.835708	-0.420840	6564	
-0.634116	-0.588555	6453	
0.365829	0.356720	5914	
0.438936	0.346088	5752	
0.573245	0.737133	5942	
-0.401684	0.408764	4626	
0.403052	-0.665173	3241	
-0.118185	-0.291715	1898	
0.193701	0.865489	4650	
-0.355450	-0.741710	1795	
-0.223016	0.566025	2915	
-0.666290	0.655779	6341	
0.214351	-0.263339	2876	
-0.141521	0.455683	1305	
0.520866	-0.410412	2668	
0.288638	-0.008372	596	
0.083051	0.930387	5779	
-0.428309	0.659236	1030	
-0.033547	0.552117	3344	
-0.791666	0.186806	5807	
-0.968682	0.207481	6662	
0.014733	0.333651	1450	
0.017100	0.534080	3692	
0.967484	-0.216811	6459	
-0.701226	-0.401666	4980	
-0.549357	0.112541	6285	
-0.232778	-0.749962	3229	
0.436611	-0.890380	527	
-0.066264	-0.558592	2560	
0.043001	-0.933362	6777	
0.343683	0.643988	2951	
-0.787956	-0.212264	5188	
-0.322550	-0.123805	762	
-0.105481	-0.594442	4982	
-0.736348	-0.008179	1648	
0.308995	-0.705413	3131	
0.487792	-0.140127	4668	
0.436370	0.264304	1002	
0.414663	0.186942	4067	
0.574683	0.243856	889	
-0.615250	0.070294	5135	
-0.697259	-0.623192	6905	
0.356924	-0.525042	2356	
-0.310982	-0.672295	5099	
-0.770552	0.299272	1622	
0.309254	-0.706250	3131	
0.124210	-0.217474	513	
-0.652074	-0.746401	2672	
-0.261601	0.228616	6346	
0.282651	-0.637083	5107	
-0.430120	0.311442	1344	
-0.781386	-0.428610	4682	
-0.684455	-0.404668	4740	
0.427329	0.591628	1572	
-0.534612	-0.707371	5506	
-0.405072	0.543241	2720	
-0.254002	0.805642	4899	
0.314471	0.526985	645	
-0.821088	0.291643	5242	
0.777062	-0.118661	3082	
-0.556949	0.333271	6330	
-0.815791	-0.327506	4820	
-0.017217	0.679754	5176	
-0.723894	-0.144669	4652	
-0.421647	-0.683333	5273	
-0.790067	-0.115384	1692	
0.186423	-0.712901	3459	
0.677694	-0.420431	3486	
0.416592	0.122557	2804	
0.817532	-0.031134	4645	
0.634285	-0.184003	2222	
-0.349199	-0.509665	1709	
0.736006	-0.490448	2818	
-0.664539	-0.280623	3267	
-0.761747	0.288068	1367	
0.469623	-0.643062	4967	
0.425132	-0.779465	2648	
0.177435	-0.231175	6640	
0.290846	0.887854	5348	
-0.155829	0.872480	4170	
0.028490	0.590903	3053	
-0.004865	0.404135	4017	
0.511882	-0.103232	484	
0.484373	-0.289503	2687	
-0.574977	-0.631724	4741	
0.305440	0.252371	4345	
0.527811	-0.770775	6295	
-0.216061	-0.966848	966	
0.749897	0.169467	3024	
0.800347	-0.170498	3662	
0.782906	0.360482	2494	
-0.762892	0.635385	1720	
-0.513226	-0.152569	1674	
0.067210	0.269852	770	
0.729115	0.284844	3139	
0.322162	0.395107	1472	
0.918479	-0.146596	4460	
-0.421716	0.342063	2026	
0.676809	-0.727092	6192	
-0.586272	-0.148256	1797	
0.483767	0.172152	2610	
0.374142	0.726895	4622	
0.395769	-0.469756	5504	
-0.590279	0.129140	6900	
0.554037	0.014266	2946	
-0.144440	0.593637	4298	
-0.058532	0.727104	1099	
0.722439	-0.115131	1296	
-0.134025	0.983266	6033	
0.401231	0.384156	6080	
0.738256	0.572038	6311	
0.037421	0.247880	657	
0.008924	0.680289	4377	
0.319485	0.324955	4244	
0.303732	0.003528	2211	
0.350332	-0.110511	2914	
-0.825684	0.444610	5088	
-0.775014	0.621256	5911	
0.246924	-0.064241	6912	
-0.101261	-0.278522	2110	
-0.607689	-0.785613	6860	
-0.603685	-0.599581	4261	
0.752474	0.253648	3489	
-0.339810	0.254085	6732	
-0.553825	0.334024	6330	
-0.133840	-0.924799	5248	
0.275128	0.672534	3173	
0.638053	0.761246	2678	
0.570733	0.551210	2699	
-0.710990	-0.264892	3128	
0.386041	-0.851160	6121	
0.307171	0.309946	4233	
0.610340	0.089649	3593	
-0.530986	-0.033254	5719	
0.338701	0.591436	4125	
-0.419893	-0.741789	2415	
-0.559588	0.632929	2288	
0.556276	-0.532893	3416	
-0.426665	0.591148	5901	
-0.424006	0.699604	2746	
-0.544385	0.759145	5517	
-0.173827	0.224098	2324	
0.430296	0.645991	3141	
0.410761	0.456703	4606	
0.350373	0.865895	4604	
-0.615169	-0.642187	3766	
-0.370309	0.857411	5614	
0.972217	-0.198466	6731	
0.350262	0.640085	1829	
0.209905	0.143774	948	
-0.263138	-0.276005	3741	
0.876294	-0.142193	3182	
0.550770	-0.410321	3084	
0.658615	-0.025522	643	
-0.556930	-0.291716	5110	
-0.324321	-0.079360	6362	
0.241208	0.640657	3749	
-0.653975	0.263362	6076	
0.315844	-0.270048	745	
-0.318481	-0.192505	514	
0.007851	-0.789440	2790	
0.066981	0.394828	5293	
-0.850462	0.397463	6342	
0.762929	-0.221925	2986	
0.571948	-0.242485	3646	
0.283018	-0.044402	6595	
0.622825	-0.384493	2350	
-0.255800	-0.246629	6243	
0.458326	-0.327826	2537	
0.194330	-0.244608	1844	
0.394504	0.524395	3262	
0.891029	0.434226	6560	
0.191827	0.203359	2101	
0.452225	-0.574659	1815	
-0.920503	-0.344606	6680	
0.584518	0.300525	2706	
-0.270082	-0.492375	4018	
-0.603985	0.645733	5235	
-0.711706	0.692090	6209	
-0.200411	-0.912489	3811	
0.373984	0.801768	4689	
-0.914758	-0.376560	2535	
-0.799474	0.206926	1594	
-0.029915	-0.850591	4544	
-0.896915	-0.010313	443	
0.805084	-0.577148	6056	
-0.287369	-0.684564	5515	
-0.370847	0.406832	4752	
0.042521	0.847438	1670	
0.191529	0.413462	3106	
0.455536	-0.882815	6018	
-0.299415	-0.715068	3251	
-0.854278	0.170600	614	
-0.045485	-0.237642	4216	
0.082538	-0.228366	6655	
-0.206526	-0.283301	3161	
0.510083	-0.060875	1306	
-0.580307	-0.805592	2728	
0.803325	0.370396	2795	
0.283049	-0.054887	6595	
0.128795	0.255579	6293	
0.468477	-0.754660	2476	
-0.347457	0.733563	3258	
-0.221103	0.750140	2063	
0.458780	-0.423503	5620	
0.058988	-0.383701	2545	
0.214066	0.584251	524	
0.627431	-0.770169	2834	
0.106053	-0.567859	1784	
0.781576	0.039754	3691	
0.683544	0.713688	2766	
-0.772760	0.151252	6820	
0.311845	0.358616	3952	
0.487003	-0.796821	3782	
-0.089214	0.468295	2604	
-0.308918	0.939794	2680	
0.045540	-0.272489	3795	
0.655867	0.318301	2301	
-0.605587	0.514642	1982	
-0.170808	0.262884	4751	
0.810136	0.249139	1608	
0.489590	0.244033	2075	
-0.920206	0.189572	370	
0.168636	-0.176417	1170	
-0.713238	0.691629	1705	
0.839986	0.288972	3097	
-0.477214	-0.867897	6015	
0.975030	-0.120200	5990	
-0.488938	-0.624521	2881	
0.510910	0.476533	4116	
0.074320	-0.324923	6620	
-0.070797	0.526437	2836	
0.292893	0.697156	3214	
0.972265	0.203685	5981	
-0.888762	-0.108539	4733	
0.991559	-0.058601	6559	
-0.356024	0.701497	2032	
-0.575120	0.152774	3281	
-0.105324	-0.217963	681	
-0.761871	0.409356	1741	
0.586853	0.213397	835	
0.140087	-0.677865	4042	
0.892099	0.276953	4439	
0.622389	-0.495736	3545	
0.381384	0.091634	2265	
-0.354470	0.017198	1831	
-0.894345	0.015469	3025	
0.427515	-0.774927	1783	
-0.051467	0.367533	5240	
-0.885652	-0.029940	2016	
0.626135	-0.493586	3186	
0.254645	-0.178322	1561	
-0.385721	0.621320	734	
0.172202	-0.225900	6640	
-0.342836	0.917722	1186	
0.436552	0.257463	1002	
-0.445875	-0.074178	2009	
-0.568305	0.022872	3616	
-0.551336	-0.825737	6255	
0.442617	-0.167583	6394	
-0.102177	0.673002	4234	
-0.812460	0.135789	597	
-0.727981	0.254305	1630	
0.205422	0.375377	5763	
-0.585932	0.417042	5451	
0.209763	0.666929	4079	
0.213406	-0.525518	3564	
0.247742	0.747271	3292	
0.115285	0.602399	928	
-0.649312	-0.310614	2798	
0.005699	0.843802	5197	
0.130663	-0.317607	2508	
0.186459	0.398911	2638	
0.181814	-0.787557	2958	
-0.834187	-0.317188	4551	
0.965307	0.225830	2682	
-0.437432	0.270059	6288	
-0.827438	0.539901	1029	
0.884071	0.040367	4393	
-0.583721	-0.321494	2004	
-0.686427	0.180789	6304	
-0.509742	-0.608721	2869	
-0.266025	0.273962	1440	
0.198323	-0.242564	2144	
0.983535	0.139188	5997	
-0.098508	-0.784681	4694	
-0.366857	0.265066	6723	
0.604732	-0.421993	2526	
0.153127	-0.511283	2055	
0.656029	0.490916	3316	
-0.698200	-0.545053	4031	
-0.299941	-0.578290	3462	
0.539514	-0.283333	4525	
-0.489105	-0.010687	4295	
-0.131258	0.484820	1387	
0.648564	0.223139	4257	
-0.510954	-0.068471	1325	
-0.764028	0.541228	508	
-0.147998	-0.193187	356	
-0.230477	-0.055272	626	
0.007292	0.933964	4080	
-0.749985	0.252987	5600	
-0.098332	-0.595388	4982	
0.111514	0.688058	6517	
0.543867	-0.050650	3150	
-0.612621	-0.437728	2062	
-0.143742	0.682594	464	
0.473506	0.117527	977	
-0.557052	0.333247	6330	
0.466543	0.269509	2182	
0.018151	0.499485	2636	
-0.252732	0.959736	2585	
-0.915433	0.210603	5943	
0.969236	-0.178094	6558	
0.142953	-0.981448	6440	
-0.370646	0.805411	2568	
0.574223	0.508388	5908	
0.477781	0.450249	4162	
-0.623799	0.041409	875	
-0.137883	-0.233703	6766	
0.230679	-0.207852	2220	
0.127372	-0.724300	3988	
-0.803682	0.058071	1681	
-0.379709	0.667178	603	
0.443986	0.191862	6113	
-0.761515	-0.281334	5344	
0.058633	-0.638699	5026	
0.691237	-0.379094	3202	
0.759588	-0.099455	2662	
0.039470	-0.737163	3517	
-0.508349	-0.070991	1325	
-0.936764	-0.039805	6630	
-0.532249	0.709259	5071	
0.155155	-0.188205	683	
-0.428465	0.659252	1030	
-0.400065	0.459175	5760	
-0.639856	-0.454586	3415	
0.846506	0.167617	2491	
-0.924762	-0.150246	5543	
-0.392285	-0.630391	5261	
0.884832	-0.015434	4833	
0.269094	-0.956048	738	
0.132888	0.518299	2458	
0.873678	0.174661	3342	
-0.435105	0.826487	6257	
0.322704	0.821035	4129	
0.505306	-0.786113	6294	
-0.742285	-0.568714	5039	
-0.548613	-0.025021	4815	
0.222898	0.289722	3266	
0.439171	0.442033	4053	
-0.311219	0.488031	1863	
0.835070	-0.418034	6381	
0.375152	-0.586131	4939	
0.412364	-0.295877	1787	
0.196917	-0.759023	1460	
-0.473531	-0.441821	4273	
0.065519	0.790993	2232	
-0.387562	-0.600007	1051	
-0.632409	0.366157	5917	
0.761036	-0.220708	2986	
0.209573	-0.821167	2725	
0.837079	-0.413914	6381	
-0.442978	-0.724991	5315	
0.194190	-0.148539	472	
-0.123274	-0.276429	6590	
-0.596485	-0.225938	4744	
-0.213630	0.580027	4380	
-0.732301	0.377046	1526	
0.441603	0.019578	3457	
-0.676294	-0.645531	6618	
-0.026008	0.612337	4528	
0.466037	-0.610525	2921	
-0.389873	0.018483	2019	
0.514530	0.515587	3507	
-0.365112	0.321653	1419	
0.674199	0.462261	3851	
-0.119815	-0.730253	2358	
-0.463792	0.396146	2957	
0.301477	0.754485	4308	
0.478604	0.399460	4222	
-0.629827	0.690413	5940	
-0.328030	-0.016267	2061	
-0.011115	0.612860	4528	
0.174544	-0.343351	561	
-0.497119	-0.006510	4295	
0.526416	0.433631	4881	
-0.662440	0.029923	6416	
0.089807	-0.626738	3903	
-0.650515	-0.128968	2071	
-0.251442	0.647876	4159	
-0.344665	-0.445155	3259	
-0.369851	0.921873	6011	
0.001227	0.698621	4220	
-0.921062	0.183753	370	
0.066788	-0.707472	4766	
0.147964	-0.806863	5544	
0.729605	-0.000439	1381	
0.703251	0.542436	4396	
-0.611714	-0.493214	4267	
-0.600172	-0.384189	2064	
0.364959	0.092764	589	
-0.797945	-0.075777	483	
0.450494	-0.416069	1141	
0.265253	-0.277085	5882	
-0.853473	0.082206	5192	
0.982978	0.143332	5997	
0.069702	0.513264	1914	
-0.764442	0.350583	5167	
0.727959	0.674663	2788	
0.822520	0.442100	6872	
0.071654	-0.689378	5153	
-0.523667	-0.539124	769	
0.604414	0.603951	3832	
-0.470148	0.389873	2957	
-0.248481	0.793902	4899	
-0.006156	-0.360650	3445	
-0.080462	0.672551	5399	
0.931334	-0.339497	6001	
-0.327210	0.482286	1486	
-0.061367	0.772670	1107	
-0.269234	0.450435	1126	
0.418147	-0.030279	663	
-0.360074	0.593710	4884	
-0.274133	0.238286	1879	
-0.370391	-0.207208	5853	
-0.279377	0.368552	2521	
-0.207270	-0.262144	2338	
-0.075751	0.434425	2691	
-0.380133	0.682262	393	
0.632785	0.620635	3697	
-0.443184	0.416923	4871	
0.894515	-0.431964	5985	
-0.122075	0.776446	2251	
0.199360	-0.606292	1331	
0.521564	0.128947	3239	
-0.198458	-0.825806	3930	
-0.592435	-0.105187	1604	
0.698305	-0.320733	2887	
-0.628830	0.584469	2832	
-0.659617	0.073397	2161	
-0.195782	0.973790	6809	
-0.873265	0.345675	6256	
-0.645130	0.270414	5685	
0.631531	-0.448107	2492	
-0.867277	0.484443	6370	
-0.922579	-0.162785	6505	
-0.167965	-0.676621	5322	
-0.592717	0.512665	781	
0.274358	-0.092497	5910	
0.020432	0.766649	608	
0.185590	0.340182	5718	
-0.258654	0.644972	4159	
-0.228562	-0.244762	2087	
-0.066640	-0.887647	3187	
0.830009	0.543627	396	
0.203525	0.490154	2575	
0.380690	-0.047512	4011	
0.406661	0.840921	5272	
0.677283	0.272170	1968	
-0.211968	-0.132250	924	
-0.715985	-0.688390	6003	
-0.554215	0.309373	6796	
0.141928	-0.304904	2508	
-0.409110	-0.785394	2910	
0.592180	-0.599698	5488	
-0.064496	-0.211817	366	
-0.363614	0.761579	5216	
0.039023	0.506266	3736	
-0.589927	0.326668	1198	
0.627710	0.599558	4837	
-0.780008	0.518347	5672	
-0.134262	-0.980848	6772	
0.306613	0.066943	2187	
-0.539619	0.108235	6462	
-0.190236	0.563533	4485	
0.559262	-0.051874	3150	
0.784094	0.064881	3879	
0.326437	0.325562	4244	
0.499509	-0.033709	574	
-0.159779	0.476834	1759	
0.489695	0.385878	3962	
-0.655348	0.245239	5875	
-0.052138	0.991890	2815	
-0.175724	-0.623155	6084	
0.371598	0.266883	4866	
0.434403	0.289291	1189	
0.445332	0.578230	1572	
0.056323	-0.604940	3685	
-0.222986	-0.779412	4387	
0.532221	0.175772	2698	
-0.681598	0.640092	6659	
-0.691880	0.356639	916	
0.290038	-0.545138	1424	
-0.132001	-0.590163	5675	
0.352687	-0.928642	6513	
-0.322965	-0.003816	1763	
0.552154	0.002259	3401	
-0.886483	0.310980	6527	
0.407083	0.687352	4678	
-0.592498	0.722579	5735	
-0.008988	0.277633	3313	
-0.644208	0.675063	6054	
-0.765137	0.198060	669	
0.364449	-0.509801	2356	
-0.581892	0.613263	2266	
0.592711	-0.210424	3849	
-0.776240	0.021062	1764	
0.742688	0.409417	5775	
-0.518970	0.682346	4659	
0.020436	0.886296	3104	
0.226502	-0.905974	3854	
-0.518662	-0.538164	771	
-0.327600	0.646636	4054	
-0.378964	-0.590950	5377	
-0.177849	-0.968588	6355	
-0.554871	-0.409034	5757	
0.227917	0.408432	1445	
-0.825217	0.445541	5088	
0.542792	0.031021	3379	
-0.993223	-0.011344	5915	
0.178519	-0.840452	2534	
0.719868	0.387482	5252	
-0.020790	-0.883610	1718	
0.780057	0.614992	5991	
0.172168	-0.579546	5846	
0.322446	0.285121	4607	
-0.652801	-0.169372	2099	
-0.070400	0.783173	2233	
0.448315	-0.241467	2843	
-0.572160	-0.565642	6384	
0.728342	-0.041760	2328	
0.139873	0.212764	1166	
-0.146739	0.438279	1305	
0.116071	0.926857	3615	
0.621558	-0.084980	844	
0.765209	0.058186	2964	
0.262281	0.540305	647	
-0.245269	0.347915	1899	
-0.378713	-0.590786	5377	
-0.277182	-0.148506	1999	
0.991092	-0.065620	6559	
-0.392486	-0.524523	2322	
0.587318	0.570617	3944	
0.518391	-0.517623	1887	
-0.401118	0.547261	2720	
0.242655	0.338162	2609	
-0.593045	0.536090	1434	
0.515277	0.150339	2733	
0.231307	0.478316	2431	
0.612134	-0.405516	2526	
-0.013492	-0.989477	972	
0.409966	0.469020	4606	
-0.522804	-0.405962	5826	
-0.016211	0.793422	2273	
-0.564284	0.434490	5300	
-0.784939	0.609168	5950	
0.328824	0.310120	4244	
-0.762758	0.202006	669	
0.976982	-0.178840	6063	
0.681081	0.057591	3973	
-0.245389	-0.948606	430	
-0.607242	0.309306	982	
0.628518	0.266809	2705	
0.743745	-0.416781	2779	
-0.175635	-0.552176	5392	
-0.251038	-0.157486	2207	
-0.443527	-0.822286	6830	
0.180066	-0.255095	2145	
0.854088	-0.245548	5625	
0.838990	-0.144179	5081	
0.261379	0.180313	461	
0.657020	0.312633	2375	
-0.532317	-0.183596	5047	
-0.360295	-0.215803	3788	
0.143105	0.673396	3345	
-0.698150	-0.512493	4555	
0.264365	0.465950	2123	
0.166789	0.650534	3308	
0.191278	0.438408	3106	
-0.851368	0.293277	5556	
0.873270	0.331755	5806	
-0.606720	-0.781283	6860	
0.614884	0.780028	6321	
0.946893	0.295877	305	
0.292824	-0.489669	5516	
0.381779	0.321686	1625	
-0.027918	-0.358854	3310	
0.795139	0.098147	4318	
-0.250730	0.960150	2585	
0.326721	-0.698080	3787	
0.090088	-0.262124	3249	
0.543362	-0.289847	4525	
0.208108	0.247197	6763	
-0.306406	-0.178327	514	
-0.295529	0.489656	1863	
-0.330463	-0.174108	922	
0.354527	0.399148	5689	
0.318179	-0.797425	4371	
-0.051484	0.727657	933	
0.122247	0.189161	1244	
0.092429	0.321743	2404	
0.582132	-0.393425	2297	
-0.806345	-0.474168	4680	
0.513332	0.556013	915	
0.674795	-0.433078	3203	
0.108720	0.455718	2286	
0.210796	0.791347	4903	
0.256549	0.603676	2514	
0.993132	-0.021667	920	
-0.225381	0.408713	5591	
0.063391	-0.638137	5026	
-0.761896	-0.383757	4811	
0.307046	-0.722437	4231	
-0.019013	-0.776650	2754	
-0.589225	0.672597	5329	
0.618469	-0.777396	2834	
0.579282	-0.674136	3340	
-0.190227	0.652760	5314	
-0.913680	-0.382797	2535	
0.713020	0.389741	3938	
0.859294	0.058491	3726	
-0.937160	-0.006177	624	
-0.608045	0.022038	6383	
0.937602	-0.325140	6026	
-0.148290	0.331122	4976	
0.342236	-0.398663	2214	
0.024643	0.799477	2541	
0.931173	-0.068932	5622	
0.695416	-0.232293	5811	
-0.565633	-0.093050	2900	
-0.102157	0.928269	3570	
0.045617	0.515349	2349	
0.381281	0.465788	4082	
-0.511554	-0.695572	1716	
0.006458	-0.698644	5388	
-0.146773	-0.922947	6148	
0.151410	-0.921853	3929	
0.567232	0.538545	2699	
-0.793153	-0.406913	4959	
0.658675	0.317144	2301	
0.716611	-0.146798	964	
0.610288	-0.404076	2315	
-0.840647	-0.185689	4997	
0.154924	-0.969209	6709	
-0.501967	-0.733667	3029	
0.661842	-0.230091	3977	
-0.105672	-0.354173	5962	
0.074685	-0.554076	2574	
0.953209	-0.279411	6379	
0.057607	-0.373783	2545	
0.916171	0.182405	6916	
0.190508	0.627609	2223	
0.762485	-0.455845	5866	
-0.529348	-0.146063	3318	
0.626201	0.007632	2481	
-0.527284	-0.339493	5462	
-0.197384	0.218751	1943	
0.403896	0.236950	4888	
0.584656	0.728372	6469	
-0.670697	0.579220	5117	
0.792250	-0.056190	4614	
0.884881	-0.084682	3152	
-0.101369	0.521258	2264	
-0.164320	0.818843	4656	
-0.514064	-0.483600	5768	
-0.176042	-0.610203	5701	
0.288655	-0.627647	4046	
-0.872735	-0.193707	5449	
-0.645028	-0.388762	2074	
0.422017	-0.470713	5564	
0.066130	-0.368720	2545	
0.844175	-0.172500	1626	
0.223004	-0.339876	656	
-0.480448	-0.568603	1022	
0.678467	-0.574463	3108	
-0.459294	0.375732	2036	
-0.932712	0.107102	1163	
-0.629422	-0.131828	1612	
-0.230203	-0.176928	2462	
0.723662	-0.093629	1310	
-0.281214	0.402912	4178	
0.241664	0.046864	6756	
0.371852	0.038408	6296	
0.115149	0.978837	6325	
-0.283277	0.831172	3171	
0.770460	0.192863	5103	
0.068467	-0.881479	2817	
-0.214778	-0.693795	1041	
0.494227	-0.272448	2918	
-0.129593	-0.728733	2358	
0.522164	-0.720334	2478	
0.023217	-0.580577	2855	
0.563717	0.410846	4101	
-0.736800	-0.479040	5489	
0.450464	-0.432637	5562	
-0.849097	-0.078820	1766	
-0.085738	0.437499	2691	
-0.356958	0.261140	6727	
-0.225735	-0.114428	914	
-0.427003	0.433201	4829	
-0.046823	-0.634841	3613	
0.917284	-0.375087	6027	
-0.925413	-0.360902	6405	
0.732082	0.670044	2788	
0.029133	-0.331323	280	
0.192500	0.826675	1960	
0.389482	0.452609	4606	
0.343163	-0.056308	2411	
0.745136	0.177366	3024	
0.632807	-0.369909	2778	
0.239144	-0.489909	3506	
0.180792	0.134200	814	
0.196860	-0.105661	831	
0.327339	0.814008	3807	
-0.098298	-0.221158	681	
-0.761324	-0.099753	1293	
0.885153	0.085975	3728	
0.014987	-0.538596	2166	
0.192827	0.821654	1960	
-0.937704	-0.017277	624	
0.073544	0.849748	5437	
-0.864840	-0.025491	756	
-0.603627	-0.170471	1869	
0.446065	-0.039273	705	
-0.199327	-0.913038	3811	
0.612303	0.754204	577	
0.805503	0.056634	4200	
-0.264931	0.200980	654	
0.011135	0.322746	1446	
0.212468	-0.190378	5401	
-0.123705	-0.546470	3135	
0.180398	0.093789	3677	
0.224147	0.694839	1600	
0.434358	-0.310610	2450	
0.872517	0.100058	3003	
-0.894280	0.042894	5093	
0.420608	-0.359676	3107	
0.824654	-0.321259	3339	
0.295423	-0.177867	1891	
-0.221594	-0.747410	3229	
-0.665019	-0.523610	4807	
0.133293	0.292723	2296	
-0.220433	0.659393	5456	
-0.502857	-0.496806	4278	
0.686484	0.557321	3738	
0.905038	-0.409434	2757	
0.202918	0.202522	1119	
-0.431711	0.266760	760	
-0.588679	0.452940	5360	
-0.751683	-0.556184	5032	
0.794286	0.351461	1262	
-0.651870	-0.172358	2099	
0.817075	-0.191334	5145	
-0.622879	0.309828	982	
-0.615835	-0.016066	3621	
0.456524	0.640250	3085	
-0.181575	-0.859046	4487	
0.465657	0.187194	990	
-0.319206	0.493048	1863	
0.783352	-0.308187	2246	
0.447675	-0.755360	2624	
0.699921	-0.424561	5683	
-0.277902	-0.496063	5186	
0.187972	0.458967	3016	
0.329525	-0.016672	1826	
0.845846	0.260898	3087	
-0.586868	0.394794	965	
0.172843	-0.344234	561	
-0.127917	0.668368	4574	
0.309380	-0.151765	1802	
0.385659	0.530740	3693	
-0.399893	-0.676220	3325	
0.268269	-0.102466	1094	
0.235891	-0.066763	6834	
0.125820	-0.249479	6444	
-0.330897	0.306981	2507	
-0.262168	0.896284	4515	
0.300992	-0.655098	1415	
-0.645130	0.270414	5685	
0.349267	-0.494942	1183	
0.520986	0.077166	2283	
-0.139391	0.447818	1305	
0.781905	-0.612441	6705	
-0.492573	-0.053499	1212	
0.488768	-0.506186	1558	
-0.733451	-0.417908	5139	
-0.457366	0.527664	5010	
-0.525147	0.771389	5215	
-0.621109	-0.375181	1566	
0.581887	0.438750	4091	
0.406839	0.378659	6080	
0.644884	-0.476443	3568	
-0.042160	0.728352	992	
0.671223	-0.548073	5245	
-0.089234	0.614508	4655	
-0.829883	-0.016198	416	
0.983592	0.123020	6029	
0.225336	0.397192	5801	
0.094081	-0.260312	3249	
-0.462519	-0.345813	2216	
-0.475689	0.636038	1282	
-0.209447	-0.092207	315	
0.339096	0.870433	4604	
0.853714	-0.232522	5625	
0.808132	0.368548	2795	
0.349015	-0.010217	3157	
0.352854	-0.704479	3655	
0.887591	0.445863	6426	
0.822565	-0.308998	3398	
0.851876	-0.382478	6563	
0.297205	-0.639392	5107	
-0.460708	0.020606	821	
0.228996	0.856852	2916	
0.880999	-0.309409	6646	
0.790606	-0.409963	3400	
-0.080322	0.843976	5162	
0.064333	0.991244	6013	
-0.319344	0.218541	6501	
0.545991	0.690597	5584	
0.473121	-0.640051	5157	
-0.686056	0.198904	1589	
0.540070	-0.048366	2395	
-0.280365	-0.203520	5211	
0.506544	-0.098431	484	
-0.693392	0.503609	558	
0.173774	0.463846	2809	
-0.075239	-0.990548	2661	
-0.259262	0.357030	2353	
0.473062	0.702706	2516	
0.185764	0.742429	3880	
-0.160068	0.722921	1349	
0.373552	0.856210	3817	
0.679785	0.076588	4757	
0.121324	0.367152	5350	
-0.796728	0.592882	5905	
-0.428338	0.086358	382	
0.273644	-0.681407	1135	
-0.643996	-0.390484	2074	
-0.356196	-0.038398	2654	
0.327907	0.651886	3680	
0.073463	-0.856701	1458	
0.752782	0.390661	5459	
0.185545	0.593903	945	
0.218539	0.511015	3578	
0.836904	0.136124	1751	
0.912117	-0.200416	4331	
-0.159854	-0.595256	5769	
-0.840651	0.229801	2524	
-0.787903	-0.083430	483	
0.017178	-0.642151	4874	
-0.705815	-0.350530	3333	
0.648801	0.357830	3510	
-0.729296	0.217019	1299	
0.298479	0.207086	785	
-0.030176	-0.276280	389	
0.345673	0.930714	2789	
0.567505	0.433008	4101	
-0.366443	-0.793817	2885	
-0.630522	0.606876	5338	
-0.228669	0.856234	4057	
-0.589765	0.606501	1762	
-0.696666	-0.362198	4774	
0.636712	-0.760127	6336	
-0.173038	0.977401	6495	
0.277592	-0.532462	1510	
-0.902607	0.414179	1332	
0.308319	0.190512	556	
-0.504367	0.037992	1027	
0.202711	-0.136775	473	
-0.554403	0.637789	2288	
-0.526656	-0.133709	2210	
0.879468	-0.461765	2666	
0.092283	0.183388	812	
-0.165087	0.370694	1919	
0.048420	0.678714	5913	
-0.488336	0.372917	1842	
0.748676	-0.652805	6489	
0.137829	0.597731	655	
-0.542502	0.061440	5161	
-0.698309	-0.546936	4031	
0.629665	0.271465	3049	
0.532668	0.767249	6850	
0.218893	0.172940	5923	
0.084987	0.306248	2404	
0.391716	-0.409703	5613	
0.027188	-0.561316	2398	
-0.553382	-0.753312	6695	
-0.749734	0.002761	1627	
-0.164375	0.659229	3275	
0.603061	0.351091	5663	
0.638663	-0.599179	3040	
0.337873	0.819931	3830	
-0.599334	0.064108	6692	
-0.818930	-0.315222	4551	
0.281979	0.840669	3352	
-0.656974	0.664927	5574	
-0.173405	-0.563595	1805	
0.409645	0.284897	1040	
-0.226884	0.771298	4615	
0.561936	0.819134	2738	
-0.166838	0.346923	2177	
0.870645	0.178855	3342	
0.006295	-0.282874	4262	
-0.216398	-0.663521	6096	
0.701677	-0.421363	5683	
-0.028312	-0.851301	4544	
0.794205	0.001224	4442	
0.465284	-0.712618	4189	
-0.336358	0.645586	4054	
0.339271	0.315211	4244	
0.077911	-0.829027	5354	
-0.395896	0.572777	4794	
-0.230656	-0.191394	282	
-0.661501	-0.278302	3267	
-0.208706	-0.192288	320	
-0.614388	0.395242	5444	
0.829320	0.429720	5694	
0.169548	-0.833510	2534	
0.700572	0.049773	1482	
0.420272	-0.703166	4209	
0.561972	-0.280968	4432	
0.900987	0.239561	4425	
0.909449	-0.212269	418	
0.409823	-0.610365	1675	
-0.505942	0.687563	2446	
-0.661814	-0.276732	3267	
-0.928655	0.138480	5246	
0.295272	0.266958	3567	
0.790288	-0.408997	3400	
-0.426320	0.714594	2746	
-0.144595	0.878576	3597	
-0.374407	0.565600	5114	
0.370942	-0.151300	3589	
-0.025794	-0.738440	1384	
-0.728111	0.370237	1649	
0.148392	0.604226	533	
0.044094	0.695459	3971	
-0.389990	0.711997	2114	
-0.062247	0.477320	3072	
0.236974	0.405954	5801	
-0.638346	0.313347	1408	
-0.057485	0.321650	4321	
-0.338295	-0.522651	1709	
-0.189304	-0.619575	3051	
-0.479665	-0.693158	1818	
-0.258513	-0.280767	3741	
-0.298492	-0.836995	3269	
-0.663150	0.277486	5685	
0.665788	-0.726898	6192	
-0.256948	-0.695881	2364	
-0.380947	-0.050174	2112	
0.335397	-0.088119	2105	
0.385131	-0.032936	495	
-0.132372	0.484266	1387	
-0.110559	-0.623320	1346	
-0.036260	0.680352	5433	
-0.918378	0.193137	370	
-0.469832	-0.016993	1003	
-0.671224	0.379530	5209	
-0.827594	0.441227	5088	
-0.070369	-0.228069	314	
0.402770	-0.145789	4150	
0.457886	0.275641	2182	
-0.277912	0.204814	641	
0.789371	0.601137	6021	
-0.742268	0.043743	1632	
0.364638	0.153067	2612	
0.070548	-0.696049	4766	
0.855418	-0.374015	6366	
0.911660	-0.368234	6002	
-0.021750	0.696211	5176	
0.290678	0.387965	6151	
0.909545	-0.329852	6628	
0.625598	-0.612290	3040	
0.288467	-0.801085	5121	
-0.618225	0.171358	6388	
-0.500692	-0.734549	3029	
-0.786961	-0.178890	4907	
0.481366	0.481901	4149	
-0.842295	0.283242	5242	
0.107066	-0.782578	5257	
-0.414003	-0.399352	1728	
-0.239729	-0.736176	2824	
-0.122534	0.776551	2251	
-0.032675	0.596834	4311	
0.874466	0.132743	2932	
-0.315637	0.657417	583	
0.270497	-0.149690	2155	
-0.772171	0.136861	6838	
0.763111	-0.127276	2639	
0.432073	-0.591907	4924	
0.694805	0.083343	1471	
-0.645130	0.270414	5685	
0.312809	0.414428	1068	
-0.652218	-0.171218	2099	
-0.720503	-0.106728	4948	
-0.048533	-0.270321	619	
0.496979	0.534562	1046	
-0.802639	-0.189803	5204	
0.749158	-0.469655	5717	
0.913690	0.194052	6445	
0.033860	-0.278902	3795	
0.565491	0.381889	4359	
-0.041440	0.449546	3855	
0.980095	0.161924	2765	
0.329294	-0.439786	3332	
0.220173	0.694748	1600	
0.798045	-0.261197	4242	
-0.656390	0.156085	6123	
-0.271979	0.847782	3694	
-0.090138	0.690340	3995	
-0.826113	-0.225507	3949	
0.589023	0.429312	3497	
0.734057	0.248511	3120	
-0.095464	0.670493	4234	
-0.224943	-0.665681	1281	
0.594143	-0.564719	1592	
0.616465	0.386065	6439	
-0.269416	-0.274992	3741	
0.267876	-0.821656	1372	
0.733801	0.284439	3139	
-0.617360	-0.168225	2041	
0.529213	0.430351	4881	
0.761748	0.103534	3301	
0.566675	-0.413861	4092	
0.173465	0.106349	3677	
-0.314735	0.660313	583	
0.909099	-0.400143	5995	
-0.345880	0.602099	5323	
0.050935	0.784907	2317	
0.040247	0.885719	4813	
-0.436472	-0.760715	2912	
-0.162518	-0.695500	2485	
0.334020	-0.726910	4431	
-0.212779	0.391331	4414	
-0.108574	0.678836	4071	
-0.648856	-0.574030	1111	
-0.337413	-0.168759	922	
-0.343421	0.585094	5051	
0.691147	0.390489	3194	
-0.070119	-0.765223	2659	
0.509191	-0.724632	2501	
-0.538614	-0.561928	1942	
-0.534249	0.018921	3385	
0.431443	0.264926	1002	
0.980910	0.087507	2787	
0.677043	-0.400014	3486	
-0.287743	0.838084	3171	
-0.179858	0.655665	5309	
-0.645130	0.270414	5685	
-0.573145	-0.086266	2900	
0.413735	0.317298	6035	
0.755359	-0.252133	2707	
0.438659	-0.352773	2586	
0.668156	0.215967	4257	
0.843568	0.071604	3002	
0.529637	-0.049438	2395	
0.617928	0.487853	2655	
-0.395061	0.021541	2044	
0.576738	-0.671520	3340	
-0.536599	0.587784	1428	
-0.691634	-0.237096	5379	
-0.341834	-0.051262	4346	
0.322132	-0.937933	2681	
0.231693	0.648252	3749	
0.214510	0.945634	6613	
0.819575	0.447965	6872	
0.353577	0.484461	706	
-0.672893	0.389274	5209	
0.930124	-0.047555	5841	
0.278839	0.146309	3755	
-0.752274	0.111929	5473	
0.595741	0.363297	5709	
0.159383	0.328419	3584	
-0.627829	0.288607	6543	
0.301073	-0.412752	1651	
0.566581	-0.255140	3238	
-0.083274	-0.572139	3877	
-0.683058	-0.229418	5379	
-0.179904	-0.251105	563	
0.722795	0.328786	3180	
0.249663	-0.547276	1245	
-0.011712	0.400288	3383	
-0.533007	0.660497	2387	
0.362074	-0.861396	5953	
0.609426	-0.511536	3545	
0.408420	0.672102	3869	
0.675737	0.728032	2766	
0.307038	-0.257749	906	
-0.028816	0.544832	4520	
-0.730146	-0.332216	1559	
0.253895	-0.575705	5406	
0.086002	0.271744	4745	
-0.304694	0.286602	2085	
0.209972	-0.303355	6323	
-0.492093	0.721490	4906	
0.794566	-0.582763	6056	
0.279649	0.381674	3303	
-0.423159	0.374821	4879	
-0.028664	0.241951	6892	
0.638929	-0.612776	3040	
0.425627	0.329022	6224	
0.549995	0.359252	6413	
-0.502280	-0.138952	1665	
0.017185	-0.374123	3576	
0.047340	-0.933106	6777	
-0.763646	0.541641	508	
-0.405916	0.435859	5159	
0.465524	0.877455	2684	
0.500799	-0.494207	1571	
0.407132	0.344598	6162	
0.284630	0.478581	3623	
0.457408	-0.339066	3058	
0.474755	-0.627888	5157	
-0.663204	-0.735786	2672	
0.421468	-0.793382	2648	
-0.306120	-0.629654	1157	
-0.711593	0.693246	6209	
0.310304	-0.665667	1415	
-0.075554	-0.799012	4590	
0.522014	0.171346	2698	
0.034507	0.728871	1124	
0.015052	-0.599106	4364	
0.285180	0.814643	2772	
0.446144	-0.263603	2115	
0.591050	-0.492413	3145	
0.211534	-0.556330	4020	
0.231142	-0.904824	3649	
0.885969	0.021105	4670	
-0.424790	0.642372	1030	
0.144004	-0.350427	4029	
0.216637	0.756475	3349	
0.712308	-0.460543	5670	
-0.328824	0.000452	1763	
0.090250	0.837181	5702	
0.736767	0.427889	2025	
-0.086425	-0.693143	1996	
-0.307782	0.608277	3748	
-0.028620	-0.333120	2363	
-0.839437	-0.410253	6656	
0.829802	0.285742	4970	
-0.679607	0.642284	6659	
0.454861	-0.404448	1141	
-0.101229	0.461259	2602	
0.373224	0.570362	4778	
0.050347	0.466145	5005	
-0.390700	-0.525742	2322	
0.503721	-0.646726	1822	
0.532601	-0.114970	2403	
0.792847	0.595762	6021	
0.311237	0.035172	2174	
0.345177	0.867980	4604	
-0.177182	0.486235	4306	
0.362447	-0.691373	3655	
-0.080302	0.930242	6306	
0.163328	0.828995	3191	
0.407136	0.647808	2693	
0.792910	0.200900	1911	
-0.782105	-0.512963	5566	
-0.275300	0.953924	6626	
0.261840	-0.178464	1664	
-0.558372	-0.329154	5668	
-0.775161	-0.523404	4243	
-0.443232	-0.015572	911	
-0.226385	-0.172859	1644	
-0.249644	-0.187593	3659	
0.087953	0.734295	530	
0.672028	-0.731628	6192	
-0.377796	-0.142238	4500	
-0.955680	0.262273	6538	
-0.800593	-0.049962	736	
-0.858559	0.379860	6353	
0.238250	0.319789	4705	
-0.231588	-0.702475	5431	
0.504976	0.483004	4116	
-0.038277	-0.275329	310	
-0.594004	-0.529723	5892	
-0.668937	0.426199	5988	
0.064698	-0.302325	297	
-0.617885	0.769817	2091	
0.657292	0.663467	6263	
-0.248636	0.806020	4899	
-0.569228	0.105715	6632	
-0.218839	-0.863266	3913	
-0.271042	-0.738739	3885	
-0.803363	-0.583729	6507	
0.776744	-0.127635	3082	
-0.243306	-0.700955	4992	
-0.115694	-0.927277	5248	
-0.473354	-0.343804	1894	
0.115753	-0.812278	1901	
-0.967820	-0.223339	6861	
0.250156	-0.476550	3030	
-0.455747	0.882672	6471	
-0.823526	0.099130	5604	
-0.641559	0.753509	1248	
-0.177207	0.828778	4369	
-0.369106	-0.696874	5207	
-0.362893	-0.703615	3965	
-0.725562	0.237097	1630	
0.128428	-0.726188	3988	
-0.280070	-0.117102	465	
-0.889060	-0.105072	4733	
-0.102393	-0.288905	2110	
0.708801	-0.332777	2667	
0.099559	0.166718	3699	
-0.286322	0.947247	6626	
-0.517463	-0.087334	1325	
0.364596	-0.592875	4939	
0.447820	0.334114	6058	
0.006189	0.847707	5197	
-0.599279	-0.250671	1793	
0.735329	0.665332	6007	
-0.284911	0.633683	4671	
0.400664	0.383412	6080	
0.073105	-0.931456	3843	
-0.327066	0.614107	2791	
-0.270313	0.951817	6363	
-0.674323	0.142105	5234	
0.459920	0.134846	994	
0.354513	-0.593161	5120	
-0.653330	-0.321689	4552	
-0.819172	-0.054866	324	
-0.701383	-0.397331	4980	
0.200910	0.155550	948	
-0.370200	0.627300	4821	
-0.860643	0.265461	5645	
0.137747	-0.271522	6623	
0.001220	0.606375	3998	
-0.334650	0.935250	6502	
0.724519	-0.254335	2512	
0.679290	0.085501	4845	
-0.193760	-0.971989	6204	
0.083144	0.777882	1912	
-0.182460	-0.782178	3933	
-0.531091	0.593054	1708	
0.932190	-0.056533	5622	
0.280489	0.032605	6391	
-0.039392	0.549621	3344	
0.328579	0.310571	4244	
-0.177909	-0.822256	4038	
0.415815	0.253495	1010	
-0.183812	-0.219764	617	
0.683678	0.500944	4154	
-0.858467	-0.094092	1768	
0.078577	0.725280	3972	
0.305427	-0.059869	2084	
0.339415	0.360736	1121	
0.411072	0.563936	4988	
0.443546	0.213428	5845	
0.612672	0.301055	2357	
0.694593	0.109429	1538	
-0.627582	0.174875	6388	
0.804697	0.473663	3735	
0.454097	0.473961	3483	
0.718251	-0.392497	3599	
-0.761687	-0.214834	4932	
0.467082	0.753405	3542	
0.315183	0.181295	789	
-0.678464	0.575681	5011	
-0.591609	-0.794905	6515	
0.245776	-0.000677	719	
-0.377096	-0.718796	5016	
-0.151128	0.232518	5690	
-0.743612	-0.424933	5403	
0.394126	0.798852	4689	
0.491003	0.435849	4697	
0.135993	-0.337215	3056	
0.776449	0.102836	3301	
0.317110	0.283912	4607	
0.087344	0.989465	6466	
-0.937861	0.007067	397	
0.249366	0.068668	6524	
0.740042	0.288415	3500	
0.472962	-0.500546	4527	
-0.737303	-0.434940	5403	
0.296803	0.085343	2444	
0.150033	-0.838796	2180	
-0.831584	0.542221	1029	
-0.528790	0.008376	3937	
-0.639122	-0.321533	4688	
-0.572863	0.063767	6829	
-0.561272	0.819228	6060	
-0.833483	-0.425098	6564	
-0.527783	0.345276	6197	
0.197615	0.864472	4650	
0.200663	0.740613	3880	
-0.258667	-0.068571	6382	
0.775373	0.341142	1262	
-0.610019	-0.017506	3621	
-0.884016	0.139127	6186	
0.270758	-0.894172	6482	
0.351265	-0.406646	2827	
-0.441347	-0.448982	4739	
-0.865995	-0.476057	6239	
-0.536310	-0.320998	5669	
0.372303	0.125393	1977	
0.518401	-0.133447	485	
0.585621	-0.616931	2146	
0.841151	0.528224	6703	
-0.342341	-0.144026	6333	
-0.018314	-0.251960	4155	
-0.322554	-0.487152	5212	
0.331332	0.322181	4244	
0.511468	0.850165	6681	
0.035955	0.499351	2636	
0.672187	0.485287	3868	
0.581636	-0.730837	6196	
0.470497	0.639103	5301	
0.608444	0.401375	6455	
-0.270593	-0.122506	6039	
-0.504134	0.624860	5262	
-0.818268	0.190184	1484	
0.248733	0.126681	724	
-0.118434	-0.868034	3810	
-0.547412	-0.576900	2011	
0.407191	0.090534	2686	
0.955565	0.270999	339	
-0.420512	0.378936	4879	
-0.694081	-0.302368	1442	
-0.528809	-0.470278	3997	
-0.655761	-0.025682	6380	
-0.581347	0.509723	394	
0.347030	0.334826	874	
0.103399	0.689284	6517	
0.647111	0.609082	5031	
-0.283308	0.795872	1753	
0.867641	0.127308	2932	
0.286803	-0.491527	5767	
-0.125955	0.319538	5499	
0.366575	0.077186	480	
0.673741	0.113679	3947	
0.583002	-0.521623	3461	
-0.205844	-0.310120	5858	
-0.750628	0.140930	5455	
0.816164	0.340483	2236	
0.314159	0.749278	4133	
-0.477374	0.382901	774	
0.202016	-0.251142	2144	
0.356612	0.318549	842	
-0.398996	-0.906310	6480	
0.113532	-0.831521	1515	
0.221768	0.124451	6259	
-0.427089	0.433115	4829	
0.147813	-0.513265	2263	
-0.303411	0.883032	5890	
0.481255	-0.731165	2562	
0.372101	0.387324	5927	
0.758496	0.117231	2948	
-0.087625	-0.889887	3555	
0.871736	-0.108912	3167	
0.535289	0.515326	846	
-0.468462	0.298322	501	
-0.564975	-0.640406	4743	
-0.128075	0.425820	2022	
0.513050	0.674217	5481	
0.539022	-0.096760	2052	
0.289938	0.445827	2320	
-0.579394	0.806999	2228	
-0.227371	0.426823	5591	
-0.655348	0.245239	5875	
0.992387	0.008020	921	
0.227271	0.780123	4095	
-0.325856	0.783015	5519	
0.665307	-0.592200	3069	
0.931299	0.027093	3771	
-0.721846	-0.152264	4652	
0.265593	-0.454108	2262	
-0.188891	0.913118	927	
-0.207767	0.460943	3079	
-0.564676	0.540736	1327	
0.461502	-0.645948	4967	
-0.233603	-0.853752	3683	
0.179879	0.586437	945	
0.245745	-0.052422	6912	
-0.237521	0.527716	4199	
0.468605	0.749887	3542	
-0.621514	0.137433	5638	
0.329025	0.322984	4244	
-0.305141	-0.882414	6875	
-0.126184	-0.333175	3648	
0.195492	0.258711	6763	
-0.098294	0.588274	3625	
-0.100814	0.612523	4655	
0.399963	0.791379	4864	
-0.205808	-0.910982	3811	
0.498901	0.583497	2284	
0.272396	0.620586	2165	
-0.583268	-0.623351	4741	
0.055554	0.328120	1927	
-0.041289	0.391263	3009	
0.281545	-0.026438	6595	
0.823724	-0.555079	2730	
0.320571	0.600115	4441	
0.970998	0.162863	5986	
0.244241	0.029999	6756	
0.901230	-0.244447	496	
-0.112330	0.804071	3776	
0.225336	0.397192	5773	
0.403309	-0.661497	3241	
-0.243453	0.268688	1910	
-0.624882	-0.418253	2095	
-0.017576	-0.329565	6232	
0.986366	0.099189	2787	
-0.500953	0.715351	4975	
0.704154	0.481931	2993	
-0.878049	0.464670	6694	
0.199291	-0.524913	3192	
0.056812	-0.849391	1983	
-0.612395	0.542266	1328	
-0.229474	-0.562914	1588	
0.553976	-0.417654	4290	
0.928321	0.103429	6675	
-0.263389	-0.085701	806	
-0.541094	-0.034337	5552	
0.984357	0.114117	6029	
-0.502740	0.464759	714	
0.382745	-0.037143	4011	
0.155179	-0.674885	4270	
-0.446567	0.275944	6448	
0.841669	-0.522614	6667	
-0.676305	0.000607	838	
0.686046	-0.716051	6324	
-0.655348	0.245239	5875	
-0.393163	-0.753527	2467	
0.775678	0.136826	3876	
-0.275942	0.947061	6626	
-0.325900	-0.071007	4686	
-0.188513	-0.714588	2065	
-0.474939	-0.457018	4273	
-0.750578	0.323862	1821	
-0.206413	0.582861	4380	
0.175255	-0.871415	3557	
0.167759	-0.717659	3756	
-0.372721	0.657721	4379	
0.454476	0.281561	2182	
0.089622	0.509916	1914	
0.595898	0.364785	5709	
0.981118	0.155270	2765	
-0.766748	-0.268054	5344	
0.137271	-0.582339	3835	
-0.318313	-0.497066	5212	
0.223597	0.021072	1211	
0.352993	0.864926	4604	
0.104804	-0.844373	5661	
0.289323	-0.250195	6348	
-0.239670	0.526547	4850	
-0.507166	-0.611279	2869	
0.466361	0.074591	984	
-0.554944	0.057162	5520	
-0.791192	0.188322	5807	
-0.134364	0.876071	3597	
0.673455	0.115018	3947	
0.925999	-0.119730	6739	
0.514201	0.722091	5521	
0.366945	0.492231	957	
0.823542	0.555336	396	
-0.985644	-0.121472	2090	
0.307436	-0.731890	4719	
0.616221	0.329509	2126	
0.296145	0.024149	6068	
-0.259332	0.647637	4159	
0.679401	-0.090928	3089	
-0.312834	-0.133568	6749	
0.295743	0.941554	2761	
-0.198888	-0.556892	5090	
0.585017	-0.443287	2129	
-0.512386	0.354441	1721	
0.120679	0.601373	655	
-0.853470	-0.156230	5133	
0.942477	0.313782	2735	
-0.285992	0.427518	1309	
0.277838	0.287436	4181	
0.548435	-0.485156	1537	
0.690770	-0.390768	3202	
0.438727	-0.891315	527	
-0.171197	-0.292144	3140	
0.331001	0.595872	4441	
-0.296553	0.210771	6216	
-0.436228	-0.026035	911	
-0.507020	-0.785278	4599	
0.222299	-0.102593	1161	
-0.623351	0.471548	307	
0.231455	-0.080571	1165	
0.109153	0.768185	1083	
0.435866	0.892594	6020	
-0.029501	0.319187	5367	
0.903682	-0.412494	2757	
-0.145017	-0.235131	6766	
0.100888	0.403709	1748	
0.259316	0.682354	2726	
-0.161042	-0.859529	4385	
0.443158	-0.346420	3058	
0.560537	-0.655120	4898	
0.449958	-0.522420	4531	
-0.570298	0.582612	1652	
-0.463547	0.291074	700	
-0.649639	0.353118	1277	
-0.902552	-0.249370	5961	
-0.519396	-0.677453	1716	
0.777332	-0.060233	4685	
-0.616512	0.067397	5135	
0.286026	-0.837910	3181	
0.746651	0.411583	5775	
0.231510	0.859595	2916	
-0.383242	-0.916285	2780	
-0.399099	-0.009649	2045	
-0.587407	0.725499	5735	
-0.582431	0.670164	5329	
0.095080	-0.233587	6094	
-0.598889	0.307480	1106	
-0.737682	-0.480242	5526	
-0.735491	-0.502152	4334	
0.050035	0.280027	1237	
0.027304	0.332511	1450	
-0.320881	-0.790786	2590	
0.457229	-0.814459	6842	
-0.164933	0.919239	5413	
0.155010	-0.793437	5544	
0.315277	0.942060	900	
0.549948	0.649247	3425	
-0.596766	-0.185772	1745	
-0.285272	-0.937545	451	
-0.345998	-0.780782	5073	
-0.418790	0.673670	1100	
-0.155287	0.263792	4751	
0.638722	0.533557	4120	
0.056922	-0.928907	5856	
0.576673	-0.451113	1659	
-0.067488	-0.232435	314	
-0.547076	-0.826765	6255	
-0.553478	0.752575	5517	
-0.188469	-0.158686	308	
0.480007	-0.758071	2901	
0.732954	-0.364645	3690	
0.284284	-0.628818	5107	
-0.725516	-0.392314	5018	
0.034312	-0.278940	3795	
-0.373709	-0.499318	4862	
-0.035522	0.885765	2960	
0.219263	-0.671636	1839	
0.257164	0.108185	724	
0.035865	0.847583	1670	
0.061130	0.441909	1465	
0.409604	0.679607	3869	
0.406447	0.906395	2759	
0.670155	0.576907	5008	
0.707496	-0.471804	1263	
0.145471	0.533125	3064	
0.269292	-0.211260	3062	
0.045449	-0.606914	4322	
-0.549613	0.095827	5393	
0.970861	-0.209715	6459	
0.181433	-0.306728	3228	
-0.729589	0.505837	6134	
0.064788	-0.575669	2389	
0.500986	0.371287	3790	
-0.254043	-0.183404	6831	
-0.587734	0.611005	2266	
0.654623	0.394158	5447	
-0.125278	0.925417	6576	
0.794905	0.296371	1549	
-0.214329	0.434312	3350	
-0.557154	0.750013	5517	
-0.301100	0.485220	1863	
0.559695	-0.553159	5442	
-0.654326	-0.052874	1789	
-0.092946	0.451500	2602	
0.729532	-0.007470	1381	
-0.648318	0.085125	2161	
-0.695010	0.709431	6441	
0.899526	-0.250958	496	
-0.033322	0.367430	1502	
0.565232	0.631760	3495	
-0.277498	-0.124451	6039	
-0.211023	0.337963	2318	
0.287767	-0.017716	6207	
-0.474286	0.864451	6750	
-0.738860	-0.078471	5029	
0.838413	-0.195241	5351	
-0.510826	-0.167819	1674	
-0.113388	-0.267222	6212	
-0.378930	-0.591719	5377	
-0.689546	-0.714483	6012	
0.783432	-0.610655	6705	
0.395384	0.062845	581	
0.855806	-0.222574	5625	
-0.726787	-0.078573	3396	
0.655665	-0.401054	2495	
0.315683	0.398960	1068	
0.152623	0.296531	2310	
0.618841	-0.773475	2834	
0.384697	-0.119383	4128	
0.642216	0.602412	5031	
-0.422413	0.894022	6645	
-0.341314	0.866862	6677	
0.134672	-0.209770	513	
0.682651	-0.721670	6192	
-0.615111	-0.099338	1430	
-0.375251	-0.707822	5016	
0.181455	-0.857290	2860	
0.392606	0.325416	1625	
0.337985	0.416776	6133	
0.358961	-0.009434	3157	
0.744774	-0.653644	6489	
0.480671	0.096204	970	
0.882283	0.453920	6025	
0.548132	-0.293989	4595	
-0.939823	-0.321888	6307	
-0.937873	0.003541	397	
0.480048	0.697627	5390	
-0.473703	-0.435572	3968	
-0.532210	-0.666678	1489	
0.748692	-0.201572	1146	
-0.323974	-0.666573	2344	
0.701167	-0.531127	2587	
0.086001	0.982800	6466	
-0.001333	-0.275439	4458	
-0.856242	0.281144	5556	
-0.700686	-0.544643	4031	
0.309082	-0.039975	2120	
-0.209357	0.971026	6499	
0.505401	0.190085	2610	
0.494080	-0.488170	4497	
0.632694	-0.370834	2778	
0.059110	0.991555	6013	
-0.172937	-0.223756	6782	
-0.645130	0.270414	5685	
-0.304075	0.692375	1195	
0.217081	0.320909	4158	
-0.259570	-0.067354	634	
0.287178	0.452573	2359	
-0.598459	0.792975	1060	
-0.050630	0.810456	3663	
-0.828457	0.102499	5604	
0.652740	-0.094975	3329	
-0.155281	-0.328161	4271	
-0.290349	0.887578	4847	
0.168479	-0.176569	1170	
-0.649204	0.478799	6574	
0.557133	-0.075388	3216	
-0.748990	-0.559997	5147	
-0.293891	-0.840290	3269	
-0.444567	0.015457	2584	
-0.167590	0.979075	2837	
-0.770692	-0.041564	729	
0.300900	0.544846	980	
-0.395824	0.896809	2548	
-0.145509	-0.764138	3779	
0.033048	-0.273561	3220	
-0.837315	0.084612	5532	
-0.498847	-0.327409	1734	
0.451277	-0.624999	3299	
-0.671001	0.220463	6555	
0.568533	-0.680104	2953	
-0.586679	0.567398	1754	
-0.655876	0.600231	5384	
-0.029656	-0.671617	4618	
-0.776154	-0.181700	4907	
0.668814	0.169069	4486	
0.618704	0.775452	6581	
-0.686975	0.133548	4792	
0.788250	-0.098157	4952	
-0.407179	0.562758	4662	
0.097000	-0.235669	6094	
-0.102027	0.837845	4819	
0.993277	-0.011401	595	
0.946206	-0.297742	2756	
-0.417241	0.835605	4605	
0.068197	0.790847	2232	
-0.432163	0.058353	378	
0.344373	0.930927	2789	
-0.059612	0.609528	4965	
0.350559	-0.765201	2977	
0.342451	0.588058	4786	
-0.895632	-0.039774	2016	
-0.456583	-0.589372	1080	
0.817407	0.038457	3720	
0.506503	0.601699	2567	
-0.209223	-0.836959	3670	
-0.858862	0.117760	1792	
-0.569547	-0.740825	4139	
0.839246	-0.251339	3264	
0.983092	0.132295	6029	
-0.578323	-0.307747	5057	
-0.301472	0.837771	5674	
0.452555	0.725121	2550	
-0.252367	0.226280	6758	
-0.573700	0.635671	2288	
0.935540	0.333875	6335	
0.692857	-0.709977	2813	
-0.789743	0.196208	2841	
0.524657	0.714080	5548	
-0.530103	-0.524147	6274	
0.367658	0.806688	4498	
0.560320	-0.598172	1545	
-0.581580	-0.324964	5057	
0.060496	-0.298033	332	
-0.504647	-0.598851	5721	
-0.615529	-0.702718	6340	
0.033898	0.847862	1670	
0.079712	-0.785360	3922	
0.642665	-0.607911	3040	
0.084376	0.418972	1617	
-0.302950	-0.832346	3269	
0.448383	0.763723	3524	
0.407710	0.742577	4613	
-0.061409	-0.271548	6463	
0.463828	0.758248	3542	
0.797548	0.371588	2494	
0.607548	-0.471750	2554	
0.036327	0.555163	1699	
-0.032587	-0.992775	6442	
-0.528634	-0.029707	5719	
-0.523198	-0.374118	5745	
-0.818082	-0.453003	4680	
0.358121	0.172644	3158	
0.269234	-0.803022	1959	
-0.376480	-0.500346	4862	
-0.082769	-0.261858	6461	
0.472205	0.604385	2117	
0.417522	0.901270	2759	
-0.701554	-0.529313	4636	
-0.332455	0.780201	5143	
0.455218	0.882863	5982	
-0.302347	0.534844	3091	
0.034175	0.412540	5199	
-0.755458	0.552697	508	
0.217044	-0.744281	3836	
0.987225	-0.109207	6024	
0.498492	0.374594	3790	
0.019832	0.490166	2636	
-0.128074	0.537339	2973	
0.325573	0.695905	4001	
-0.302059	0.372546	1989	
0.779516	0.001496	4438	
-0.410103	-0.157335	2332	
0.289148	0.167359	649	
0.673413	0.187288	3858	
-0.296705	0.538336	3669	
0.386391	0.850320	4706	
-0.688958	0.508661	545	
-0.802763	0.345655	6065	
-0.380657	-0.031882	2006	
-0.078147	0.278624	4319	
-0.043364	0.338702	1527	
-0.644108	-0.613760	6458	
-0.333929	0.772765	5143	
-0.028635	-0.887837	4876	
-0.676152	0.645680	6341	
-0.209591	-0.135121	924	
0.294789	-0.674361	1340	
0.375384	-0.352735	1737	
-0.699002	-0.394238	4980	
0.348752	-0.114564	2564	
-0.589648	-0.142398	1797	
0.495074	0.627210	3758	
-0.699663	-0.181410	5223	
0.391488	0.182875	4416	
0.023159	-0.885468	5513	
-0.485416	0.501837	4977	
0.452372	-0.407500	1141	
0.349832	-0.611500	1390	
0.325469	-0.054195	2120	
0.277226	-0.238982	6061	
0.282065	0.107055	3569	
0.436190	-0.634069	3283	
0.560575	0.544023	2699	
-0.253521	-0.102139	520	
-0.378831	0.064235	340	
0.784037	0.502912	3763	
-0.789684	0.423982	1830	
0.284425	0.741068	3297	
0.106577	0.316166	2323	
-0.862063	-0.364278	5033	
0.282523	-0.194425	3287	
0.118681	-0.318820	457	
-0.651680	-0.451064	4235	
-0.356874	0.496343	2149	
-0.591470	-0.059804	1399	
-0.510746	-0.372802	3660	
-0.752317	-0.250256	4722	
0.683076	0.388452	3194	
0.386843	0.315220	1625	
0.730092	-0.229524	876	
0.931581	0.070078	6716	
0.645839	0.502312	3316	
0.739042	-0.248465	2512	
-0.241088	0.736816	1257	
-0.888683	-0.293251	5837	
0.655680	0.213968	4257	
-0.536273	0.588010	1428	
0.001073	0.886599	3647	
0.397172	-0.031817	494	
0.665244	0.155661	4293	
-0.327197	-0.234638	3762	
0.160736	-0.117211	3803	
0.442923	0.277377	2241	
0.155509	0.238527	699	
0.691244	-0.113029	881	
0.258319	-0.121679	1642	
0.566430	-0.532932	3416	
0.220984	-0.739010	3531	
0.641145	-0.351080	3512	
-0.925318	0.160337	4858	
-0.434828	-0.734493	5315	
0.534107	0.305335	6107	
-0.407031	-0.841361	6395	
-0.191271	0.270255	4955	
0.369024	-0.160854	4049	
0.168018	0.377694	4896	
-0.006779	0.879944	3647	
0.296593	0.265528	3567	
0.816760	0.055723	4183	
0.616151	-0.054028	801	
-0.161495	-0.224978	930	
-0.353334	-0.041259	2654	
0.142902	0.432717	3036	
0.541373	-0.492645	1554	
0.888312	0.428795	6560	
-0.261534	-0.810862	4651	
0.398012	0.336545	6125	
0.483535	0.200473	2438	
0.199685	-0.329311	5850	
-0.616233	0.466151	307	
-0.291727	-0.560138	1530	
0.192010	0.335323	5728	
-0.486993	0.860337	2243	
0.418540	0.255912	1010	
0.835653	-0.134665	5081	
-0.463987	0.636137	1282	
0.604036	-0.637215	3364	
0.683748	0.007779	5136	
0.004679	0.452795	1455	
-0.019010	0.621402	4586	
0.444892	0.622402	2631	
0.964349	-0.238157	2673	
0.601398	0.356096	5663	
-0.098553	-0.251857	834	
-0.216555	-0.821045	2695	
0.472463	0.259274	1838	
-0.471263	0.806527	5371	
0.358267	0.259962	4866	
-0.205341	0.971818	6691	
-0.868796	-0.348128	6430	
0.435289	-0.552993	1496	
-0.816419	-0.268759	5754	
-0.785697	-0.120961	1692	
0.647688	-0.536008	2148	
-0.564163	-0.070984	1339	
0.623510	0.278342	3049	
-0.424833	0.593885	5901	
0.299188	0.145803	4355	
-0.088997	0.459353	2245	
0.101082	0.673929	6374	
-0.141467	0.983223	6009	
0.770530	0.277785	5069	
-0.651993	-0.324189	4552	
-0.090700	0.517041	2264	
-0.816945	0.301619	4852	
-0.729863	0.585292	6885	
-0.175693	0.673048	4024	
0.150241	-0.244525	5561	
0.539433	0.024423	2946	
-0.642045	-0.045926	2109	
0.400011	-0.362681	2641	
0.205506	0.856079	4650	
0.765044	0.425883	5804	
-0.752684	0.096776	5264	
-0.017934	0.793209	2273	
0.985879	0.121737	6029	
0.390272	-0.174762	4720	
-0.636158	-0.081320	4889	
0.704341	-0.318801	2887	
0.655685	-0.245788	5790	
-0.856428	0.153899	798	
0.806960	-0.135777	5256	
-0.463125	-0.582205	1089	
0.447488	0.314148	1569	
-0.532900	0.314113	6673	
0.304215	0.836977	3004	
0.425701	0.002087	3021	
0.105577	0.879263	1574	
-0.750705	-0.152780	5116	
0.612195	0.126388	2337	
-0.883748	-0.042392	1775	
-0.245248	-0.962397	430	
0.334559	0.177300	789	
-0.218721	-0.550039	1588	
-0.908210	0.240167	6127	
-0.614387	0.058920	5135	
-0.911612	0.395959	5878	
0.700035	-0.215283	6104	
-0.627590	-0.085078	4889	
0.486781	-0.508370	1558	
-0.720621	0.357765	1187	
-0.853722	0.286465	5556	
-0.369821	-0.643358	5175	
-0.449581	0.410427	4871	
0.593979	-0.603709	2496	
0.356719	0.792871	4592	
0.472676	-0.615315	3299	
-0.653897	0.067150	3552	
0.349462	0.083379	589	
-0.141516	0.338494	5332	
-0.661773	0.740446	4840	
-0.200306	0.700763	419	
-0.307950	-0.243705	3365	
-0.251000	-0.558105	5044	
0.332550	-0.460130	5795	
0.697856	0.429721	3672	
0.286319	0.406468	6070	
0.277327	0.259895	3567	
-0.710767	-0.356577	3333	
0.639352	0.509579	4120	
0.393249	0.389441	2086	
-0.385994	0.662471	603	
-0.341358	0.040267	6864	
0.238065	-0.582792	1454	
0.284985	-0.127610	1684	
-0.802562	-0.025484	5015	
0.184402	0.706395	1992	
-0.568061	0.474629	435	
0.743887	0.255744	3489	
0.781759	-0.022843	4707	
-0.366350	-0.033317	2654	
0.147832	-0.238775	433	
0.636645	-0.453528	2492	
-0.557809	0.333088	6330	
-0.824206	0.068335	5205	
0.219040	-0.671127	1231	
-0.688577	-0.216702	5696	
0.346632	0.864021	4604	
0.907816	-0.402934	2757	
-0.334548	0.224118	6221	
-0.377597	-0.485364	4909	
-0.515081	0.454454	989	
0.304304	-0.200378	3920	
-0.013473	0.886422	4684	
0.495151	-0.097174	744	
-0.896096	-0.271428	6144	
0.796063	-0.591763	6530	
-0.426580	0.830893	4605	
0.698132	0.055721	4887	
0.648349	-0.607547	3381	
0.815633	0.227570	1608	
-0.430773	-0.732923	5315	
-0.783414	-0.168964	4713	
-0.498081	-0.156683	1674	
-0.772799	-0.235300	5932	
-0.749640	0.436232	5553	
0.369242	-0.041621	4011	
-0.562891	-0.165682	3245	
-0.028160	0.249153	6801	
-0.292325	-0.105208	407	
0.177416	0.336330	5718	
-0.414805	-0.891105	6479	
-0.392687	0.668329	462	
0.304058	0.533083	980	
0.526401	-0.511084	3550	
0.371888	0.499436	648	
-0.737400	-0.287508	1439	
-0.005109	0.224882	318	
0.596193	0.467203	541	
-0.274440	-0.687440	5098	
-0.664843	0.114607	890	
0.544020	0.643994	3425	
0.046121	0.728323	4172	
-0.618340	-0.033836	4006	
0.215223	0.356273	5704	
-0.980608	-0.143214	6486	
-0.243110	-0.279777	3177	
-0.380127	0.034098	2044	
0.788499	-0.400847	3689	
-0.801799	0.485003	6643	
0.179557	-0.714794	3459	
0.119013	-0.212211	362	
0.525897	0.112065	2822	
-0.398097	-0.097481	1971	
0.896015	-0.263129	6189	
-0.322365	-0.004262	1763	
0.627367	-0.207137	3601	
-0.677782	0.521862	545	
-0.163267	0.597644	4623	
-0.916659	-0.192621	6417	
0.123510	0.259625	4700	
0.154991	0.382853	1501	
0.088795	-0.793898	5365	
0.683756	-0.011614	5129	
0.343368	0.107484	469	
0.765946	-0.287849	4151	
0.161201	-0.116641	3803	
-0.390234	0.848526	5318	
-0.081991	0.606681	4710	
0.529125	-0.176348	2082	
0.605388	-0.783526	6561	
0.303102	0.319547	3504	
-0.564818	0.596699	1436	
-0.367101	0.921708	6011	
-0.195223	-0.867639	4394	
0.465608	-0.877608	6018	
0.313264	-0.063004	2120	
-0.790941	0.341094	5366	
0.770248	0.194010	5103	
0.244206	-0.827380	4765	
-0.014241	0.793155	2273	
-0.746451	0.308642	836	
0.528055	-0.345363	1249	
0.678482	-0.516875	1448	
-0.365878	0.236336	6175	
-0.031480	-0.992811	6442	
-0.218941	-0.819742	2695	
0.092074	0.522806	1957	
0.053004	0.619783	974	
-0.444548	-0.547449	5706	
-0.562413	-0.324640	5668	
0.682530	0.449607	3307	
-0.336747	-0.523827	1709	
0.514721	-0.592301	3907	
0.332596	-0.749249	3274	
0.268782	0.718656	2920	
0.235371	-0.650240	1153	
-0.615063	-0.264118	2361	
0.272775	0.172269	463	
-0.255668	0.261385	1880	
-0.383476	0.675172	462	
0.532560	0.324852	6049	
0.628256	-0.543369	2312	
-0.807816	0.082176	5317	
0.573511	0.548246	2699	
-0.099992	0.842252	4504	
0.905788	-0.405404	2757	
0.159769	0.235903	5897	
0.339824	-0.792276	3213	
0.165732	0.147057	857	
0.115286	-0.786638	5257	
0.588611	0.292564	2706	
-0.624188	0.614344	4961	
0.307707	0.608219	4173	
0.404348	0.567760	4988	
0.820388	0.308941	1606	
0.475698	0.389455	4222	
0.175205	-0.210392	6808	
-0.895077	-0.430483	6043	
0.535376	-0.430899	3789	
0.032041	0.728588	1124	
0.387203	-0.368555	3178	
0.572286	0.399874	4040	
-0.155497	-0.235462	6766	
0.181483	0.871368	2365	
0.093040	0.460683	2428	
-0.762624	-0.092920	1293	
0.722296	0.510642	3725	
0.071617	0.421538	1516	
0.405787	-0.612323	1675	
0.504798	-0.685144	2551	
-0.941348	0.318352	1334	
0.284127	-0.014968	596	
0.128730	-0.310108	6245	
0.631242	-0.459107	2492	
0.626129	-0.447095	2492	
0.784759	-0.321399	3190	
0.037963	0.253273	657	
0.577990	0.235931	882	
-0.255126	0.898202	4515	
-0.986625	-0.115734	2090	
0.309340	-0.255129	906	
0.404495	-0.092554	2862	
-0.048611	0.799212	3663	
-0.143320	0.772918	2719	
-0.576331	0.427399	5387	
-0.568853	-0.487796	5060	
0.635602	0.462949	843	
0.129524	0.984859	2737	
0.344383	-0.931748	6513	
-0.331630	-0.707668	3247	
-0.266457	0.196431	654	
0.643126	-0.593002	5126	
-0.234865	-0.744031	3229	
-0.749014	-0.003927	1627	
-0.035007	-0.933736	6280	
0.204471	0.198924	1119	
-0.393181	0.751773	1719	
-0.803336	-0.072202	327	
-0.661869	0.358665	6102	
0.251926	0.408689	5801	
-0.739943	0.032764	1777	
0.295743	-0.597480	3046	
0.787312	0.261810	3282	
-0.465619	0.017082	821	
-0.101604	-0.689157	2656	
0.840404	-0.479154	421	
0.812282	-0.258717	1779	
0.987682	-0.105464	6024	
-0.678944	-0.642715	6618	
0.711994	0.346773	2525	
0.683100	-0.500377	2775	
0.045257	0.330484	2319	
-0.169281	0.918463	5413	
-0.277464	0.456338	1126	
0.289619	-0.950175	6496	
-0.811536	0.385479	1180	
-0.326013	-0.119037	766	
-0.275186	0.424378	4569	
-0.427072	0.527788	1462	
0.040139	-0.669704	4934	
-0.004928	0.681432	4220	
-0.233985	0.758086	2583	
-0.431450	-0.073299	2009	
-0.540488	0.698243	5071	
-0.206550	-0.138731	924	
-0.861204	-0.238966	6051	
-0.518246	-0.593249	5361	
-0.495153	0.475857	5104	
-0.097927	0.874951	2169	
-0.116052	-0.277364	6590	
0.535331	0.836642	6726	
-0.209326	-0.205532	320	
-0.777040	-0.614251	6498	
0.667052	-0.736165	6192	
-0.226744	0.339596	1899	
-0.201688	-0.199734	424	
0.352577	-0.139978	2564	
