time = 10.4	Re = 90
0.907589	-0.063079	2882	
0.493054	0.452739	1874	
-0.347335	-0.870873	6417	
0.026634	-0.273404	2410	
-0.621882	-0.573466	1484	
-0.118590	-0.787802	3333	
0.002456	0.393920	3582	
-0.640884	-0.455563	1255	
-0.414253	-0.685277	736	
0.464471	0.435569	2519	
-0.703418	0.222213	1991	
-0.713015	-0.295667	1064	
0.124082	0.255991	1803	
-0.107610	0.752634	5908	
-0.351121	0.686777	3189	
-0.144722	-0.348751	3702	
0.438989	-0.796845	4476	
0.607096	0.720325	6358	
0.016688	-0.929015	4566	
0.457712	0.432027	2519	
0.142929	0.687094	3800	
-0.399358	-0.165431	6175	
-0.144902	0.331308	3688	
0.008127	0.375833	556	
-0.085215	0.641139	4697	
0.243261	-0.847046	5545	
0.441524	-0.462389	6087	
0.236737	-0.072355	6747	
0.093031	-0.864907	2904	
0.408272	-0.011434	656	
0.918342	0.207327	6711	
-0.062622	-0.345501	6749	
-0.689767	-0.557146	5419	
-0.644650	0.468923	2372	
-0.571986	0.405669	931	
-0.036252	-0.324003	2134	
-0.783730	0.016119	1030	
0.887896	-0.302661	3942	
0.962571	-0.006474	587	
-0.223890	0.076247	476	
-0.029906	0.340872	2131	
0.366010	0.192441	4748	
0.263322	0.611347	3278	
-0.136207	-0.339560	4276	
0.508207	-0.392690	3613	
0.231612	0.599478	4246	
0.120840	-0.322964	3161	
-0.669483	0.475191	5150	
0.346761	0.065770	2936	
0.620511	0.697705	6739	
0.486580	-0.444416	1335	
-0.662135	0.478916	2372	
-0.316134	0.159245	1527	
-0.263532	-0.397987	830	
0.467456	-0.689463	1816	
-0.830189	-0.125685	1788	
-0.823543	0.090949	4483	
0.391037	0.881827	6602	
0.374842	0.057158	758	
-0.257862	-0.346022	2122	
-0.373217	0.362154	1914	
-0.777407	-0.282931	6771	
-0.331390	-0.002583	4955	
0.683082	0.069928	4531	
0.857448	-0.205438	3514	
0.964853	-0.093630	5979	
0.250338	-0.791652	5233	
0.194197	0.291064	2644	
0.954571	-0.179609	6608	
-0.425676	-0.105710	2507	
0.233497	-0.094313	6594	
0.622102	-0.140628	5327	
0.917669	0.357230	6081	
-0.247957	0.069472	6899	
-0.735214	-0.137589	444	
-0.376651	0.286184	2050	
0.211686	-0.768170	2869	
0.936781	-0.168748	5753	
0.198002	-0.238973	2260	
-0.173914	-0.436054	4565	
0.863933	-0.171582	3541	
0.092342	0.680196	2254	
-0.608329	-0.529967	2841	
0.178138	-0.774959	2011	
0.602665	0.756619	6124	
0.331383	0.545832	2417	
0.122095	0.244111	6391	
-0.634307	-0.611530	284	
-0.144666	0.623370	3734	
-0.023100	-0.834746	5112	
0.494602	0.505282	947	
-0.246620	0.663576	2224	
-0.143893	0.753550	940	
0.021184	0.277014	693	
0.214988	0.388470	4078	
0.299842	-0.902205	4139	
-0.207035	0.296442	3526	
-0.309564	-0.774405	4905	
0.154328	-0.174113	314	
0.214781	-0.855469	5740	
-0.395870	0.597140	3775	
-0.313837	0.634782	1666	
0.416157	0.001526	2976	
0.195413	0.371162	2947	
0.076655	-0.330321	2422	
0.432026	0.866819	6778	
-0.076097	0.418604	4241	
-0.504541	0.450183	6374	
-0.398940	0.284936	2649	
-0.394428	0.009641	2268	
0.643022	0.716345	6665	
0.536961	-0.625857	4226	
0.235405	0.245273	2100	
-0.619011	-0.585112	2013	
-0.671685	-0.605311	5536	
0.265541	-0.131717	6164	
-0.395728	0.242154	5281	
-0.341403	0.307422	5005	
0.536686	-0.641413	4226	
-0.077254	-0.797043	4990	
0.256969	-0.938347	849	
-0.405607	-0.794837	4733	
0.854177	-0.349549	4395	
-0.849827	-0.236782	5117	
-0.541435	-0.563151	6838	
-0.299960	-0.103973	654	
-0.414288	0.170338	2245	
0.251713	-0.849007	5545	
-0.444432	0.631213	2920	
-0.708329	-0.292310	1064	
-0.596469	-0.664844	4692	
0.238697	0.104645	5879	
0.638761	-0.132370	5327	
0.651576	0.251596	2297	
0.489478	-0.640109	4457	
-0.552240	-0.327334	2773	
0.138181	0.395371	2686	
-0.715965	0.102756	658	
-0.583745	-0.394922	6076	
0.871266	0.395995	5527	
-0.607578	0.543263	3052	
0.728211	-0.599756	4433	
0.643420	-0.595541	3916	
-0.759821	0.305881	4008	
-0.407354	0.262787	1938	
0.789364	-0.373968	2569	
0.221388	0.609527	2782	
-0.839856	-0.316335	322	
-0.373373	0.355760	1914	
-0.180601	-0.832312	2229	
-0.238782	0.108419	6211	
-0.149283	-0.797513	1609	
0.353422	-0.028839	2573	
0.225710	-0.957365	5974	
-0.690830	-0.339666	5209	
0.245577	-0.822516	5697	
-0.475517	0.114306	1685	
-0.308223	0.655346	4900	
-0.072621	-0.858072	4571	
-0.226064	-0.764600	4722	
-0.638850	0.384448	992	
0.438985	0.453235	1872	
-0.033121	-0.353359	2864	
-0.387532	0.339178	2186	
0.223751	-0.030698	362	
0.527613	-0.773156	6368	
0.876155	0.275849	6290	
0.102119	0.212922	6756	
-0.214253	-0.336471	2045	
0.043726	0.367027	628	
-0.737436	-0.356268	5465	
0.567394	-0.601318	3668	
-0.273729	-0.046639	6773	
-0.811119	0.073547	4100	
-0.249245	0.236517	2319	
0.091800	0.745155	2452	
0.031170	-0.831228	4338	
-0.533207	0.457125	6166	
-0.250598	0.051520	1267	
-0.724011	-0.532609	5407	
0.431166	0.855676	6896	
-0.093718	0.474969	1023	
0.235742	-0.105494	6594	
0.667895	-0.502154	4877	
0.485426	-0.648786	4457	
0.717094	-0.447993	5446	
-0.341638	0.202957	3383	
0.311994	0.211937	2564	
-0.706179	0.188028	620	
0.115974	0.702877	3783	
-0.694447	-0.057511	4908	
-0.483318	0.575146	4863	
0.367887	-0.535078	3440	
-0.800388	-0.328129	5397	
0.889922	0.224235	4412	
0.611558	0.704182	6739	
0.158260	-0.240848	6212	
-0.668640	0.355906	553	
0.098731	-0.219420	361	
0.969059	0.113326	6336	
-0.095599	0.276362	6525	
0.713626	-0.588013	4455	
-0.684234	-0.493371	5762	
-0.274722	-0.799315	4444	
0.254482	-0.238102	3219	
-0.256699	0.060833	1267	
0.308903	0.212529	2564	
0.136764	0.212863	665	
-0.130254	-0.951030	6696	
-0.428568	0.669379	3768	
-0.400227	-0.108829	1929	
-0.075119	-0.655863	2004	
0.226458	-0.155442	4458	
-0.128214	-0.391267	1972	
0.302573	0.615596	4845	
-0.053619	0.428499	4817	
-0.652839	0.442987	779	
-0.342688	0.679203	3189	
-0.461426	0.548867	2430	
-0.057950	0.667049	4797	
0.589142	0.726688	4407	
-0.736364	0.261568	2625	
0.866504	-0.064111	1856	
0.135982	-0.311277	3140	
0.737447	0.614896	6235	
-0.422025	-0.188959	6201	
0.582694	0.321946	6174	
-0.679712	0.248593	580	
-0.398589	-0.762435	1768	
0.352402	0.903000	6879	
-0.808848	-0.138183	1436	
0.368515	0.217268	4720	
-0.259666	-0.065227	6147	
0.510174	0.515663	947	
0.074033	-0.789571	5787	
0.199210	-0.094709	3793	
0.335795	0.091724	3062	
-0.216942	0.114534	6892	
0.489087	-0.648063	4457	
-0.590839	0.567000	5274	
0.526104	0.409994	3601	
0.326110	0.919288	6649	
-0.383796	0.267885	1318	
-0.619004	-0.697614	5246	
-0.421394	0.187093	2245	
-0.609301	-0.691625	5289	
-0.673757	0.105243	3243	
-0.044165	0.451256	4883	
-0.182854	-0.280470	1763	
-0.513182	0.486937	975	
0.966722	0.146236	6305	
-0.192494	0.437446	1319	
0.125864	0.303686	3017	
-0.315749	-0.037471	2003	
0.962059	-0.006393	587	
-0.031016	-0.795649	4648	
0.705752	-0.541333	3212	
-0.380124	0.636191	2747	
0.266108	0.649383	1543	
-0.475950	-0.826299	5847	
-0.100508	-0.363946	3700	
0.416784	-0.680943	5013	
0.056302	0.316549	4633	
-0.356097	-0.017534	2522	
-0.521582	0.582529	2875	
-0.767957	-0.457074	1180	
0.888959	-0.285273	6140	
0.810220	-0.258805	4762	
-0.282478	0.074505	4319	
-0.808633	0.012182	1059	
-0.197679	-0.901572	5033	
-0.490193	0.435339	601	
0.668961	0.058231	3957	
-0.589699	-0.560542	5807	
0.623655	0.131347	2307	
0.255535	0.131020	401	
-0.642066	0.250863	4521	
-0.261684	-0.823507	6079	
0.682756	0.685230	746	
-0.375021	-0.842405	5626	
0.093684	0.692779	2254	
-0.105383	0.675305	4893	
0.885221	-0.068794	1783	
0.225472	-0.085834	5765	
0.884855	-0.246339	4376	
-0.462833	0.554958	2430	
-0.555877	-0.437352	6575	
-0.318262	0.148799	5400	
-0.224679	0.030475	2306	
-0.163290	-0.946999	547	
0.766809	-0.386593	5661	
-0.492682	-0.241929	6493	
0.961024	0.254482	6489	
0.016907	-0.977802	1206	
0.764728	-0.325793	5544	
-0.192156	-0.799304	1804	
-0.295440	-0.044111	1631	
-0.262678	0.311090	1748	
0.028785	0.701498	6439	
0.254848	0.626284	4293	
-0.444662	0.275896	1382	
-0.160803	-0.412316	4362	
0.507739	0.437894	4068	
-0.220018	-0.795877	5852	
0.684816	-0.011415	4939	
0.363551	0.236143	4720	
-0.677111	-0.602516	5536	
-0.736451	-0.080059	502	
-0.141594	-0.388671	1971	
-0.416062	-0.710910	1048	
0.143237	-0.853758	6453	
-0.871702	-0.166246	5235	
0.034877	-0.805779	4702	
0.063471	0.673483	2096	
-0.307308	-0.025430	3794	
-0.644784	0.400297	1268	
0.241974	0.138030	500	
-0.682265	-0.251107	5451	
-0.152932	-0.841007	3717	
0.162666	0.175132	6903	
0.313648	0.020905	1844	
-0.270480	0.292996	5596	
0.520500	-0.410904	4630	
0.193050	-0.808712	3622	
0.022615	0.314489	3217	
0.605941	-0.605327	4399	
0.056612	0.630123	5550	
-0.014877	0.467154	4866	
0.456253	-0.471360	4540	
-0.729204	-0.287010	6284	
-0.227778	-0.435323	1212	
-0.818675	0.069840	4100	
0.659666	-0.515713	4877	
-0.151203	0.684587	1005	
0.229484	-0.176691	304	
0.098580	0.265987	2162	
0.967856	0.208379	6722	
0.635660	-0.756968	711	
-0.699318	0.264728	1349	
-0.090717	-0.250024	634	
-0.731827	0.138473	564	
-0.200266	0.229181	2205	
-0.346697	0.712507	4678	
-0.584572	-0.568963	1536	
0.599691	0.749092	6124	
-0.024158	-0.910439	5560	
-0.165587	0.700751	1005	
-0.737125	0.113493	583	
-0.018048	-0.908092	5560	
0.323127	-0.859152	3539	
0.127023	0.276650	1852	
0.960685	-0.186576	6500	
0.138719	0.410936	3169	
0.732891	-0.515756	3602	
0.953479	0.222395	1240	
0.007598	0.732047	6455	
0.322240	-0.778300	1427	
-0.344675	-0.114462	6155	
-0.420759	-0.208134	4157	
0.750664	-0.427443	1458	
0.666337	0.658209	4449	
0.371880	-0.914201	6255	
0.774544	-0.350002	2180	
-0.453100	0.108114	1359	
-0.766820	-0.232943	1573	
0.329076	0.523801	2481	
-0.745808	-0.315421	5426	
0.505029	0.522673	947	
-0.687870	0.254877	580	
-0.603699	0.451183	536	
0.630442	0.157222	2703	
0.088933	0.426049	4083	
-0.875038	-0.087849	5100	
0.910813	-0.212155	4468	
-0.543967	0.582793	3406	
0.731746	-0.621162	5518	
0.789618	-0.501160	6554	
-0.721923	-0.503603	5140	
-0.306536	0.403125	2809	
-0.499171	-0.015092	4585	
0.912787	0.056091	3605	
0.217851	-0.072568	5765	
-0.194046	0.741028	915	
-0.228196	-0.395972	1015	
-0.771718	-0.466581	1180	
-0.813154	-0.048076	4470	
-0.290370	-0.606740	4703	
0.606114	-0.702573	413	
-0.318811	0.163004	1527	
-0.441150	0.242749	3493	
0.621801	-0.244390	3414	
-0.329761	0.018057	5025	
-0.373280	-0.854026	6505	
0.361307	-0.705486	5207	
-0.028146	0.336679	2131	
-0.235567	0.711938	2117	
-0.001011	-0.949827	802	
0.252602	0.206462	6770	
-0.246274	0.267331	2968	
0.946938	-0.127643	521	
0.406988	-0.695078	4870	
-0.028947	-0.244372	914	
-0.761354	-0.137467	892	
0.380129	-0.877263	612	
0.240935	0.317669	494	
0.826308	0.438503	6810	
0.269012	0.677273	1568	
-0.457577	0.658139	4007	
0.191955	-0.238950	2110	
-0.249385	-0.387966	1003	
-0.519543	0.425641	5913	
-0.275264	-0.729038	4642	
-0.261351	0.376806	3532	
-0.129085	0.385609	4705	
0.395705	-0.017513	1294	
0.462061	-0.474422	4540	
-0.262079	-0.360501	2584	
0.394769	-0.851634	273	
0.007652	0.645986	6402	
-0.287386	0.658203	2119	
0.266608	-0.749308	3434	
-0.422213	0.623735	2280	
0.018175	-0.257124	308	
-0.054191	-0.952410	6236	
-0.399579	-0.151999	6175	
0.657330	0.223925	4290	
-0.460768	-0.190103	6249	
0.791390	-0.412502	2954	
-0.390958	0.665138	4357	
-0.237847	0.686071	1572	
-0.877235	-0.069517	5063	
0.562294	0.359862	3767	
-0.730701	0.402551	5220	
-0.090724	-0.659770	4576	
-0.813410	-0.276534	545	
-0.413675	-0.698786	736	
0.598466	0.220867	5657	
0.531085	-0.685881	3446	
-0.371447	0.546400	2308	
-0.685395	0.098766	3243	
-0.800224	-0.047685	1407	
-0.735931	-0.228021	429	
-0.727017	0.090398	4054	
-0.041262	-0.813321	5181	
0.290201	-0.242435	6119	
-0.766782	-0.327777	4805	
0.280377	0.590365	2880	
0.003423	-0.307886	2462	
0.711252	-0.516217	4876	
0.221416	0.651184	3858	
-0.049438	-0.774292	4740	
-0.328264	0.722917	4995	
0.828983	0.334116	2818	
-0.316406	0.067265	5331	
-0.270694	-0.888382	6144	
-0.137114	-0.883831	5195	
0.176647	0.201460	6748	
0.190154	0.346589	666	
-0.051381	0.402956	4345	
-0.088152	0.330804	2405	
-0.741308	-0.459971	5884	
-0.460622	0.199921	2213	
-0.600955	-0.700358	946	
0.811943	-0.495629	576	
-0.112342	0.748245	5908	
-0.814328	-0.098580	1680	
0.831115	-0.235219	1372	
0.959131	-0.089588	448	
0.230970	0.385487	983	
0.265689	-0.018822	6913	
-0.603784	0.486007	1912	
-0.373898	0.340965	1914	
0.612871	-0.669354	3981	
-0.454917	-0.150644	1461	
0.823770	-0.515297	576	
0.237451	-0.231362	6654	
-0.447686	0.209482	2213	
0.454895	-0.685767	2018	
-0.053092	0.246212	1167	
0.197384	-0.136036	4155	
0.295661	0.157017	2504	
0.631959	-0.041435	5461	
-0.122741	0.717304	846	
0.322025	0.651716	1505	
0.930732	0.237221	899	
-0.230865	0.246337	2325	
-0.400738	-0.835505	5543	
-0.020192	-0.258325	6078	
0.259152	0.610656	3278	
0.394120	0.011028	902	
-0.438362	-0.062832	1673	
-0.321762	0.201455	2922	
0.692632	-0.618908	5248	
-0.157489	-0.954230	5861	
-0.240302	0.105470	6211	
-0.087898	0.298704	6627	
-0.302718	-0.923471	6142	
-0.051253	-0.842286	5260	
-0.791740	-0.071088	6062	
-0.350302	-0.117690	6155	
0.122252	0.612431	882	
0.682539	0.633463	4331	
-0.433529	0.567851	2884	
0.879588	0.428302	288	
-0.668517	-0.495724	5803	
-0.523955	0.510995	6231	
0.936289	-0.069527	6842	
-0.091751	0.423831	4233	
0.630627	0.008083	2356	
-0.229194	0.259053	2968	
0.199557	0.640708	2755	
0.775178	-0.350009	2180	
0.287898	-0.786548	1532	
-0.137483	0.742105	940	
-0.276133	0.673907	1706	
0.414929	-0.713517	1795	
0.671602	-0.637058	6541	
-0.088636	-0.260553	6382	
-0.138389	0.755419	5660	
0.534223	0.325758	4432	
0.911924	0.080185	4503	
0.861181	0.227547	3069	
-0.443450	-0.826024	5224	
0.007179	-0.960563	802	
-0.605144	0.399166	538	
0.244691	0.070837	472	
-0.304971	0.344141	2544	
0.878412	0.180507	3363	
-0.322889	0.580914	4173	
0.653637	-0.134951	3583	
0.109542	-0.276948	563	
0.150225	0.261252	2211	
0.395952	0.560436	5129	
0.040799	0.620469	6107	
0.364976	-0.144497	3802	
0.171636	0.330328	6296	
-0.722185	-0.364248	5277	
0.134870	0.373580	2265	
-0.462859	-0.818894	6446	
-0.639627	0.471554	2372	
-0.294183	-0.610287	1889	
-0.277910	0.107047	4350	
-0.428479	0.581543	2884	
0.191433	0.319063	5971	
0.245988	0.231871	1950	
0.153697	0.279482	2174	
-0.109700	0.644280	4169	
0.545458	0.782507	347	
0.206325	0.181106	481	
0.338139	0.630279	1471	
-0.469962	-0.818722	6446	
0.296931	0.585436	3331	
0.300572	0.308781	618	
-0.739691	-0.495103	5714	
0.960036	0.074526	6309	
-0.345610	-0.848565	5540	
0.882112	0.008447	2501	
0.944025	0.067821	6205	
-0.770776	0.091409	621	
0.836221	-0.158986	2991	
0.793437	-0.405281	2954	
0.749219	0.585470	445	
-0.082690	0.731384	696	
-0.210113	0.172005	5656	
-0.848248	-0.032691	2446	
-0.254301	0.379689	3106	
0.461021	-0.857760	5984	
-0.554081	0.507432	602	
-0.217968	-0.831772	5972	
-0.225838	0.096628	6351	
-0.461142	-0.169137	6712	
0.358533	0.013480	4177	
-0.425909	0.201885	2604	
0.616917	0.741620	6188	
0.752592	-0.459824	5593	
-0.319474	0.037063	4667	
-0.375736	-0.047296	1782	
0.882024	-0.154680	4312	
-0.753547	-0.350250	5479	
-0.763787	0.132972	1493	
-0.594054	-0.375981	5685	
0.278919	0.328658	705	
0.549447	-0.334818	5040	
0.478674	-0.850368	5984	
0.300328	-0.135193	918	
-0.660337	0.404011	1109	
-0.288391	-0.901418	764	
0.079798	0.729733	2716	
-0.267164	0.349021	5290	
0.875659	-0.247759	3586	
-0.433844	0.208916	2604	
-0.135954	-0.937876	6696	
0.232814	0.161554	1094	
-0.690948	-0.292320	5958	
-0.302801	-0.751948	4713	
-0.017042	0.273343	5923	
-0.142192	-0.838575	3871	
-0.265338	-0.447226	5719	
-0.399281	-0.851641	5543	
-0.300294	-0.055643	1631	
0.494792	0.861962	6028	
0.825725	0.351757	3456	
0.791690	-0.525873	6098	
0.621870	0.706205	6794	
-0.225005	-0.766726	5932	
-0.117850	0.697063	4116	
-0.483128	0.007912	4492	
-0.024878	0.366341	2931	
-0.706525	-0.312370	6208	
0.555476	-0.818967	6478	
0.575529	-0.683055	3683	
0.972519	-0.049542	610	
-0.765099	-0.218028	1982	
-0.366053	-0.145504	6501	
-0.060622	-0.238713	315	
-0.834227	-0.189088	1794	
0.058161	-0.659122	4307	
0.511242	0.433111	4068	
0.108527	-0.912876	5973	
-0.433847	0.665875	3768	
-0.294912	0.264414	4058	
0.236696	-0.030861	6904	
-0.386353	-0.796476	4986	
-0.035205	-0.882830	5489	
0.317548	0.154829	3464	
-0.808089	-0.334687	5397	
0.192335	-0.786761	2956	
-0.145174	0.282847	2310	
-0.008210	0.740722	3838	
-0.220833	0.196461	3604	
-0.354149	-0.873315	6417	
0.344906	0.173841	4240	
0.142365	-0.301453	6535	
0.167289	-0.250587	6590	
0.492505	0.829254	6817	
0.415264	0.056812	2741	
0.121074	0.661132	2705	
-0.532745	0.568037	2893	
0.080333	0.695792	2126	
-0.418916	0.200390	2604	
-0.188187	0.671837	962	
0.365274	0.609731	1482	
-0.471472	0.240680	2933	
-0.736656	0.276312	2249	
0.507083	0.366219	3740	
0.194494	0.659595	4257	
-0.762857	-0.374437	5553	
0.088611	-0.327486	2087	
-0.141031	0.411607	2300	
0.302031	-0.755570	5177	
0.787617	-0.418895	3598	
0.853905	0.427327	5222	
-0.302264	-0.110635	654	
0.915326	0.232632	4424	
0.192997	-0.863626	3766	
0.642653	0.052258	2865	
0.594485	0.235075	1132	
-0.756330	-0.216241	781	
-0.229924	0.152778	3313	
0.265789	0.177325	1701	
0.941762	-0.264517	2681	
-0.708635	0.328381	1137	
0.165320	-0.159092	3923	
-0.508260	-0.604259	1330	
0.233266	-0.301056	5949	
-0.714508	0.405328	3257	
0.810694	-0.329614	2860	
0.553504	-0.349732	4481	
-0.253125	0.058312	1267	
-0.279906	-0.425729	4303	
0.346834	0.134354	4746	
0.692777	-0.010347	4939	
0.356594	0.041160	758	
0.018391	-0.935706	4566	
0.234200	-0.028386	362	
-0.264968	-0.067314	6101	
-0.178993	-0.912529	5033	
-0.725508	-0.022581	5901	
-0.249972	-0.388113	1003	
0.650980	0.266611	2297	
-0.491658	0.194807	2764	
-0.705331	-0.303998	6208	
-0.460993	0.537285	4730	
-0.196285	0.420465	5801	
0.117615	0.613234	889	
-0.445332	0.042131	4414	
0.012524	-0.381804	6198	
0.948833	0.153703	6492	
0.893644	-0.245396	4376	
0.483009	-0.809881	6395	
-0.167552	-0.942765	547	
-0.776342	-0.461484	1180	
-0.552960	-0.581401	6423	
-0.180058	0.626924	532	
0.246548	-0.154703	4490	
-0.188555	-0.312923	1867	
-0.063385	0.313166	6506	
-0.525109	0.491086	1431	
-0.747182	-0.001449	949	
-0.739076	0.162807	403	
0.322856	-0.197101	3576	
0.401091	-0.698221	4870	
0.546067	0.354437	3421	
-0.530865	0.577509	3406	
0.165196	0.728837	1913	
-0.623613	-0.488460	5600	
0.086406	-0.342785	2422	
0.694312	-0.623574	5248	
0.827502	-0.316483	2529	
-0.298122	-0.052425	1631	
0.023022	-0.798344	4702	
0.445022	0.443096	1987	
-0.493883	-0.630884	1681	
0.575156	-0.646395	3670	
0.917471	-0.143976	5833	
0.211749	0.689569	1661	
0.095776	-0.880405	2619	
0.967785	-0.033553	6449	
-0.231145	0.283965	3469	
-0.385562	-0.822959	5053	
0.062955	-0.928837	5039	
-0.861413	-0.156927	5235	
0.798770	0.490392	6563	
0.842880	0.387020	5781	
-0.519209	0.049811	1292	
0.046017	-0.347229	6621	
0.420921	-0.491519	6036	
0.059626	-0.258380	414	
-0.068534	-0.915022	4737	
0.666392	0.197054	3789	
0.344631	-0.178140	3594	
-0.712197	0.297076	1275	
-0.063069	0.213297	822	
-0.782322	-0.180863	1327	
-0.246293	0.644886	4135	
0.466186	0.476197	4674	
-0.046927	-0.803932	5181	
0.461257	-0.701610	2590	
0.018894	-0.916685	3546	
-0.011163	-0.843439	5122	
0.226027	-0.057542	6567	
0.162466	0.268688	2211	
0.070227	-0.284935	6450	
0.139096	-0.650417	3050	
-0.784586	-0.177576	1865	
0.214253	0.387424	3338	
0.930336	-0.076028	6842	
0.153578	0.601004	835	
0.121723	0.736599	2158	
-0.322703	-0.033152	2269	
-0.655470	-0.428903	923	
-0.326563	-0.013891	4517	
0.248219	-0.785386	5474	
-0.582655	-0.532513	6476	
0.595971	0.223379	1125	
-0.805752	0.079974	4483	
0.166164	-0.637652	5046	
0.918162	0.069933	4661	
0.246667	-0.067763	6747	
0.483731	-0.414988	1411	
-0.347725	0.328039	1858	
-0.218287	-0.387875	1113	
0.235826	0.627718	3222	
-0.259373	0.037983	1050	
-0.289501	-0.609654	4703	
-0.196519	0.107442	1020	
0.103210	0.689896	2254	
0.395182	-0.074776	778	
0.242672	0.950184	6596	
-0.190896	0.682096	962	
0.775864	-0.512044	5862	
-0.368137	0.608587	2193	
-0.782829	0.229848	4615	
-0.716346	-0.075876	344	
0.791593	0.424577	3400	
-0.621435	0.442989	608	
0.545367	0.411345	3403	
-0.146590	0.350941	5477	
-0.625306	0.435061	608	
-0.159300	-0.266206	1895	
0.366700	0.127659	4785	
0.684336	-0.466379	3785	
0.642336	-0.747844	2671	
-0.209472	0.321495	5436	
-0.217560	-0.798497	5852	
0.270407	-0.923498	5947	
0.912192	0.041307	2944	
0.381128	0.548624	3429	
-0.143695	0.726905	701	
-0.832047	-0.229494	2710	
0.311800	0.542643	1954	
0.417369	-0.716745	1512	
0.333715	-0.146148	2384	
0.337927	0.568206	2939	
0.946464	0.121442	1000	
-0.270208	0.024729	6390	
-0.749974	-0.190753	394	
-0.256067	0.208993	1450	
-0.161507	0.428059	5909	
-0.461977	0.517218	4731	
0.231075	-0.092849	6594	
0.409220	0.056822	2200	
-0.289009	0.160787	4742	
-0.080729	0.343777	1800	
0.380270	0.076476	1304	
0.115109	-0.778996	999	
-0.793268	-0.421069	1174	
-0.235499	0.596623	3184	
0.833582	-0.505517	329	
0.025672	-0.797534	4620	
0.568581	0.326475	4121	
0.135577	0.340595	589	
-0.537395	-0.670705	5192	
-0.097956	0.332809	2405	
-0.719424	-0.280595	6284	
0.095251	-0.859192	6109	
-0.091721	-0.246961	634	
0.372010	0.906747	5981	
0.921975	-0.064512	3256	
-0.359688	-0.182986	4113	
-0.471312	-0.649921	4413	
0.436322	-0.861861	6591	
0.804541	-0.470795	5856	
0.667308	0.094561	4351	
-0.749353	-0.198796	781	
-0.346177	0.005883	4955	
-0.226807	-0.747363	5712	
-0.110676	-0.405833	1963	
-0.451523	0.525898	4731	
-0.470512	-0.000437	4492	
-0.632985	-0.654017	6552	
0.781514	-0.557217	6688	
-0.015935	-0.368663	514	
-0.411931	0.304702	3736	
0.132923	-0.913715	6106	
-0.617511	0.376306	650	
-0.160482	0.186782	6869	
-0.024728	-0.969715	6789	
0.625606	-0.076996	5410	
-0.299887	0.188446	5639	
0.117606	-0.871807	5817	
-0.828758	-0.052803	1848	
0.095498	0.210317	6756	
-0.751372	-0.403567	5405	
-0.275363	0.427561	1657	
0.067310	0.620870	546	
-0.427064	-0.765848	1857	
0.851011	0.349833	3829	
0.929227	0.192350	888	
-0.354484	0.025954	5123	
0.211430	0.126713	1161	
-0.005552	0.254039	948	
-0.296921	0.170617	4742	
-0.702711	-0.421691	1230	
0.120875	0.417227	2804	
-0.375590	0.276610	2050	
-0.395236	0.341858	2186	
0.271890	-0.594479	3088	
-0.551979	-0.290288	2773	
0.717578	0.672715	6459	
0.478623	0.424490	2510	
0.082764	0.448824	4067	
-0.268723	0.278271	5558	
-0.071087	0.723258	910	
-0.224227	-0.361132	1811	
-0.445507	-0.703606	416	
-0.487001	-0.015535	4347	
0.527113	-0.764879	4446	
-0.529175	0.500722	6229	
0.105320	-0.221649	1164	
-0.234295	-0.379414	911	
0.048784	-0.976015	6507	
0.035832	0.244284	5954	
0.001446	-0.343210	5211	
0.361269	-0.861888	4599	
0.142023	-0.799636	6075	
0.223586	-0.903739	6819	
0.178475	-0.193226	6461	
0.834569	-0.357012	3896	
-0.701166	0.189126	620	
0.619024	0.106959	5859	
0.347472	-0.761630	1578	
-0.127625	0.623413	4152	
-0.610815	0.397656	538	
-0.842552	0.065934	4669	
-0.792766	-0.360653	1841	
-0.033575	-0.891144	5489	
-0.115374	-0.907858	4256	
-0.660857	0.313203	687	
-0.705934	0.095794	4096	
0.593279	0.312621	3000	
-0.542612	-0.774104	397	
0.430251	-0.515420	6084	
-0.303783	0.347284	2544	
0.578840	-0.728251	316	
-0.501447	0.152064	1533	
0.951269	-0.162244	6171	
0.807189	-0.301327	2725	
0.490039	-0.657904	1653	
0.871524	0.084083	2953	
0.891387	-0.426089	6440	
-0.320716	-0.411110	2839	
-0.100929	0.471672	969	
0.644855	0.015013	2928	
-0.622859	-0.544816	1594	
0.167797	0.409994	3227	
-0.664103	-0.509873	5855	
-0.674583	-0.376099	557	
0.187338	0.174754	6912	
-0.425208	0.276537	1393	
0.228295	-0.895897	6340	
0.438692	-0.496286	6036	
-0.570273	-0.565182	6111	
0.236927	0.078181	472	
-0.087252	0.319377	6627	
-0.259219	0.610076	3650	
0.046485	0.304634	3755	
0.970002	-0.089840	5979	
0.609336	0.205489	2334	
-0.815748	0.091231	4483	
-0.604107	0.391304	538	
0.518986	0.436996	4068	
0.332577	0.211171	4049	
-0.237379	-0.781797	5932	
0.268646	0.244132	2378	
0.336733	-0.088476	2421	
0.046578	0.737481	5730	
0.688468	0.650567	418	
0.330620	-0.562334	3039	
0.464628	-0.465474	4540	
-0.763452	0.233804	4064	
-0.126892	0.686523	4116	
0.274095	0.951160	2735	
0.062336	0.437727	4556	
0.192479	0.691770	1806	
0.904787	-0.366065	535	
0.527438	0.417811	3403	
0.852314	0.396892	5686	
0.333186	0.527719	2481	
0.626454	0.253955	2962	
-0.628032	-0.611619	614	
-0.063174	-0.383469	5831	
0.057773	0.295942	3569	
0.042599	-0.911130	5147	
0.214723	0.236886	2120	
0.623084	-0.650247	4394	
-0.001085	-0.861675	3233	
-0.384757	-0.008270	2327	
0.497163	0.516737	947	
-0.108947	0.435499	3504	
0.354097	0.259673	4221	
-0.684369	-0.012488	4794	
-0.758221	-0.440947	1426	
-0.407770	0.059037	2808	
0.329587	0.571113	3353	
0.098809	0.409858	3652	
0.480418	-0.752364	3291	
-0.642463	-0.671289	2420	
0.865451	0.383592	5781	
0.650582	0.725540	6045	
0.844054	-0.454283	6577	
0.288816	0.173436	1802	
-0.378566	0.314683	1853	
0.365025	-0.051590	772	
-0.737313	0.319582	2719	
0.891055	0.358316	6715	
-0.657200	0.364985	553	
0.204700	0.197313	481	
0.019833	0.222758	3677	
-0.255541	0.199138	1446	
-0.347362	0.105744	5445	
-0.447357	-0.116065	2507	
-0.442556	0.287299	1714	
0.048992	0.363607	628	
0.861322	0.004068	4189	
0.283328	0.673582	4462	
-0.073298	0.218882	682	
0.251219	-0.195914	1603	
0.163503	0.686699	3845	
0.910584	0.182529	6339	
-0.679612	0.299756	565	
-0.541170	0.594609	5045	
0.375523	0.136522	752	
-0.482504	-0.693368	775	
0.286582	0.592214	2880	
0.764450	-0.614580	319	
0.130128	0.338893	589	
0.444217	-0.498213	6036	
0.685892	-0.477741	4875	
-0.398390	0.662917	4554	
-0.636973	-0.503539	5912	
-0.378542	-0.827983	5626	
0.595037	-0.771266	712	
0.668763	-0.599549	4014	
0.025563	0.671247	6427	
0.175641	-0.934796	689	
-0.589470	0.556100	3554	
0.829395	-0.239767	1372	
0.270586	-0.868550	3611	
0.275530	-0.115191	332	
-0.159139	-0.947737	547	
0.098370	0.315499	4373	
0.182442	-0.326901	5671	
0.031580	-0.814263	4702	
0.910295	0.045470	2944	
-0.113424	0.729758	678	
0.354058	-0.029399	2573	
-0.479967	-0.802833	6833	
0.122685	0.364251	586	
0.019431	0.232095	6259	
-0.186525	-0.848840	2229	
-0.457133	0.511465	3308	
0.935753	0.043513	4973	
0.669888	0.650967	4331	
-0.691529	0.349797	1139	
0.795128	-0.405008	2954	
-0.549841	-0.568130	6838	
0.031970	0.724566	5678	
-0.534310	0.484868	1431	
0.719748	-0.450017	5446	
0.940994	0.007320	6295	
0.870439	-0.198649	3514	
-0.632126	0.305121	4418	
-0.339506	0.253846	4927	
-0.114934	-0.412660	1945	
0.797639	-0.564860	925	
-0.334454	0.279080	1920	
0.105373	-0.912867	4314	
-0.463983	0.457813	5939	
0.821578	-0.361849	3667	
-0.284280	0.359701	3036	
-0.270295	-0.622290	1928	
0.095653	-0.282245	617	
0.158626	0.171441	6903	
0.084901	0.453821	4212	
0.022123	-0.922803	4243	
-0.823879	-0.314097	6134	
-0.755633	0.241395	2063	
0.603339	-0.669424	3773	
-0.508739	0.114884	4389	
-0.824967	-0.041577	4470	
0.668899	0.007344	3994	
-0.329762	-0.133425	6216	
-0.512362	0.443246	6374	
0.887628	-0.061441	2538	
-0.720882	-0.115234	4929	
0.609113	0.165604	5886	
-0.392228	0.287102	2636	
0.617422	-0.605331	4399	
0.331737	0.283588	3549	
-0.040509	0.717991	4101	
0.566926	-0.698315	3272	
0.501286	0.365833	3581	
0.054618	-0.936063	5467	
-0.240191	-0.354202	2122	
0.088613	0.284319	2104	
-0.692751	-0.263791	504	
0.288642	0.160383	1701	
0.211196	0.102525	364	
-0.250151	0.284594	5602	
0.791176	0.512312	6366	
0.860222	-0.141899	3864	
-0.792899	-0.040743	1282	
0.837436	-0.257791	4937	
0.495116	0.515587	947	
-0.136399	0.313408	2774	
-0.727851	0.069433	3043	
-0.026663	-0.902340	5560	
0.040779	-0.338303	6898	
0.662027	0.228548	4290	
-0.299802	-0.822768	4999	
0.599275	-0.209442	1378	
0.375715	-0.740683	1576	
-0.072099	0.409655	4241	
-0.222841	0.078748	476	
-0.132499	0.207440	6265	
0.509474	0.373041	3849	
0.112283	-0.645706	4273	
0.850641	0.428515	5222	
0.394446	-0.883619	312	
0.624785	-0.730456	1034	
-0.273293	0.220661	1450	
-0.825638	0.195540	5283	
-0.116309	-0.282622	6184	
-0.428621	0.026696	2191	
0.187317	0.723904	1883	
0.490960	0.536875	947	
0.003036	0.407104	4088	
0.151768	-0.167408	366	
-0.257582	-0.062191	6147	
0.831591	-0.258191	4937	
-0.255462	0.036089	1050	
-0.572024	0.454317	4172	
0.633841	-0.641189	4637	
0.405165	-0.042249	2299	
-0.785696	-0.307273	5113	
0.389378	-0.851623	273	
0.635627	-0.578171	3535	
0.537367	-0.658990	4651	
-0.130260	-0.344785	4276	
0.366115	0.209910	4748	
0.845991	0.395689	5686	
0.836089	-0.428462	725	
0.246249	-0.777805	5474	
-0.477780	-0.227538	6448	
-0.342325	0.064631	5127	
-0.253565	0.154507	5368	
0.321111	-0.189881	3576	
-0.163440	0.128147	331	
0.340177	0.645258	4890	
-0.426082	0.143352	2022	
-0.205279	-0.853513	4551	
-0.761319	-0.460029	1180	
0.109790	0.355055	586	
-0.254744	-0.851842	5825	
-0.260170	0.240936	2959	
-0.708818	0.283400	1275	
-0.804015	0.195073	5163	
-0.364678	0.022356	5123	
0.591557	0.380218	1859	
-0.491758	0.460936	6517	
0.866354	-0.160964	3541	
0.841390	-0.492663	526	
-0.331454	0.004348	4955	
0.137554	-0.171977	366	
0.567390	0.444003	5811	
0.852557	0.365588	3846	
-0.738541	-0.480871	6040	
-0.117745	0.617815	4152	
0.656488	-0.509689	4877	
-0.595938	-0.358551	6059	
0.059733	-0.301184	459	
-0.501862	-0.647384	4354	
-0.838166	-0.241972	2710	
-0.383022	0.308214	1801	
0.014565	-0.231884	323	
-0.717948	-0.464788	5134	
-0.789936	-0.388986	5666	
-0.410672	-0.729783	324	
-0.399414	0.252927	5308	
-0.273316	0.411961	3016	
0.122700	-0.290231	6168	
0.336091	-0.818401	3029	
0.587196	0.311509	6174	
-0.386075	0.232194	5452	
0.302223	0.602441	4845	
-0.446282	0.013280	3637	
-0.071510	0.650595	4718	
0.009414	-0.784434	2902	
-0.293559	0.083446	4475	
0.158572	0.175348	6903	
-0.004033	0.290989	6851	
-0.474531	-0.120069	1419	
-0.090548	-0.926689	4093	
0.320630	0.638455	1505	
-0.492966	-0.308282	3651	
-0.474593	-0.138434	1419	
-0.234730	0.311485	5350	
-0.169762	0.365358	5404	
0.758864	0.601269	445	
-0.203513	-0.417435	2215	
0.237714	0.664731	1635	
0.656240	-0.506155	4877	
-0.513021	0.488948	975	
-0.088604	-0.906477	4737	
-0.528286	0.457702	6166	
-0.694589	-0.267505	504	
-0.258285	0.217245	2319	
-0.598118	0.536775	3052	
0.248935	0.686474	1498	
-0.852276	-0.150661	5235	
0.607693	0.171705	5886	
-0.364886	-0.742745	1731	
0.781669	0.546804	684	
-0.200745	0.410665	5773	
0.264648	0.085833	6764	
0.268350	-0.259733	4247	
-0.799241	0.011692	793	
0.163044	-0.136408	3923	
0.733936	-0.553050	6280	
-0.065271	-0.884247	4695	
0.804486	0.398203	5883	
-0.497522	0.029304	5749	
-0.544241	-0.612461	5528	
0.978834	-0.001567	6338	
-0.769693	-0.434938	1426	
0.271505	-0.874144	3611	
-0.354444	0.606427	3371	
0.221351	-0.173906	389	
-0.712530	-0.555674	5556	
0.581996	-0.704754	333	
-0.674095	-0.615635	5582	
-0.406736	-0.759519	1766	
0.931748	0.332125	6056	
-0.277241	-0.087751	6154	
-0.497533	-0.732394	443	
-0.583641	0.536894	3554	
-0.071900	0.620903	4222	
0.344910	0.099535	3062	
-0.050393	0.348281	2385	
-0.284918	0.400990	3016	
-0.772234	-0.391356	3341	
-0.403945	0.278785	2649	
-0.188387	-0.957008	5965	
0.088618	0.321718	4230	
0.382774	-0.753295	2539	
-0.476081	0.575844	2270	
-0.741694	-0.011773	949	
0.264217	-0.883882	5635	
-0.652416	0.185871	5320	
0.339473	-0.108065	2421	
0.862919	-0.430287	540	
-0.158715	0.152382	6812	
-0.410846	0.591614	3775	
-0.443887	0.583388	2884	
0.008089	-0.284974	1644	
-0.564886	0.455144	4310	
0.718254	-0.476874	5655	
-0.843168	0.055619	4754	
0.427359	-0.508801	6084	
-0.249392	0.226370	2319	
-0.797780	-0.298765	5113	
-0.563334	-0.733744	6658	
-0.311163	-0.398673	1027	
0.301371	-0.796430	1475	
-0.679655	-0.409260	1230	
0.418480	-0.521073	3051	
-0.338502	-0.713481	1692	
-0.483121	0.563301	1992	
0.607751	0.310116	1160	
0.150548	0.322500	4201	
0.075994	0.281371	2393	
0.111616	-0.957331	625	
-0.709722	0.037435	5323	
0.862124	-0.081956	1856	
-0.719203	-0.512905	5140	
0.007306	-0.892872	4334	
0.096072	-0.834303	6083	
-0.693823	0.281130	721	
0.710930	-0.638416	6566	
0.923262	-0.270288	6698	
-0.292509	-0.399351	3718	
0.736916	0.618131	6235	
0.118447	0.336227	3703	
0.274479	-0.084496	3805	
-0.164383	0.175290	6841	
-0.077354	-0.839098	4597	
-0.286428	0.325060	2282	
0.939783	-0.247899	607	
-0.204374	-0.000833	2000	
-0.333700	0.150998	5164	
0.159826	0.643182	2739	
0.296802	-0.590231	3498	
0.583974	-0.782205	6477	
0.271468	-0.586187	2423	
-0.179368	-0.322115	2654	
-0.250885	-0.847181	6072	
0.619869	0.297990	5729	
0.127192	-0.913737	6106	
0.062809	-0.259524	414	
-0.461155	-0.051472	1989	
0.162043	0.299919	2794	
0.360248	-0.059048	772	
0.933215	0.039847	4973	
0.531313	0.462681	3448	
0.661596	0.107794	4351	
0.553965	0.423167	3744	
0.617574	-0.611487	4399	
-0.622945	-0.652490	6552	
0.196674	-0.206803	619	
0.865516	0.008268	2501	
0.153047	-0.874747	6458	
0.913986	-0.122036	3910	
0.150351	-0.295072	6167	
-0.428968	0.216445	3072	
-0.574417	0.565746	3438	
0.958733	0.212451	6722	
-0.243204	-0.420393	5395	
0.890969	-0.121495	3619	
-0.193876	0.232174	2205	
-0.015191	0.664309	4039	
-0.129975	-0.817540	1621	
-0.129384	-0.852152	4635	
-0.773328	0.175948	2653	
0.158054	-0.844147	4227	
-0.690843	-0.318511	5435	
0.068777	0.466563	5845	
-0.788945	0.233950	4899	
-0.681243	0.184789	5456	
-0.033022	0.305799	1256	
-0.577666	0.342835	5422	
0.233121	0.169235	1094	
-0.671705	0.162758	4159	
-0.685591	-0.629175	5943	
0.846176	-0.098434	4245	
-0.692939	-0.199985	5312	
-0.164454	-0.811581	2014	
0.469657	0.415875	3975	
-0.410480	-0.815246	5228	
-0.735832	-0.564453	5945	
-0.556388	-0.559273	6820	
0.841029	-0.172316	4958	
0.626508	0.239443	2634	
0.829549	-0.418117	3934	
-0.203726	0.342690	4896	
-0.100422	-0.898948	4256	
0.604455	-0.566223	3420	
0.802836	-0.414558	3598	
0.161281	0.654311	2739	
0.362866	0.156011	4771	
-0.494723	-0.603634	1435	
-0.544682	0.555866	2276	
0.605211	-0.205459	1156	
0.142759	0.680989	3800	
-0.721891	-0.428786	5358	
-0.176695	0.378171	5704	
0.011868	0.432704	4260	
0.581377	-0.289704	3982	
-0.465533	-0.049726	1989	
-0.109892	-0.319049	6362	
0.655429	0.012828	2928	
-0.459423	-0.713646	416	
0.374897	0.146541	752	
0.892760	-0.019039	2476	
0.128497	0.613922	882	
-0.170249	-0.928525	547	
-0.715390	-0.180043	660	
0.181472	0.245520	1826	
-0.412879	0.038027	2191	
-0.176176	0.356203	5718	
0.319430	0.195029	3572	
-0.200425	0.080429	3632	
0.682591	-0.038706	5120	
0.446467	-0.791982	4263	
0.005365	-0.320037	6408	
-0.152860	0.715273	1046	
0.450297	-0.815927	6803	
0.193071	0.126134	679	
0.354954	-0.163264	2545	
0.353348	-0.010572	3228	
0.045619	-0.221233	818	
0.856778	-0.432001	725	
-0.627360	0.271263	4574	
-0.032655	0.397080	4326	
0.603810	0.336560	1246	
0.910140	-0.034421	3263	
0.927286	0.163898	6625	
-0.191004	0.666522	962	
-0.160606	0.460258	6151	
0.928141	0.144898	6253	
0.754527	-0.429164	1458	
-0.307401	-0.809471	4922	
-0.240579	-0.011280	5948	
0.859750	-0.241101	3586	
-0.726262	-0.343718	5454	
0.615385	-0.277504	4021	
0.260250	-0.828286	5697	
-0.637165	0.453954	779	
-0.274618	0.345686	5632	
-0.735443	-0.172648	311	
-0.649440	-0.513637	5855	
-0.389133	-0.116034	5523	
0.779484	-0.409442	2954	
-0.504504	-0.604987	1330	
-0.280122	0.142828	5367	
-0.622297	0.351596	1099	
-0.568507	-0.578332	585	
-0.712122	-0.088719	502	
0.024177	0.706076	6439	
-0.541398	-0.288126	3359	
0.049828	0.385088	3158	
0.045169	0.643252	5550	
-0.560685	0.369379	4193	
0.260307	-0.086075	3805	
0.030298	0.726537	5678	
-0.797549	0.120042	3258	
0.824832	-0.300362	2529	
0.774296	-0.486338	5849	
-0.107172	0.275905	6525	
0.561228	0.374421	3767	
-0.041588	0.423572	4817	
0.619581	-0.767905	451	
-0.472785	0.130088	1759	
-0.598595	-0.510099	669	
0.394303	-0.733872	2001	
-0.222268	0.046939	358	
0.866699	-0.254899	3232	
0.257834	0.648527	4507	
0.646569	-0.529953	2201	
-0.709704	-0.158000	659	
-0.765026	0.023198	1087	
0.361061	0.554005	2970	
-0.280075	0.626304	4786	
-0.717988	0.393534	4923	
0.417233	0.582583	1203	
0.189885	0.394895	3338	
-0.791282	-0.371576	1841	
-0.754206	-0.253082	1582	
0.033038	-0.292603	282	
0.507265	0.443510	4068	
-0.112020	0.748089	5908	
0.031701	0.691358	5709	
-0.180275	0.102180	6470	
0.242772	0.700593	1893	
0.841300	0.481364	409	
-0.676824	0.133564	4727	
-0.334799	-0.737560	1940	
-0.571926	-0.697457	674	
-0.255364	-0.837168	6079	
0.146143	0.697336	3800	
-0.793487	-0.132205	1436	
-0.245189	0.263014	2968	
-0.677817	0.111310	3243	
-0.857866	0.084872	1719	
-0.415775	0.079471	1260	
0.107621	0.664622	2357	
-0.760928	-0.265158	6574	
-0.709286	-0.300767	5958	
-0.658235	-0.608951	5536	
-0.244316	-0.736880	4932	
0.264749	-0.143307	6516	
0.367852	-0.065505	4029	
0.909991	-0.244794	6141	
0.084118	-0.788045	5787	
0.559551	-0.688865	2975	
-0.503564	0.439608	601	
-0.537258	-0.282375	3359	
-0.496127	0.128543	4306	
-0.202058	0.331665	5436	
0.416965	-0.691611	4870	
0.278632	-0.171047	281	
-0.709217	-0.035533	4768	
0.778592	-0.313345	2434	
-0.465064	0.220689	2527	
-0.401969	0.677423	4554	
-0.296658	0.005483	4696	
-0.116019	-0.877671	5007	
-0.575819	-0.603452	6919	
-0.010262	0.690817	4040	
0.210385	-0.182834	310	
0.193608	-0.936707	355	
-0.643644	0.241842	4024	
0.660944	0.667133	4449	
-0.101245	-0.916573	4093	
-0.314291	-0.049633	1631	
-0.288976	-0.718228	5116	
-0.037105	-0.908641	5599	
-0.427665	-0.049860	1673	
-0.559926	0.412841	4313	
0.583769	0.382180	5791	
0.312295	-0.139228	2669	
-0.528610	-0.262103	6687	
0.413049	0.074473	3225	
-0.566285	-0.421459	6555	
-0.177943	0.329352	5688	
0.382103	0.562318	5129	
0.304149	-0.059101	5617	
-0.781768	0.145788	2261	
-0.294239	-0.398944	3718	
-0.441742	0.245326	3493	
0.356829	-0.770541	5315	
0.845586	0.403855	5820	
-0.577570	0.544195	2955	
-0.494495	-0.652517	4354	
0.867131	0.451252	2666	
-0.132317	0.442900	3412	
0.072763	-0.319772	2087	
-0.635443	0.451029	779	
-0.440943	-0.527600	1575	
-0.353906	-0.027479	1967	
-0.285285	0.058772	3801	
-0.442670	0.106469	1359	
-0.854700	-0.146512	5142	
0.205276	-0.920390	6226	
-0.285858	0.332769	2282	
0.162770	0.165714	852	
-0.452580	-0.195447	760	
-0.229531	-0.857318	3751	
-0.376602	0.104277	2557	
0.101526	0.646084	2108	
0.219440	0.375919	3457	
-0.020112	-0.399318	5919	
0.678190	0.641154	4331	
0.722891	-0.581022	4333	
-0.055360	-0.658677	5057	
0.718327	0.662888	2673	
0.326645	0.626440	1471	
0.302669	-0.169897	6220	
-0.372875	0.043851	5149	
-0.374139	0.052792	5149	
0.008341	-0.793487	4235	
0.530961	-0.789027	4886	
0.359153	-0.832506	3467	
0.673209	0.039269	4869	
0.398395	0.906775	5986	
-0.089020	0.716770	904	
-0.631292	0.494932	2232	
0.131141	-0.297832	6535	
-0.608139	0.396017	538	
-0.304139	-0.424753	3937	
0.864120	0.017697	2017	
-0.279624	0.327687	5632	
-0.724443	-0.250668	307	
-0.252903	-0.386085	1003	
0.020800	-0.913839	3546	
-0.624880	-0.645103	6552	
0.063881	0.760163	3208	
-0.339034	0.351646	2286	
-0.728204	-0.359458	5277	
-0.838288	-0.078204	2387	
-0.132145	0.211004	6265	
0.425764	-0.718705	1795	
0.271372	-0.815918	1716	
0.688819	-0.036678	5120	
-0.136544	0.670979	4149	
0.233022	0.260936	3027	
0.800229	0.427809	3400	
0.262160	-0.832706	5697	
-0.408639	-0.845564	6420	
0.227126	-0.128642	3220	
-0.259176	0.422833	2528	
0.571503	0.361025	3767	
-0.256937	0.354029	5290	
-0.181901	0.617936	532	
-0.736570	0.356398	3776	
0.028481	0.369105	789	
0.888840	0.353681	6715	
-0.357685	0.015349	4657	
0.880737	-0.255470	6482	
-0.058630	0.360481	2385	
0.159393	-0.765691	1942	
0.890701	0.216869	4412	
-0.730934	0.400408	5220	
-0.257988	0.700945	2275	
-0.106240	-0.822596	4831	
0.924194	0.101569	6562	
0.613007	-0.743964	1034	
0.274379	0.165822	1701	
-0.462523	-0.163147	1461	
0.874677	-0.328681	6377	
0.269993	0.141822	2155	
0.281742	-0.005092	433	
0.205280	0.234171	2120	
-0.671187	-0.424842	695	
-0.063378	-0.980715	6237	
0.338740	-0.100309	2421	
-0.393164	-0.867195	6505	
-0.757766	0.046686	603	
0.811996	-0.448011	3843	
-0.254075	0.306741	5596	
-0.150683	0.703431	3507	
0.017800	0.707652	6439	
0.073077	0.282430	2393	
-0.768636	-0.139654	1580	
-0.627450	0.429047	1031	
0.310531	0.056783	2194	
0.862886	0.381846	5781	
-0.255805	-0.889347	5837	
-0.616667	-0.598756	4839	
0.178311	-0.185116	415	
-0.805937	-0.416620	1830	
-0.624314	0.453641	608	
0.916313	-0.307217	720	
-0.781590	-0.057904	6067	
0.303240	0.672779	1828	
0.824760	0.438615	6810	
-0.176951	0.370412	5704	
-0.711304	0.401832	3257	
0.816551	-0.516563	6130	
0.043838	0.415010	4197	
0.683090	0.718114	6063	
-0.641861	0.478905	2372	
-0.027877	-0.947776	6529	
-0.109589	-0.847154	4811	
-0.273202	0.722496	2631	
-0.438105	-0.681496	4335	
-0.560085	0.393504	4377	
-0.676870	0.283585	721	
0.276956	0.070819	5401	
0.857805	0.225495	3069	
0.312739	0.002896	2145	
-0.717022	0.288226	1275	
-0.231848	-0.060865	6891	
-0.407360	-0.857283	6420	
-0.140098	0.367034	4158	
0.610733	0.328383	1246	
-0.422481	-0.001999	1966	
-0.128736	-0.844072	3871	
-0.148740	-0.283367	2302	
0.777371	0.556497	684	
0.568919	0.412878	5790	
-0.081821	0.330318	1800	
0.725184	0.588920	6494	
-0.692897	-0.157355	5104	
-0.269519	-0.909112	764	
0.225728	-0.609863	5291	
0.071934	0.448685	4556	
0.127603	0.670288	3049	
-0.239307	0.657918	4988	
-0.650712	-0.526648	1618	
-0.501285	0.611427	2825	
0.252414	-0.009688	513	
-0.145570	0.714122	3507	
0.683842	-0.571555	3555	
-0.129021	0.287308	2303	
0.177819	0.136378	3698	
0.403716	0.895401	5986	
-0.326776	-0.711949	1232	
-0.612090	0.295478	4234	
0.491339	-0.816749	6343	
-0.752036	-0.224249	429	
-0.592112	0.541108	3554	
-0.709993	0.367988	2613	
0.255814	-0.880352	5635	
0.165524	0.223627	596	
0.233447	0.239676	2100	
0.042143	0.442112	4502	
0.018996	-0.835737	4094	
-0.052500	0.424770	4607	
-0.059578	0.299293	1119	
-0.680122	-0.538985	5287	
-0.068979	-0.855025	4571	
-0.723288	-0.014575	5722	
-0.299224	0.117468	5658	
-0.041037	0.416472	4345	
-0.692133	0.120798	446	
-0.153747	0.459869	6151	
0.573314	0.355515	3767	
-0.419136	0.575386	2884	
-0.237300	-0.003717	1266	
0.832340	0.372141	5267	
-0.042656	0.652568	4084	
-0.313745	-0.772231	4938	
-0.017739	0.751396	5597	
-0.259236	-0.853893	5825	
0.260826	0.236302	2378	
0.639170	-0.619129	4591	
0.182362	-0.935427	689	
-0.141290	0.192578	4250	
-0.555330	-0.628556	5528	
-0.027439	0.255599	6686	
0.355807	-0.775699	5315	
0.445474	-0.786856	4263	
0.041790	0.653164	5590	
-0.436217	0.266366	1382	
-0.166943	0.757374	917	
0.018690	0.420561	4088	
0.942603	0.300668	6705	
0.795309	0.466557	3870	
-0.453188	-0.140675	1383	
-0.418670	0.679818	4542	
-0.455601	0.503551	3308	
0.734139	-0.427476	1983	
-0.455393	-0.065577	1925	
-0.707662	-0.515745	5140	
0.443693	0.851846	6678	
-0.016640	-0.322911	2784	
-0.317532	0.594862	4441	
0.192653	-0.208222	6463	
0.178405	-0.949139	689	
0.873229	0.310719	3860	
0.645946	0.094504	3252	
-0.145964	-0.880266	5195	
-0.419977	-0.671405	729	
0.232751	-0.042959	6904	
0.484649	-0.689590	2502	
-0.225251	-0.386660	1113	
0.871007	-0.065823	1783	
0.777549	0.521105	6366	
0.108171	0.389956	2406	
-0.293136	-0.384904	898	
0.563155	0.758623	341	
-0.077846	-0.329134	1997	
-0.463735	0.131984	1269	
-0.432074	0.287879	1393	
0.570303	-0.638829	3670	
0.779625	-0.611639	2661	
-0.370393	0.069749	5332	
-0.161775	0.208495	523	
-0.385685	0.342101	2186	
0.064801	0.435292	4556	
0.959069	0.020819	555	
0.141669	-0.335640	3721	
0.574484	-0.595480	4038	
0.623406	-0.665770	3981	
-0.613121	0.512102	2988	
-0.695564	-0.258517	504	
0.028138	-0.278250	2410	
-0.486641	-0.676504	5342	
-0.802541	-0.089307	1723	
0.256106	-0.073978	6652	
0.295068	-0.817807	2394	
-0.707218	0.327456	1137	
0.362312	0.161252	4771	
0.976762	0.008404	6338	
-0.147852	-0.267121	2848	
0.274166	0.683656	4462	
0.549201	0.382428	4051	
-0.233269	0.134339	3094	
-0.269530	0.699053	2275	
0.126939	-0.352801	5637	
0.321414	0.618703	4757	
0.896413	0.084830	3844	
-0.727301	0.408740	5220	
0.374925	-0.787263	5315	
-0.193528	-0.408705	2009	
-0.383064	0.012864	2268	
-0.376294	0.127309	2037	
0.533651	0.410254	3403	
-0.750478	-0.216729	781	
0.208382	-0.305011	5736	
-0.519545	0.463623	6166	
0.877005	-0.068089	1783	
-0.756664	0.290997	3509	
0.251940	-0.612505	3071	
-0.116176	-0.353734	6352	
-0.367342	0.254300	1455	
0.887980	-0.337084	848	
0.684152	-0.469042	3785	
0.252901	0.021116	1169	
0.600073	0.209399	5657	
0.230452	-0.302990	5949	
0.868109	0.296446	3556	
0.694659	-0.520852	5254	
-0.380367	0.096519	2083	
-0.638007	-0.492174	5912	
0.803482	0.415750	3400	
-0.610774	-0.643587	6186	
0.279807	0.689421	4462	
0.147981	-0.161366	366	
-0.642478	-0.594179	4895	
0.159912	0.364553	479	
0.024976	-0.848768	4094	
-0.500619	0.121671	4306	
0.340465	-0.077458	3056	
0.438732	0.884529	6029	
-0.012767	0.362797	2377	
-0.550163	-0.327958	2773	
0.077138	-0.957810	6534	
-0.473670	-0.688369	1028	
-0.767241	-0.397892	3341	
-0.707876	-0.576206	5565	
-0.158985	-0.896272	5226	
-0.639197	0.273319	4574	
0.226365	0.374643	3457	
0.228820	-0.879679	5864	
0.238733	0.270091	3027	
-0.372931	0.673206	3210	
-0.076177	-0.801277	4990	
0.423946	-0.769063	2910	
0.389207	-0.509430	5679	
-0.056988	-0.261589	520	
-0.480390	-0.123821	1711	
0.856377	0.205565	3381	
0.210358	0.130443	1161	
-0.038425	0.457752	1011	
0.878907	0.229582	4259	
-0.318781	0.231543	5460	
-0.191098	0.263662	1931	
-0.451704	-0.151856	1461	
0.104284	-0.657572	3989	
-0.360381	-0.818965	5382	
0.831725	-0.367231	3896	
-0.613181	0.442478	608	
0.214626	0.624260	2782	
0.360479	-0.774766	5315	
0.180225	0.272224	2116	
0.264522	-0.234758	3828	
-0.007969	0.284861	5923	
0.697051	-0.683001	6355	
-0.070345	0.657651	4797	
0.939355	-0.075270	302	
-0.022393	0.236929	1290	
0.473558	-0.782693	4451	
-0.806152	-0.107512	1680	
-0.202946	0.409183	5773	
-0.364637	-0.706116	3236	
-0.156479	0.224830	6318	
-0.504175	-0.594816	1435	
-0.520214	0.074987	3705	
0.850290	0.432986	5222	
-0.849161	-0.179031	4961	
-0.339623	-0.799971	5217	
0.473619	-0.841911	5900	
0.041791	-0.354415	6244	
0.225879	-0.827320	5576	
-0.445811	-0.707344	416	
-0.280057	-0.410493	4295	
0.392131	0.568844	5129	
0.681481	-0.610397	4223	
0.169842	0.199229	6882	
0.164006	0.305801	2794	
0.519942	0.798037	275	
-0.615377	0.259419	4521	
-0.459376	0.209328	2527	
-0.470002	0.487519	3345	
0.205254	-0.086823	828	
0.813567	0.493587	1774	
0.633832	-0.000733	2356	
0.655729	-0.695795	1490	
-0.453227	-0.252749	6685	
-0.666052	-0.548777	1386	
-0.241226	0.749235	3028	
0.833679	0.440922	6810	
0.275564	0.083648	6606	
-0.185466	0.695138	768	
0.022285	0.644646	6404	
-0.763354	-0.100106	336	
0.600754	-0.232436	1378	
0.268744	-0.857833	5141	
-0.698634	-0.304727	5958	
-0.558961	-0.567254	6111	
0.270894	0.239389	2378	
0.158821	0.349742	480	
-0.544485	0.447611	3971	
0.956241	0.182864	1190	
0.445001	-0.670519	5030	
-0.208220	-0.362177	1811	
-0.269473	0.258924	3442	
0.153082	-0.145184	813	
0.503558	-0.771059	4434	
0.665449	-0.536180	1962	
-0.390463	0.308657	1801	
-0.468032	-0.123643	1419	
-0.776676	0.048108	462	
0.369265	-0.123632	4537	
0.259985	-0.122518	3795	
-0.622667	0.415639	1031	
0.161499	-0.875529	4297	
0.284206	0.606688	3278	
0.853369	-0.322923	3970	
-0.683378	-0.589016	5440	
-0.533436	-0.455187	6304	
0.898595	0.380780	6397	
0.946981	0.183788	1190	
0.082691	-0.796823	5630	
-0.510959	0.485652	975	
-0.458560	-0.072672	1925	
0.478474	0.527987	881	
-0.584094	0.347321	5433	
0.200150	-0.232537	6725	
0.857483	-0.393721	3929	
0.211508	0.268490	2533	
-0.733407	0.033676	734	
0.649757	0.066648	3289	
0.220924	-0.609755	5291	
0.650402	-0.565413	4600	
0.930250	0.289023	6432	
-0.351205	0.059331	4976	
0.246772	0.302112	495	
-0.697257	0.169909	4627	
-0.696550	-0.447662	1821	
0.198169	-0.956312	6180	
-0.166145	-0.401219	2340	
0.565382	0.370535	3767	
-0.051458	0.209483	3633	
0.304387	-0.004198	2145	
0.932030	0.065360	4661	
-0.263774	-0.002629	6634	
-0.509419	-0.617926	5317	
-0.264766	-0.005145	6634	
-0.729257	0.235962	2040	
0.665908	0.714896	6045	
-0.510146	-0.036778	4323	
0.351289	-0.917321	6223	
0.251566	-0.111459	3795	
0.273406	0.292513	4593	
-0.296612	0.663121	4900	
0.856143	-0.132013	4016	
0.211204	-0.248072	2277	
0.316295	-0.805468	2440	
-0.203722	0.649268	3747	
-0.542305	-0.643474	5604	
-0.196291	0.091414	1020	
-0.492652	0.440862	601	
0.756004	0.529666	3891	
-0.611299	-0.625307	614	
0.015067	-0.787100	3415	
-0.118938	-0.309513	4686	
-0.682187	-0.581314	5311	
0.036507	-0.861446	4555	
0.885716	-0.172161	4180	
0.339052	-0.908668	390	
0.058851	-0.276155	424	
-0.124328	-0.902570	5132	
-0.608556	-0.669264	4692	
-0.066466	0.252508	1485	
0.211692	-0.614966	2322	
-0.865000	0.064180	4855	
0.737108	-0.504462	3602	
-0.321289	0.009959	5025	
0.254059	0.204225	6359	
-0.836047	-0.191421	2832	
0.245615	-0.879723	5635	
-0.274950	-0.891144	6144	
0.199435	-0.790196	2956	
0.640734	0.738935	5990	
0.759467	-0.397323	5661	
-0.313776	-0.445106	3616	
0.909603	0.239188	4412	
-0.844920	0.128061	1473	
-0.620785	-0.559705	1528	
0.007152	0.273588	693	
-0.570994	-0.632084	6616	
-0.652922	-0.642488	343	
-0.589698	0.413816	931	
-0.241591	0.064691	476	
-0.272181	-0.916092	764	
0.797878	-0.465625	5856	
0.157811	0.181246	6583	
0.634351	-0.647315	4637	
-0.805856	-0.159230	1652	
-0.378089	0.545442	2308	
0.342552	-0.743790	5065	
-0.111414	0.274421	6350	
-0.027468	-0.309749	2784	
-0.034690	-0.891490	5489	
0.612674	0.356350	1500	
0.252014	0.109909	5879	
-0.800528	-0.304441	6126	
-0.218910	0.394334	3502	
-0.629660	-0.546415	1528	
0.570281	0.792058	920	
0.844887	-0.252097	4937	
0.590725	-0.620264	3930	
0.128872	0.312470	3017	
-0.387592	0.059226	1915	
-0.290702	-0.391594	898	
0.077244	0.255306	6690	
0.971601	0.027065	1470	
-0.003159	0.378314	3582	
0.286739	-0.828297	5506	
0.015585	-0.344984	5211	
0.270984	-0.594454	3088	
0.214442	0.226027	2084	
-0.788057	0.274454	4538	
-0.642141	-0.478568	5600	
0.173079	-0.910736	6334	
-0.808458	0.246497	4830	
-0.158558	-0.409642	4362	
-0.176062	-0.919045	5226	
-0.446099	-0.115354	2507	
0.040919	-0.791936	4620	
0.002660	-0.266109	1288	
-0.045503	0.413648	4345	
-0.702801	-0.191245	435	
0.068786	-0.250842	1077	
0.097088	-0.961224	880	
-0.108490	-0.912341	4093	
0.345487	-0.035969	2573	
-0.800881	-0.295801	6126	
0.195843	0.218406	6595	
0.091366	0.319559	4373	
-0.318627	0.035116	4667	
0.563899	0.755616	428	
-0.649476	0.245153	4024	
0.820520	-0.267201	4765	
0.373783	-0.132110	3802	
-0.150245	0.267794	2150	
0.314686	0.603836	4845	
0.846309	0.464167	6674	
0.695390	-0.683666	6355	
-0.189075	0.462669	5585	
0.535508	-0.699997	2874	
0.687296	0.018220	4801	
-0.375931	-0.690523	380	
-0.453435	0.193320	2213	
0.277036	0.166743	1701	
0.826544	0.469268	554	
0.367590	-0.095942	4602	
-0.717259	-0.525464	5140	
0.418001	-0.848584	757	
0.907336	-0.006111	3298	
-0.196766	-0.289244	1831	
0.674920	-0.702111	966	
-0.311788	-0.446529	4734	
0.518476	-0.615758	4387	
-0.073474	-0.870359	4571	
-0.423718	0.137924	2022	
-0.439806	0.037790	4414	
0.214325	-0.257274	2277	
0.940507	0.151741	6492	
-0.274218	0.344786	5632	
0.682040	-0.675796	717	
-0.575003	-0.408764	5875	
-0.284829	-0.927005	1154	
0.817923	0.426343	5976	
0.693545	-0.477809	4875	
0.129040	0.214171	665	
0.752940	-0.395094	5661	
-0.678882	0.353690	423	
0.095007	0.714658	2375	
-0.871019	0.001662	4935	
0.942904	-0.035365	3782	
0.270191	0.073006	6246	
-0.828482	-0.353783	5409	
-0.782374	-0.421653	1058	
-0.313498	0.089313	5389	
0.890108	0.442251	288	
-0.438892	0.047766	4414	
0.362033	0.586901	5041	
-0.516775	-0.591719	5417	
0.331701	0.918881	6649	
0.070723	0.287011	3569	
-0.463057	-0.289559	3651	
-0.708278	-0.303437	6208	
0.097056	-0.342527	3733	
0.026960	0.242735	6259	
-0.456222	0.031983	3637	
0.280852	0.943703	305	
-0.352379	-0.751592	2203	
0.099396	-0.808742	6146	
0.489978	0.437749	1683	
-0.445180	0.188316	2213	
-0.337140	-0.872026	4910	
0.198325	0.128685	679	
-0.797813	-0.066810	5262	
-0.300860	0.164866	1527	
0.876086	-0.325819	3854	
-0.599543	-0.683008	5289	
0.083957	-0.268936	6782	
0.539979	0.820192	921	
-0.720537	0.090196	4054	
0.508556	-0.396232	3613	
-0.529109	-0.781247	397	
-0.719464	-0.323071	5988	
0.275970	-0.004303	433	
0.447442	-0.681672	2018	
0.202379	-0.281493	3078	
0.021614	0.754802	1042	
0.627510	0.035075	5814	
-0.866355	-0.183867	5338	
-0.539616	-0.645902	5532	
0.544295	-0.705028	3272	
0.486217	-0.463064	2676	
-0.380463	0.661951	3210	
-0.324450	0.606107	2566	
0.958062	-0.041990	610	
0.598354	-0.277796	3982	
-0.425424	0.674208	4133	
-0.331389	0.610473	2566	
-0.332643	-0.049011	2003	
-0.829693	-0.089259	1819	
0.967260	0.103709	1016	
0.618858	-0.731182	1034	
-0.285753	-0.891001	6190	
-0.779471	0.171645	2653	
0.207632	-0.116592	539	
0.799172	-0.534571	6098	
-0.546476	-0.447272	1342	
-0.686619	-0.512250	5428	
0.243501	0.616600	3222	
0.504390	-0.737438	3280	
-0.547837	-0.562134	6838	
-0.789115	-0.247004	5956	
-0.784758	0.010878	1030	
0.013008	-0.866586	3664	
-0.338427	-0.779433	5133	
-0.713137	-0.582358	5565	
0.342357	-0.801302	1555	
0.877830	-0.382760	4005	
-0.437830	-0.215239	6331	
0.882961	-0.190877	3914	
-0.809326	-0.311578	6126	
-0.069464	0.224825	682	
0.331204	-0.796327	1555	
0.967380	0.131322	6305	
0.098855	-0.953205	625	
-0.193887	0.724598	677	
0.145199	-0.875529	6456	
-0.707824	0.091296	2890	
0.065794	-0.886211	4031	
-0.784746	0.230336	4615	
0.637451	-0.162886	5695	
-0.011622	0.315806	461	
-0.594208	0.480096	529	
0.667636	-0.617630	4014	
-0.848798	0.008228	2049	
-0.780051	-0.041398	1282	
0.643368	-0.599044	3916	
-0.347309	0.248831	4927	
-0.302426	-0.832125	4999	
0.584945	-0.664693	3913	
0.586375	-0.606299	4038	
0.065644	0.285068	3569	
0.836956	0.330983	2818	
-0.576413	-0.674241	2418	
-0.738422	-0.167384	468	
-0.351390	0.068213	4976	
0.470908	-0.848694	5900	
-0.430980	0.007118	2952	
0.226360	0.138101	6532	
-0.503114	-0.766257	383	
0.361564	0.114650	4239	
0.756128	-0.358738	1515	
-0.313284	-0.397288	1027	
0.228056	-0.149372	4262	
-0.669331	-0.445796	836	
0.428853	0.874578	5997	
-0.630250	-0.620644	284	
-0.737652	-0.458067	5884	
0.647806	0.730724	5990	
0.557043	0.295743	4595	
-0.348134	0.232397	5198	
0.881293	-0.278269	3627	
-0.404954	-0.686166	736	
0.902563	0.357157	6800	
-0.131055	0.633746	4169	
0.172859	0.371978	581	
-0.435982	-0.024426	1769	
-0.548912	0.521618	1082	
-0.505337	-0.024206	4585	
0.166892	-0.765791	2011	
-0.253127	0.352968	1468	
0.230958	-0.214396	1603	
-0.613265	0.344436	859	
0.489625	-0.429114	1411	
0.865940	0.293217	3556	
-0.508115	-0.703435	3657	
0.566678	-0.649153	2695	
0.239206	0.175254	5910	
-0.255581	0.119195	3432	
0.261873	-0.182695	5469	
0.720464	-0.528922	3212	
0.618841	-0.560019	4717	
0.879464	-0.161376	4180	
0.809655	-0.446817	3843	
0.199601	0.132834	679	
-0.577575	-0.539704	6077	
0.241468	-0.292012	5962	
0.406792	-0.683077	4870	
-0.349239	0.162228	5579	
-0.156468	0.308090	3137	
-0.146336	-0.805152	1559	
0.525025	0.413225	3601	
-0.280203	0.345745	5632	
-0.823085	-0.331703	6134	
-0.142671	0.682399	767	
-0.034783	-0.272973	6078	
-0.495845	0.497150	6053	
-0.134658	-0.364784	4188	
0.343307	-0.089821	2421	
-0.502319	-0.068827	2471	
-0.195918	-0.750599	5297	
-0.354447	-0.719572	3236	
-0.400184	-0.105826	1929	
-0.432820	-0.206273	6331	
0.411322	-0.809512	4491	
0.527341	-0.719340	3269	
-0.681387	-0.479525	1622	
0.311315	0.086952	2248	
0.916809	0.143686	6253	
-0.396328	0.049593	1915	
0.339647	0.044806	3463	
-0.737707	0.217899	1257	
0.278302	-0.598718	3088	
-0.494882	0.003925	4178	
-0.079707	-0.311252	369	
-0.758728	0.039404	603	
-0.061683	-0.796163	4980	
-0.408161	0.270491	1938	
-0.724067	0.171023	616	
-0.730532	-0.573581	5959	
-0.683579	-0.505497	5762	
0.086635	-0.780236	5787	
-0.718280	0.269312	1271	
-0.726824	-0.563105	5945	
-0.291357	0.623606	4786	
-0.438368	-0.699793	780	
-0.603455	-0.671523	4692	
-0.042478	0.410373	4345	
0.587323	0.331649	3394	
0.345563	0.238211	4150	
-0.229530	-0.045150	6614	
-0.478840	0.113177	1685	
-0.199332	0.198736	1237	
-0.160372	0.686353	1005	
-0.253570	0.149662	5628	
0.012475	0.766797	901	
-0.467232	0.590387	1690	
-0.630668	-0.465100	1255	
0.788830	-0.491767	6554	
-0.819745	-0.260246	6037	
-0.446969	-0.517764	1425	
0.834180	0.413686	6116	
-0.425445	-0.096095	1935	
-0.298942	0.373076	3358	
-0.270336	0.314522	1748	
0.319356	-0.814441	2440	
-0.157689	0.367055	5477	
-0.819650	0.001425	1059	
-0.589153	-0.391207	5685	
0.240266	-0.133136	3220	
0.122313	-0.250367	6766	
-0.329838	0.315169	1465	
-0.689216	-0.278417	5537	
0.575147	-0.747836	783	
0.618656	-0.588287	3215	
-0.342706	0.186837	3009	
-0.280519	0.267951	5293	
0.139282	0.390221	2265	
-0.718755	-0.241346	528	
-0.124174	-0.280633	6531	
0.267803	0.257464	2917	
0.571194	-0.753731	783	
-0.142596	0.465156	6048	
0.710549	-0.447455	5446	
-0.733469	-0.349240	5277	
-0.688459	-0.559949	5419	
0.672232	0.083390	4531	
-0.188046	0.394654	5763	
-0.305620	0.570656	3423	
-0.228194	0.711256	2117	
0.327048	-0.929603	6515	
-0.348506	0.613450	2128	
-0.101425	-0.293660	6184	
-0.237488	-0.814956	5588	
-0.431723	0.049326	2191	
-0.415883	-0.840763	6420	
-0.038961	0.470420	1011	
0.849215	0.511296	2757	
0.887462	0.266489	6290	
-0.406974	0.572815	4041	
-0.161055	-0.845121	3717	
-0.406989	-0.671963	729	
-0.025592	-0.837396	5122	
-0.450503	0.059663	1375	
0.651005	-0.206800	1228	
-0.702839	-0.314162	6208	
0.317667	-0.002662	2145	
0.001786	0.415731	4161	
-0.295393	0.599695	4125	
0.508623	0.839120	5996	
-0.816463	0.075456	4100	
0.001363	0.701515	4040	
-0.183595	-0.424391	3859	
-0.165193	-0.842269	1924	
0.879453	0.271050	6290	
0.152815	0.680505	3845	
-0.293778	0.105252	4475	
0.278134	0.234610	2378	
-0.284270	-0.375926	821	
0.131986	-0.332932	3721	
0.078324	-0.872725	2904	
0.867650	-0.048729	2436	
-0.420623	0.556660	4153	
-0.712945	-0.423973	5358	
0.816420	-0.544653	6825	
0.373984	0.195378	759	
0.009960	-0.295176	2462	
-0.006956	-0.780711	2902	
-0.341849	0.600498	3371	
0.752079	-0.389847	5661	
-0.812304	-0.118044	1560	
-0.046718	0.717652	4091	
-0.168763	-0.388741	1994	
0.544819	-0.328869	4654	
0.735283	-0.524598	3250	
0.308429	0.284092	2862	
0.836079	-0.287885	2623	
-0.721632	-0.201485	660	
0.415237	0.490612	937	
-0.060233	-0.869313	5403	
0.884835	0.388460	803	
-0.219728	0.309867	4136	
0.328878	0.071625	2936	
0.811340	-0.451621	3843	
0.148086	-0.243459	6895	
0.139995	0.983190	6560	
-0.513399	-0.594797	5417	
0.237660	-0.174072	304	
0.437138	0.555923	941	
-0.682298	-0.408366	1230	
0.717618	-0.527719	4876	
0.220032	0.687232	1661	
0.360424	-0.550243	3019	
0.788871	-0.280634	2926	
-0.375482	-0.791189	5101	
-0.764357	-0.001626	949	
-0.141149	-0.279287	2848	
0.150406	0.321536	3529	
0.144991	-0.285924	6167	
0.443112	-0.857708	6591	
0.272180	0.679221	4462	
0.072257	0.458932	5845	
-0.079477	-0.324572	369	
0.270808	-0.184123	5469	
-0.654101	0.497506	3127	
-0.237150	0.433649	1730	
-0.292237	0.242870	3413	
-0.762539	0.096361	615	
-0.027313	-0.828389	5112	
0.029254	0.339088	1122	
-0.440105	-0.661478	1809	
-0.120273	0.197441	6733	
0.625349	0.091772	5564	
-0.213403	0.233022	2205	
-0.600096	-0.541892	2841	
0.247207	0.685893	1498	
0.412406	0.608468	2807	
-0.454739	-0.676593	4998	
-0.770083	-0.081181	5676	
0.236115	-0.150948	4262	
-0.077426	0.281762	1640	
-0.621207	-0.532460	1594	
0.393728	-0.526548	3468	
0.022903	-0.810224	4702	
-0.101499	0.695787	4963	
0.684043	0.066037	4531	
0.901272	0.102302	4305	
0.683134	0.686272	746	
-0.016221	0.214805	814	
-0.252193	-0.395578	1003	
0.052583	0.671880	5627	
0.020506	0.377905	556	
-0.301326	-0.844150	4925	
0.219786	0.357909	3457	
0.867754	-0.338596	6377	
0.350671	-0.891387	384	
-0.140353	-0.922959	5748	
0.493491	0.509894	947	
0.838759	-0.317165	3970	
0.782978	-0.303237	2434	
-0.704459	-0.496358	4852	
-0.174398	-0.770144	1439	
0.396644	0.144281	742	
0.275463	-0.747312	3434	
0.733845	-0.449205	5414	
0.030271	0.378185	789	
-0.447831	0.244876	3366	
-0.114055	-0.263936	509	
0.261052	0.122729	401	
-0.361891	0.151132	2552	
0.213499	-0.917368	6226	
-0.760376	-0.121469	336	
0.536728	0.322196	4432	
0.267225	0.674309	1568	
0.520654	-0.416120	4630	
-0.758100	0.052327	603	
0.146177	-0.171206	366	
-0.486843	0.562247	1992	
-0.194420	0.692276	571	
-0.048899	-0.233223	315	
-0.780778	-0.321401	4805	
-0.518781	0.508555	6258	
-0.037741	-0.325253	2134	
0.280774	0.283274	4532	
-0.384773	-0.872263	6289	
0.103087	-0.356096	3733	
-0.232913	0.040614	6657	
0.394665	-0.788258	2912	
0.914025	0.121195	4436	
-0.661672	0.318421	687	
-0.425860	-0.151701	6723	
0.145648	0.336649	480	
-0.341827	0.111914	5530	
-0.094822	-0.913709	4093	
0.175891	-0.157145	4339	
0.547397	0.365228	3421	
-0.398062	-0.766395	4562	
0.162190	-0.643493	5046	
0.820166	-0.442787	4143	
-0.420128	-0.080011	2085	
-0.330157	0.252744	5460	
-0.203645	-0.792266	5344	
0.546960	0.392205	4051	
0.127115	0.332138	3703	
-0.699576	-0.478254	1250	
0.197813	0.061381	3803	
0.059939	-0.928608	5039	
-0.339962	-0.583795	1695	
0.272895	-0.178007	5469	
0.560929	0.765274	341	
-0.209515	0.396235	3502	
-0.047836	-0.830899	5139	
0.587547	0.758013	449	
0.215299	-0.871736	5864	
0.234955	-0.947855	5974	
0.146126	0.288990	2174	
-0.736635	0.375578	4764	
-0.513107	0.611112	3349	
-0.222553	-0.842084	5754	
0.103886	-0.797861	5892	
-0.694446	0.264292	1349	
0.341584	0.541397	2417	
-0.746404	-0.454251	5884	
0.119562	-0.188917	823	
0.223135	-0.945806	6798	
0.421445	-0.725563	1512	
0.253304	-0.231128	6654	
-0.444320	0.470313	2239	
0.555189	0.399743	4051	
0.026790	-0.243768	308	
0.554084	-0.604326	4122	
-0.137147	-0.324299	4346	
-0.208591	0.745465	2284	
-0.816289	-0.002342	1205	
-0.541722	-0.591432	5203	
-0.454920	0.502166	3308	
0.318500	0.548809	1954	
-0.232299	0.221779	1433	
0.102576	-0.242746	930	
-0.066762	0.766892	519	
0.225496	-0.614771	5291	
-0.543574	-0.653142	5532	
0.013721	0.764248	901	
-0.752589	-0.303248	6609	
-0.818514	-0.242592	6357	
-0.279694	-0.919719	764	
-0.219809	0.177399	5398	
0.196999	-0.843067	4445	
0.007245	0.209624	3960	
-0.465752	-0.675783	4998	
0.589827	0.299151	5896	
-0.865532	-0.027884	4975	
0.468749	0.484589	2595	
0.681984	0.170576	4456	
0.624630	-0.607041	4385	
0.610080	-0.176891	1331	
0.051696	-0.266043	424	
0.800408	-0.541891	6098	
0.504462	0.442536	2982	
-0.720725	-0.077718	344	
0.349558	0.169442	4240	
-0.701050	0.022095	3110	
0.032047	0.295720	3755	
0.899587	-0.069745	2882	
-0.153523	0.409696	5876	
-0.579889	0.443942	4172	
0.708664	-0.526932	4876	
-0.257641	0.338718	4579	
0.432566	0.583013	2328	
0.239450	-0.824098	5697	
0.027168	-0.966803	6465	
-0.222869	0.185484	5398	
-0.303027	0.183256	2472	
-0.102118	-0.783170	3333	
-0.703071	0.267146	1349	
-0.824621	0.171426	5519	
-0.419722	-0.129865	2024	
0.292169	-0.582554	3066	
0.898269	-0.197966	4375	
-0.056409	-0.966752	6236	
-0.157396	0.427267	5909	
0.074991	0.438276	4067	
-0.391406	-0.729629	1550	
-0.544207	-0.617911	5528	
-0.442515	0.554426	4079	
-0.234319	0.695978	1572	
-0.420452	-0.696342	5015	
0.738000	0.647193	6378	
0.434329	-0.870600	5977	
-0.255627	0.721117	2596	
-0.124144	0.168875	3898	
0.864035	-0.073533	1856	
-0.546871	0.534709	1082	
-0.539080	0.441703	2941	
0.862386	0.362907	3846	
-0.228752	0.169909	3948	
-0.849733	0.048856	4754	
-0.767802	-0.043504	354	
-0.694991	0.125852	446	
-0.154204	0.400804	5871	
0.684770	0.050828	4787	
0.658963	-0.073567	3455	
0.334818	-0.758289	1578	
0.283152	0.083996	6369	
0.114210	0.670855	3049	
0.939357	0.007917	6295	
-0.594804	-0.643033	798	
0.958470	-0.176915	6500	
0.927223	0.089336	6562	
0.338120	-0.724382	5273	
0.797606	-0.255471	4762	
0.286286	0.154319	2155	
-0.621338	-0.703906	395	
-0.521150	0.000937	1309	
0.128696	-0.967153	5993	
-0.710943	-0.562600	5645	
0.266237	-0.149833	6516	
0.321227	0.067803	2194	
0.046966	0.671625	5627	
0.657749	-0.077690	3455	
0.681870	0.030954	4869	
-0.572323	0.559181	3438	
-0.403022	0.029595	2318	
-0.581885	-0.672741	2418	
0.100151	0.220240	6756	
0.018048	-0.896789	3546	
-0.442406	-0.671380	4335	
-0.430199	0.531052	3268	
0.146795	-0.863841	6456	
0.088485	0.301542	4373	
0.470202	0.852135	6004	
-0.066730	0.299967	1640	
0.445032	-0.840291	5835	
0.101839	-0.975357	6582	
-0.219607	0.243722	2404	
0.181437	0.227420	6207	
-0.460512	0.206993	2527	
