-0.430743	0.176184	10148	
0.240442	-0.432105	2677	
-0.260486	-0.145012	5313	
0.230507	0.434379	7097	
-0.295864	-0.029501	3365	
-0.164558	0.531960	1397	
-0.321476	-0.066948	6337	
0.023499	-0.493587	5332	
-0.129946	-0.540509	4104	
0.081050	0.373951	3296	
-0.055434	-0.098489	2040	
-0.213402	-0.223140	1947	
-0.090160	0.304583	10489	
0.330738	0.126721	10870	
0.002057	-0.448125	10819	
-0.250178	-0.033774	6888	
-0.305715	0.386826	10926	
-0.171059	0.027073	10617	
0.032549	-0.500349	6856	
-0.268950	-0.295476	2216	
-0.289896	0.049103	4327	
-0.163889	-0.190179	6717	
-0.251716	0.139762	10439	
-0.208304	0.120146	4615	
0.359819	0.219217	5860	
0.266611	0.157427	6127	
-0.196506	0.067057	2418	
0.417947	0.085559	944	
0.295045	0.074101	10577	
-0.300001	-0.261739	2313	
-0.174315	0.127638	2918	
-0.121023	-0.221776	3913	
0.379015	0.192040	5871	
-0.323371	0.242860	755	
-0.047578	0.108981	9490	
-0.059393	-0.020030	1321	
-0.089070	-0.005760	1924	
0.334964	-0.032831	4302	
0.072358	0.462706	6729	
-0.072751	-0.257972	1137	
-0.128160	0.351772	2950	
-0.085171	-0.575396	9159	
-0.090998	0.030003	5013	
-0.147197	0.269130	1210	
-0.260160	0.004151	1042	
-0.108588	-0.372571	7550	
-0.326666	-0.024218	1683	
-0.177514	-0.119850	7065	
-0.023133	0.537902	10076	
-0.148953	0.315597	1213	
0.196281	-0.385332	10171	
0.339289	-0.275064	7559	
-0.174675	0.097741	1873	
0.215562	0.339048	10018	
-0.048840	-0.301310	4158	
0.061786	0.389906	811	
0.313960	0.143244	6697	
-0.054964	-0.352581	8408	
-0.123290	-0.181867	2587	
-0.017781	-0.389686	2664	
-0.204764	0.253708	2739	
-0.383688	0.007414	1455	
-0.474510	-0.034317	7312	
0.023512	-0.493680	5332	
-0.273417	0.446329	11186	
-0.183474	0.278236	2792	
-0.211658	0.093993	3919	
-0.069600	0.203374	11328	
-0.296234	0.136890	4638	
-0.151669	-0.016457	9345	
-0.206246	0.229228	2350	
-0.390980	0.051560	4497	
-0.096868	-0.500000	7015	
-0.239831	-0.000445	6171	
-0.368071	0.095615	956	
-0.366601	0.126261	3377	
-0.052322	0.050209	1476	
-0.250271	0.452190	4783	
-0.146324	-0.096801	1078	
-0.334400	-0.172861	5490	
-0.211958	0.024602	4566	
-0.197746	0.115955	4555	
-0.265435	0.061070	5181	
-0.203397	0.399040	3673	
-0.044277	-0.245299	4346	
-0.463421	-0.041440	4954	
-0.183333	-0.414930	529	
-0.274447	0.077317	2105	
-0.092264	-0.095698	5729	
-0.011403	-0.308072	11300	
-0.210171	-0.222085	8989	
0.413971	-0.009525	2555	
-0.257074	-0.085622	5946	
-0.061848	-0.164055	6582	
-0.259762	0.325788	9491	
-0.050607	-0.315550	6233	
-0.032027	-0.156044	6126	
-0.062785	-0.061340	868	
-0.173264	0.225356	5498	
0.016148	-0.406538	6114	
-0.158916	-0.522291	4906	
-0.103830	0.345250	1324	
-0.084870	-0.336890	2229	
-0.245062	0.076895	8475	
0.427621	-0.033065	4620	
-0.185577	0.169675	808	
0.021997	-0.438928	507	
-0.097139	0.142467	5867	
0.327820	0.068374	6338	
0.273817	0.350349	5913	
-0.232007	-0.152853	5652	
-0.100286	0.230558	1665	
-0.148156	-0.209021	7221	
-0.214891	0.384891	7440	
-0.050276	-0.455621	4727	
0.199383	-0.369318	7265	
-0.398971	0.231332	5708	
-0.211160	0.115865	4615	
0.421238	-0.089662	5533	
-0.183852	0.285809	2792	
-0.085883	-0.273379	654	
-0.215340	0.237615	2350	
-0.383416	-0.010462	3062	
-0.036817	-0.380078	11035	
-0.218406	0.192910	1547	
-0.438637	-0.151688	6640	
-0.016371	0.505234	9617	
-0.180793	0.360240	1997	
-0.370962	-0.009948	1319	
-0.168111	-0.338222	5379	
-0.021325	-0.357169	4372	
0.195191	0.328774	10385	
-0.024089	0.502884	7605	
-0.365153	0.120640	3377	
0.339253	0.016474	1888	
-0.074114	0.243464	819	
0.346732	-0.019679	4302	
-0.036468	0.075325	9107	
-0.294983	0.031034	1742	
0.287997	0.093886	4797	
-0.296335	-0.025850	1063	
-0.283969	-0.031252	899	
-0.105219	0.057687	2427	
-0.062346	0.511167	4369	
0.078382	0.364984	2807	
-0.054044	-0.105290	824	
-0.193466	0.511803	10217	
-0.137897	-0.046803	9854	
-0.443011	0.141036	7701	
0.040184	0.414312	2996	
-0.468234	-0.036624	6089	
0.087816	0.459705	8546	
-0.179484	0.265588	4719	
0.359210	-0.030996	5578	
-0.111032	-0.068993	417	
0.265123	-0.255013	3172	
0.038496	0.436381	2476	
-0.166045	-0.224215	10025	
0.210520	-0.530913	4969	
-0.305790	0.070121	3090	
-0.081837	-0.090194	3616	
-0.190072	0.096816	2284	
0.324280	-0.298728	10769	
-0.192759	0.138526	2951	
-0.342173	-0.217461	3514	
-0.147678	-0.043453	10551	
-0.283973	0.141802	3594	
0.391568	0.204314	8053	
-0.036557	-0.328097	9833	
-0.160519	-0.074117	1931	
0.223151	-0.425583	8249	
0.290585	-0.353547	11301	
-0.075340	0.176354	3156	
-0.332218	-0.376580	3986	
0.318200	-0.300909	8623	
-0.361460	0.076320	1525	
-0.066144	-0.256145	9915	
-0.185978	0.331746	3048	
-0.142508	0.191069	5298	
-0.011187	-0.268138	11126	
-0.150800	-0.283925	5513	
0.031082	-0.500704	6856	
-0.267202	-0.312831	3242	
0.270905	-0.233024	1739	
-0.112739	0.288734	6358	
-0.144450	-0.038993	10551	
0.033165	-0.497245	6856	
-0.078203	0.102214	3789	
-0.079509	0.149219	3475	
0.296524	0.200785	910	
-0.141017	-0.022665	7064	
-0.365628	0.078123	1245	
-0.152773	0.013305	7597	
-0.359534	0.342766	2383	
-0.058709	0.503697	387	
-0.231752	-0.266056	9481	
-0.147628	0.206065	6053	
-0.134805	-0.293748	6129	
0.077421	0.385663	3941	
-0.170659	-0.060009	2627	
0.085771	0.377549	4404	
-0.050248	-0.273787	2839	
-0.104262	0.173150	2672	
-0.146878	-0.113370	3201	
0.050069	0.428943	2078	
-0.141274	0.103894	5803	
0.174496	0.396080	6735	
-0.157006	-0.098406	1498	
0.366334	0.226769	5860	
-0.459513	-0.108991	8603	
-0.159124	0.111981	5179	
0.241943	-0.510847	639	
-0.098954	0.454847	8602	
-0.047676	-0.060300	7786	
-0.217802	0.175223	2374	
-0.120253	0.559356	8560	
0.245006	0.276995	10956	
0.125122	0.409232	10167	
-0.291786	0.039965	2185	
-0.157943	0.121085	6207	
-0.190764	0.160998	2084	
-0.332081	-0.242020	3772	
0.408111	-0.051465	4541	
0.184026	0.454320	3125	
-0.283439	-0.040321	9739	
-0.207982	0.318252	5811	
0.376059	0.233460	8262	
-0.364250	-0.158621	1671	
-0.435489	-0.137831	6640	
-0.152220	0.481241	6926	
-0.021460	-0.139909	8634	
-0.194999	0.018491	5627	
0.187946	0.274146	7147	
0.225954	-0.245439	4639	
-0.212246	-0.102861	985	
-0.237657	0.253226	6656	
0.409823	0.113685	4109	
-0.045953	-0.356273	10759	
0.202063	0.443144	5025	
-0.260654	-0.127195	3497	
-0.084144	0.183523	4043	
0.410031	0.158531	5901	
0.370298	-0.369888	5215	
-0.067399	-0.100455	2783	
-0.359948	-0.329662	2240	
-0.142984	0.170861	7429	
0.306151	-0.164438	3623	
-0.170925	0.442992	568	
0.016820	-0.517769	7008	
-0.148240	-0.037324	10551	
-0.085258	-0.405474	5599	
-0.394506	0.230802	5708	
-0.202645	0.222037	2611	
0.421413	0.037387	4362	
0.077985	0.535771	11188	
0.174970	-0.376374	10016	
-0.039626	0.544886	8692	
-0.124285	0.350511	2950	
-0.240278	0.039541	6371	
-0.223194	0.298338	8639	
-0.156632	-0.163201	4446	
-0.148356	0.032011	11359	
0.317128	-0.165495	2074	
0.010732	-0.376810	11050	
0.286035	-0.234017	1739	
-0.133457	-0.096735	734	
-0.154712	0.206960	6038	
-0.085254	0.145510	4667	
-0.293567	0.294387	6355	
0.343266	-0.408407	1937	
-0.096155	0.160292	2730	
-0.263442	0.218603	3716	
-0.426216	-0.167246	340	
-0.145392	0.248337	1782	
-0.096339	-0.145088	4842	
0.108834	0.352131	5468	
0.235654	0.416371	5899	
-0.120078	-0.280648	4490	
-0.148337	-0.176915	3567	
0.353536	0.009091	5795	
-0.160396	-0.031058	1577	
-0.084670	0.487761	7738	
-0.033316	-0.468834	1707	
-0.159845	0.093440	651	
-0.185565	-0.421752	10919	
0.418730	0.041498	6422	
-0.439950	0.176085	10148	
0.349013	0.272695	8743	
-0.418303	-0.239964	8586	
0.230955	-0.317482	7592	
0.211122	-0.535348	4969	
0.057700	0.398164	727	
0.412192	0.157492	5901	
0.191164	-0.399098	1504	
-0.117011	0.568559	1326	
-0.147550	0.231089	9956	
-0.287650	0.433483	7609	
-0.242453	0.462809	5675	
-0.213721	-0.098044	4073	
-0.074670	0.330613	538	
0.031855	-0.548657	8691	
-0.237114	0.255848	6656	
-0.140859	-0.264955	5429	
0.293233	-0.207682	7667	
0.209266	-0.324823	7109	
-0.459253	0.073531	2570	
-0.003210	-0.317816	9652	
-0.369286	0.304860	6800	
-0.242154	0.082583	8475	
-0.133589	-0.131762	2269	
-0.138339	0.017623	11103	
-0.249958	-0.115992	3339	
0.076437	-0.514442	1140	
-0.150962	0.078018	8864	
-0.274025	-0.282794	2110	
-0.232733	0.483102	2434	
-0.235202	0.348335	9274	
0.061691	-0.517051	7003	
0.002116	-0.424940	8349	
-0.017427	-0.340807	2832	
-0.230298	-0.238897	3249	
0.050176	-0.558860	375	
-0.073020	0.316253	1121	
0.396842	0.103749	1426	
-0.083128	0.120167	9080	
-0.173648	-0.106514	3493	
-0.055076	-0.097811	2040	
0.267885	0.355407	5163	
-0.196768	0.170312	9458	
-0.113710	0.159331	2872	
-0.270206	0.042285	3629	
-0.130709	-0.467657	3437	
-0.165202	0.345063	4035	
0.023893	-0.492975	5332	
-0.210054	0.011973	5566	
-0.178780	0.091721	10125	
0.427422	-0.042326	9205	
0.324616	0.097487	8366	
0.406420	-0.121942	3243	
-0.286830	-0.134767	8076	
-0.078400	0.060076	5003	
-0.162177	-0.517840	4906	
0.134673	-0.535470	10396	
-0.183151	0.265434	4719	
-0.119154	-0.468929	11263	
-0.272828	-0.205896	6682	
0.384818	-0.143786	2965	
0.179344	0.390380	7077	
-0.084618	-0.273085	654	
-0.177387	-0.133770	7431	
-0.077668	0.294675	10229	
-0.154378	0.073843	8864	
0.276033	0.136931	6099	
-0.143579	-0.180226	3567	
-0.199499	0.253290	2739	
-0.084680	-0.088637	6565	
-0.160389	0.485370	6334	
-0.004281	-0.601987	10244	
0.194458	-0.477743	9776	
-0.286117	0.302162	5271	
-0.242102	0.129489	10291	
0.248720	0.292374	720	
-0.180819	0.340920	3048	
-0.386487	0.004637	1455	
-0.245165	-0.133663	2685	
-0.367205	-0.019638	941	
-0.060193	-0.017313	1321	
0.233394	0.209714	4666	
-0.243744	0.067924	1167	
-0.171637	0.236817	10389	
-0.211873	0.316465	7110	
0.404636	0.161062	5901	
0.321494	0.124190	8268	
-0.262929	-0.308289	6899	
-0.152592	0.175936	8462	
0.067824	0.549018	2638	
-0.155946	0.025670	10503	
0.401150	-0.162181	4903	
-0.191798	0.253507	1632	
-0.170093	0.157468	8896	
-0.098283	-0.253021	3137	
-0.075061	0.506410	385	
-0.186786	0.145769	4046	
0.264463	0.158551	6127	
-0.467179	-0.090360	9389	
-0.047524	-0.171032	735	
-0.049059	-0.228026	3279	
-0.120219	0.084147	8011	
-0.163098	0.106792	2087	
-0.162936	0.123661	5179	
-0.347677	-0.330480	1541	
-0.254105	0.444844	6147	
-0.156043	0.357487	3009	
-0.223677	-0.126993	3092	
-0.192561	-0.162297	6858	
0.430142	-0.017761	4787	
-0.252043	0.063603	562	
-0.358727	0.344853	2383	
-0.274159	0.030786	1053	
0.033569	-0.499662	6856	
-0.111972	0.340807	1819	
-0.268274	-0.087052	5946	
-0.231724	-0.171117	4661	
-0.024846	-0.333510	10569	
-0.249154	0.143062	10391	
0.391667	0.151954	3911	
0.414470	-0.128629	4236	
-0.022581	-0.119852	8701	
-0.449464	0.009476	9330	
0.052132	0.481139	4504	
0.302663	0.227502	1162	
-0.337744	0.235915	4211	
-0.145176	0.269967	1210	
-0.205303	-0.127386	1641	
-0.100130	-0.325555	3725	
0.358912	-0.223081	4354	
-0.056769	-0.191386	5461	
-0.090363	-0.066550	437	
-0.060744	0.228053	10838	
-0.206988	0.486436	2891	
-0.117326	-0.132837	4550	
0.147406	0.489300	5106	
-0.064242	-0.208375	5909	
-0.077633	-0.439233	7986	
-0.041708	-0.094706	11356	
-0.289508	-0.069049	11282	
-0.084984	0.066121	4634	
-0.447148	0.150740	5764	
0.171543	0.361038	8330	
-0.043028	-0.302886	3232	
-0.119875	0.516447	9873	
-0.138353	-0.218853	4383	
-0.156496	-0.002643	10258	
-0.112749	0.095705	4849	
0.346851	0.261792	6820	
-0.048528	-0.457700	4727	
-0.363978	0.140450	3428	
0.333776	0.081696	10988	
-0.154883	0.394428	9369	
0.327885	-0.107369	7371	
-0.085605	-0.129032	3050	
-0.077693	-0.171421	996	
-0.113544	-0.178406	2587	
0.336737	-0.412321	1937	
-0.275098	-0.052711	10250	
0.168410	-0.420744	10947	
-0.248735	-0.074126	11393	
0.179044	0.355125	8210	
-0.020479	-0.288316	10744	
0.338566	0.070463	9810	
0.240964	-0.508203	639	
-0.159579	0.054762	8034	
-0.249548	-0.029357	6151	
-0.137739	0.551094	1519	
-0.047572	-0.263680	1248	
-0.118478	0.425063	502	
-0.194945	0.044208	2363	
0.327668	-0.172389	2074	
-0.107245	-0.026664	10627	
0.330243	0.153981	2112	
0.430756	0.041301	6422	
0.316811	0.328279	8179	
-0.195479	0.202737	11172	
-0.322765	0.387435	1416	
-0.111283	-0.255908	3690	
0.223295	-0.423424	8249	
0.299521	-0.336010	6057	
-0.146803	0.546715	1519	
-0.051599	-0.149560	3604	
-0.043490	-0.065823	8480	
0.403458	0.182369	6734	
-0.441402	0.164498	10148	
-0.088540	-0.105020	2759	
-0.152660	-0.020064	11234	
-0.224963	-0.146784	3838	
-0.076786	0.218059	2315	
0.037941	0.452085	4968	
-0.230076	0.355976	9274	
-0.083120	-0.324370	1361	
0.256769	-0.398285	6287	
-0.405188	0.206872	7909	
0.407149	0.130296	420	
0.265720	-0.495142	4058	
-0.013088	-0.386910	2636	
-0.318485	-0.262640	3429	
0.389144	-0.132102	3996	
-0.136604	-0.352279	3065	
-0.147634	-0.086661	4863	
-0.228322	-0.235314	3249	
-0.084415	-0.148653	5129	
-0.217376	-0.358766	1150	
-0.180429	-0.149524	8796	
0.148552	0.413928	10424	
0.362509	-0.237611	2300	
-0.255057	0.052892	379	
0.363261	-0.208523	4354	
-0.139519	-0.090423	4863	
-0.152999	0.137509	2928	
-0.113927	-0.556143	2323	
-0.006703	-0.406910	792	
0.412658	-0.015623	3798	
0.413594	0.096503	853	
-0.085129	-0.410672	6559	
-0.134320	-0.034054	7373	
0.251444	-0.261489	922	
-0.361752	0.106275	956	
-0.332242	0.210882	8822	
-0.444019	-0.091151	5949	
0.416740	-0.027400	4620	
-0.131123	-0.344562	6078	
-0.090607	0.312545	1435	
-0.170726	0.345348	4035	
-0.019089	-0.401481	2642	
-0.063907	0.568593	8674	
-0.016006	-0.254532	6540	
-0.110450	-0.142355	7202	
-0.252061	-0.206131	5515	
0.351576	0.005838	5795	
-0.459397	-0.138938	1334	
-0.016403	-0.218883	10866	
0.011366	-0.518608	7008	
-0.042218	-0.156565	3536	
0.268827	0.247358	864	
0.367326	-0.383907	7106	
-0.098588	0.000202	5119	
-0.273837	0.005332	657	
0.367576	-0.218735	4354	
0.394151	0.152449	5171	
-0.028759	-0.476139	594	
0.247554	0.391891	5891	
-0.305220	0.274003	6270	
-0.134747	-0.443310	7399	
-0.147565	-0.231987	7649	
-0.421294	0.235571	4861	
0.148298	0.417074	10424	
-0.217044	0.266536	4656	
0.269815	0.238979	6329	
0.352867	-0.043803	3087	
-0.198138	0.086860	2715	
-0.178860	0.431935	9870	
-0.093794	0.113989	3141	
-0.056257	-0.472436	3534	
-0.247031	0.149731	10391	
-0.150090	0.479336	6926	
-0.057151	0.174764	8474	
-0.317400	0.235627	755	
0.337180	-0.278633	7559	
-0.024105	-0.498407	7107	
0.013903	0.449265	2913	
-0.033367	-0.221623	3932	
-0.092825	-0.285693	994	
0.090306	0.478589	7462	
-0.053531	0.141366	11218	
-0.170149	-0.515040	5766	
-0.363338	-0.337883	4840	
-0.369769	-0.141723	1510	
-0.079017	0.120793	10286	
-0.430864	0.135579	6564	
-0.041227	-0.141333	3800	
-0.251703	0.359221	8371	
0.248937	-0.303802	5346	
-0.296277	0.098075	3040	
-0.360363	-0.307685	2031	
0.295803	-0.366726	8887	
-0.290618	0.280402	5142	
-0.353108	0.316875	6050	
-0.378200	0.063021	4497	
0.419660	-0.009038	3798	
-0.259312	0.082023	564	
-0.170540	-0.101019	3493	
-0.153954	-0.243843	8951	
-0.183193	-0.290035	5679	
0.030923	-0.500726	6856	
-0.201167	0.023071	5627	
-0.070148	0.010146	1396	
-0.086415	0.058776	1499	
0.250242	0.181999	6808	
-0.198715	0.228638	9405	
0.304533	0.205529	910	
0.398207	-0.127878	3243	
-0.262354	-0.328243	3418	
-0.243525	-0.132575	2685	
-0.189444	-0.096699	10394	
-0.195099	-0.403225	635	
-0.100485	0.516948	8557	
0.214975	0.245373	10404	
0.320494	0.163932	9412	
-0.131710	-0.225768	4383	
-0.157095	0.304448	931	
-0.431834	0.153643	7585	
-0.040284	-0.332560	8046	
-0.121033	0.444332	3722	
-0.218013	-0.391557	451	
0.389469	-0.205986	6087	
-0.195354	-0.396901	7263	
-0.091601	0.241839	2044	
-0.100930	0.055880	2427	
-0.032119	-0.374442	1474	
-0.067022	0.205545	11328	
0.288631	-0.197779	2711	
0.165499	0.469638	2602	
-0.178550	-0.255606	5230	
0.303730	0.155333	5982	
0.056479	-0.555484	8562	
-0.235755	-0.379327	2282	
-0.356681	0.123377	615	
-0.051706	-0.117512	4587	
-0.385194	0.023899	1956	
-0.178354	-0.162979	6921	
0.134975	-0.475869	5038	
-0.004381	-0.417716	1779	
-0.221310	-0.252244	11055	
-0.127616	-0.089502	3869	
-0.217190	0.302641	8403	
-0.294362	-0.100145	5324	
-0.259826	0.122815	10529	
-0.237124	-0.105437	5597	
-0.051385	0.203851	5997	
-0.245993	0.122616	10291	
-0.247836	-0.159842	5361	
-0.419532	-0.236904	8586	
-0.290047	-0.122101	6106	
0.033756	-0.498402	6856	
-0.040347	-0.542033	4065	
-0.004906	0.535069	7608	
0.190125	-0.486693	1730	
0.026920	-0.500408	6856	
-0.320369	-0.383188	2295	
0.223393	-0.334626	5348	
-0.220203	0.087020	5391	
0.094674	0.521839	10114	
-0.067517	0.304231	10410	
-0.302726	0.146399	9270	
-0.123951	-0.291799	6129	
0.296303	0.335327	5933	
-0.092278	-0.092612	5729	
-0.091037	-0.054723	3836	
-0.166262	0.380146	10015	
-0.073084	-0.204370	4483	
0.311512	-0.450489	2339	
-0.200175	-0.302018	6461	
-0.135099	-0.299249	7690	
-0.251203	0.245646	9007	
-0.467912	0.036721	1274	
-0.143717	0.026685	11103	
0.425855	0.006115	3958	
-0.092073	-0.295464	2841	
-0.172355	0.532099	8965	
-0.233762	0.194658	2401	
-0.068776	0.089215	2640	
-0.468448	0.013322	8548	
-0.424863	-0.223734	10042	
-0.242076	0.103108	6890	
-0.141365	0.263443	2654	
-0.157819	0.239512	8448	
-0.074049	-0.009570	11286	
-0.249687	-0.053519	11240	
-0.099523	-0.026441	8122	
-0.107162	0.263353	3077	
0.169145	0.484610	2616	
-0.043700	-0.121620	1016	
-0.386885	-0.276381	10774	
0.004746	-0.543097	2697	
-0.235241	-0.477517	461	
-0.094220	-0.322468	2157	
0.298226	-0.080849	2568	
-0.225258	0.483285	2540	
-0.308191	0.077539	2567	
0.161628	0.301796	10305	
0.360627	0.021766	942	
-0.086793	0.406794	710	
-0.094559	-0.047576	3836	
0.270941	-0.257164	3172	
-0.184512	0.159699	2084	
0.250818	-0.504423	2254	
-0.306782	-0.406580	2028	
0.409111	0.018239	5396	
0.282083	-0.350988	10675	
-0.153603	0.235039	8314	
-0.360923	-0.109977	467	
-0.027869	-0.188054	10268	
-0.124108	-0.204852	2898	
-0.089060	0.095014	1917	
0.220701	0.306144	8252	
0.119631	0.522881	6920	
0.402650	0.157013	5901	
-0.173334	0.190722	7331	
0.019523	-0.434795	507	
-0.323762	0.071528	3754	
-0.197301	0.056763	3625	
-0.182845	0.341612	3048	
0.348252	-0.405898	1937	
-0.009010	-0.292229	9408	
0.183668	0.477759	5843	
-0.257807	-0.445234	427	
-0.152861	-0.224146	7649	
-0.040013	-0.323757	9833	
-0.092318	-0.068460	437	
-0.129180	0.354321	2950	
-0.109123	-0.066619	417	
0.411306	-0.134913	4236	
0.385697	-0.188084	4900	
-0.308472	-0.227297	1161	
-0.128056	0.563099	8970	
0.160972	0.491186	3221	
-0.221459	0.281542	9133	
-0.055597	-0.194884	5461	
-0.283032	-0.175673	1229	
-0.078785	-0.056931	532	
-0.115699	-0.019213	3867	
-0.180029	-0.098976	4423	
-0.066679	0.168465	7082	
-0.153987	-0.162928	4446	
-0.018151	-0.218136	10866	
-0.339824	-0.361265	3159	
-0.284787	0.311605	7367	
-0.146923	0.207216	6053	
-0.153785	-0.231066	9209	
-0.287978	0.066427	3020	
-0.224821	-0.163796	4661	
0.408797	0.125302	4109	
0.004169	-0.377634	10783	
-0.064171	0.324340	8649	
0.055083	0.401843	727	
-0.120939	0.280102	7619	
-0.123372	0.413122	4284	
-0.147085	-0.019881	7064	
0.395171	-0.197997	7861	
0.067583	-0.516885	7003	
-0.132500	-0.115566	3158	
0.376898	-0.199539	3810	
0.089150	0.378168	4404	
-0.236678	-0.089452	8931	
0.225348	-0.317716	7310	
-0.437816	0.129918	6564	
-0.219211	-0.074970	9519	
0.158726	-0.517937	1934	
-0.249108	0.167767	9281	
-0.100320	-0.060707	718	
0.406749	-0.094138	4752	
-0.390681	0.059991	4239	
-0.160792	-0.164638	5976	
-0.308633	-0.021545	3658	
-0.143985	0.130111	2727	
0.399139	-0.139826	3847	
-0.243841	-0.030215	6151	
-0.341767	0.173011	2193	
-0.076859	-0.148036	5011	
-0.122429	-0.551324	3699	
0.023673	-0.493267	5332	
-0.388623	-0.078772	5775	
0.301483	-0.006977	3107	
-0.459749	-0.099877	8603	
-0.002018	-0.339510	9600	
0.020261	-0.475519	7890	
-0.204402	-0.148143	4513	
0.163522	-0.513018	1934	
-0.177721	0.231416	1183	
0.404384	-0.140766	4949	
-0.205832	-0.281009	7032	
-0.362319	-0.309860	2031	
-0.051619	-0.461701	1723	
-0.292420	0.117770	3704	
-0.140046	-0.062628	3880	
-0.236880	0.377676	7824	
0.376772	0.186561	5156	
-0.224793	0.478694	2434	
-0.217582	0.184564	2374	
-0.151304	-0.448644	7240	
0.405332	0.076475	5776	
-0.079010	0.422373	6181	
-0.176224	0.244561	1183	
-0.057949	-0.462417	3534	
-0.300004	-0.288812	3248	
0.426637	-0.088034	6866	
-0.228228	-0.005369	5339	
-0.208046	-0.118658	897	
-0.291442	0.264244	3994	
-0.255172	-0.003528	6739	
-0.012697	-0.375091	10639	
-0.042428	-0.251368	4346	
0.119747	0.448141	5746	
-0.010082	-0.294327	9408	
-0.065426	-0.217091	2883	
0.429871	-0.066214	5917	
-0.318094	0.397728	1926	
-0.328751	0.034539	2151	
-0.211081	-0.176819	3029	
0.355852	-0.019797	4866	
-0.194889	0.239939	9405	
-0.195578	0.189562	1764	
-0.161833	0.194538	7238	
-0.133647	0.348541	3947	
-0.252845	-0.125578	3497	
-0.354741	-0.196716	3865	
-0.443564	0.123828	6510	
0.211641	0.234796	8374	
-0.071178	-0.040271	6575	
0.325699	-0.090935	4649	
-0.007893	-0.245530	5929	
-0.187991	0.029544	3099	
-0.132340	0.419955	8752	
0.080254	0.531198	11188	
0.286716	0.089566	2847	
-0.320634	0.370684	8861	
0.326345	0.158679	9412	
-0.202535	0.429115	4580	
-0.399875	-0.264639	7378	
-0.132181	0.039453	6974	
-0.000882	0.572664	9421	
-0.023173	-0.345507	3262	
-0.139664	-0.239364	5326	
-0.168576	-0.141717	5896	
0.342682	-0.106554	1089	
0.108331	0.431895	7397	
0.175446	-0.389573	1048	
-0.181299	0.033761	3099	
0.309145	-0.343754	10831	
0.417635	0.088727	944	
-0.237697	0.146891	6216	
-0.432410	-0.191076	526	
-0.272997	0.431362	8526	
0.302804	0.353354	1550	
-0.220500	-0.104903	4073	
0.375033	-0.225286	4354	
0.020261	-0.475519	7890	
-0.163166	0.213867	6038	
-0.053964	0.083410	10261	
-0.003658	0.467165	503	
-0.088649	0.128758	11137	
0.208128	-0.467991	1059	
0.359623	0.040061	1940	
-0.376807	0.097951	2382	
-0.119137	0.294134	4586	
-0.135101	0.192570	5298	
-0.205345	0.256629	2739	
0.161885	-0.335735	2489	
-0.010480	-0.212919	7334	
-0.295692	-0.007437	2592	
-0.247373	-0.340126	2322	
-0.421658	0.182435	8040	
-0.076234	-0.110280	2620	
0.018618	-0.603740	8587	
-0.271610	-0.193892	7914	
-0.071363	-0.421004	3079	
-0.147870	-0.275575	6511	
-0.094053	-0.232679	2015	
-0.105059	0.041461	3895	
0.257949	0.172411	6202	
-0.223983	-0.160788	5652	
-0.179854	0.155747	4100	
-0.024746	-0.393248	3224	
-0.266675	0.422467	10588	
-0.101198	0.202771	5282	
-0.164335	-0.051236	2627	
-0.442984	-0.093434	5949	
-0.079162	-0.258082	4311	
-0.085208	0.387746	358	
0.160783	0.404658	10288	
0.055877	0.503632	7153	
-0.376091	0.104067	2380	
-0.064620	0.142911	9190	
-0.100880	0.213765	5009	
-0.192733	0.106552	3875	
-0.126329	0.250838	9767	
0.097004	0.519122	10114	
-0.082790	0.530055	865	
-0.338144	-0.374470	3986	
-0.164133	0.346318	4035	
0.349648	-0.035161	3042	
0.144506	0.312773	9267	
-0.153034	-0.223528	7649	
0.186005	0.365040	8269	
-0.270947	0.027742	1563	
-0.071838	0.258758	591	
-0.065104	-0.031414	6194	
-0.091257	0.171591	2672	
-0.039553	-0.219974	2396	
-0.271818	-0.156174	6609	
-0.148831	0.068129	6937	
0.306351	-0.211404	4390	
-0.291662	-0.309973	5938	
-0.100405	-0.266551	4287	
-0.152398	-0.430302	10694	
-0.434036	0.135872	6564	
-0.107343	0.156236	6160	
-0.035358	-0.228127	3932	
-0.061584	-0.169744	6582	
-0.124654	0.393696	5531	
0.229099	0.400925	5143	
-0.382631	0.029792	1956	
-0.195929	0.092091	2284	
-0.227474	-0.149476	3838	
0.357993	0.031642	970	
0.091714	0.538197	10520	
-0.151581	-0.448361	7240	
-0.181744	0.220704	9762	
-0.131095	-0.263557	5429	
-0.363414	-0.176475	7013	
0.270533	-0.379633	7506	
-0.157321	0.309893	1262	
-0.209839	-0.272861	11034	
0.224000	-0.244500	4639	
-0.126322	-0.287685	6129	
-0.309394	0.042490	1715	
-0.228167	0.231011	4674	
-0.252364	0.461528	5675	
-0.138589	0.053508	7945	
-0.263923	0.037366	1011	
0.312185	-0.141425	10518	
-0.103093	-0.248900	3137	
-0.045761	0.534421	1468	
0.032743	-0.496783	6856	
-0.050033	0.570998	856	
-0.054627	0.131818	1228	
-0.463092	-0.103870	8603	
0.363367	-0.213790	4354	
-0.133842	0.239260	10313	
-0.267665	0.020048	1563	
0.409955	0.111772	4109	
-0.061619	-0.189639	5461	
-0.433669	0.161502	7931	
-0.282646	-0.077655	2848	
-0.276203	0.324182	7646	
-0.066360	0.332251	9409	
-0.315221	0.072112	3754	
0.289760	0.358643	7093	
0.008194	0.468371	3949	
0.345896	0.083593	3439	
0.349392	-0.273844	11029	
-0.463718	-0.022638	6089	
0.299526	0.331650	987	
-0.307947	-0.031669	1063	
-0.273397	-0.068614	908	
-0.316782	-0.075896	5460	
-0.110028	-0.125860	5445	
-0.299883	-0.257880	10251	
-0.110669	0.272157	4190	
-0.082113	0.079749	2975	
-0.105624	0.239065	2141	
-0.174482	-0.108021	3493	
-0.179314	-0.510577	8868	
0.015247	-0.385209	9965	
-0.051423	0.203171	5997	
-0.125627	-0.121669	4031	
-0.143731	0.118814	5285	
-0.055828	0.258899	7306	
0.152108	-0.426475	6056	
-0.240928	-0.036817	6888	
-0.252983	-0.217019	6273	
0.384136	-0.212374	4704	
0.268065	0.371702	5911	
-0.335774	0.349056	4952	
-0.441722	-0.140181	1334	
0.295518	-0.201618	2755	
-0.280990	0.171259	1014	
-0.264462	-0.057685	846	
0.326189	-0.434802	2551	
-0.197218	-0.100251	9301	
0.206781	0.351679	10580	
-0.188096	0.054649	2329	
-0.227143	-0.146964	3838	
-0.071481	-0.204516	4483	
0.162844	0.405406	10288	
-0.449399	-0.132990	1334	
0.110006	-0.410667	2462	
0.297341	0.211887	1046	
0.354814	-0.002484	5147	
0.076319	-0.523114	866	
-0.382835	0.027179	1956	
-0.188937	-0.132843	9057	
0.264665	-0.242885	1762	
-0.219822	0.165351	2997	
0.322204	-0.307372	10839	
-0.140466	-0.098193	1078	
-0.109831	-0.163139	645	
-0.239389	-0.150245	4060	
0.374014	0.185053	5156	
-0.090013	0.573782	10293	
0.403018	0.093012	777	
-0.288292	0.033854	1171	
-0.037384	-0.389304	6389	
-0.129008	-0.177107	2458	
0.419877	-0.056996	5917	
-0.134421	0.312282	2448	
0.286080	0.370529	1204	
-0.357341	-0.122325	467	
-0.059334	0.133872	1428	
-0.264814	0.009104	1999	
-0.356633	-0.165246	2099	
-0.260265	0.112795	10414	
-0.255370	0.166648	4358	
0.298886	-0.340257	6057	
-0.225617	-0.202700	2543	
-0.178407	0.033251	3099	
-0.137021	0.412608	10208	
-0.325772	-0.215000	2049	
-0.114992	0.414688	2461	
0.170104	0.470436	2602	
-0.224627	0.022595	5953	
-0.265327	0.226270	3716	
-0.075297	-0.416314	4657	
-0.072524	0.542063	11212	
0.315360	-0.328118	10088	
0.219805	0.225251	1948	
-0.134865	0.057062	7945	
-0.078256	0.154474	2465	
-0.107892	0.460834	2468	
-0.222465	0.390644	7440	
-0.071762	-0.456635	8334	
0.228443	-0.332125	5348	
-0.097346	0.346051	1324	
0.412380	0.024439	5396	
-0.014755	-0.543833	4831	
0.251901	0.286225	720	
0.197262	-0.483226	1730	
-0.246156	-0.209245	5515	
-0.293011	-0.259188	10251	
-0.080584	-0.197375	4483	
0.026925	-0.500411	6856	
0.243633	0.188431	6808	
-0.160191	-0.258968	6445	
-0.249410	0.462761	5675	
0.274859	0.365028	5913	
0.388054	-0.204231	4704	
-0.347833	0.350336	1745	
-0.282772	0.427717	1308	
-0.071616	-0.104133	1766	
-0.136419	-0.279844	6955	
-0.146539	0.469553	8657	
-0.202309	-0.014879	1351	
-0.099612	-0.023220	10627	
-0.224434	-0.265976	11059	
-0.086835	0.224613	2630	
-0.087021	-0.334842	2229	
-0.059481	0.058853	9352	
-0.369809	-0.095988	3352	
0.115465	0.415847	6203	
-0.200735	-0.177538	7018	
-0.224783	-0.061376	5851	
-0.015961	-0.488485	2251	
-0.190486	0.071822	2418	
-0.026073	-0.235463	9377	
-0.329191	0.027093	3599	
0.369986	0.209651	5138	
-0.088906	-0.572751	9159	
-0.258305	0.209292	8916	
0.115255	0.519041	1598	
-0.278822	-0.141726	6100	
-0.126943	0.299368	4586	
-0.126602	0.097371	7583	
-0.358984	0.173357	1881	
-0.241469	0.150431	10391	
-0.126406	-0.149528	1471	
-0.450405	0.155015	5764	
-0.073762	0.352742	4702	
-0.031861	-0.470661	1033	
-0.132336	-0.104411	734	
0.072877	0.372533	2665	
0.111729	0.444843	9122	
-0.177343	0.525946	2865	
-0.110906	-0.389890	9350	
-0.271944	0.092135	619	
0.132531	0.414509	10167	
0.020699	-0.456131	6242	
-0.036999	-0.281128	2506	
0.234456	0.312079	1760	
-0.047900	-0.134758	2908	
-0.372194	0.111526	2380	
0.216001	0.336694	10018	
-0.325240	0.030511	3906	
0.163367	-0.566132	2140	
-0.429317	-0.167394	340	
0.296859	-0.220972	10405	
-0.283190	-0.163654	6609	
-0.077187	-0.047880	532	
0.359945	-0.226943	2300	
-0.196564	-0.016079	1351	
-0.241153	0.123936	10291	
-0.104320	0.435902	690	
-0.215226	0.182743	2200	
-0.156838	0.117066	5179	
-0.115195	0.567793	1326	
-0.006631	-0.323340	4194	
0.306687	-0.197664	2722	
-0.068698	-0.323382	1069	
-0.253250	-0.023145	2249	
-0.251531	0.167529	9281	
-0.014697	0.495858	9677	
0.241195	0.313170	1984	
-0.160000	-0.093271	1498	
-0.173782	-0.067950	2542	
-0.049387	-0.106883	824	
-0.083036	0.382922	604	
-0.069362	0.211441	10434	
-0.075588	0.303497	11102	
0.086433	0.540419	4502	
-0.149551	0.002549	9510	
0.018348	-0.407490	6180	
-0.125208	-0.191718	2343	
-0.126144	-0.466716	3437	
-0.105173	-0.206564	2776	
-0.128139	-0.281397	4490	
0.302835	0.023006	3657	
-0.063881	0.283698	7407	
0.299010	-0.059708	3089	
-0.108660	0.116611	3898	
0.329294	-0.423313	2479	
-0.091993	-0.171256	10631	
-0.279177	-0.020216	899	
0.221054	0.339873	10018	
0.387602	-0.132819	3996	
0.404939	0.171235	5171	
-0.082591	-0.430507	5690	
-0.070687	0.502236	385	
-0.379467	-0.026678	3598	
-0.426564	-0.215189	1970	
-0.109488	0.297638	11047	
-0.296368	-0.419835	1486	
-0.060703	-0.266477	4910	
0.023404	0.564137	8402	
-0.024591	-0.311510	9647	
0.013958	-0.513471	7008	
0.236855	0.322392	10748	
-0.256406	0.201756	2710	
-0.304227	0.275536	6270	
0.271647	-0.154352	8793	
0.348134	0.262609	6820	
-0.075409	-0.090486	3616	
-0.264412	0.460209	8870	
-0.146418	0.333376	2497	
0.344991	-0.117774	616	
0.301909	0.340425	987	
-0.085486	0.075477	2975	
-0.024612	0.571441	869	
0.236166	0.307409	1760	
-0.072381	-0.326442	861	
-0.157955	0.292084	2594	
-0.290306	0.030173	1171	
-0.220408	-0.491231	11145	
-0.165310	-0.054954	2627	
0.359950	-0.395692	5231	
0.339095	0.290426	9028	
0.326990	-0.151352	3306	
-0.249544	0.168695	9281	
0.316905	-0.292807	8623	
-0.084101	-0.181523	1166	
-0.084885	-0.192397	3415	
-0.397737	0.028112	1956	
-0.050603	-0.295676	2683	
-0.088959	0.093942	1831	
-0.294283	0.034086	1742	
-0.280646	0.419534	1082	
-0.209560	0.106713	5370	
-0.173195	-0.081596	3127	
0.346014	0.245822	5065	
-0.226586	0.233775	3508	
-0.285703	-0.004826	1039	
-0.373344	-0.312154	3526	
0.067832	0.537339	624	
-0.084696	0.565355	11225	
-0.220484	-0.045753	3821	
-0.412563	-0.222603	11156	
-0.211709	0.181729	2200	
-0.464664	-0.078182	6362	
0.193189	-0.385533	10171	
-0.282942	0.438941	7609	
-0.160753	-0.096510	1498	
-0.106545	-0.133678	4550	
-0.211454	0.492359	1757	
-0.160149	-0.150245	3757	
-0.018116	-0.382578	10668	
0.045993	0.400130	8352	
0.322218	0.117480	8268	
-0.262543	-0.062544	11180	
-0.259526	0.119889	10529	
-0.309607	-0.386386	475	
-0.170045	0.300460	1393	
0.302133	-0.000304	3107	
-0.121490	0.346938	3145	
0.125223	0.443752	7358	
-0.233734	-0.153786	5652	
-0.215844	-0.205000	3035	
-0.309729	0.406276	2134	
0.379855	-0.192416	3810	
-0.292043	0.038269	2185	
-0.086738	-0.315922	3883	
0.296466	-0.179970	9844	
-0.103258	-0.420144	8211	
-0.178563	-0.095220	4423	
-0.096519	0.077029	3855	
-0.009642	-0.293702	9408	
-0.450586	-0.134629	1334	
-0.295006	-0.000350	3108	
-0.089455	-0.184577	1166	
-0.397019	-0.031832	4680	
0.026345	0.423414	3313	
-0.087210	-0.291314	2733	
-0.101634	0.309551	1783	
