time = 208.5	Re = 1
-0.924287	-0.310032	3225	
-0.662679	-0.716208	1677	
0.557139	-0.806955	3252	
0.983364	-0.016063	1044	
-0.666640	0.733644	4269	
0.627069	0.707481	4396	
0.504358	0.799899	303	
0.132525	0.937656	5275	
-0.514637	0.799413	4489	
-0.951146	0.049652	1806	
-0.373482	-0.880651	5348	
0.791073	0.552829	5022	
-0.695987	0.675369	1659	
-0.417678	-0.882234	3904	
0.983009	-0.011063	1044	
-0.673855	-0.733851	1677	
-0.781002	-0.488624	5515	
-0.673587	-0.624830	5120	
-0.195413	-0.898214	5182	
0.452433	-0.807722	4109	
0.917947	-0.104909	1971	
0.166125	0.913337	5462	
-0.906598	0.219737	960	
-0.164282	-0.922775	1107	
0.939556	0.079088	4261	
-0.630180	0.710605	4535	
-0.047885	-0.956138	5250	
0.774952	0.575022	461	
-0.972172	-0.004720	4698	
0.864729	-0.463381	1924	
0.871116	-0.186620	3682	
0.884202	-0.110390	2988	
0.831625	0.345989	5256	
0.087560	0.890803	420	
-0.901183	-0.013155	5184	
0.037758	-0.904946	4167	
0.889740	0.205400	3765	
-0.326060	0.858871	3567	
-0.786407	-0.479372	5515	
0.894693	-0.227224	5332	
-0.760721	0.538178	651	
0.131295	-0.929680	5456	
0.232684	0.916682	5507	
-0.257192	-0.921093	4809	
0.651380	0.711231	4396	
-0.557522	-0.799862	681	
0.851510	0.166566	3675	
0.642162	0.580827	1569	
-0.004991	0.865649	3388	
-0.761380	0.412965	2192	
-0.463205	-0.736016	886	
0.875787	-0.023580	2719	
-0.349214	0.819194	287	
-0.307214	-0.830692	4667	
0.748466	0.496391	3467	
-0.679787	-0.596050	5602	
0.876147	0.261251	5516	
-0.818117	0.407534	5700	
0.679879	-0.622769	5354	
-0.809252	0.461937	5737	
0.713773	-0.611106	5437	
-0.875844	0.368315	1218	
0.906703	0.329771	5241	
0.717241	0.675102	560	
0.771241	-0.307101	2685	
0.822329	-0.117823	3793	
0.458446	0.695991	3420	
-0.695782	0.465197	2749	
-0.172485	-0.823001	390	
0.716542	0.472405	4409	
-0.853600	0.002947	593	
0.763087	-0.390909	482	
-0.843721	0.197294	4176	
0.870971	-0.085354	3136	
-0.883726	0.015098	2565	
0.891063	0.053053	754	
-0.730804	-0.534769	3683	
0.598502	0.686357	3049	
-0.804619	-0.448397	4338	
0.296825	0.879021	2690	
-0.015060	-0.937261	5551	
-0.592150	0.741818	459	
0.902629	0.340782	5218	
-0.753998	-0.616472	2365	
-0.797042	-0.154220	716	
-0.709387	-0.414858	831	
-0.246140	-0.759741	1973	
0.805139	0.018265	4898	
-0.812116	0.000798	4297	
0.812101	-0.084471	2724	
-0.556872	-0.613267	4193	
0.498937	0.667614	3190	
-0.243977	-0.804147	2456	
0.049880	0.847160	3489	
0.366813	-0.790170	4318	
-0.825556	0.261708	3700	
0.814434	0.352292	5256	
-0.454941	-0.759149	4848	
-0.096203	0.891991	5425	
0.884577	-0.201732	4950	
-0.914540	0.031986	3287	
0.338160	0.863850	705	
0.172467	-0.923009	5197	
-0.926499	0.211430	3446	
0.597590	0.756904	1339	
0.496883	-0.843423	5128	
0.132637	-0.767246	1969	
0.415173	-0.674621	5110	
0.709473	0.369956	1130	
-0.775316	-0.074816	3180	
0.145377	0.767463	596	
0.308244	-0.757795	2738	
-0.782169	0.151377	2377	
0.805261	0.052004	4526	
-0.003220	-0.814740	4707	
-0.826730	-0.063759	4918	
0.401515	0.729703	3053	
0.342170	-0.788775	4462	
-0.842419	0.123853	3555	
0.379220	0.774149	3545	
0.591302	-0.646082	1423	
-0.856872	-0.245657	5220	
0.205678	0.869482	1115	
0.895992	-0.143232	972	
-0.844540	-0.368124	1505	
-0.239127	0.900246	5640	
0.936669	-0.087613	874	
0.062660	-0.954910	565	
-0.955305	0.170731	2871	
-0.125796	-0.717312	4137	
0.453036	-0.595891	3084	
0.535436	0.508748	1524	
0.539071	-0.514134	860	
-0.534905	-0.532520	3969	
-0.705677	0.280263	1024	
0.553356	0.538246	3869	
0.781583	0.099986	2836	
0.386499	-0.718844	2534	
-0.639287	-0.498300	1205	
0.062306	0.803200	3900	
0.815547	0.129234	2521	
0.554744	-0.623661	5272	
-0.690262	-0.495518	2678	
-0.189782	0.837061	2937	
0.857401	0.097996	4191	
0.553703	-0.680516	429	
-0.667326	-0.584891	5415	
-0.672972	0.594192	509	
0.438146	0.797794	5629	
0.507915	-0.771590	5558	
-0.568933	-0.742221	665	
-0.729763	0.605932	5467	
0.488896	0.831200	4863	
-0.511028	0.472267	1801	
-0.018203	-0.699600	1282	
0.677239	0.332129	4929	
0.707501	-0.065401	3310	
0.726859	0.095894	2367	
0.536750	-0.498815	860	
0.657469	-0.342434	2547	
0.444815	-0.633628	3686	
-0.102002	-0.755112	3424	
-0.774859	-0.095740	4834	
-0.780866	-0.203859	4776	
-0.100124	0.796134	4614	
0.798941	-0.069370	1977	
0.605421	-0.547742	2797	
0.116403	-0.826913	4287	
-0.773860	-0.367954	4596	
-0.436947	0.743740	5131	
0.166699	0.846252	2732	
0.850591	0.241082	583	
0.594775	-0.662766	751	
-0.064458	-0.901001	4720	
-0.904993	0.129301	3212	
-0.241805	0.899402	5640	
0.781560	0.529832	3930	
0.921760	-0.268704	4912	
0.132812	-0.967709	2644	
0.369000	-0.596738	628	
0.656042	-0.130216	4392	
-0.109556	-0.663531	1687	
0.538133	0.439595	897	
-0.504546	0.479907	1413	
-0.675685	0.200866	1114	
-0.397962	-0.596885	4273	
-0.186181	-0.704201	2539	
-0.740876	-0.137497	1542	
-0.643003	-0.431957	348	
-0.745832	-0.279184	1167	
-0.225195	0.763005	1995	
-0.561590	0.552353	4427	
0.501360	0.613601	3365	
0.777099	-0.192435	2390	
0.710996	-0.396787	3825	
0.626927	-0.544540	3417	
0.028883	-0.842869	4953	
-0.738460	-0.450278	3303	
-0.854199	-0.188088	3634	
-0.828029	0.301303	5617	
-0.332290	0.839807	521	
0.032168	0.910939	3307	
0.918703	0.102210	5163	
0.724558	-0.596777	323	
0.296945	-0.911288	5143	
-0.590353	-0.774314	1923	
-0.404422	0.542934	2256	
-0.037026	-0.669834	4500	
-0.269985	0.691557	1009	
-0.592220	0.363517	2091	
-0.683109	0.172945	1945	
-0.654679	-0.381041	3979	
-0.689480	-0.347031	3552	
-0.407658	0.647657	342	
-0.719327	0.200618	1200	
-0.697452	0.298044	1024	
-0.023798	0.770451	1752	
-0.695944	0.359786	1943	
-0.146611	0.793405	3781	
0.456375	0.661134	2457	
0.359707	0.734449	2633	
0.159957	0.817540	743	
0.467311	0.705377	3420	
0.734572	0.466432	4370	
0.715265	0.516381	3635	
0.863031	0.248237	4162	
0.895956	0.164627	3295	
0.560690	-0.732367	4094	
0.096075	-0.932770	707	
-0.315889	-0.900779	2516	
-0.828553	-0.510271	4637	
0.242574	-0.659244	4231	
-0.630715	0.205870	5251	
0.665524	-0.019637	1865	
0.487717	0.467491	524	
-0.687694	-0.008752	906	
-0.628839	0.297499	4814	
-0.565327	0.418235	2636	
-0.721212	-0.099361	4440	
-0.731880	-0.114110	5355	
-0.284672	0.722816	804	
-0.746615	0.047057	3168	
-0.696734	-0.381959	4914	
-0.760807	0.116313	1499	
-0.356380	-0.700829	1726	
-0.427512	-0.673931	2470	
-0.521514	-0.622176	2054	
0.119461	-0.826318	4287	
0.155940	-0.835331	3889	
0.067716	-0.855372	3704	
0.324732	-0.820909	5379	
0.504040	-0.737749	5512	
0.658456	-0.622209	555	
-0.192581	-0.896755	5182	
-0.122819	-0.928289	5605	
-0.497508	-0.813590	2416	
-0.805550	-0.545683	2319	
0.240677	-0.659821	4231	
0.235859	-0.659844	3000	
0.171340	0.635198	2202	
-0.008321	0.663306	2513	
0.680141	0.237140	5359	
0.498038	0.457989	524	
-0.629833	0.277556	2949	
-0.636322	0.281675	4814	
-0.434018	0.577006	711	
-0.720929	-0.094569	1240	
-0.626958	-0.420603	1352	
-0.736491	0.002324	2933	
-0.031913	-0.750646	2890	
0.563312	-0.520259	5476	
0.678494	-0.373654	4988	
0.736268	0.359584	2051	
0.542393	0.595157	4223	
-0.409293	0.733910	4904	
-0.836589	0.043527	5649	
-0.818710	-0.282908	4470	
-0.542912	-0.678113	2866	
-0.224611	-0.855843	518	
0.276679	-0.866761	797	
-0.360750	-0.842584	5734	
-0.089503	-0.932132	464	
-0.253697	-0.920188	4809	
-0.502183	-0.834161	2165	
-0.911953	-0.393830	4420	
0.618014	0.190917	4671	
0.376063	-0.513904	778	
0.642745	-0.075069	2623	
0.586566	0.192510	3893	
0.252143	-0.652157	4231	
-0.028104	0.652280	2320	
0.622013	-0.250145	5193	
0.674756	0.115944	1604	
-0.196773	0.695824	4496	
-0.638038	0.277845	625	
-0.603161	0.361661	3023	
-0.255786	-0.670504	411	
0.296772	-0.715843	1230	
0.744219	0.213151	346	
-0.387761	0.690089	1432	
-0.615980	0.459738	3128	
0.049140	-0.790918	3897	
0.302588	-0.768640	1983	
0.793650	0.265362	1410	
-0.247890	0.813239	4412	
-0.648815	0.548818	4778	
-0.828240	-0.293948	5478	
-0.353923	-0.810527	5328	
0.308247	-0.856615	3357	
-0.134072	-0.907340	4951	
0.206756	-0.915775	5525	
0.428918	-0.857285	3843	
-0.442776	-0.169111	1342	
-0.560458	0.324622	1667	
-0.446724	-0.452163	2902	
0.389901	-0.478333	1255	
0.380439	-0.481950	1255	
-0.489151	-0.329581	2679	
0.538729	0.148400	5148	
0.233509	-0.656981	3000	
-0.570260	-0.384874	3739	
0.178873	-0.678428	4752	
-0.341736	0.656279	1002	
-0.685652	0.110649	763	
0.458572	-0.556915	2143	
0.165603	0.703635	5366	
-0.213261	0.736161	4508	
0.108823	-0.755153	1969	
0.765221	-0.021664	1508	
-0.776175	0.110207	1464	
-0.312876	-0.733933	1814	
0.655984	-0.481897	4442	
0.329582	0.763756	2648	
-0.519089	0.681132	4429	
-0.806247	-0.352400	5228	
-0.151163	-0.871891	3138	
0.729480	-0.535898	308	
0.663262	-0.638353	555	
0.821661	-0.453470	5714	
0.957995	-0.064680	795	
0.160666	-0.560525	4955	
-0.505449	-0.128975	3259	
0.619067	0.058777	2487	
0.443033	0.338025	655	
0.354492	0.521762	2940	
0.251430	0.584660	2631	
0.276494	0.573460	2615	
0.422286	0.310188	4046	
0.218453	-0.389153	377	
0.251822	-0.651633	4231	
-0.605668	0.284611	2949	
0.686006	0.213769	5088	
-0.087318	-0.683118	2127	
0.536840	0.464548	1128	
-0.551588	-0.473847	3100	
0.700000	-0.206406	4999	
-0.642264	0.379030	409	
0.279157	-0.747217	1161	
0.030660	0.781150	2752	
-0.683860	-0.447212	1944	
0.430212	-0.712425	5325	
0.285606	0.781304	2683	
-0.692483	0.491001	3164	
-0.455113	-0.739109	886	
0.617961	-0.639321	1614	
0.842225	0.356070	4300	
0.874153	0.309661	3800	
0.611260	0.717480	1805	
0.225783	0.937514	5596	
0.169661	-0.436542	1452	
-0.477077	-0.320533	2679	
0.383337	0.160936	4264	
0.350813	0.523003	2940	
0.423991	0.423411	3135	
0.339460	0.260301	1358	
0.318393	0.176822	4178	
0.340470	0.264463	1358	
0.362663	0.502941	2415	
0.061771	0.623528	5680	
0.526205	0.111747	5572	
0.231474	-0.652818	3000	
0.494899	-0.444754	3156	
-0.078284	-0.674666	1595	
-0.693154	0.039248	3126	
0.321991	0.635251	1946	
-0.421971	-0.591566	2517	
0.297761	0.680776	1939	
-0.343135	-0.678404	1236	
0.411219	0.661125	1204	
-0.650510	-0.485364	1205	
0.695410	-0.421862	609	
-0.404225	0.750315	4084	
-0.743459	-0.442084	3303	
0.512970	-0.712233	5072	
0.738698	0.508441	3139	
-0.229901	0.886198	4060	
-0.519148	0.772914	1554	
-0.887013	0.335549	762	
-0.952575	-0.188018	542	
-0.951477	-0.282377	1466	
0.368058	-0.518842	624	
0.304567	-0.433551	2340	
0.448857	0.353355	1349	
0.432341	0.405736	3113	
0.392356	0.078419	1003	
0.260436	-0.315269	2001	
0.034041	-0.526502	1099	
-0.323538	-0.511380	2353	
0.037249	-0.506731	2507	
0.354505	-0.381652	3002	
0.328538	0.243449	1127	
-0.004565	0.616407	4790	
0.138022	-0.433546	5474	
-0.600541	-0.343515	5633	
0.585099	0.387450	2768	
-0.096317	0.698136	2097	
0.463348	-0.550720	2143	
-0.711299	-0.303643	1211	
0.518380	0.537327	2166	
-0.310280	-0.694068	1643	
-0.054489	0.784235	4229	
-0.200675	-0.772177	2831	
0.718546	0.426239	3410	
-0.831763	-0.155795	5492	
0.332720	-0.803845	5237	
0.507816	0.713584	4938	
-0.602449	0.664613	4170	
-0.896785	-0.193706	4218	
-0.237953	-0.904357	4809	
0.452840	-0.844453	4372	
-0.451056	-0.238692	2812	
-0.328288	0.496562	4801	
0.631976	-0.021238	812	
0.430481	0.436505	2564	
0.322091	0.181692	4178	
0.221266	-0.298987	1381	
-0.301424	-0.091040	5078	
0.238933	0.553167	1843	
0.322223	-0.308314	3802	
0.125641	-0.225803	678	
0.275118	0.063248	877	
-0.447858	0.365227	2401	
0.168127	-0.289485	4070	
0.422923	0.397824	3113	
0.467473	0.365266	1400	
0.248880	-0.656526	4231	
-0.643612	-0.336188	1248	
0.692524	0.005752	1182	
-0.089010	-0.700613	2127	
-0.685651	-0.352948	3552	
0.221195	0.709245	1611	
0.431266	-0.659119	2438	
-0.787785	-0.052795	3868	
0.499080	-0.639553	2959	
-0.599611	0.563226	4783	
0.466888	-0.714920	5708	
0.508577	0.692947	4938	
-0.882274	-0.038770	1810	
0.327791	-0.849167	3357	
0.789718	-0.472312	5083	
0.878494	0.344387	5047	
0.181716	0.947040	3072	
-0.035648	-0.643475	5268	
0.438122	0.158150	4943	
0.126758	-0.574893	4411	
0.383694	0.273035	4711	
0.425720	0.361685	1402	
0.603310	-0.040192	520	
-0.344997	-0.324537	2835	
0.237534	0.183324	3525	
-0.113605	0.205361	746	
-0.242731	-0.287204	3946	
-0.301894	-0.480704	2326	
-0.296430	-0.351964	3474	
-0.099263	-0.205480	396	
-0.101840	-0.576517	3319	
-0.422673	-0.033733	3149	
0.383576	0.078418	1003	
-0.001027	0.618808	1071	
0.568927	0.186742	3125	
0.030180	0.665001	1959	
0.694347	0.071322	1480	
0.518346	-0.486004	3459	
-0.328904	-0.647925	4794	
-0.712816	0.219611	1200	
0.763174	0.201778	294	
0.362203	-0.732615	4112	
0.306877	0.741335	1068	
0.480099	-0.689679	4983	
0.132940	0.835676	3188	
-0.672666	-0.554776	5230	
0.821168	-0.337169	4601	
0.015870	0.910637	3980	
-0.667558	0.646089	5630	
-0.905906	-0.293340	958	
-0.314851	-0.921305	3181	
-0.471410	0.430995	3661	
-0.608982	-0.127400	1145	
0.164956	-0.397535	3903	
0.470574	0.105460	4062	
0.446396	0.394773	2497	
0.342109	0.125244	2084	
0.075295	-0.350887	4327	
-0.111395	0.267088	4006	
-0.331036	-0.013493	4400	
-0.101815	-0.232171	5638	
-0.206400	-0.291147	1794	
-0.247652	-0.342576	2600	
-0.283636	-0.468333	4221	
-0.164601	-0.292506	586	
-0.037461	-0.343695	4679	
-0.322063	-0.465228	3353	
0.104515	0.583780	5262	
0.526527	-0.314604	4567	
-0.056612	0.599191	1900	
0.564819	0.185306	3125	
-0.564170	-0.395893	1309	
-0.241022	0.703992	3210	
0.109111	0.703381	2578	
0.730323	-0.027179	3344	
0.409757	-0.665052	4590	
-0.749763	0.166867	1737	
0.500387	0.613138	3365	
-0.193098	-0.786778	2831	
-0.282677	0.803316	548	
-0.437202	-0.731337	3731	
0.575078	0.660958	2566	
-0.882042	0.163453	4333	
-0.506780	-0.762583	1076	
0.673644	-0.652487	1189	
0.545059	0.794584	1262	
0.472082	-0.419000	2372	
0.624165	-0.149541	2880	
0.367121	0.183033	4980	
0.439991	0.355886	1349	
0.344805	0.255932	359	
0.377096	-0.398768	1818	
-0.285866	-0.118457	5308	
0.329121	-0.314492	3707	
-0.074995	-0.232853	5638	
-0.160147	-0.271733	2482	
-0.223335	-0.517986	527	
-0.183885	-0.518791	4271	
-0.075328	-0.420561	1300	
-0.074862	-0.420020	1300	
-0.215638	-0.332466	942	
-0.174006	-0.293626	1149	
-0.070598	-0.242436	856	
0.235703	0.184929	3525	
0.552120	-0.275621	1899	
-0.037190	0.609854	1884	
0.242798	-0.649030	4231	
0.479992	0.474324	546	
-0.699296	-0.124231	5732	
-0.327214	-0.637571	4079	
-0.499681	0.546333	1322	
-0.669167	0.355057	4241	
0.776404	-0.024195	1508	
-0.073950	-0.795203	3316	
-0.071795	0.820345	5254	
0.529007	-0.663509	389	
-0.386163	0.786847	4293	
-0.232233	-0.853089	552	
0.800563	0.440147	2184	
-0.237821	0.899899	5640	
-0.919015	0.233501	744	
-0.520490	-0.821744	2165	
0.364712	0.251608	430	
0.390302	0.295356	3943	
0.419284	0.335651	1279	
0.334002	0.224849	1127	
0.601572	-0.022802	549	
-0.055719	-0.595192	2387	
-0.026335	0.413896	4824	
-0.119675	0.202767	746	
-0.156462	-0.253044	5627	
-0.237483	-0.334591	2600	
-0.225101	-0.500731	487	
-0.187093	-0.354159	1266	
-0.156096	-0.504655	2213	
-0.102085	-0.452328	1741	
-0.216174	-0.491047	4900	
-0.087799	-0.383982	2369	
-0.195050	-0.530639	5387	
-0.073220	-0.240946	856	
0.024106	0.565518	2287	
0.345413	0.104511	1631	
0.465218	0.395741	2118	
0.009303	-0.650252	4577	
0.459019	-0.509346	2171	
0.326802	0.620507	1946	
-0.262428	0.722142	3590	
0.470882	0.575263	3167	
0.750076	-0.141865	2502	
0.108437	-0.789540	4108	
-0.002332	0.805792	2877	
0.824939	-0.084286	3177	
-0.788184	0.313895	2682	
0.848354	-0.203077	4038	
-0.476487	0.764592	368	
-0.701224	-0.590583	2036	
0.622460	-0.701738	709	
0.446682	0.853786	3445	
-0.138226	0.976249	4484	
0.335360	0.167007	1999	
0.333323	0.170285	1999	
0.405178	0.080242	1003	
0.598460	-0.165845	2555	
0.045363	-0.458320	5449	
-0.580720	0.179062	1759	
0.152956	-0.221685	398	
-0.174248	-0.217295	2435	
-0.127941	-0.271230	5229	
-0.137121	-0.538820	683	
-0.082823	-0.407546	1526	
-0.177420	-0.500021	1760	
-0.149168	-0.396041	2324	
-0.210275	-0.426050	2068	
-0.203011	-0.402839	2476	
-0.098145	-0.441091	2164	
-0.098454	-0.368029	2505	
-0.200974	-0.304211	4415	
-0.167021	-0.204605	4629	
-0.356910	-0.048353	1678	
0.362416	0.499207	2415	
0.123487	-0.498171	3874	
0.641017	-0.194511	4504	
0.332346	-0.666754	1018	
0.699165	-0.117049	4274	
0.595860	-0.419072	3830	
0.488432	-0.585896	4187	
-0.650323	-0.450646	723	
-0.668636	0.427427	4659	
0.812859	0.144320	1808	
-0.306227	-0.780346	2332	
0.517810	0.685531	4168	
-0.441196	-0.765237	4864	
0.772505	0.485814	5098	
-0.412149	0.836008	4487	
-0.888892	-0.341469	2597	
0.527153	-0.321599	4567	
0.450134	-0.393020	4424	
0.215202	-0.302212	1381	
0.006923	-0.574331	4050	
-0.415978	-0.037971	3149	
0.246742	0.210695	3581	
-0.117272	0.203755	746	
-0.230471	-0.283688	3733	
-0.043898	-0.487649	3062	
-0.092679	-0.338379	3588	
-0.136625	-0.356323	2204	
-0.119627	-0.485117	650	
-0.178249	-0.404674	2010	
-0.187735	-0.447075	2475	
-0.169482	-0.463375	2223	
-0.220499	-0.424885	1931	
-0.141821	-0.509693	638	
-0.268534	-0.379124	5424	
-0.056302	-0.300919	5113	
0.008428	-0.439324	3803	
0.258018	-0.309893	2001	
-0.083728	0.565758	1203	
0.250858	-0.655028	4231	
0.469184	0.484073	1256	
-0.612014	-0.395484	996	
0.335329	-0.689085	801	
-0.388316	-0.623834	1059	
-0.224400	-0.726275	1617	
-0.766055	-0.272891	2469	
0.673647	0.464412	3934	
0.694558	-0.450219	3085	
-0.743652	0.407706	523	
0.873212	-0.027681	2446	
-0.730813	0.516395	4799	
-0.218345	-0.889635	847	
0.934804	0.101398	4261	
-0.092210	0.960201	4233	
-0.231903	-0.569869	1803	
-0.319159	-0.517732	2353	
-0.294130	-0.243423	1235	
-0.591574	0.103092	1720	
0.255925	0.545629	1758	
-0.002919	-0.522309	2078	
-0.336819	-0.433071	2993	
-0.169999	-0.256755	5109	
-0.152503	-0.297714	586	
-0.245007	-0.369620	4930	
-0.126047	-0.361583	2204	
-0.145323	-0.496863	2125	
-0.153873	-0.408344	2010	
-0.174987	-0.427154	1955	
-0.152956	-0.443817	2064	
-0.173141	-0.476705	1760	
-0.139117	-0.382181	2060	
-0.121850	-0.348155	2975	
-0.242839	-0.333513	2600	
-0.110515	-0.202059	396	
-0.588493	0.110298	1720	
0.414365	0.372324	1402	
0.457477	0.114033	4062	
-0.569250	-0.385044	3739	
-0.676615	0.114115	830	
-0.675440	-0.338865	814	
-0.195848	-0.699601	1139	
-0.452237	-0.596300	3158	
-0.669377	0.374123	722	
-0.128056	0.792904	3991	
0.816619	0.074803	3512	
-0.067534	-0.836884	3343	
-0.366421	0.796017	4533	
0.278560	-0.849415	3359	
-0.142269	0.901680	5641	
-0.873771	-0.334589	2597	
0.574441	-0.765694	5164	
0.900795	0.390181	4726	
-0.341928	0.349172	3044	
-0.311647	0.325272	4235	
-0.055692	0.319958	2514	
0.264392	0.244512	2876	
0.092901	-0.241335	5536	
-0.031982	0.253583	914	
-0.223887	-0.269294	3733	
-0.264596	-0.508402	5670	
-0.173172	-0.300927	1149	
-0.174366	-0.327779	4851	
-0.085015	-0.410414	1526	
-0.240037	-0.448723	2248	
-0.122521	-0.467002	2103	
-0.130931	-0.438207	2157	
-0.135904	-0.463958	2230	
-0.210156	-0.466327	2743	
-0.114292	-0.393746	1883	
-0.154901	-0.338839	2028	
-0.075744	-0.523463	3505	
-0.286623	-0.497410	5486	
0.233669	0.149719	5135	
0.570597	-0.237767	1302	
-0.086837	0.560636	4967	
0.239350	-0.660168	4231	
0.470375	-0.480579	2726	
-0.703314	-0.180127	4205	
-0.273364	-0.662413	1699	
-0.725432	0.102645	753	
-0.567188	-0.517824	3281	
-0.781618	-0.185547	3249	
0.469095	0.650521	3060	
0.830868	0.068940	4878	
-0.578942	-0.626876	4868	
0.178454	0.857474	3055	
0.005310	-0.902295	3396	
0.907591	0.173379	835	
-0.625580	0.710263	4535	
0.331747	0.035116	3637	
0.399899	0.020446	916	
0.421154	-0.359291	2197	
0.013785	-0.386272	2827	
-0.443212	-0.005199	3380	
-0.000482	-0.200684	531	
-0.025767	-0.303716	5147	
-0.050535	-0.525414	3597	
-0.113140	-0.305558	3418	
-0.088490	-0.525867	4553	
-0.223535	-0.498644	487	
-0.113259	-0.374667	1987	
-0.235134	-0.410617	2007	
-0.235696	-0.448655	2248	
-0.235432	-0.421701	2007	
-0.160953	-0.371346	1307	
-0.179041	-0.510783	4271	
-0.080991	-0.389310	2369	
-0.176432	-0.536116	5387	
-0.023503	-0.494246	3062	
0.228034	-0.238373	4598	
0.092448	-0.319917	2605	
-0.020353	0.600900	3924	
0.125908	-0.466838	5074	
0.275464	-0.671786	5470	
-0.685633	0.014259	1832	
-0.709075	-0.126277	5732	
-0.219294	-0.692724	677	
-0.457392	-0.592329	3301	
-0.768910	0.031819	3470	
-0.764304	0.214384	1728	
0.280400	0.766316	1317	
0.836833	-0.096224	3972	
-0.627919	-0.601112	895	
0.417353	0.787072	4450	
-0.780445	-0.484665	5515	
0.862418	-0.368026	279	
-0.060306	0.962648	4232	
-0.215415	-0.172070	529	
-0.214130	-0.159149	1593	
-0.253415	-0.054475	730	
-0.214743	0.217245	4466	
0.472112	-0.002815	2771	
-0.034394	-0.238883	620	
-0.112363	-0.235865	5259	
-0.282718	-0.347372	3533	
-0.165292	-0.542474	476	
-0.235048	-0.335126	2600	
-0.144230	-0.330479	2642	
-0.264792	-0.454137	5052	
-0.086785	-0.475657	2314	
-0.086603	-0.475080	2314	
-0.114877	-0.507212	650	
-0.262995	-0.447451	5052	
-0.100361	-0.359763	2505	
-0.065908	-0.357718	5015	
-0.233083	-0.523387	487	
-0.227126	-0.539111	1856	
0.562837	-0.202164	1857	
0.032487	-0.519998	1032	
0.371459	0.488786	1634	
0.453135	0.422342	4198	
-0.186827	0.648595	1244	
0.251666	0.628237	5294	
-0.677302	-0.322073	1046	
-0.134237	-0.703448	4032	
-0.738145	-0.203206	4485	
-0.086212	-0.755648	4026	
-0.134324	-0.773884	2570	
-0.739144	0.319002	2043	
-0.525818	0.657390	4547	
0.855755	-0.046276	2446	
-0.412294	-0.780826	3728	
0.179257	0.891159	4225	
-0.846773	-0.398042	5046	
0.816289	-0.500010	1243	
0.485409	0.854793	5004	
0.205700	0.088491	1600	
0.251061	0.020917	1713	
0.344844	-0.311195	3462	
-0.000484	-0.200684	1151	
-0.143416	-0.208460	4391	
-0.016782	-0.478735	3447	
-0.092142	-0.262375	5648	
-0.073387	-0.299996	5529	
-0.052650	-0.385536	2548	
-0.194193	-0.310578	4415	
-0.239218	-0.505642	487	
-0.089683	-0.364899	2505	
-0.106331	-0.350898	3870	
-0.131488	-0.532829	638	
-0.153471	-0.303686	586	
-0.053595	-0.493718	3811	
-0.243618	-0.517602	862	
-0.299040	-0.353265	3474	
-0.121044	0.201930	746	
-0.020374	0.441308	3678	
0.109196	-0.305908	3506	
0.418011	0.406118	3113	
-0.089231	0.570750	1203	
0.371315	-0.517540	624	
0.584875	0.375340	1101	
-0.314200	-0.613096	719	
-0.385477	-0.590192	4273	
-0.056943	-0.724488	2711	
0.226662	-0.748421	4624	
-0.133000	-0.759295	2069	
0.155635	-0.797170	3542	
-0.127907	-0.815139	2073	
-0.770405	0.354106	2700	
0.421873	0.766443	4450	
0.231294	-0.877275	3745	
0.584652	0.714727	1805	
-0.917118	-0.251218	364	
-0.000484	-0.200684	1151	
-0.000481	-0.200684	531	
-0.008559	-0.362976	3819	
-0.145622	-0.219721	4391	
-0.221892	-0.279006	3733	
-0.096821	-0.260392	5648	
-0.051546	-0.332009	2161	
-0.303614	-0.433292	2832	
-0.048536	-0.410299	1301	
-0.055340	-0.380324	3155	
-0.047108	-0.466554	950	
-0.224063	-0.314273	3360	
-0.174923	-0.545349	5387	
-0.194518	-0.545233	5693	
-0.253711	-0.297957	3724	
-0.293687	-0.020033	4331	
0.361010	0.397975	3117	
-0.330384	-0.313036	4353	
0.578112	-0.217309	1802	
0.250505	0.574244	2631	
-0.089729	0.519732	2626	
-0.505464	-0.357115	3464	
-0.491761	-0.436476	2210	
-0.390618	0.581231	5115	
-0.487402	-0.498738	1462	
0.292729	-0.708476	1230	
0.162827	-0.742092	5731	
0.743483	-0.170132	2502	
0.791151	0.019024	4898	
0.790033	-0.190821	2673	
0.702345	-0.462432	3109	
-0.457927	-0.735929	886	
-0.170440	0.880341	4387	
0.125855	-0.909923	3804	
0.283687	0.898511	5585	
-0.892399	-0.382097	4420	
-0.000481	-0.200684	531	
-0.185394	-0.232899	2435	
-0.165117	-0.226556	5054	
-0.174524	-0.246989	5109	
-0.040912	-0.317013	2161	
-0.141727	-0.254135	5339	
-0.291907	-0.364775	3443	
-0.140760	-0.256619	5339	
-0.023784	-0.458567	3447	
-0.024002	-0.342662	3819	
-0.021298	-0.287186	5147	
-0.137472	0.196773	746	
0.565537	-0.041656	2992	
-0.364343	0.356103	2218	
0.005252	-0.567401	1649	
0.586998	-0.189660	2227	
0.393550	0.347383	1509	
-0.072805	0.526193	4710	
-0.091125	0.520679	2626	
0.546412	-0.337255	1834	
0.237440	-0.660574	4231	
0.022472	0.665021	1959	
0.094820	-0.690714	3131	
-0.094276	-0.698882	2127	
0.657289	-0.314245	848	
0.701160	0.364221	1130	
-0.054954	0.782887	4549	
0.115981	0.793893	2781	
-0.535805	0.647924	4586	
0.576226	0.637475	594	
0.700183	-0.543313	4782	
-0.913466	-0.019593	5184	
0.815292	-0.462254	5714	
-0.236504	0.935709	2474	
-0.070216	-0.237748	856	
-0.318989	-0.380321	2408	
-0.020161	-0.361227	3819	
-0.324069	-0.392473	2408	
-0.018498	-0.322722	4498	
-0.050059	-0.210736	1263	
-0.334318	0.306593	3753	
0.542800	-0.248527	4529	
-0.228432	0.261791	2790	
-0.350661	-0.480363	3081	
0.409988	-0.394664	4672	
0.310332	0.213719	827	
0.127522	0.609071	5302	
-0.077857	0.466018	5154	
-0.102400	0.420198	471	
-0.053840	0.611567	1455	
0.629507	0.020053	2901	
0.252157	-0.450715	2792	
-0.670829	-0.275839	5487	
-0.459008	0.497450	2581	
-0.486650	-0.499362	1462	
0.587723	-0.411641	2707	
0.396168	0.626940	2567	
-0.466043	0.630934	4861	
-0.154995	-0.782158	661	
0.485946	-0.683864	4983	
-0.226795	-0.821127	2456	
-0.867454	-0.182109	3634	
0.043154	0.908490	3307	
-0.462070	-0.810396	4431	
0.796256	0.539158	4738	
-0.073756	-0.198003	1341	
-0.282325	-0.321905	3642	
-0.009093	-0.389346	3814	
-0.212929	-0.248341	3646	
-0.000483	-0.200684	531	
-0.062945	0.222541	5217	
0.173514	-0.216841	486	
-0.010654	0.511875	2838	
-0.264051	-0.175891	615	
0.236957	-0.295719	1010	
0.351901	0.086045	1088	
0.087442	0.611580	774	
-0.091664	0.411018	2065	
-0.133851	0.375989	991	
-0.095352	0.492207	3976	
0.188980	0.612968	2616	
0.385164	0.245588	5378	
0.132461	-0.540381	472	
0.627617	0.109976	842	
-0.448524	0.470992	1528	
0.217732	0.633748	2948	
-0.625061	-0.374820	5089	
-0.002844	-0.706723	1500	
0.602897	0.446598	2577	
-0.186506	-0.736788	4436	
0.791224	0.089615	2971	
0.233315	0.781792	1968	
-0.348054	0.790144	4460	
0.190277	0.854367	1115	
0.891763	-0.152383	972	
-0.854652	0.362375	2692	
0.775282	-0.560460	5530	
0.250161	0.951126	1964	
-0.000482	-0.200684	531	
-0.000482	-0.200684	531	
0.196101	0.095929	1600	
-0.207512	-0.181423	529	
0.554267	-0.024296	4226	
-0.186951	0.247098	3600	
-0.354615	-0.474625	3081	
0.491265	-0.349739	480	
0.402786	0.366581	1731	
-0.075821	0.445756	496	
-0.171828	0.353786	1826	
-0.098017	0.487733	3976	
0.474066	0.356543	1202	
0.558795	0.119778	5384	
0.194819	-0.399207	377	
-0.500101	-0.378482	1450	
-0.531488	-0.135256	399	
0.595818	0.163014	4981	
0.247772	-0.657103	4231	
-0.121879	-0.649288	1918	
0.628381	-0.246530	5193	
-0.569418	-0.429159	2076	
-0.040607	0.725397	479	
0.511260	-0.559619	4102	
-0.767503	0.148867	1696	
-0.063407	-0.808148	3235	
0.800643	-0.257294	3570	
0.664605	-0.562380	2799	
-0.137636	-0.889866	3936	
0.241837	0.891704	5653	
-0.221931	-0.926181	4903	
0.037584	-0.195663	1556	
0.207840	0.068080	1376	
-0.241324	-0.053325	5701	
0.507334	-0.300944	932	
-0.076153	0.277049	4497	
-0.360093	-0.355903	2239	
0.445191	-0.382845	4424	
0.407265	0.377932	1402	
-0.089377	0.402781	1393	
-0.196950	0.351535	1249	
-0.065645	0.611865	1422	
0.622803	-0.169025	4931	
-0.419731	-0.268223	4029	
-0.154988	0.605412	349	
0.455714	0.146999	4213	
0.432796	-0.470997	2253	
0.508884	0.165508	3003	
0.249871	-0.438654	2792	
0.237104	-0.660577	3722	
-0.308130	-0.593727	4482	
-0.458668	0.515713	2581	
-0.069102	0.715477	4639	
0.520073	0.534331	2166	
0.050724	-0.775309	2072	
0.038751	0.802602	3725	
-0.517169	-0.659220	2820	
-0.491059	-0.713954	3876	
-0.870829	0.205851	5628	
0.855484	0.355522	3651	
-0.865662	-0.394901	4921	
0.928257	-0.306754	4159	
0.079141	0.567537	3299	
0.006682	-0.442577	3803	
0.249278	0.234792	2876	
-0.483652	-0.022435	2878	
0.139813	-0.285621	4207	
0.328533	0.105066	1631	
-0.061744	0.536863	5076	
-0.224667	0.350255	1152	
-0.107363	0.439633	568	
0.545254	0.119789	5281	
-0.209210	0.411696	5011	
0.346527	-0.635913	1193	
-0.177659	0.709254	1246	
-0.513363	0.530001	1212	
-0.319883	0.735515	1171	
0.740158	-0.299840	977	
-0.680322	0.482145	2810	
-0.862185	0.065518	4169	
-0.253476	0.862539	3326	
0.885234	-0.247702	5192	
-0.922764	0.212637	960	
0.654203	-0.724160	1630	
0.136667	-0.216711	678	
0.004138	0.541930	2199	
-0.271552	-0.223149	1577	
0.422424	-0.390206	4651	
0.410288	0.403472	1888	
-0.125374	0.354723	1388	
-0.244502	0.360615	386	
0.267137	0.585153	2631	
0.037840	-0.633654	1927	
0.293045	-0.476177	4830	
0.132168	0.655221	2522	
0.114643	-0.702704	3377	
0.722962	0.275744	3551	
0.703255	0.376613	1130	
0.369237	-0.738056	4112	
0.148645	0.817084	3120	
-0.540629	0.679193	4472	
0.149309	0.878389	4490	
0.615069	-0.682682	751	
-0.777536	0.538222	651	
-0.060673	0.220290	5217	
0.228492	-0.235302	4598	
-0.025610	0.367937	5380	
-0.370456	-0.375816	2982	
0.573055	-0.224261	1802	
0.306570	0.538155	2595	
-0.166881	0.335055	1619	
-0.252305	0.365179	375	
0.389335	0.501996	2669	
-0.433426	-0.468941	808	
0.371820	0.554262	3524	
-0.429528	-0.546310	2984	
0.713332	-0.146873	1060	
0.767822	0.093681	2836	
0.138775	-0.798272	2818	
0.311710	0.769324	2331	
-0.155839	0.852963	3838	
0.181787	0.872160	3055	
0.519437	-0.760106	5558	
-0.713208	0.620538	4971	
0.314766	-0.922683	2200	
-0.055083	0.222920	5217	
0.188992	-0.216934	3910	
-0.016715	0.444359	3678	
-0.337889	-0.328526	2835	
0.518176	-0.318558	4567	
0.366704	0.485878	1634	
-0.170376	0.332984	1619	
-0.300584	0.394223	3975	
0.079397	0.632114	5060	
0.119015	-0.613509	1394	
0.492709	-0.415209	4928	
0.150486	0.651715	2145	
-0.322996	-0.616318	719	
0.715204	0.299075	750	
0.681009	0.407303	1120	
0.413204	-0.710574	5325	
0.124039	0.821280	3188	
-0.580243	0.642785	2699	
0.108070	0.884523	4626	
0.644204	-0.654577	2109	
-0.802182	0.500687	5377	
-0.010181	0.282811	5399	
0.047860	-0.259251	5104	
0.355367	0.439343	3431	
-0.317903	-0.057127	2825	
0.258083	-0.301619	975	
0.299270	0.203357	2807	
-0.083491	0.397420	1393	
-0.335618	0.419855	4418	
-0.180431	0.368714	4989	
0.435770	0.128442	5040	
-0.297108	0.466333	284	
0.230952	-0.439061	989	
0.660238	0.236587	3507	
0.395701	-0.566834	780	
-0.246327	0.707709	3210	
-0.544237	0.492950	2343	
-0.383898	0.700391	1432	
0.758560	-0.249634	1813	
-0.692449	0.463882	2749	
-0.865617	-0.002926	417	
-0.351831	0.829271	521	
0.904512	-0.164207	972	
-0.939058	0.122473	298	
0.718348	-0.660371	4016	
0.199416	0.020401	607	
0.180603	0.132562	715	
-0.212592	-0.207392	880	
0.333978	0.021854	3637	
-0.250040	0.267830	2790	
-0.086890	-0.591307	3350	
0.577224	0.002561	457	
0.138385	0.603523	5302	
-0.222577	0.333283	1330	
-0.359292	0.441782	4493	
-0.108871	0.456603	3681	
0.603399	0.112636	1291	
-0.483521	-0.319352	5199	
-0.137938	0.494220	3587	
0.492113	0.306596	706	
0.282898	-0.465884	3496	
0.294805	-0.487382	3626	
0.170657	-0.612462	408	
0.659607	0.239110	1122	
0.653372	0.232812	3507	
0.406027	-0.541067	1448	
-0.428822	0.550800	1084	
-0.073808	0.715348	4639	
0.486479	0.561729	3230	
0.115835	-0.774748	1969	
-0.003699	0.804626	2877	
-0.448813	-0.706495	3747	
-0.408792	-0.763634	3728	
-0.889871	0.095667	4376	
0.794289	0.475071	327	
-0.793188	-0.524211	4828	
0.962372	-0.171892	2168	
0.181683	-0.089584	1340	
0.199416	0.020401	607	
0.232079	0.251930	3341	
-0.011757	-0.531554	2078	
0.236004	0.106692	1329	
-0.551743	0.244038	1257	
0.037592	-0.421031	4483	
0.467706	0.044277	3845	
0.014959	0.599511	4881	
-0.250529	0.342052	386	
-0.395238	0.446343	2418	
-0.268110	0.382221	4564	
-0.023267	0.626507	1583	
0.386511	0.229263	5378	
0.468050	-0.431403	2897	
0.133042	-0.528080	472	
-0.436388	-0.466066	808	
0.033974	0.643164	350	
0.651996	0.235631	1122	
0.666218	0.269615	756	
0.669830	-0.044510	2666	
-0.472175	-0.511518	1210	
-0.120271	0.727445	2107	
0.547344	-0.517204	860	
-0.769898	0.133360	1696	
0.030909	-0.812814	4756	
0.829092	-0.141518	3746	
0.742973	-0.451890	2754	
0.015045	-0.901144	4143	
0.073626	0.921174	829	
-0.039915	-0.951678	5250	
0.202039	-0.048601	686	
0.197785	-0.079031	1340	
0.233486	-0.039523	383	
0.399491	-0.335047	2688	
0.202226	-0.034196	686	
-0.559337	0.050507	2895	
0.472489	0.007122	2771	
-0.185386	0.239944	3600	
-0.135592	-0.588864	2773	
0.596349	-0.063489	2918	
0.398679	0.378163	2241	
-0.129212	0.339429	1388	
-0.363389	0.427674	4493	
-0.442467	0.426307	5186	
-0.347392	0.447332	5283	
-0.167872	0.380974	4416	
-0.046612	0.622256	1455	
0.638312	-0.031071	1711	
-0.053884	0.636430	1455	
-0.643855	-0.104850	3656	
-0.007313	0.664981	2513	
-0.675890	-0.310466	1095	
-0.050499	-0.702983	1514	
0.488396	0.545081	2934	
-0.212736	-0.729252	1617	
0.758183	0.306838	4111	
0.096017	0.810668	4445	
-0.481163	0.709835	3046	
0.020088	0.875940	3452	
0.904752	0.043149	1957	
-0.913763	0.163684	304	
0.885432	-0.361963	2489	
0.016318	0.983344	1680	
0.202966	-0.048171	686	
0.266453	-0.024439	1837	
0.356005	-0.018557	3776	
0.236329	-0.151396	416	
0.266159	-0.046898	1837	
0.266292	-0.020744	1837	
0.177016	-0.126191	1419	
-0.210657	-0.100020	5324	
0.222047	0.157734	585	
-0.425013	-0.025041	1487	
0.097372	-0.299011	3506	
0.362654	0.068609	2014	
0.002126	0.594277	4881	
-0.184611	0.321730	1225	
-0.407957	0.432649	4723	
-0.526985	0.345542	497	
-0.336951	0.443336	5283	
0.432652	0.302569	4046	
0.449995	0.252583	2802	
0.375806	-0.583560	2872	
-0.549848	0.390271	1603	
-0.349432	-0.601215	849	
0.664792	-0.270883	358	
0.297930	0.678889	1939	
-0.559768	0.528251	4339	
-0.097267	-0.791342	1827	
0.608034	-0.562951	2797	
-0.010679	-0.853307	4678	
-0.793907	-0.403330	3647	
-0.222157	0.886140	3877	
-0.214196	-0.907931	978	
0.600486	0.749918	5570	
0.199416	0.020401	607	
0.329687	-0.009440	3645	
0.240909	-0.188259	4911	
0.289064	-0.233309	3389	
0.261597	-0.166952	4871	
0.526533	-0.232531	5291	
0.535206	-0.062033	2856	
0.534895	-0.061534	2856	
0.381701	-0.305648	3142	
0.315372	-0.262977	3513	
0.205025	-0.099749	1340	
-0.226120	-0.068114	5676	
0.302665	0.314631	3379	
-0.271171	-0.103454	5308	
0.323576	-0.344263	3107	
0.297535	0.216586	2807	
-0.079867	0.389640	1393	
-0.435534	0.419246	4684	
-0.511897	0.366288	2580	
0.424146	0.294134	3258	
0.657640	0.234631	3507	
-0.308810	0.658018	5503	
0.086477	-0.689622	2687	
-0.021944	-0.704872	1282	
0.714267	-0.142205	1060	
0.601083	0.476523	1543	
-0.102061	0.781521	4614	
-0.080571	0.804881	5404	
-0.675392	0.488182	2810	
0.384788	0.766240	3766	
0.828521	-0.312956	3726	
-0.853635	-0.339903	4277	
0.924039	-0.156992	1080	
-0.549248	0.793483	444	
0.199416	0.020401	1052	
0.269379	-0.239428	4081	
0.400565	-0.005763	3314	
0.283244	-0.021896	4290	
0.254607	-0.188081	4975	
0.316018	-0.248155	1809	
0.280067	-0.115556	1047	
0.518735	-0.233644	5291	
0.390342	-0.046139	3279	
0.330308	-0.070137	587	
0.338644	-0.064088	1157	
0.528676	-0.069543	2856	
0.271558	-0.142078	4781	
0.351588	-0.025420	3776	
0.202271	-0.150969	933	
-0.015188	-0.535397	2078	
-0.172202	0.236530	3600	
0.094337	-0.299461	3506	
0.316255	0.262988	1287	
-0.265596	0.342348	771	
-0.579400	0.262743	2263	
0.316612	-0.473272	4354	
0.655078	0.025461	993	
-0.528568	0.417535	4646	
-0.254928	-0.647830	397	
0.493309	-0.529245	3103	
0.300957	-0.719667	1230	
0.759294	-0.070646	3221	
0.719334	0.385612	2468	
0.815414	0.021250	4628	
0.813246	-0.212198	3538	
-0.168519	-0.850083	2751	
-0.501882	0.744549	4398	
0.495926	-0.775642	5559	
-0.090015	0.938673	732	
-0.679344	-0.692063	1299	
-0.223009	-0.056221	964	
-0.419893	-0.000599	3664	
-0.077621	0.206161	1364	
0.199416	0.020400	607	
0.549867	-0.206704	987	
0.524515	-0.251527	4529	
0.264884	-0.103886	1047	
0.296415	-0.084372	5336	
0.511390	-0.056993	2244	
0.505652	-0.233804	5291	
0.355359	-0.089832	4855	
0.323448	-0.155727	3691	
0.329665	-0.190779	2368	
0.323814	-0.172027	3500	
0.357582	-0.084275	4855	
0.295227	-0.113875	3292	
0.281929	-0.186983	3381	
0.245669	-0.180684	4911	
-0.218855	-0.082149	5676	
-0.554670	0.235714	1257	
0.532765	0.032209	2221	
-0.186077	0.318150	1426	
-0.554885	0.309312	1196	
-0.129890	0.622273	1327	
0.013164	0.664920	1959	
-0.208933	-0.655919	4771	
-0.294724	-0.639923	1380	
0.361544	-0.680118	3627	
0.487810	-0.584621	4187	
0.166515	-0.772206	951	
0.520086	-0.617859	605	
0.097369	-0.825474	4613	
-0.848600	0.028143	5176	
0.066704	0.872792	4787	
0.599979	-0.676200	751	
0.212893	0.898281	5562	
-0.708232	-0.632899	2049	
0.217883	0.187640	3770	
0.221607	0.122092	1098	
0.385443	0.010014	2883	
0.079207	-0.228390	5362	
-0.059281	0.215344	5217	
0.315615	-0.276422	3513	
0.304919	-0.032093	3399	
0.310754	-0.241312	2543	
0.382481	-0.292468	3673	
0.449826	-0.283547	636	
0.338592	-0.109874	2643	
0.517567	-0.168784	4986	
0.403375	-0.090121	4732	
0.359575	-0.175198	1988	
0.357722	-0.175782	1988	
0.404178	-0.084546	938	
0.407794	-0.276039	954	
0.462562	-0.055827	5428	
0.336000	-0.259995	1521	
0.565400	-0.106426	2312	
0.339048	0.363343	2478	
0.516395	-0.317544	4567	
-0.278790	0.349241	4491	
-0.290732	0.406259	3975	
0.653761	0.240835	1122	
-0.135871	0.675758	1233	
-0.202615	-0.665784	4771	
0.264347	-0.716141	4486	
-0.577666	-0.473501	1304	
0.336473	-0.723587	1005	
0.232748	-0.776362	1717	
-0.806239	0.023613	3364	
-0.733413	0.394762	4734	
0.776663	0.393807	5315	
-0.008335	-0.883934	5236	
-0.279234	0.870994	5535	
-0.534475	-0.763369	1972	
0.956744	-0.035446	1198	
0.013677	0.982967	1680	
-0.327905	-0.036580	3580	
-0.503167	-0.010559	2701	
-0.248516	0.257702	3476	
0.312741	0.496731	1607	
0.201581	-0.214815	4475	
0.169952	-0.120164	1419	
0.469255	-0.312643	2861	
0.326801	-0.258679	1521	
0.544205	-0.130345	5673	
0.444489	-0.061454	4910	
0.489510	-0.233241	2180	
0.363203	-0.157080	2205	
0.448630	-0.240071	3659	
0.484893	-0.127661	2288	
0.465837	-0.112768	2006	
0.500972	-0.162032	2454	
0.385958	-0.231399	3336	
0.435371	-0.279434	602	
0.289150	-0.135069	4781	
0.476493	-0.305188	2861	
0.221511	0.149505	539	
0.500307	0.038004	2238	
-0.519354	0.344020	667	
0.496225	0.121129	4256	
0.639296	0.335570	5008	
-0.684178	-0.290711	4785	
-0.541295	-0.464161	2366	
0.244010	-0.728135	4385	
-0.084587	-0.742558	4026	
-0.720499	-0.353819	3565	
-0.796692	-0.077861	5619	
-0.127784	0.815670	3008	
0.783713	0.353679	4438	
-0.240398	-0.832109	552	
-0.064697	0.890539	3114	
-0.379266	-0.831697	5716	
0.928813	0.137340	5028	
-0.577267	0.773188	4208	
0.344876	-0.350769	2926	
0.239478	-0.278280	1010	
0.022039	-0.490120	2507	
-0.272138	-0.082747	885	
0.025625	0.555683	2287	
-0.193263	-0.158288	1593	
0.319307	-0.278143	3513	
0.283750	-0.205883	4036	
0.540847	-0.104844	4204	
0.392414	-0.071625	938	
0.492589	-0.094306	4476	
0.408505	-0.234904	1438	
0.461016	-0.122626	1930	
0.413701	-0.152913	2011	
0.411036	-0.180412	2156	
0.395694	-0.156511	2325	
0.497738	-0.131562	2247	
0.393005	-0.087710	938	
0.474547	-0.278673	647	
0.431073	-0.326112	2945	
-0.079816	0.262623	4548	
0.397579	0.386002	2492	
-0.623726	0.073875	2414	
0.657728	0.241543	1122	
0.678696	0.180454	4543	
-0.190120	-0.669347	4771	
0.242841	-0.720091	4385	
-0.713690	-0.309560	1721	
-0.271022	-0.708558	1029	
-0.531972	-0.579042	4821	
0.043600	0.801329	3725	
0.631680	0.546611	5352	
-0.124102	-0.842368	2766	
-0.372734	0.805339	4594	
0.532072	-0.732838	4336	
0.604164	0.696422	3286	
-0.917409	0.229625	744	
0.244310	0.564408	1758	
0.391453	0.415292	3423	
0.291474	0.125308	4632	
0.352071	-0.357407	2926	
-0.246397	-0.180566	423	
0.217004	0.160125	585	
0.400829	-0.005158	3314	
0.301187	-0.056391	4650	
0.516439	-0.234222	5291	
0.401569	-0.069042	4367	
0.423116	-0.092573	5543	
0.465609	-0.221148	2362	
0.442310	-0.134938	2067	
0.427954	-0.174551	2063	
0.446705	-0.186601	2272	
0.418758	-0.210524	1454	
0.465309	-0.103138	2006	
0.413651	-0.077656	4183	
0.291384	-0.118763	3292	
0.230296	-0.200148	2873	
-0.351876	-0.470252	3081	
-0.261051	0.337341	771	
-0.115577	0.569159	1639	
0.598391	-0.299428	2558	
-0.609198	-0.386332	996	
-0.265509	-0.652419	3595	
0.437954	-0.608071	3234	
0.035825	-0.751502	2611	
-0.771281	-0.078985	3180	
-0.618855	0.494457	3245	
0.546598	0.606454	4298	
0.511540	-0.676659	3926	
-0.764152	0.398838	2192	
0.756747	-0.458905	3075	
-0.694174	0.589417	394	
-0.460864	-0.809856	4431	
0.922948	-0.250444	4912	
0.463792	0.864502	4774	
-0.535400	0.310635	5101	
-0.386744	0.408790	356	
-0.114939	0.321325	2604	
0.384839	0.441176	1100	
0.482227	-0.348407	3253	
-0.466996	-0.016594	2964	
-0.318113	-0.349381	2770	
0.364363	-0.020927	3776	
0.288014	-0.179677	3925	
0.484333	-0.067783	632	
0.470682	-0.091175	2006	
0.440717	-0.232736	3659	
0.458771	-0.139872	2067	
0.443965	-0.154059	1914	
0.463185	-0.170054	2393	
0.406829	-0.206203	1793	
0.504822	-0.150198	4986	
0.414572	-0.279546	954	
0.303959	-0.058269	4650	
0.519043	-0.002934	2981	
0.289312	0.172858	4631	
-0.617076	-0.001367	4343	
0.653159	0.239540	1122	
-0.151036	0.677156	4334	
0.029259	-0.696508	1251	
0.710499	-0.097438	2885	
0.073191	-0.739173	1628	
0.436239	-0.652470	2991	
-0.331035	-0.710136	1774	
0.174613	0.781328	652	
0.827386	0.111075	3246	
-0.833941	-0.207882	4408	
0.643545	0.594074	1569	
-0.892889	-0.084673	2593	
0.484471	-0.782666	5504	
0.611212	0.713695	1805	
-0.714638	0.647627	653	
-0.335341	-0.166949	1558	
-0.356164	-0.123973	1429	
-0.546977	-0.059093	1732	
-0.368170	0.403388	4404	
0.351719	0.489322	3097	
0.173781	-0.263455	4098	
0.209204	0.560134	1129	
0.313701	-0.274691	3513	
0.530305	-0.218625	5687	
0.444996	-0.281607	636	
0.428987	-0.266309	602	
0.371961	-0.162193	2205	
0.468884	-0.205286	2362	
0.477460	-0.180100	2062	
0.428809	-0.220395	1454	
0.434202	-0.101025	2696	
0.380773	-0.091165	949	
0.287612	-0.134088	4781	
0.483036	-0.009286	2771	
0.033451	-0.424604	4483	
-0.408279	0.422025	500	
0.558136	0.131720	2680	
-0.014859	0.664741	2513	
0.671500	-0.157961	4449	
0.364381	0.608522	4160	
0.707406	0.316529	1660	
0.752731	-0.000475	3864	
-0.071851	-0.766878	3105	
-0.794594	-0.127270	4653	
0.388093	0.715835	2637	
0.393688	-0.760361	4174	
-0.122705	0.855328	5313	
0.232512	-0.860038	3745	
0.194169	0.886277	1115	
-0.882866	0.285161	5475	
-0.378542	-0.871423	5348	
-0.364846	-0.252101	448	
-0.359323	-0.239553	450	
-0.349353	-0.223504	1763	
-0.403116	-0.089439	838	
-0.365480	0.402734	4404	
0.294008	0.232661	1679	
-0.262954	-0.231192	2779	
-0.228984	-0.239692	3646	
0.241673	-0.145848	416	
0.464798	-0.290523	647	
0.446680	-0.063334	4910	
0.500791	-0.116164	5436	
0.387792	-0.124646	1306	
0.388353	-0.126617	1306	
0.481011	-0.103812	4476	
0.365068	-0.103015	2027	
0.442200	-0.298821	3519	
0.229638	-0.115497	4916	
-0.579488	0.061579	3091	
-0.082508	0.376023	2490	
-0.352343	0.463319	3840	
-0.201065	-0.630709	2602	
0.524678	0.446546	278	
-0.442123	0.562899	1084	
-0.723792	0.028756	2852	
-0.249532	0.739022	4550	
0.501976	0.578155	3260	
0.713483	-0.330448	1707	
-0.662479	0.454262	1994	
0.543730	0.627570	5025	
-0.722499	-0.467689	3907	
0.679579	0.554839	2656	
-0.864866	0.223761	4451	
-0.006203	-0.915284	591	
0.937430	0.000847	986	
-0.330169	0.906521	5274	
-0.814783	0.554964	3639	
-0.457021	0.432325	5186	
-0.547004	0.332969	1928	
-0.446410	-0.105271	4712	
-0.351867	-0.195336	1682	
-0.441259	-0.077097	4443	
-0.092963	0.342928	982	
0.491197	-0.340942	3253	
-0.007289	0.492613	2455	
0.421433	-0.336066	2945	
0.523859	-0.231186	5291	
0.312778	-0.146685	3691	
0.489376	-0.071298	632	
0.343067	-0.177311	2506	
0.347450	-0.125797	2643	
0.486463	-0.251901	3898	
0.287251	-0.158232	4713	
0.228460	-0.122682	4916	
-0.190043	0.236881	3883	
0.296030	0.539779	2261	
-0.619559	0.003732	4343	
0.657805	0.241469	1122	
-0.349631	0.636465	4674	
-0.017855	-0.694625	1180	
0.548778	-0.461629	2188	
-0.735414	-0.221754	4840	
-0.613482	-0.472300	685	
0.341453	0.695477	1727	
0.679668	-0.418068	551	
-0.733211	0.362011	2575	
0.842697	0.045446	4858	
-0.847177	0.161958	3964	
0.568110	-0.682432	947	
0.135545	0.897182	4490	
-0.866223	0.332082	703	
-0.736770	-0.598428	5464	
0.298877	-0.926377	1460	
0.511298	-0.389217	5645	
0.638664	-0.006412	816	
-0.123351	0.565533	837	
-0.625510	-0.014421	4343	
-0.353674	-0.172492	1274	
-0.611271	0.097291	2939	
0.393028	0.421600	1110	
-0.367102	-0.388004	2982	
0.066453	-0.238613	741	
0.532488	-0.234481	5371	
0.548279	-0.149500	840	
0.353782	-0.266814	889	
0.533502	-0.093299	2856	
0.295006	-0.187223	3381	
0.277986	-0.086563	5336	
0.311945	-0.005428	3399	
-0.567143	0.027542	3430	
0.273005	0.553686	2615	
-0.599083	-0.055934	4222	
0.439566	0.230224	1065	
0.054981	-0.668002	1481	
-0.698274	-0.106086	5070	
-0.697893	0.143831	4002	
0.197319	0.702359	325	
0.754874	0.140807	684	
-0.413635	-0.647411	2098	
-0.357508	0.737349	2163	
0.651516	-0.482708	4308	
-0.819054	0.152321	3528	
0.453459	-0.736279	4132	
-0.261168	0.845487	2997	
-0.608095	-0.660519	2986	
0.389702	-0.834739	608	
0.920579	0.185646	373	
-0.327955	0.907261	5274	
-0.167571	0.592235	282	
-0.546740	-0.149017	660	
0.318764	0.560619	5067	
-0.494534	-0.097752	3832	
-0.409951	-0.092697	838	
-0.208028	0.309340	1695	
0.563960	0.009035	4259	
-0.449268	0.354653	2401	
-0.197030	-0.179912	1593	
0.384002	-0.008291	3723	
0.527787	-0.039119	2588	
0.560202	-0.123504	5483	
0.537617	-0.237468	5371	
0.460548	0.007150	2910	
0.044336	-0.367882	799	
-0.101915	0.348161	1771	
-0.609783	-0.036520	2134	
0.440158	0.229455	1065	
-0.659270	0.106503	830	
0.125842	0.680134	2092	
0.418214	0.572179	3967	
0.595629	-0.415785	3830	
-0.329887	-0.669071	1199	
-0.000919	0.766469	1563	
0.790767	0.081423	2971	
-0.609005	0.525711	1708	
0.826303	0.121003	2521	
-0.706283	0.465834	2749	
0.191018	-0.853690	4350	
0.660743	0.596951	2592	
-0.798635	0.436659	4407	
-0.901700	-0.233103	364	
-0.207110	-0.927510	5560	
0.615188	-0.755051	3328	
0.187229	-0.408155	1135	
-0.338221	0.463715	3840	
-0.377685	-0.132458	1830	
-0.607840	0.136562	2594	
0.160113	0.594158	1629	
0.307322	-0.326402	4247	
-0.391200	-0.025775	1581	
0.063328	0.573494	2785	
0.250436	0.247369	3517	
-0.148533	0.234030	5223	
-0.149505	-0.584702	2773	
0.302736	0.243773	1648	
-0.491835	0.369583	5473	
-0.388890	0.468513	2237	
0.654244	0.232952	3507	
0.051156	-0.667844	1481	
0.102005	0.683714	2578	
0.709506	0.033409	1546	
0.337365	-0.695364	801	
-0.693798	0.266225	3335	
0.738352	0.305514	3566	
-0.075364	-0.780789	3316	
0.765303	0.311421	4111	
-0.727037	-0.419746	1533	
0.832532	0.177328	2677	
-0.477566	0.726707	4164	
-0.285728	-0.833627	5107	
0.901256	-0.061563	3769	
0.754925	0.531653	3930	
0.079901	0.937453	4948	
-0.757753	0.596465	2978	
-0.330400	0.519213	301	
-0.108644	0.603049	1320	
-0.504129	-0.095520	4141	
-0.466129	-0.078079	4495	
-0.350672	0.396674	1104	
0.192108	0.586441	1439	
0.304431	0.112027	4632	
0.532854	0.029085	2221	
0.329249	0.083715	2697	
0.263446	0.558132	2289	
-0.363339	0.409935	4404	
-0.563617	-0.083542	1531	
0.503114	0.122680	2540	
-0.146542	-0.644075	2139	
-0.410924	0.552589	3482	
-0.703690	-0.186254	4205	
0.360476	0.610334	4160	
0.376583	-0.668655	4147	
-0.543566	0.510821	2343	
0.676416	-0.346866	4492	
-0.780699	0.036396	3470	
0.738434	-0.301835	977	
-0.263269	0.794172	5014	
-0.024610	-0.837853	5066	
0.853571	0.099730	4191	
-0.533580	0.701608	3655	
-0.843353	-0.322759	4960	
-0.121729	-0.906009	5605	
0.767127	-0.535117	543	
0.954558	0.068223	4255	
0.539008	0.159265	3993	
0.545224	0.133956	5170	
-0.569376	0.294863	1714	
-0.421876	-0.101824	360	
-0.524855	-0.073266	1280	
-0.573469	0.251984	1700	
-0.406580	0.418303	500	
-0.482772	0.376940	2550	
-0.601597	-0.017998	3306	
-0.558093	-0.086520	1531	
-0.111777	0.472635	3681	
0.656840	0.234129	3507	
-0.166148	0.669092	5692	
0.404053	0.548660	3031	
0.211826	-0.705430	4716	
-0.713738	0.010430	2852	
0.649870	-0.324741	1141	
-0.714896	0.202292	1200	
0.692202	-0.314235	1616	
-0.647980	0.431741	3497	
0.458792	-0.674095	3957	
0.475002	0.660923	3060	
-0.811944	-0.253317	3855	
0.284242	-0.818307	4605	
0.815949	0.337429	4375	
-0.245020	0.863834	3326	
-0.911037	0.030131	3050	
-0.894847	-0.259133	328	
-0.603450	-0.731856	907	
-0.164663	-0.956368	2913	
-0.103832	-0.986829	3610	
0.573284	0.170660	5102	
0.382922	-0.497222	1179	
-0.218158	0.380240	413	
-0.623618	-0.007494	4343	
-0.526111	-0.091267	1280	
-0.520423	-0.089412	3782	
-0.579738	-0.084763	1445	
-0.410502	0.460663	2723	
0.410144	0.163175	1106	
0.653762	0.240815	1122	
0.663245	0.075024	2211	
-0.403726	0.561843	4640	
0.691789	0.096307	1822	
-0.591921	0.374373	2579	
0.655432	-0.289669	676	
0.030748	0.729903	2277	
-0.198713	-0.718906	5499	
0.682034	0.404047	1120	
-0.784211	-0.049723	3868	
0.485493	-0.650286	3912	
0.699251	0.448085	3348	
-0.758232	0.341993	2355	
-0.537895	-0.657600	2392	
0.679520	-0.541022	3228	
0.737058	0.505006	3139	
-0.168164	0.895319	4365	
-0.115298	0.917318	5421	
-0.532462	0.779694	402	
-0.830234	0.490501	5209	
0.625340	0.133251	928	
0.140026	-0.552088	296	
0.616048	0.109087	1291	
0.343012	0.543204	3428	
0.468587	0.415500	3442	
0.425718	-0.468418	2253	
-0.131377	0.622408	1327	
0.658321	0.240898	1122	
0.326658	0.583487	747	
0.484801	0.466074	524	
-0.322144	-0.606742	719	
0.372173	-0.639694	2500	
0.008369	0.710316	873	
-0.715077	-0.287850	1211	
-0.568228	-0.480744	3166	
0.674359	0.398884	1120	
-0.171945	0.765650	3674	
0.068862	-0.787843	3007	
0.771614	-0.202714	2356	
0.417102	0.698314	2659	
-0.773406	0.306184	2682	
-0.670321	-0.531498	4186	
0.318387	-0.819896	5379	
0.853651	-0.232607	4288	
0.617999	0.662403	5183	
0.715479	0.581595	4802	
0.593834	0.727034	1805	
0.270483	0.921219	5669	
0.439231	0.230811	1065	
-0.160585	0.609067	349	
-0.152671	0.614754	3425	
0.444897	0.226113	1065	
0.660016	0.236400	3507	
0.441581	0.487450	2442	
-0.432126	0.512536	3163	
-0.534711	0.409484	1792	
-0.256046	-0.638037	3595	
0.213849	-0.705312	4716	
0.187009	-0.712269	4180	
0.682323	0.346394	4929	
0.415985	0.597856	757	
-0.561892	0.487777	2874	
-0.376276	-0.657571	1653	
-0.189577	-0.744183	4436	
0.748483	0.329615	2089	
0.632648	0.506270	3698	
-0.426126	0.718698	5204	
-0.767938	-0.372061	4596	
-0.475869	-0.702869	3973	
0.353593	-0.805731	5237	
0.811356	-0.352017	5006	
0.870596	0.263102	4162	
0.903002	-0.160759	972	
0.932154	0.102175	4261	
0.912937	0.291815	727	
0.655622	0.242216	1122	
0.654079	0.241227	1122	
-0.421415	-0.497821	1812	
0.665573	0.144856	2016	
-0.664980	0.025530	1832	
-0.617802	-0.365539	5089	
0.443408	-0.538564	1498	
0.349038	-0.659864	3953	
0.007506	-0.704290	1404	
0.660620	-0.276945	358	
0.701589	-0.188543	4348	
0.532084	-0.511995	3012	
0.604354	0.471584	2422	
0.155462	0.747227	5312	
0.031761	0.775849	2361	
-0.603021	0.513105	1708	
-0.736521	0.318028	2043	
-0.571164	-0.592675	5335	
0.166961	-0.830447	2904	
0.447499	-0.739824	1860	
0.737694	-0.457320	2754	
0.871802	-0.151793	4433	
0.856668	0.307980	3800	
0.857161	-0.324690	538	
0.928899	-0.117881	1971	
0.897819	-0.323996	2537	
0.276662	-0.954111	3262	
0.655328	0.233333	3507	
-0.631449	0.217100	5293	
-0.647109	0.171660	758	
-0.467143	-0.487326	845	
0.656527	-0.210327	2746	
0.481996	-0.507133	3371	
0.494111	-0.508151	3371	
0.706685	-0.114948	4274	
0.698321	-0.200420	4999	
-0.191928	-0.706746	2539	
0.583213	-0.469461	2729	
0.725156	-0.228119	1451	
0.432139	-0.666794	5110	
0.789754	0.101289	2836	
0.795349	-0.072360	1977	
0.785390	-0.198562	2673	
0.706883	0.458306	3348	
0.719178	0.461120	4370	
0.804362	0.331223	4595	
0.705921	0.521044	3635	
0.638032	0.619234	2584	
0.537290	0.728487	4377	
0.913155	-0.087907	4077	
0.932246	-0.087723	874	
0.820560	-0.486031	4685	
0.511919	-0.827528	5128	
0.653025	0.232830	3507	
0.480436	0.461055	3612	
0.251787	0.625842	5294	
0.188065	-0.695731	3966	
0.517298	-0.465829	5153	
0.694379	-0.123951	1443	
0.694036	0.325556	1164	
0.725268	-0.048061	3302	
0.108022	-0.738822	663	
0.593348	-0.455715	3352	
0.537296	-0.545037	3351	
-0.375350	-0.668850	1836	
0.256614	-0.770198	2437	
-0.478580	-0.633723	1976	
-0.804921	0.015462	4297	
-0.820618	-0.056494	4918	
-0.812119	-0.250211	3855	
-0.830988	0.158612	3528	
-0.694992	0.505823	4003	
-0.708487	0.515008	4003	
-0.492837	0.749927	4164	
-0.357353	0.841695	521	
0.615661	0.684323	4729	
0.913586	0.216496	4827	
0.921554	-0.248695	4912	
0.541511	-0.808359	2358	
-0.591293	0.313603	2560	
-0.655967	0.127845	4559	
0.598924	0.373774	4149	
-0.524204	-0.452023	1367	
0.452090	-0.541794	2143	
0.701994	-0.067589	3833	
0.369170	0.615711	2206	
0.303727	0.662096	1113	
0.740257	0.038776	3146	
0.748549	0.225274	346	
0.757283	-0.073087	3221	
-0.024909	-0.769439	2756	
0.202022	-0.779722	4528	
-0.794201	-0.094463	4506	
-0.468081	0.670418	1458	
-0.146117	0.812672	3905	
0.113874	0.820891	4445	
0.664671	0.527827	4368	
0.735007	-0.430922	337	
0.556023	-0.671526	429	
0.060993	-0.881605	3670	
-0.667706	-0.599263	5415	
-0.886603	-0.228255	3140	
-0.333502	0.865653	3567	
0.444478	0.826641	745	
0.854168	0.435170	2598	
0.831330	-0.506859	3621	
0.543152	-0.433797	4403	
0.131422	0.687083	2092	
-0.710195	-0.218033	5665	
-0.718544	-0.145000	2576	
-0.728043	-0.129457	3602	
-0.474339	0.571763	1154	
-0.628151	0.394200	1950	
-0.385235	0.686891	1432	
0.177742	0.741563	1216	
0.759146	-0.134270	2099	
0.779252	-0.101591	3111	
-0.234727	-0.758273	1657	
-0.649893	0.469957	1787	
-0.086611	0.816267	4585	
0.461002	0.687452	3420	
0.782305	-0.301028	2685	
-0.304469	-0.791840	2684	
-0.791890	-0.375870	4374	
-0.657208	0.579524	5263	
0.336923	0.821256	5618	
0.851925	0.320162	4104	
0.208507	-0.893782	659	
-0.767516	-0.526800	3764	
-0.721888	0.605984	5467	
0.059780	0.958293	5400	
0.927921	0.306432	610	
0.121040	0.717930	4181	
-0.430184	0.621016	5342	
-0.575477	-0.473910	1304	
-0.534890	0.519401	1909	
0.527823	0.539135	2166	
0.747163	-0.140001	2502	
-0.654520	-0.441480	348	
-0.782888	-0.084456	4506	
-0.020639	0.791146	1752	
0.795464	0.173263	1270	
-0.328913	-0.734851	1814	
-0.774976	0.255514	2321	
-0.059282	0.831055	1375	
0.838202	-0.052049	2030	
-0.404530	-0.745354	3539	
-0.689764	0.512017	4007	
0.191252	0.851214	1115	
0.851457	-0.238146	4288	
-0.178568	-0.878955	3077	
-0.910631	0.016700	3287	
0.464022	0.794682	5213	
0.907708	-0.224969	5162	
-0.327370	-0.890133	2516	
-0.936959	0.228051	3446	
-0.130054	0.767267	4163	
-0.391325	0.693163	1432	
-0.731722	-0.328706	1177	
0.774362	0.014619	4820	
-0.139100	-0.769263	2570	
-0.093832	0.791048	4614	
0.784001	-0.145754	2471	
-0.794776	0.110302	2458	
0.174894	0.793830	652	
0.810748	-0.152509	3078	
-0.675600	-0.505331	2678	
0.095206	0.836940	4214	
0.638312	-0.565832	3363	
-0.778188	-0.401839	4134	
0.023358	0.873464	3452	
0.764159	-0.443064	3075	
-0.791045	-0.433009	4405	
-0.440468	0.800376	5158	
0.775938	-0.485958	3854	
-0.650684	-0.663068	2430	
-0.363428	0.870926	1538	
0.843380	0.454898	1566	
0.185503	-0.953008	2220	
0.795445	0.171637	1270	
0.715717	0.405691	2468	
0.274950	0.749707	2039	
-0.802288	0.042503	2748	
0.807591	-0.068738	1977	
-0.787329	0.213879	2334	
0.676826	0.494385	4805	
-0.639918	-0.544270	3614	
0.455335	0.706944	3871	
-0.357795	-0.768656	3778	
0.021388	0.857339	3452	
0.610778	-0.617973	4556	
-0.862417	0.153809	3964	
0.847325	0.285403	4406	
-0.516913	-0.730502	2989	
-0.476793	0.778302	1377	
0.608154	-0.685540	751	
-0.901141	-0.232728	364	
0.643791	0.681948	4356	
0.303700	-0.902596	5280	
-0.947058	0.181588	4862	
0.553395	0.806772	1747	
-0.770351	0.309115	2682	
-0.818900	0.138552	3872	
-0.494253	-0.671652	3176	
0.671301	-0.500908	4308	
0.248036	0.803613	2453	
-0.791266	-0.345768	4439	
0.820906	-0.227550	3756	
-0.649197	0.562493	5174	
0.739485	-0.452121	2754	
-0.777047	0.402290	4313	
0.785081	-0.404250	482	
-0.787848	0.415871	4407	
0.902240	0.001421	2996	
-0.902135	-0.138773	4803	
0.895471	-0.193186	4660	
-0.838254	-0.407573	3650	
0.695904	0.628970	4677	
-0.225506	-0.921093	4903	
-0.795400	0.543809	3036	
0.919401	-0.320374	3717	
-0.851748	-0.164861	2675	
-0.640316	-0.582943	815	
-0.055788	-0.862962	4800	
0.708901	-0.498269	4329	
0.561178	0.665659	5177	
-0.857960	0.174040	4294	
0.208905	-0.862578	501	
0.438106	0.770865	4450	
-0.882103	-0.158552	4095	
0.879129	0.223152	3440	
-0.890550	0.182164	5373	
0.501500	-0.769242	5558	
-0.191344	0.904376	3713	
0.335424	-0.873429	4703	
-0.099469	0.935010	732	
0.350291	-0.885501	1594	
-0.850207	0.453458	5405	
-0.965745	0.193097	5003	
-0.870307	0.190201	5628	
-0.879714	0.141372	3212	
-0.856491	-0.275421	4173	
-0.203457	-0.871422	2733	
0.889527	-0.139790	4197	
0.141980	0.893552	4490	
-0.908559	0.042130	3050	
0.021810	-0.913401	4143	
0.906039	0.153867	835	
-0.733003	0.561648	5337	
0.403414	-0.844249	854	
0.366262	0.863230	705	
-0.709747	-0.626249	2049	
0.768568	0.570675	868	
-0.961116	-0.081759	561	
0.960764	0.167964	1485	
0.764050	0.513836	3930	
0.685027	0.612546	4677	
0.245984	0.885775	5653	
-0.337762	0.862532	3567	
-0.890237	0.247243	5678	
-0.358738	-0.856208	5734	
0.818427	-0.447779	5714	
0.456164	0.818764	961	
-0.901003	0.275620	5260	
0.245989	-0.918474	5582	
0.492309	0.820997	2305	
-0.962496	-0.062536	1086	
0.802162	-0.549131	2905	
-0.386281	0.902411	2329	
-0.622916	-0.711216	1030	
-0.539872	-0.776463	1972	
-0.214452	-0.922404	4903	
0.394391	-0.865876	4428	
0.925229	-0.225622	3035	
0.568844	0.769166	313	
-0.937643	-0.228727	4737	
0.375521	-0.895120	3285	
0.762298	0.610199	1492	
-0.854035	0.486733	3669	
0.973136	0.214278	3242	
0.926118	0.304487	610	
0.732631	0.644699	572	
-0.376339	0.905709	2329	
-0.948142	0.261029	1984	
0.362009	-0.923064	3376	
