time = 79.65	Re = 1
-0.251184	0.941695	2220	
-0.450402	0.866245	1551	
-0.830111	0.520510	2905	
-0.964997	0.186619	4335	
-0.736073	-0.663236	1492	
0.082095	-0.943509	637	
0.152597	-0.935446	4233	
0.316232	-0.895987	5637	
0.554126	-0.773879	4896	
0.791087	-0.531734	502	
0.944563	-0.151948	2304	
0.602134	0.753775	992	
0.012100	0.970013	2990	
-0.636437	0.740373	2296	
-0.976563	0.107595	1796	
-0.100383	-0.991156	3640	
0.393812	0.829989	5382	
0.326010	0.859340	5734	
0.129518	0.911700	3974	
-0.133045	0.914398	5646	
-0.498139	0.784539	5021	
-0.835919	0.406510	5707	
-0.928512	-0.104853	4255	
-0.653033	-0.675002	1085	
-0.053160	-0.942479	4985	
0.665889	-0.678800	2311	
0.956116	0.053130	4397	
0.569212	0.778451	1037	
-0.319701	0.918841	2215	
-0.952610	0.232588	3754	
-0.871186	-0.207557	3295	
-0.854834	-0.274625	583	
-0.756808	-0.487237	4172	
-0.497285	-0.744625	4377	
-0.038919	-0.898775	420	
0.513701	-0.750229	1377	
0.871782	-0.254450	5043	
0.824175	0.406615	1505	
0.298366	0.868181	494	
-0.508318	0.776893	5021	
-0.932408	0.002732	1198	
-0.511304	-0.787863	313	
0.431484	-0.845866	4807	
0.956408	0.016912	4244	
0.436099	0.860553	4361	
-0.664730	0.713525	2467	
0.291352	-0.822279	4412	
0.425837	-0.764736	4293	
0.654243	-0.566624	2791	
0.831556	-0.241730	3025	
0.834419	0.278431	5624	
0.371731	0.791988	3728	
-0.319817	0.830309	3359	
-0.854247	0.234815	5564	
-0.659927	-0.605692	3122	
0.251531	-0.870176	3877	
0.890196	-0.179154	5439	
0.590638	0.699518	2986	
-0.384548	0.844171	929	
-0.929306	-0.080955	1733	
-0.243849	-0.908825	5585	
0.820526	-0.481128	5171	
0.636708	0.722700	1299	
-0.936809	-0.303258	1553	
0.828766	-0.047681	3191	
0.830818	0.062116	2716	
0.739776	0.422262	4129	
0.357288	0.755834	3539	
-0.276443	0.809248	3851	
-0.808564	0.248429	3570	
-0.622796	-0.589204	1241	
0.203557	-0.841931	2937	
0.862355	-0.085402	3154	
0.348766	0.801795	3562	
-0.666887	0.580312	380	
-0.767906	-0.467934	4961	
0.272780	-0.863904	4060	
0.908571	0.052730	5184	
0.228023	0.888576	5396	
-0.859297	0.350627	279	
-0.498437	-0.794869	297	
0.744610	-0.589405	4971	
0.615417	0.740608	992	
-0.643084	0.731535	2296	
0.743644	0.358045	2088	
0.649320	0.493215	2481	
0.391216	0.697274	2470	
-0.205861	0.792260	4570	
-0.792312	0.166847	2673	
-0.431415	-0.693468	2721	
0.623267	-0.545029	4973	
0.709939	0.465503	2450	
-0.304365	0.800432	4044	
-0.842951	-0.130091	3613	
0.005903	-0.857610	2786	
0.863640	-0.067096	3530	
0.144935	0.863366	3077	
-0.855476	0.226440	3729	
-0.290640	-0.846295	5096	
0.862478	-0.277988	5097	
0.385975	0.830351	5382	
-0.857017	0.355296	295	
-0.398715	-0.849739	745	
0.879480	-0.362716	5584	
0.349690	0.898644	4886	
-0.935616	0.284976	3193	
0.763304	0.111679	3180	
0.746037	0.274404	1615	
0.384089	0.663619	1361	
-0.435710	0.672149	5146	
-0.716920	-0.382155	2760	
0.339516	-0.744052	4114	
0.758612	0.319321	2899	
-0.285409	0.775402	3455	
-0.734323	-0.401676	2760	
0.504301	-0.668426	3623	
0.643059	0.543398	1807	
-0.571835	0.626559	3593	
-0.600972	-0.608657	1569	
0.663302	-0.552462	4745	
0.493807	0.719341	3137	
-0.769140	0.433622	2754	
-0.369558	-0.813775	4573	
0.878594	-0.221935	5413	
0.203123	0.893953	4524	
-0.928674	0.045424	657	
0.080355	-0.939321	637	
0.915865	0.280865	4737	
-0.430648	0.870989	2349	
0.495579	-0.552820	1154	
0.628119	-0.371150	4144	
0.730221	0.199957	5740	
-0.260392	0.730711	4624	
-0.620689	-0.463214	5658	
0.632993	-0.419024	4051	
0.256776	0.722511	1153	
-0.778131	-0.101249	3280	
0.418137	-0.700842	2426	
0.546476	0.587887	4527	
-0.664323	0.458220	3899	
-0.275716	-0.768468	2331	
0.828130	-0.028277	4302	
-0.146018	0.831867	4603	
-0.801472	-0.322024	3858	
0.531051	-0.686991	3622	
0.481381	0.727180	3137	
-0.836635	0.284567	4601	
-0.049296	-0.895072	420	
0.882651	0.234265	3902	
-0.420157	0.825642	4706	
-0.643321	-0.680456	1085	
0.833355	-0.455312	5209	
0.229107	0.936883	5581	
-0.638219	-0.383879	5472	
-0.307624	-0.626844	4160	
0.455551	-0.558337	711	
0.257288	0.662289	3133	
-0.644812	-0.406305	4477	
0.683687	-0.255446	2466	
-0.415393	0.658152	4583	
-0.250313	-0.708802	1939	
0.760154	0.155311	2423	
-0.514004	0.594421	4275	
-0.194745	-0.758956	1655	
0.794832	0.050994	4224	
-0.319809	0.763904	3157	
-0.505071	-0.641243	4298	
0.807435	-0.175447	2638	
-0.130468	0.833098	4613	
-0.730199	-0.460815	4471	
0.749104	-0.426521	3108	
0.086311	0.870504	3138	
-0.846600	-0.292019	4162	
0.675101	-0.599957	4131	
0.349818	0.845328	2730	
-0.929562	-0.016056	1198	
0.378182	-0.867749	2083	
0.643298	0.713345	1751	
-0.915239	0.340106	2079	
0.268066	0.613177	4503	
-0.126203	0.659044	2158	
-0.651666	-0.333073	5498	
0.681462	0.276034	4750	
-0.648800	-0.371379	2058	
0.704952	0.064715	1559	
-0.694924	0.175534	4999	
0.495748	-0.551488	1154	
0.117948	0.727485	5296	
-0.604021	-0.477561	5403	
0.737020	-0.183776	1635	
-0.160898	0.766215	1969	
-0.436821	-0.648666	3095	
0.783086	-0.114098	2377	
-0.298778	0.770506	2437	
-0.413162	-0.702389	2721	
0.827745	0.078240	2716	
-0.556160	0.640486	389	
-0.301599	-0.797144	3026	
0.838843	0.251783	4408	
-0.706287	0.527349	3228	
-0.088747	-0.890602	3241	
0.785209	0.472423	4338	
-0.771010	0.510035	543	
-0.061154	-0.938190	4985	
0.849482	0.444701	4921	
-0.790592	0.568450	1898	
0.649315	-0.151598	4762	
-0.600547	-0.389722	4323	
0.405668	0.550687	2315	
-0.527590	-0.469980	5071	
0.704273	0.105843	1970	
-0.662640	0.270876	848	
0.373316	-0.676287	4733	
0.355406	0.643046	1059	
-0.730099	-0.285709	5434	
0.692471	-0.308601	4241	
-0.136703	0.767250	1363	
-0.339484	-0.704150	1288	
0.789765	0.145427	4653	
-0.636894	0.494687	3775	
0.072463	-0.818512	2544	
0.454110	0.698107	3176	
-0.843336	-0.104961	5340	
0.678341	-0.530369	5174	
-0.077617	0.873733	3594	
-0.590267	-0.668450	2132	
0.907007	-0.000282	3050	
-0.514273	0.769189	5504	
-0.327275	-0.878597	705	
0.923430	0.247780	5023	
-0.719234	0.654628	2583	
-0.277930	0.638164	4231	
-0.157640	-0.642687	2202	
-0.206701	0.662366	4752	
0.077250	-0.671094	2551	
0.048169	0.683465	1595	
-0.476307	-0.510037	546	
0.704046	0.067209	1559	
-0.632274	0.333398	3950	
0.247596	-0.720135	4508	
0.365201	0.637077	1059	
-0.679305	-0.395781	1130	
0.754539	-0.087182	1499	
-0.525594	0.579889	4187	
0.150697	-0.781756	3991	
0.339531	0.721737	2357	
-0.760857	-0.344506	4111	
0.821645	-0.086093	3421	
-0.630739	0.559491	4767	
0.087293	-0.853347	1547	
0.422505	0.761359	4848	
-0.836957	-0.319059	4406	
0.854647	-0.294157	3102	
-0.281644	0.878701	4240	
-0.413444	-0.840523	961	
0.933539	0.201719	869	
-0.742988	0.627499	4016	
-0.279034	0.638433	4231	
-0.280667	0.639614	4231	
-0.189370	0.635894	5593	
0.594658	-0.299234	2144	
-0.395558	0.580366	628	
0.096300	-0.669994	499	
0.123129	0.674626	2525	
-0.484406	-0.503640	546	
0.703537	0.020392	887	
-0.647503	0.302878	1141	
0.448696	-0.606836	5342	
0.033897	0.735938	2711	
-0.292927	-0.690365	1201	
0.561281	0.532281	2837	
-0.772868	-0.157379	970	
0.775137	-0.151986	1820	
-0.647200	0.479307	3775	
0.442529	-0.714405	4904	
-0.095328	0.834640	3806	
-0.321649	-0.788336	3701	
0.683917	0.546251	3448	
-0.883979	-0.061884	3293	
0.799399	-0.418905	3063	
-0.232102	0.891500	659	
-0.382713	-0.854947	5555	
0.901598	0.319457	958	
-0.848060	0.478456	2920	
0.064145	-0.990673	4248	
0.162162	-0.622155	1674	
0.594673	0.190501	484	
0.545379	0.179898	660	
0.221146	-0.600123	3961	
-0.260507	0.642267	3000	
-0.314817	-0.579420	4622	
-0.143480	0.657745	1702	
-0.166202	-0.655048	2948	
0.331175	0.598930	4393	
-0.489207	-0.499651	283	
0.703208	0.165024	3602	
-0.717314	-0.022057	2610	
0.696814	-0.212801	1693	
-0.662141	0.334560	5663	
0.605372	-0.455895	2874	
-0.468648	0.639515	2991	
0.417114	-0.699848	2426	
-0.085532	0.800179	3897	
-0.080134	-0.812317	2781	
0.255680	0.792716	2684	
-0.553390	-0.646756	418	
0.779058	0.408653	4374	
-0.884814	-0.017490	2719	
0.814572	-0.388466	4407	
-0.354349	0.853120	1689	
-0.226555	-0.909790	5585	
0.769834	0.570556	4828	
0.278989	-0.423954	3586	
0.311784	0.567337	3289	
-0.171239	0.415086	388	
-0.359327	0.458996	4354	
-0.365954	0.464142	1337	
-0.168541	0.420941	4171	
0.424426	0.187015	2174	
-0.281050	0.641395	4231	
0.612980	0.370432	5360	
-0.430015	-0.515125	1023	
0.252516	0.637390	1380	
-0.325428	-0.614027	721	
0.255747	0.660804	3133	
-0.208355	-0.691094	582	
0.306406	0.666814	1199	
-0.188445	-0.725973	1611	
0.238992	0.726109	1029	
-0.138653	-0.769471	5312	
0.218421	0.767068	2040	
-0.331176	-0.743270	2335	
0.416131	0.719912	3747	
-0.593894	-0.611336	1474	
0.757389	0.446128	4134	
-0.877198	-0.136741	5418	
0.883654	-0.190111	5439	
-0.631420	0.673011	751	
0.115819	-0.933591	732	
0.471075	0.836851	2416	
0.346449	-0.511836	301	
-0.155733	0.600588	1394	
-0.428446	0.448976	1642	
-0.620839	-0.043887	2901	
-0.568440	-0.113006	507	
-0.540138	-0.114055	740	
-0.536149	-0.117114	740	
-0.599892	-0.106261	351	
-0.344087	0.451859	4354	
-0.260829	0.643017	3000	
0.653720	0.165765	535	
-0.043047	-0.671697	1612	
-0.448243	0.543713	2093	
0.614499	-0.336057	3023	
-0.712081	0.064759	2885	
0.731031	0.074916	1525	
-0.695594	-0.368792	1117	
0.571373	0.522417	1549	
-0.442321	-0.642529	3095	
0.388728	0.695015	2470	
-0.399728	-0.707965	2376	
0.383363	0.737746	3079	
-0.493684	-0.691679	4303	
0.602090	0.629164	895	
-0.763348	-0.468957	5477	
0.890910	0.182965	4095	
-0.865880	0.323278	279	
0.604627	-0.726655	491	
-0.052804	0.963187	2750	
0.432313	-0.470921	1396	
-0.148638	0.504783	3151	
-0.599758	0.229237	2250	
-0.582082	-0.099491	351	
-0.575575	-0.082942	453	
-0.600975	-0.029059	549	
-0.609112	0.010405	520	
-0.585886	-0.056465	453	
-0.507943	-0.095113	1646	
-0.469656	-0.110691	3878	
-0.627043	0.144563	4931	
-0.278980	0.644056	4231	
-0.113580	0.657759	3038	
0.676751	0.058593	545	
-0.258324	-0.645941	858	
-0.318760	0.691892	1230	
0.605646	-0.401309	2636	
-0.743073	0.029340	3302	
0.731284	0.316234	1167	
-0.520650	-0.584312	3654	
0.352976	0.713724	2389	
-0.265232	-0.769254	2331	
0.141222	0.821024	390	
-0.184709	-0.831165	4382	
0.256524	0.831964	4667	
-0.406553	-0.792214	5629	
0.610645	0.676799	2252	
-0.881544	-0.304690	5516	
0.936784	-0.155483	2304	
-0.721489	0.649581	2583	
0.090967	-0.987679	4990	
0.629942	0.101056	3441	
-0.264441	0.381830	5710	
-0.627759	0.013255	812	
-0.598816	-0.056108	467	
-0.579855	0.229496	1710	
-0.336919	0.342176	3203	
-0.184104	0.275008	4070	
-0.129099	0.288150	4021	
-0.205562	0.273843	1501	
-0.419361	0.381707	5175	
-0.571358	-0.068856	1013	
-0.437751	-0.113845	447	
-0.343826	0.454577	4354	
-0.626067	-0.339886	4644	
0.089739	-0.669374	499	
-0.692285	-0.236560	995	
0.169336	0.687635	846	
0.483716	-0.562424	1328	
-0.733592	0.113133	1654	
0.710495	0.363571	1019	
-0.378523	-0.681150	1204	
0.109196	0.790232	2570	
0.065124	-0.816919	2544	
-0.295714	0.799759	4044	
0.325118	-0.806076	5105	
-0.354703	0.812576	5379	
0.204657	-0.875588	4387	
0.038322	0.914263	4720	
-0.340809	-0.871467	5524	
0.713165	0.638769	5464	
0.438026	0.272775	2812	
0.493495	0.363888	4633	
-0.377027	0.459429	1337	
-0.615036	-0.038248	866	
-0.610040	0.135713	2555	
-0.299090	0.316951	1365	
-0.054659	0.431188	4813	
0.270062	0.284844	917	
0.297378	0.050783	3768	
0.387372	0.031472	3018	
0.228607	0.154246	4468	
-0.025469	0.554594	1745	
-0.351600	0.347892	2926	
-0.495934	-0.089614	1579	
-0.546876	-0.129222	5206	
-0.268774	0.637642	4231	
-0.643273	-0.344198	5498	
-0.676329	0.138356	793	
0.316264	0.632037	2451	
0.506050	-0.534327	1154	
-0.745125	-0.048204	3690	
0.482099	0.593708	2396	
0.012816	-0.783881	2752	
-0.292642	0.770295	2437	
0.620098	-0.541251	4783	
-0.768298	0.340158	2574	
0.814762	-0.274749	3601	
-0.848935	0.234625	3729	
0.855119	-0.286964	5097	
-0.735929	0.554932	362	
0.508623	-0.796131	5041	
-0.104599	0.958842	3501	
0.255294	-0.410689	4777	
0.548075	0.177078	660	
-0.150855	0.435664	5422	
-0.600741	0.220185	2250	
-0.619731	0.029565	2411	
-0.425427	0.390163	5216	
-0.075063	0.351379	3174	
0.230058	0.173015	615	
0.066493	-0.228417	968	
0.078358	0.228995	469	
0.217695	0.538953	1345	
0.266724	0.507516	5486	
-0.005524	0.508515	2755	
0.580713	-0.111067	1852	
-0.053136	0.407270	4826	
-0.606881	0.023192	520	
-0.426260	-0.120788	447	
0.218718	-0.581749	3795	
-0.666282	0.050543	3885	
-0.683214	0.094930	4392	
0.093005	0.701449	4137	
0.659274	-0.305055	2258	
-0.567895	-0.505295	1543	
0.050417	0.763293	4026	
0.600946	-0.511962	4339	
-0.764675	0.248274	1079	
0.809234	0.222483	3265	
-0.721555	-0.469010	3856	
0.625127	0.606103	5415	
-0.599898	-0.656751	1811	
0.644287	0.644254	5120	
-0.829563	-0.428765	2815	
0.943153	0.128436	561	
-0.931537	0.283385	3193	
0.487081	0.394376	1450	
0.234319	0.605606	3016	
-0.168038	0.405382	405	
-0.435946	0.438375	1642	
-0.625723	0.051855	2411	
-0.557480	0.278704	1568	
-0.197858	0.281252	1910	
0.350119	0.444656	4227	
0.179637	-0.195066	540	
0.255119	0.331319	3313	
0.153233	0.280462	5109	
0.181155	0.537292	952	
0.055390	0.528801	3505	
0.183118	0.537951	952	
0.112443	0.267353	5229	
0.163301	0.214199	1625	
0.331724	0.376112	2664	
-0.537618	0.294737	4567	
-0.398941	-0.129053	1762	
0.218342	-0.580787	3795	
-0.579495	-0.399865	1049	
-0.641864	-0.376569	5472	
-0.465704	0.562119	1140	
0.719910	0.271605	4473	
0.039483	-0.752191	1374	
-0.644710	0.421113	3526	
0.787029	0.146488	4653	
-0.504226	-0.637509	4298	
0.103660	0.826057	2073	
0.089453	-0.850806	1547	
-0.374586	0.803419	5270	
0.442172	-0.788946	5002	
-0.306434	0.868813	788	
0.127538	-0.930729	732	
0.094667	0.958090	5369	
-0.269514	0.377610	3990	
-0.328619	0.417401	2340	
-0.477894	0.401788	2372	
-0.615649	0.158123	2227	
-0.594499	0.206273	2267	
-0.323937	0.338831	3203	
-0.054727	0.467139	3106	
0.338113	0.039863	3580	
0.008863	0.281938	5147	
0.123268	0.275567	5229	
0.060121	0.529391	4553	
0.104142	0.345096	2975	
0.170022	0.349662	4851	
0.179403	0.351906	942	
0.096086	0.336232	3870	
0.132733	0.549012	476	
0.288260	0.372437	3474	
0.236263	0.230361	3638	
-0.558059	0.262100	1899	
-0.404683	-0.129927	1762	
-0.269334	0.648585	4231	
0.207843	-0.671923	5703	
-0.078677	-0.689916	2578	
-0.715080	-0.166124	3339	
0.051887	0.732085	3820	
0.743083	-0.142811	1226	
-0.596726	-0.517450	3582	
-0.021525	0.799620	3515	
0.531458	-0.637065	3544	
-0.798165	0.262285	2333	
0.862806	0.034577	593	
-0.860560	-0.226238	3684	
0.849200	0.334212	2185	
-0.904920	-0.214066	506	
0.949271	-0.024461	5571	
-0.912985	0.335628	2079	
-0.477080	0.396439	2372	
-0.534721	0.333329	336	
-0.586249	0.240842	1710	
-0.556305	0.286900	1568	
-0.380227	0.383753	3002	
-0.105843	0.316795	2605	
0.292420	0.313098	937	
0.062865	-0.232500	968	
0.006427	0.494889	3062	
0.240797	0.504193	5670	
0.085120	0.358517	3588	
0.208585	0.383795	5546	
0.216778	0.470840	2248	
0.172563	0.499919	1610	
0.210301	0.486465	4900	
0.211533	0.371483	4166	
0.026152	0.463074	950	
0.296842	0.386003	2408	
0.346922	0.415525	3093	
-0.584107	-0.043611	457	
-0.507315	-0.125767	3110	
-0.457807	-0.465065	3612	
0.670335	0.308308	5487	
0.695117	-0.083817	763	
0.111517	-0.722360	4639	
-0.743590	-0.005884	3344	
0.225779	0.729103	1029	
0.577262	-0.540446	3799	
-0.801168	0.078610	3089	
0.602875	0.577044	3614	
-0.309113	-0.790596	3026	
-0.039632	0.872224	5236	
0.213462	-0.872812	4387	
-0.222379	0.891450	5013	
0.126993	-0.930360	732	
0.001408	0.963095	5250	
-0.441582	-0.880723	5528	
-0.445095	0.402638	2090	
-0.467877	0.387159	2439	
-0.428397	0.401023	5216	
-0.333225	0.351186	3203	
-0.132689	0.300991	3506	
0.149018	0.588612	1798	
0.467740	0.030518	2964	
-0.004796	0.508503	2755	
0.095093	0.280281	1150	
0.069520	0.532247	5191	
0.139999	0.350435	2028	
0.224080	0.441215	4474	
0.155711	0.491866	1760	
0.116326	0.473913	2230	
0.104180	0.472622	2103	
0.126246	0.507812	2308	
0.228177	0.387586	4930	
0.072976	0.542850	3956	
0.147651	0.200941	1825	
-0.064992	0.348292	1347	
-0.414673	-0.098258	820	
-0.356333	0.471118	5065	
-0.311929	0.654820	5470	
-0.625771	0.288203	5278	
-0.106044	0.708310	1093	
0.727676	0.166817	5355	
0.133278	-0.750063	4153	
-0.751057	0.172921	1297	
0.493797	0.623733	1870	
0.089048	-0.814659	5254	
-0.662693	0.514906	4064	
0.840148	-0.181057	3767	
-0.870430	-0.171046	5511	
0.825479	0.390548	4761	
-0.867988	-0.339531	4337	
0.926722	0.218716	869	
-0.251270	0.308074	1313	
-0.249807	0.304951	1313	
-0.191790	0.291771	1910	
-0.095171	0.335783	976	
0.019571	0.588160	2387	
0.241428	0.137989	4736	
0.061040	-0.234506	968	
0.275028	0.358189	3533	
0.208727	0.321958	3360	
0.038138	0.461448	950	
0.157395	0.359002	1307	
0.216515	0.448940	2291	
0.159976	0.480923	1760	
0.137509	0.461385	2273	
0.129116	0.440393	2064	
0.100265	0.445958	2373	
0.143148	0.514492	2213	
0.140130	0.325318	3277	
0.149974	0.269713	5109	
0.515457	0.020644	3032	
-0.452347	0.369193	1350	
-0.366219	-0.154815	1273	
-0.261746	0.638476	4231	
0.250278	-0.675423	5450	
0.085083	-0.693978	544	
-0.552544	-0.480981	5356	
-0.486247	0.577539	3084	
0.619463	0.477127	723	
0.200911	-0.774041	3919	
-0.729915	0.332968	2124	
0.705943	0.463329	2450	
-0.321358	-0.785163	3701	
-0.144175	0.864219	4872	
0.416278	-0.801866	5080	
-0.510325	0.767736	5504	
0.516712	-0.789412	5505	
-0.349768	0.900346	2200	
-0.065203	0.442192	4926	
-0.064340	0.436661	4813	
-0.053830	0.524961	1099	
0.232579	0.561912	1781	
0.238009	0.189410	423	
0.478900	-0.317906	2833	
0.049519	0.205739	1341	
0.005415	0.485109	3062	
0.270300	0.399085	3443	
0.045166	0.438394	1620	
0.142722	0.359343	1307	
0.211957	0.424157	2007	
0.185623	0.463677	2743	
0.164895	0.455772	2475	
0.155561	0.433840	1955	
0.126648	0.418400	1962	
0.084205	0.473313	1741	
0.248458	0.422616	629	
0.035979	0.515392	3597	
-0.010980	0.416056	3510	
-0.049610	0.413885	4826	
-0.439541	-0.088893	4562	
-0.622579	-0.067838	3022	
0.482661	0.456130	2210	
-0.214660	0.684328	3966	
0.394264	0.583817	3834	
0.706508	-0.168942	1114	
-0.192195	-0.722439	1611	
-0.664516	0.386740	1664	
0.609182	0.525369	969	
0.096998	-0.813852	5254	
-0.733031	0.406824	609	
0.858298	0.107459	1570	
-0.723476	-0.522182	3467	
0.517035	0.748403	3394	
-0.507700	-0.781977	297	
0.572168	0.766573	907	
-0.769987	-0.607742	3948	
0.337802	0.365464	2239	
0.337779	0.367262	2239	
0.266438	0.264244	1235	
0.254968	0.114858	971	
0.577108	-0.043919	3091	
0.026156	-0.292647	805	
0.052127	0.242945	856	
0.015844	0.370659	3398	
0.271230	0.404799	2385	
0.045571	0.483316	824	
0.106054	0.366781	2204	
0.178038	0.385841	1266	
0.196581	0.422523	2068	
0.184991	0.428096	2068	
0.162746	0.414107	2010	
0.123557	0.407949	1962	
0.078339	0.468074	1741	
0.247320	0.457328	5052	
0.038578	0.382396	3155	
0.035648	0.548898	2777	
0.242138	0.247166	2779	
-0.597209	0.157958	2227	
-0.360323	-0.166288	1273	
-0.279567	0.638785	4231	
-0.028327	-0.670389	1160	
-0.016966	-0.693908	1601	
-0.704008	-0.291974	4124	
-0.258037	0.726300	4624	
0.714383	0.353317	1177	
0.215645	-0.771800	3282	
-0.776270	0.204845	1813	
0.503610	0.659009	2029	
0.079146	-0.850497	2528	
-0.626837	0.615410	1614	
0.857552	-0.274294	5097	
-0.904379	0.184046	5332	
0.936127	-0.144538	2304	
0.384766	0.040630	1581	
0.384747	0.039531	1581	
0.500140	0.030671	2701	
0.462897	-0.328442	2845	
0.116332	-0.211948	5659	
-0.008484	0.200506	1151	
0.137870	0.234854	5054	
0.019415	0.364584	3819	
0.225551	0.344135	2600	
0.147431	0.537968	5387	
0.056545	0.424501	1300	
0.106330	0.375228	2204	
0.141673	0.380218	2060	
0.145085	0.386949	2060	
0.122761	0.393296	2324	
0.085245	0.425007	2164	
0.098428	0.513819	963	
0.246632	0.404994	5271	
0.027444	0.418541	1301	
-0.002110	0.466903	3447	
0.268463	0.063698	495	
-0.373999	0.357694	2839	
-0.348749	-0.146551	1273	
-0.372905	0.480566	2508	
-0.012524	0.662709	4947	
-0.301443	0.677159	1190	
0.413275	0.570096	2984	
0.703094	-0.181910	1114	
-0.159920	-0.730038	288	
-0.725124	0.257181	956	
0.370919	0.701621	2389	
0.510383	-0.655554	2960	
-0.839875	-0.098580	4878	
0.503081	0.705891	3291	
-0.046305	-0.889968	420	
-0.245661	0.884978	659	
0.384164	-0.860417	2083	
-0.347035	0.900901	2200	
0.155087	-0.207319	440	
0.164424	-0.204831	440	
0.135529	-0.208693	746	
0.042202	-0.260781	914	
-0.178279	-0.195771	563	
0.270394	0.337543	3331	
0.158353	0.246334	5054	
0.006802	0.473950	3644	
0.128264	0.290635	5229	
0.270822	0.414515	2385	
0.101707	0.531887	963	
0.054288	0.472516	824	
0.064776	0.431200	3395	
0.065032	0.438691	3395	
0.064481	0.474760	2314	
0.114459	0.523458	638	
0.255573	0.443256	786	
0.089103	0.321873	4076	
0.290738	0.449872	2832	
0.149855	0.227793	5054	
0.228519	0.130248	1033	
-0.292199	0.299510	1365	
-0.379283	-0.108589	1003	
-0.460062	-0.126729	4062	
-0.364155	0.598956	4704	
0.415801	-0.562429	5115	
0.091574	-0.693522	562	
-0.641750	-0.403907	4477	
-0.433972	0.634563	4552	
0.510834	0.569447	4668	
0.581273	-0.533825	4427	
-0.748534	-0.364566	3695	
-0.126815	0.828650	4613	
0.758803	-0.397742	387	
-0.848740	-0.268926	583	
0.577574	0.701759	2986	
-0.444294	-0.819536	2305	
0.411859	0.864306	5238	
-0.565229	-0.803604	1339	
-0.223987	-0.263762	3341	
-0.190547	-0.215040	691	
-0.173589	-0.140703	715	
-0.008486	0.200507	531	
0.316451	0.433608	2587	
0.087010	0.237274	5638	
0.225735	0.530932	862	
0.030236	0.349144	4679	
0.147685	0.299530	586	
0.238461	0.365078	4940	
0.266694	0.450350	4959	
0.221785	0.502575	4900	
0.233092	0.491382	5471	
0.258145	0.411423	629	
0.158152	0.316665	1149	
0.055269	0.345266	4714	
0.286435	0.463989	3353	
0.020268	0.537480	2848	
0.114905	-0.200142	1364	
0.237955	0.552291	1345	
-0.407563	0.371129	5175	
-0.387953	-0.101177	1003	
-0.358747	-0.181628	4980	
0.533539	0.177853	660	
-0.560990	0.360188	1137	
-0.540668	0.422183	5568	
0.220470	0.670416	411	
0.725831	-0.031872	4001	
0.136050	-0.748908	4153	
-0.768528	-0.167432	970	
-0.258476	0.777543	2494	
0.817879	0.149372	2915	
-0.228246	-0.816875	2705	
-0.582413	0.659020	389	
0.888466	-0.148722	5373	
-0.920846	-0.091581	1957	
0.908027	0.285725	364	
-0.008486	0.200512	1151	
0.094684	0.175891	672	
0.152371	0.211172	1825	
0.007962	0.304324	5147	
0.162730	0.253920	5627	
0.237659	0.523361	862	
0.015836	0.407194	1301	
0.064508	0.316723	4739	
0.106263	0.304154	3418	
0.110330	0.306236	3418	
0.075051	0.320811	5529	
0.021932	0.413745	1301	
0.244639	0.512613	5670	
0.093668	0.260382	5648	
0.109705	0.218726	5481	
0.309655	-0.264304	3493	
0.342781	0.410509	3093	
-0.184765	0.260435	4098	
-0.603797	0.043513	3088	
-0.346150	-0.134022	1631	
-0.346776	-0.206273	1428	
-0.266274	0.394571	5542	
0.422740	-0.514350	2095	
0.641033	-0.219985	4754	
0.248286	-0.695120	2582	
-0.485133	-0.532982	1864	
-0.650416	0.348400	5303	
0.098651	0.756127	3051	
0.789473	0.053704	4224	
0.082090	-0.813671	4229	
-0.840904	0.020078	2821	
0.390805	0.773526	4864	
0.276856	-0.855562	4060	
-0.691670	0.604738	555	
0.850322	-0.409740	5381	
-0.890586	0.384634	331	
-0.008497	0.200555	531	
0.209858	0.268924	3309	
0.005495	0.320481	4498	
0.125501	0.243898	5259	
0.268449	0.359848	3533	
0.283853	0.478205	2326	
0.240165	0.518266	5670	
0.294823	0.413217	2788	
0.165774	0.267492	2101	
0.012239	0.326657	4498	
0.036905	0.234813	620	
0.134092	-0.192325	577	
0.217177	0.173235	529	
-0.046642	0.405004	4826	
-0.318845	0.314079	4247	
-0.594928	0.001119	2104	
-0.375654	-0.101718	1003	
-0.325873	-0.209881	1829	
-0.348277	-0.219229	3890	
-0.607807	0.220233	2628	
-0.280631	0.639523	4231	
-0.661118	-0.099348	2211	
-0.647540	0.234114	4702	
0.076256	0.701078	2569	
0.704475	0.321330	1211	
0.610571	-0.441132	3325	
-0.115360	-0.769547	596	
-0.805536	-0.022908	5031	
-0.181068	0.821835	3798	
0.855418	-0.076714	3530	
-0.496608	-0.734229	4377	
-0.087395	0.909919	4167	
0.398518	-0.853199	1538	
-0.497826	0.827653	4372	
0.007284	0.526693	2848	
0.008695	0.319689	4498	
0.026998	0.284650	1188	
0.000739	0.372370	3398	
0.302885	0.392600	2408	
0.140163	0.193696	1825	
0.203053	-0.192788	911	
0.217205	0.159790	2542	
-0.042976	0.442376	3708	
-0.277601	0.285669	792	
-0.602609	0.055682	3088	
-0.395090	-0.088410	1627	
-0.319403	-0.176308	1999	
-0.332492	-0.252495	839	
-0.353301	-0.274193	430	
-0.362277	-0.194880	4980	
-0.637826	0.033722	2623	
-0.258489	0.425120	989	
0.429176	0.502273	1016	
0.667226	-0.111831	718	
0.266420	-0.693523	3210	
-0.322646	-0.640639	5035	
-0.737351	-0.214517	347	
-0.648437	0.410535	3526	
-0.130883	0.794402	3918	
0.709908	0.455967	2450	
0.370788	-0.784882	5587	
-0.878914	-0.073222	3293	
0.486698	0.767057	2989	
-0.162054	-0.919567	5599	
-0.034905	0.960192	5395	
0.318586	0.421599	2420	
0.049661	0.222427	1263	
0.079872	0.214554	469	
0.022984	0.238981	620	
-0.008488	0.200505	531	
0.139936	-0.188166	577	
0.241977	0.088070	5676	
0.072259	0.586722	3319	
-0.189478	0.254126	4098	
-0.589064	0.173881	1782	
-0.411311	-0.078974	843	
-0.312602	-0.203216	1022	
-0.355267	-0.303018	4494	
-0.386933	-0.328555	4142	
-0.366899	-0.283955	4711	
-0.367944	-0.193735	4980	
-0.503564	-0.133906	3110	
-0.404050	0.476283	1179	
0.425501	0.189359	2174	
-0.646767	0.117683	4481	
-0.664543	-0.034147	993	
-0.493225	0.480475	2962	
0.003781	0.705651	1282	
0.390517	0.616916	2517	
0.512423	0.567167	4668	
0.786588	0.122077	4506	
0.586165	-0.576574	3716	
-0.406566	-0.742235	3527	
-0.691110	0.538222	2799	
0.858014	0.301913	5099	
-0.591504	-0.717740	4729	
0.370341	0.882174	984	
-0.415770	-0.890634	4774	
-0.009964	0.278478	5331	
-0.008484	0.200506	1151	
0.018750	-0.301078	805	
0.564679	-0.024974	2895	
0.221906	0.218626	4210	
-0.043924	0.399020	5491	
-0.314840	0.306799	4247	
-0.563778	-0.044173	2532	
-0.320152	-0.144264	2084	
-0.352082	-0.307765	4494	
-0.416215	-0.367942	655	
-0.391858	-0.317130	3831	
-0.391349	-0.168517	1106	
-0.579765	-0.146558	1586	
-0.577791	0.289866	1740	
-0.326206	0.446942	4933	
-0.154390	0.480899	3874	
0.406938	0.227261	1638	
-0.270021	0.637602	4231	
0.572160	-0.331371	1743	
0.201362	-0.668646	5703	
0.221307	-0.695010	2009	
0.272872	-0.712520	4155	
0.353880	-0.706768	1171	
0.250294	-0.764831	1995	
-0.275342	-0.761717	2331	
-0.835973	-0.131228	3613	
-0.115611	0.865366	4869	
0.875866	-0.204087	5413	
-0.866983	-0.335445	4337	
0.674344	0.674310	4052	
-0.043325	0.194780	2327	
0.018140	-0.301250	805	
0.569714	-0.166327	1844	
0.213874	0.195697	529	
-0.040038	0.439254	3708	
-0.299868	0.294902	710	
-0.556436	-0.047863	2532	
-0.310179	-0.161137	4846	
-0.378425	-0.343764	1372	
-0.429722	-0.394326	1444	
-0.381573	-0.293962	4279	
-0.595769	-0.143238	1291	
-0.272265	0.400371	5129	
-0.055450	0.637593	5553	
0.485016	0.332461	5103	
0.456071	0.166817	4501	
0.191373	-0.514730	2907	
-0.247703	0.425889	989	
-0.280371	0.639362	4231	
0.155508	0.647748	2194	
-0.211710	0.682575	5202	
-0.651093	0.284699	848	
-0.738832	-0.187849	999	
-0.724216	-0.355804	1067	
-0.802899	-0.106703	3512	
-0.708246	0.445140	4184	
0.345882	0.794075	3067	
0.668005	-0.597937	4131	
-0.923032	-0.011778	3785	
0.849676	0.430575	4921	
-0.827993	-0.520511	3224	
0.112498	-0.192693	697	
0.271381	0.046251	495	
0.252330	0.540598	1849	
-0.150062	0.252075	5201	
-0.595905	0.134072	2225	
-0.345934	-0.102110	1088	
-0.349902	-0.314633	4494	
-0.422839	-0.423172	4107	
-0.432148	-0.361409	1349	
-0.531761	-0.145820	5281	
-0.182896	0.576372	725	
0.067514	-0.667381	2551	
0.641222	0.387834	2944	
-0.172247	0.731979	4866	
-0.633005	0.433800	3352	
-0.664909	0.445120	2801	
-0.347655	0.778125	4555	
0.625482	0.601582	5230	
0.403342	-0.806130	5080	
-0.898039	0.203596	5192	
0.922367	0.225594	4201	
-0.906646	-0.362274	610	
0.216533	0.128431	5730	
-0.032678	0.507306	2712	
-0.284003	0.282226	792	
-0.520159	-0.058977	2757	
-0.299549	-0.200241	4178	
-0.410326	-0.401244	1402	
-0.413005	-0.453104	2564	
-0.382219	-0.286054	4279	
-0.489992	0.408646	2897	
0.415764	0.223188	1638	
-0.660717	-0.094015	3481	
0.469759	-0.529388	574	
0.432956	0.588276	3715	
-0.229779	0.754293	4528	
-0.461299	0.677703	5146	
-0.023708	0.831697	5019	
0.789620	0.378371	5228	
0.231537	-0.866086	4387	
-0.847493	0.355634	295	
0.941336	0.108851	1086	
0.218194	-0.194501	911	
0.207471	0.176613	1593	
-0.039290	0.402943	4826	
-0.376168	0.344491	2317	
-0.440782	-0.065344	4352	
-0.309431	-0.254698	1127	
-0.402763	-0.445720	3135	
-0.395849	-0.478006	4286	
-0.379930	-0.278480	4279	
-0.396749	0.485274	778	
-0.665362	0.014773	2666	
0.372329	-0.648441	1002	
0.569489	0.482177	2739	
-0.098268	0.763868	2072	
-0.353999	0.745511	2738	
0.050821	0.828580	2782	
0.823813	0.286209	4453	
0.211160	-0.870421	4387	
-0.834326	0.384426	884	
0.943315	0.084509	335	
-0.941072	-0.253687	3242	
0.235743	-0.204879	4578	
0.206051	0.177878	1593	
-0.038333	0.402233	4826	
-0.373462	0.341921	2317	
-0.436621	-0.064366	4352	
-0.308335	-0.257445	2141	
-0.386866	-0.468738	2024	
-0.325355	-0.540069	2940	
-0.423593	-0.336198	654	
-0.601270	0.244623	2603	
0.438843	0.296872	3605	
-0.659729	-0.109317	1447	
0.449444	-0.556036	1084	
0.405648	0.606646	3158	
-0.267373	0.747677	1473	
-0.492972	0.649435	3957	
-0.055890	0.831062	4953	
0.765229	0.424937	4374	
0.275676	-0.854545	4060	
-0.863164	0.315710	733	
0.935173	0.154670	5166	
0.206244	-0.186706	911	
0.210388	0.130185	5730	
-0.031919	0.493547	2400	
-0.265235	0.267119	975	
-0.518453	-0.055180	2757	
-0.291406	-0.187777	4178	
-0.400304	-0.433368	3113	
-0.240126	-0.586555	2289	
-0.402411	-0.477873	4286	
-0.415958	-0.159875	406	
-0.158436	0.483350	3564	
-0.268706	0.440772	2792	
-0.646169	-0.263532	3507	
0.144096	-0.664615	357	
0.585617	0.435595	4087	
-0.241088	0.727220	3232	
-0.666108	0.379489	3172	
-0.696006	0.393362	2081	
-0.416709	0.743100	4174	
0.566903	0.653923	547	
0.488628	-0.755907	3718	
-0.913107	0.119320	972	
0.895090	0.319136	958	
-0.865704	-0.451550	4796	
-0.198304	-0.029289	607	
0.090128	-0.196240	1364	
0.264119	0.040888	495	
0.296561	0.504853	1588	
-0.116717	0.254101	5537	
-0.564103	0.227957	1710	
-0.336729	-0.094523	3382	
-0.355704	-0.338830	3792	
-0.288039	-0.555656	2595	
-0.150767	-0.616620	1783	
-0.431345	-0.445941	4198	
-0.445627	-0.147131	5573	
-0.356872	0.491143	5517	
-0.177160	0.536617	296	
-0.028448	0.641639	2303	
0.507962	0.337697	4982	
0.503215	0.334840	5123	
0.427251	0.205348	1342	
-0.648221	-0.265148	3507	
-0.640699	-0.264213	1122	
-0.303175	0.656500	5470	
-0.260958	0.683333	4666	
-0.677599	0.213866	3797	
-0.726945	-0.279906	5434	
-0.657424	-0.453068	1697	
-0.792437	-0.204783	1270	
-0.757824	0.353010	3426	
0.240336	0.831980	5107	
0.743423	-0.498967	4731	
-0.913017	-0.143213	5163	
0.771763	0.557185	712	
-0.740462	-0.638407	461	
-0.184603	0.143268	779	
-0.198306	-0.029291	607	
0.145665	-0.174297	329	
0.217294	0.102852	905	
0.017027	0.567521	2857	
-0.190918	0.237932	3620	
-0.588839	0.021297	613	
-0.301996	-0.131057	4632	
-0.385183	-0.382752	1731	
-0.209382	-0.593260	2298	
-0.050707	-0.625166	5060	
-0.222027	-0.600389	2631	
-0.460202	-0.385714	1400	
-0.378077	-0.235663	407	
-0.467351	-0.145043	4062	
-0.606144	-0.148749	1449	
-0.534024	0.359918	5645	
-0.180440	0.540338	296	
-0.641832	-0.268802	1122	
0.594523	0.376478	5690	
0.382704	-0.610416	3658	
0.385275	-0.637307	5433	
0.417710	-0.633944	4620	
0.471177	-0.612140	530	
0.385460	-0.715066	2163	
-0.153324	-0.795107	4325	
-0.806046	-0.287923	3304	
-0.283315	0.833007	4040	
0.898645	-0.040238	343	
-0.776074	-0.511145	327	
0.529233	0.792775	875	
-0.316783	-0.008692	3645	
-0.197241	0.116208	575	
-0.343739	0.275075	3826	
-0.262040	0.206847	4599	
-0.170081	0.118238	1419	
0.353115	0.020179	3340	
0.284195	0.514925	1715	
-0.130715	0.244305	5586	
-0.591251	0.134632	1850	
-0.317532	-0.105320	2697	
-0.338890	-0.324841	3921	
-0.272148	-0.561590	2261	
-0.026233	-0.619635	670	
0.041754	-0.613015	4790	
-0.014736	-0.628430	350	
-0.212352	-0.605961	2298	
-0.451315	-0.424637	2829	
-0.395495	-0.192878	4832	
-0.173605	0.521343	3625	
-0.643060	-0.298894	756	
-0.665933	-0.228632	5247	
-0.557188	0.396773	5460	
-0.102395	0.704634	1093	
0.245626	0.687552	1699	
0.405646	0.641605	3112	
0.744117	0.339534	2050	
0.690836	-0.435530	1994	
-0.244681	-0.809705	2360	
-0.793127	0.369172	433	
0.748147	0.516521	4161	
-0.405456	-0.836481	961	
0.146969	0.945391	4831	
-0.186460	-0.965029	3214	
-0.485226	-0.011880	2771	
-0.334879	0.000375	3645	
-0.237285	0.093271	5626	
-0.253063	0.168036	416	
-0.238073	0.147032	451	
-0.252088	0.029521	1837	
-0.207340	0.038576	686	
0.245681	0.048474	495	
-0.031135	0.456068	3708	
-0.309067	0.289678	710	
-0.479328	-0.053586	2834	
-0.281121	-0.193598	4631	
-0.388937	-0.434429	3135	
-0.129149	-0.611150	1783	
0.058311	-0.598250	3924	
0.099829	-0.580451	1283	
0.045635	-0.620655	4790	
-0.435148	-0.332418	590	
0.580286	0.215057	4589	
-0.286813	0.661721	4675	
0.669657	0.129325	896	
0.479151	-0.516199	574	
-0.114311	-0.707655	3944	
-0.641084	-0.434239	4792	
-0.728022	0.240928	2371	
-0.338194	0.751511	1983	
0.547122	0.621571	5335	
0.587824	-0.624251	4586	
-0.826400	-0.330654	4135	
0.248797	0.873477	3189	
0.109766	-0.927991	435	
-0.319917	0.907154	5397	
-0.198305	-0.029291	607	
-0.208795	0.137923	933	
-0.315029	0.006965	3399	
-0.255911	0.165915	4871	
-0.542334	0.200734	5687	
-0.452303	0.007402	3534	
-0.368708	0.018177	3917	
-0.358036	0.020278	1842	
-0.452032	0.005079	3534	
-0.370646	0.283938	3462	
-0.550026	0.023897	2992	
0.252992	0.040884	588	
-0.039529	0.337627	1347	
-0.437680	0.351481	2391	
-0.351627	-0.075539	2014	
-0.315276	-0.297123	1287	
-0.227431	-0.580727	2289	
0.084969	-0.574291	1900	
0.114254	-0.571173	1203	
-0.442217	-0.337563	590	
-0.643720	-0.262152	3507	
-0.559836	-0.406024	1101	
-0.685469	0.015707	2316	
-0.150934	0.704292	3377	
0.536519	0.507933	3100	
0.712606	-0.239388	1024	
0.101555	-0.778154	699	
-0.772396	-0.296091	1410	
-0.471517	0.705417	619	
0.841403	0.206576	2675	
-0.235962	-0.853890	3029	
-0.409499	0.822748	4706	
0.676643	-0.651319	5548	
-0.752668	0.603474	5469	
-0.198305	-0.029292	607	
-0.227864	-0.000859	1389	
-0.239339	0.011565	915	
-0.533352	0.011759	2588	
-0.244952	0.130156	370	
-0.555615	0.151936	840	
-0.341425	0.035147	1842	
-0.289793	0.125296	4781	
-0.324688	0.205734	2543	
-0.366752	0.249667	889	
-0.371788	0.254846	889	
-0.317813	0.204443	3152	
-0.279643	0.097221	1047	
-0.554673	0.054338	3366	
-0.379758	-0.008385	3723	
0.194770	0.155184	2310	
-0.169342	0.230610	5187	
-0.428246	-0.054876	2234	
-0.342854	-0.338412	3921	
0.034610	-0.598909	3924	
0.115024	-0.542440	675	
-0.436781	-0.157535	5705	
0.576859	0.384142	5246	
0.669285	0.147141	4686	
0.518394	-0.465991	967	
-0.208579	-0.685431	582	
-0.732108	0.087870	1060	
-0.168177	0.759321	1276	
0.701653	0.416963	4663	
0.413285	-0.727410	3217	
-0.796141	-0.317272	3858	
0.074926	0.863485	3945	
0.609808	-0.655931	634	
-0.870511	0.291323	538	
0.942659	-0.050077	5544	
-0.970000	0.013935	1074	
0.182363	0.193405	4629	
0.185802	0.128759	855	
0.279734	0.021272	1231	
-0.198305	-0.029290	607	
-0.214763	0.073919	415	
-0.310953	0.011747	3399	
-0.382637	0.283432	3673	
-0.395863	0.019022	2601	
-0.295508	0.136435	4781	
-0.443297	0.271782	636	
-0.535572	0.105619	5496	
-0.485023	0.046049	632	
-0.445903	0.043180	4910	
-0.443991	0.041603	4910	
-0.498672	0.044033	632	
-0.467657	0.274158	636	
-0.275993	0.126730	300	
-0.358211	0.276676	3826	
0.238632	0.052854	5701	
-0.285754	0.270802	792	
-0.275203	-0.183368	4587	
-0.000446	-0.607288	1071	
0.119552	-0.543813	674	
-0.163930	0.485626	3564	
-0.668076	-0.249872	4765	
-0.679541	0.092418	4392	
-0.110157	0.703675	1093	
0.667157	0.386130	3552	
0.497741	-0.581029	1272	
-0.577672	-0.529239	4835	
-0.596229	0.536253	280	
0.659155	0.514632	2650	
0.138505	-0.842100	3183	
-0.805001	0.341343	883	
0.869658	0.253286	3140	
-0.772956	-0.514263	327	
0.677960	0.666777	2049	
-0.160854	0.206347	398	
-0.123034	0.217476	5657	
-0.051146	0.265309	4718	
0.113218	0.578098	2773	
0.345432	0.017581	3340	
-0.233383	0.031323	383	
-0.280458	0.031985	5266	
-0.504965	0.258449	859	
-0.319051	0.060898	1245	
-0.388462	0.254388	1027	
-0.533706	0.108521	5496	
-0.420081	0.059315	4183	
-0.366910	0.106486	2027	
-0.363206	0.151529	1988	
-0.363451	0.165339	1988	
-0.350533	0.140835	2205	
-0.362796	0.076030	4855	
-0.508785	0.044591	2386	
-0.283992	0.160590	4713	
-0.243121	0.029819	5489	
-0.055088	0.288647	3184	
-0.287759	-0.131041	4632	
0.063965	-0.580771	559	
0.099118	-0.605306	1333	
-0.643158	-0.270853	1122	
0.657916	-0.152894	3922	
0.530075	-0.450974	1413	
-0.275052	-0.660701	1113	
-0.658841	0.325692	5663	
0.156676	0.743462	4436	
0.761473	-0.185340	1728	
-0.446968	-0.671815	3060	
-0.545555	0.640893	3926	
0.857664	0.010623	5176	
-0.579006	-0.668008	2132	
0.174547	0.891167	847	
-0.000388	-0.932432	5388	
-0.056769	0.955965	5292	
-0.108765	-0.976419	3037	
-0.380930	-0.041137	916	
-0.486570	-0.035044	2771	
-0.548167	0.238677	4458	
-0.192408	0.212417	3910	
0.014030	0.558887	2775	
-0.550522	0.019306	2992	
-0.366789	0.001712	3917	
-0.507716	0.254542	859	
-0.305105	0.091469	3292	
-0.477917	0.250070	622	
-0.468020	0.055162	5345	
-0.375404	0.113331	1306	
-0.385561	0.177996	1882	
-0.428914	0.210985	1454	
-0.453112	0.212959	3659	
-0.443773	0.223424	2257	
-0.392586	0.214181	3336	
-0.347127	0.092847	2643	
-0.522258	0.217613	4642	
-0.539039	0.217366	4529	
-0.033332	0.362088	5394	
-0.274393	-0.208751	2625	
0.095744	-0.503286	3275	
-0.424470	-0.317819	3258	
-0.654567	0.126690	4481	
-0.615196	0.301642	5278	
-0.046271	0.703614	1404	
0.705997	0.311860	4795	
0.337414	-0.712740	1007	
-0.763610	-0.192230	1270	
-0.046577	0.794948	4707	
0.768350	-0.275970	2043	
-0.623629	-0.574842	1776	
0.059601	0.864308	3945	
0.473224	-0.764532	3718	
-0.707098	0.581430	5578	
0.789114	-0.509407	651	
-0.778963	0.568510	639	
-0.338204	-0.366461	2302	
-0.286771	-0.291636	1488	
-0.252603	-0.149088	5656	
-0.433126	-0.040062	3561	
-0.216426	0.220653	4475	
0.184306	0.162067	1593	
-0.330780	0.260179	3513	
-0.432753	0.297084	3941	
-0.308244	0.088846	3292	
-0.497661	0.228748	3898	
-0.434725	0.063143	5543	
-0.379963	0.141459	2061	
-0.423359	0.196587	1454	
-0.462054	0.185333	2129	
-0.478920	0.160729	2378	
-0.491314	0.154118	1853	
-0.474255	0.212709	2020	
-0.352105	0.174191	2506	
-0.528208	0.055166	2856	
-0.519090	0.251302	859	
-0.163062	0.227618	5187	
-0.381068	-0.431218	3423	
0.111299	-0.472422	4005	
-0.647591	-0.269330	1122	
0.513662	-0.431712	1801	
0.530691	-0.450195	1413	
-0.248257	-0.671104	1769	
-0.643413	0.353863	3950	
0.297437	0.697439	1643	
0.652808	-0.430625	1787	
-0.760526	-0.329161	3821	
0.033963	0.827805	3375	
0.608535	-0.601132	2699	
-0.864456	0.138414	3682	
0.864475	0.270538	3466	
-0.841126	-0.391547	3651	
0.845192	0.433030	4921	
0.065032	-0.444482	4915	
0.058759	-0.522327	2417	
-0.151523	-0.592559	1629	
-0.295266	-0.300447	3300	
-0.404039	-0.043414	936	
-0.083587	0.243582	741	
-0.188522	0.129225	779	
-0.281290	0.184169	4975	
-0.327784	0.061079	587	
-0.479229	0.245725	622	
-0.433645	0.069179	5543	
-0.389254	0.147575	2325	
-0.427652	0.183555	1793	
-0.455128	0.164819	2272	
-0.460868	0.138268	2393	
-0.475105	0.115704	2288	
-0.499189	0.175632	1853	
-0.351752	0.179162	2368	
-0.529522	0.204985	5291	
-0.490315	0.292893	2861	
-0.549805	-0.029077	4656	
0.074396	-0.565223	559	
-0.229245	-0.602614	2631	
-0.474288	0.462512	2726	
-0.647595	0.226353	341	
-0.200086	0.703598	921	
0.590643	0.462332	3633	
0.428298	-0.653320	4665	
-0.765783	-0.160352	970	
0.113688	0.783175	661	
0.642201	-0.503755	5093	
-0.831190	-0.151548	4191	
0.554489	0.661567	3257	
-0.228002	-0.855033	3029	
-0.056391	0.908406	4143	
0.082074	-0.929223	435	
-0.020313	0.956376	5551	
-0.232791	-0.952558	4884	
0.254177	-0.309541	2002	
0.196807	-0.299572	1426	
0.104921	-0.342518	982	
0.047674	-0.557105	4661	
-0.309097	-0.318448	4082	
-0.582906	0.043948	3082	
0.195345	0.209381	880	
-0.330855	0.010969	2100	
-0.426276	0.019678	2243	
-0.418884	0.259352	954	
-0.468673	0.066140	2441	
-0.394707	0.125725	2325	
-0.416042	0.161646	2156	
-0.433748	0.155710	2063	
-0.439996	0.129772	1914	
-0.471574	0.104849	1930	
-0.491126	0.201257	2180	
-0.335877	0.103939	2643	
-0.268385	0.116399	300	
0.032001	0.571085	2841	
-0.350401	-0.355177	2302	
0.113890	-0.438589	568	
-0.644229	-0.271351	1122	
0.668307	-0.086001	4559	
0.638278	-0.276776	4814	
0.090793	-0.717395	4639	
-0.737324	0.014360	3714	
0.056479	0.758018	4026	
0.709577	-0.328286	1943	
-0.767592	-0.308067	4691	
0.176055	0.807250	3743	
0.330606	-0.798386	5105	
-0.718455	0.495053	4582	
0.844162	-0.296528	3102	
-0.892618	0.211928	5192	
0.909158	-0.242491	5523	
-0.861119	0.435025	3129	
0.444166	-0.403524	4242	
0.399267	-0.409969	1008	
0.309742	-0.346347	4491	
0.158408	-0.311197	3251	
0.044397	-0.563791	4661	
-0.254542	-0.190171	5319	
-0.163722	0.215379	398	
-0.239018	0.026027	1837	
-0.491077	0.268751	647	
-0.332162	0.183912	2368	
-0.524577	0.120591	4419	
-0.425821	0.085179	2696	
-0.408182	0.124213	2011	
-0.417149	0.125658	2011	
-0.445565	0.101199	2477	
-0.507142	0.125688	4986	
-0.370600	0.210640	1947	
-0.546939	0.150970	463	
-0.189614	0.104175	575	
-0.409349	-0.052844	936	
0.089944	-0.491131	2182	
-0.434349	-0.324775	4025	
-0.648035	-0.326181	5498	
-0.563495	-0.433866	3608	
-0.686119	0.177502	3797	
0.198074	0.701223	677	
0.696457	-0.278316	1609	
-0.564006	-0.539609	4507	
-0.142938	0.790000	4108	
0.703959	-0.410472	2169	
-0.832135	-0.139582	3613	
0.683095	0.535672	3448	
-0.436501	-0.767466	4295	
0.277016	0.862797	616	
-0.347288	-0.860708	5480	
0.483055	0.819365	985	
0.475224	-0.398124	4991	
0.448648	-0.416560	4684	
0.422498	-0.423126	4723	
0.342992	-0.377886	2181	
0.144541	-0.320122	2604	
-0.176902	-0.588108	1129	
-0.441649	-0.042902	3561	
0.186736	0.173141	1593	
-0.270012	0.054105	3761	
-0.366979	0.038622	5136	
-0.417466	0.255854	954	
-0.508722	0.094172	5436	
-0.466920	0.079520	2006	
-0.476333	0.084904	2006	
-0.512853	0.134971	4986	
-0.386758	0.227537	3336	
-0.474357	0.026363	5428	
-0.392761	0.300182	2851	
-0.384527	0.336674	2317	
-0.015043	-0.605468	670	
0.131201	-0.555631	1639	
0.645831	0.160780	656	
-0.149698	0.675654	2352	
0.359329	0.601511	4273	
0.703238	-0.164015	1114	
-0.324170	-0.667300	1517	
-0.538856	0.553461	601	
0.780835	0.162441	4653	
-0.492380	-0.638618	3365	
-0.076518	0.827843	4953	
0.472369	-0.722177	5131	
-0.728081	0.480039	4329	
0.813300	-0.370507	5719	
-0.835171	0.375465	884	
0.798134	-0.493294	651	
-0.722374	0.637082	1189	
0.348629	-0.921905	2328	
0.265481	-0.375996	5063	
0.275880	-0.378169	4033	
0.358615	-0.431326	5614	
0.393025	-0.430607	2858	
0.308855	-0.353072	4511	
0.081107	-0.404734	1960	
-0.287562	-0.281269	1582	
-0.187338	0.217243	3910	
-0.233777	0.034567	383	
-0.448513	0.291571	3519	
-0.320492	0.100546	3292	
-0.382757	0.234977	1730	
-0.459303	0.245981	636	
-0.420769	0.248159	954	
-0.329168	0.150119	3500	
-0.546974	0.086035	4204	
-0.412686	0.307852	2688	
-0.233061	0.237751	3643	
-0.287948	-0.542572	2375	
0.120531	-0.428549	568	
-0.647879	-0.268935	1122	
0.670564	0.056174	1913	
0.653650	-0.238582	625	
-0.015680	-0.715605	2136	
-0.667163	0.305558	2547	
0.420872	0.629649	3222	
0.166680	-0.772140	4346	
-0.725595	0.331127	2124	
0.818406	0.071960	5048	
-0.634336	-0.562568	4368	
0.423049	0.751044	886	
-0.289513	-0.834840	5618	
0.220491	0.878966	4524	
-0.358150	-0.855841	5679	
0.587071	0.746493	1030	
-0.834027	-0.502137	2279	
-0.483023	-0.403118	1476	
-0.430807	-0.468000	4136	
0.150221	-0.543759	837	
0.281824	-0.376907	4033	
0.367915	-0.416809	5283	
0.201774	-0.312363	1225	
-0.046078	-0.601694	5550	
-0.396128	-0.047769	916	
0.302135	0.359898	2770	
-0.531382	0.015684	2588	
-0.450346	0.290137	3519	
-0.452809	0.021665	4942	
-0.387170	0.036978	3279	
-0.525078	0.043436	2856	
-0.272613	0.155221	4871	
-0.188559	0.118141	1419	
-0.414753	0.346844	2987	
-0.261911	-0.558319	2261	
0.129093	-0.398908	2065	
0.549711	0.202854	4625	
0.231279	-0.669602	3828	
0.239847	-0.692538	5450	
-0.648715	-0.391123	4581	
-0.085775	0.731149	2207	
0.729235	-0.175525	1200	
-0.624643	-0.483810	2201	
0.152715	0.775105	2831	
0.368487	-0.750131	3692	
-0.698515	0.453465	4442	
0.798473	-0.298132	2355	
-0.871086	0.080691	4196	
0.894720	-0.053753	4376	
-0.896266	0.192683	5332	
0.851487	-0.395056	5381	
-0.737215	0.619405	5469	
-0.307120	0.451467	3867	
-0.611393	-0.165794	3465	
0.138742	-0.602929	1320	
0.313816	-0.390232	3975	
0.303773	-0.356751	4511	
0.088219	-0.395960	1960	
-0.317390	-0.323252	4082	
-0.431021	0.344631	2391	
0.192589	0.135972	2310	
-0.219140	0.076326	415	
-0.479010	-0.001124	3475	
-0.533599	0.018734	2588	
-0.540432	0.011456	2588	
-0.022033	0.510459	2400	
-0.353315	-0.063351	1576	
0.042577	-0.584493	4692	
0.129606	-0.405574	2065	
0.548875	0.202516	4625	
-0.087053	-0.662848	1723	
-0.183014	-0.665735	4815	
-0.698381	0.115306	767	
0.394323	0.610330	2517	
0.393891	-0.679741	1336	
-0.728755	0.231083	2371	
0.691997	0.428071	4663	
-0.475264	-0.650156	2747	
0.086942	0.821545	2073	
0.105437	-0.843234	1547	
-0.254138	0.838244	421	
0.294959	-0.845638	3326	
-0.237337	0.881911	659	
-0.045559	-0.928720	829	
0.361908	0.879839	4886	
-0.732175	-0.642404	1492	
-0.398096	-0.223075	5127	
0.160421	-0.401005	384	
0.327703	-0.387243	2621	
0.175290	-0.319142	1926	
0.007052	-0.592208	4881	
-0.260392	-0.183417	4587	
-0.568219	0.201864	1302	
-0.142058	0.223924	398	
-0.068639	0.262744	5104	
-0.246246	0.241905	2794	
-0.422142	-0.048734	2234	
-0.371956	-0.445148	1110	
0.097609	-0.415612	570	
0.127435	-0.511745	2443	
-0.641089	-0.261821	3507	
0.278097	-0.669942	1197	
-0.150265	-0.673534	5365	
-0.648602	0.281370	848	
0.556308	0.488747	2739	
-0.017184	-0.743746	2691	
-0.528042	0.564750	4187	
0.771775	-0.126848	1737	
-0.799715	-0.093162	3416	
0.710455	0.448063	1533	
-0.553314	-0.635939	418	
0.530053	0.678590	2655	
-0.522708	-0.709667	4648	
0.598430	0.676359	2122	
-0.821015	-0.429343	1506	
0.939038	0.083883	322	
-0.898942	0.348947	2146	
-0.420472	0.479392	1666	
0.142568	-0.595090	1320	
0.279869	-0.366443	4564	
0.252412	-0.333114	1152	
0.102526	-0.374521	2490	
-0.035140	-0.602670	670	
-0.371789	-0.411615	2492	
-0.298264	-0.289938	3300	
-0.354206	-0.368826	1222	
-0.167315	-0.594812	1439	
0.088271	-0.442337	5330	
0.155310	-0.365373	991	
-0.470686	-0.357482	2347	
0.653490	0.226721	1066	
0.667522	0.157678	4686	
0.352799	-0.659481	5503	
-0.705977	0.047376	3833	
0.529377	0.510135	3100	
-0.107380	-0.734400	5327	
-0.317310	0.730935	1161	
0.643742	-0.440520	3334	
-0.769238	0.210630	1813	
0.812280	-0.079772	2722	
-0.834249	-0.100408	4878	
0.852786	0.095905	1475	
-0.873303	-0.083481	4150	
0.890250	-0.091626	3212	
-0.848111	0.342919	1661	
0.687305	-0.636108	5630	
-0.281278	0.915748	5506	
-0.195031	0.432093	1119	
-0.400202	-0.496943	2442	
0.184144	-0.374772	4416	
0.273377	-0.353545	375	
0.209784	-0.326085	1249	
0.134093	-0.345354	1771	
0.101640	-0.386815	1393	
0.107984	-0.379413	2490	
0.145666	-0.348981	1039	
0.166950	-0.359656	991	
0.056335	-0.625496	1583	
-0.643759	-0.262183	3507	
-0.516959	-0.433563	1354	
-0.342730	0.654417	1077	
0.691607	-0.062257	763	
-0.536525	-0.485985	4441	
0.303966	0.660001	4079	
0.055422	-0.745149	404	
-0.362640	0.711013	1005	
0.581623	-0.523981	4304	
-0.697285	0.384454	551	
0.744438	-0.328594	2575	
-0.793487	0.253473	2333	
0.788852	-0.320399	2700	
-0.762632	0.420172	2754	
0.667712	-0.591052	3472	
-0.475007	0.783566	4109	
0.019700	-0.929616	2627	
0.453534	0.834358	2416	
-0.870242	-0.432301	4726	
0.946704	-0.295671	1891	
-0.173087	0.506545	3495	
-0.448283	-0.327281	401	
0.137723	-0.521413	5017	
0.186178	-0.367591	4989	
0.216332	-0.349442	1855	
0.205392	-0.347249	1826	
0.177107	-0.362988	4416	
0.127507	-0.464716	3681	
-0.478132	-0.390385	1575	
-0.644259	-0.271350	1122	
-0.651397	0.140765	4481	
0.668385	0.180929	2968	
-0.363983	-0.582973	784	
0.126032	0.689433	3040	
0.187070	-0.714844	1688	
-0.271112	0.720205	3829	
0.508677	-0.563907	1318	
-0.591370	0.485048	5447	
0.682264	-0.376515	1072	
-0.713637	0.352900	3825	
0.709757	-0.396588	2074	
-0.717616	0.420111	3085	
0.651727	-0.547339	4745	
-0.547424	0.682830	5072	
0.319219	-0.836863	4103	
-0.002173	0.907042	339	
-0.506606	-0.773337	297	
0.866979	0.380192	2597	
-0.936461	0.230782	4912	
-0.202863	0.583575	305	
-0.502587	-0.156926	3514	
-0.484366	-0.381357	1575	
-0.172864	-0.623086	2264	
-0.293878	-0.574069	5067	
-0.403219	-0.286014	4151	
-0.188616	0.430279	1452	
-0.648534	-0.267848	1122	
-0.666048	-0.255513	5359	
0.670158	-0.037458	3030	
-0.681275	-0.142580	1472	
0.694055	0.063470	545	
-0.708010	-0.148583	2740	
0.722355	0.116809	1240	
-0.730904	0.065138	2518	
0.752118	0.034279	2933	
-0.762198	0.062927	3111	
0.784029	0.014545	3470	
-0.790422	0.107631	2471	
0.769490	-0.264516	1321	
-0.734711	0.389112	609	
0.615194	-0.589715	3609	
-0.411346	0.777644	4318	
0.060175	-0.884060	3987	
0.293113	0.854958	494	
-0.762951	-0.523361	327	
0.938179	-0.060835	314	
-0.713711	0.642840	1189	
0.457427	0.179663	781	
-0.224860	0.411790	1275	
-0.209443	0.418368	1135	
0.641456	0.052444	4072	
-0.645981	-0.263412	3507	
0.006574	0.657883	4500	
-0.282611	-0.606531	747	
0.638851	0.356144	4049	
-0.683284	-0.197835	4086	
0.694446	0.011134	3126	
-0.560481	0.426951	4705	
0.487346	-0.544708	1154	
-0.168761	0.727905	422	
-0.003217	-0.743146	2277	
0.154835	0.740620	4436	
-0.422999	-0.643599	1118	
0.518131	0.596101	4821	
-0.769044	-0.296572	1410	
0.816919	0.062815	5048	
-0.818617	0.154272	3538	
0.695456	-0.488351	3347	
-0.447847	0.756306	4138	
0.016502	-0.884794	4015	
0.421428	0.797950	2119	
-0.873714	-0.297990	5516	
0.880075	-0.323426	1218	
-0.444678	0.849439	854	
-0.645881	-0.270992	1122	
-0.644081	-0.271264	1122	
-0.004204	-0.652025	1959	
-0.661867	0.026999	2186	
0.093366	-0.660862	2047	
0.235876	0.635494	3595	
-0.501581	-0.477161	278	
0.692983	0.113164	289	
-0.543453	0.449060	5153	
0.295369	-0.703163	3590	
0.163579	0.707831	1139	
-0.611016	-0.457573	5658	
0.750476	0.122340	1416	
-0.726704	0.233258	2371	
0.513342	-0.601146	3227	
-0.139600	0.787641	3918	
-0.251330	-0.763644	1317	
0.547043	0.615362	5335	
-0.798260	-0.300426	2449	
0.831639	-0.182719	3767	
-0.628737	0.602501	1614	
0.136215	-0.877222	332	
0.389107	0.814166	5084	
-0.888065	-0.246138	3765	
0.842065	-0.410402	5301	
-0.247284	0.923533	5258	
0.989978	-0.074306	1261	
-0.641764	-0.261743	3507	
-0.271645	0.661122	3662	
0.046342	-0.663385	2513	
0.099576	0.669128	2525	
-0.348913	-0.591062	784	
0.694984	0.230795	4205	
-0.653345	0.265619	848	
0.412204	-0.633875	4620	
0.167780	0.706738	1139	
-0.731345	-0.212609	1351	
0.720335	-0.199827	1635	
-0.474979	0.621648	2991	
-0.178628	-0.749696	1705	
0.542026	0.575889	4877	
-0.799536	-0.021990	5031	
0.635180	-0.507336	5077	
-0.212784	0.810940	4570	
-0.338721	-0.768953	3545	
0.805369	0.327078	4470	
-0.832441	0.255067	3726	
0.469300	-0.763144	4101	
0.191707	0.883244	4524	
-0.846881	-0.369699	4104	
0.856448	-0.379428	5367	
-0.204553	0.932972	5521	
-0.654769	-0.719144	5055	
-0.640877	-0.265223	1122	
-0.662357	-0.232691	5689	
0.667795	0.197207	1121	
-0.524844	-0.457933	897	
0.685976	0.299882	1075	
-0.699531	0.089748	4274	
0.540902	-0.475071	1413	
0.022855	0.726391	2711	
-0.664188	-0.401545	4784	
0.730118	-0.159692	1226	
-0.365320	0.708284	1005	
-0.388118	-0.663782	1124	
0.774254	0.199480	1414	
-0.614041	0.506538	2246	
-0.084861	-0.800375	2781	
0.643848	0.524431	1807	
-0.824448	0.115462	3078	
0.462975	-0.725739	5565	
0.276865	0.814041	3048	
-0.813071	-0.353379	3648	
0.789934	-0.410851	3063	
-0.183025	0.890852	3804	
-0.666278	-0.638497	4677	
0.911431	-0.220099	5554	
-0.320156	0.901353	5397	
-0.628444	-0.742200	4699	
0.036707	-0.663454	2513	
0.113420	-0.659175	499	
0.665552	0.091418	470	
-0.682596	-0.207502	851	
0.693449	0.262656	4750	
-0.704328	0.034236	3833	
0.650360	-0.303490	3932	
-0.335207	0.698895	1230	
-0.381011	-0.631740	1384	
0.749004	0.134045	2177	
-0.576290	0.501868	876	
-0.257812	-0.724924	1144	
0.770775	0.222660	3249	
-0.519036	0.615737	3896	
-0.332526	-0.730160	2335	
0.814558	0.090560	4689	
-0.572950	0.607206	5272	
-0.262080	-0.798243	2683	
0.850634	0.092006	1475	
-0.604289	0.626952	910	
-0.229482	-0.850361	3029	
0.876141	0.201956	4095	
-0.676708	0.610694	555	
-0.317802	-0.868007	4342	
0.933264	0.118716	1086	
-0.571789	0.768928	5461	
-0.480693	-0.846792	2870	
0.623110	0.398831	2510	
0.390326	0.578194	3834	
-0.393995	0.635654	2882	
-0.259875	-0.661809	1769	
0.700508	0.316889	1211	
-0.635385	0.359326	4008	
0.213070	-0.737347	4061	
0.436443	0.613917	3715	
-0.755972	0.100105	2099	
0.161215	-0.768961	4346	
0.524503	0.588806	4668	
-0.700579	0.372858	551	
-0.205346	-0.776127	1968	
0.813687	0.099771	4689	
-0.460479	0.707968	2846	
-0.511889	-0.664933	5650	
0.792252	-0.305006	2700	
-0.033720	0.862730	5179	
-0.803332	-0.374656	4375	
0.656895	-0.599743	4165	
0.287720	0.854775	494	
-0.914535	0.031814	4077	
0.310352	-0.879701	5597	
0.724117	0.607761	505	
-0.838021	0.469006	1243	
-0.171342	-0.961217	3663	
-0.498949	0.548543	3837	
-0.613239	0.395713	3830	
-0.732745	-0.142667	1303	
0.178379	-0.739203	3732	
0.695769	0.373866	3565	
-0.578476	0.497858	876	
-0.418013	-0.643774	1118	
0.770977	-0.106314	1696	
-0.055874	0.789521	4362	
-0.775442	-0.267288	836	
0.360930	-0.750164	3692	
0.648170	0.518308	2678	
-0.658263	0.504683	4064	
-0.400382	-0.736584	3527	
0.786447	-0.318303	2700	
0.178587	0.840697	518	
-0.872220	-0.041594	2461	
0.223846	-0.861011	4387	
0.790611	0.439136	4105	
-0.644223	0.644272	751	
-0.550765	-0.739110	1805	
0.873459	-0.335818	1218	
0.152385	0.937351	4831	
-0.963245	-0.051296	1409	
-0.763431	-0.110464	3280	
-0.752360	-0.242196	294	
-0.432167	-0.634140	1118	
0.339795	-0.731361	3578	
0.763267	0.258187	2179	
-0.126615	0.786382	2571	
-0.794168	-0.133284	1997	
0.024338	-0.805542	2259	
0.813460	0.086756	4879	
-0.142641	0.818514	4603	
-0.829605	-0.115808	5340	
0.100060	-0.839764	1375	
0.850178	0.084671	1475	
-0.115726	0.857551	4757	
-0.864391	-0.142764	5231	
0.170308	-0.870487	1281	
0.874244	0.206392	4218	
-0.334050	0.849257	797	
-0.865315	-0.316908	5298	
0.430187	-0.828860	4600	
0.793751	0.512425	5407	
-0.639640	0.712389	318	
-0.650501	-0.720692	5055	
-0.738792	-0.368072	2089	
-0.667456	-0.473323	3348	
-0.434707	-0.671565	2457	
0.103681	-0.803059	4229	
0.761197	-0.276931	2043	
0.569153	0.592662	3415	
-0.460550	0.706530	2846	
-0.821845	-0.181769	2521	
-0.014221	-0.841165	3489	
0.816791	-0.228568	3025	
0.394355	0.760686	3731	
-0.709416	0.498037	4582	
-0.608372	-0.633443	1474	
0.525604	-0.720833	4164	
0.802301	0.415406	4299	
-0.387874	0.826686	929	
-0.889280	-0.231681	3765	
0.210497	-0.905706	5349	
0.930309	0.131263	3490	
-0.132008	0.942709	565	
-0.958778	-0.105393	1435	
0.137300	-0.968510	4554	
-0.828587	0.050944	3177	
-0.831732	-0.030023	4039	
-0.779227	-0.344980	4128	
-0.438014	-0.712600	3420	
0.132062	-0.835902	3183	
0.740018	-0.410506	387	
0.783991	0.372575	4439	
0.072002	0.855962	3141	
-0.773712	0.390422	433	
-0.654364	-0.587388	2656	
0.270359	-0.848305	3326	
0.889954	-0.046108	4376	
0.275396	0.857096	616	
-0.748477	0.516848	569	
-0.762384	-0.518166	327	
0.337287	-0.868794	5488	
0.929969	0.130351	3490	
0.021661	0.949388	316	
-0.958154	0.094314	923	
-0.285574	-0.930865	4239	
-0.290734	0.822498	3851	
-0.394317	0.781979	5237	
-0.603746	0.623237	1423	
-0.794610	0.344539	482	
-0.865026	-0.118611	1064	
-0.533837	-0.694486	5177	
0.079435	-0.878533	2965	
0.744817	-0.480917	3982	
0.855524	0.276980	5220	
0.151138	0.887957	3077	
-0.701643	0.577682	4402	
-0.882558	-0.255014	3440	
-0.179345	-0.905379	5562	
0.783201	-0.505815	651	
0.789148	0.517099	5407	
-0.221696	0.926072	5197	
-0.963035	0.007712	1074	
0.796435	-0.578369	2978	
0.870962	0.208454	4218	
0.865315	0.234899	3902	
0.803765	0.408064	4299	
0.596785	0.669086	2122	
0.202849	0.876077	4524	
-0.303505	0.857479	3451	
-0.767917	0.485279	308	
-0.909641	-0.090385	1957	
-0.596850	-0.698577	5183	
0.101255	-0.919975	435	
0.819403	-0.444584	5632	
0.860470	0.384091	2597	
0.143627	0.936326	4831	
-0.765838	0.573113	639	
-0.901809	-0.345872	727	
-0.037976	-0.974233	1897	
-0.385845	-0.833720	5440	
-0.356150	-0.847314	5679	
-0.206695	-0.897372	5653	
0.004196	-0.923032	5423	
0.331287	-0.868406	5488	
0.718009	-0.591197	315	
0.920223	-0.158430	5212	
0.851379	0.402501	2816	
0.407405	0.851537	5238	
-0.285393	0.908111	5582	
-0.865650	0.409071	4819	
-0.900587	-0.347936	727	
-0.266329	-0.935010	1183	
0.606402	-0.770984	5225	
-0.083016	0.943461	1173	
-0.107688	0.941486	340	
-0.225071	0.922504	5197	
-0.430014	0.849944	4428	
-0.674640	0.673987	924	
-0.880912	0.373205	295	
-0.829658	-0.494396	2279	
-0.386542	-0.889779	3276	
0.235824	-0.947457	4091	
0.803159	-0.565832	1887	
0.649056	0.755775	1677	
0.249212	-0.942198	4542	
0.357978	-0.908255	3269	
0.709896	-0.675426	4359	
0.889095	-0.418941	1963	
0.921621	0.364176	3225	
