time = 112.8	Re = 1
0.778825	0.585425	2549	
0.587028	0.779231	3129	
-0.082114	0.976790	2228	
-0.564491	0.804949	572	
-0.940964	-0.311397	2339	
-0.565401	0.759502	1085	
-0.635776	0.701770	4245	
-0.781271	0.536911	745	
-0.923701	0.222436	4985	
-0.918996	-0.259209	1538	
-0.588410	-0.754299	5209	
0.681573	-0.682395	1037	
0.958905	0.150929	2215	
0.381640	0.898326	3322	
-0.613332	0.767783	5055	
-0.263325	-0.960802	1746	
-0.916859	-0.090731	3713	
-0.902375	-0.196387	5488	
-0.779013	-0.494098	641	
-0.534610	-0.751524	5682	
-0.082488	-0.921826	4616	
0.620247	-0.692462	1030	
0.932821	-0.050338	391	
0.591838	0.727800	1243	
-0.312362	0.893145	3576	
-0.946681	0.083385	5000	
-0.383803	-0.877060	5260	
0.702022	-0.661132	939	
0.791893	0.564255	1630	
-0.429558	0.882121	4566	
-0.637558	-0.622991	4874	
-0.587099	-0.670411	3982	
-0.359576	-0.816602	4617	
0.135283	-0.891302	5220	
0.755408	-0.488252	3199	
0.872840	0.261035	929	
0.278463	0.864692	994	
-0.601956	0.687158	4729	
-0.906623	-0.168490	5535	
-0.109124	-0.918199	4730	
0.904167	-0.226651	5605	
0.413297	0.842818	5264	
-0.813414	0.484621	5524	
-0.457008	-0.840146	762	
0.809156	-0.524957	4941	
0.392574	0.892414	4159	
-0.751525	-0.434220	3622	
-0.637767	-0.581082	5174	
-0.323129	-0.800909	3767	
0.199900	-0.855628	5539	
0.771412	-0.401386	3048	
0.691004	0.540337	4556	
-0.176973	0.871775	4406	
-0.884697	0.070356	2965	
-0.228379	-0.862710	3212	
0.887108	-0.159665	339	
0.209769	0.883873	2988	
-0.852332	0.331635	3861	
-0.311761	-0.868224	5212	
0.921275	-0.143358	5551	
0.042334	0.940216	4255	
-0.927190	-0.219708	5274	
0.595077	-0.757782	1331	
-0.909867	0.375843	4884	
-0.757116	0.339356	1757	
-0.803648	0.209592	4214	
-0.801822	-0.288666	4608	
-0.312355	-0.775556	3767	
0.574336	-0.615748	2392	
0.762402	0.392577	5708	
-0.278410	0.821968	4513	
-0.842055	-0.229842	446	
0.399640	-0.778922	4635	
0.690809	0.539877	4556	
-0.659941	0.586392	3153	
-0.445716	-0.771289	3771	
0.885537	-0.165242	4839	
-0.092346	0.908722	3765	
-0.896818	-0.214992	5522	
0.612739	-0.697446	935	
0.442665	0.826699	2041	
-0.949797	0.005376	4233	
0.609882	-0.745671	1299	
0.470671	0.852346	2079	
0.537978	0.589179	2801	
0.407066	0.685976	977	
0.025444	0.805108	3512	
-0.718730	0.358034	2039	
-0.358032	-0.726187	2321	
0.764108	-0.286572	2831	
-0.075803	0.834042	2677	
-0.792942	-0.309199	4084	
0.572940	-0.616465	2392	
0.409771	0.742203	2685	
-0.853831	0.088358	2459	
0.395178	-0.781019	618	
0.494195	0.722614	433	
-0.878801	0.112475	4015	
0.374372	-0.820342	4161	
0.393743	0.816468	4301	
-0.914880	0.053938	3456	
0.597008	-0.710780	935	
0.318649	0.882425	3035	
-0.880469	-0.364460	5041	
0.848481	-0.458154	2080	
-0.260488	0.943529	4539	
-0.454705	-0.612550	722	
-0.299434	-0.702148	1635	
0.401226	-0.671632	969	
0.695380	0.377975	3686	
-0.689552	0.365010	1144	
0.022735	-0.798594	4653	
0.610442	0.516127	2797	
-0.743059	0.303983	1655	
0.394795	-0.727248	2650	
0.195291	0.800207	3177	
-0.738053	-0.409388	3623	
0.771745	-0.335326	2456	
-0.262973	0.826579	4438	
-0.402345	-0.761924	3601	
0.846297	0.257118	5237	
-0.773189	0.426277	5618	
0.221226	-0.874722	4960	
0.340305	0.840157	5192	
-0.897535	-0.209561	5522	
0.844940	-0.387041	4047	
-0.367691	0.869914	878	
-0.197706	-0.936150	5571	
0.763784	0.599195	2583	
0.734667	-0.029126	2207	
0.685993	0.331267	3860	
0.065141	0.732987	3690	
-0.524677	-0.524168	2649	
0.770086	0.132680	4624	
-0.739347	0.171371	4014	
0.519847	-0.566438	1507	
-0.430612	0.661189	4835	
0.098784	-0.801672	3249	
0.302685	0.737819	1725	
-0.752411	-0.342840	5204	
0.811511	-0.106686	5019	
-0.718378	0.411340	2648	
0.357838	-0.774624	3907	
0.235730	0.814908	3746	
-0.642537	-0.572389	5174	
0.847195	0.253201	5237	
-0.852571	0.233400	3241	
0.645812	-0.622005	3385	
-0.291308	0.868502	4760	
-0.344160	-0.854451	5413	
0.677970	0.645022	323	
-0.935879	-0.169602	5637	
0.902669	-0.339241	4809	
0.261626	0.644495	793	
-0.386093	0.595110	5071	
-0.666073	-0.315830	4188	
0.731625	0.212189	1735	
-0.565364	-0.453801	1212	
0.596514	0.433578	4106	
-0.407907	-0.618708	4241	
0.393044	0.640613	1616	
-0.469152	-0.600343	409	
0.643649	0.442061	355	
-0.618004	-0.490469	4427	
0.806411	0.091573	668	
-0.738101	0.314028	1968	
0.670141	-0.462419	2674	
-0.578912	0.591658	4593	
0.309941	-0.797377	3857	
0.084728	0.846604	640	
-0.246808	-0.826031	3964	
0.479570	0.731433	482	
-0.692237	-0.558283	3472	
0.817070	0.395435	2313	
-0.914167	0.053705	3456	
0.862968	-0.344151	4524	
-0.685017	0.649092	5545	
0.467831	-0.839603	372	
-0.120359	0.969484	2318	
0.036692	0.664289	3599	
-0.315599	0.610640	598	
0.031340	-0.679298	4686	
-0.664648	0.154915	1612	
0.273880	0.639551	864	
0.148897	-0.735079	4563	
-0.628079	0.346309	1694	
0.729379	-0.061138	1958	
-0.735140	0.081118	867	
0.769088	0.105488	1224	
-0.773857	-0.186305	3981	
0.765727	-0.092573	4324	
-0.795030	-0.051393	3919	
0.768519	-0.189812	1827	
-0.718945	0.354598	2039	
0.735163	-0.350549	1764	
-0.763822	0.319094	2037	
0.730140	-0.415714	2653	
-0.628718	0.575885	3529	
0.668143	-0.552287	886	
-0.641107	0.604531	4938	
0.562508	-0.697734	2122	
-0.559280	0.720169	2584	
0.266219	-0.889840	1505	
-0.105317	0.935714	4827	
-0.014757	-0.957442	573	
0.267465	0.936260	1796	
0.558614	-0.363586	4503	
0.082709	-0.690107	1121	
-0.617978	-0.340762	4640	
0.126611	0.682708	2983	
0.200665	-0.730256	1211	
-0.532793	0.478202	861	
0.662696	-0.297950	677	
-0.577340	0.453805	2567	
0.725018	-0.179743	4026	
-0.757773	0.076813	1563	
0.752094	-0.157546	3105	
-0.781773	-0.227701	3692	
0.798031	0.192620	3157	
-0.809572	-0.174533	5014	
0.740287	0.382667	5343	
-0.575426	-0.602567	3412	
0.523696	0.664332	337	
-0.463419	-0.724041	2742	
0.311257	0.817957	4099	
-0.241875	-0.857017	3212	
0.104389	0.901601	2996	
-0.259939	-0.883597	3041	
0.290645	0.891116	4217	
-0.310531	-0.903006	4862	
0.428792	0.872746	3193	
0.675799	0.172060	4231	
-0.678646	-0.112425	4588	
-0.373918	0.554586	4465	
0.681694	0.019608	2687	
-0.247409	-0.640969	1208	
0.058734	0.693933	1461	
0.087749	-0.727383	5615	
-0.452336	0.558653	1434	
0.584275	-0.430784	2451	
-0.552090	0.483743	757	
0.746163	-0.079192	2384	
-0.733110	-0.303651	1432	
0.672071	0.406163	4275	
-0.285872	-0.731273	1289	
0.057472	0.800090	4526	
0.184795	-0.813094	2899	
-0.625059	0.540741	3420	
0.777443	-0.318775	2042	
-0.850471	0.100924	3388	
0.844071	0.259942	5237	
-0.698340	-0.549946	4165	
0.511234	0.745681	884	
-0.571429	-0.719016	4203	
0.414606	0.839788	5264	
-0.387021	-0.872077	5260	
0.395374	0.888416	4159	
0.676306	0.172598	4231	
0.677807	0.173212	4231	
0.413519	-0.502721	1016	
0.401462	-0.524741	3598	
-0.561402	0.365249	4763	
0.682269	0.024568	2158	
-0.371307	-0.577715	4814	
0.068815	0.692461	1182	
-0.005305	-0.711100	1970	
-0.468805	0.542854	1102	
0.690746	-0.224280	4032	
-0.740134	0.044412	404	
0.513222	0.547398	4035	
-0.075791	-0.762918	3848	
-0.379831	0.698534	2201	
0.731599	-0.297915	1935	
-0.811460	-0.156507	5309	
0.425119	0.700835	1767	
0.162711	-0.837151	3855	
-0.584435	0.620905	5177	
0.831647	-0.248504	3130	
-0.874378	-0.185860	4103	
0.668641	0.607414	4402	
-0.632664	-0.665022	4731	
0.383756	0.854332	2013	
-0.242959	-0.923497	298	
0.163331	0.959956	1074	
-0.251645	-0.960370	1746	
-0.588987	-0.264228	4913	
0.486909	0.227126	3496	
0.551631	0.256970	5685	
-0.467724	-0.446819	5334	
0.674402	0.152756	3000	
-0.646465	0.104715	1959	
-0.303199	0.624763	1101	
0.601727	-0.309138	4696	
-0.589214	-0.368739	574	
0.076053	0.691354	1182	
0.205706	-0.728471	1721	
-0.696048	0.169330	2635	
0.624076	0.401245	3837	
0.005033	-0.753020	1416	
-0.676800	0.338054	1026	
0.763163	0.254231	3568	
-0.012340	-0.794031	4506	
-0.510833	0.619425	4223	
0.825995	0.076111	4570	
-0.360888	-0.750944	2647	
-0.180989	0.844744	3858	
0.742824	-0.446036	3778	
-0.884804	-0.103851	3223	
0.645706	0.631347	3356	
-0.517204	-0.758850	5301	
0.188871	0.918201	657	
0.128063	-0.949632	4737	
0.281302	-0.574345	5126	
-0.270638	0.536084	2347	
-0.483745	-0.068781	3681	
-0.528780	-0.315075	1532	
-0.528329	-0.320759	1894	
-0.532384	-0.067551	4037	
0.453945	0.458930	5645	
0.679559	0.172250	4231	
0.622461	0.300054	662	
0.312268	-0.626361	4544	
-0.535027	-0.428439	1621	
-0.113997	0.722993	995	
0.724484	0.044527	424	
-0.057620	-0.723420	1116	
-0.574470	0.456068	2567	
0.421237	0.620496	5501	
0.423550	-0.650497	2837	
-0.643746	-0.458705	2429	
-0.082914	0.810240	1185	
0.751446	-0.311830	2042	
-0.582326	-0.594666	3412	
-0.080370	0.854199	3675	
0.761434	-0.413517	3727	
-0.852824	-0.271267	4594	
0.418295	0.801511	538	
-0.122523	-0.913221	3287	
-0.290682	0.896842	2815	
0.641902	-0.714369	1030	
0.619215	0.095312	305	
-0.611582	0.211586	1785	
-0.344555	-0.543658	2203	
0.041823	-0.493795	3832	
0.089342	-0.394957	1429	
0.115954	-0.379170	4536	
0.117549	-0.382253	4536	
0.050604	-0.472213	4280	
-0.507084	-0.268586	4373	
0.675209	0.152636	3000	
0.661992	-0.017361	1459	
0.647374	-0.188729	1687	
0.376135	-0.588573	1823	
-0.497410	-0.492883	1523	
-0.639830	0.321347	582	
0.340642	0.645548	1786	
0.723149	-0.182610	3820	
-0.154706	-0.746734	3096	
-0.776939	0.091317	1563	
0.194970	0.772497	3201	
0.691529	-0.426839	2342	
-0.553391	-0.621144	2810	
-0.270688	0.821986	4438	
0.856950	-0.142477	4800	
-0.600209	-0.653544	3982	
-0.082231	0.907051	3684	
0.474088	-0.795711	834	
-0.829854	0.449126	705	
0.962606	-0.060942	2667	
0.543132	0.088123	3625	
-0.582642	-0.068339	1919	
0.015568	-0.606726	2117	
0.078140	-0.397663	1830	
0.059149	-0.391834	1830	
0.017720	-0.450027	4443	
0.004740	-0.491926	3791	
0.024150	-0.428678	1294	
0.104727	-0.358572	2000	
0.172075	-0.376269	1763	
0.000637	-0.618836	3441	
0.681620	0.168821	4231	
-0.213779	0.692896	888	
-0.336817	0.611929	2967	
-0.200814	0.722477	882	
0.267138	0.659074	4348	
0.740933	0.029333	422	
0.430804	-0.617349	3166	
-0.440722	-0.619426	5265	
-0.736216	0.251756	5312	
0.153333	0.782490	1977	
0.776104	-0.244585	726	
-0.246725	-0.796021	3528	
-0.679641	0.513030	3734	
0.751854	0.450752	293	
-0.013319	-0.893097	2593	
-0.734377	0.538480	5372	
0.926898	-0.071701	391	
-0.816186	-0.486782	491	
0.496566	0.833995	2146	
-0.262893	-0.956451	1746	
0.444800	0.191160	4810	
-0.462432	-0.245356	3401	
0.036430	-0.503544	3832	
0.043464	-0.417780	838	
-0.049884	-0.586013	3306	
-0.421832	-0.307875	1104	
-0.303435	-0.111236	4189	
-0.337442	-0.036100	982	
-0.301313	-0.129583	4055	
-0.436388	-0.400532	4358	
0.026671	-0.417899	1195	
0.197232	-0.383869	450	
-0.494082	-0.258192	475	
-0.082915	0.659286	5232	
0.673922	-0.033768	1602	
0.516123	0.462335	5631	
0.735583	0.119450	5178	
0.684991	-0.238699	4032	
0.317482	-0.708777	5009	
-0.409449	-0.640538	1609	
-0.787401	0.014202	699	
-0.223688	0.794769	3695	
0.800952	0.252212	3671	
0.376807	-0.762020	803	
-0.856076	-0.135810	2388	
0.055311	0.875748	4150	
0.754636	-0.480918	3199	
-0.873275	-0.290960	5080	
0.385815	0.852348	2013	
0.200318	-0.937120	1567	
0.175655	-0.464339	1051	
-0.177578	0.429339	5729	
-0.460675	-0.434595	5334	
0.045614	-0.441711	431	
-0.001742	-0.539927	1732	
-0.389292	-0.274192	3161	
-0.573902	0.096109	2444	
-0.008741	0.319664	4053	
0.291294	0.228674	3479	
0.236482	0.126020	398	
0.131507	0.564790	3082	
-0.367047	0.420632	3559	
-0.404120	-0.293998	2864	
0.090100	-0.356333	2000	
0.092793	-0.410311	392	
0.673344	0.165322	4231	
-0.111123	-0.659305	2546	
0.688999	-0.056431	1251	
0.696856	-0.116943	1282	
0.696052	-0.203905	4137	
0.490739	-0.561916	3863	
-0.040674	-0.767013	3868	
-0.534394	-0.572611	1787	
-0.638294	0.480979	2345	
0.219196	0.790215	3089	
0.841212	-0.062607	4953	
-0.195456	-0.837558	3530	
-0.817773	0.327337	4382	
0.581403	0.689996	3818	
0.048129	-0.922209	4095	
-0.717674	0.610024	311	
0.964519	-0.014221	2728	
0.498281	-0.416281	3404	
0.555454	0.305850	624	
-0.450384	-0.081207	5468	
0.026579	-0.583317	1574	
0.023754	-0.469028	4495	
-0.351245	-0.510680	1714	
-0.446782	0.014275	4915	
0.052656	0.513665	2663	
0.054971	-0.226992	5676	
0.199823	-0.153088	5481	
0.331363	-0.064188	2161	
0.370018	-0.063139	3398	
0.451147	-0.357824	2326	
0.292922	-0.005566	3184	
-0.575954	0.152721	3197	
-0.010485	-0.530580	1510	
0.207615	-0.393390	448	
-0.156628	-0.630270	3458	
-0.659203	-0.277571	3721	
0.695189	-0.013268	2096	
0.727410	0.221410	1735	
0.751961	0.154107	4385	
0.752802	-0.026919	1628	
0.568764	-0.511078	3112	
0.280141	-0.766669	4110	
-0.677439	-0.448853	3844	
-0.777161	0.280571	4488	
0.224530	0.815860	3793	
0.834238	-0.235457	3130	
-0.381921	-0.801304	5150	
-0.671339	0.614012	2894	
0.928813	0.071048	4806	
-0.568897	-0.762206	5736	
-0.049311	0.972794	1485	
-0.240119	0.480379	4025	
-0.319562	0.540054	1476	
-0.411556	-0.136323	3666	
-0.196275	-0.607897	5051	
0.030440	-0.482827	3942	
-0.039973	-0.587164	3306	
-0.310562	-0.156208	1917	
-0.138012	0.270581	5319	
0.259229	-0.308664	3313	
0.543791	-0.181397	4447	
0.450979	-0.085925	950	
0.299159	-0.271128	2600	
0.383579	-0.344850	2245	
0.283268	-0.248488	5144	
0.530559	-0.215951	683	
0.184711	-0.120947	396	
-0.046471	0.282041	877	
-0.271241	-0.555959	2297	
0.234504	-0.409308	4344	
-0.139877	-0.633213	2670	
-0.025444	-0.669719	470	
0.422303	0.549542	2524	
0.098160	0.705273	2610	
0.167139	0.710339	2518	
0.205003	0.721608	1519	
0.577878	0.511857	5447	
0.798588	-0.004350	3918	
0.534677	-0.612826	5030	
-0.245124	-0.795838	3872	
-0.819668	0.233726	3188	
0.064481	0.874423	4150	
0.871111	-0.211986	4768	
-0.629859	-0.665875	4731	
-0.228273	0.913267	5241	
0.922226	-0.277544	1107	
-0.498121	-0.278289	5614	
-0.515835	-0.335100	2237	
-0.062811	-0.619805	4343	
0.024998	-0.531377	1280	
0.002068	-0.549885	1732	
-0.440773	-0.325951	1053	
-0.576932	0.103956	2444	
0.270344	0.201387	3643	
0.256974	-0.062614	1175	
0.511991	-0.113745	3597	
0.401396	-0.343971	2832	
0.345540	-0.138886	2505	
0.316381	-0.212295	2028	
0.315620	-0.218553	4851	
0.371492	-0.114678	2369	
0.293969	-0.269479	2600	
0.544699	-0.156379	2860	
0.032571	0.423781	3641	
-0.231548	-0.571814	2260	
0.228452	-0.407722	4454	
0.684013	0.157918	4231	
0.695976	0.091199	5202	
-0.364220	0.610268	5733	
-0.712737	0.082752	873	
-0.700667	0.216858	4181	
-0.770276	-0.026754	4163	
-0.627420	0.456176	1821	
-0.375626	0.724460	3934	
0.422103	0.700577	1767	
0.847171	0.022441	4603	
0.277448	-0.831095	4374	
-0.838141	-0.310378	3485	
-0.222081	0.885801	4104	
0.898526	-0.231079	5605	
-0.742187	-0.592253	5610	
0.053343	0.971425	1435	
-0.037396	-0.611039	2134	
0.003615	-0.591805	2496	
0.016129	-0.555044	627	
-0.013062	-0.577171	1403	
-0.407932	-0.457662	4885	
-0.345161	-0.037339	4316	
-0.046115	0.290876	432	
0.051692	-0.228427	5676	
0.236739	-0.147238	5259	
0.288930	-0.248271	5144	
0.367970	-0.127631	2369	
0.355297	-0.283973	5322	
0.470088	-0.249688	1610	
0.476430	-0.189041	650	
0.475346	-0.250083	5086	
0.324386	-0.253055	942	
0.462509	-0.314670	5670	
0.542147	-0.138042	2777	
-0.067216	0.272071	5681	
0.001241	-0.476943	3920	
0.122343	-0.396037	4536	
-0.314344	0.582082	595	
-0.551705	0.398885	747	
-0.280374	-0.642581	3922	
0.329569	-0.679267	1352	
0.409738	-0.634693	1304	
0.382808	-0.682678	723	
0.169890	-0.795697	2469	
-0.529287	-0.605970	1994	
-0.826605	-0.186974	548	
-0.480544	0.706228	1241	
0.495418	0.717494	433	
0.731063	-0.514470	5130	
-0.717641	-0.569928	4131	
-0.204970	0.918252	5241	
0.947468	-0.174250	5250	
-0.889647	-0.424478	4043	
-0.114816	-0.605143	1411	
-0.087686	-0.603778	1854	
-0.216241	-0.585070	2260	
-0.453471	-0.377488	2966	
-0.317305	-0.084695	2604	
-0.315769	0.401407	2702	
0.239687	0.113840	398	
0.539541	-0.224251	419	
0.532615	-0.184099	4447	
0.415650	-0.339279	4959	
0.322961	-0.195151	2028	
0.446467	-0.277646	4900	
0.449735	-0.177698	2103	
0.403189	-0.185156	2157	
0.399017	-0.176886	2157	
0.461987	-0.161958	1741	
0.334582	-0.272997	4166	
0.317472	-0.303128	2706	
0.193486	-0.097926	1341	
-0.554751	0.063092	5490	
0.148994	-0.345466	1495	
-0.500562	-0.260003	475	
-0.366664	0.559656	4465	
0.602738	-0.334970	3595	
0.561506	0.438572	3371	
0.330039	0.649645	1562	
0.114509	0.743037	3344	
0.299308	0.709913	1775	
0.462476	0.644574	3825	
0.814187	0.196678	3157	
0.740060	-0.392777	2684	
-0.123019	-0.851563	4888	
-0.869922	-0.200657	4949	
-0.280287	0.869390	1506	
0.923752	-0.094265	5215	
-0.503761	-0.806472	5584	
-0.430955	-0.300639	1104	
-0.417266	-0.289170	2181	
-0.332663	-0.194126	1330	
-0.351960	-0.034981	4316	
-0.452204	0.392059	2932	
0.080550	0.551554	4656	
0.049129	-0.229365	5676	
0.506635	-0.090260	2606	
0.319958	-0.103544	4739	
0.512484	-0.179684	5191	
0.329764	-0.229161	4746	
0.459898	-0.254451	1610	
0.441154	-0.187550	2230	
0.411301	-0.206747	2064	
0.396419	-0.225771	1955	
0.378877	-0.194294	2324	
0.485479	-0.181951	650	
0.324805	-0.138496	3870	
0.516012	-0.111565	3597	
0.256432	0.032151	741	
-0.434824	-0.395807	4358	
0.271060	-0.446987	2924	
0.672692	0.158864	4231	
0.703614	0.119043	4130	
-0.495116	0.487257	3967	
-0.657875	-0.347406	5625	
-0.543040	-0.500280	2046	
-0.320621	-0.689141	1635	
-0.387205	-0.679998	2282	
-0.788886	-0.254654	3001	
-0.829603	0.046646	1375	
-0.445560	0.730885	5493	
0.392276	0.779057	3726	
0.840600	-0.306707	2733	
-0.440631	-0.804172	2692	
-0.680559	0.649409	5545	
0.931051	0.256892	3376	
-0.460499	0.010470	5432	
-0.469951	0.013601	3160	
-0.578221	0.093422	2444	
-0.302013	0.391330	2302	
0.023467	0.409278	936	
0.332939	-0.019693	290	
0.438189	-0.058359	3807	
0.234919	-0.157079	5339	
0.277488	-0.173378	3277	
0.477128	-0.130368	953	
0.329189	-0.215360	1307	
0.435763	-0.278752	2743	
0.453997	-0.209362	2125	
0.433177	-0.215708	2273	
0.417454	-0.239402	2475	
0.381963	-0.238825	2476	
0.404450	-0.156064	2164	
0.361337	-0.303981	5271	
0.352432	-0.336178	2788	
0.533738	-0.242887	419	
-0.543178	0.270315	1129	
0.107117	-0.344221	1558	
0.047540	-0.581160	4662	
0.563582	0.355940	1433	
-0.070086	-0.681318	906	
0.620811	-0.334393	397	
0.686151	0.326545	3397	
0.539897	0.519023	4683	
0.585891	0.502159	5476	
0.642913	0.472833	428	
0.816382	0.183206	3157	
0.801369	-0.246825	2073	
0.335208	-0.807621	2450	
-0.633273	-0.619055	4874	
-0.767915	0.487440	5414	
0.678939	0.639014	639	
0.378713	-0.879914	728	
-0.957009	0.214346	3123	
-0.149777	0.282810	5319	
-0.144889	0.281165	5319	
-0.041006	0.300806	432	
0.111064	0.565337	613	
0.254533	0.056324	5536	
-0.011874	-0.271445	588	
0.206642	-0.133819	396	
0.267397	-0.259949	3946	
0.277773	-0.183918	586	
0.507701	-0.175824	5191	
0.338174	-0.172671	2204	
0.375368	-0.278636	2271	
0.435378	-0.266060	2743	
0.436596	-0.252185	2743	
0.409975	-0.261130	1931	
0.370473	-0.235947	2148	
0.404618	-0.150639	2059	
0.396569	-0.318721	786	
0.521496	-0.191932	4447	
0.283174	-0.070445	1188	
0.031531	0.414109	936	
-0.148925	-0.588662	3098	
0.279991	-0.460442	742	
0.676728	0.172976	4231	
0.573695	-0.354954	4503	
-0.403528	0.573169	283	
-0.726412	-0.007479	2529	
-0.758218	-0.141743	4508	
-0.494450	-0.575792	3497	
-0.394050	-0.675625	2282	
-0.687762	-0.434011	3844	
-0.775277	-0.338388	4904	
-0.800218	0.290474	473	
-0.294418	0.836793	5315	
0.632511	0.641584	569	
0.538787	-0.750497	5120	
-0.866119	-0.387433	5505	
0.369354	0.299074	3759	
0.345781	0.276644	3707	
0.250882	0.154061	3910	
0.322399	-0.013845	290	
0.171217	-0.233346	880	
0.199218	-0.024220	531	
0.294723	-0.317259	3533	
0.294633	-0.295781	2242	
0.294249	-0.138037	4076	
0.391611	-0.337508	4959	
0.423829	-0.124486	1620	
0.340095	-0.183518	2060	
0.353804	-0.244724	5546	
0.364252	-0.254796	2589	
0.356431	-0.230078	1266	
0.367425	-0.173104	1987	
0.482603	-0.160248	3391	
0.333651	-0.280024	4166	
0.491224	-0.280702	527	
0.249573	-0.096343	856	
0.288039	0.227850	3479	
-0.386954	-0.281427	3044	
0.253579	-0.407253	3879	
-0.519570	-0.272634	4373	
-0.040240	0.669941	1604	
0.002259	-0.691385	277	
0.585513	-0.391401	4079	
0.701473	0.305616	4552	
0.523261	0.534706	3352	
0.447417	0.625469	4988	
0.320889	0.725888	1775	
0.506426	0.640672	609	
0.683304	0.499253	3911	
0.860463	-0.110396	5179	
0.418028	-0.793426	3764	
-0.729112	-0.554234	5630	
-0.503415	0.793884	4425	
0.936457	0.235156	3376	
0.343313	-0.390968	3093	
0.354434	-0.395867	3093	
0.241840	-0.294179	2884	
0.047536	-0.234452	5676	
-0.199896	-0.105681	577	
0.197909	-0.209272	2435	
0.401568	-0.374462	2889	
0.238826	-0.191783	5109	
0.425590	-0.089858	2849	
0.282604	-0.207413	1149	
0.483649	-0.269633	527	
0.470068	-0.135954	953	
0.397854	-0.136415	2059	
0.400837	-0.136936	2059	
0.440244	-0.135558	2314	
0.497820	-0.193658	963	
0.362333	-0.310161	5271	
0.425302	-0.099898	892	
0.272571	-0.125127	374	
0.234818	-0.247005	3309	
0.383433	0.438571	3390	
-0.307309	-0.181598	1392	
0.167683	-0.345366	1495	
0.155352	-0.393644	414	
0.646332	-0.073520	2303	
0.617450	0.323995	780	
-0.482908	0.499167	3127	
-0.742228	-0.120045	3958	
-0.659054	-0.371028	4977	
-0.189692	-0.736295	1464	
0.097952	-0.798891	3249	
-0.060175	-0.808125	5048	
-0.015304	-0.838078	5353	
-0.472644	-0.714318	4313	
-0.845763	-0.286898	4594	
-0.684507	0.597279	2894	
0.627354	0.689453	543	
0.585121	-0.758136	4250	
-0.970465	-0.156509	2474	
-0.228138	-0.184515	911	
-0.202303	-0.139087	4604	
-0.216142	-0.041572	1565	
0.199218	-0.024222	1151	
0.286035	-0.316938	3642	
0.217802	-0.210570	3400	
0.276798	-0.093141	4859	
0.385377	-0.359531	2245	
0.363984	-0.097444	3155	
0.285983	-0.171759	3277	
0.311031	-0.268835	4317	
0.394584	-0.328219	4959	
0.394456	-0.325913	786	
0.309676	-0.255863	4317	
0.323485	-0.125027	3588	
0.511207	-0.136689	3505	
0.269684	-0.127563	374	
0.285834	-0.067306	1188	
0.094676	-0.212880	5324	
-0.131311	0.259988	5319	
-0.413330	-0.309683	2795	
0.143304	-0.338671	1632	
0.284819	-0.472470	742	
0.535004	0.246327	5598	
-0.659399	0.083243	1756	
0.415975	-0.549959	2957	
0.695422	-0.115913	1282	
0.589873	0.435735	3103	
0.176253	0.728297	3159	
-0.111798	0.788475	294	
-0.554591	0.575516	2747	
-0.683385	0.460111	2335	
-0.519957	0.674310	4935	
-0.164365	0.869319	4263	
0.514778	0.739542	5169	
0.783350	-0.490446	2730	
-0.479159	-0.820392	2383	
0.199218	-0.024222	1151	
0.320139	-0.357956	2770	
0.184139	-0.141447	396	
0.243647	-0.078292	620	
0.487636	-0.312861	862	
0.276687	-0.094293	4859	
0.322938	-0.322807	5424	
0.526214	-0.165536	3956	
0.422347	-0.095718	892	
0.405325	-0.096611	1301	
0.482371	-0.109306	3811	
0.417808	-0.349052	3353	
0.258893	-0.146262	3631	
0.414658	-0.365065	3353	
0.196930	-0.173271	4391	
0.459103	-0.361937	1715	
-0.036832	0.281372	877	
-0.315133	-0.047218	2596	
-0.080223	-0.583288	1050	
0.214283	-0.366320	821	
0.311637	-0.490236	508	
-0.439979	-0.105325	4311	
-0.188056	-0.633624	4602	
0.208376	0.643291	4392	
-0.602928	0.347738	858	
-0.619206	-0.389074	1328	
-0.264806	-0.688278	1516	
0.453643	-0.622715	3281	
0.753450	-0.229998	2570	
0.823549	0.091877	708	
0.797302	0.315446	3965	
0.871485	0.051521	3835	
0.719712	-0.527664	5130	
-0.195564	-0.896727	343	
-0.941044	0.073504	637	
0.232299	0.941811	682	
0.199218	-0.024218	531	
0.214356	-0.227111	3400	
0.244640	-0.079812	620	
0.375165	-0.372333	2587	
0.376991	-0.071522	3398	
0.282186	-0.096825	4859	
0.262462	-0.125399	374	
0.306888	-0.085605	5113	
0.532967	-0.133704	2777	
0.221388	-0.145593	5259	
0.239239	-0.064462	1175	
0.112718	-0.209474	2310	
0.233633	0.548861	1346	
-0.465173	0.373444	1719	
-0.306539	-0.186291	1392	
-0.055939	-0.573204	1054	
0.132439	-0.333722	2085	
0.319448	-0.470731	1169	
0.317938	-0.494705	508	
-0.226925	-0.603914	4584	
0.677670	0.173232	4231	
-0.601841	-0.324963	5613	
0.593576	-0.349204	1380	
0.723215	0.053523	424	
0.216262	0.695399	1060	
-0.527851	0.537555	3167	
-0.773718	-0.244513	2070	
-0.495033	-0.632650	1072	
0.027884	-0.840142	4369	
-0.060614	-0.858867	1475	
-0.346375	-0.815406	4572	
-0.857236	-0.330444	5002	
-0.484719	0.804877	868	
0.876429	0.404880	5595	
0.351620	-0.057023	3819	
0.231682	-0.103856	856	
0.215105	-0.164027	5481	
0.243469	-0.091444	856	
0.523725	-0.260760	5693	
0.200164	-0.077768	1341	
0.210299	-0.255161	3646	
0.330187	0.495480	4458	
-0.370383	0.415870	3559	
-0.288495	-0.128138	4055	
-0.145272	-0.585808	3098	
0.086118	-0.338438	4157	
0.265011	-0.407471	3679	
0.366342	-0.475923	468	
0.399629	-0.470670	865	
0.279099	-0.477672	742	
-0.027205	-0.627929	2134	
0.478393	0.190913	2792	
0.559592	0.357929	1437	
0.095989	0.667527	1865	
-0.608377	0.338031	894	
-0.445577	-0.562360	3636	
0.534503	-0.515153	3301	
0.671459	0.402007	4275	
-0.415121	0.695468	717	
-0.815686	0.134086	4031	
-0.857646	-0.012541	5313	
-0.880213	0.058493	2465	
-0.756005	0.503734	5414	
0.309596	0.880652	4217	
0.925749	-0.256880	4541	
0.171477	-0.128200	672	
0.242323	-0.054373	901	
0.212791	-0.089191	1263	
0.280681	-0.046916	5331	
0.199218	-0.024220	531	
0.102042	-0.208071	855	
0.297797	0.240829	2867	
-0.154543	0.259774	3525	
-0.324844	-0.028698	2514	
-0.332316	-0.515136	1800	
0.044656	-0.360107	826	
0.288373	-0.430452	1580	
0.442148	-0.434474	519	
0.500133	-0.386944	2573	
0.374642	-0.489719	2902	
0.261821	-0.463357	3438	
0.093061	-0.422283	392	
-0.531684	-0.280490	4801	
0.542253	0.336431	1070	
0.644298	0.265699	4704	
-0.671356	-0.263289	3658	
0.309267	-0.652310	996	
0.735270	0.137851	5652	
-0.317685	0.696259	4792	
-0.237380	-0.721352	1737	
0.770759	-0.166047	3316	
0.436207	0.689916	1975	
-0.215279	0.835675	4595	
-0.369663	0.803566	5623	
-0.036733	0.906138	4127	
0.822119	0.438750	4020	
0.596352	-0.748472	1751	
-0.919549	-0.348958	2281	
0.199306	-0.024217	1151	
0.199218	-0.024220	531	
-0.104048	-0.542335	2998	
0.334445	-0.027764	290	
0.109448	0.556917	2992	
-0.381323	0.414440	3431	
-0.287862	-0.146279	4089	
-0.047203	-0.562175	2491	
0.186569	-0.340091	1004	
0.434975	-0.435724	519	
0.575431	-0.268282	2249	
0.416202	-0.467492	1905	
0.200083	-0.412050	4905	
0.057018	-0.565720	578	
-0.477196	-0.422154	3661	
-0.424849	-0.151696	5011	
-0.630943	-0.029790	2140	
0.405123	0.507859	1834	
0.673656	0.166523	4231	
0.064442	-0.666751	535	
0.666022	-0.079575	1773	
-0.574986	0.391092	1209	
0.384738	-0.629300	2739	
-0.030424	0.763550	1303	
-0.438504	-0.645859	1943	
0.678576	-0.442249	2357	
0.696044	0.481523	5310	
0.521708	0.695991	3075	
0.617785	0.654206	308	
0.894447	-0.236198	4951	
0.069281	-0.951456	869	
0.199196	0.017509	1556	
-0.167686	-0.554062	1608	
0.467691	-0.053961	3208	
0.236671	0.547005	1346	
-0.299195	0.371662	2963	
-0.284261	-0.121211	4055	
-0.050908	-0.563771	3422	
0.204974	-0.348196	1626	
0.500913	-0.375165	2573	
0.603675	-0.184027	412	
0.334211	-0.511121	352	
0.047120	-0.610124	1145	
-0.483437	-0.075935	5604	
-0.217705	0.461640	4012	
-0.082463	0.626784	5125	
0.565903	0.266214	379	
0.119618	-0.616080	2941	
0.472277	0.198486	2792	
0.677573	0.173263	4231	
0.291174	0.600037	4727	
-0.190736	-0.656253	830	
-0.227381	0.727538	1660	
0.494055	-0.555817	3863	
-0.317386	0.736005	1120	
-0.429322	-0.678737	1978	
0.736748	-0.395687	2332	
0.870272	0.078577	2904	
0.897831	0.000975	4992	
0.681198	-0.622183	2989	
-0.349122	-0.883590	744	
-0.867015	0.451292	4389	
0.040859	-0.220578	5446	
0.226332	0.110166	678	
-0.052495	0.265020	877	
-0.418181	0.021046	4824	
-0.369564	-0.481968	4758	
0.083153	-0.329232	4847	
0.413888	-0.445238	1905	
0.611287	-0.111585	2278	
0.518442	-0.372579	2881	
0.057414	-0.519128	3259	
-0.300060	0.557169	4901	
0.577666	-0.346713	4503	
0.196035	-0.728307	4795	
-0.732448	0.069432	867	
0.710137	0.350046	4590	
-0.797443	0.086220	2877	
0.218791	-0.823904	4512	
0.770352	-0.390295	3048	
0.779554	-0.434050	5328	
0.430041	-0.817678	3764	
-0.606639	-0.728501	5285	
-0.720887	0.657443	1262	
0.330595	0.275281	3815	
-0.193751	0.273743	3581	
-0.286045	-0.086841	4435	
-0.037305	-0.546166	2240	
0.244298	-0.374687	4561	
0.586290	-0.221870	1181	
0.613298	-0.060460	4924	
0.297950	-0.511854	1585	
-0.535015	-0.273767	4801	
0.571146	0.261669	4423	
-0.629342	-0.300815	4695	
-0.691714	0.077970	1143	
-0.220018	0.743826	750	
0.686916	-0.333109	2300	
-0.666369	0.438400	1727	
-0.245121	-0.793336	3528	
0.547659	-0.667807	547	
0.644202	-0.616020	3385	
0.167533	-0.907919	5099	
-0.729714	-0.603679	653	
0.153036	-0.207328	1591	
0.394490	0.412505	2780	
-0.275922	0.345389	3591	
-0.286862	-0.163032	2819	
-0.010205	-0.458084	3537	
0.305064	-0.434975	5577	
0.605310	-0.113367	2554	
0.610937	-0.035567	4984	
0.284731	-0.504221	5188	
-0.471799	-0.234127	3401	
-0.703067	-0.176673	1197	
-0.645347	0.259346	5365	
0.049526	0.731503	3146	
0.601230	-0.469712	2501	
-0.585227	0.542270	3060	
-0.342496	-0.755696	2634	
0.428419	-0.755221	3676	
0.625903	-0.634701	2935	
0.107190	-0.915547	3931	
-0.757226	-0.568411	5548	
-0.588230	0.776741	4611	
0.158997	-0.209125	1591	
0.399899	0.390973	2763	
-0.256354	0.324826	1488	
-0.283052	-0.153245	3600	
-0.013762	-0.468974	3920	
0.299443	-0.427481	2486	
0.603818	-0.086299	1277	
0.589404	0.007200	2847	
0.351692	-0.510013	2488	
-0.544703	-0.305577	1395	
0.468720	0.442764	4928	
-0.624533	-0.304618	4695	
-0.679081	0.144686	1160	
-0.261887	0.728689	4929	
0.699371	-0.305974	1617	
-0.685431	0.407960	1788	
-0.216176	-0.801859	3421	
0.581187	-0.637645	2655	
0.671425	-0.585974	1076	
0.213392	-0.898820	4277	
-0.699829	-0.637886	4971	
0.128505	-0.199307	1591	
0.284384	0.231597	3479	
-0.158331	0.252407	3770	
-0.299323	-0.042841	4497	
-0.079113	-0.573865	1050	
0.187739	-0.329163	1089	
0.588613	-0.203300	5026	
0.554791	0.016464	5416	
0.620019	-0.065127	4390	
0.108659	-0.423392	392	
-0.551241	0.347041	4763	
0.461696	0.183759	989	
-0.157897	0.675603	1122	
0.624602	-0.250876	2557	
0.272628	-0.699317	2944	
-0.740396	0.016535	3083	
0.667817	0.405835	4275	
-0.804667	0.029198	4229	
0.281323	-0.804594	4596	
0.800848	-0.323096	552	
0.817442	-0.357636	979	
0.507047	-0.770531	1738	
-0.533093	-0.783899	5381	
-0.780399	0.585510	5004	
0.003335	0.200429	607	
-0.008358	-0.242945	588	
0.235623	0.046862	5536	
0.004228	0.303905	4946	
-0.564088	0.106006	2444	
-0.396120	-0.306489	2864	
0.033601	-0.353215	2806	
0.387330	-0.450508	550	
0.577677	-0.013331	324	
0.527892	0.025718	3254	
0.613088	-0.173737	412	
0.069856	-0.469806	5588	
-0.429054	-0.149760	1314	
-0.298306	0.559043	4901	
-0.126611	0.447057	2106	
0.332530	0.562354	2250	
0.375364	0.533184	2558	
0.494038	0.221416	3496	
-0.154534	0.674570	1122	
-0.162935	0.679954	1122	
-0.291219	0.638096	4149	
-0.171746	-0.660788	3523	
-0.293947	0.694108	4477	
0.538364	-0.509915	3158	
-0.399374	0.679330	3582	
-0.360795	-0.717276	1069	
0.778451	-0.305381	3743	
0.854939	0.203397	5279	
0.891752	0.131520	3745	
0.759983	-0.522728	5382	
-0.217371	-0.924927	314	
-0.923430	0.320346	3663	
0.048982	0.206910	1389	
0.003334	0.200429	607	
0.045796	-0.212970	5446	
0.225375	0.153327	486	
-0.065104	0.252109	1329	
-0.404316	0.022221	4824	
-0.394215	-0.449468	3323	
0.081596	-0.318305	4847	
0.463786	-0.402788	3087	
0.551459	0.001517	669	
0.481889	0.030732	4041	
0.584909	0.026559	2847	
0.462959	-0.437143	2622	
0.202829	-0.423406	5575	
0.063416	-0.533025	4024	
-0.305002	-0.573670	2639	
-0.511724	-0.253123	284	
-0.256772	0.548463	488	
-0.162184	0.681528	1122	
0.648528	-0.112288	4500	
0.688577	0.073805	4230	
-0.644257	0.261523	5365	
0.465573	-0.554477	2111	
-0.150120	0.769525	5434	
-0.361121	-0.691688	1069	
0.734365	-0.341103	1764	
0.604249	0.586099	3518	
0.395285	0.774594	3726	
0.489817	0.754405	883	
0.923605	-0.063466	391	
0.263445	-0.917890	3577	
0.160349	0.162814	779	
0.075012	0.207053	383	
0.217693	0.204629	2873	
0.160689	0.175887	4978	
0.033797	0.252534	1134	
0.362052	-0.039000	5394	
0.013065	0.317135	4209	
-0.562550	0.105536	2444	
-0.410153	-0.326334	1305	
0.036250	-0.345786	2624	
0.327735	-0.441537	5577	
0.585064	-0.035832	474	
0.467050	0.024567	5161	
0.438607	0.047247	600	
0.505986	0.036498	2671	
0.604476	0.020275	2405	
0.532600	-0.360915	4932	
0.098240	-0.437403	4927	
-0.264892	0.559853	490	
0.294344	0.589605	4727	
-0.538664	-0.393410	1528	
0.350492	-0.608674	2076	
0.721938	0.231392	1735	
-0.442181	0.588487	1524	
-0.147905	-0.745117	3096	
0.798722	0.023395	3432	
0.293091	0.761615	2673	
-0.397918	0.759293	3737	
-0.542641	0.689120	1811	
-0.265027	0.871642	4300	
0.691376	0.621401	5578	
0.758723	-0.582785	2416	
-0.804852	-0.564600	4269	
0.147431	0.163673	1419	
0.058016	0.272257	5266	
0.230077	0.229157	4975	
0.346163	0.456089	859	
0.351668	0.328833	3673	
0.082549	0.227703	5489	
0.193127	0.548361	1863	
0.235269	0.037116	902	
-0.117170	0.240609	539	
-0.291914	-0.043948	4497	
-0.134392	-0.579051	3091	
0.149331	-0.308910	2698	
0.528356	-0.327131	2226	
0.536854	-0.000920	3486	
0.415808	0.044853	1387	
0.397038	0.079732	1587	
0.494047	0.041783	3894	
0.269128	-0.502940	5412	
0.642021	-0.001211	1385	
-0.253245	0.675692	5008	
-0.089736	0.696506	4543	
-0.684990	0.113156	1768	
-0.269289	-0.665059	1945	
0.634666	-0.383223	1942	
0.550928	0.535142	2359	
-0.533840	0.593855	4298	
-0.833968	-0.070988	2937	
-0.822608	-0.276754	4459	
-0.868367	-0.195690	4949	
-0.867372	0.270142	4225	
0.044067	0.933176	4255	
0.960906	0.025812	5456	
0.003335	0.200429	607	
0.137008	0.187226	575	
0.084366	0.240505	5489	
0.296520	0.499498	4529	
0.106435	0.266981	4446	
0.218243	0.248374	4975	
0.286973	0.287604	1809	
0.291739	0.290802	1521	
0.190586	0.237672	4871	
0.081301	0.487077	2409	
0.373409	0.425824	2861	
0.243663	0.015928	902	
-0.198868	0.268649	3581	
-0.269812	-0.133278	4089	
-0.014103	-0.444643	4133	
0.271489	-0.386041	3846	
0.585397	-0.047382	4923	
0.389906	0.062100	3015	
0.397144	0.088007	1587	
0.270074	-0.505183	2679	
-0.160887	0.677007	1122	
-0.323565	-0.587063	4754	
0.656096	-0.202116	2057	
0.692882	0.288202	2882	
0.030918	0.734063	3146	
-0.649507	0.378517	1939	
-0.660259	-0.431731	1784	
-0.291657	-0.748026	2638	
0.317980	-0.789014	2450	
0.235381	-0.840641	5244	
-0.072225	-0.884506	1810	
-0.683654	-0.605976	353	
-0.730057	0.589143	303	
0.684836	0.679106	5159	
0.003334	0.200429	607	
0.121648	0.164544	575	
0.089500	0.523098	2421	
0.057892	0.378672	3723	
0.373296	0.393631	2763	
0.130139	0.254206	1047	
0.353733	0.418812	2735	
0.090564	0.436156	2709	
0.114027	0.311233	587	
0.142693	0.284995	3292	
0.142222	0.283682	3292	
0.099681	0.326186	4422	
0.174856	0.532550	4204	
0.092373	0.262049	4446	
0.085605	0.515358	2421	
0.249636	0.198391	4598	
-0.525507	0.058339	2162	
-0.090986	-0.572363	1640	
0.309269	-0.422711	2758	
0.445279	0.019222	522	
0.381456	0.113910	4531	
0.068874	-0.555724	399	
0.642012	-0.149849	1155	
-0.092281	0.696911	4543	
-0.695397	0.048150	302	
-0.408807	-0.588586	3932	
-0.033654	-0.742841	1525	
0.610760	-0.455688	2501	
0.801772	0.097887	668	
0.717720	0.408774	3912	
0.604153	0.585535	3518	
0.770330	0.414420	5090	
0.864439	-0.221871	3914	
0.179604	-0.904754	2185	
-0.891306	-0.317431	4899	
-0.148476	0.959302	4636	
0.205189	0.141575	4378	
0.215653	0.058020	1359	
0.553784	-0.149095	3319	
0.003336	0.200429	607	
0.076323	0.218937	383	
0.115576	0.226264	5626	
0.075837	0.339914	1842	
0.342509	0.346551	3142	
0.091743	0.391702	2601	
0.248641	0.298857	2368	
0.302806	0.460111	3898	
0.181462	0.508849	4270	
0.139597	0.491253	785	
0.144208	0.496840	4964	
0.251735	0.498527	504	
0.198770	0.270143	4713	
0.106513	0.502501	2244	
0.110802	0.529004	2588	
0.235308	0.030713	902	
-0.318732	-0.009307	2514	
0.109424	-0.303282	3841	
0.483513	0.006551	3073	
0.385984	0.112061	4531	
-0.282344	0.566990	3367	
-0.536438	-0.395901	1528	
0.599985	-0.335238	3595	
0.734215	0.169244	5401	
0.286623	0.667608	4999	
-0.154585	0.768855	5434	
-0.467094	0.622379	3869	
-0.743949	0.287379	4023	
-0.804470	0.178200	4319	
-0.747896	0.399532	2683	
-0.549389	0.683020	1811	
0.158753	0.887293	3769	
0.919190	-0.101193	5215	
-0.081753	-0.946809	322	
-0.361147	0.398353	3117	
-0.262795	0.317512	3665	
-0.121898	0.225967	585	
0.045705	0.420221	3641	
0.476322	-0.341197	1862	
0.049326	0.258411	915	
0.178392	0.216453	416	
0.113210	0.269324	5336	
0.186848	0.527209	4204	
0.206344	0.288606	3500	
0.286415	0.472970	4080	
0.126546	0.413313	4183	
0.173694	0.338084	2976	
0.233236	0.335788	1882	
0.244430	0.336789	1503	
0.196355	0.322864	2205	
0.117730	0.389237	4367	
0.310486	0.461020	4883	
0.084103	0.427325	2709	
0.060697	0.242080	1837	
-0.247099	0.308924	1582	
0.037905	-0.335141	2624	
0.419612	0.028334	1925	
0.488965	0.047589	4017	
-0.160167	0.682896	1122	
0.288673	0.611943	4727	
-0.699216	0.023846	562	
-0.499569	-0.512822	2108	
-0.416578	-0.604874	2258	
0.236142	-0.762289	1177	
0.501475	-0.608057	4821	
0.363462	-0.740416	503	
0.412833	-0.735796	2678	
-0.081689	-0.854696	417	
-0.584024	-0.662042	3982	
-0.885649	0.202420	420	
0.223978	0.904836	1971	
0.879334	-0.378707	5581	
-0.768838	-0.611971	4190	
-0.371013	-0.300700	3696	
-0.284156	-0.208178	2790	
-0.263013	-0.057919	5552	
-0.544458	0.243497	4607	
0.022755	0.317910	4209	
0.087632	0.183572	415	
0.095759	0.240582	3761	
0.117890	0.266695	5336	
0.101916	0.472676	3444	
0.312219	0.352039	790	
0.133613	0.460747	5273	
0.198044	0.340162	2205	
0.278942	0.374956	1438	
0.270601	0.442163	2362	
0.244494	0.462817	1853	
0.273071	0.450109	2362	
0.294167	0.372004	1951	
0.124488	0.363339	949	
0.231920	0.276315	3381	
0.064179	0.331280	1842	
-0.141259	0.239055	974	
0.132751	-0.301101	3572	
0.357647	0.110833	1623	
0.230695	-0.451990	4257	
-0.666629	0.004513	2047	
0.395936	-0.564991	1479	
0.716686	0.029124	3377	
0.363493	0.628926	676	
0.124277	0.738039	3714	
0.050332	0.772515	4876	
-0.083029	0.806303	1185	
0.107024	0.811430	5031	
0.330876	0.773703	3066	
0.774753	0.406173	5708	
0.774922	-0.439461	5328	
-0.315958	-0.858402	5439	
-0.844650	0.409692	1219	
0.660242	0.702868	5159	
0.153292	-0.283771	4054	
0.094610	-0.284493	4010	
-0.022330	-0.423100	1487	
-0.377595	-0.304689	3696	
-0.556688	0.108269	2796	
0.210241	0.140274	4378	
0.378214	0.365497	2688	
0.094842	0.292593	4650	
0.102300	0.471665	3444	
0.327302	0.382550	954	
0.134177	0.404394	5543	
0.244020	0.353098	1503	
0.263870	0.436616	2362	
0.212482	0.452643	2495	
0.191771	0.440608	2067	
0.177958	0.447094	1930	
0.239787	0.473143	1853	
0.221005	0.318473	2506	
0.344907	0.384569	3941	
0.063462	0.350661	3776	
-0.557950	0.100423	2287	
0.423796	-0.425275	614	
0.377519	0.169683	1861	
-0.154191	0.678410	3507	
0.626125	0.312748	780	
-0.700871	0.012978	562	
-0.487961	-0.523394	2636	
-0.470464	-0.563194	4144	
-0.061514	-0.760309	3653	
0.064971	-0.795841	716	
-0.302810	-0.742859	2334	
-0.417505	-0.714803	2355	
-0.826896	-0.262129	4460	
-0.727584	0.486924	3711	
0.168163	0.884976	3769	
0.871892	-0.301757	5182	
-0.482646	-0.814565	2383	
0.464523	-0.011472	5449	
0.549688	-0.039366	1457	
0.463405	-0.386997	3087	
0.120643	-0.283940	3572	
-0.414966	-0.372585	1761	
-0.229652	0.287280	3517	
0.059756	0.207809	686	
0.088492	0.482437	2789	
0.148884	0.520384	2856	
0.320635	0.368243	954	
0.144287	0.389885	4732	
0.258520	0.369402	1793	
0.252493	0.434205	2062	
0.216691	0.432570	2393	
0.207789	0.411488	1954	
0.182598	0.403492	2149	
0.193097	0.478112	2247	
0.219176	0.315848	2506	
0.229185	0.273801	3381	
0.180644	0.176032	4978	
-0.421133	-0.375407	1761	
0.408265	0.031770	1387	
0.626510	-0.057540	4924	
-0.491807	0.448341	3524	
0.451858	-0.514468	1210	
0.703244	0.270437	2882	
0.204076	0.696954	1060	
0.035780	0.753034	2693	
0.127139	0.758822	3219	
0.188419	0.768986	3201	
0.461628	0.670611	3426	
0.769682	0.366891	4132	
0.758760	-0.408041	3048	
-0.114432	-0.878498	2565	
-0.908309	-0.097571	3713	
0.142406	0.921417	1198	
0.842199	-0.453260	2493	
-0.882211	-0.429308	4043	
0.433172	0.303597	3002	
0.367595	0.236801	755	
0.327540	0.089365	2620	
0.565436	-0.052578	1649	
0.148774	-0.288166	2698	
-0.264151	-0.166247	3600	
0.272163	0.226935	4081	
0.140493	0.222527	4916	
0.353956	0.390550	3519	
0.271274	0.320439	1947	
0.137841	0.426643	2441	
0.235093	0.360269	1961	
0.258669	0.409865	2129	
0.239238	0.417137	2272	
0.226306	0.395992	2063	
0.178436	0.398158	2149	
0.230868	0.480328	2454	
0.124819	0.354742	4855	
0.184230	0.534941	5483	
-0.008456	0.276488	5594	
0.297159	-0.406732	2486	
0.384621	0.196409	376	
-0.158808	0.683464	1122	
0.238825	0.632153	4449	
-0.721839	-0.206570	1009	
-0.074015	-0.715861	1116	
-0.012016	-0.745033	1416	
0.350020	-0.703694	299	
0.251017	-0.774695	3694	
-0.345174	-0.723561	1789	
-0.592907	-0.577652	5093	
-0.817772	0.226048	3188	
-0.254926	0.846969	5256	
0.824200	0.366320	3150	
0.240696	-0.890625	4761	
-0.940321	0.040786	435	
0.522513	0.810782	515	
0.113810	0.605438	520	
0.225924	0.585100	2225	
0.450041	0.403995	4424	
0.344223	0.198812	1313	
0.563256	-0.047819	1649	
0.029028	-0.324378	2825	
-0.514109	0.304586	1758	
0.048864	0.262463	1837	
0.134469	0.264020	3522	
0.163310	0.303122	3292	
0.203421	0.498084	4419	
0.172935	0.367962	1306	
0.236595	0.371241	2156	
0.238255	0.379301	2156	
0.195714	0.378825	2325	
0.162039	0.459881	2006	
0.252503	0.324258	1724	
0.252146	0.283154	3152	
0.046939	0.225127	1389	
-0.152164	-0.576072	2931	
0.354631	0.094639	1040	
0.228488	-0.451038	4257	
-0.502465	-0.435937	1564	
0.612235	0.351504	2093	
-0.182581	0.736093	649	
-0.412559	0.613499	1239	
-0.561545	0.497639	757	
-0.428488	0.654201	4835	
-0.186216	0.799073	4691	
0.346224	0.737230	2341	
0.790955	0.324348	1841	
0.580055	-0.635534	2655	
-0.431073	-0.770447	3771	
-0.817151	0.392287	2690	
0.693572	0.617157	5578	
0.215294	-0.928247	1567	
0.036939	0.611334	2901	
0.066935	0.614466	866	
0.113699	0.611383	520	
0.374813	0.501051	1568	
0.339423	0.185665	1675	
0.510863	-0.338067	2224	
-0.416271	-0.371129	1761	
0.224636	0.171014	787	
0.262880	0.259127	3389	
0.235788	0.514926	463	
0.279921	0.328800	1730	
0.153509	0.470426	4476	
0.152905	0.402538	5543	
0.153748	0.409703	2696	
0.171841	0.477246	5436	
0.272834	0.334578	1730	
0.336396	0.435285	647	
0.109879	0.529895	2588	
-0.279358	-0.052167	4548	
0.524593	-0.008810	1032	
0.418578	0.084478	405	
0.292817	-0.615983	4544	
-0.504011	-0.455907	1194	
0.473666	-0.517306	2609	
0.733478	0.006448	663	
0.755084	0.020136	422	
0.765297	-0.061738	2611	
0.736377	-0.272554	1935	
0.178367	-0.809071	2469	
-0.320531	-0.763240	2634	
-0.848733	0.068022	2459	
-0.256377	0.846250	5256	
0.875639	0.216986	3357	
-0.037173	-0.916001	3068	
-0.831104	0.434539	764	
0.758124	0.594664	1189	
-0.291791	-0.941173	3628	
0.494815	0.275120	4354	
0.506670	0.289174	1337	
0.379486	0.512446	1568	
0.187345	0.603356	2927	
0.432418	0.439235	5344	
0.354084	0.051723	976	
0.130733	-0.288315	3572	
-0.563544	0.146282	3197	
0.054847	0.246805	915	
0.122328	0.274027	5336	
0.104666	0.389799	2601	
0.245482	0.311133	2368	
0.317982	0.403052	602	
0.303125	0.360258	790	
0.155352	0.316264	2643	
0.285629	0.303001	1809	
0.093640	0.515084	2421	
-0.420198	0.031579	3750	
0.561587	-0.258816	1692	
0.393527	0.206214	365	
-0.154076	0.677895	3507	
0.074165	0.669281	825	
-0.716406	-0.224385	4749	
-0.255287	-0.669170	5034	
-0.454358	-0.575685	3636	
-0.276986	-0.704470	1226	
-0.689886	-0.391429	4861	
-0.801458	0.046586	4229	
-0.382272	0.740513	2652	
0.406203	0.735492	2685	
0.827500	-0.241768	3130	
-0.241438	-0.850222	3154	
-0.841110	0.337928	5591	
0.711870	0.595785	5354	
-0.000971	-0.949892	5166	
-0.727098	0.646153	1262	
0.238561	-0.477358	3909	
0.267196	-0.525495	2679	
0.538763	0.057509	5321	
0.512788	0.316740	1255	
0.266960	0.576211	2591	
0.427447	0.286027	2196	
0.586361	-0.134634	4867	
-0.355879	-0.483263	4467	
0.190413	0.555701	1863	
0.072253	0.277510	5266	
0.128702	0.271530	3522	
0.348063	0.413999	3519	
0.204740	0.520111	5673	
0.320003	0.331466	1027	
0.098852	0.498788	2789	
0.056128	0.213461	686	
-0.272314	-0.066532	5552	
0.572279	-0.230256	1798	
0.410111	0.234106	4530	
0.636927	0.110494	4936	
0.606774	-0.290087	2979	
-0.465207	0.513389	1023	
-0.688160	0.179060	2121	
-0.650498	0.330672	3337	
-0.630524	0.406387	1201	
-0.287432	0.749472	1130	
0.299545	0.730963	1725	
0.806116	0.218675	2738	
0.604251	-0.573650	3176	
-0.572765	-0.631565	3164	
-0.736374	0.472104	4573	
0.626935	0.641020	569	
0.225610	-0.893882	4277	
-0.884734	0.312458	5599	
0.750531	0.603805	1189	
-0.639182	0.044632	1613	
-0.520839	-0.247286	483	
0.618939	0.033487	1867	
0.470113	0.411098	2372	
0.432750	0.443774	5344	
0.338474	0.084134	2620	
0.189545	-0.307869	2015	
-0.276105	-0.047484	4548	
0.211644	0.127071	486	
0.096060	0.209731	415	
0.091353	0.252973	3761	
0.077743	0.270908	5266	
0.264871	0.238539	4081	
-0.029977	0.258554	1278	
-0.068928	-0.558673	3558	
0.478523	0.000600	3204	
0.408330	0.228219	4568	
0.636752	0.111008	4936	
0.234597	-0.687619	997	
0.118580	0.679039	2316	
-0.223117	0.726997	1660	
-0.038176	0.741973	2740	
0.154192	0.730311	3159	
0.642101	0.433571	355	
0.795720	0.003674	3918	
0.166812	-0.810339	2469	
-0.541166	-0.624716	2810	
-0.664844	0.523054	3527	
0.550775	0.669329	3250	
0.560400	-0.690485	547	
-0.867412	-0.294543	5080	
0.387645	0.844623	5721	
0.366172	-0.879844	728	
-0.851768	0.471747	1892	
0.074499	-0.562029	399	
0.406552	0.183097	5073	
0.389483	0.498013	1834	
0.404825	0.262714	3074	
0.569267	-0.048398	1649	
0.045145	-0.316150	5078	
-0.262254	-0.145560	3600	
-0.495624	0.331048	1355	
-0.242173	0.301705	3019	
-0.415724	0.031698	3750	
-0.294256	-0.530503	1257	
0.383637	-0.438220	458	
0.344986	0.146859	1217	
0.397945	0.118813	4531	
-0.162910	0.679218	1122	
0.622858	-0.251862	2557	
0.089352	0.683980	1182	
0.063045	0.706334	2110	
0.227464	0.688818	1443	
0.604664	0.444704	4102	
0.749475	-0.142758	3105	
0.473229	-0.631252	4877	
-0.613711	-0.517196	4717	
-0.704752	0.418654	2322	
0.308308	0.781724	3756	
0.724652	-0.462539	3067	
-0.599054	-0.646278	3982	
-0.398639	0.815476	3467	
0.859274	-0.332140	847	
-0.867908	-0.372270	5041	
0.457201	0.849008	2079	
-0.497847	-0.081318	3587	
0.594796	0.053809	4411	
0.491356	0.369490	2090	
0.475023	0.366454	2090	
0.334027	0.134318	1425	
0.581430	-0.072111	3617	
0.312839	-0.415285	2486	
0.177604	-0.305104	2015	
0.273726	-0.378469	3846	
0.587496	-0.159872	4867	
0.344434	0.102957	1623	
0.448053	0.271389	3231	
0.260368	-0.500186	5412	
0.328354	-0.577019	2017	
-0.029144	0.682375	1604	
-0.526780	0.449476	784	
-0.302586	0.685471	5667	
0.194077	0.698893	2518	
0.703288	0.325382	4590	
0.619246	-0.441065	1236	
-0.090547	-0.777058	3848	
-0.810171	-0.092904	1370	
-0.076303	0.825948	1974	
0.835750	0.172647	4605	
-0.089173	-0.852117	417	
-0.820925	0.303526	1115	
0.700079	0.559663	555	
-0.044653	-0.914791	3068	
-0.656930	0.666584	5608	
0.936460	-0.196343	464	
-0.240684	0.532072	853	
0.309366	-0.539721	1450	
0.448156	0.248394	2641	
0.471524	0.397895	2439	
0.471075	0.320062	320	
0.365757	0.213698	755	
0.338308	0.143651	1425	
0.344274	0.165428	1217	
0.406731	0.253086	4042	
0.461767	0.280395	438	
0.589366	0.046691	2686	
-0.160933	0.677069	1122	
-0.330909	-0.582440	4754	
-0.353277	-0.583377	2949	
-0.589521	-0.386530	574	
-0.713252	0.051302	302	
-0.157004	0.751498	4124	
0.554749	0.497887	871	
0.639640	-0.410911	1199	
-0.259896	-0.733290	1820	
-0.774171	0.188284	2814	
0.307256	0.753374	2356	
0.752697	-0.357160	2363	
-0.620335	-0.585025	4778	
-0.265116	0.842487	5227	
0.856618	-0.243328	3138	
-0.718372	-0.561590	4131	
0.337798	0.865528	5332	
0.172218	-0.935498	958	
-0.601454	0.762060	5055	
0.781928	-0.610353	4194	
-0.212287	0.466031	4012	
0.149792	-0.424145	5121	
0.438066	0.079126	5474	
0.465896	0.268706	345	
0.494257	0.315380	1412	
0.489913	0.310675	1334	
0.467962	0.279311	438	
0.394227	0.150344	377	
0.290551	-0.532500	1430	
-0.157880	0.683799	1122	
-0.656801	0.094245	1959	
-0.041610	0.684309	1604	
0.436273	0.532043	2056	
0.622879	-0.322919	397	
-0.055881	-0.717554	1559	
-0.709392	0.170095	3810	
0.019797	0.753792	2693	
0.766011	-0.048059	2611	
-0.012852	-0.787539	4506	
-0.782172	0.154314	3900	
0.421174	0.694979	1767	
0.589916	-0.587248	2820	
-0.842566	-0.193233	5105	
0.247025	0.832093	4097	
0.550535	-0.697870	772	
-0.901926	0.101572	4123	
0.887936	0.272357	929	
-0.647323	-0.686643	502	
0.341173	0.901953	4335	
-0.109431	0.465457	773	
-0.036912	-0.635194	2134	
0.258162	-0.503484	2679	
0.606509	-0.218693	1658	
0.540206	-0.354588	4932	
0.125322	-0.428062	1592	
-0.331102	0.546107	2172	
-0.153926	0.677226	3507	
-0.596091	-0.328384	5613	
0.359389	0.570981	2980	
0.659655	-0.182050	2569	
-0.505829	-0.476413	1290	
-0.482561	0.520131	2853	
0.671998	0.338493	3860	
-0.234264	-0.694893	1348	
-0.719502	0.211956	3182	
0.524106	0.556986	4035	
0.575504	-0.531260	3112	
-0.794497	-0.224793	3692	
0.242949	0.776668	2736	
0.614117	-0.561221	3176	
-0.853891	-0.089620	2937	
0.441258	0.745723	5006	
0.182857	-0.874929	5534	
-0.746422	0.510204	5440	
0.887474	-0.246652	4951	
-0.935682	-0.105605	425	
0.839760	0.467461	5164	
0.580009	0.114523	3705	
-0.464501	0.449743	2209	
-0.398405	0.502908	4136	
0.257453	-0.589102	3996	
-0.158050	0.675655	1122	
0.584556	0.321420	1253	
0.003729	-0.668539	4464	
-0.227781	0.697213	5498	
0.673258	-0.118436	1754	
-0.555693	-0.423084	990	
0.388799	0.587600	1141	
0.357928	-0.648465	3633	
-0.650241	0.328454	3337	
0.644098	0.398620	4092	
0.006798	-0.768107	2177	
-0.508251	0.581426	3260	
0.772652	0.265364	4112	
-0.477204	-0.641199	931	
-0.249267	0.801840	3695	
0.790553	-0.263152	726	
-0.818150	-0.281937	4608	
0.411866	0.762318	3047	
0.103950	-0.884865	3140	
-0.603705	0.672080	3049	
0.732033	-0.554843	2119	
-0.892755	0.285713	5462	
0.957400	-0.015487	565	
-0.155575	0.681536	3507	
-0.158496	0.683606	1122	
-0.288770	0.606279	306	
-0.665048	0.014878	2047	
0.323728	-0.604105	1309	
-0.634644	0.233925	2145	
0.648502	0.313730	2025	
-0.482293	-0.499635	1523	
0.443905	0.545761	2568	
0.010861	-0.727278	1240	
-0.331849	0.681708	5208	
0.453776	-0.587124	3147	
-0.740307	0.128098	2306	
0.689316	0.374204	3686	
-0.460974	-0.623896	722	
0.013729	0.797587	2971	
0.444788	-0.680700	1998	
-0.787514	0.228239	3120	
0.758606	0.382552	5343	
-0.510062	-0.681913	387	
0.143709	0.856715	2446	
0.270136	-0.853201	5255	
-0.631071	0.646092	533	
0.679095	-0.617714	2989	
-0.841742	0.410685	1219	
0.902378	-0.312261	5560	
0.917221	-0.380129	3703	
-0.162438	0.678265	1122	
0.179368	0.635888	3405	
0.280956	-0.654798	5089	
-0.669422	0.080367	2286	
0.490206	0.480386	4705	
-0.363802	-0.593141	4814	
0.183480	0.680065	4274	
0.137317	-0.743645	4473	
-0.323194	0.688486	4792	
0.083037	-0.754960	5740	
-0.511534	0.547602	3167	
0.687849	-0.323405	1709	
-0.706433	0.307336	1705	
0.796415	0.164476	2437	
-0.724543	-0.375641	1458	
0.616672	0.530269	2797	
-0.292867	-0.772530	2638	
0.061379	0.841284	4858	
0.138453	-0.855800	4453	
-0.453301	0.750266	3267	
0.654629	-0.599021	3137	
-0.800461	0.420307	3099	
0.771411	-0.498625	2730	
-0.855907	0.380228	5585	
0.874162	-0.382429	5581	
-0.872933	0.428504	1183	
-0.162861	0.680544	1122	
-0.650268	-0.282642	4009	
0.080513	0.666200	1182	
0.711767	0.214097	4773	
-0.313058	-0.621528	893	
-0.036112	0.720328	3339	
0.403235	-0.606335	3100	
-0.442144	0.583734	1326	
0.324932	-0.696066	5009	
-0.535605	0.522530	4000	
0.584656	-0.484048	1361	
-0.500055	0.587982	3847	
0.678098	-0.390397	1078	
-0.629890	0.481986	2345	
0.599895	-0.536400	3202	
-0.694293	0.432287	2633	
0.790786	-0.260335	726	
-0.813007	0.233976	3188	
0.837191	-0.197141	3945	
-0.875500	0.057841	2465	
0.892646	-0.022356	4997	
-0.907033	-0.081716	4365	
0.915241	-0.108036	5215	
-0.920040	0.180124	4948	
0.923762	-0.241968	5369	
-0.887588	0.397244	4515	
0.235236	-0.686573	997	
0.312173	-0.616346	3739	
0.310883	0.598473	4727	
0.654225	-0.198309	2057	
-0.359428	-0.595707	4814	
-0.090720	0.729541	5116	
0.581594	-0.420543	2451	
-0.698360	0.205786	4181	
0.666823	-0.314777	2336	
-0.728010	0.177345	4014	
0.739517	-0.177349	4026	
-0.625012	0.448186	1821	
0.679050	-0.388136	1078	
-0.462895	0.651322	5620	
0.256548	-0.788333	3694	
-0.199808	0.813568	3821	
0.177900	-0.828198	4470	
-0.022373	0.847142	4185	
-0.229729	-0.820842	3872	
0.238746	0.833279	4097	
-0.319981	-0.820795	3712	
0.483778	0.752800	883	
-0.538776	-0.734200	5682	
0.790506	0.482476	318	
-0.895373	-0.295284	4807	
0.949270	0.131064	5506	
-0.959343	0.166850	2512	
-0.244898	-0.650695	1208	
0.311903	-0.666560	4844	
0.724806	0.212794	1735	
-0.706979	-0.274859	4534	
0.597318	0.419787	3324	
-0.667423	-0.354012	5342	
0.517058	0.532602	2729	
-0.531395	-0.533734	3325	
0.623918	0.452187	601	
-0.788333	-0.105149	3282	
0.798775	0.118771	1717	
-0.724058	0.324438	1655	
0.433234	-0.688434	1998	
-0.189392	0.815334	3821	
-0.051953	-0.829021	4934	
0.388199	0.742454	2333	
-0.702204	-0.485988	3145	
0.832147	0.274305	4318	
-0.874247	0.066041	2965	
0.801463	-0.381703	5107	
-0.688863	0.582818	3213	
0.300926	-0.869845	3650	
0.064063	0.927576	1733	
-0.444471	-0.832347	762	
0.712450	0.644055	5437	
-0.930936	-0.296917	2339	
-0.735170	0.024702	4639	
-0.707997	-0.300665	2406	
-0.112896	-0.724660	3229	
0.562615	0.486902	871	
-0.766271	-0.055295	3732	
0.730364	-0.209225	3051	
-0.391894	0.679544	2422	
0.261678	-0.767752	4110	
0.228082	0.754080	2099	
-0.568733	-0.561367	3245	
0.807626	-0.064258	4756	
-0.649355	0.495332	2659	
0.336608	-0.776224	2450	
0.236803	0.804466	3746	
-0.728357	-0.449269	4429	
0.852225	-0.119302	5179	
-0.719789	0.492246	3711	
0.306974	-0.839451	3647	
0.216611	0.869933	2988	
-0.614037	-0.671371	4799	
0.921941	0.055167	4806	
-0.855449	0.379028	5368	
0.490625	-0.813922	505	
0.063521	0.962451	1435	
0.456567	0.611222	5155	
0.322353	0.692094	1451	
-0.353174	0.708087	4759	
-0.746286	-0.298014	1432	
0.650309	-0.431935	1726	
0.161673	0.771779	1977	
-0.692842	-0.418777	2787	
0.633962	-0.493449	2737	
-0.099288	0.823363	1974	
-0.468444	-0.677637	4734	
0.836668	-0.031482	3806	
-0.500959	0.682021	4935	
-0.283491	-0.802782	3735	
0.801249	0.348958	1860	
-0.778961	0.392616	3773	
0.199362	-0.870200	5539	
0.523621	0.724417	2727	
-0.885901	-0.221627	5522	
0.675474	-0.619638	2989	
-0.072506	0.928692	373	
-0.604368	-0.722495	5285	
0.936670	0.202409	5280	
-0.833302	0.497780	3187	
-0.530504	-0.595870	1994	
-0.423179	-0.676284	1978	
-0.069351	-0.799968	5048	
0.676762	-0.432549	2357	
0.444662	0.676814	1975	
-0.696338	0.425974	2322	
-0.128409	-0.816780	5649	
0.840218	0.030916	4287	
-0.324164	0.793400	4471	
-0.675066	-0.519076	3609	
0.717442	-0.468130	3067	
0.101529	0.861739	2461	
-0.831170	-0.309489	3485	
0.622699	-0.629686	2866	
0.307234	0.840452	4038	
-0.870903	-0.275395	5200	
0.579827	-0.709611	2122	
0.234673	0.897630	1971	
-0.911674	-0.234878	2083	
0.765065	-0.565101	3933	
0.013738	0.964548	2607	
-0.739316	-0.640474	1681	
0.755431	-0.343146	1764	
0.796030	-0.236655	2073	
0.825298	0.212691	4555	
0.385258	0.742285	2333	
-0.483516	0.694663	1241	
-0.837160	-0.208418	5105	
0.013165	-0.857644	1777	
0.859681	-0.053057	3594	
-0.052583	0.871485	4305	
-0.867490	-0.176057	4103	
0.290152	-0.844646	4374	
0.793037	0.418683	5512	
-0.640337	0.633850	344	
-0.487671	-0.767791	3195	
0.810511	-0.429139	494	
0.097388	0.923419	986	
-0.917260	-0.209685	5500	
0.595165	-0.739888	1751	
0.276426	0.922619	2168	
-0.972931	-0.045796	1489	
0.751580	0.434105	5072	
0.653003	0.564699	3363	
0.386662	0.772222	3726	
-0.078214	0.870248	3449	
-0.697137	0.520210	4177	
-0.799129	-0.378511	368	
-0.048619	-0.881168	1810	
0.829576	-0.312217	2733	
0.527701	0.719645	2727	
-0.737608	0.517625	5629	
-0.597385	-0.684435	5165	
0.564296	-0.721256	2252	
0.746094	0.544648	751	
-0.641270	0.676834	1805	
-0.649699	-0.680216	4649	
0.808786	-0.500108	4886	
0.183426	0.945716	1074	
0.226456	-0.958503	2280	
0.637390	0.623114	3228	
0.612733	0.647262	569	
0.428636	0.782571	733	
-0.003020	0.897899	5600	
-0.654976	0.617026	4377	
-0.906111	-0.039858	4965	
-0.502434	-0.756904	5719	
0.333910	-0.855809	3801	
0.900047	-0.180532	378	
0.479410	0.790153	279	
-0.689998	0.626805	297	
-0.793908	-0.503360	459	
0.388174	-0.865872	5307	
0.880859	0.376421	5114	
-0.250128	0.932822	5218	
-0.906335	-0.361219	3226	
0.915673	0.105305	737	
0.908038	0.166322	788	
0.819049	0.427425	5558	
0.629853	0.673943	543	
0.241769	0.892872	1080	
-0.439839	0.821577	3719	
-0.882583	0.304176	5599	
-0.802526	-0.488558	459	
-0.069194	-0.941423	335	
0.819583	-0.480525	5348	
0.754951	0.589248	1189	
-0.236305	0.936204	5218	
-0.972394	0.006605	4554	
-0.216597	-0.956466	1041	
0.566381	-0.758802	4250	
0.602301	-0.730904	1751	
0.727951	-0.607353	985	
0.883428	-0.349609	4809	
0.951424	0.069456	5197	
0.751621	0.592292	1189	
-0.398695	0.879258	2191	
-0.940902	0.235933	3123	
-0.735477	-0.641733	1681	
0.155289	-0.970659	1466	
0.765539	0.637560	1671	
-0.780536	-0.583124	4359	
-0.662100	-0.716542	3104	
-0.116371	-0.972970	4698	
0.343860	-0.921455	4996	
0.990143	-0.037662	2728	
