time = 11.75	Re = 10
-0.506892	0.479501	0	0
0.165099	-0.765937	1	0
0.680364	0.477529	2	0
-0.491715	0.745364	3	0
-0.928084	-0.194868	4	0
0.058868	-0.389870	0	1
0.068754	-0.559841	1	1
0.138635	-0.636940	2	1
0.614000	-0.183895	3	1
0.591503	-0.101226	4	1
0.521711	-0.098175	5	1
0.564432	-0.080467	6	1
-0.071552	0.718614	7	1
-0.657718	-0.305561	8	1
0.553691	-0.549237	9	1
0.502040	0.671120	10	1
-0.632205	0.633478	11	1
-0.880009	-0.353556	12	1
0.071698	-0.336225	0	2
0.087692	-0.590970	1	2
0.519665	-0.397217	2	2
0.570158	-0.142563	3	2
0.443291	-0.152275	4	2
0.340998	-0.191083	5	2
0.279270	-0.234190	6	2
0.254889	-0.230310	7	2
0.489415	-0.084481	8	2
-0.641629	0.264728	9	2
-0.193696	-0.727986	10	2
0.793000	-0.154417	11	2
0.233072	0.817928	12	2
-0.762735	0.473259	13	2
-0.802727	-0.504964	14	2
0.082545	-0.428791	0	3
0.319381	-0.565019	1	3
0.570845	-0.177756	2	3
0.441650	-0.180604	3	3
0.338096	-0.242974	4	3
0.286692	-0.323008	5	3
0.259134	-0.388204	6	3
0.217265	-0.391069	7	3
0.326614	-0.122629	8	3
-0.738276	0.076558	9	3
0.145677	-0.758479	10	3
0.800856	0.154438	11	3
-0.003798	0.863749	12	3
-0.845124	0.309379	13	3
-0.697677	-0.643615	14	3
0.088611	-0.445719	0	4
0.399942	-0.512765	1	4
0.549724	-0.195313	2	4
0.431645	-0.213463	3	4
0.357622	-0.281334	4	4
0.335772	-0.354929	5	4
0.327980	-0.417534	6	4
0.252329	-0.473175	7	4
0.238173	-0.190934	8	4
-0.749888	-0.044463	9	4
0.279562	-0.701154	10	4
0.741434	0.308540	11	4
-0.183055	0.838027	12	4
-0.888941	0.156113	13	4
-0.581759	-0.749396	14	4
0.090797	-0.388726	0	5
0.239148	-0.589807	1	5
0.553198	-0.270957	2	5
0.491803	-0.224435	3	5
0.427547	-0.266847	4	5
0.407040	-0.323652	5	5
0.401645	-0.388299	6	5
0.290648	-0.495415	7	5
0.223494	-0.199626	8	5
-0.692630	-0.177480	9	5
0.406427	-0.631926	10	5
0.667398	0.440855	11	5
-0.341724	0.780477	12	5
-0.905015	-0.030184	13	5
-0.439850	-0.840832	14	5
0.096308	-0.276249	0	6
0.111210	-0.532163	1	6
0.322551	-0.549992	2	6
0.517124	-0.347156	3	6
0.511446	-0.292549	4	6
0.482501	-0.321152	5	6
0.438124	-0.403972	6	6
0.247861	-0.524541	7	6
0.310021	-0.113967	8	6
-0.613686	-0.341254	9	6
0.526826	-0.536750	10	6
0.576559	0.554204	11	6
-0.473482	0.706446	12	6
-0.879278	-0.204016	13	6
-0.285912	-0.904910	14	6
0.166322	-0.148627	0	7
0.113302	-0.251128	1	7
0.110953	-0.395063	2	7
0.130480	-0.531301	3	7
0.194574	-0.573474	4	7
0.259823	-0.556154	5	7
0.230076	-0.551991	6	7
0.157808	-0.456372	7	7
0.706114	0.039692	8	7
-0.566339	-0.412927	9	7
0.543684	-0.512631	10	7
0.528114	0.595910	11	7
-0.556027	0.640886	12	7
-0.831460	-0.343930	13	7
-0.121906	-0.941675	14	7
0.293326	-0.063905	0	8
0.267648	-0.077537	1	8
0.241008	-0.102045	2	8
0.217425	-0.136272	3	8
0.205599	-0.162275	4	8
0.228777	-0.146947	5	8
0.588879	-0.066817	6	8
-0.698403	0.105982	7	8
0.193423	-0.713980	8	8
0.646115	0.442010	9	8
-0.532250	0.650706	10	8
-0.787309	-0.427572	11	8
0.040597	-0.948512	12	8
-0.505053	-0.479025	0	9
0.771600	0.150382	1	9
-0.470069	0.685497	2	9
-0.745541	-0.490885	3	9
0.195793	-0.928089	4	9
0.391154	0.059518	0	10
0.546975	0.066444	1	10
0.642729	0.123954	2	10
0.201273	0.609446	3	10
0.104304	0.588044	4	10
0.100280	0.519344	5	10
0.084013	0.546062	6	10
-0.734029	-0.011778	7	10
0.263339	-0.676309	8	10
0.564961	0.535157	9	10
-0.663682	0.510986	10	10
-0.634301	-0.631095	11	10
0.355032	-0.879603	12	10
0.336316	0.071559	0	11
0.590367	0.087211	1	11
0.411447	0.508308	2	11
0.144830	0.572677	3	11
0.151279	0.450269	4	11
0.188660	0.346713	5	11
0.233301	0.282325	6	11
0.232008	0.255787	7	11
0.088926	0.464357	8	11
-0.282633	-0.632518	9	11
0.719847	-0.210801	10	11
0.161421	0.790531	11	11
-0.816259	0.237672	12	11
-0.473889	-0.762482	13	11
0.506073	-0.802475	14	11
0.430458	0.082681	0	12
0.571240	0.305455	1	12
0.181768	0.572846	2	12
0.180705	0.446835	3	12
0.240870	0.342739	4	12
0.319417	0.289258	5	12
0.384878	0.259880	6	12
0.385744	0.217614	7	12
0.122679	0.327441	8	12
-0.070430	-0.740762	9	12
0.759254	0.147672	10	12
-0.156635	0.799563	11	12
-0.864077	-0.005033	12	12
-0.305377	-0.846857	13	12
0.646661	-0.695271	14	12
0.445855	0.088699	0	13
0.520793	0.386837	1	13
0.199460	0.551565	2	13
0.212382	0.437335	3	13
0.280020	0.360856	4	13
0.352500	0.336868	5	13
0.417372	0.325874	6	13
0.470554	0.248836	7	13
0.181836	0.245647	8	13
0.067720	-0.742420	9	13
0.694720	0.295201	10	13
-0.316766	0.737861	11	13
-0.836058	-0.192925	12	13
-0.148322	-0.890833	13	13
0.751490	-0.579063	14	13
0.386242	0.091246	0	14
0.592796	0.230078	1	14
0.280339	0.550571	2	14
0.225944	0.495726	3	14
0.267358	0.430306	4	14
0.323718	0.408751	5	14
0.391283	0.398878	6	14
0.496279	0.282512	7	14
0.188401	0.231796	8	14
0.189540	-0.686222	9	14
0.625397	0.416464	10	14
-0.442738	0.666730	11	14
-0.779995	-0.343179	12	14
0.030419	-0.904974	13	14
0.840844	-0.439775	14	14
0.274833	0.096550	0	15
0.530180	0.110936	1	15
0.555468	0.310187	2	15
0.357194	0.511375	3	15
0.298180	0.510554	4	15
0.325879	0.481228	5	15
0.409682	0.432467	6	15
0.523561	0.241085	7	15
0.112359	0.315118	8	15
0.349737	-0.609728	9	15
0.532337	0.530531	10	15
-0.552232	0.578974	11	15
-0.706593	-0.472591	12	15
0.204052	-0.879335	13	15
0.904747	-0.286211	14	15
0.145248	0.168882	0	16
0.250457	0.113548	1	16
0.392877	0.111354	2	16
0.529079	0.129951	3	16
0.573981	0.189315	4	16
0.557988	0.252325	5	16
0.551695	0.225634	6	16
0.452060	0.157698	7	16
-0.543592	0.375565	8	16
0.415109	-0.565685	9	16
0.508807	0.546715	10	16
-0.592822	0.531713	11	16
-0.641665	-0.554306	12	16
0.342858	-0.831842	13	16
0.941110	-0.124609	14	16
0.063945	0.296097	0	17
0.077264	0.269208	1	17
0.102923	0.240240	2	17
0.135442	0.218673	3	17
0.161592	0.206507	4	17
0.148027	0.228380	5	17
0.066271	0.587859	6	17
-0.099955	-0.702888	7	17
0.710118	0.206006	8	17
-0.442446	0.646416	9	17
-0.649737	-0.532648	10	17
0.425878	-0.788182	11	17
0.948447	0.037308	12	17
0.506897	-0.479496	0	18
-0.165101	0.765936	1	18
-0.680371	-0.477518	2	18
0.491713	-0.745365	3	18
0.928083	0.194878	4	18
