time = 109.75	Re = 90
-0.103394	-0.981996	1254	
0.002575	-0.987833	1050	
0.094788	-0.983444	2173	
-0.799885	-0.574788	2997	
-0.771876	-0.611807	2405	
-0.708224	-0.684171	4573	
-0.618296	-0.766736	4480	
-0.501532	-0.848213	3601	
-0.365484	-0.915170	662	
-0.086785	-0.983416	1254	
0.037297	-0.987028	1162	
0.218400	-0.963372	1183	
-0.889374	-0.267584	2262	
-0.879963	-0.297330	3051	
-0.853811	-0.366530	3065	
-0.799023	-0.474772	2501	
-0.707071	-0.603122	1993	
-0.544694	-0.753095	471	
-0.335508	-0.868509	2191	
-0.004496	-0.936110	1297	
-0.979065	-0.087778	3994	
-0.529478	-0.830720	1197	
-0.237496	-0.956945	1180	
0.171413	-0.972749	2197	
0.390179	-0.907074	1443	
0.679646	0.620087	2740	
0.678455	0.621190	2740	
0.491724	0.778281	526	
0.162200	0.910743	4814	
-0.355698	0.856039	942	
-0.719937	0.583032	2053	
-0.873983	0.307776	2163	
-0.926533	0.026053	3655	
-0.884900	-0.280172	2262	
-0.710490	-0.598544	1993	
-0.379709	-0.849474	1343	
0.128605	-0.927536	1440	
-0.665363	-0.725187	1871	
-0.199065	-0.965979	1180	
0.101467	-0.982335	2173	
0.285529	-0.945235	2370	
0.185303	0.856132	750	
0.194962	0.853428	750	
0.102741	0.873734	4337	
-0.090320	0.880075	3490	
-0.411404	0.778333	3259	
-0.725246	0.494761	4781	
-0.876532	0.059677	4940	
-0.696541	-0.542530	2440	
0.858341	-0.301092	4656	
-0.317738	0.870773	4603	
-0.874368	0.305832	2163	
-0.916586	-0.139535	4452	
-0.737427	-0.564805	1993	
-0.313815	-0.876201	4888	
0.494887	-0.792978	614	
-0.357909	-0.917716	727	
0.066978	-0.985180	1058	
0.312793	-0.936463	2018	
-0.745187	0.397665	2756	
-0.699009	0.474694	4781	
-0.764697	0.357955	3357	
-0.839330	0.091471	3220	
-0.803666	-0.267578	3107	
-0.217564	-0.832564	4854	
0.865392	0.060539	728	
0.627831	0.599951	427	
0.152364	0.863311	4032	
-0.557134	0.679095	4348	
-0.877842	-0.037594	3041	
-0.012315	-0.899086	1111	
-0.218723	0.900778	960	
-0.910747	0.169938	4638	
-0.857062	-0.356277	4272	
-0.476040	-0.798169	1351	
0.202832	-0.913586	2387	
-0.378552	-0.909248	1441	
0.122853	-0.979704	1532	
0.382624	-0.909986	1443	
-0.323994	0.750984	3581	
0.071557	0.814258	4816	
-0.280323	0.769691	4501	
-0.797515	-0.172493	734	
-0.123260	-0.823204	4030	
0.706842	-0.434827	2055	
0.705552	0.440062	1228	
0.125075	0.835346	3331	
-0.762386	0.361345	3357	
-0.556687	-0.643385	3404	
0.788838	0.360239	2502	
0.231596	0.841867	736	
-0.637555	0.603090	1072	
-0.793267	-0.383648	3425	
0.788175	0.467326	992	
-0.866834	0.325380	2163	
-0.870406	-0.321275	3577	
-0.456919	-0.809389	957	
0.325629	-0.876541	4141	
-0.219771	-0.960887	1180	
-0.561981	0.546607	3993	
-0.501027	0.605038	1827	
-0.561971	0.546497	3993	
-0.694945	0.358745	4657	
-0.779099	-0.050736	3618	
-0.148416	-0.782630	3713	
0.782053	-0.146004	4613	
0.509750	0.610688	2684	
-0.802192	-0.143473	3858	
0.787091	-0.261626	3319	
0.313776	0.772448	563	
-0.771397	0.340624	3945	
0.034716	-0.872041	849	
0.529840	0.687999	925	
-0.372769	0.797175	4418	
-0.865863	-0.150077	4469	
0.910879	-0.021706	3201	
-0.892015	0.248999	1133	
-0.814329	-0.445229	2561	
-0.243327	-0.898740	377	
-0.979885	0.053325	1959	
0.064552	-0.985083	1058	
0.653823	-0.354994	753	
0.628834	-0.398484	3096	
0.672951	-0.316229	3990	
0.721829	0.178205	2825	
0.153145	0.737611	1016	
-0.733272	0.171190	4070	
0.730978	0.255282	3119	
-0.430263	0.659812	3739	
-0.778233	-0.058394	3618	
0.554144	-0.573424	3903	
0.517598	0.603715	2684	
-0.431676	-0.693504	3874	
0.729553	0.397277	2164	
-0.418354	0.736073	3123	
-0.528387	-0.665015	2373	
0.554757	0.667613	834	
-0.417627	0.773375	3259	
-0.815311	-0.331349	4284	
0.265097	0.882693	2097	
-0.924942	-0.050776	4278	
-0.610672	-0.698808	1177	
0.167823	-0.920343	2387	
-0.199275	-0.965452	1180	
0.358304	-0.919607	2431	
-0.595977	0.398855	3311	
-0.539322	0.472874	3227	
-0.714009	0.059089	2750	
0.568701	-0.456367	4023	
0.400049	0.600910	739	
-0.681781	0.275674	4242	
0.119528	-0.764888	1169	
0.742016	0.025943	3173	
-0.609544	0.446704	3560	
0.771439	0.061501	3265	
-0.603112	0.499001	4186	
-0.511163	-0.590923	1685	
0.710702	0.356949	803	
-0.811553	-0.045478	3177	
0.790668	0.253565	3152	
-0.470841	0.702027	3394	
-0.255818	-0.816706	3070	
0.356664	0.792993	4300	
-0.733426	0.479676	3038	
-0.337583	-0.817615	4073	
-0.786249	0.487753	1738	
-0.811778	-0.449198	2194	
-0.151448	-0.920356	441	
-0.673743	-0.716365	1871	
0.568684	-0.806423	1732	
-0.415750	0.546951	2727	
-0.329472	0.605352	3296	
0.217297	-0.674857	1767	
-0.642942	0.288653	3989	
0.699885	0.119145	3185	
-0.104204	0.740053	1810	
-0.672906	-0.248624	3114	
0.645243	0.334154	3736	
-0.692268	0.246429	2621	
0.454316	-0.596467	1770	
0.492469	0.552276	835	
-0.326594	-0.680428	4388	
-0.426734	0.661889	3739	
-0.608819	-0.488447	4489	
0.679222	0.413202	3847	
-0.545365	-0.606847	2353	
0.581537	0.593013	4894	
-0.810795	0.228232	4889	
0.859264	0.112712	2757	
-0.224308	0.852431	2879	
-0.837659	-0.265931	3107	
0.087374	0.920381	791	
-0.898207	-0.228261	3812	
-0.379534	-0.848365	1343	
0.746194	-0.561753	1527	
0.208202	-0.964840	1183	
0.044954	0.691703	3996	
0.040324	0.698471	3996	
-0.218434	-0.628924	1150	
-0.608989	0.354418	2931	
0.648400	0.287994	3750	
-0.331140	0.643508	3643	
0.428705	-0.594858	2103	
-0.161863	0.742944	3951	
-0.098678	-0.751573	2974	
0.575247	0.466958	1660	
-0.219796	-0.727259	3840	
-0.577507	0.528588	3902	
-0.104657	-0.793966	2042	
0.383598	0.695925	1206	
0.534920	-0.634916	3389	
-0.129496	0.843257	690	
-0.486890	-0.693991	3769	
0.251235	0.834609	688	
-0.857247	0.181089	4508	
0.730201	-0.525820	4642	
-0.924663	-0.048826	4278	
-0.499808	-0.782117	1357	
0.493158	-0.792462	614	
0.177312	-0.970951	2197	
0.591076	-0.790067	2129	
0.195646	-0.087292	3091	
0.211429	-0.021862	2468	
0.044727	0.692010	3996	
0.053326	0.688773	620	
0.048488	0.701283	3996	
0.411092	-0.564635	1747	
-0.067214	-0.733360	1037	
0.022785	0.749296	604	
-0.299172	-0.643070	3734	
-0.091633	0.761412	2309	
0.237188	-0.725721	3781	
0.227751	0.705012	3085	
0.769080	0.077585	3108	
-0.774304	0.088191	3223	
0.794620	-0.010059	1898	
-0.747903	0.307615	4120	
0.489518	0.670945	3235	
-0.817784	-0.207681	734	
0.531965	0.685300	925	
-0.704784	0.520473	2434	
-0.050958	-0.892932	3556	
-0.921856	0.081063	732	
-0.546464	-0.749543	471	
0.437060	-0.825092	4846	
0.188790	-0.968724	1091	
0.672460	-0.022715	2236	
0.089786	-0.451284	3650	
0.092584	0.547003	829	
0.089722	0.476727	3657	
0.086289	-0.607917	349	
0.071184	-0.563554	3036	
0.047608	0.689339	3996	
0.520340	0.429654	794	
-0.667962	0.220061	2212	
0.054669	0.741801	1531	
0.311241	-0.670795	400	
-0.656306	0.330686	1409	
0.717684	-0.189050	3590	
-0.746453	0.091484	3129	
-0.415843	0.668872	3434	
-0.056575	-0.805207	4592	
0.125005	0.799734	4192	
0.819772	0.128471	1431	
-0.781194	0.313386	3945	
0.757970	0.419676	2164	
-0.560768	0.673623	4675	
-0.396150	-0.787307	4799	
-0.912433	0.154178	2165	
-0.541917	-0.752722	471	
0.471881	-0.805283	1663	
0.254151	-0.953486	1157	
0.661788	-0.731649	1873	
0.266216	0.589238	1462	
0.100797	0.579842	719	
0.112722	-0.483701	1974	
0.156694	0.578356	1250	
0.160009	0.246084	1165	
0.115993	0.449236	1280	
0.542586	-0.387334	348	
0.104559	0.291722	1749	
0.053251	0.695854	620	
0.161001	-0.669010	652	
-0.401012	-0.569736	601	
-0.440410	0.567353	2223	
0.550040	0.470799	1521	
-0.239472	-0.691299	3326	
0.276043	0.684487	4969	
0.508583	0.580628	3045	
-0.691500	-0.360509	4782	
0.422909	0.672089	1360	
0.745830	-0.358615	2404	
-0.614229	0.576308	4748	
0.865729	-0.007390	3118	
-0.500941	0.719522	3596	
-0.407893	-0.780798	4799	
-0.922500	0.071092	732	
-0.475355	-0.797150	1351	
0.601759	-0.713035	1876	
0.498068	0.443922	4693	
0.101433	0.326779	1314	
0.413905	-0.524081	1184	
0.264297	-0.080601	646	
0.156130	-0.462061	2210	
0.196951	-0.597127	4725	
0.241160	-0.596239	482	
0.157664	-0.548914	2132	
0.246969	-0.133256	805	
0.130344	-0.294594	2028	
0.045425	0.691418	3996	
-0.265707	-0.610455	2084	
0.465494	0.528095	1938	
0.066657	-0.758008	486	
-0.732685	0.025829	2098	
0.700235	0.244430	3117	
0.583436	-0.505397	4155	
-0.774418	-0.087717	3552	
0.601151	0.518816	2704	
0.629180	-0.538403	4542	
-0.557836	0.631444	3642	
0.858473	-0.107528	4170	
-0.558466	0.675078	4675	
-0.248188	-0.848890	407	
-0.919809	-0.102987	4802	
-0.334358	-0.866925	2191	
0.914846	-0.199126	2217	
0.487418	-0.857331	1233	
0.643921	-0.196049	1224	
0.102037	0.325111	1314	
0.280484	0.569117	1373	
0.178999	-0.309631	2933	
0.382989	-0.525457	4751	
0.489600	0.413195	4292	
0.276561	0.541164	1768	
0.227777	0.543278	2945	
0.271535	0.542761	1768	
0.597045	-0.260485	2892	
0.220284	-0.194850	3831	
0.088664	0.492948	4694	
0.052134	0.699045	514	
-0.319474	-0.614940	622	
-0.648474	0.298950	4242	
-0.336463	0.663919	3751	
0.741537	-0.015647	3514	
-0.469929	-0.586372	1685	
-0.778844	-0.016731	3011	
0.637157	0.474020	3268	
0.633480	-0.533051	3592	
-0.614373	0.575527	4748	
0.828178	0.250994	2836	
-0.687988	0.541257	2434	
0.384794	-0.808389	4605	
-0.870902	-0.316532	3577	
-0.115378	-0.925522	812	
-0.372744	-0.910652	662	
0.123316	-0.667325	1311	
0.096530	0.379927	2331	
0.260941	0.574514	1130	
0.169303	-0.354430	518	
0.598609	-0.251403	2892	
0.327066	0.526050	3172	
0.174888	0.459115	2723	
0.181943	0.352535	1404	
0.191557	0.311458	1934	
0.179297	0.351987	1404	
0.178251	0.509428	4244	
0.486457	-0.435976	1664	
0.116411	0.478005	1430	
0.051540	0.699552	514	
0.447418	0.520168	1943	
-0.409148	0.591300	1860	
0.131855	0.725411	1293	
0.725777	-0.153621	3667	
-0.513431	-0.548503	4217	
-0.776231	-0.066817	3618	
0.541024	0.580873	3045	
0.761940	-0.321655	2814	
-0.780456	0.313053	3945	
0.543895	0.675022	834	
-0.845638	0.224960	4684	
0.809352	0.419545	1505	
-0.752692	-0.541294	2126	
0.208124	-0.911120	4893	
0.146083	-0.975719	2197	
0.720337	-0.673513	4645	
0.071876	-0.605953	2953	
0.093422	0.461367	1339	
0.331241	0.550014	3217	
0.170572	-0.351604	518	
0.647338	-0.001044	1851	
0.239767	0.539375	847	
0.178946	0.385097	1002	
0.274706	0.163753	3030	
0.315201	0.064758	3659	
0.323541	0.020507	2907	
0.308129	0.070884	2287	
0.205284	0.269095	2230	
0.186502	0.523492	4380	
0.163027	-0.358805	2408	
0.154724	-0.185436	1713	
-0.114167	-0.670872	2871	
-0.247768	0.685932	4160	
0.210597	0.690592	4046	
0.734155	-0.105300	3754	
-0.322626	-0.678124	4388	
-0.749453	-0.213736	4372	
0.302967	0.734672	654	
0.801090	0.213361	733	
-0.821059	-0.188809	734	
0.183102	0.853645	750	
-0.840358	-0.251495	3517	
-0.636463	0.670221	4396	
-0.546389	-0.748771	471	
0.563890	-0.743034	4451	
0.073366	-0.540637	353	
0.166958	0.603207	1057	
0.467342	0.459390	3455	
0.176285	-0.327650	4500	
0.643543	0.067883	1743	
0.227757	0.535049	2945	
0.207547	0.298126	2258	
0.304481	0.110783	2307	
0.339449	-0.007148	3690	
0.342066	-0.077610	3910	
0.334832	-0.114827	1576	
0.328029	-0.113819	3916	
0.319686	0.010117	2036	
0.171301	0.371439	1585	
0.253345	-0.595718	482	
0.096512	0.576279	719	
-0.610774	-0.305339	2202	
-0.267273	0.676636	3782	
0.027084	0.763792	758	
0.732018	0.118501	2061	
0.748066	-0.181683	3053	
-0.577881	-0.521211	2826	
-0.120795	0.813607	369	
0.364492	0.746193	1566	
-0.460451	-0.707913	4133	
-0.326950	0.815315	4583	
-0.444975	-0.758439	838	
-0.914642	-0.140364	4452	
-0.188851	-0.911499	504	
-0.644835	-0.741649	1871	
0.680536	-0.713782	1873	
0.074820	-0.478678	381	
0.522524	0.412287	722	
0.626620	0.217460	2049	
0.187091	-0.292062	2397	
0.646648	-0.007980	1851	
0.245726	0.536624	847	
0.216978	0.283520	3591	
0.314320	0.104336	2307	
0.347463	-0.008616	3094	
0.348787	-0.071395	2576	
0.342266	-0.124446	3749	
0.332069	-0.165450	4681	
0.321557	-0.191119	4654	
0.316838	-0.133868	3900	
0.224378	0.227599	2176	
0.576460	-0.305662	3270	
0.163022	0.181227	1158	
-0.391486	-0.548064	4203	
-0.479119	0.532419	1672	
-0.495991	0.544803	2048	
0.569722	0.471413	1521	
0.163892	0.764298	1081	
0.291991	-0.748842	352	
-0.797228	0.119457	3190	
-0.367733	0.760780	1321	
0.823389	-0.258598	4041	
-0.756616	0.438240	3144	
0.810583	-0.384002	3228	
-0.719711	-0.583930	1993	
0.340197	-0.869429	4236	
0.334414	-0.927864	2431	
0.075776	-0.443627	2639	
0.592438	-0.313744	3270	
0.357395	-0.563051	4885	
0.207005	-0.242246	2858	
0.615281	-0.199082	907	
0.288768	0.532371	1393	
0.209027	0.308177	2258	
0.307719	0.127621	2851	
0.345096	0.025963	3407	
0.359320	-0.005813	4735	
0.366762	-0.017988	4826	
0.367616	-0.065459	367	
0.353939	-0.140888	4477	
0.314896	-0.223682	4526	
0.306846	-0.201595	2920	
0.264361	0.154451	1766	
0.613170	-0.222789	907	
0.462337	-0.490429	2175	
0.584631	0.368022	2893	
-0.702445	0.118722	3064	
-0.684650	-0.262339	3114	
-0.260053	0.721053	4772	
-0.684034	0.376012	3832	
0.716365	0.341402	3165	
0.737840	-0.371614	2404	
-0.838936	0.051350	3985	
0.180813	0.853907	3870	
-0.810897	-0.335173	4284	
-0.837076	0.390997	746	
-0.343601	-0.862500	2191	
0.860342	-0.360490	2416	
0.670829	-0.722783	1873	
0.869776	-0.465584	560	
0.085978	-0.280346	1840	
0.155450	-0.652714	931	
0.117057	-0.577581	1406	
0.245434	-0.157227	1476	
0.450795	-0.465670	546	
0.371166	0.500816	677	
0.198932	0.348115	1957	
0.292090	0.165443	3030	
0.337895	0.065598	3850	
0.351129	0.075416	4369	
0.350973	0.098831	4463	
0.359856	0.074036	4369	
0.372153	0.007889	3742	
0.366104	-0.112329	4601	
0.315518	-0.246304	1868	
0.297605	-0.236428	4018	
0.271302	0.139346	1049	
0.318032	-0.569416	3606	
0.072962	-0.435847	1052	
-0.507735	-0.480187	2737	
0.358145	-0.641675	2462	
0.286346	-0.702363	3904	
-0.667158	-0.345528	3686	
-0.710543	-0.319027	4494	
-0.028161	0.822084	3918	
0.297949	0.776059	1101	
-0.259655	-0.807933	3070	
-0.564279	0.668738	4675	
0.084979	-0.890720	4410	
-0.774505	-0.508790	1946	
0.276504	-0.892014	2823	
0.311564	-0.935681	2018	
0.106768	-0.222154	2472	
0.090320	-0.539712	353	
0.117998	-0.465013	393	
0.273739	0.010051	3050	
0.275518	-0.578436	2362	
0.500188	0.397167	3174	
0.189691	0.419445	1603	
0.270422	0.209488	3138	
0.324663	0.110163	3179	
0.333146	0.135297	3339	
0.321184	0.181920	3589	
0.310009	0.227344	4450	
0.326307	0.193409	4557	
0.362717	0.092810	4463	
0.372215	-0.090036	4256	
0.321650	-0.245937	1868	
0.290772	-0.254716	2041	
0.236985	0.201478	1633	
0.156693	-0.390423	1613	
0.049706	0.687643	3996	
0.266205	0.643918	3660	
0.179002	0.702903	4569	
0.664651	0.327075	3736	
0.252254	0.730438	3860	
0.514875	-0.605442	3103	
-0.117833	-0.819788	4030	
-0.695942	0.470542	3038	
0.381272	0.779114	4251	
-0.851942	-0.204444	2960	
-0.711130	0.589184	4290	
-0.335093	-0.865721	2191	
0.865756	-0.347028	4966	
0.719467	-0.674044	4645	
0.897148	-0.409885	4585	
0.151617	-0.165861	1263	
0.099955	-0.338448	1122	
0.136758	-0.304150	2377	
0.182997	0.219266	1650	
0.174904	-0.555168	4097	
0.624320	0.166071	4309	
0.197930	0.484402	433	
0.244236	0.261351	3327	
0.305733	0.157423	3285	
0.313428	0.183129	3589	
0.288848	0.265438	2603	
0.281245	0.315298	1043	
0.286710	0.332188	1214	
0.302186	0.273442	3009	
0.356146	0.121618	3032	
0.376299	-0.086429	4256	
0.312584	-0.273481	3213	
0.286899	-0.246662	1347	
0.169023	0.363719	1585	
0.573334	0.334390	2893	
-0.648866	-0.213915	2114	
-0.679883	0.213253	2662	
-0.612891	-0.400289	2655	
-0.605238	0.446406	3560	
-0.775759	-0.065486	3618	
0.235488	0.761615	3930	
0.549312	0.620222	4818	
-0.367228	-0.760484	4865	
-0.563144	0.669343	4675	
0.105369	-0.888037	4946	
-0.725826	-0.575879	1993	
0.389203	-0.847930	2677	
0.446650	-0.878945	4190	
0.214825	-0.016693	2468	
0.170828	-0.168647	1358	
0.233229	-0.091286	446	
0.128490	0.407969	2224	
0.172249	-0.373135	859	
0.644141	-0.041249	1698	
0.303005	0.525526	1393	
0.216691	0.325347	3075	
0.282609	0.205645	3678	
0.295753	0.219841	3892	
0.274152	0.310277	1136	
0.283426	0.386925	542	
0.341010	0.409301	1519	
0.336933	0.404606	1983	
0.300636	0.356681	825	
0.354307	0.141799	3498	
0.365556	-0.143318	4518	
0.287736	-0.316913	3922	
0.297944	-0.174573	3289	
0.506598	0.401003	4292	
0.149913	0.169402	752	
0.089631	-0.738593	416	
0.679234	0.252644	3117	
0.736855	0.080867	3080	
0.721126	0.271303	2497	
0.290112	-0.748862	3884	
-0.366842	-0.725159	4011	
-0.727989	0.417847	2756	
0.273262	0.825409	4231	
-0.797474	-0.364657	3425	
-0.891700	0.242767	1133	
-0.162357	-0.916537	441	
-0.796111	-0.574762	2997	
0.809463	-0.563653	2752	
0.067572	0.340408	2895	
0.225146	0.024756	3598	
0.112540	0.283502	1212	
0.657445	0.086550	1906	
0.220563	-0.218802	4935	
0.574683	-0.293429	3361	
0.456462	0.437977	3455	
0.197486	0.413350	1619	
0.258969	0.253657	3641	
0.280452	0.249153	2603	
0.266655	0.340674	4378	
0.301362	0.416478	844	
0.426214	0.372192	4019	
0.414881	0.378232	4019	
0.363856	0.399986	1481	
0.303160	0.361534	930	
0.372289	0.085292	4563	
0.348101	-0.208774	1786	
0.280953	-0.326353	3922	
0.286676	0.099405	1363	
0.179237	-0.281201	2436	
0.044694	0.692098	3996	
-0.558100	0.445621	3795	
-0.697323	-0.224519	3674	
-0.546610	0.517146	3287	
-0.766234	-0.137996	4150	
0.101769	0.804741	4173	
0.295491	0.776579	1101	
-0.067353	-0.857685	1216	
-0.740357	0.463648	3360	
0.799918	-0.399903	3211	
-0.551372	-0.744190	471	
0.625516	-0.690635	4442	
0.658888	-0.733400	1873	
0.064893	0.424113	676	
0.097043	0.256315	3564	
0.103716	0.566237	949	
0.426863	-0.509954	475	
0.275080	0.010644	3050	
0.203067	-0.579365	3743	
0.618957	0.177644	4309	
0.210031	0.491236	433	
0.229583	0.317940	3636	
0.268284	0.262520	3110	
0.261028	0.344876	2172	
0.299355	0.425426	844	
0.482252	0.316234	3854	
0.517390	0.254933	3283	
0.505103	0.268623	3283	
0.379070	0.389971	2461	
0.303524	0.328149	930	
0.385872	-0.027991	1188	
0.316313	-0.292395	3324	
0.272078	-0.281554	2886	
0.162880	0.450188	1535	
0.131351	-0.658716	1787	
-0.364234	-0.589667	1194	
0.653823	0.311631	3750	
0.702711	0.234904	3162	
0.306498	0.706799	1718	
0.709706	-0.349897	2930	
0.592402	-0.575425	566	
-0.836331	-0.082083	3084	
-0.168144	0.864246	3845	
-0.487399	-0.729542	3585	
-0.837987	-0.394122	2901	
0.217247	-0.908154	4893	
0.342634	-0.924440	2431	
0.065257	0.556945	3865	
0.088450	0.590390	667	
0.114281	-0.651386	4376	
0.147738	-0.275843	4768	
0.131246	0.397004	4744	
0.176282	-0.375368	859	
0.603931	-0.226327	904	
0.381492	0.490512	4837	
0.210989	0.391673	2277	
0.247910	0.287611	4214	
0.257657	0.354601	2094	
0.307598	0.432479	1277	
0.514201	0.270067	3283	
0.555187	0.155974	4482	
0.557298	0.123154	4806	
0.515881	0.241821	3728	
0.365460	0.389188	1481	
0.327460	0.240182	3458	
0.365039	-0.168170	2168	
0.277361	-0.356539	3471	
0.308703	0.008211	2036	
0.165664	-0.326961	4900	
-0.118820	-0.631696	2112	
-0.682237	0.203661	2662	
-0.388838	-0.615389	2523	
-0.696038	-0.282818	3694	
-0.605448	-0.487492	4489	
-0.451509	0.669367	3333	
-0.425345	0.726915	3123	
0.807476	0.306873	4467	
-0.867063	-0.117634	4469	
-0.681418	0.622494	2636	
-0.200688	-0.907916	504	
0.917831	0.184477	2973	
0.842678	-0.512433	574	
0.604307	-0.299012	3270	
0.084234	-0.310799	1026	
0.203692	-0.114586	3086	
0.103404	0.337878	4867	
0.570156	-0.338907	2500	
0.275676	-0.054410	1333	
0.373658	-0.522903	4648	
0.595512	0.239552	2040	
0.214156	0.485372	889	
0.231613	0.336986	3537	
0.252380	0.350049	2172	
0.307865	0.436000	1277	
0.523703	0.254317	3283	
0.569122	0.080945	1925	
0.563833	0.009724	1129	
0.557753	0.088526	1925	
0.493880	0.275539	2916	
0.313331	0.366872	1350	
0.387940	0.022363	3423	
0.315611	-0.307671	3873	
0.264394	-0.307792	3439	
0.202096	0.542807	3849	
0.095627	0.613882	1657	
0.644712	0.294103	3750	
-0.137142	0.748219	3300	
0.282409	0.680122	4864	
-0.726942	0.279999	2980	
0.417931	0.673286	1360	
0.604236	0.565643	3513	
-0.246814	-0.810525	2661	
-0.723930	0.488415	4781	
0.738767	-0.498711	4420	
-0.492935	-0.784468	1357	
0.697080	-0.617860	389	
0.745450	-0.645016	1892	
0.112349	-0.199324	2670	
0.064817	0.432839	676	
0.079198	0.443561	529	
0.168635	-0.649140	1944	
0.150862	-0.270713	2815	
0.133051	0.393625	4744	
0.174492	-0.404869	1581	
0.601028	-0.231720	3472	
0.321860	0.511069	2421	
0.217697	0.402201	2277	
0.244253	0.357763	4305	
0.290602	0.436377	844	
0.515750	0.272912	3283	
0.573538	0.048804	1017	
0.554395	-0.071065	2693	
0.556274	-0.019297	1239	
0.549474	0.123959	4806	
0.411749	0.361987	4062	
0.327333	0.243654	3937	
0.357802	-0.201176	1786	
0.273036	-0.378437	3974	
0.288798	0.088951	1821	
0.120560	0.542272	2189	
0.681536	0.117124	3185	
0.000748	-0.758653	1438	
0.730658	-0.124916	3093	
0.679922	0.360729	4027	
0.626534	-0.482928	4674	
0.574780	-0.592430	3226	
-0.817880	-0.194103	734	
-0.315455	0.818780	616	
-0.262439	-0.841230	3707	
-0.728998	-0.571069	1993	
0.440224	-0.821801	4846	
0.576609	-0.799441	1732	
0.939281	-0.302235	3060	
0.040513	0.700177	3996	
0.064544	-0.585232	3237	
0.210992	-0.052874	2435	
0.144053	0.184010	1327	
0.108070	0.574988	949	
0.428035	-0.508803	475	
0.278287	-0.012631	4302	
0.386886	-0.513090	4607	
0.591965	0.245637	1956	
0.221977	0.470445	977	
0.229230	0.367517	2959	
0.274253	0.433819	1377	
0.469010	0.346488	4324	
0.575107	0.003255	1129	
0.541206	-0.123900	382	
0.537870	-0.094549	366	
0.550041	0.002781	465	
0.512183	0.234771	3728	
0.316995	0.353663	930	
0.392236	-0.048429	898	
0.301040	-0.355001	4630	
0.270329	-0.249294	3281	
0.382123	-0.531444	4955	
0.052349	0.698804	620	
-0.646955	0.299110	4242	
-0.380631	-0.619853	1470	
-0.627097	-0.411996	3619	
-0.463526	-0.622637	1869	
-0.631973	0.495978	4186	
-0.666137	0.509511	1908	
0.280223	0.822313	4231	
-0.720400	-0.499644	1659	
-0.915361	-0.127715	4802	
0.132663	-0.924175	1440	
0.245122	-0.954742	1157	
0.925587	-0.341392	2536	
0.100660	-0.244009	4757	
0.136734	-0.225451	3039	
0.244683	-0.051346	2205	
0.131709	0.478041	1817	
0.175770	-0.414600	1399	
0.627620	-0.136999	1682	
0.279645	0.514080	997	
0.225813	0.409714	1589	
0.266350	0.430874	1548	
0.429114	0.391027	4019	
0.577719	0.016094	1129	
0.529377	-0.157355	354	
0.517997	-0.136736	4432	
0.536994	-0.045651	2909	
0.545035	0.108765	4056	
0.386221	0.370926	3047	
0.363150	0.153388	3406	
0.326354	-0.295728	3324	
0.258721	-0.369577	2364	
0.162858	0.404137	770	
0.574742	0.346465	2893	
0.263464	0.644763	3885	
-0.575291	0.455897	3836	
-0.223014	0.734739	4299	
-0.743844	-0.229172	4372	
-0.170661	0.801796	2627	
-0.130510	0.840216	690	
0.720733	-0.468494	3558	
-0.873282	-0.035711	3041	
-0.609056	0.692843	4803	
-0.126587	-0.922354	812	
0.862027	0.368905	373	
0.065149	-0.569052	3872	
0.593559	-0.315978	3270	
0.663986	0.081933	1906	
0.272067	-0.605507	3243	
0.278376	-0.040589	1333	
0.419989	-0.487448	3888	
0.465610	0.421146	3445	
0.230043	0.451937	2498	
0.258334	0.432385	1548	
0.426816	0.394440	4019	
0.578585	-0.000853	1129	
0.520474	-0.179660	951	
0.505271	-0.158215	4432	
0.532540	-0.049054	2909	
0.543979	0.041485	371	
0.462707	0.307657	4562	
0.326336	0.258583	3937	
0.360022	-0.210410	3610	
0.271418	-0.408377	3571	
0.276195	0.117521	1888	
0.108151	-0.531850	740	
-0.661461	-0.232173	2544	
0.414972	0.586702	739	
0.466600	0.570504	1208	
-0.664770	0.407660	3942	
0.430351	0.664735	1360	
0.555858	0.612888	4818	
-0.108809	-0.848265	638	
-0.805562	0.335520	4068	
0.893596	0.096742	379	
-0.311337	-0.873823	4888	
0.846571	-0.388369	2359	
0.869257	-0.465448	560	
0.974800	-0.154250	3363	
0.638750	0.215120	2049	
0.113504	0.225226	1755	
0.245991	0.019552	4322	
0.143185	0.341676	1555	
0.210203	-0.567468	4199	
0.635161	0.086628	1906	
0.249882	0.491100	1722	
0.252435	0.439341	1548	
0.414936	0.405822	3444	
0.578404	-0.015140	1493	
0.510542	-0.200604	2935	
0.493422	-0.172960	527	
0.521421	-0.078760	3675	
0.539939	0.047090	371	
0.514384	0.212895	3574	
0.320238	0.338513	930	
0.384811	-0.127107	2052	
0.289308	-0.409644	4042	
0.301634	-0.108775	2660	
0.256399	-0.088921	437	
0.381302	-0.582872	632	
0.161891	-0.731669	1022	
0.721928	0.167318	385	
0.211444	0.745065	1413	
0.790949	0.020122	2897	
0.825447	-0.009159	2852	
-0.509817	-0.669516	2373	
-0.654548	0.577695	4829	
0.438901	-0.773978	3676	
-0.453936	-0.807727	957	
0.746135	-0.557299	4556	
0.086163	-0.319463	2281	
0.621740	0.246248	2049	
0.504366	0.417087	4292	
0.190312	-0.333017	4596	
0.619349	-0.165888	2183	
0.298157	0.503778	2107	
0.240745	0.442983	1419	
0.400613	0.418866	3056	
0.578277	-0.021757	1493	
0.502630	-0.215876	3387	
0.483480	-0.180801	527	
0.522801	-0.049893	2909	
0.516101	0.162146	3914	
0.527635	0.158564	4482	
0.345154	0.367050	1261	
0.397760	0.016715	3423	
0.304940	-0.379827	555	
0.254749	-0.293829	3439	
0.217711	-0.605093	1008	
-0.061036	-0.683032	2709	
-0.650180	-0.289185	2590	
0.516334	-0.537772	2530	
0.726121	-0.244167	3083	
0.520339	-0.597596	3103	
0.569544	-0.596429	3898	
-0.775488	-0.324305	3496	
-0.467341	0.739101	4103	
0.020815	-0.891201	3947	
-0.564582	-0.733262	629	
0.652793	-0.663967	2047	
0.777957	-0.605867	3120	
0.976485	-0.142670	3057	
0.637820	-0.218116	907	
0.129665	-0.242941	2439	
0.140252	-0.611768	663	
0.274285	-0.085791	646	
0.503192	-0.399266	664	
0.381173	0.478576	4891	
0.246872	0.464351	2046	
0.407199	0.415900	3444	
0.578082	-0.030317	1493	
0.493651	-0.232532	3155	
0.476914	-0.177340	771	
0.529273	0.009826	490	
0.454305	0.273268	2083	
0.515852	0.184106	3834	
0.374014	0.365321	3047	
0.385186	0.090016	4563	
0.314491	-0.357534	4630	
0.245202	-0.366442	2364	
0.653303	-0.027019	1698	
0.051840	0.699313	514	
-0.703894	0.100701	3064	
-0.050421	-0.764405	1931	
-0.365685	-0.650710	1470	
-0.037432	-0.804471	4061	
-0.509694	-0.628307	2876	
-0.838204	0.005593	3897	
-0.301974	0.823492	616	
-0.276848	-0.834869	3707	
-0.646638	-0.662018	3346	
0.579028	-0.729474	4274	
0.729437	-0.662331	3630	
0.087409	0.318071	3861	
0.195048	-0.188374	2265	
0.253636	0.106303	938	
0.360743	-0.528245	4648	
0.437744	0.440296	3529	
0.260318	0.476495	1780	
0.404656	0.420511	3056	
0.575785	-0.054888	2693	
0.481186	-0.244894	2417	
0.475375	-0.159736	771	
0.529420	0.079693	4174	
0.402982	0.284884	1910	
0.464516	0.265967	1951	
0.387932	0.359668	3047	
0.377718	0.116748	3344	
0.319764	-0.341733	4788	
0.251349	-0.405821	2319	
0.280837	0.548920	1373	
0.050056	0.687202	3996	
-0.600523	0.384818	3311	
-0.347857	-0.637395	1849	
-0.511853	-0.546096	4217	
-0.256622	-0.734566	3962	
-0.785538	0.155857	2658	
-0.817364	0.180767	4413	
-0.170293	0.862962	3845	
-0.418412	-0.769979	4718	
-0.706845	-0.597260	1993	
0.518435	-0.773649	922	
0.696703	-0.696756	4645	
0.105506	0.606311	1657	
0.249212	-0.003594	3759	
0.198315	0.207320	1650	
0.303617	-0.557372	3191	
0.474983	0.406218	3174	
0.275293	0.482472	1780	
0.439410	0.392944	2888	
0.567433	-0.101236	382	
0.467814	-0.254883	2417	
0.471940	-0.146945	771	
0.525462	0.104675	4056	
0.403581	0.236377	2188	
0.394474	0.296612	1624	
0.416270	0.338597	4112	
0.372297	0.138906	2902	
0.329101	-0.320582	586	
0.255479	-0.428514	3044	
0.165183	0.498777	4905	
0.053530	0.694838	620	
-0.483872	0.527169	1672	
-0.505622	-0.524998	819	
-0.610065	-0.435281	3206	
-0.351869	-0.690838	2140	
-0.736531	0.315766	2999	
-0.794480	0.262977	4633	
-0.091456	0.875572	3490	
-0.477275	-0.734216	3585	
-0.754150	-0.536402	2126	
0.488953	-0.792509	614	
0.676966	-0.715895	1873	
0.980371	-0.111436	3057	
0.161180	-0.145270	2057	
0.209345	0.601851	1247	
0.245771	0.031599	3613	
0.194399	0.214288	1650	
0.296315	-0.559936	3191	
0.491974	0.387671	3174	
0.289369	0.484010	1924	
0.490956	0.336979	3761	
0.550306	-0.160508	356	
0.453467	-0.258483	3691	
0.479374	-0.134147	4102	
0.446263	0.267885	1951	
0.434496	0.143159	2571	
0.389673	0.275035	1536	
0.425831	0.327376	3506	
0.367793	0.156273	3406	
0.330167	-0.321636	586	
0.258272	-0.440009	1204	
0.161542	0.403363	2145	
0.048010	0.688889	3996	
-0.444687	0.562449	2223	
-0.544642	-0.485025	2327	
-0.642572	-0.386405	3619	
-0.363945	-0.684398	2140	
-0.731959	0.326312	2999	
-0.794025	0.263808	4633	
-0.086619	0.875965	3490	
-0.479841	-0.732388	3585	
-0.754289	-0.536034	2126	
0.501894	-0.784270	614	
0.684816	-0.708307	3612	
0.082891	0.556975	4712	
0.226691	-0.126067	607	
0.242163	0.133018	2471	
0.357222	-0.528109	4648	
0.472000	0.406257	2785	
0.306742	0.478970	1490	
0.541172	0.254956	2918	
0.528291	-0.211572	2935	
0.447555	-0.240723	2096	
0.480464	-0.102384	3180	
0.420041	0.280747	1588	
0.472393	0.052472	2751	
0.423890	0.160301	2295	
0.419443	0.330111	3506	
0.374132	0.139535	2902	
0.329028	-0.331045	586	
0.258363	-0.446430	1204	
0.159516	0.449463	1535	
0.040808	0.700299	3996	
-0.519346	0.490730	2822	
-0.467602	-0.558187	4937	
-0.574639	-0.480036	2767	
-0.307895	-0.712086	571	
-0.757179	0.260599	3156	
-0.809954	0.209371	3952	
-0.162610	0.864302	3845	
-0.423001	-0.766879	4718	
-0.711133	-0.591802	1993	
0.546725	-0.753709	4727	
0.722205	-0.669952	3630	
0.984814	-0.059903	1960	
0.168217	0.157279	2392	
0.127174	-0.541975	1319	
0.264208	-0.138996	991	
0.497283	-0.402923	664	
0.438354	0.430494	3413	
0.376447	0.448797	3666	
0.580092	0.139939	4809	
0.486878	-0.269528	2721	
0.443552	-0.225739	3336	
0.515376	-0.045144	3671	
0.433482	0.157413	2571	
0.500527	0.068532	4310	
0.447219	0.100190	1675	
0.402250	0.338857	3506	
0.384575	0.108026	4739	
0.325902	-0.351306	2039	
0.255065	-0.447117	1204	
0.193663	0.547092	2149	
0.044242	0.701723	3996	
-0.652530	0.285753	4242	
-0.257030	-0.679002	2558	
-0.430493	-0.610505	2713	
-0.165633	-0.768521	4614	
-0.799352	0.044616	3665	
-0.833342	0.076040	4094	
-0.308015	0.820754	616	
-0.294686	-0.827372	4187	
-0.615439	-0.690551	1177	
0.617964	-0.695998	1876	
0.772140	-0.612672	2308	
0.068052	0.424641	676	
0.150053	-0.648890	931	
0.617132	0.232154	2049	
0.193060	-0.350763	1202	
0.589603	-0.246115	2892	
0.410053	0.446722	3529	
0.440490	0.399598	2785	
0.587953	-0.024397	1708	
0.450182	-0.288349	4259	
0.455179	-0.145046	2025	
0.519083	0.119305	3766	
0.478099	0.076304	2751	
0.497672	0.081277	4168	
0.454087	0.079749	2342	
0.380669	0.344716	2423	
0.401065	0.026812	3365	
0.319965	-0.386572	548	
0.246308	-0.437192	3052	
0.556468	0.337800	2634	
0.052659	0.697861	620	
-0.706429	-0.079915	2011	
0.167992	-0.747187	1972	
-0.024268	-0.784727	1478	
0.155480	-0.792605	4058	
-0.374825	-0.716284	3788	
-0.823601	-0.156788	3858	
-0.472845	0.734759	4095	
-0.072715	-0.883989	3556	
-0.503300	-0.776548	1357	
0.711838	-0.599381	1527	
0.831824	-0.528804	1998	
0.576217	0.341627	2893	
0.126541	0.262776	1631	
0.140329	0.377866	4939	
0.202610	-0.551852	4225	
0.619937	0.134588	2237	
0.394912	0.451455	3230	
0.528378	0.288790	3280	
0.534687	-0.203840	2935	
0.434632	-0.262564	3691	
0.467803	-0.104854	2070	
0.444771	0.266223	1951	
0.475339	0.087506	2342	
0.499243	0.095141	3563	
0.438829	0.115702	2667	
0.343847	0.332396	984	
0.406244	-0.025889	898	
0.321368	-0.416572	1545	
0.234619	-0.400073	1564	
0.406051	-0.515088	4751	
-0.057689	-0.688785	552	
-0.516482	-0.484548	2204	
0.675287	-0.305224	3990	
0.762901	0.073305	3072	
0.681981	-0.395249	735	
0.720516	-0.395882	1837	
-0.672933	-0.502980	1285	
-0.645202	0.586801	4902	
0.314036	-0.831721	2341	
-0.359485	-0.853921	2191	
0.799360	-0.476487	2272	
0.894723	-0.413160	4585	
0.984509	0.062016	4338	
0.106284	-0.349464	1405	
0.127456	-0.555873	1452	
0.275541	-0.103591	1514	
0.386402	-0.505894	4607	
0.540805	0.314640	2181	
0.428774	0.418497	3413	
0.590548	0.091682	3722	
0.477716	-0.290236	4825	
0.435768	-0.206740	3336	
0.491195	-0.074325	3770	
0.432109	0.171583	1097	
0.480684	0.102029	2777	
0.498160	0.125437	3766	
0.412663	0.173995	3507	
0.340178	0.297174	550	
0.399596	-0.125687	2261	
0.323327	-0.442073	3518	
0.244784	-0.301778	3274	
0.198339	-0.227757	2288	
0.563874	-0.399677	2899	
0.585788	-0.426144	4023	
0.580805	0.455937	1660	
-0.210099	0.768798	4857	
0.713600	0.339778	4460	
0.770820	0.294089	2486	
-0.283829	-0.794143	3905	
-0.799751	0.345714	3945	
0.734218	-0.497915	4420	
-0.184910	-0.910251	441	
0.878029	-0.309955	4758	
0.065599	-0.568764	3872	
0.081613	0.421988	435	
0.193032	0.158941	1134	
0.136997	0.467577	1508	
0.187219	-0.491510	4233	
0.618583	-0.143757	2183	
0.476853	0.385830	3174	
0.517048	0.311926	2551	
0.574276	-0.117618	1533	
0.429384	-0.297100	1033	
0.451851	-0.109745	2070	
0.522789	0.066604	4174	
0.445378	0.157983	1739	
0.462714	0.175283	2389	
0.500115	0.146646	3320	
0.384325	0.305386	1912	
0.360201	0.209709	4578	
0.354995	-0.278225	3946	
0.313037	-0.477251	2380	
0.299471	-0.098846	2184	
0.120145	-0.629951	2066	
-0.459490	-0.521545	4791	
0.071088	0.749882	978	
0.189501	0.716181	1451	
-0.775268	0.048629	3493	
0.092290	0.805452	4173	
0.268209	0.785002	4390	
0.265434	-0.817165	4912	
-0.871464	0.023308	3822	
0.720479	0.542225	1401	
0.027331	-0.931859	3947	
0.929869	-0.067593	1104	
0.973154	-0.160833	3363	
0.067915	-0.469178	3293	
0.596094	0.307263	3304	
0.658865	0.114127	2613	
0.628931	-0.197533	907	
0.278487	-0.095724	1514	
0.307604	-0.548735	3188	
0.605754	0.176598	4309	
0.462496	0.396444	2785	
0.591035	0.109051	3722	
0.482027	-0.287488	4825	
0.425877	-0.235122	3012	
0.463186	-0.063316	2141	
0.450953	0.257467	1746	
0.451148	0.152310	1739	
0.469445	0.201198	2390	
0.496847	-0.005204	3932	
0.375416	0.325162	2803	
0.402905	0.051483	2593	
0.332620	-0.367124	2971	
0.285712	-0.483041	2380	
0.225419	0.205672	1557	
0.072075	0.431521	435	
-0.137403	0.728550	3300	
-0.730183	0.002425	2369	
-0.612362	0.430946	3560	
-0.521872	-0.573573	2354	
-0.558357	0.577288	3367	
-0.525002	0.653333	867	
0.858566	-0.047496	4230	
-0.779735	-0.395693	1886	
-0.868341	0.308421	2163	
0.278494	-0.889378	2823	
0.528446	0.778105	606	
0.985588	-0.039928	1960	
0.053737	0.689809	620	
0.068752	-0.431798	1052	
0.258609	-0.626197	1302	
0.100405	-0.603762	1575	
0.134993	-0.402574	1707	
0.143979	0.361600	4266	
0.187696	-0.480789	3543	
0.589258	-0.235170	3472	
0.541242	0.303300	3280	
0.543333	0.271572	3321	
0.583419	-0.097054	700	
0.425067	-0.318543	2086	
0.435558	-0.164831	2446	
0.489749	-0.067613	3770	
0.426692	0.198705	1097	
0.441263	0.210337	1605	
0.479035	0.191692	2877	
0.440139	0.100010	2667	
0.350063	0.261573	3747	
0.405366	-0.101578	1083	
0.338235	-0.430923	1791	
0.233415	-0.441370	3052	
0.652290	-0.056908	1073	
0.043443	0.701757	3996	
-0.681785	-0.201476	3512	
0.165062	-0.747441	1972	
-0.226811	-0.713973	2809	
0.014681	-0.808083	3572	
-0.799457	0.025744	3509	
-0.830025	0.096575	3220	
-0.232109	0.846326	2879	
-0.412532	-0.771680	4799	
-0.752959	-0.536755	2126	
0.549594	-0.750864	4451	
0.667982	-0.723648	1873	
0.983816	0.069085	4338	
0.131769	0.170115	2152	
0.209634	-0.070029	714	
0.231999	-0.011848	748	
0.148485	0.224983	3448	
0.484027	0.435492	4693	
0.255602	-0.176723	1807	
0.290501	-0.553406	2337	
0.625543	0.079124	1622	
0.520564	0.328176	2181	
0.596021	0.094052	1895	
0.486942	-0.287494	4825	
0.415963	-0.257952	3954	
0.451733	-0.028441	2170	
0.518470	0.017286	490	
0.428436	0.219562	1621	
0.448823	0.232907	1621	
0.513645	0.037905	4115	
0.371183	0.282204	1536	
0.389272	0.124938	3344	
0.348116	-0.315721	417	
0.340480	-0.475157	3889	
0.272474	-0.194404	2947	
0.129803	0.301758	1954	
0.215598	0.637050	1568	
0.720619	-0.047353	3882	
0.513264	0.529033	1726	
-0.097822	0.796995	4014	
0.770391	0.173165	530	
0.822069	0.045523	3153	
-0.558975	-0.626251	3404	
-0.718719	0.492395	4781	
0.283171	-0.842370	3944	
-0.350005	-0.857513	2191	
0.785267	-0.498777	2272	
0.895847	-0.410089	4585	
0.973733	0.157935	3844	
0.070687	-0.372738	1602	
0.609264	-0.283030	3774	
0.190573	-0.641934	2376	
0.131624	-0.436122	2311	
0.149756	0.333606	1262	
0.188433	-0.458997	3772	
0.547937	-0.318447	2607	
0.589073	0.204289	1967	
0.573787	0.205942	1967	
0.578921	-0.123954	1793	
0.424105	-0.332467	2086	
0.428933	-0.173553	3105	
0.454341	-0.004588	2279	
0.518923	0.037581	350	
0.425630	0.236949	2188	
0.504795	0.146747	3320	
0.449746	0.063879	1673	
0.362139	0.227312	886	
0.405937	-0.106341	2261	
0.339914	-0.420187	1791	
0.276735	-0.493060	1436	
0.181299	0.296051	1611	
0.070155	-0.579534	4234	
-0.126824	0.732040	2464	
-0.693713	0.228778	3001	
-0.441386	0.609816	2010	
-0.657583	-0.413200	3762	
-0.309064	0.750347	3142	
-0.038064	0.847666	4264	
0.412894	-0.748504	3508	
-0.869603	-0.062649	3446	
0.887116	0.095737	379	
0.018935	-0.931711	1297	
0.917513	-0.161871	1236	
0.447767	-0.507994	475	
0.082628	0.421822	435	
0.103061	0.432945	1190	
0.642881	0.141783	2669	
0.283430	-0.083835	646	
0.233756	-0.556840	4134	
0.624497	-0.086394	1703	
0.573999	0.232116	1324	
0.601346	0.051619	1662	
0.510253	-0.271328	2425	
0.405503	-0.296364	795	
0.436924	-0.108126	1593	
0.453192	0.028932	2735	
0.513672	0.009999	3938	
0.517443	0.043047	350	
0.467205	0.020268	2735	
0.366060	0.273925	1536	
0.408295	0.051519	2593	
0.347589	-0.334106	586	
0.373050	-0.454533	3242	
0.234502	-0.308390	3274	
0.146104	-0.446791	2491	
0.110805	0.644368	2058	
-0.479312	-0.519347	819	
0.455503	-0.590608	1770	
-0.127134	-0.753568	2856	
0.069939	-0.806242	2588	
-0.797340	0.058922	3665	
-0.814070	0.185026	4413	
0.162990	0.855591	4032	
-0.554723	-0.675164	3393	
-0.921695	0.017628	3655	
0.397555	-0.841730	4898	
0.555612	0.756231	4237	
0.985154	0.044329	4338	
0.068387	0.496418	4858	
0.231527	0.016257	3338	
0.231442	0.091303	499	
0.165735	0.551887	2880	
0.202080	-0.349074	1371	
0.331351	-0.533685	4175	
0.622964	0.051139	915	
0.586935	0.179562	4686	
0.587554	-0.103619	1525	
0.435321	-0.332817	1947	
0.412093	-0.229284	3325	
0.440410	-0.023227	1538	
0.436019	0.086363	1675	
0.477208	-0.034059	2582	
0.463291	0.014699	2279	
0.370555	0.260109	1536	
0.395812	0.120508	3344	
0.392595	-0.193388	2218	
0.359789	-0.428979	3242	
0.279467	-0.498663	1386	
0.213166	0.225837	1825	
0.098729	-0.305197	4312	
0.598662	0.375102	2966	
-0.219543	0.716865	3701	
0.117157	0.746709	742	
-0.720554	0.292548	2629	
0.539488	0.576295	3045	
0.746667	0.348647	3165	
-0.436686	-0.716671	3874	
-0.755031	0.433318	3144	
0.228092	-0.859218	4534	
-0.401000	-0.834320	2703	
0.731278	-0.574338	1527	
0.078127	0.284543	460	
0.138449	-0.239183	2439	
0.145735	-0.335443	2335	
0.140677	0.411121	770	
0.192408	-0.414865	1684	
0.499485	-0.387679	664	
0.615099	0.087543	1622	
0.604492	0.066456	1662	
0.546143	-0.220756	3593	
0.404777	-0.336727	1933	
0.417194	-0.189167	3105	
0.435840	0.006057	890	
0.418824	0.121696	1870	
0.411173	0.149676	2295	
0.382528	0.214102	1407	
0.402022	0.106443	4001	
0.399377	-0.163418	706	
0.349845	-0.403749	1877	
0.365744	-0.469897	3374	
0.258307	-0.229245	3631	
0.190863	-0.240986	3195	
-0.170151	0.670846	1115	
-0.497510	-0.502123	637	
0.215410	-0.729193	2557	
-0.345861	-0.659945	4597	
-0.209843	-0.751467	4137	
-0.708118	0.373835	4657	
-0.587951	0.595102	3169	
0.772780	-0.364847	2872	
-0.830082	-0.269744	3107	
0.805953	0.391693	2942	
0.100060	-0.926685	1440	
0.922125	-0.132411	1236	
0.976550	-0.136722	3057	
0.151494	0.159944	644	
0.101997	-0.511231	1187	
0.142037	-0.585179	4172	
0.201304	0.218040	1650	
0.193242	-0.470482	3772	
0.567599	-0.272720	3250	
0.614426	0.077720	1622	
0.603987	-0.019797	1559	
0.510837	-0.283393	2849	
0.394919	-0.329810	1232	
0.417043	-0.176166	1491	
0.432146	-0.014470	626	
0.417865	0.086034	2022	
0.412569	0.086047	4815	
0.417472	0.038868	3365	
0.397003	-0.179584	1491	
0.350842	-0.388292	1826	
0.404944	-0.433672	3530	
0.226990	-0.457910	420	
0.411615	0.490330	3731	
0.046971	0.689801	3996	
-0.134962	0.729194	3300	
-0.460117	0.572840	3149	
0.037001	0.772668	774	
-0.667745	0.400012	4417	
0.713321	0.337029	4460	
0.818619	-0.070372	2495	
-0.710539	-0.444615	2166	
-0.589966	0.641528	4689	
-0.207103	-0.854485	4774	
-0.769940	-0.511118	1946	
0.554409	-0.746595	4451	
-0.757846	-0.618651	2405	
0.199866	0.087828	3818	
0.100939	-0.570620	3702	
0.291228	-0.590403	2362	
0.261512	0.110526	762	
0.203178	-0.514445	4221	
0.569919	-0.265862	3361	
0.617113	0.040123	915	
0.594881	-0.092104	700	
0.488444	-0.314918	447	
0.390201	-0.326661	368	
0.405819	-0.212792	4747	
0.427017	-0.089203	1710	
0.426983	-0.038499	989	
0.420207	-0.082614	1710	
0.390215	-0.218158	4663	
0.356150	-0.391755	1877	
0.412358	-0.420842	3519	
0.268433	-0.508687	1386	
0.261061	0.137230	899	
0.163689	-0.210051	2821	
-0.416240	0.563300	2727	
0.038656	-0.755547	1292	
0.660707	-0.333346	3756	
-0.102819	-0.762464	2443	
-0.103678	-0.787452	2042	
-0.731803	0.323577	2999	
-0.572579	0.609756	3358	
0.614933	-0.589133	566	
-0.860927	-0.135825	4469	
0.847458	-0.260237	4812	
-0.030710	-0.930478	1141	
0.883392	-0.292346	4628	
0.945203	-0.279201	2615	
0.213534	-0.059177	2388	
0.115403	-0.640015	4376	
0.438626	-0.492881	414	
0.285582	0.034485	1107	
0.207825	-0.521576	4221	
0.571871	-0.257731	3361	
0.617610	-0.008327	1559	
0.587858	-0.128815	1793	
0.483968	-0.322895	447	
0.393881	-0.345834	1232	
0.383897	-0.290052	3866	
0.391832	-0.239634	2975	
0.387263	-0.243425	2975	
0.375488	-0.294320	3866	
0.371471	-0.404143	1920	
0.429328	-0.408456	3519	
0.305679	-0.505551	3031	
0.300388	-0.040231	2067	
0.153953	0.237688	3210	
0.101706	0.649380	1445	
-0.639677	-0.307772	2590	
-0.506799	-0.521362	819	
-0.565261	0.490716	3765	
-0.733299	-0.256311	4139	
0.320747	0.721612	2730	
0.766517	0.299842	2486	
-0.625910	-0.557678	4936	
-0.606368	0.625622	4612	
-0.235893	-0.845580	407	
-0.869236	-0.310778	3577	
0.510836	-0.776803	922	
0.833528	0.418836	1505	
0.979735	0.108632	2078	
0.907171	0.389033	1961	
0.164168	-0.163131	1980	
0.193824	-0.640481	2376	
0.503096	-0.425764	1664	
0.288004	0.024457	1107	
0.206131	-0.512857	439	
0.546056	-0.307947	2607	
0.613656	-0.067594	933	
0.587278	-0.140551	1793	
0.505113	-0.303325	447	
0.426031	-0.375841	2712	
0.385584	-0.375134	2248	
0.374700	-0.372014	1819	
0.378028	-0.396112	2248	
0.414676	-0.403971	3519	
0.461411	-0.387208	1680	
0.307435	-0.507723	3031	
0.292194	-0.109686	2184	
0.164549	-0.310699	584	
0.053878	0.691988	620	
-0.579029	0.416195	3767	
-0.550246	0.482736	3836	
0.147947	0.732884	1016	
0.223758	0.735989	3584	
0.505777	-0.605302	3103	
-0.796278	-0.070602	2914	
-0.776770	0.304374	4120	
0.814430	-0.257935	4041	
-0.832477	-0.259898	3517	
0.876465	-0.139533	855	
0.018892	-0.931137	1297	
0.885305	-0.286163	4628	
0.942755	-0.287085	2615	
0.133833	-0.206047	4753	
0.274412	-0.613470	2412	
0.496694	-0.433075	1664	
0.281366	0.058316	1200	
0.201723	-0.485257	383	
0.480459	-0.403720	4458	
0.600167	-0.145461	2503	
0.591213	-0.145627	1793	
0.541891	-0.252955	3366	
0.490205	-0.329826	543	
0.448996	-0.370645	3189	
0.454070	-0.372855	3189	
0.474794	-0.360806	3192	
0.456683	-0.404013	724	
0.259924	-0.517696	1070	
0.299066	-0.052151	2067	
0.154166	-0.359154	1992	
0.041716	0.701342	3996	
-0.073980	0.745650	939	
0.139970	0.716329	1852	
0.662736	0.327683	3736	
0.086153	-0.781734	1146	
-0.100391	-0.788231	2042	
-0.604649	0.525871	3680	
0.081478	0.837259	3956	
-0.068608	-0.851716	1216	
-0.790057	0.363972	3357	
0.050884	-0.887234	1185	
-0.671278	-0.634496	860	
0.615461	-0.696275	1876	
0.758917	0.543024	2101	
0.972736	0.161465	3844	
0.885086	0.436427	3768	
0.124477	-0.221765	2855	
0.212493	-0.635312	1069	
0.393541	-0.528376	4751	
0.247364	0.145072	1766	
0.200308	-0.419222	1411	
0.378292	-0.495367	4558	
0.552808	-0.282177	3250	
0.581916	-0.201191	512	
0.577344	-0.200356	512	
0.542433	-0.269418	3250	
0.530394	-0.294680	3408	
0.496727	-0.357717	3192	
0.388881	-0.470746	3465	
0.218426	-0.453374	420	
0.276973	0.098024	1363	
0.249736	0.058327	741	
0.047045	0.701598	3996	
0.177727	0.677422	1099	
0.567244	0.443272	1660	
0.683790	-0.280945	2146	
-0.511261	-0.542627	4217	
-0.444345	-0.633726	4267	
0.012405	0.817487	3848	
0.798469	0.196906	733	
-0.740391	-0.390111	1234	
-0.130998	0.868571	3269	
-0.597498	-0.636210	1862	
0.316518	0.848988	2275	
0.260390	-0.893926	2006	
0.926509	-0.093778	1104	
0.973983	-0.151909	3363	
0.143926	-0.193062	1714	
0.115419	-0.638152	1587	
0.204073	-0.614535	4227	
0.168163	0.295681	830	
0.222659	-0.288989	3255	
0.215142	-0.519759	439	
0.395048	-0.480945	3465	
0.487792	-0.383189	1062	
0.494955	-0.370536	1062	
0.462484	-0.408621	724	
0.375147	-0.484390	3829	
0.231962	-0.506678	1291	
0.255041	-0.224317	1127	
0.342060	0.531842	3172	
0.155719	-0.642442	931	
0.047654	0.689195	3996	
-0.236212	0.689902	4160	
0.567245	0.443044	1660	
0.581438	-0.458816	4023	
-0.727149	-0.168192	3059	
-0.677810	-0.378048	4909	
0.657505	0.433965	4201	
-0.362230	-0.716070	4011	
-0.832288	0.049634	3985	
0.828477	-0.206387	4953	
-0.845051	-0.211861	4655	
0.718215	-0.513931	4642	
-0.145542	-0.917012	467	
0.793961	-0.482745	2272	
0.422334	-0.888543	4293	
0.944830	0.284400	1700	
0.217383	-0.047661	2388	
0.103257	-0.495762	1974	
0.138723	-0.479711	764	
0.195229	0.561977	2227	
0.281293	-0.132813	2246	
0.211816	-0.348082	1371	
0.204857	-0.458623	641	
0.226660	-0.514061	1291	
0.221463	-0.500354	1291	
0.209779	-0.395162	1139	
0.262513	-0.198692	2148	
0.158869	0.353115	1425	
0.145042	-0.430675	4422	
0.116575	0.202895	681	
0.024143	-0.725082	873	
-0.668481	0.243777	1930	
0.145642	0.713152	3699	
0.663524	-0.325536	3756	
-0.740784	-0.083845	3687	
-0.744236	-0.220811	4372	
0.783354	0.069923	3108	
-0.766679	-0.226446	905	
-0.734893	0.394430	2756	
0.531015	-0.663648	613	
-0.858615	0.137478	3480	
0.204718	-0.863897	4741	
-0.718921	-0.579456	1993	
0.588331	-0.719116	1876	
0.891742	0.270121	985	
0.114347	0.202450	687	
0.113647	-0.352080	1405	
0.250685	-0.080636	437	
0.653134	-0.064635	1073	
0.146683	0.448940	1535	
0.268979	0.109766	1888	
0.292885	-0.087426	2616	
0.296115	-0.067381	2117	
0.221558	0.202136	1557	
0.318062	0.542646	2515	
0.142327	-0.474678	522	
0.186188	0.143970	851	
0.053732	0.689849	620	
-0.360691	-0.586588	1194	
-0.489249	-0.508859	637	
-0.569387	0.458530	3836	
0.706239	0.217970	3162	
-0.645312	-0.373991	3719	
-0.719597	-0.290420	3697	
0.782352	-0.071245	2437	
-0.786615	-0.140847	4241	
-0.582324	0.598955	3169	
0.248463	-0.820179	4912	
-0.792709	0.356974	3357	
-0.181791	-0.860143	3959	
-0.838212	0.376252	746	
0.396963	-0.840925	4898	
0.930507	-0.032299	877	
0.975794	-0.138476	3057	
0.883189	0.439682	3768	
0.070443	0.450449	4973	
0.142388	0.198212	884	
0.452302	0.478021	515	
0.230242	-0.141314	3778	
0.167094	-0.606365	1711	
0.379186	-0.536728	4955	
0.230394	-0.607896	415	
0.149683	-0.375956	2330	
0.229071	0.586750	749	
0.088907	-0.646129	1492	
0.044838	0.691882	3996	
0.119546	0.676151	2137	
-0.638719	0.314718	807	
0.278636	-0.678697	3904	
-0.487674	-0.537974	819	
0.148937	0.732073	1016	
-0.026957	-0.781937	1478	
-0.542422	-0.552581	2354	
0.757591	0.210304	391	
-0.778096	-0.181994	4336	
-0.524932	0.650792	867	
0.051400	-0.857568	849	
-0.733250	0.467244	3038	
-0.403948	-0.773865	4799	
0.546982	0.711938	925	
0.223674	-0.903633	3307	
0.893285	-0.258661	4559	
0.789979	-0.587414	3120	
0.067995	-0.638317	4076	
0.083264	-0.569568	3036	
0.106196	0.262760	1590	
0.126569	-0.289117	4679	
0.130350	-0.277130	4602	
0.086454	0.420365	1306	
0.086190	0.258508	1803	
0.049061	0.687974	3996	
0.052477	0.698384	620	
-0.426364	0.552805	2727	
-0.507165	0.502837	2019	
-0.136298	-0.702256	945	
-0.597364	0.419908	3767	
0.635549	-0.376439	3096	
-0.475369	0.579825	3149	
0.705223	-0.277174	2385	
-0.146670	-0.773104	3713	
0.465395	0.634931	2253	
-0.718210	-0.350345	4782	
-0.644956	0.529322	4848	
0.110487	-0.852168	4964	
-0.722071	0.484360	4781	
-0.483524	-0.725842	3585	
0.843833	0.280939	4124	
0.097463	-0.926013	2320	
0.837747	-0.401144	4093	
0.298889	0.888661	1093	
0.938563	0.303985	1221	
0.066261	0.582146	3238	
0.064771	0.413757	378	
0.011454	0.700068	3804	
0.040422	0.697983	3996	
0.040794	0.697650	3996	
0.588884	0.330217	2594	
0.188686	0.643155	777	
0.613351	-0.351430	3276	
-0.709946	-0.016284	1990	
0.022454	-0.754094	4506	
-0.456583	0.573521	3149	
0.265663	-0.706108	3906	
-0.069427	0.774666	853	
-0.463407	-0.581208	4937	
-0.761387	0.146053	2658	
0.352641	-0.710803	1668	
-0.405272	0.696093	3434	
0.133536	-0.821198	4472	
-0.800896	0.228441	4889	
0.382483	-0.761933	2829	
-0.776992	0.389172	3565	
-0.449963	-0.746986	838	
0.871836	0.166371	1842	
0.047137	-0.929649	1063	
0.807963	-0.457762	3838	
0.759645	0.540442	2101	
0.052801	0.688312	620	
0.053959	0.691834	620	
0.078492	-0.691046	4965	
0.356516	0.574605	4164	
0.532941	-0.467232	2848	
-0.670411	0.237191	1930	
-0.309474	-0.627020	3734	
0.568769	-0.442486	4023	
-0.699580	0.202046	3001	
0.377274	-0.644331	2462	
0.098707	0.753441	875	
-0.743418	-0.029418	3011	
0.440093	0.620906	959	
-0.178372	-0.761697	4240	
0.781606	0.076793	3108	
-0.791211	0.102879	3223	
0.561376	0.600235	4894	
-0.797958	-0.243110	893	
0.693322	-0.487913	2424	
-0.846664	0.195069	4684	
-0.297752	-0.822330	4187	
0.819577	0.345031	986	
0.081259	-0.927300	1063	
0.807321	-0.458649	3838	
0.807148	0.465367	992	
0.964620	0.201726	4672	
0.798471	0.579667	2998	
0.053041	0.688559	620	
0.041618	-0.720627	698	
0.702494	0.068072	2919	
-0.620052	-0.343451	2605	
0.214742	-0.704298	1455	
-0.289676	0.681894	4091	
-0.453193	-0.565102	1504	
0.710899	-0.194911	3590	
-0.238796	0.725034	4599	
-0.730636	-0.141752	3663	
0.756079	0.066579	3072	
-0.418955	-0.649512	1679	
0.623974	-0.474830	4674	
-0.492213	0.633568	2091	
-0.583088	-0.544866	3298	
-0.475076	0.688324	4265	
-0.486610	-0.679548	3769	
0.831588	0.201425	733	
-0.862358	-0.112487	4469	
0.037412	-0.886351	1185	
0.387092	0.811441	469	
0.221181	-0.903845	3307	
0.841656	-0.392102	2359	
0.786502	0.499483	4250	
0.962935	0.209275	3830	
0.045152	0.691685	3996	
0.518972	-0.452271	2026	
-0.683023	0.196122	2662	
0.275530	-0.677401	3541	
-0.671106	0.282468	4242	
0.303193	-0.686732	502	
0.393757	0.618535	754	
-0.575518	0.475548	3765	
-0.280979	-0.686306	4411	
-0.011919	0.798688	2609	
-0.287011	-0.718505	3717	
0.625607	-0.472267	4674	
-0.234659	0.778177	3126	
-0.729765	-0.323850	4494	
0.333881	0.752813	2286	
-0.808136	-0.204367	1005	
0.462285	-0.713355	3980	
-0.610542	0.619437	4612	
-0.716956	-0.495248	1659	
0.475522	-0.743605	4734	
-0.909854	0.127333	947	
0.412307	-0.832700	4846	
0.892993	-0.257486	4559	
0.690862	0.626238	2740	
0.948357	0.270057	2063	
0.764904	0.623458	1889	
0.437344	-0.533778	1184	
0.116757	0.674893	2137	
0.698177	-0.098655	2516	
-0.190808	-0.675292	450	
-0.535501	0.495372	2822	
0.554736	-0.488194	4254	
-0.261362	0.714938	4107	
-0.729339	-0.145953	3663	
0.583705	-0.481904	4155	
-0.758313	-0.159949	4150	
0.240958	-0.762687	4140	
0.766183	-0.158482	4537	
-0.535720	0.595070	2951	
-0.692860	-0.396368	635	
0.479609	0.666614	3235	
-0.830791	0.047834	3985	
-0.149697	-0.832726	3975	
0.799577	0.302836	2882	
-0.867523	-0.049252	3240	
-0.296543	-0.822114	4187	
0.854564	-0.219576	4361	
-0.507924	-0.770300	1357	
0.615663	-0.694425	1876	
0.929226	-0.043867	3201	
0.033038	0.940790	691	
0.912507	0.374337	1961	
0.565181	-0.443270	4023	
0.193045	0.689389	1989	
-0.650727	-0.324318	3686	
0.729529	-0.097609	3754	
-0.536928	0.519071	3287	
-0.233692	-0.705435	3326	
-0.187343	0.770910	4916	
-0.150084	-0.770943	3713	
0.618393	-0.481011	3895	
0.375915	0.689227	1206	
-0.787635	0.122049	2585	
-0.482300	-0.634171	2753	
0.164473	0.815016	3864	
-0.827245	-0.093418	3084	
-0.155132	-0.830955	3975	
0.850522	-0.007805	2852	
-0.856137	0.143921	3151	
-0.588051	-0.641770	3913	
0.488578	-0.734118	4734	
-0.067339	0.909661	3198	
0.264476	-0.891527	2006	
0.802145	-0.466412	2272	
0.895845	0.252367	985	
0.902938	-0.390624	3652	
0.686818	0.708572	1991	
-0.632368	0.394370	4329	
-0.743085	-0.004981	2369	
-0.136823	-0.744841	2850	
0.496984	0.572036	835	
-0.338935	-0.693655	4597	
0.592893	-0.512448	2883	
0.574737	0.532820	2250	
-0.726765	0.328872	2999	
-0.617814	-0.503791	4489	
0.703964	0.418287	1228	
-0.661812	0.505463	1378	
-0.657609	-0.512498	4732	
0.314457	-0.792825	3628	
0.799029	0.299928	2882	
-0.862301	0.099338	3220	
-0.612258	-0.618423	1862	
0.347159	-0.812625	3345	
0.810131	0.360775	2942	
-0.271329	-0.883777	4915	
0.660131	-0.651811	2047	
0.924506	-0.099350	1104	
0.723329	0.587357	1367	
0.967375	0.186382	4672	
0.762883	0.625560	1889	
0.555509	-0.553592	3926	
0.683989	-0.378486	735	
0.772783	0.122247	4443	
-0.153347	0.800718	493	
-0.796071	-0.035305	3618	
-0.486835	-0.630058	2753	
0.571047	0.587087	3692	
-0.675463	0.486445	1378	
-0.697387	-0.455872	1285	
-0.032544	-0.852912	1120	
0.821816	-0.203396	4953	
-0.391265	0.778793	2093	
-0.847387	-0.192254	2960	
-0.471220	-0.731406	3585	
0.444186	-0.762164	3545	
0.838738	0.283236	4124	
-0.538487	-0.748105	471	
0.571511	-0.730999	4274	
0.887375	-0.273658	4559	
0.856215	0.365361	373	
0.820283	-0.542749	1998	
0.858262	0.485435	3049	
0.507474	-0.635923	2584	
0.714319	0.396899	803	
0.038221	0.839725	4765	
-0.727860	0.401382	2756	
-0.760751	-0.338036	3496	
-0.344754	-0.759714	3528	
0.466052	-0.708614	4734	
0.847267	0.024874	3153	
-0.411809	0.767279	3259	
-0.853742	-0.159417	3533	
-0.584751	-0.643407	3913	
0.017235	-0.885246	4771	
0.743661	-0.469906	3558	
0.503500	0.735212	4071	
-0.318897	-0.866893	3715	
0.608905	-0.699589	1876	
0.882099	-0.289241	4628	
0.887320	0.280140	985	
0.322747	0.876523	2275	
0.916254	0.364179	1961	
0.577314	0.800119	1729	
0.735902	-0.413795	2452	
0.818438	-0.210551	4953	
0.841830	0.095750	675	
0.567062	0.640274	1777	
-0.733911	0.462168	3038	
-0.848394	-0.184556	2960	
-0.667453	-0.557371	4908	
-0.314109	-0.813130	4187	
0.304469	-0.829295	2341	
0.783205	-0.399790	3228	
0.719071	0.518381	4499	
-0.776822	-0.494250	1946	
0.358978	-0.856429	4236	
0.764973	-0.524129	4749	
0.919531	-0.133061	1236	
0.853888	0.370085	373	
0.386114	0.849522	481	
0.924586	0.341929	1567	
0.565803	0.808182	1729	
-0.195466	-0.852698	4835	
-0.115045	-0.871341	608	
0.090085	-0.880813	4410	
0.382790	-0.794304	4605	
0.656015	-0.584719	3040	
0.855312	-0.205945	4974	
0.801277	0.372127	2942	
-0.557904	0.718896	4315	
-0.307552	-0.870437	3715	
0.518960	-0.768504	922	
0.783849	-0.494948	2272	
0.909939	-0.184775	2217	
0.907503	0.201602	2973	
0.709436	0.603237	2722	
-0.714008	-0.659874	3548	
0.872467	0.458324	1783	
0.668241	0.725555	1872	
0.528494	0.832984	2336	
-0.691149	-0.606517	1095	
-0.539172	-0.745466	471	
-0.253126	-0.887834	377	
0.162864	-0.914644	408	
0.524588	-0.764199	922	
0.726396	-0.575131	1527	
0.842708	-0.385539	2359	
0.912772	-0.169130	534	
0.924885	0.084458	599	
0.849664	0.378425	373	
0.655061	0.661961	2554	
0.003420	0.937812	498	
0.926533	0.335842	1567	
0.729668	0.663372	1497	
0.560951	0.811213	1729	
0.458715	0.873600	2993	
0.887951	0.273036	985	
0.883785	0.286899	985	
0.865465	0.339297	4339	
0.824557	0.429571	1505	
0.750703	0.549329	2101	
0.640417	0.675678	2554	
0.483052	0.795959	526	
0.056563	0.934677	691	
0.980009	0.088264	4143	
0.802664	0.571992	2998	
0.644177	0.746624	1872	
0.415141	0.895200	1442	
0.353575	0.921573	2430	
0.806347	0.565891	2525	
0.798161	0.577595	2998	
0.752628	0.636273	1889	
0.701725	0.692213	1674	
0.561175	0.810621	1729	
0.405811	0.899222	1442	
0.345025	0.924420	2430	
0.277312	0.947137	2365	
0.101639	0.981961	1255	
0.135268	0.977837	2211	
0.151051	0.975605	2211	
