time = 129.7	Re = 90
0.450299	-0.878318	4190	
0.540238	-0.825864	4223	
0.613175	-0.773315	2840	
-0.376005	-0.911083	662	
-0.332696	-0.927938	2332	
-0.239718	-0.956548	4125	
-0.116987	-0.980060	1254	
0.031195	-0.987034	1162	
0.188402	-0.969441	1091	
0.464183	-0.870770	4190	
0.567630	-0.807184	1732	
0.703452	-0.691642	4645	
-0.846713	0.382983	746	
-0.859218	0.353979	1143	
-0.886270	0.280738	508	
-0.916218	0.157002	2165	
-0.929586	-0.009161	4625	
-0.898089	-0.243320	3812	
-0.800644	-0.475208	2501	
-0.577073	-0.730185	629	
-0.788985	-0.589730	2997	
-0.004236	-0.987327	1050	
0.322166	-0.933133	2431	
0.669566	-0.724581	1873	
0.815852	-0.555191	1998	
0.914417	-0.128424	1236	
0.914320	-0.128699	1236	
0.913038	0.139723	4123	
0.782043	0.493188	4250	
0.410682	0.830249	481	
-0.061477	0.929469	3198	
-0.406424	0.836270	2013	
-0.661377	0.652892	909	
-0.847349	0.380490	746	
-0.929342	0.003427	4625	
-0.827309	-0.426502	2561	
-0.478504	-0.798752	1351	
-0.182151	-0.969505	1246	
0.360022	-0.919010	2431	
0.617481	-0.769624	2840	
0.748937	-0.642061	1892	
0.622132	-0.616293	4899	
0.611835	-0.626575	4313	
0.679498	-0.551300	2508	
0.780830	-0.393962	3228	
0.872524	-0.077165	4230	
0.796453	0.365641	2942	
0.464055	0.746270	4071	
-0.304645	0.836427	1304	
0.110063	-0.915450	1440	
0.451148	0.808133	476	
-0.403146	0.837645	2013	
-0.770123	0.519032	458	
-0.927476	0.054262	4006	
-0.792225	-0.488582	2501	
-0.110851	-0.928860	812	
0.195681	-0.967804	1091	
0.590670	-0.790318	2129	
0.767054	-0.620768	1892	
0.769963	-0.349174	2814	
0.720551	-0.442086	3558	
0.786773	-0.308925	3790	
0.846763	-0.000308	2852	
0.723385	0.448269	3452	
-0.329145	0.805944	4583	
-0.571759	-0.651667	3404	
0.040919	-0.881480	1185	
0.633511	-0.603456	3040	
0.870238	0.097037	553	
0.380024	0.792467	4251	
-0.892799	0.047489	4777	
0.540669	0.750671	4621	
-0.534869	0.759925	4728	
-0.876109	0.308385	2163	
-0.875748	-0.313724	3577	
-0.422152	-0.830190	2703	
0.172359	-0.972130	2197	
0.632954	-0.756759	2840	
0.810820	-0.562272	2752	
-0.635097	-0.493688	3649	
-0.799132	-0.047486	3618	
-0.681057	-0.425819	635	
0.687517	-0.448072	2055	
0.514586	0.643962	4206	
-0.485936	0.681331	4265	
-0.798858	-0.238306	893	
-0.244342	-0.802678	2661	
0.778537	-0.327807	3896	
0.253876	0.820956	4231	
-0.297647	-0.816371	4187	
0.560936	-0.671559	613	
0.850522	0.208605	360	
-0.040062	0.890588	572	
0.845338	-0.363785	2416	
-0.376490	0.849774	3037	
-0.860616	0.348453	1143	
-0.868221	-0.333993	3577	
-0.311524	-0.878149	4888	
0.339103	-0.926828	2431	
-0.778091	-0.046477	3534	
-0.778002	0.043678	3493	
-0.778138	-0.043925	3534	
-0.726241	-0.283266	3697	
-0.447506	-0.635814	4267	
0.714095	-0.340853	2930	
0.258823	0.751277	4437	
-0.641580	0.481612	1378	
0.650397	-0.499836	2474	
-0.637273	0.538292	4848	
-0.455500	-0.698704	4133	
0.783951	-0.313654	3896	
-0.553732	0.666496	4675	
0.197541	-0.859066	4741	
0.862546	-0.145134	855	
0.277120	0.835718	4231	
0.430679	-0.812738	4409	
-0.453604	0.811005	570	
-0.904203	0.212888	4925	
-0.754259	-0.544786	2126	
-0.868014	-0.464293	1926	
0.587745	-0.792331	2129	
0.125570	-0.764595	1295	
0.064651	-0.775754	520	
0.171719	-0.751344	3987	
0.624510	-0.409061	4971	
0.527686	0.524018	1726	
-0.624773	0.426257	594	
0.423071	0.645779	1360	
-0.765550	0.145120	2658	
-0.449269	-0.634126	2713	
0.671609	0.419379	1417	
-0.630729	0.495666	4186	
0.766270	0.298045	2486	
-0.815112	-0.172032	734	
0.364640	-0.767902	1654	
0.248166	0.821724	688	
0.150059	-0.869148	387	
0.869227	-0.098958	4248	
0.058592	0.886360	4487	
0.846414	0.368982	373	
-0.705752	0.603374	4290	
-0.919800	-0.130607	4802	
-0.459178	-0.809587	957	
0.358302	-0.919430	2431	
0.795626	-0.583545	3120	
0.701807	0.147200	463	
0.716026	0.000825	3514	
0.465191	0.540729	1938	
-0.546474	-0.473232	2737	
0.611324	-0.406224	4582	
0.102251	0.746282	618	
-0.527929	-0.514727	2204	
0.496311	-0.561771	3020	
-0.386183	0.658809	3603	
0.590016	0.499281	2704	
-0.773071	-0.097355	3552	
0.307565	-0.740082	386	
-0.350555	0.730205	2925	
0.538118	-0.619765	3389	
-0.832185	0.005262	3897	
0.422530	-0.735699	3545	
-0.207284	0.846159	2879	
0.418817	-0.770505	3545	
0.801275	0.351873	2502	
-0.725123	0.510314	364	
-0.170499	0.914581	876	
-0.903581	0.214440	4925	
-0.695895	-0.617042	558	
-0.196847	-0.966161	1180	
0.911154	-0.377630	1963	
-0.577103	-0.361682	1690	
-0.656937	-0.185195	2456	
0.359406	0.576553	4164	
0.650025	-0.279577	3644	
-0.593868	-0.385859	2655	
0.400397	-0.601107	2103	
0.187292	0.688946	1989	
0.285473	-0.691810	3904	
0.076374	0.756253	978	
-0.232971	-0.697670	3326	
0.743184	0.041019	3072	
-0.287117	-0.701321	4411	
-0.762667	0.158526	2658	
0.087564	-0.807132	4212	
-0.410822	0.694960	3434	
0.814389	0.105381	675	
-0.721501	-0.417217	1151	
0.818582	-0.206093	4953	
-0.545665	-0.672491	3393	
0.815204	-0.313004	3790	
0.160810	0.868784	4662	
0.758793	0.526199	2101	
-0.811586	0.450470	3284	
-0.835493	-0.408547	2901	
0.260047	-0.899479	2006	
0.694505	-0.700213	3612	
0.050264	0.687232	620	
0.042710	0.694130	3996	
0.668052	-0.172966	2178	
0.599269	-0.377287	4249	
-0.479587	-0.516905	819	
0.605111	-0.382302	4249	
-0.676151	-0.260608	3114	
0.692877	0.235459	2808	
-0.651240	-0.349738	3136	
0.737714	-0.097460	3754	
-0.150893	-0.756379	3626	
-0.777321	-0.048972	3534	
0.705339	-0.354827	2930	
-0.721320	0.347196	2671	
-0.154221	0.831704	3008	
-0.025526	-0.852317	1120	
0.232750	0.825455	736	
0.522253	-0.701469	4895	
0.606615	0.631742	531	
-0.380694	-0.822517	1343	
-0.699386	0.610355	2636	
-0.889756	-0.268577	2262	
-0.138697	-0.923692	467	
0.672334	-0.721571	1873	
0.921519	-0.352302	1963	
0.069043	-0.422646	1052	
0.070819	-0.368899	4126	
0.053889	0.691928	620	
0.053849	0.690357	620	
0.044715	0.701820	3996	
0.175707	0.650741	1131	
-0.142559	0.726108	2628	
0.283502	-0.671502	3541	
-0.433995	0.587021	1879	
0.715043	0.155714	385	
-0.445837	-0.585133	1012	
0.631941	0.391410	3232	
0.593359	0.494766	2704	
-0.582231	-0.515154	3298	
0.145221	0.790702	2447	
-0.023201	-0.829086	3792	
-0.650772	-0.519959	4732	
0.797246	0.280187	3303	
0.172087	-0.864401	4742	
0.825070	0.289568	4124	
-0.863832	0.205382	4959	
-0.597432	0.710761	4306	
-0.905573	-0.207411	2807	
-0.207628	-0.909267	434	
0.680531	-0.713774	1873	
0.147413	0.164054	752	
0.086589	0.333702	4632	
0.097483	-0.460306	969	
0.095052	-0.536554	858	
0.136829	0.195066	2832	
0.068698	0.435358	435	
0.053581	0.689559	620	
0.362613	0.555760	3597	
0.660091	-0.252201	3216	
0.258917	-0.683180	3904	
-0.719311	-0.081288	2011	
0.193106	0.704838	4046	
0.284866	-0.705572	3904	
-0.658234	0.370914	4993	
-0.757424	0.181561	3833	
0.718431	-0.325994	4414	
-0.797197	0.052473	3665	
-0.813895	0.168797	2928	
0.779641	-0.320847	3896	
-0.252500	-0.831867	3070	
0.872080	0.061294	728	
-0.641795	0.609379	1072	
-0.532621	0.760647	4728	
-0.904636	-0.211213	2807	
-0.168707	-0.917968	441	
0.726161	-0.666949	3630	
0.950227	-0.265843	2021	
0.214796	0.039536	1124	
0.099424	-0.425678	4330	
0.244599	0.023063	4322	
0.559630	-0.356455	2420	
0.148787	0.559316	1250	
0.640577	0.172940	2917	
0.126118	-0.380071	1822	
0.228461	-0.633176	1296	
0.052132	0.699055	514	
-0.066279	-0.672690	1332	
0.310267	0.622034	3224	
0.665769	-0.258523	2146	
0.418184	-0.609785	2103	
-0.723602	-0.152189	3059	
0.673074	0.315857	3679	
0.048165	0.798362	3745	
-0.174654	-0.766243	4614	
-0.690692	0.405203	2147	
-0.522576	0.650911	867	
0.573608	-0.619303	3226	
-0.648659	-0.574287	4936	
0.873793	-0.023888	3880	
-0.627178	0.624253	1072	
-0.602973	0.705899	4306	
-0.882171	-0.292243	3051	
0.003282	-0.935942	1297	
0.200545	0.085568	3818	
0.266634	-0.618224	2412	
0.132582	-0.343577	2338	
0.182005	0.222232	2080	
0.187759	-0.293343	917	
0.159666	-0.490465	2199	
0.161446	-0.531846	2789	
0.165872	-0.383179	859	
0.200017	0.189467	561	
0.110168	0.300563	1459	
0.053889	0.692236	620	
0.565030	-0.395805	2899	
-0.246433	-0.652834	1829	
-0.686393	0.230324	2621	
-0.174602	0.743017	4433	
0.632221	-0.394024	3096	
0.729052	-0.252084	3083	
-0.451195	-0.631433	2713	
-0.516061	0.615770	2091	
-0.295800	0.786889	590	
0.497551	-0.683317	3559	
-0.717666	-0.485481	1913	
0.872548	0.050138	728	
-0.753821	0.462693	3360	
-0.730885	0.571467	2053	
-0.815873	-0.445784	2561	
0.656532	-0.665821	2047	
0.869922	-0.464816	560	
0.139383	0.173317	752	
0.292828	-0.606245	3243	
0.388228	-0.539552	4955	
0.259219	-0.122128	1724	
0.215677	-0.590712	415	
0.570812	0.301098	3308	
0.352206	0.515149	405	
0.286496	0.538931	1393	
0.353630	0.514826	405	
0.402184	-0.511448	4607	
0.244405	0.109971	938	
0.095211	-0.498150	4921	
0.048589	0.701313	3996	
0.229697	0.655222	2954	
0.699279	0.145533	463	
0.607065	0.405305	2505	
0.439630	-0.609356	1770	
-0.577526	-0.483884	2767	
-0.512343	-0.583455	1685	
-0.461448	0.659546	3333	
-0.299935	0.785102	4769	
0.565465	-0.626444	592	
-0.436808	-0.747092	643	
0.838338	0.246787	2836	
-0.852179	-0.262803	3107	
-0.849594	0.372309	746	
-0.680436	-0.633336	860	
0.175464	-0.971107	2197	
0.083642	0.258163	1803	
0.155874	-0.648428	931	
0.408753	-0.524415	4751	
0.234927	-0.185744	2619	
0.469200	-0.448517	2399	
0.406682	0.483245	2783	
0.176830	0.471566	4740	
0.180973	0.356492	1585	
0.190319	0.314676	1934	
0.177069	0.365852	1585	
0.203619	0.535404	3849	
0.250953	-0.590860	482	
0.658736	0.075818	1743	
0.040678	0.700384	3996	
-0.695153	0.020822	1806	
0.638279	-0.320158	3760	
0.723908	-0.100243	3754	
0.311996	-0.691302	502	
-0.631519	-0.410990	3619	
-0.472796	-0.615470	1869	
-0.581892	0.551566	3993	
-0.547468	0.629037	3642	
0.771268	-0.338771	2814	
0.136198	-0.870740	4288	
0.655575	0.579311	2874	
0.783083	-0.477953	2272	
-0.920551	0.115623	947	
-0.438836	-0.820279	957	
0.648794	-0.742703	1873	
0.968992	-0.186091	3089	
0.072380	0.359178	800	
0.101224	-0.620329	4382	
0.340174	-0.570759	4121	
0.235394	-0.185856	2619	
0.626811	-0.158455	2183	
0.270218	0.537930	692	
0.178532	0.384153	1002	
0.296985	0.112543	1953	
0.325862	0.000745	2433	
0.326659	-0.042389	1080	
0.317819	0.024807	2907	
0.202108	0.276452	2230	
0.223359	0.542891	2945	
0.240897	-0.163605	1476	
0.501549	0.438617	4693	
0.685266	-0.067384	2567	
0.502995	-0.511615	3005	
0.697955	-0.217306	3215	
0.357030	-0.665793	1601	
-0.396224	-0.640356	1470	
-0.343964	-0.695100	2140	
-0.751799	0.271215	3156	
-0.825484	0.093143	3220	
0.811849	0.231282	2836	
0.566694	-0.664541	592	
0.212855	0.854147	750	
0.122051	0.919821	3520	
-0.907782	-0.194945	2807	
-0.059318	-0.933051	857	
0.070219	0.429546	435	
0.104109	-0.377929	1759	
0.234893	-0.618059	1302	
0.247448	-0.158544	1476	
0.641558	-0.076366	1073	
0.244626	0.537166	847	
0.219775	0.266296	2948	
0.324694	0.037987	2907	
0.336550	-0.092439	2576	
0.327493	-0.160603	4681	
0.315992	-0.192502	4654	
0.310656	-0.184428	3289	
0.321743	-0.036291	1080	
0.168091	0.406240	1603	
0.157412	-0.528565	2789	
0.099506	-0.391286	1759	
0.065421	-0.718429	4507	
0.517612	-0.495987	2476	
0.730684	0.004682	3689	
0.539578	-0.517069	3328	
0.754179	0.165601	530	
0.057590	-0.808003	3010	
-0.784546	-0.151272	4241	
-0.555460	-0.619016	3404	
0.318537	0.788137	827	
0.837308	-0.244699	4812	
-0.572437	0.674201	4675	
-0.750793	0.544400	364	
-0.733296	-0.571151	1993	
-0.160868	-0.972638	2391	
0.956652	-0.241340	2021	
0.069844	0.498722	4795	
0.120460	-0.278844	4521	
0.146583	-0.618219	663	
0.264099	-0.111330	1724	
0.628669	-0.148443	2183	
0.262306	0.536288	692	
0.236093	0.240050	3371	
0.335348	0.018926	3407	
0.343598	-0.101043	1576	
0.333601	-0.159479	4681	
0.320916	-0.206993	4526	
0.308886	-0.242390	1347	
0.299093	-0.263459	2041	
0.299335	-0.193962	2920	
0.219340	0.237256	2176	
0.337153	-0.554943	4121	
0.660808	-0.105235	1703	
0.316677	-0.619611	419	
0.673261	-0.235527	3216	
0.467655	0.556525	835	
0.730162	-0.138195	3667	
-0.417233	0.666918	3434	
0.788267	-0.018947	1898	
0.164817	-0.812989	4058	
0.217037	-0.824424	3890	
-0.805083	-0.317453	4207	
0.796042	0.360116	2502	
-0.296783	-0.852986	3715	
-0.925475	0.063243	732	
-0.322320	-0.873126	4888	
0.779455	-0.604580	3120	
0.070703	0.537459	3859	
0.183344	-0.162639	778	
0.134724	-0.348017	1697	
0.277182	-0.034621	2450	
0.554301	-0.331694	2607	
0.310232	0.526650	2515	
0.225837	0.263575	2617	
0.333974	0.039978	3407	
0.348453	-0.069605	2576	
0.358042	-0.093135	1006	
0.364706	-0.096850	4256	
0.359029	-0.139273	4477	
0.337300	-0.211641	1428	
0.292773	-0.294163	3258	
0.285703	-0.265725	2041	
0.262227	0.158247	1766	
0.400965	-0.513672	4607	
0.227310	-0.037571	3026	
-0.619832	0.315753	657	
0.633758	0.327229	3784	
-0.440461	0.599219	2010	
0.265736	0.690913	4377	
-0.747357	-0.217569	4372	
-0.284603	0.760403	4501	
-0.481316	0.681913	4265	
0.841035	-0.057336	2495	
0.562679	-0.667630	592	
0.120518	0.875472	4337	
-0.267296	0.889722	1225	
-0.826109	-0.425420	2561	
0.472543	-0.805616	1663	
0.953237	-0.254263	2021	
0.983893	0.071101	4338	
0.662122	0.122829	2613	
0.232016	0.006111	3338	
0.212279	-0.157176	1035	
0.255629	0.095928	938	
0.330352	-0.550255	4121	
0.402077	0.482085	2783	
0.210196	0.303915	2258	
0.325475	0.078951	3659	
0.350417	-0.032385	4826	
0.366241	-0.008821	4735	
0.368077	0.028760	3525	
0.372620	0.007531	3742	
0.374977	-0.057416	367	
0.354589	-0.175961	2081	
0.296813	-0.313713	3924	
0.277689	-0.299387	3258	
0.268919	0.143958	899	
0.161725	-0.560868	3605	
0.072478	0.586533	3986	
0.483377	0.507639	3214	
-0.716537	-0.096082	3491	
-0.429994	-0.595607	1012	
-0.748203	-0.077800	3687	
-0.247372	-0.737917	3962	
-0.795919	-0.065031	3618	
-0.499905	-0.663991	2963	
0.017287	0.865847	421	
0.872475	0.032982	728	
-0.873301	0.143851	3480	
-0.912899	0.164647	2165	
-0.385033	-0.846878	1343	
0.764108	-0.623536	1892	
0.195087	-0.651733	1048	
0.123539	0.217591	2228	
0.250047	-0.007696	3759	
0.166293	0.262082	995	
0.192855	-0.572904	3743	
0.539278	0.346716	2181	
0.191394	0.383285	1922	
0.308275	0.127761	2851	
0.347775	0.011939	4194	
0.358521	0.054473	3850	
0.346682	0.118933	3032	
0.327870	0.186938	4557	
0.342393	0.155251	3362	
0.374288	0.048257	2276	
0.363426	-0.150217	4477	
0.305526	-0.307856	3873	
0.272291	-0.315766	3401	
0.228999	0.216228	2618	
0.226364	-0.193590	2619	
0.053577	0.694335	620	
-0.045520	-0.744332	562	
0.704486	-0.193072	3590	
0.667697	-0.327700	3756	
-0.313700	0.726888	3581	
0.740261	0.272960	2497	
0.608699	0.548315	3513	
0.645089	-0.541333	4542	
0.351244	-0.803450	3345	
0.280886	0.831820	4231	
0.010176	0.929244	498	
-0.823253	-0.430586	2561	
0.482449	-0.799409	1663	
0.968545	-0.187705	3089	
0.977438	0.132727	2078	
0.068519	-0.632212	4076	
0.082259	0.454764	4918	
0.146925	0.224238	3448	
0.133462	0.482781	1817	
0.170249	-0.459597	2210	
0.642934	0.058753	1743	
0.190983	0.461502	2723	
0.280490	0.186545	3678	
0.338870	0.061235	3850	
0.344892	0.104915	3032	
0.310380	0.215451	4226	
0.290043	0.284679	4726	
0.289412	0.317498	1043	
0.308212	0.257231	3981	
0.367818	0.084785	4609	
0.369770	-0.138926	4518	
0.298590	-0.333408	3919	
0.269043	-0.303191	3439	
0.164675	0.412001	965	
0.116324	-0.560085	1452	
-0.069655	-0.702870	4819	
0.684396	0.201171	4698	
-0.560537	0.483215	3765	
-0.260030	0.722903	4772	
-0.486590	-0.604094	1685	
-0.771140	0.206430	3614	
-0.723925	-0.409329	1151	
0.228039	0.820761	4533	
0.872519	0.025258	3034	
-0.873512	0.138766	3480	
-0.924009	0.079538	732	
-0.278075	-0.888210	4915	
0.846914	-0.505217	574	
0.071847	-0.447372	3335	
0.420951	0.508946	4629	
0.103752	0.526785	703	
0.336876	0.541609	3217	
0.217609	-0.236169	4745	
0.625803	-0.156984	2183	
0.302043	0.526157	1393	
0.240510	0.259722	3327	
0.322433	0.114107	3179	
0.330310	0.142549	3362	
0.290411	0.263255	2603	
0.281670	0.371029	537	
0.351314	0.407611	1519	
0.349266	0.405461	1519	
0.302986	0.366927	930	
0.362374	0.120481	2902	
0.353699	-0.197630	1786	
0.276338	-0.378767	3974	
0.282900	-0.218037	1396	
0.640192	0.118515	2669	
0.079952	-0.541725	353	
-0.221034	0.694978	2682	
0.094303	-0.757968	649	
0.503785	-0.553313	3020	
0.484013	0.599507	1832	
0.785133	-0.055536	2938	
0.778491	0.251498	3152	
0.684008	-0.490134	2424	
0.468705	-0.738227	4734	
0.095853	0.879256	4337	
-0.425977	0.824440	686	
-0.722878	-0.583485	1993	
-0.383523	-0.906377	1441	
0.985568	-0.045622	1960	
0.188060	-0.104344	2298	
0.371222	-0.564131	632	
0.545884	-0.388085	395	
0.134174	-0.600971	3595	
0.279049	-0.015909	4302	
0.511882	-0.392705	348	
0.469028	0.426356	3455	
0.201468	0.360982	2303	
0.299666	0.167656	2256	
0.316366	0.171057	2256	
0.278447	0.293993	4258	
0.294191	0.407448	948	
0.443981	0.357153	4384	
0.435101	0.363060	4384	
0.383672	0.394080	2461	
0.306218	0.373820	1310	
0.378850	0.061352	2276	
0.334874	-0.260197	2830	
0.271539	-0.386048	3974	
0.283263	0.108306	1888	
0.271083	-0.018566	4611	
0.050330	0.687244	620	
0.702449	-0.119711	2516	
-0.384987	0.638420	2507	
-0.140487	0.765388	4457	
-0.428152	-0.646181	1679	
-0.795336	0.064098	3665	
-0.505918	-0.658941	2963	
-0.257257	0.826551	2779	
0.815615	0.310622	4467	
-0.396240	-0.805926	2034	
-0.911190	-0.175237	2280	
0.017465	-0.935178	1297	
0.948613	-0.270417	2021	
0.211864	-0.016306	2468	
0.084464	-0.501865	4921	
0.100777	-0.556661	1751	
0.131277	-0.434445	2311	
0.173287	0.250469	1165	
0.177622	-0.526833	4326	
0.632254	0.121614	2237	
0.197154	0.459305	2241	
0.260342	0.240094	3641	
0.306229	0.180342	3589	
0.275136	0.289608	4258	
0.286401	0.412261	948	
0.498915	0.293602	2601	
0.539438	0.208043	2071	
0.535359	0.207794	2071	
0.407864	0.376489	4062	
0.302541	0.343715	930	
0.386020	-0.064619	1353	
0.306961	-0.344612	4788	
0.257474	-0.333983	2463	
0.172175	0.498642	4905	
0.202017	0.103411	854	
0.331021	0.610547	3224	
0.159279	-0.740517	1972	
0.609143	-0.428671	4971	
-0.229206	0.763050	4283	
0.547993	0.566710	3692	
-0.159344	0.828390	3008	
0.839649	0.069910	410	
0.767440	-0.412454	2872	
-0.490361	0.735127	4095	
-0.875760	0.304605	2163	
-0.444512	-0.816472	957	
0.783855	-0.598551	3120	
0.173426	0.120570	2773	
0.129839	-0.218910	3150	
0.232103	0.020682	3598	
0.138153	0.243661	3210	
0.280451	0.561363	1373	
0.212541	-0.258139	3794	
0.556435	-0.325431	2607	
0.371182	0.496739	677	
0.222779	0.321917	3075	
0.285361	0.202460	3678	
0.271027	0.296926	1136	
0.290756	0.421083	844	
0.527873	0.244732	3728	
0.566701	0.100991	1925	
0.566497	0.047863	1017	
0.545617	0.167313	4588	
0.398482	0.377886	3047	
0.321857	0.256219	3937	
0.355075	-0.212308	3610	
0.273157	-0.412825	3571	
0.308165	0.010255	2036	
0.261458	-0.094980	1724	
0.051007	0.687400	620	
0.688087	0.186398	894	
-0.719791	0.158378	3714	
-0.751675	0.011615	3011	
-0.042519	-0.802438	4061	
-0.656905	-0.452504	737	
0.254554	-0.811247	4912	
-0.408113	-0.762201	4718	
0.382252	0.787596	4251	
0.072967	0.925080	691	
-0.749706	-0.548476	2126	
0.870521	-0.340224	4758	
0.986277	0.015435	2484	
0.070814	0.291502	4810	
0.229613	0.599764	1312	
0.619135	0.258731	3112	
0.402965	-0.537246	4751	
0.127841	-0.500765	1379	
0.211776	0.185678	821	
0.300769	-0.560266	3191	
0.604175	0.217712	2040	
0.200139	0.445131	2113	
0.258963	0.255822	3110	
0.270748	0.282897	4258	
0.288634	0.423184	844	
0.534871	0.230981	3728	
0.572311	0.025683	1129	
0.556408	-0.064208	2693	
0.560965	0.002690	1239	
0.532865	0.198991	2071	
0.322270	0.383788	1310	
0.390745	0.003504	506	
0.309011	-0.355537	4630	
0.252454	-0.359446	2364	
0.291245	0.540805	1393	
0.218290	-0.005234	2144	
-0.496581	-0.500524	637	
0.719085	0.126194	463	
0.693430	0.266071	2269	
-0.714225	-0.307877	4494	
-0.671062	0.435561	648	
-0.767903	-0.317189	3496	
0.095970	0.853355	4332	
0.829094	0.271328	3303	
-0.587066	-0.672198	1177	
-0.895156	-0.244983	3812	
0.129080	-0.926497	1440	
0.975160	-0.149840	3363	
0.065054	-0.544515	3824	
0.212196	-0.007429	2488	
0.094845	-0.329959	1122	
0.230928	-0.052715	2388	
0.139595	0.242646	3210	
0.254479	0.566574	1130	
0.199899	-0.299415	917	
0.561732	-0.314606	2607	
0.278601	0.520471	997	
0.228112	0.327494	3075	
0.264020	0.284460	4161	
0.272702	0.412195	2270	
0.522108	0.260370	3283	
0.573979	0.000545	1239	
0.537098	-0.136553	354	
0.543085	-0.096401	382	
0.558732	0.030475	1017	
0.459716	0.321938	4562	
0.320480	0.262709	3937	
0.348140	-0.242040	2073	
0.273409	-0.430744	3503	
0.283060	0.105205	1888	
0.569448	-0.342407	2891	
-0.375052	0.589127	666	
-0.617985	0.376042	4724	
0.324129	-0.684299	400	
0.413466	0.648831	1360	
0.674817	0.406527	3847	
-0.104880	0.837574	690	
0.821014	0.189921	733	
0.823773	-0.283173	3790	
-0.705010	0.530663	579	
-0.922148	0.095249	565	
-0.229665	-0.902525	434	
0.913648	-0.370509	1963	
0.955403	0.245870	2063	
0.040571	0.697672	3996	
0.064481	0.520720	3074	
0.071841	-0.516868	4828	
0.085329	-0.634940	375	
0.101314	-0.554825	1751	
0.131391	-0.439104	2311	
0.193747	0.216420	1650	
0.317900	-0.551935	4121	
0.594660	0.239656	2040	
0.210223	0.415204	1424	
0.248772	0.286227	4214	
0.259898	0.395919	2599	
0.452450	0.363485	4384	
0.572067	-0.041009	1493	
0.519160	-0.179780	951	
0.515961	-0.154080	354	
0.537985	-0.077145	3675	
0.545794	0.141774	4806	
0.326403	0.375714	1350	
0.392259	-0.069294	1353	
0.301780	-0.399718	2769	
0.256825	-0.287411	1945	
0.168222	-0.580623	3464	
0.048795	0.701266	3996	
0.709614	0.063483	2919	
-0.718436	0.162821	3714	
-0.738363	-0.142342	3663	
0.217485	-0.773095	4140	
-0.481579	-0.634393	2753	
0.578018	-0.611555	3226	
0.450681	-0.749396	3980	
-0.085159	0.884080	3490	
-0.730444	0.570431	2053	
-0.518949	-0.770135	1357	
0.717887	-0.675218	4645	
0.964750	0.205210	4672	
0.672305	-0.029392	2236	
0.098780	0.593204	1248	
0.106726	0.530903	818	
0.425638	0.486688	3731	
0.196253	-0.318257	4596	
0.614667	-0.186072	512	
0.234349	0.505934	1526	
0.232982	0.333106	3537	
0.255557	0.385393	4604	
0.396157	0.413864	3056	
0.576775	-0.016425	1493	
0.505489	-0.205310	2935	
0.494645	-0.175945	527	
0.518883	-0.106362	1735	
0.550433	0.012038	465	
0.434761	0.342515	4639	
0.355886	0.172644	2527	
0.319500	-0.337325	4882	
0.255068	-0.421384	3044	
0.164115	0.459312	1865	
0.161285	0.146754	2351	
-0.049941	-0.742978	562	
0.393194	0.607925	739	
0.353701	0.646908	4933	
-0.354628	-0.688597	2140	
-0.780767	-0.165624	4336	
-0.131272	-0.831484	4030	
-0.861554	-0.001586	3822	
0.470040	0.737389	4071	
0.193508	0.905205	1230	
-0.705981	-0.603037	1993	
0.928042	-0.125456	1236	
0.064718	0.537640	3764	
0.218881	0.045532	731	
0.121673	-0.304721	1595	
0.138396	-0.376724	1707	
0.212481	0.186801	821	
0.352439	-0.533700	4648	
0.418508	0.460725	2695	
0.222496	0.385690	2696	
0.249461	0.377930	4305	
0.390263	0.418566	2455	
0.576788	-0.030146	1493	
0.496325	-0.221049	3155	
0.483017	-0.183932	527	
0.517459	-0.096466	366	
0.536598	-0.041694	2909	
0.514716	0.229373	3574	
0.317165	0.287492	588	
0.352488	-0.243814	2889	
0.279350	-0.453530	1148	
0.264678	0.143866	899	
0.244474	-0.001724	3759	
0.688115	0.152580	385	
0.506159	-0.531947	2530	
0.742043	-0.013375	3514	
-0.761842	-0.155933	4150	
-0.653250	0.461441	648	
-0.740901	-0.375876	1234	
-0.083096	0.861293	2349	
0.757961	0.432569	3452	
0.313961	-0.855772	4141	
-0.817645	-0.439902	2561	
0.420069	-0.833712	4846	
0.983801	0.069312	4338	
0.906806	0.389920	1961	
0.075727	0.255389	936	
0.084065	-0.589073	483	
0.123075	0.576720	1303	
0.167417	0.555984	1355	
0.192937	-0.540277	4225	
0.635971	0.081413	1906	
0.219655	0.449388	2113	
0.243233	0.379931	2959	
0.373224	0.429273	2455	
0.576073	-0.041450	1493	
0.486644	-0.235679	3155	
0.473456	-0.185624	527	
0.503909	-0.114603	1735	
0.534067	-0.028743	3671	
0.544408	0.110679	4056	
0.328181	0.367335	1350	
0.381367	-0.150666	2577	
0.302805	-0.445868	3542	
0.300711	-0.110842	2660	
0.153071	0.265162	1655	
0.329186	0.588430	3354	
-0.683726	0.232051	2621	
0.558554	-0.494495	4254	
-0.331911	0.716797	2925	
0.209084	0.765960	4416	
-0.732935	0.388958	2756	
0.459035	0.708038	1864	
0.861350	0.136007	4796	
-0.864337	-0.191897	2960	
-0.883210	-0.284850	2262	
0.210343	-0.910929	4893	
0.110187	0.615401	1013	
0.115688	-0.338944	1405	
0.478689	-0.454946	2399	
0.227578	-0.234745	4745	
0.611124	-0.193604	904	
0.242205	0.495698	1526	
0.232716	0.373767	2959	
0.352191	0.440650	1914	
0.575869	-0.046475	1493	
0.479303	-0.245945	2417	
0.466954	-0.180692	2446	
0.511907	-0.076116	3675	
0.524864	0.123544	4056	
0.543580	0.056006	371	
0.378511	0.372383	2461	
0.397151	0.027389	3365	
0.312328	-0.415262	1545	
0.243894	-0.331085	1469	
0.153483	-0.491192	2199	
0.048187	0.701383	3996	
0.347891	0.612113	4906	
-0.208469	-0.706212	1266	
0.767355	-0.037339	2938	
0.759944	0.202690	391	
-0.068320	0.840787	4447	
0.777827	0.321850	2882	
0.862235	-0.126543	4170	
-0.838593	0.272417	923	
-0.915993	-0.143827	4452	
0.046828	-0.933900	1063	
0.981335	-0.100027	2534	
0.902035	0.400664	4159	
0.071534	0.284515	460	
0.088791	0.554195	2726	
0.160775	-0.282807	492	
0.248854	0.124221	1294	
0.466101	-0.441482	2399	
0.307952	0.508522	2107	
0.227532	0.404586	2990	
0.355146	0.441251	1914	
0.575471	-0.052356	2693	
0.471107	-0.258008	2417	
0.464282	-0.165926	2446	
0.525512	-0.010912	465	
0.468399	0.256504	2396	
0.537259	0.090674	1939	
0.423912	0.344551	4112	
0.378983	0.110879	4739	
0.317336	-0.391540	548	
0.239569	-0.411904	2319	
0.476639	-0.447969	2399	
0.047712	0.701482	3996	
0.657650	0.273195	3112	
-0.684586	-0.272951	3694	
-0.571181	-0.485636	2767	
0.649301	-0.442198	2334	
0.812850	-0.052189	2495	
0.838467	-0.065031	2495	
0.813999	-0.308467	3790	
-0.675072	0.566844	4829	
-0.926587	-0.026923	4625	
-0.064614	-0.931754	857	
0.970915	-0.174003	3089	
0.087259	-0.472875	453	
0.114261	0.335905	4867	
0.156299	0.303671	921	
0.305591	-0.556039	3191	
0.361059	0.490052	677	
0.229747	0.427530	1419	
0.346441	0.447062	1914	
0.572298	-0.075071	639	
0.459843	-0.262788	3691	
0.465628	-0.139199	2454	
0.530151	0.057976	350	
0.401944	0.280219	1910	
0.489625	0.226796	2875	
0.443489	0.326394	4562	
0.369368	0.140325	3498	
0.319554	-0.376308	548	
0.253773	-0.451675	1204	
0.491047	0.417708	4292	
0.052563	0.688111	620	
0.708474	-0.067169	3685	
-0.721226	0.145966	3698	
-0.681817	-0.315564	3686	
0.461607	-0.640889	1790	
-0.131873	-0.799266	3017	
0.794412	-0.272291	3319	
0.757540	-0.428909	3867	
-0.537990	0.699000	3124	
-0.924114	0.068562	732	
-0.146965	-0.920848	467	
0.961229	-0.220733	2648	
0.133504	-0.215630	3150	
0.111937	0.545698	2189	
0.139500	0.408296	770	
0.256746	-0.570006	4010	
0.399460	0.468404	4891	
0.234290	0.444037	2498	
0.382022	0.431552	2455	
0.562167	-0.122072	1533	
0.448644	-0.264477	3691	
0.464408	-0.117572	2454	
0.527683	0.080884	4174	
0.406358	0.223646	988	
0.402135	0.300636	1910	
0.476851	0.281618	2610	
0.361158	0.168092	2527	
0.326788	-0.351558	2039	
0.264251	-0.469660	1344	
0.207471	0.543797	3849	
0.052827	0.697321	620	
0.659867	-0.268015	2146	
-0.635537	0.374739	4724	
-0.735350	-0.155305	3663	
0.349118	-0.713611	1668	
-0.310834	-0.733404	3717	
0.753694	-0.369651	2872	
0.718211	-0.492130	4420	
-0.467141	0.748780	4103	
-0.914349	0.150736	2165	
-0.185074	-0.913115	441	
0.954617	-0.247613	2021	
0.888706	0.428909	3768	
0.067332	-0.469422	3293	
0.159885	-0.178807	1358	
0.120428	0.568102	1061	
0.139319	0.414575	2224	
0.252498	-0.570138	4010	
0.416970	0.456171	2695	
0.239717	0.454587	2046	
0.438728	0.390993	2888	
0.542310	-0.181163	472	
0.437871	-0.257104	3691	
0.470892	-0.115741	2454	
0.438662	0.273416	1951	
0.443633	0.117150	4525	
0.392579	0.286199	1624	
0.486894	0.261723	2916	
0.353774	0.191510	2527	
0.328143	-0.351452	2039	
0.271592	-0.477319	1344	
0.163400	0.464837	1865	
0.051907	0.687713	620	
0.636508	-0.320504	3760	
-0.597916	0.432607	3767	
-0.746249	-0.086835	3687	
0.332122	-0.722563	1834	
-0.322123	-0.728214	571	
0.750726	-0.375232	2872	
0.714011	-0.498073	4642	
-0.461991	0.751966	4103	
-0.913973	0.152808	2165	
-0.170411	-0.916238	441	
0.957147	-0.237473	2021	
0.109452	-0.264892	4490	
0.107565	0.411033	1880	
0.152361	0.322084	485	
0.315723	-0.549406	4175	
0.387047	0.473218	4891	
0.249934	0.457855	1894	
0.504721	0.314828	2551	
0.518012	-0.231273	3387	
0.436860	-0.226211	3336	
0.473678	-0.078079	2537	
0.413144	0.280143	1910	
0.483153	0.028997	3263	
0.427794	0.151842	2295	
0.481306	0.268397	2916	
0.360355	0.175447	2527	
0.328263	-0.359868	2039	
0.273430	-0.481529	1344	
0.173504	0.510138	4244	
0.052595	0.688296	620	
0.678557	-0.215685	2912	
-0.660157	0.327400	1409	
-0.720818	-0.212923	3662	
0.397534	-0.685216	1976	
-0.257617	-0.755813	3978	
0.776517	-0.318434	2814	
0.750376	-0.440886	3867	
-0.524579	0.708863	3124	
-0.923059	0.080113	732	
-0.115026	-0.925829	812	
0.968709	-0.185080	3089	
0.865099	0.474584	3049	
0.137422	-0.658167	2490	
0.195991	-0.208431	2296	
0.283746	0.021220	1518	
0.481685	-0.421376	4458	
0.343707	0.487273	3532	
0.302452	0.466492	1490	
0.564088	0.195329	2071	
0.471244	-0.287729	4825	
0.436486	-0.201987	2167	
0.511018	-0.053440	3770	
0.448629	0.115096	4525	
0.502854	0.105481	3563	
0.451251	0.089653	1675	
0.463201	0.292228	2083	
0.372344	0.143393	3498	
0.328040	-0.378363	1826	
0.268376	-0.482797	1436	
0.339460	0.527545	3172	
0.042159	0.694985	3996	
0.709777	0.052399	2679	
-0.734928	0.028623	2098	
-0.629406	-0.408880	3619	
0.540637	-0.571730	3903	
-0.000657	-0.823268	2266	
0.822797	-0.168751	4485	
0.812749	-0.310811	3790	
-0.647825	0.597032	4902	
-0.924454	-0.064974	4754	
-0.014835	-0.934287	1297	
0.980159	-0.109709	3057	
0.182555	-0.121406	1828	
0.218761	-0.109790	4773	
0.376293	-0.541033	4955	
0.215982	-0.282541	3255	
0.589924	-0.245943	2892	
0.314986	0.489156	2421	
0.363485	0.447985	3244	
0.588998	0.001957	699	
0.434509	-0.293842	4259	
0.452441	-0.096009	2070	
0.515837	0.131874	3766	
0.490841	0.066762	4310	
0.499606	0.111499	3563	
0.457797	0.070575	2342	
0.434756	0.321581	2843	
0.396136	0.050973	2593	
0.329192	-0.410892	1791	
0.254069	-0.475886	3718	
0.649027	-0.064797	1073	
0.049076	0.701188	3996	
0.561003	0.434353	2239	
-0.587624	-0.441632	2672	
-0.222995	-0.718340	2809	
0.723878	-0.300960	2681	
0.806103	0.116704	3090	
0.835017	0.099318	675	
0.860415	-0.134565	4170	
-0.790361	0.387954	3565	
-0.902222	-0.213798	2807	
0.137816	-0.924643	1440	
0.986226	-0.005899	2484	
0.202290	-0.110165	3086	
0.646995	0.163254	2927	
0.183177	0.561503	2880	
0.192451	-0.525211	4221	
0.591757	0.227776	2040	
0.301218	0.485417	1924	
0.469408	0.366509	4384	
0.527959	-0.216126	2935	
0.426086	-0.248018	3954	
0.462721	-0.064833	2141	
0.431198	0.275628	1951	
0.487961	0.072862	4310	
0.496991	0.132683	3320	
0.441632	0.109251	2667	
0.366446	0.359154	1268	
0.404717	-0.004985	506	
0.342641	-0.430653	1791	
0.232245	-0.438421	2694	
0.167519	-0.583781	4022	
0.047775	0.701477	3996	
0.164323	0.690895	4569	
0.097581	-0.769304	649	
0.703482	0.308500	4162	
0.651030	0.439404	4201	
-0.351784	0.757517	1205	
0.674726	0.503072	4641	
0.865398	0.099438	4796	
-0.881583	0.008456	3822	
-0.847464	-0.377812	3065	
0.304251	-0.883001	2823	
0.977885	0.125997	2078	
0.800651	0.576905	2998	
0.093043	0.348615	4967	
0.189087	-0.221236	2288	
0.277723	0.057020	1200	
0.366776	-0.518482	4648	
0.458310	0.414594	3445	
0.337262	0.467330	2844	
0.577387	0.155953	4661	
0.466812	-0.302043	3222	
0.434490	-0.169237	2167	
0.487150	-0.067285	3770	
0.448589	0.124438	4525	
0.489833	0.099731	3563	
0.487335	0.171839	2877	
0.405339	0.195169	1638	
0.342699	0.343916	984	
0.402100	-0.113922	2261	
0.359184	-0.444692	3242	
0.237783	-0.325346	1469	
0.243297	0.103885	938	
0.148298	0.656671	4092	
-0.627030	-0.355210	2605	
0.712979	-0.206477	3215	
-0.630852	0.457659	594	
-0.186161	0.793347	2873	
-0.823708	0.084423	3220	
0.223019	0.817727	4533	
0.777872	0.392326	2563	
-0.677511	-0.572319	1095	
-0.753454	-0.541733	2126	
0.488045	-0.794531	1663	
0.064675	0.535411	3764	
0.091774	-0.391012	4423	
0.255065	0.581290	1130	
0.310430	0.548232	2515	
0.188231	-0.452125	3459	
0.629958	-0.081894	1073	
0.374278	0.464977	3666	
0.445767	0.393545	2888	
0.579182	-0.093155	639	
0.418523	-0.292671	1033	
0.448517	-0.048831	2582	
0.521663	0.079709	4174	
0.461672	0.116243	2350	
0.462437	0.170488	2389	
0.477308	0.207044	2390	
0.409326	0.311182	3246	
0.339663	0.267542	3747	
0.352555	-0.294735	3946	
0.366455	-0.467798	3374	
0.302364	-0.082834	2616	
0.208286	-0.149650	1035	
0.510563	0.479062	1553	
0.714978	-0.140537	3667	
0.664862	0.327440	3736	
-0.597841	-0.494040	4489	
-0.789791	0.103492	3223	
-0.524746	-0.641760	2876	
-0.438582	0.736490	3573	
0.552589	0.675168	834	
0.767747	-0.488605	4703	
-0.613471	-0.695741	1177	
0.693268	-0.622656	2633	
0.909835	0.382188	1961	
0.079282	0.618533	976	
0.203691	-0.107363	3086	
0.118152	-0.331250	1646	
0.172729	-0.611820	401	
0.278854	0.056682	1200	
0.289936	-0.554764	2337	
0.556599	0.293449	3321	
0.357655	0.469493	3244	
0.570143	0.191273	4686	
0.472780	-0.297700	3222	
0.424199	-0.204863	4747	
0.455033	-0.007886	2630	
0.431210	0.271827	1951	
0.467456	0.110897	2350	
0.446857	0.228694	1621	
0.501432	-0.004658	3932	
0.422014	0.320029	3506	
0.392301	0.092416	4563	
0.337944	-0.386148	1826	
0.328180	-0.487773	3891	
0.199923	0.255615	1859	
0.126659	-0.206248	3150	
0.371680	-0.618637	1495	
-0.069684	0.766502	853	
-0.157445	0.758271	3951	
0.077459	-0.804759	2588	
-0.588358	-0.536586	3298	
0.328864	-0.779082	2131	
-0.741636	-0.440321	2166	
0.115520	0.874055	4337	
-0.312932	0.872687	4603	
-0.415878	-0.830445	2703	
0.805170	0.485919	4250	
0.855714	0.491262	3049	
0.053999	0.691391	620	
0.142223	0.617778	4564	
0.196742	0.108003	3550	
0.239048	0.004360	4545	
0.255589	-0.057022	4495	
0.165401	0.548225	2880	
0.189296	-0.442283	3468	
0.609525	-0.177698	2503	
0.448329	0.414850	3445	
0.471902	0.370423	4324	
0.590583	-0.048082	1708	
0.414667	-0.318920	2086	
0.436472	-0.114979	1593	
0.486449	-0.062474	3621	
0.445756	0.142538	2571	
0.442562	0.184741	1097	
0.455807	0.227410	1621	
0.432817	0.122082	2667	
0.340090	0.320240	984	
0.406758	-0.082767	1193	
0.369606	-0.430311	2748	
0.236613	-0.475842	903	
0.420253	-0.502309	414	
0.040280	0.698921	3996	
0.475501	0.523243	3214	
-0.604137	-0.418605	2263	
-0.458783	-0.590611	2713	
0.646271	-0.443973	2334	
-0.001288	-0.822753	2266	
0.809479	-0.219266	4188	
0.776595	-0.391725	3228	
-0.518661	0.712421	3596	
-0.911883	0.162512	2165	
-0.122229	-0.924405	812	
0.950942	-0.260505	2021	
0.796675	0.582261	2998	
0.090739	-0.234120	4273	
0.072751	-0.631233	3317	
0.656376	0.138516	2669	
0.460603	0.469852	2645	
0.598002	-0.271698	2892	
0.288028	-0.065822	3773	
0.277810	-0.556750	2337	
0.597436	0.202407	1967	
0.420023	0.433370	3529	
0.572664	0.192216	4686	
0.482446	-0.291047	4825	
0.414015	-0.233510	3325	
0.438147	0.047095	1673	
0.518885	0.027879	371	
0.437448	0.180250	1097	
0.432250	0.234103	1621	
0.516371	0.064205	4174	
0.383153	0.318949	2803	
0.367335	0.183716	2972	
0.346953	-0.331960	586	
0.406092	-0.444446	3821	
0.274562	-0.188393	2947	
0.378865	0.525374	831	
-0.676928	-0.148091	2409	
-0.308000	-0.643463	2162	
0.734118	-0.106425	3754	
-0.552354	0.551422	3367	
0.088331	0.802316	4173	
-0.732732	0.385747	2756	
0.555401	0.632108	4818	
0.843832	0.214877	2836	
-0.878806	0.058687	4940	
-0.845757	-0.380987	3065	
0.268090	-0.894641	2006	
0.977446	0.128655	2078	
0.740897	0.652028	1889	
0.621048	0.260463	3112	
0.225992	-0.005238	2144	
0.202019	-0.147645	950	
0.245745	-0.099633	446	
0.151652	0.524364	2881	
0.191598	-0.420472	1684	
0.575553	-0.266081	3361	
0.517725	0.339247	4362	
0.513218	0.321101	2181	
0.588962	-0.069869	700	
0.416060	-0.334541	2086	
0.431264	-0.126326	1329	
0.438748	0.064394	1168	
0.519998	0.049865	350	
0.429889	0.197998	1097	
0.488923	0.194693	2877	
0.443738	0.084126	1675	
0.342711	0.293549	550	
0.407319	-0.085643	1193	
0.363900	-0.425114	2748	
0.315055	-0.499972	3031	
0.167700	0.357300	1585	
0.068530	0.425984	676	
0.362726	-0.624487	1495	
0.203306	0.696711	4046	
0.163715	0.728952	2394	
-0.190518	-0.757992	4138	
-0.752445	-0.262852	2798	
-0.262971	-0.789218	3811	
-0.576883	0.631539	3358	
0.486206	0.724441	3976	
0.084543	-0.901027	2320	
-0.623775	-0.686232	1041	
0.616393	-0.698820	1876	
0.078085	0.261899	936	
0.091540	-0.414619	1218	
0.472975	-0.473479	2399	
0.392102	-0.528136	4751	
0.282279	0.050967	1200	
0.225659	-0.552715	4134	
0.630819	0.026507	1106	
0.492246	0.365500	4324	
0.584465	0.155193	4661	
0.519995	-0.254944	3221	
0.401405	-0.283398	3923	
0.435462	-0.046717	989	
0.438598	0.084113	1675	
0.515738	0.018622	3938	
0.518873	0.062590	350	
0.466038	0.027070	2735	
0.372624	0.323023	1912	
0.393311	0.107089	4739	
0.348142	-0.348168	2039	
0.439921	-0.408357	721	
0.231408	-0.314785	1260	
0.206840	-0.223521	2288	
0.154610	0.624723	1195	
0.149763	0.696829	3648	
-0.332787	-0.650377	2595	
-0.367325	-0.649516	1470	
0.667196	-0.410609	2334	
-0.054476	-0.816624	4061	
0.767891	-0.334791	2814	
0.528479	-0.692939	3467	
-0.328652	0.820095	4583	
-0.597329	0.707714	4306	
-0.306504	-0.877101	4888	
0.852308	0.389497	373	
0.811217	0.561690	2525	
0.201436	-0.084695	3091	
0.665379	0.083697	1906	
0.132694	0.576891	1303	
0.511076	0.403573	4292	
0.214898	-0.306289	761	
0.329984	-0.534748	4175	
0.594352	0.194842	4686	
0.524859	0.311733	2551	
0.597280	-0.027430	1708	
0.429878	-0.334107	2086	
0.414186	-0.196814	4747	
0.427035	0.052589	1673	
0.415126	0.150250	2295	
0.474250	-0.022171	2630	
0.458977	0.031895	2735	
0.369190	0.311365	1912	
0.370504	0.188859	2972	
0.395495	-0.178727	2218	
0.395068	-0.417640	3530	
0.320720	-0.501200	3891	
0.188709	0.280158	1897	
0.082588	0.558390	4712	
-0.453527	-0.537866	4791	
0.714224	0.143519	463	
0.625882	0.395112	2966	
-0.733776	-0.255103	4436	
-0.489786	0.633435	2091	
-0.826269	0.042970	3985	
0.425897	0.726242	2304	
0.824023	0.279773	4124	
-0.870181	0.130998	3480	
-0.869529	-0.321957	3577	
0.158138	-0.920828	408	
0.095587	-0.255672	4743	
0.089641	0.504450	4694	
0.253732	0.041200	741	
0.195895	0.562125	2227	
0.198404	-0.376427	1626	
0.537164	-0.334173	856	
0.573528	0.237742	1754	
0.577617	0.191968	4686	
0.564913	-0.172761	472	
0.400047	-0.334087	1933	
0.420692	-0.148471	766	
0.417898	0.084793	2022	
0.392328	0.196568	4787	
0.384210	0.225597	1407	
0.364467	0.285959	1841	
0.376528	0.177464	2972	
0.401936	-0.144939	706	
0.366333	-0.408214	1920	
0.438916	-0.420387	721	
0.260736	-0.222817	1396	
0.247543	0.091282	718	
-0.225685	0.647825	1604	
0.181144	0.681869	1099	
-0.581995	-0.447220	2672	
-0.577178	-0.477318	2767	
0.475935	-0.628293	1790	
-0.393492	-0.690598	2962	
0.401608	-0.741068	3508	
-0.857850	-0.015550	3041	
0.286024	0.826930	944	
0.519444	-0.740173	4727	
-0.568832	-0.732140	629	
0.636757	-0.679943	2820	
0.900158	0.403990	4159	
0.078041	-0.414988	1065	
0.207334	0.116933	1940	
0.161594	-0.319054	3681	
0.153092	0.358037	1425	
0.193976	-0.444407	3468	
0.605183	-0.177292	2503	
0.574837	0.230948	1967	
0.598474	0.093365	1895	
0.531404	-0.247898	3221	
0.391303	-0.324360	368	
0.420835	-0.134156	766	
0.419026	0.058067	2022	
0.389823	0.168585	2403	
0.385894	0.163735	4387	
0.399994	0.105699	4001	
0.399714	-0.161561	706	
0.361000	-0.395688	1920	
0.472532	-0.373415	1062	
0.231016	-0.485977	3718	
0.638342	0.138949	2669	
0.053024	0.688559	620	
0.364970	-0.622905	1495	
0.577801	0.440448	1660	
0.582073	0.455823	1660	
-0.766498	-0.123783	4241	
-0.133321	0.805050	369	
-0.639645	0.525961	3680	
0.737798	0.401315	2164	
0.870409	-0.003674	3118	
-0.689940	0.545429	2434	
-0.903284	0.203985	4925	
-0.127179	-0.923208	812	
-0.344750	-0.919826	2332	
0.076279	-0.511302	4828	
0.236160	0.035553	3416	
0.142596	-0.480640	764	
0.194896	0.238096	2080	
0.201459	-0.503994	439	
0.607812	-0.165366	2503	
0.587743	0.195519	4686	
0.603244	0.012011	699	
0.510075	-0.284356	2849	
0.387818	-0.319970	609	
0.409601	-0.181620	1491	
0.426037	-0.033223	1538	
0.419921	0.022494	1808	
0.419578	-0.035148	989	
0.392950	-0.202683	4683	
0.367324	-0.396899	1920	
0.473429	-0.364867	3192	
0.304313	-0.513227	2352	
0.232276	0.193574	1633	
0.095025	0.475075	3657	
0.016632	-0.739683	4122	
-0.534428	0.484214	3227	
-0.001703	-0.774775	823	
-0.352335	-0.657429	4597	
0.561294	-0.548992	3926	
-0.346963	-0.715192	2758	
0.371843	-0.757063	2829	
-0.764015	0.383180	3095	
0.430414	0.758923	4089	
-0.483592	-0.742051	3585	
-0.663169	-0.647984	860	
0.492477	-0.791157	614	
0.949870	0.265771	2063	
0.075510	-0.646396	3317	
0.228753	-0.085887	2860	
0.145661	-0.556774	2781	
0.239869	0.161767	1552	
0.206017	-0.515380	4221	
0.611109	-0.146117	2503	
0.601337	0.147756	4554	
0.602551	-0.024790	1708	
0.508281	-0.289229	2849	
0.393632	-0.340833	1232	
0.384006	-0.278798	3288	
0.394111	-0.221492	4663	
0.389319	-0.228818	2975	
0.378026	-0.285683	3866	
0.390792	-0.400218	2248	
0.491147	-0.343532	543	
0.362063	-0.487729	3829	
0.299023	0.012459	1518	
0.212985	0.583250	1247	
0.159400	0.623368	1195	
0.402825	0.577150	1885	
-0.594310	0.435130	3767	
-0.025398	0.779655	1978	
-0.363127	-0.682774	2140	
-0.689943	0.399565	3832	
-0.817241	0.124080	3190	
0.651239	0.530542	4271	
0.870095	0.015867	3034	
-0.663540	0.577116	4829	
-0.818103	0.432513	3284	
-0.185139	-0.912103	441	
0.918586	-0.161061	1236	
0.773221	0.613023	2406	
0.560373	0.812157	1729	
0.556090	-0.380529	2420	
0.196305	-0.159495	950	
0.154031	-0.585371	4172	
0.249849	0.145068	899	
0.204816	-0.507001	439	
0.593947	-0.204000	904	
0.612970	0.086246	1622	
0.604646	-0.025553	1708	
0.537030	-0.249027	3366	
0.445907	-0.360489	3189	
0.392009	-0.375036	2248	
0.379859	-0.374053	1819	
0.393208	-0.393529	2248	
0.456553	-0.369407	3189	
0.528240	-0.297995	3408	
0.363993	-0.488356	3829	
0.299538	-0.070361	2117	
0.267741	-0.030634	1231	
0.046527	0.701603	3996	
0.698806	-0.132350	2516	
0.486033	0.537350	1938	
0.650713	0.353341	3736	
-0.212905	0.766645	4857	
0.780684	0.059353	3265	
0.100616	-0.818055	4666	
0.683442	-0.483317	2424	
-0.848422	-0.128680	2796	
0.309700	0.817301	827	
-0.358092	-0.812145	2414	
-0.631811	-0.678253	1041	
0.496502	-0.788523	614	
0.951951	0.257499	2063	
0.607738	0.285785	2731	
0.175996	-0.194195	1110	
0.154675	-0.585059	4172	
0.233290	0.176019	1174	
0.201271	-0.477242	641	
0.536709	-0.327232	2607	
0.618708	0.003260	1559	
0.609936	-0.014041	1559	
0.576961	-0.165282	512	
0.530118	-0.268783	3221	
0.484493	-0.331522	543	
0.498153	-0.320925	447	
0.529699	-0.282108	3408	
0.530903	-0.307530	3408	
0.288466	-0.524189	2352	
0.299436	0.003044	1518	
0.254530	-0.107517	3852	
0.040420	0.700054	3996	
0.303939	-0.659270	610	
0.671702	-0.280542	3644	
0.642693	-0.373113	3096	
-0.220789	-0.716401	2809	
0.559218	-0.550959	3926	
-0.556501	-0.568156	2853	
-0.385027	-0.732913	4682	
0.014416	0.858586	421	
0.799665	0.342143	2882	
-0.816130	0.325146	4068	
-0.924554	0.043474	4006	
-0.047052	-0.931888	857	
0.932795	-0.006637	877	
0.739035	0.653850	1889	
0.517063	0.840444	2336	
0.436007	0.498695	4629	
0.188266	-0.174385	870	
0.145832	-0.545108	2132	
0.187482	0.257224	1258	
0.202472	-0.402493	1411	
0.429573	-0.457697	494	
0.602146	-0.156228	2503	
0.614599	-0.057572	933	
0.609648	-0.061231	933	
0.587632	-0.154705	2503	
0.582440	-0.178850	512	
0.564117	-0.244285	3757	
0.463933	-0.407665	724	
0.219349	-0.472976	420	
0.250307	0.159541	1766	
0.116151	0.469649	1430	
0.044079	0.701816	3996	
0.056456	-0.749360	4117	
0.210318	-0.719556	1455	
0.056333	-0.774066	520	
-0.716114	-0.220605	3674	
0.178661	-0.783869	4342	
-0.792144	0.071680	3665	
-0.782192	0.265870	4633	
0.778507	0.312080	2882	
0.712631	-0.497547	4642	
-0.233560	0.852724	2879	
0.909911	0.067286	379	
-0.448393	-0.812173	957	
0.660402	-0.656596	2047	
0.906731	0.388780	1961	
0.648709	0.178137	2917	
0.227363	-0.091878	2860	
0.147091	-0.432841	4422	
0.149146	0.431979	2014	
0.237172	-0.251736	3054	
0.214831	-0.521851	4221	
0.455103	-0.430675	721	
0.554591	-0.280621	3250	
0.561992	-0.261064	3250	
0.534781	-0.312351	2607	
0.445137	-0.431159	721	
0.242955	-0.522320	952	
0.263945	-0.202952	1127	
0.625553	0.192119	2917	
0.187672	-0.184212	2265	
0.051766	0.687648	620	
0.453491	-0.556655	814	
0.205012	-0.721500	1455	
-0.201499	-0.706222	1266	
-0.677424	0.319171	1409	
-0.247258	-0.735651	3962	
-0.244090	0.772294	4514	
0.804929	-0.064377	4087	
0.806466	-0.222683	4188	
-0.840946	-0.168488	2960	
0.370310	0.789840	4300	
-0.748762	-0.466950	1913	
-0.742045	-0.555761	1635	
0.268915	-0.893752	2006	
0.828989	-0.532394	1998	
0.649269	0.743019	1872	
0.085294	-0.663211	1094	
0.202355	0.126837	1375	
0.201675	-0.221893	2288	
0.527559	0.381792	1071	
0.295289	-0.074111	2117	
0.216828	-0.329119	974	
0.204340	-0.456906	420	
0.234176	-0.525299	952	
0.226646	-0.513690	1291	
0.209793	-0.392258	1626	
0.275384	-0.165380	2278	
0.154175	0.465529	1865	
0.219590	-0.192534	3831	
0.080446	-0.421978	1065	
0.661173	-0.179459	2178	
0.707148	0.073235	2919	
0.661829	-0.302612	3644	
-0.029413	-0.770824	911	
-0.617973	0.423887	3560	
-0.405707	-0.658174	1918	
0.294617	0.726718	654	
0.283031	-0.765486	3884	
0.603390	-0.580641	566	
-0.623933	0.578770	4748	
0.671436	0.553865	4291	
-0.857188	0.191861	4959	
-0.916429	0.127615	2165	
-0.093616	-0.927395	812	
0.868716	-0.335380	4758	
0.080614	-0.389484	3402	
0.113442	0.272010	1212	
0.122610	0.347839	4704	
0.345946	-0.556036	4885	
0.197534	0.554865	2149	
0.230865	0.190043	1394	
0.299488	-0.026890	2489	
0.299153	-0.005875	1395	
0.185860	0.277817	1897	
0.623945	0.198759	3568	
0.197869	-0.237102	3195	
0.638154	-0.204089	907	
0.053935	0.692083	620	
0.479862	0.506155	567	
0.207347	0.669933	1316	
0.476262	0.545119	1938	
0.560679	-0.490797	4254	
-0.743028	0.078255	3068	
-0.343956	-0.692155	2140	
0.437429	0.648863	1360	
0.175222	-0.802631	3931	
0.364501	-0.760094	1654	
-0.318753	0.793845	4769	
0.800570	0.338894	2882	
-0.689217	0.544804	2434	
-0.185531	0.907513	876	
-0.324913	-0.869544	3715	
0.701532	-0.611870	389	
0.901317	0.400848	4159	
0.514008	0.842181	2336	
0.155240	-0.165731	1263	
0.336298	-0.584634	623	
0.110664	-0.527041	740	
0.134322	0.289442	1667	
0.152606	-0.398258	1364	
0.152464	-0.559237	2781	
0.148285	-0.474490	522	
0.249959	-0.117981	3852	
0.130590	-0.628659	2066	
0.151783	0.174760	752	
0.049050	0.688042	3996	
-0.646568	-0.245322	2544	
0.710605	-0.016611	2626	
-0.664865	0.272697	4242	
-0.590562	0.438889	3767	
0.656606	0.341918	3736	
-0.312999	-0.676354	4388	
-0.006803	-0.805252	2266	
0.150022	0.781831	2447	
0.223212	-0.788222	4334	
0.273425	-0.800653	4484	
-0.096818	0.854690	2349	
0.843806	0.209831	2836	
-0.485213	0.734040	4095	
0.828131	-0.363616	2416	
-0.485582	-0.789701	1357	
0.513181	-0.777279	922	
0.982305	-0.081885	1960	
0.069804	0.369183	800	
0.099448	0.250942	1055	
0.115175	-0.653777	4376	
0.099802	0.349835	4967	
0.098264	0.367615	2448	
0.092070	-0.501385	4921	
0.085684	-0.327063	2281	
0.051798	0.687670	620	
0.041038	0.700818	3996	
-0.076746	-0.714649	4928	
0.663052	-0.258551	2146	
-0.279400	0.674031	3782	
0.446335	0.568586	1541	
-0.129164	-0.736603	3955	
0.170568	0.724430	3101	
0.648779	-0.395494	3096	
0.510994	-0.597559	3103	
-0.527356	0.598769	2951	
0.413598	-0.695954	3098	
0.450758	-0.709123	3797	
-0.156879	0.844903	3008	
0.849098	0.187638	2790	
-0.384542	0.792985	2093	
0.155715	-0.886225	408	
-0.584851	-0.718442	2717	
0.360341	-0.860000	4236	
0.716215	0.601994	1367	
0.633852	0.756071	2284	
0.146248	0.154940	2768	
0.211510	-0.017303	2468	
0.011454	0.700068	3804	
0.041681	0.695668	3996	
0.053389	0.689284	620	
0.407751	-0.545107	1184	
-0.689533	-0.045079	2363	
-0.648314	0.286406	4242	
0.629741	0.327509	3784	
-0.429212	0.580323	2727	
0.615627	0.384848	2966	
-0.589718	-0.433850	2672	
0.541863	0.501136	2125	
-0.711647	-0.229418	3674	
-0.681936	-0.369016	4909	
0.758696	-0.185163	3053	
-0.727989	-0.320670	4494	
0.634221	0.504224	3122	
0.714072	-0.433956	1837	
-0.446022	0.725821	3123	
0.816931	0.296112	4124	
-0.424005	0.771631	3259	
-0.034651	-0.895958	1111	
-0.621726	-0.686769	1177	
0.289753	-0.886715	2823	
0.931885	-0.025793	877	
0.053789	0.690059	620	
0.052845	0.697228	620	
0.043803	0.701800	3996	
-0.625345	0.294292	657	
-0.560813	0.434798	3795	
0.707946	0.062275	2310	
0.014712	0.751711	604	
-0.697900	-0.168856	3059	
0.240491	0.679581	3502	
-0.499189	-0.533701	819	
0.631792	0.384553	3232	
-0.550344	0.508398	3287	
0.250463	0.723293	3860	
0.476906	-0.626350	1790	
0.317347	0.715258	2730	
-0.152749	-0.790769	4570	
-0.788985	-0.246085	905	
0.832543	0.087656	675	
-0.765888	0.367850	3357	
0.718389	0.489884	2245	
-0.584674	0.655909	4689	
0.229150	-0.868924	4534	
-0.599684	-0.705944	2717	
0.286340	-0.887766	2823	
0.923775	-0.123663	1078	
0.711634	0.683248	1674	
0.367763	0.915845	1501	
0.053862	0.690406	620	
0.565856	-0.384270	2420	
-0.684293	-0.179904	2456	
0.403699	0.574921	1885	
-0.568886	0.437496	3795	
0.713999	0.133792	463	
-0.599991	0.424268	3767	
0.100067	-0.766572	649	
0.423748	0.601210	840	
-0.622865	0.414288	4329	
0.759768	0.034340	3072	
0.188046	-0.780525	4342	
0.758092	0.188173	530	
-0.680499	-0.411005	635	
0.610513	-0.521827	2883	
0.176210	-0.830147	4084	
0.539874	0.641716	4206	
-0.640304	-0.571980	4936	
0.485963	0.722120	3976	
-0.795979	0.368948	3565	
0.891815	-0.159226	534	
-0.494524	-0.783639	1357	
0.363718	-0.858268	4236	
0.928242	-0.083445	1104	
0.706419	0.688576	1674	
0.053843	0.692860	620	
0.418013	0.530200	1943	
0.703097	0.102615	3185	
-0.607964	0.379970	3311	
0.336600	0.635585	4763	
-0.579714	-0.445516	2672	
0.740703	0.018349	3689	
0.034643	0.773217	774	
-0.604145	-0.437534	2672	
-0.371418	0.690106	4017	
0.353516	-0.709093	1668	
0.758789	0.184425	530	
-0.786742	-0.112111	3552	
0.369362	-0.721921	1668	
-0.643901	-0.518530	4732	
0.835787	0.023797	3153	
-0.514781	0.676549	1163	
0.869006	-0.010116	3118	
0.052758	0.880382	4487	
-0.874987	-0.076191	4833	
-0.451396	0.806803	570	
-0.320288	-0.870768	4888	
0.504512	-0.782468	614	
0.927862	0.084868	599	
0.661037	0.732291	1872	
0.315884	0.934977	2012	
0.541050	0.413168	794	
-0.679339	-0.122192	2043	
-0.705927	0.035311	1806	
-0.144970	0.728441	2628	
0.565365	0.452388	1660	
-0.313377	-0.655708	2162	
0.408706	0.610882	739	
-0.616381	0.423351	3767	
0.369654	-0.670997	1601	
-0.485642	-0.601117	1685	
0.711985	-0.320657	4414	
0.578242	0.523784	2250	
-0.652756	-0.452603	737	
0.445393	-0.673862	3582	
-0.754374	-0.336995	3076	
0.791869	-0.264196	3319	
0.176213	0.827896	4108	
-0.562379	-0.647628	3404	
0.548441	0.674971	834	
-0.574504	0.664304	4675	
-0.535172	-0.699369	2915	
-0.911191	-0.159934	4452	
-0.071388	-0.929077	857	
0.683349	-0.631517	2633	
0.497574	0.793483	606	
0.574813	0.801619	1729	
-0.713473	-0.055369	2363	
0.579551	-0.440420	4023	
-0.314839	0.675293	3640	
0.177221	-0.745014	1022	
0.115413	0.747509	875	
-0.580112	-0.467273	2273	
-0.492328	0.602915	1827	
0.486406	-0.617896	2584	
0.764600	0.156408	4135	
-0.573773	0.550612	3993	
-0.194328	-0.776446	4215	
0.688307	-0.410229	1837	
-0.509321	-0.650016	2963	
0.826432	-0.119320	4044	
0.190876	0.823485	3870	
-0.807433	-0.280848	4207	
0.694106	0.523148	4499	
-0.191626	0.862422	595	
-0.874156	-0.081163	4833	
0.814302	0.410457	1505	
-0.463420	-0.802542	957	
0.264005	-0.894358	2006	
0.854163	-0.368640	2359	
0.974628	0.144964	2078	
0.202578	0.966082	1181	
-0.080104	0.773716	1477	
-0.510866	0.548577	2048	
-0.497207	-0.553385	4217	
0.434486	0.622726	959	
0.275211	-0.747795	4530	
0.772935	0.106775	4443	
-0.267017	0.759537	4501	
-0.409263	-0.678828	1918	
0.551944	-0.584331	3898	
-0.818269	0.088262	3190	
0.438969	-0.715433	3797	
0.740828	0.387713	803	
-0.331516	0.786335	4466	
-0.588708	-0.622492	3913	
0.667304	0.556767	2874	
-0.140462	0.872757	3269	
-0.871984	0.092403	4940	
0.180841	-0.878705	4742	
-0.824296	-0.422026	2561	
-0.007612	-0.932480	1297	
0.637058	-0.678028	2820	
0.931316	0.022526	4335	
0.722909	0.671079	1674	
0.313351	0.935717	2012	
0.778956	0.040096	3265	
0.732639	0.266643	2497	
0.351855	0.695408	1203	
-0.792386	0.020553	3509	
-0.025688	-0.818741	3792	
0.677113	-0.428135	2055	
-0.808998	-0.156972	3858	
0.454199	-0.705009	3797	
0.778957	0.301857	2486	
0.077593	0.848972	3956	
-0.845145	0.070171	4094	
0.811847	-0.304867	3790	
0.433136	0.754486	4089	
-0.355611	0.805502	4366	
-0.876905	-0.013296	3041	
0.035133	-0.895063	3583	
-0.918012	-0.109765	4802	
-0.141505	-0.919453	467	
0.477436	-0.798970	1663	
0.895615	-0.253767	4559	
0.984834	-0.030786	704	
0.470302	0.867170	2993	
0.402204	0.699885	1640	
-0.806800	0.155406	2585	
-0.434448	-0.700920	3874	
0.536883	-0.640868	592	
0.823632	0.137509	1431	
0.438588	0.713028	2304	
-0.479216	0.701096	3394	
-0.823171	-0.215555	2960	
0.817296	-0.289459	3790	
0.468961	0.732154	4071	
-0.170325	0.866535	3845	
-0.770744	0.416519	3144	
-0.759934	-0.442128	1728	
0.744502	-0.498024	4420	
-0.849756	-0.367110	3065	
-0.093357	-0.926362	812	
0.458527	-0.810058	1663	
0.863218	-0.346580	4966	
0.771548	0.523821	2101	
0.584206	0.794606	2127	
0.057760	0.985795	3670	
-0.760679	0.369477	3095	
-0.836047	0.127377	3220	
-0.807537	-0.265373	3517	
-0.189533	-0.842257	4835	
0.851622	0.167736	1842	
0.452215	0.742600	3878	
-0.000248	0.882334	964	
-0.525660	0.702585	3124	
-0.861408	0.159038	3151	
-0.718244	-0.506678	1659	
0.372099	-0.812598	1223	
-0.880520	0.278821	508	
-0.389120	-0.841077	2703	
0.172244	-0.916451	2387	
0.600801	-0.710019	1876	
0.895667	-0.253010	4559	
0.812813	0.456117	730	
0.603578	0.779889	2839	
0.043836	0.986537	3229	
-0.619323	0.619654	4612	
-0.680902	0.550775	3353	
-0.790800	0.375264	3565	
-0.871287	0.087133	4940	
-0.833442	-0.274324	3107	
-0.569306	-0.668680	3393	
0.098371	-0.888944	4410	
0.452704	0.793888	452	
-0.848425	-0.369293	3065	
-0.219959	-0.901868	434	
0.208159	-0.908704	4893	
0.551502	-0.749024	4451	
0.822869	-0.432582	4093	
0.930506	0.033353	4793	
-0.325663	-0.923159	2332	
0.497956	0.851330	2336	
0.178599	0.970690	2211	
-0.002478	0.987640	564	
-0.910496	0.150627	2165	
-0.920091	-0.078079	4754	
-0.827310	-0.413648	2561	
-0.565498	-0.731859	629	
-0.220046	-0.901543	434	
0.086265	-0.928298	2320	
0.337849	-0.867716	4236	
0.560946	-0.741696	4451	
0.753208	-0.544840	4556	
0.895654	-0.251857	4559	
0.923745	0.114987	379	
0.548693	0.754899	4237	
0.608973	0.775575	2839	
0.265881	0.950103	2365	
0.038251	0.986683	3229	
-0.086539	0.983755	1259	
0.848918	-0.377424	2359	
0.855954	-0.361534	2416	
0.878453	-0.304318	4628	
0.908296	-0.201215	2217	
0.929458	-0.050250	3201	
0.921676	0.129383	4123	
0.869554	0.334373	4339	
0.599954	0.713854	1857	
0.788089	0.592190	2998	
0.378261	0.911051	1442	
0.147038	0.975898	2211	
-0.136441	0.977889	683	
-0.205008	0.965910	1182	
0.385944	0.907555	1442	
0.372499	0.913195	1501	
0.301392	0.939139	2365	
0.227304	0.959961	1181	
0.039961	0.986432	3229	
-0.146413	0.976339	3492	
-0.213331	0.963956	1182	
-0.284346	0.945464	2357	
-0.450067	0.878283	4522	
-0.420154	0.893015	1444	
-0.406055	0.899593	1444	
