time = 117.75	Re = 90
0.973558	-0.160919	3363	
0.984992	-0.058195	1960	
0.986036	0.030989	4750	
0.523789	-0.834992	3755	
0.563236	-0.808965	1732	
0.640477	-0.749295	2285	
0.728858	-0.663266	3630	
0.818140	-0.550296	1998	
0.892923	-0.417808	4585	
0.975934	-0.144758	3057	
0.986283	-0.024687	704	
0.974851	0.151588	3844	
-0.294308	-0.881335	4888	
-0.264198	-0.891043	377	
-0.189315	-0.911400	504	
-0.059721	-0.931324	857	
0.118972	-0.926855	1440	
0.360190	-0.860969	4236	
0.582065	-0.727991	4274	
0.802163	-0.474042	2272	
0.009712	-0.985347	1162	
0.798619	-0.578007	3120	
0.941770	-0.292715	3060	
0.980438	0.105442	2078	
0.933008	0.322799	1221	
-0.067384	0.923964	3198	
-0.068237	0.923827	3198	
-0.343670	0.858980	942	
-0.661081	0.646686	909	
-0.900565	0.212430	4925	
-0.895527	-0.236237	3812	
-0.763296	-0.525995	2126	
-0.562317	-0.736544	629	
-0.285887	-0.883578	4888	
0.109244	-0.927774	1440	
0.539575	-0.759879	4727	
0.856971	-0.365451	2359	
0.684072	-0.709122	3612	
0.952681	-0.254728	2021	
0.985547	0.037362	4750	
0.961855	0.217926	3830	
-0.187291	0.862982	396	
-0.174019	0.865843	3845	
-0.276696	0.836751	1304	
-0.450065	0.754599	3573	
-0.691030	0.539661	2434	
-0.863996	0.147809	3151	
-0.815925	-0.327635	4284	
-0.359240	-0.805835	2414	
0.815590	0.408780	1505	
-0.889614	0.252876	1133	
-0.763336	-0.525499	2126	
-0.423511	-0.825327	2034	
0.057190	-0.932097	1063	
0.597547	-0.714725	1876	
0.933400	-0.000798	877	
0.895697	-0.410903	4585	
0.986218	0.003643	2484	
0.955524	0.244892	2063	
-0.759358	0.370604	3095	
-0.712476	0.454828	3038	
-0.777369	0.330509	3945	
-0.843504	0.047006	3985	
-0.777113	-0.340962	3496	
-0.004149	-0.872399	4771	
0.800171	0.333989	2882	
0.390146	0.776904	4251	
-0.216008	0.854972	2879	
-0.782733	0.393009	3565	
-0.775012	-0.414925	1728	
0.534442	-0.717541	4895	
-0.856063	0.347826	1143	
-0.673768	-0.635821	860	
-0.208294	-0.906057	434	
0.436253	-0.823783	4846	
0.881214	-0.302927	4628	
0.886165	-0.431098	4585	
0.984398	0.057701	4338	
0.935501	0.314907	1221	
0.132728	0.803378	4316	
0.475782	0.640060	2253	
0.188037	0.785292	4524	
-0.813012	0.081082	3223	
-0.292118	-0.769587	2813	
0.634711	-0.538037	4542	
0.745884	0.369268	3165	
0.167804	0.825588	4108	
-0.772499	0.340298	3945	
-0.444686	-0.727160	643	
0.629680	0.596976	427	
-0.117296	0.875151	3269	
-0.825674	0.291550	4805	
-0.533320	-0.699314	2915	
0.165408	0.906112	4814	
-0.776367	-0.505545	1946	
-0.247466	-0.895113	377	
0.456879	-0.812250	1233	
0.913166	-0.188224	2217	
0.946677	-0.275262	2615	
0.136396	0.777648	1415	
0.216127	0.749067	3584	
0.137300	0.777262	1415	
-0.143973	0.793082	493	
-0.547780	0.564348	3367	
-0.618147	-0.487733	4181	
0.539233	-0.592195	3898	
0.765060	0.226025	3299	
-0.806706	0.122817	3190	
0.742659	-0.372083	2404	
0.365648	0.749520	1566	
-0.779877	0.322097	3945	
0.271286	-0.827712	4407	
0.268050	0.829102	4231	
-0.656619	0.579841	4829	
-0.716256	-0.509348	1659	
0.646957	0.644872	3145	
-0.729289	-0.571081	1993	
-0.106566	-0.925344	812	
0.650947	-0.665626	2047	
-0.140140	-0.973743	2391	
0.986047	0.000912	2484	
-0.379470	-0.629637	1470	
-0.420847	-0.603882	1012	
-0.344865	-0.648711	2595	
0.177459	-0.751011	4317	
0.744967	-0.063260	3882	
0.070456	0.773690	3599	
0.628022	-0.460522	4674	
0.297019	0.715849	1718	
-0.550248	0.561385	3367	
0.020983	-0.818106	3572	
0.768745	0.212723	391	
-0.594604	-0.563991	3883	
0.768863	0.317087	2882	
-0.404820	0.744859	3639	
-0.424510	-0.737660	643	
0.301792	0.816367	944	
-0.686814	0.543103	2434	
-0.585338	-0.655076	3393	
-0.567932	0.728113	4315	
-0.504495	-0.776865	1357	
0.259186	-0.896155	2006	
0.867954	-0.337173	4966	
0.952132	-0.255392	2021	
0.943183	0.290467	1221	
0.662381	0.270148	3117	
0.696689	0.159509	385	
0.414446	0.576749	1447	
-0.627423	-0.360834	2605	
0.447562	-0.587867	1770	
0.390400	0.613605	754	
-0.736664	-0.075358	3170	
-0.023753	-0.774895	911	
0.349791	0.658362	4154	
0.477147	-0.620555	1790	
0.074530	0.795058	4282	
-0.783297	-0.050439	3618	
0.788529	-0.117768	4613	
-0.777653	0.242805	3614	
0.816834	0.157708	1431	
-0.458810	0.711139	3394	
-0.085848	-0.861831	2379	
0.053681	0.877899	4487	
-0.863294	0.143990	3151	
0.148369	-0.882491	387	
-0.861662	-0.338105	4272	
-0.104558	-0.925305	812	
0.714615	-0.596282	1527	
0.673939	-0.718031	1873	
0.847674	0.505337	3049	
0.338703	-0.604765	623	
0.231247	-0.657768	2583	
-0.333739	0.614340	3738	
0.682584	0.175651	894	
-0.387635	-0.584532	601	
0.574208	-0.426220	2445	
0.161805	0.698415	4569	
0.085185	-0.761038	649	
0.367692	0.626687	4906	
-0.608667	-0.419173	2672	
0.562296	-0.494576	4254	
-0.758824	0.058394	2802	
0.303576	0.712571	1718	
-0.774600	0.116766	3693	
0.795384	-0.053311	2938	
-0.694425	-0.433147	635	
0.637572	0.533865	3122	
-0.815853	0.211409	4413	
0.781486	0.373830	2942	
-0.539601	0.690156	3124	
-0.641647	-0.599442	3808	
-0.699926	0.601627	4290	
-0.346395	-0.860162	2191	
0.531673	-0.764300	922	
0.873494	0.330168	4339	
0.975790	0.140614	2078	
0.052483	0.698402	620	
0.053803	0.693363	620	
0.170493	0.646760	1131	
0.698788	0.086327	2919	
-0.253858	-0.649437	1829	
0.692376	-0.169941	2469	
-0.706589	-0.156873	3059	
0.730474	-0.040840	3882	
-0.730036	0.121809	3698	
0.469906	-0.587075	1079	
-0.757620	-0.079708	3687	
0.121291	0.781834	4192	
-0.604386	-0.501289	4489	
0.705149	0.370668	863	
0.403383	-0.732169	3508	
-0.075950	0.850917	2349	
-0.393610	-0.753282	4682	
-0.080548	0.878510	3490	
-0.856349	-0.185825	2960	
0.898384	0.071458	379	
-0.508411	-0.773849	1357	
0.401076	-0.840901	4898	
0.932150	-0.013298	877	
0.979404	0.110495	2078	
0.833154	0.528834	1997	
0.100619	-0.218050	3752	
0.124426	-0.188129	488	
0.048204	0.701363	3996	
0.044477	0.701791	3996	
0.045775	0.690880	3996	
-0.516171	0.463467	2831	
-0.420286	0.578926	1860	
0.494081	-0.519993	1799	
-0.413834	0.600834	1879	
0.722572	-0.113862	3093	
-0.716206	-0.187766	3662	
0.722765	-0.184366	3590	
0.481382	-0.616177	2584	
-0.421595	0.667453	3434	
0.628635	-0.491524	2474	
-0.540643	0.608097	2951	
0.552194	0.621562	4818	
-0.808127	-0.244011	893	
0.278589	0.824550	4231	
-0.851677	0.199053	4684	
0.463400	-0.761618	614	
-0.613323	-0.693003	1177	
0.341976	-0.866921	4236	
0.928824	-0.077768	1104	
0.978113	0.121586	2078	
0.071222	0.522867	3859	
0.518859	-0.428836	2026	
0.195482	0.128224	792	
0.230346	0.041451	3416	
0.449881	0.486396	515	
0.623596	-0.254708	3241	
0.048314	0.701360	3996	
-0.678147	0.001154	1171	
0.664680	0.231461	3117	
0.473962	-0.539230	1799	
-0.722848	0.001740	2369	
0.451047	0.571109	1541	
-0.241780	-0.694316	3326	
-0.021455	0.786341	1978	
0.317926	0.705604	2730	
-0.578866	-0.529647	3298	
0.527402	0.596252	2684	
0.830229	0.015272	3153	
-0.783654	0.308735	3945	
0.587756	0.637105	1952	
-0.775914	0.402704	3137	
0.043452	-0.891845	1185	
-0.667822	-0.640752	860	
0.346815	-0.864869	4236	
0.931214	-0.039507	3201	
0.968186	0.185882	4672	
0.781069	0.603137	2998	
0.072299	0.410293	651	
0.169232	0.166637	644	
0.637321	0.197656	3568	
0.257738	-0.040067	1231	
0.145919	-0.392361	1613	
0.202867	-0.195782	4492	
0.107448	0.422053	2150	
0.186101	-0.166769	778	
0.040411	0.698172	3996	
0.082209	0.655716	2699	
-0.003676	0.748216	2870	
0.711722	-0.028581	3514	
0.244265	-0.709666	2946	
-0.676892	0.300869	3373	
0.701545	-0.252476	2385	
0.771883	-0.080207	2437	
-0.725544	0.293445	2629	
0.728956	0.320938	4460	
0.675413	-0.481972	2424	
-0.603427	0.588931	3771	
0.827847	0.252351	2836	
-0.736433	0.470990	3038	
0.024327	-0.892062	3947	
-0.606703	-0.698610	1177	
0.426860	-0.827615	4846	
0.924340	0.118434	553	
0.071724	0.452263	4973	
0.197405	-0.153201	950	
0.107769	0.478217	1430	
0.204471	-0.611615	1008	
0.539787	0.366871	1071	
0.179273	0.553914	2880	
0.154971	0.525041	2881	
0.322946	0.542403	2515	
0.252056	-0.604128	482	
0.257284	-0.620097	1302	
0.047629	0.701432	3996	
0.250171	0.617268	2003	
-0.003902	-0.751071	1334	
-0.667422	0.279610	4242	
0.191148	0.705681	1451	
0.224828	-0.732488	3781	
-0.230249	-0.731195	3840	
-0.561035	0.548696	3367	
0.793119	0.076696	3108	
0.515643	-0.652697	3130	
-0.540136	0.648090	3642	
0.852804	0.148657	4839	
-0.772738	0.408064	3144	
0.237601	-0.859797	1256	
-0.465114	-0.800727	957	
0.569892	-0.735644	4451	
0.647423	0.675325	2554	
0.892061	0.421084	3768	
0.072232	0.541774	4851	
0.195579	-0.157234	950	
0.249651	0.058657	741	
0.634276	-0.167526	2183	
0.148442	0.429394	2014	
0.296436	-0.060190	2117	
0.259103	-0.197736	2148	
0.243585	-0.234553	2635	
0.257905	-0.198240	2148	
0.173043	0.281219	1614	
0.374946	-0.541264	4955	
0.220863	0.073075	2395	
0.041845	0.695376	3996	
-0.113787	0.732406	1229	
0.626970	0.337431	3784	
0.715417	0.151743	463	
-0.087496	-0.757699	4610	
-0.692384	0.308339	3373	
-0.505554	0.601968	1827	
0.796420	0.014496	2897	
0.520019	-0.648925	3130	
-0.600341	0.591564	3771	
0.712472	0.492435	2245	
-0.842617	0.231745	4684	
0.767596	-0.451914	3838	
-0.261109	-0.889911	377	
0.732764	-0.572873	1527	
0.887527	-0.426722	4585	
0.118819	0.616411	1013	
0.220643	-0.105100	4773	
0.252357	0.047610	741	
0.655650	0.006273	1836	
0.183737	0.269792	995	
0.271495	-0.167413	1606	
0.212056	-0.361190	1202	
0.204255	-0.450145	3385	
0.204744	-0.479893	641	
0.200658	-0.447301	3468	
0.218622	-0.298347	3255	
0.149801	0.367473	4444	
0.214920	-0.173142	1499	
0.047152	0.689802	3996	
-0.279015	-0.616932	2842	
0.707265	-0.080290	3685	
0.653971	-0.327554	3756	
-0.214194	-0.705359	1266	
-0.660704	0.372363	4993	
-0.543775	0.566149	3367	
0.779525	0.164090	4135	
0.695701	-0.450927	2788	
-0.780031	0.315920	3945	
0.299143	0.816252	944	
-0.865405	-0.129715	4469	
0.252639	0.880368	2097	
0.009771	-0.932084	1297	
0.878263	-0.307698	4758	
0.982252	0.079378	4338	
0.728330	0.665866	1497	
0.632927	0.229066	2049	
0.238614	-0.016310	1986	
0.241436	0.084884	627	
0.655492	0.000285	1836	
0.249439	0.156826	1766	
0.247170	-0.241471	2038	
0.207548	-0.427236	3385	
0.283601	-0.530816	3188	
0.369015	-0.497168	4558	
0.408934	-0.471042	3465	
0.345045	-0.515475	4252	
0.205947	-0.507677	439	
0.224610	-0.279232	3255	
0.656914	-0.009899	1851	
0.086599	-0.438970	3650	
0.090700	0.691082	799	
0.651785	-0.287528	3644	
0.599479	-0.421203	4971	
-0.173716	-0.721974	1167	
-0.749696	0.108309	3129	
-0.643111	0.446986	594	
0.659477	0.445583	4201	
0.824309	0.097574	675	
-0.815584	-0.213707	1005	
-0.154838	0.867282	3845	
-0.660420	-0.576760	4908	
-0.918221	-0.097578	4990	
0.336295	-0.868597	4236	
0.929092	0.066588	599	
0.580210	-0.342716	2891	
0.130646	0.219635	2228	
0.212685	0.145576	1496	
0.649665	-0.085896	1703	
0.266442	0.123391	1888	
0.242837	-0.259285	3054	
0.223954	-0.493219	1291	
0.342669	-0.505489	4252	
0.465605	-0.405614	724	
0.529529	-0.316251	2607	
0.556228	-0.271440	3250	
0.549097	-0.293807	3408	
0.401998	-0.481238	3888	
0.195705	-0.424749	1684	
0.148425	0.517555	2082	
0.158670	0.177062	775	
0.639844	0.243979	2744	
0.660767	-0.265640	2146	
0.692756	-0.232619	2912	
0.075884	-0.773975	649	
0.194323	-0.771027	4317	
-0.774896	0.097561	3129	
0.365893	0.706271	999	
0.437233	0.706684	2304	
-0.403214	-0.743230	4682	
-0.606151	0.629847	4612	
-0.039711	-0.888790	998	
-0.434753	-0.817564	2034	
0.682629	-0.631370	2633	
0.700370	-0.691185	4645	
0.765125	0.623021	1889	
0.228465	-0.640310	1296	
0.097248	0.316904	3861	
0.162675	0.223737	789	
0.619468	-0.213976	907	
0.250529	0.157075	1766	
0.249076	-0.245593	2038	
0.234030	-0.500508	1291	
0.367225	-0.484852	3829	
0.480362	-0.379717	1062	
0.531063	-0.306393	3408	
0.568439	-0.232638	3757	
0.591875	-0.169720	512	
0.603570	-0.131480	1793	
0.559483	-0.283200	3250	
0.212166	-0.531390	2496	
0.162652	0.303954	921	
0.129969	-0.270055	4646	
0.422464	0.527653	1943	
0.711423	0.016676	2679	
0.642622	0.346807	3736	
0.458241	-0.595190	1770	
0.700962	0.331210	4162	
-0.344078	-0.703713	4011	
-0.659866	0.470267	648	
-0.317332	0.785670	4769	
0.864198	-0.022570	3118	
-0.866267	0.113113	3480	
0.874451	0.206385	374	
0.069028	-0.929727	1063	
0.912602	-0.184655	2217	
0.949672	0.265288	2063	
0.105267	-0.670787	3721	
0.087553	0.478262	3657	
0.110848	0.496855	1753	
0.537408	-0.376033	395	
0.205514	0.238590	1859	
0.261944	-0.214090	1396	
0.230855	-0.486883	3718	
0.354725	-0.488056	3829	
0.454635	-0.405659	724	
0.488861	-0.352867	3192	
0.501021	-0.327249	543	
0.532526	-0.276461	3408	
0.576740	-0.184587	512	
0.613831	-0.061094	933	
0.608187	-0.137592	1793	
0.245053	-0.553382	4010	
0.174972	0.269956	995	
0.084932	0.540728	4851	
-0.458514	-0.510211	3456	
0.513775	0.488110	2125	
-0.123353	0.757887	3218	
0.687134	0.289188	3679	
-0.095599	0.801195	4014	
0.780403	-0.154850	4537	
0.656227	-0.506349	2474	
-0.839895	0.045466	3985	
-0.153894	0.867203	3845	
-0.598053	-0.640021	1862	
-0.819185	-0.429030	2561	
0.556792	-0.744952	4451	
0.769750	0.526829	2101	
0.773477	0.612459	2406	
0.532283	0.830751	1689	
0.072744	-0.483773	4838	
0.116087	0.600931	1579	
0.352432	0.543348	3597	
0.355889	-0.549854	4885	
0.160463	0.377491	4444	
0.281393	-0.160542	2278	
0.226889	-0.462176	420	
0.329759	-0.495742	3891	
0.424811	-0.431421	494	
0.436384	-0.399464	721	
0.426740	-0.397358	3042	
0.443547	-0.381325	3189	
0.485693	-0.336516	543	
0.559701	-0.215269	3593	
0.613742	-0.004356	1559	
0.619918	-0.059905	933	
0.252724	-0.554976	4010	
0.140874	0.476577	1817	
0.071096	-0.662063	1094	
0.155724	0.680957	4863	
-0.720902	-0.037861	2363	
-0.704636	-0.224160	3674	
-0.467708	0.599799	2010	
-0.700135	0.348915	4657	
0.431362	0.667774	1360	
0.374626	0.741806	2259	
-0.173434	-0.836311	4232	
-0.770814	0.409479	3144	
0.545528	-0.700247	3467	
-0.038432	-0.930440	857	
0.897099	-0.247666	4559	
0.955344	0.242186	2063	
0.075365	-0.385024	4850	
0.644162	0.188864	2917	
0.646077	0.162357	2927	
0.171451	-0.597588	1711	
0.159459	0.499649	4244	
0.301172	-0.071220	2117	
0.224860	-0.409312	1758	
0.301857	-0.499710	3031	
0.391005	-0.455148	3465	
0.399259	-0.423304	3530	
0.381149	-0.419644	2748	
0.371490	-0.401788	1920	
0.387747	-0.396668	2248	
0.438043	-0.372106	3189	
0.546838	-0.238735	3757	
0.610686	-0.002931	1559	
0.623059	-0.020811	1559	
0.216675	-0.543345	2496	
0.649717	0.101517	2613	
0.045165	0.701769	3996	
0.241039	-0.689799	2946	
0.617438	-0.392686	4249	
0.301704	-0.697242	502	
0.739527	0.232811	3119	
-0.094193	-0.798911	2033	
-0.336866	-0.744194	3528	
-0.680612	0.494337	1908	
0.103704	0.869825	4337	
-0.695806	-0.532443	2440	
-0.900967	-0.202346	2807	
0.563140	-0.739916	4451	
0.762266	0.537384	2101	
0.729241	0.664523	1497	
0.479554	0.862498	2356	
0.081190	-0.305198	480	
0.124814	-0.658857	1787	
0.402681	-0.534270	4751	
0.148193	-0.449748	1502	
0.280132	0.550272	1373	
0.288352	0.069091	1804	
0.231994	-0.348046	1560	
0.274797	-0.494132	1436	
0.357014	-0.472109	3829	
0.371690	-0.435336	3242	
0.349987	-0.410581	1877	
0.349315	-0.378132	2971	
0.359662	-0.350568	1819	
0.371308	-0.369740	1819	
0.424411	-0.377221	2712	
0.543890	-0.237761	3757	
0.609514	0.055515	1662	
0.623914	-0.051146	933	
0.191427	-0.424826	1684	
0.146747	0.232519	3448	
0.674260	0.117552	2613	
0.583194	0.404939	4371	
-0.278085	0.699770	4107	
0.390476	0.630656	754	
-0.537277	0.571833	3367	
0.616486	0.502137	2704	
0.622398	0.548240	3513	
-0.309621	-0.787590	4073	
-0.768719	0.412850	3144	
0.555590	-0.691440	3467	
0.054690	-0.930395	1063	
0.920867	-0.137101	1236	
0.910681	0.378576	1961	
0.115793	-0.206060	2670	
0.089465	-0.440602	3650	
0.109037	-0.531217	740	
0.179060	-0.277510	2436	
0.645552	0.106161	2613	
0.246844	0.167759	1552	
0.265979	-0.215889	1396	
0.249896	-0.472081	903	
0.325347	-0.480573	3889	
0.351364	-0.441161	2834	
0.337803	-0.398287	1826	
0.351721	-0.324773	417	
0.385004	-0.229433	2975	
0.387350	-0.232033	2975	
0.380388	-0.299472	609	
0.420418	-0.368197	2712	
0.574635	-0.166550	472	
0.600316	0.149578	4554	
0.584831	-0.237752	3472	
0.289168	-0.010608	1395	
0.161632	-0.170168	1263	
-0.504581	0.501274	2019	
-0.075191	-0.747153	2343	
0.024014	-0.777453	809	
0.608199	-0.482229	4155	
-0.354614	-0.697069	4011	
-0.573934	-0.578740	3819	
-0.715226	0.441545	2386	
-0.034079	0.879956	4264	
-0.576756	-0.658469	3393	
-0.733846	-0.562497	1635	
0.697167	-0.614305	389	
0.519971	-0.834564	3755	
0.625829	0.762646	2839	
0.111388	0.190988	687	
0.105867	-0.282691	1408	
0.168385	-0.205779	1102	
0.146532	0.255296	2805	
0.503014	-0.420282	1664	
0.189852	0.278051	2230	
0.297634	-0.114343	2660	
0.234175	-0.415706	2694	
0.299788	-0.478846	2380	
0.334307	-0.444969	2834	
0.330865	-0.387819	1826	
0.356905	-0.288205	3946	
0.400794	-0.144095	706	
0.402035	-0.151384	706	
0.396512	-0.198743	4683	
0.382659	-0.291333	3866	
0.448220	-0.349763	2771	
0.598308	-0.062206	933	
0.597560	0.166033	4554	
0.275312	-0.555178	2337	
0.570005	-0.329603	2500	
0.052462	0.698473	620	
0.697765	0.138717	463	
-0.065230	0.768805	853	
0.469131	0.575760	1208	
-0.588575	0.517072	3902	
0.521150	0.600117	2684	
0.375901	0.740686	2259	
0.058739	-0.864563	1543	
-0.859319	0.152210	3151	
0.881577	0.155987	4839	
0.323481	-0.872943	4141	
0.920335	0.141466	4123	
0.783287	0.599469	2998	
0.079539	0.239985	694	
0.209032	-0.094593	3511	
0.216922	0.097536	351	
0.115571	0.452777	1280	
0.177980	-0.598360	401	
0.204527	0.549130	2149	
0.297035	0.050937	2289	
0.240287	-0.340880	1469	
0.269280	-0.466058	1344	
0.318892	-0.454892	3484	
0.323430	-0.395582	548	
0.348630	-0.292904	3941	
0.406470	-0.087174	1193	
0.413014	-0.028902	1538	
0.418454	-0.033731	989	
0.405968	-0.176165	1491	
0.384955	-0.310755	609	
0.509825	-0.285248	2849	
0.599580	0.104863	1895	
0.627326	0.027361	915	
0.201196	-0.351914	1202	
0.124943	0.608581	1863	
-0.016802	0.747268	2592	
0.000314	-0.763913	1438	
0.201995	-0.740483	4116	
0.758115	0.161755	530	
0.295121	-0.751148	3884	
0.445448	-0.702274	3797	
-0.836585	-0.085835	3084	
-0.475447	0.734029	4095	
-0.117780	-0.877050	608	
-0.182598	-0.910092	441	
0.878196	-0.305607	4758	
0.947336	0.273033	2063	
0.067251	0.346242	2895	
0.096688	0.252772	3564	
0.158860	0.604776	1057	
0.321859	-0.586363	623	
0.175816	-0.293941	2436	
0.639185	0.133130	2669	
0.204639	0.246820	1859	
0.284797	-0.170778	2700	
0.251484	-0.428704	3052	
0.292068	-0.466550	2380	
0.318972	-0.394847	548	
0.348272	-0.282950	3946	
0.406991	-0.048816	898	
0.403731	0.049977	2593	
0.401321	0.087155	4815	
0.421118	-0.004489	626	
0.408536	-0.185809	1491	
0.400629	-0.338424	1933	
0.583107	-0.124550	1793	
0.569341	0.242646	1754	
0.360119	-0.519292	4648	
0.638988	-0.157275	2183	
0.675972	0.000974	2267	
0.582609	0.404818	4371	
-0.546281	0.499880	3287	
-0.404640	0.646670	3796	
-0.764524	0.155449	2658	
0.052549	0.816315	4845	
-0.368061	0.760389	1321	
0.683397	0.530303	4291	
-0.749487	-0.452451	2166	
-0.909802	-0.153049	4452	
0.669105	-0.644679	2633	
0.325179	0.877868	2275	
0.577582	0.799650	1729	
0.067950	0.592827	3928	
0.073401	-0.546514	1279	
0.093198	-0.389839	4423	
0.194205	-0.164964	778	
0.119336	0.376939	4132	
0.230807	-0.601730	415	
0.162115	0.427955	965	
0.306660	0.008889	2036	
0.244959	-0.347366	2463	
0.276888	-0.449067	1148	
0.311015	-0.407719	2769	
0.345088	-0.283644	3946	
0.405968	-0.037535	898	
0.388443	0.108115	4739	
0.370810	0.185170	2972	
0.395466	0.127373	4808	
0.426640	-0.028206	1538	
0.393580	-0.265326	3288	
0.483561	-0.309497	447	
0.591015	0.141565	4661	
0.621316	0.093303	1622	
0.235085	-0.238676	2635	
0.073369	0.354674	800	
-0.258228	-0.646798	1829	
0.722403	-0.101786	3754	
0.690253	-0.279414	2146	
-0.210633	0.771938	4857	
0.732490	0.309250	2863	
0.675898	0.480057	4641	
-0.185200	-0.830629	4232	
-0.852284	0.185655	4959	
0.891655	-0.004086	3034	
0.394399	-0.842491	4898	
0.899846	0.239612	360	
0.702535	0.692392	1674	
0.073767	-0.302303	480	
0.078021	0.245279	1213	
0.183025	0.131269	851	
0.113768	0.595342	1579	
0.315490	-0.589553	623	
0.175046	-0.302183	3379	
0.606472	0.238963	2040	
0.206245	0.247365	1859	
0.274344	-0.228445	3631	
0.261168	-0.416333	3044	
0.299480	-0.414984	2769	
0.333548	-0.305705	3941	
0.403264	-0.055277	898	
0.378894	0.129740	3344	
0.345852	0.254452	3747	
0.362921	0.222761	1407	
0.406281	0.103802	4001	
0.423466	-0.124581	1329	
0.401055	-0.334668	1933	
0.593038	-0.069403	700	
0.543667	0.293612	3321	
0.277216	-0.556859	2337	
0.246289	-0.083606	437	
-0.638784	-0.262368	2187	
-0.621240	0.368185	4724	
-0.195358	-0.712552	1266	
0.662076	-0.402081	3096	
0.096902	-0.809808	4212	
0.416282	-0.720423	3098	
-0.817068	-0.200158	734	
-0.588250	0.645255	4689	
0.189563	-0.870007	4742	
0.043260	-0.930500	1063	
0.926912	-0.085206	1104	
0.842338	0.512700	2564	
0.375857	0.912533	1501	
0.053919	0.690953	620	
0.454867	-0.501942	475	
0.102282	-0.231123	3752	
0.153324	-0.191260	1713	
0.213485	0.106160	854	
0.115993	0.451216	1280	
0.200573	-0.602179	4725	
0.163370	0.418552	965	
0.308890	0.000925	2433	
0.255849	-0.360801	2364	
0.277204	-0.429524	3503	
0.321604	-0.328524	4882	
0.389425	-0.123929	2261	
0.365138	0.163075	3406	
0.334224	0.299550	588	
0.347925	0.299109	550	
0.372214	0.223565	1407	
0.427748	0.014623	890	
0.401834	-0.260166	3923	
0.522176	-0.254003	3221	
0.555714	0.251095	1754	
0.627877	-0.077787	1073	
0.138855	0.438581	2538	
0.041699	0.695591	3996	
0.639275	0.310457	3784	
-0.549044	0.496125	3287	
-0.521186	0.550650	2924	
-0.778490	-0.051586	3618	
-0.246673	0.779451	4514	
-0.636743	0.547563	4848	
-0.018953	0.879709	964	
-0.451094	-0.749630	838	
-0.452679	-0.806533	957	
0.846678	-0.382312	2359	
0.969331	0.175651	4672	
0.413633	0.895965	1442	
0.076069	-0.447057	2639	
0.088903	-0.550495	353	
0.112285	-0.515485	1187	
0.200464	-0.238635	2858	
0.589065	0.275881	2731	
0.235467	0.200828	1633	
0.266604	-0.271303	1945	
0.271791	-0.403807	4042	
0.315283	-0.340707	4788	
0.373874	-0.170485	2168	
0.368114	0.147094	3498	
0.331722	0.327108	1021	
0.363214	0.337273	1268	
0.365110	0.281198	1841	
0.405563	0.132729	4166	
0.425453	-0.145201	766	
0.430526	-0.332574	2086	
0.592800	0.117364	3722	
0.569317	0.256776	1754	
0.193692	-0.389129	1139	
0.069839	0.483770	4858	
0.240973	-0.689642	2946	
0.580689	0.439143	1660	
0.708696	0.226023	3162	
-0.644602	0.443077	594	
0.339440	0.718274	999	
-0.032231	0.850265	4264	
0.810604	-0.288239	3319	
-0.791068	-0.373123	3425	
-0.920545	-0.047632	4278	
0.717174	-0.590044	1527	
0.120285	0.931285	3520	
0.324188	-0.597433	623	
0.078365	0.527161	3859	
0.098841	0.355467	4298	
0.121108	0.524065	3950	
0.227548	-0.600826	415	
0.165432	0.395070	1002	
0.305107	-0.132292	3900	
0.269373	-0.370392	3974	
0.306619	-0.350846	4630	
0.371151	-0.174442	2168	
0.362813	0.157554	3406	
0.332480	0.343495	1021	
0.384704	0.343407	2423	
0.369112	0.290373	1624	
0.386799	0.205825	4787	
0.435043	-0.049809	989	
0.404331	-0.317455	795	
0.592706	-0.049826	1708	
0.495454	0.362298	4324	
0.249509	-0.562870	4010	
0.551403	0.371109	3561	
0.401750	0.565314	1447	
0.377729	-0.634999	1495	
0.557243	-0.497024	4254	
-0.035577	0.805776	1011	
0.740421	0.288619	2863	
0.634792	0.532380	3122	
-0.032200	-0.859980	1120	
-0.872061	0.013988	3822	
0.624507	0.649639	531	
0.578143	-0.727238	4274	
0.791606	0.490885	4250	
0.532983	0.829846	1689	
0.229914	0.959917	1181	
0.065128	0.553261	3865	
0.181597	-0.151553	2847	
0.114707	-0.461006	399	
0.165622	-0.357165	518	
0.219483	0.544210	2945	
0.292608	0.085190	1821	
0.268738	-0.324039	3401	
0.297607	-0.354963	3471	
0.365379	-0.187380	1630	
0.358399	0.167446	2527	
0.336403	0.357377	1350	
0.412549	0.334644	3506	
0.379983	0.314384	1912	
0.390175	0.209181	1638	
0.430967	0.047704	1673	
0.408865	-0.257647	3954	
0.562113	-0.167833	472	
0.476658	0.374733	4324	
0.493941	-0.403966	664	
0.172277	-0.616926	401	
-0.432998	0.539881	2223	
-0.683568	0.228464	2621	
0.123974	-0.764331	1295	
0.727933	0.264152	2497	
0.619598	-0.497925	2883	
0.811030	-0.161645	4485	
-0.483269	-0.689435	3769	
-0.817237	0.302555	4068	
0.767601	-0.441529	3838	
0.436387	-0.820860	4846	
0.877690	0.311808	4339	
0.074699	-0.577622	4234	
0.103851	0.317675	1314	
0.243796	0.103377	938	
0.650964	0.010415	1836	
0.232250	0.211156	1633	
0.277666	-0.269686	2065	
0.283435	-0.367312	4039	
0.357766	-0.202177	1786	
0.356132	0.171991	2527	
0.340921	0.365971	1261	
0.442259	0.313421	2843	
0.384128	0.300693	1912	
0.429606	0.121417	2667	
0.422493	0.105427	1870	
0.422682	-0.194682	3105	
0.490842	-0.282043	2721	
0.516572	0.315227	2551	
0.632417	0.036146	1106	
0.155458	0.540881	2300	
0.514135	0.431708	722	
0.200667	0.673920	1316	
-0.570653	-0.465721	2273	
0.054109	-0.796160	1370	
-0.116811	-0.790106	3017	
0.401506	-0.728417	2724	
-0.773639	-0.330333	3496	
-0.697498	0.523389	2434	
0.470665	-0.750636	4734	
0.299241	-0.881105	2823	
0.914400	0.173362	2986	
0.666162	0.727304	1872	
0.218496	0.962571	1181	
0.067186	0.586934	3928	
0.089884	-0.588679	432	
0.198292	0.583988	1338	
0.293710	-0.579140	3191	
0.179739	0.331249	1172	
0.292991	-0.202965	2920	
0.280567	-0.347818	3471	
0.357431	-0.197591	1786	
0.353489	0.177339	2527	
0.346656	0.373402	1261	
0.471777	0.279811	2610	
0.386335	0.259430	2465	
0.461237	0.023623	2735	
0.431411	0.090644	1675	
0.432493	-0.147585	766	
0.457519	-0.312645	4350	
0.543351	0.264501	3321	
0.582759	0.239870	1956	
0.202228	0.208770	1650	
0.042170	0.694878	3996	
0.519027	0.480488	2125	
-0.724624	0.133571	3698	
-0.717328	0.231110	3001	
-0.601729	-0.495963	4489	
-0.707531	-0.398423	1151	
-0.838676	0.021837	3897	
-0.573576	0.657821	4675	
0.157611	-0.875670	408	
0.179381	-0.913708	2387	
0.927225	0.075379	599	
0.718990	0.674955	1674	
0.225747	-0.033758	3026	
0.143213	-0.632668	422	
0.161845	-0.563933	3605	
0.165116	0.437023	1535	
0.304473	-0.164365	3855	
0.284024	-0.327635	3922	
0.353047	-0.201828	1786	
0.345615	0.195858	4557	
0.367006	0.375485	1481	
0.495525	0.239132	2875	
0.404374	0.197387	1638	
0.483466	-0.015410	3932	
0.456936	0.027757	2735	
0.436042	-0.127875	766	
0.446284	-0.320003	1947	
0.558872	0.229033	2918	
0.521277	0.340329	4362	
0.264390	-0.150511	1606	
0.048732	0.701269	3996	
0.679932	0.207806	2808	
-0.568573	0.472187	3765	
-0.635365	0.409367	3942	
-0.721544	-0.296470	3697	
-0.580381	0.557954	3993	
-0.811182	0.211135	4413	
-0.468990	0.737284	4103	
-0.039013	-0.886140	998	
0.078084	-0.927937	1063	
0.930375	0.000116	877	
0.750614	0.639496	1889	
0.093396	0.269633	1648	
0.115273	-0.490837	1974	
0.155178	-0.489334	2199	
0.168669	0.479117	3817	
0.311829	-0.137564	3709	
0.288258	-0.310420	3924	
0.361996	-0.171522	4540	
0.330592	0.233484	4450	
0.395489	0.367270	3047	
0.516056	0.192691	3966	
0.412851	0.177883	3507	
0.497613	-0.014817	3932	
0.478828	-0.044640	3621	
0.444435	-0.083665	2141	
0.440672	-0.317179	1947	
0.573781	0.180935	4708	
0.475442	0.393136	3174	
0.210580	-0.297663	761	
0.040341	0.699135	3996	
0.710749	0.010694	2679	
-0.408023	0.621777	3796	
-0.536262	0.534671	2924	
-0.757744	-0.184751	4336	
-0.442211	0.676605	3434	
-0.782456	0.300277	4120	
-0.404390	0.775817	2093	
-0.121750	-0.874863	608	
-0.010491	-0.930527	1297	
0.929614	-0.035261	877	
0.767988	0.618341	2406	
0.187336	0.969149	1096	
0.084968	-0.248539	4016	
0.085280	0.320505	4632	
0.116546	-0.464163	393	
0.155578	-0.483834	2199	
0.170145	0.484653	4200	
0.315282	-0.124834	3378	
0.292591	-0.296860	3258	
0.373296	-0.122639	4518	
0.313535	0.282498	3981	
0.439426	0.336970	4639	
0.498921	0.225401	3574	
0.468187	0.039216	2321	
0.514215	0.024352	3263	
0.485634	-0.051092	3621	
0.448567	-0.062776	2141	
0.436162	-0.314426	1947	
0.572042	0.184785	4708	
0.448703	0.417970	3445	
0.192352	-0.386856	1139	
0.050073	0.700702	4553	
0.709308	-0.046427	2567	
-0.356665	0.655363	3751	
-0.490391	0.578746	2459	
-0.761244	-0.169318	4336	
-0.431705	0.683707	3434	
-0.781190	0.303013	4120	
-0.399317	0.778437	2093	
-0.126326	-0.873919	608	
-0.011824	-0.930420	1297	
0.930015	-0.020796	877	
0.761157	0.626713	1889	
0.118380	0.213875	4640	
0.118327	-0.596223	2482	
0.159763	-0.549984	2781	
0.168048	0.439349	1535	
0.314192	-0.143453	3709	
0.302048	-0.284127	2841	
0.382277	-0.059856	1353	
0.304438	0.326876	930	
0.489104	0.275018	2916	
0.514068	0.180677	3834	
0.478918	0.012294	2735	
0.502319	0.157906	3914	
0.512044	-0.012471	3932	
0.450170	-0.066523	2141	
0.442400	-0.311004	4350	
0.563630	0.208698	1324	
0.435147	0.429870	3413	
0.198658	-0.345826	1371	
0.053583	0.694332	620	
0.707795	0.065000	2919	
-0.449577	0.590122	2010	
-0.575396	0.491060	3765	
-0.743786	-0.234919	4372	
-0.491277	0.639867	2091	
-0.800269	0.247230	4889	
-0.460325	0.742562	4103	
-0.050272	-0.884792	998	
0.067888	-0.928528	1063	
0.929532	0.032426	4793	
0.726272	0.666946	1497	
0.135644	0.977799	2211	
0.135342	-0.222092	3039	
0.417796	0.499557	3731	
0.408388	-0.507416	4607	
0.183410	0.333383	1172	
0.314164	-0.176047	3289	
0.330425	-0.229361	1861	
0.380302	0.024097	2984	
0.321152	0.383497	1310	
0.518522	0.219904	3574	
0.400415	0.300614	1910	
0.511615	0.046058	4115	
0.429154	0.243400	1621	
0.519045	0.033188	350	
0.450957	-0.085853	2537	
0.454692	-0.303273	4350	
0.542160	0.258598	1754	
0.438166	0.428939	3413	
0.234904	-0.223206	4180	
0.053364	0.689254	620	
0.635403	0.317092	3784	
-0.633232	0.379121	4724	
-0.685840	0.314137	3373	
-0.677432	-0.386008	4909	
-0.653068	0.469077	648	
-0.830935	0.106561	3220	
-0.575198	0.655896	4675	
0.125436	-0.880374	4288	
0.223344	-0.903484	3307	
0.921837	0.123437	553	
0.672794	0.720843	1872	
0.095537	0.217754	4511	
0.126288	0.595859	1579	
0.209871	0.170796	1284	
0.642050	0.096230	1906	
0.217826	0.246218	1969	
0.314456	-0.200454	4654	
0.351087	-0.177943	2081	
0.351481	0.151589	3498	
0.397909	0.375526	3047	
0.545660	0.090456	1939	
0.419152	0.174795	3668	
0.475487	0.201687	2390	
0.432752	0.236457	1621	
0.520755	0.049649	350	
0.449761	-0.115136	2070	
0.487059	-0.278517	2721	
0.490225	0.343066	3761	
0.468181	0.405150	2785	
0.277743	0.047240	932	
0.041226	0.696303	3996	
0.385052	0.587553	1885	
-0.734340	-0.058316	3170	
-0.735497	-0.168084	3059	
-0.492818	-0.602816	1685	
-0.612346	-0.532056	4179	
-0.827155	-0.141318	3858	
-0.697343	0.522567	2434	
0.376265	-0.802156	4605	
0.373472	-0.851255	2677	
0.894882	0.255097	985	
0.594022	0.786959	2127	
0.080085	0.406509	695	
0.149721	-0.259226	2815	
0.172800	-0.337204	4500	
0.256059	0.543820	692	
0.318268	0.033564	2907	
0.316734	-0.214337	4526	
0.372596	-0.087563	4256	
0.303641	0.314404	390	
0.493207	0.276764	2916	
0.536565	0.104083	4056	
0.469817	0.040603	2321	
0.478284	0.192893	2877	
0.429606	0.226814	1621	
0.518834	0.003361	490	
0.437950	-0.190981	2167	
0.512580	-0.241766	3221	
0.425479	0.409765	3413	
0.544579	0.317214	2634	
0.137791	0.426139	2000	
0.502664	0.444021	3369	
-0.013039	0.754676	2592	
-0.361630	-0.637056	1849	
0.399547	-0.668858	1976	
0.190775	-0.787176	4342	
0.603853	-0.563015	566	
-0.669495	-0.508580	4732	
-0.808503	0.322966	4068	
0.675300	-0.569383	425	
0.528532	-0.763367	922	
0.841935	0.397044	372	
0.483951	0.859299	2356	
0.011307	0.987612	3229	
0.274048	-0.616615	2412	
0.375102	0.527364	831	
0.357760	-0.541525	4907	
0.172547	0.417763	1603	
0.330775	-0.088369	3910	
0.336504	-0.190440	484	
0.372326	0.055666	2276	
0.316836	0.391440	1310	
0.547692	0.132571	4806	
0.482032	0.238107	2396	
0.508265	0.055054	4115	
0.460392	0.210299	1605	
0.432440	0.199563	1097	
0.504734	-0.062069	3770	
0.436474	-0.223916	3336	
0.558039	-0.144055	356	
0.359318	0.454342	3244	
0.634908	0.040545	1106	
0.417942	-0.511970	1184	
-0.598914	0.342015	2506	
-0.640795	-0.327607	2605	
0.424882	-0.619871	2103	
0.517033	0.573512	3045	
0.769023	-0.191511	3053	
0.813562	0.149459	1431	
-0.251584	-0.806680	2661	
-0.869881	0.039037	4777	
0.885510	-0.052608	3880	
0.672300	-0.639678	2633	
0.746929	0.556013	1401	
0.341639	-0.587079	623	
0.209888	0.084136	351	
0.125648	-0.368233	1822	
0.195001	-0.267535	3262	
0.410679	0.481048	2783	
0.256836	0.189037	1968	
0.331681	-0.151409	4681	
0.365651	-0.106576	4601	
0.322432	0.220750	4450	
0.448687	0.339412	4639	
0.549030	0.011502	465	
0.404201	0.224235	988	
0.499411	0.107550	3563	
0.467649	0.159889	2389	
0.435150	0.170297	1739	
0.473934	-0.073358	2537	
0.441694	-0.267227	3691	
0.585085	0.098330	3722	
0.290983	0.484187	1924	
0.468288	-0.436318	2399	
0.194746	0.594576	1247	
0.140863	0.685329	3894	
0.659224	-0.310549	3990	
0.718447	-0.188610	3590	
-0.430217	0.658965	3739	
0.528513	0.591345	3045	
0.369124	0.741742	1566	
0.338549	-0.787885	2131	
-0.819349	-0.300611	4207	
0.172277	0.892166	511	
0.796351	-0.476232	2272	
0.572142	0.735453	4237	
0.237205	0.957680	1181	
0.064348	-0.657513	4101	
0.080059	0.411674	695	
0.102159	0.339564	4867	
0.143999	0.300276	1903	
0.353747	-0.543210	4907	
0.177138	0.478071	4740	
0.328601	0.001540	3690	
0.333188	-0.164456	4681	
0.371200	0.039328	3525	
0.311338	0.387646	1310	
0.544002	0.164126	4482	
0.540175	0.021702	371	
0.468009	0.052706	2321	
0.494137	0.128730	3320	
0.459613	0.130651	2350	
0.454520	0.256291	1746	
0.461978	-0.104921	2070	
0.481768	-0.269521	2721	
0.511939	0.305602	2551	
0.317741	0.488408	2421	
0.195352	-0.539324	2496	
0.123122	0.191967	681	
0.579340	-0.416630	2445	
0.207644	0.695267	4046	
0.410474	0.614150	739	
-0.777584	0.044495	3493	
-0.103434	0.815951	4643	
-0.459296	0.703743	3394	
0.846382	0.158070	2790	
-0.565033	-0.665384	3393	
-0.783277	-0.487508	2501	
0.891436	-0.260690	4559	
-0.476646	0.812672	570	
0.115399	0.980275	1255	
0.042988	0.701738	3996	
0.063835	-0.621415	4323	
0.091307	0.592912	719	
0.353245	0.547821	3597	
0.662674	0.017629	1836	
0.170772	-0.355943	518	
0.434776	0.462878	2695	
0.232683	0.235941	2905	
0.340858	-0.091608	2576	
0.366187	-0.078277	1006	
0.326849	0.194471	4557	
0.417002	0.372601	4062	
0.558302	0.034695	1017	
0.486199	0.229959	2875	
0.503325	0.061334	4310	
0.484624	0.101489	2777	
0.452530	0.138202	4525	
0.518368	-0.025287	3671	
0.443821	-0.229142	3336	
0.547576	-0.167791	356	
0.362416	0.446626	1914	
0.470684	0.409688	2785	
0.190001	0.224929	1650	
0.052944	0.688435	620	
0.289314	0.636500	3531	
-0.734609	-0.044477	3170	
-0.748958	0.070033	3068	
-0.584438	-0.513876	4179	
-0.658812	0.459759	648	
-0.824828	0.139813	2585	
-0.511603	0.706860	3124	
-0.045736	-0.884487	998	
-0.015935	-0.929792	1297	
0.929072	0.031326	4793	
0.775705	0.608038	2998	
0.003991	0.987541	564	
0.210465	-0.027134	2468	
0.095422	-0.265673	4247	
0.102402	-0.345606	1405	
0.136947	-0.309717	2377	
0.264157	0.058318	932	
0.500353	-0.414705	4458	
0.182635	0.492034	3607	
0.319766	0.057956	3827	
0.343760	-0.113049	1561	
0.366014	0.046472	3525	
0.302455	0.381997	1310	
0.540493	0.186750	2071	
0.533717	-0.063261	2909	
0.399986	0.268780	4210	
0.493601	0.070971	4310	
0.472803	0.092049	2342	
0.407745	0.259316	4210	
0.473105	-0.117973	4102	
0.461951	-0.269735	4825	
0.564584	0.187493	4588	
0.258955	0.473863	1894	
0.582140	-0.265292	3361	
0.154297	-0.297093	492	
-0.119076	-0.679915	1544	
-0.356837	-0.617781	1849	
0.502991	-0.553787	3020	
0.590921	0.496980	2704	
0.696724	-0.376560	735	
0.814646	-0.129249	4340	
-0.552114	-0.633071	3404	
-0.844070	0.211506	4684	
0.649052	-0.598358	3040	
0.534810	-0.758592	4727	
0.853995	0.369527	373	
0.481421	0.860516	2356	
-0.088872	0.983512	1259	
0.065928	-0.555459	3824	
0.079566	0.511711	4510	
0.112725	0.584010	1579	
0.645000	0.154714	2927	
0.167230	-0.382668	859	
0.482255	0.419656	4292	
0.212558	0.281270	2948	
0.343208	-0.027840	3094	
0.366395	-0.034197	4736	
0.317866	0.211322	4226	
0.391158	0.393080	3056	
0.561459	0.028007	1017	
0.530440	-0.050008	2909	
0.401530	0.254131	4210	
0.490510	0.059414	4310	
0.432091	0.162953	1739	
0.524628	-0.009137	465	
0.450899	-0.232446	2096	
0.549428	-0.160778	356	
0.384962	0.432909	2455	
0.307710	0.496141	2107	
0.184364	-0.472528	3543	
0.657519	-0.145482	1682	
0.572667	-0.426095	2445	
0.400830	0.601477	739	
0.596491	0.440224	2644	
-0.733272	0.265035	3156	
0.235789	0.761087	3930	
0.087023	0.838183	3956	
0.481414	-0.705123	4579	
-0.786274	-0.378359	3425	
0.670562	0.590421	2722	
0.790722	-0.485000	2272	
0.646400	0.670567	2554	
0.073971	0.600035	3986	
0.215786	0.071073	2395	
0.220980	-0.127938	3786	
0.203718	0.186683	821	
0.353351	-0.541871	4907	
0.220434	0.532604	4901	
0.284135	0.152301	2741	
0.349562	-0.049484	430	
0.358290	0.073723	4369	
0.284975	0.346004	825	
0.511849	0.262293	3283	
0.550749	-0.059012	2693	
0.526326	-0.037387	3671	
0.406676	0.276015	1910	
0.403720	0.251588	4210	
0.525511	0.073892	4174	
0.468393	-0.145135	2025	
0.487008	-0.249478	2417	
0.544771	0.237050	2918	
0.253520	0.454871	1894	
0.638152	0.041986	1106	
0.596347	0.278181	2731	
-0.446699	-0.498311	3456	
-0.057743	0.751590	459	
-0.632533	-0.376014	3619	
-0.750869	-0.044556	3534	
-0.556428	-0.543377	2826	
-0.636119	0.490476	4186	
-0.800902	0.239446	4889	
-0.145177	0.866685	3269	
-0.240195	-0.843353	407	
-0.584512	-0.713369	2717	
0.917818	-0.144423	1236	
-0.419660	0.840473	2013	
0.029864	0.986897	3229	
0.081401	0.255481	936	
0.105012	-0.333490	1030	
0.121440	-0.437334	1265	
0.234758	-0.184333	1839	
0.635900	0.118154	2669	
0.179295	0.460780	2723	
0.326456	0.067224	3659	
0.359153	-0.017572	4826	
0.322455	0.188122	4311	
0.357861	0.406773	1519	
0.563190	0.094239	1925	
0.528457	-0.119420	1735	
0.513699	-0.081985	3675	
0.522301	0.128054	3766	
0.529956	0.038648	371	
0.472529	-0.142070	4102	
0.469418	-0.249140	2417	
0.576936	-0.039391	1493	
0.326568	0.453852	1523	
0.291971	0.499612	2107	
0.189563	-0.526146	4326	
0.081968	-0.621264	349	
-0.202565	-0.667406	1178	
0.726296	-0.043880	3882	
0.734241	-0.109150	3754	
-0.176144	0.781741	2873	
0.784574	0.112770	4443	
0.801560	0.200193	733	
-0.425696	-0.723931	3874	
-0.857716	0.145319	3151	
0.605532	-0.642033	4313	
0.482677	-0.792673	1663	
0.887051	0.279416	985	
0.202328	0.076666	2485	
0.095250	-0.611953	1575	
0.609937	-0.259748	3241	
0.180518	-0.322106	2933	
0.563145	0.313300	3308	
0.200526	0.324968	2313	
0.338850	0.042800	3347	
0.355780	0.058514	4369	
0.288101	0.284241	4726	
0.438161	0.362084	4384	
0.566835	0.016292	1129	
0.519068	-0.144208	4432	
0.501025	-0.129686	4432	
0.496122	-0.126570	4102	
0.477288	-0.158257	771	
0.476139	-0.238325	2417	
0.569574	-0.084214	639	
0.408014	0.412133	3444	
0.238267	0.455762	2046	
0.612505	-0.186998	512	
0.446620	-0.487761	414	
-0.054773	-0.704207	785	
-0.019578	0.753867	2592	
-0.729938	-0.090322	3687	
-0.718823	0.222947	3001	
-0.704983	-0.331076	4669	
-0.371952	0.719567	4017	
-0.525684	0.653217	867	
0.827874	-0.218720	4953	
-0.670058	-0.559227	4908	
0.398760	0.804651	469	
0.826210	-0.421197	4093	
0.625692	0.689620	1846	
0.213615	0.963146	1181	
0.179329	-0.134051	1103	
0.638514	0.200551	3568	
0.262053	0.569511	1130	
0.165793	-0.505110	2791	
0.453355	0.444954	3455	
0.232633	0.255006	3327	
0.340639	0.047767	3850	
0.341243	0.119135	3523	
0.276127	0.339963	1214	
0.478448	0.320380	3854	
0.566358	-0.011589	1239	
0.521844	-0.158534	354	
0.495171	-0.184915	527	
0.488478	-0.212152	3312	
0.497711	-0.218755	3155	
0.573601	-0.058972	2693	
0.442588	0.381476	2888	
0.244869	0.430471	1419	
0.443142	0.438083	3445	
0.282815	-0.046243	1333	
0.049347	0.701128	4553	
0.576158	-0.420970	2445	
0.680109	0.259475	3117	
0.741296	-0.035376	3882	
-0.024732	0.804875	2609	
0.762565	-0.210681	3053	
0.780453	-0.261709	3115	
-0.718642	-0.432984	2166	
-0.771096	0.402414	3144	
0.216756	-0.860065	4534	
-0.055334	-0.927269	857	
0.928473	0.032845	4793	
0.560425	-0.804575	1732	
0.136705	-0.193023	697	
0.476290	0.459538	4693	
0.130734	0.502796	418	
0.188259	-0.574972	3743	
0.340706	0.515435	3172	
0.235871	0.251522	3327	
0.335871	0.071085	3659	
0.322689	0.170551	2256	
0.274371	0.368722	920	
0.494949	0.299399	2601	
0.571215	0.034705	1017	
0.544790	-0.119392	382	
0.526934	-0.166999	354	
0.541026	-0.150168	356	
0.578987	0.008077	1129	
0.424404	0.396151	3444	
0.252866	0.427537	1548	
0.281760	0.507170	997	
0.216327	-0.566608	4033	
0.101900	-0.608240	1575	
0.587502	-0.377132	2420	
-0.596951	0.399960	3311	
-0.401673	-0.611955	2523	
-0.749124	-0.066156	3170	
-0.651037	-0.426255	3762	
-0.421180	0.689452	3434	
-0.505088	0.669373	1163	
0.678837	-0.515054	2903	
-0.753241	-0.439819	2166	
0.861587	0.208392	374	
0.763433	-0.526484	4749	
0.738895	0.565650	1367	
0.354647	0.920123	2430	
0.096672	-0.267595	4247	
0.183103	0.599283	1362	
0.129813	0.420630	2000	
0.236034	-0.586261	415	
0.319209	0.522832	3172	
0.240901	0.247483	3371	
0.327083	0.101441	3179	
0.311255	0.195072	4311	
0.272733	0.372731	537	
0.447371	0.357459	4384	
0.554404	0.178053	4588	
0.574990	0.063942	1475	
0.577150	0.061150	1475	
0.559141	0.170952	4588	
0.361851	0.433572	1705	
0.248248	0.411850	2599	
0.246412	0.492766	1526	
0.369538	-0.523019	4648	
0.140800	-0.354600	1569	
-0.432327	-0.509393	3456	
0.209726	0.667733	1316	
-0.380486	0.638500	2507	
0.479412	0.562736	835	
-0.649935	0.432640	594	
0.693553	0.382371	863	
0.814073	0.135766	1431	
-0.632043	-0.551913	4936	
-0.780545	0.383360	3565	
0.178292	-0.869217	4742	
-0.292242	-0.876693	4888	
0.928762	-0.020927	877	
0.102816	0.929479	3520	
-0.036635	0.986612	1161	
-0.330530	0.930212	3202	
0.085164	-0.366768	2360	
0.113195	0.581599	1579	
0.133475	0.382033	5006	
0.248641	-0.583397	2301	
0.341222	0.513980	3172	
0.227498	0.277490	3591	
0.312877	0.138567	2851	
0.306017	0.199243	4226	
0.267435	0.341726	4378	
0.299109	0.427100	844	
0.396218	0.406427	3056	
0.429243	0.383919	4019	
0.365658	0.428913	1705	
0.274115	0.432405	1377	
0.238232	0.375354	2959	
0.240501	0.491653	1526	
0.463753	-0.445243	546	
0.606945	-0.257984	2892	
0.040514	0.698748	3996	
0.692520	0.159149	385	
0.620062	0.379172	2966	
0.727005	-0.149101	3667	
0.743903	0.204420	2825	
-0.182490	-0.764299	4614	
-0.705802	0.380582	3832	
-0.748086	0.371780	3095	
0.849982	-0.106475	4170	
-0.679958	-0.546185	4710	
0.821710	0.334749	4467	
0.787722	-0.488834	2272	
0.735548	0.569869	1367	
0.362385	0.917035	1501	
0.082701	-0.437721	2639	
0.103058	0.555254	949	
0.133600	0.384991	5006	
0.224091	-0.584877	415	
0.409996	0.475553	2783	
0.204732	0.341082	1957	
0.290207	0.186620	3638	
0.300260	0.195360	3589	
0.273548	0.285726	4258	
0.260742	0.357278	2094	
0.268329	0.405183	2270	
0.259521	0.396660	2599	
0.249617	0.368066	4305	
0.226679	0.373608	2959	
0.271711	0.513442	996	
0.381301	-0.515822	4607	
0.656034	-0.064539	1073	
0.053272	0.688860	620	
0.533681	-0.475238	2848	
0.607741	-0.401954	4582	
0.281224	-0.706156	3906	
-0.719385	-0.219611	3674	
-0.650570	-0.426605	3762	
-0.172665	0.800942	2627	
0.205209	0.807093	4349	
-0.037574	-0.855982	1120	
-0.866311	0.073348	4940	
0.462036	-0.752260	4734	
0.122322	-0.921868	1440	
0.922243	0.109233	379	
-0.060530	0.934810	3198	
-0.091912	0.982905	1259	
-0.380124	0.910962	1444	
0.082331	-0.468826	453	
0.110023	0.574636	1061	
0.130301	0.443455	1570	
0.183351	-0.561838	4097	
0.548008	0.332496	2634	
0.193063	0.427424	1584	
0.243592	0.268004	4098	
0.274728	0.222303	3332	
0.280410	0.226891	3436	
0.263568	0.280979	4161	
0.254883	0.296378	4714	
0.233567	0.332411	3537	
0.215200	0.429975	1424	
0.463443	0.423823	3445	
0.235355	-0.572684	4033	
0.127530	-0.511511	1387	
0.046972	0.689796	3996	
0.326740	-0.645533	478	
0.131552	-0.745589	1691	
-0.359521	-0.636136	1849	
-0.608073	0.444987	3560	
-0.776751	-0.049890	3534	
0.488924	0.622625	1832	
0.823611	0.012114	3153	
-0.754084	-0.365033	1234	
-0.419101	0.765668	3259	
-0.307143	-0.818343	4187	
-0.413155	0.813092	686	
0.882862	-0.284885	4628	
0.598792	0.712582	1857	
0.229294	0.959201	1181	
0.083793	-0.421235	1065	
0.187758	0.598311	1647	
0.149175	0.551770	1388	
0.170049	-0.442828	2586	
0.642496	-0.058697	1073	
0.315369	0.521354	3172	
0.197102	0.415247	1619	
0.219140	0.337681	3075	
0.224389	0.331445	3075	
0.217524	0.363183	3021	
0.209687	0.438803	2113	
0.328200	0.508211	3172	
0.604409	-0.217279	904	
0.276703	-0.077671	646	
0.131885	0.589117	1303	
0.050391	0.700499	4986	
0.635974	-0.319176	3760	
0.128917	-0.746241	1169	
-0.526749	-0.510068	2204	
-0.221853	0.737557	4283	
-0.714141	0.312631	2999	
0.783294	-0.105895	2017	
-0.645972	-0.480512	3649	
-0.826957	0.112790	3190	
0.854050	-0.058716	4230	
-0.713338	-0.501009	1659	
0.875218	-0.115091	4248	
0.692095	-0.616379	389	
0.849066	0.378591	373	
0.919961	0.350920	1961	
-0.220334	0.962213	1182	
0.097863	-0.272108	1840	
0.655625	0.132736	2669	
0.549423	0.360892	3561	
0.246579	-0.165500	1476	
0.478455	-0.433114	1664	
0.629855	0.133582	2237	
0.466598	0.427617	3455	
0.317272	0.515064	3172	
0.354588	0.500385	677	
0.577882	0.276342	1754	
0.574371	-0.289463	3361	
0.178983	-0.405906	1581	
0.625234	0.210185	2049	
0.198098	-0.104957	3086	
0.026849	0.722320	4127	
0.617533	0.348838	2594	
0.599601	-0.413777	4582	
-0.404315	-0.609306	2523	
-0.118594	0.769423	3218	
-0.624750	0.468226	3560	
0.609483	-0.503025	2883	
-0.766528	0.229862	3908	
-0.693547	0.466477	3038	
0.574830	-0.625899	2317	
-0.853824	-0.167533	3533	
0.575963	-0.666615	2317	
0.034959	-0.928696	3583	
0.925663	0.070711	599	
0.275270	0.890973	1093	
0.203510	-0.089334	3511	
0.406569	-0.535078	4751	
0.134047	-0.601338	3595	
0.178519	0.237533	751	
0.191558	-0.313854	2933	
0.214815	-0.574502	4033	
0.419218	-0.488737	3888	
0.393711	-0.508118	4607	
0.184378	-0.536141	3912	
0.273907	-0.086072	646	
0.549897	0.358609	2893	
0.122418	-0.276133	4521	
0.042766	0.701671	3996	
0.077744	0.722268	456	
-0.008683	0.752819	4958	
0.606413	0.399098	2505	
0.155197	-0.754571	3987	
-0.429985	0.622918	1879	
-0.666024	0.406119	4417	
0.498044	-0.616789	3103	
-0.734900	0.318302	2999	
-0.508980	0.665296	1163	
0.285785	-0.807089	4823	
-0.866093	0.070305	4940	
0.232899	-0.854507	4534	
-0.826949	-0.404037	2901	
0.915510	-0.152644	1236	
0.551733	0.749565	4237	
0.216144	0.962168	1181	
-0.383360	0.909384	1444	
0.103008	0.213610	4527	
0.143588	-0.223099	3039	
0.149057	0.218011	2810	
0.162690	-0.625666	455	
0.187005	0.571247	1338	
0.133786	0.446681	1570	
0.144859	0.534551	2300	
0.659602	-0.010173	1851	
0.215756	0.121084	1940	
0.254326	0.590576	1462	
0.052596	0.698053	620	
-0.014672	-0.732312	3438	
0.654777	0.274515	3112	
-0.696386	0.167161	3249	
-0.391233	0.630391	2507	
0.725476	-0.155082	3667	
-0.741403	-0.123248	3663	
-0.772526	0.090393	3129	
0.692981	-0.376666	735	
-0.750501	0.278182	3970	
-0.439298	0.714737	3521	
0.079442	-0.856121	4981	
-0.846099	0.197013	4684	
-0.057820	-0.881555	3556	
-0.050479	0.907061	572	
0.869593	-0.321245	4758	
0.720153	0.588534	1367	
0.650891	0.739448	1872	
0.536865	0.400366	1071	
0.626202	0.242535	2049	
0.183858	-0.160859	778	
0.182256	-0.643908	2376	
0.154193	-0.647871	931	
0.230094	0.022724	3598	
0.219790	0.001849	2144	
0.049802	0.700856	4553	
0.045615	0.691233	3996	
0.571643	-0.398353	2899	
0.709380	0.035866	2679	
-0.441983	0.567739	2223	
0.579794	0.435414	1660	
-0.459355	-0.569369	4937	
0.580510	0.458218	1660	
-0.137852	-0.753710	2850	
-0.677774	-0.381740	4909	
0.767898	0.188647	530	
-0.793744	0.097006	3223	
-0.580382	0.602027	3169	
0.138654	-0.848180	3309	
-0.840959	0.217593	4684	
-0.165664	-0.862555	3959	
0.561772	0.689528	925	
0.820603	-0.430028	3211	
0.807893	0.459030	992	
-0.652049	0.673162	4396	
-0.240542	0.957217	1182	
0.065666	0.378956	3167	
0.080694	0.235709	694	
0.011454	0.700068	3804	
0.053910	0.692783	620	
0.052809	0.697316	620	
-0.390562	0.554296	605	
-0.125367	-0.671992	2871	
-0.693600	-0.128512	2043	
0.447941	0.542932	2155	
-0.556117	0.451970	3836	
0.688725	0.231183	2808	
-0.724034	-0.118258	3491	
0.740480	0.039411	3173	
-0.630433	0.409375	3942	
-0.320295	0.722980	3581	
-0.359453	-0.686850	2140	
0.154449	0.787758	4096	
-0.237212	-0.775921	2514	
-0.776139	0.305591	4120	
0.416472	-0.743372	3545	
-0.861607	0.109822	3480	
-0.123101	-0.871574	608	
0.657535	0.596043	2722	
0.797614	-0.471113	2272	
0.838277	0.400901	372	
-0.049406	0.934745	3198	
0.045135	0.701805	3996	
0.040777	0.700375	3996	
0.133386	0.627124	4766	
-0.292350	-0.604746	622	
-0.704133	0.029192	1806	
0.617133	0.348811	2594	
-0.230692	0.694326	4160	
-0.674572	-0.241887	3114	
0.401568	0.598519	739	
-0.691335	-0.245971	3114	
0.734245	-0.103506	3754	
-0.027223	0.779978	1978	
0.757449	-0.123245	4613	
-0.694987	-0.349125	4669	
0.604182	-0.507914	2883	
-0.593320	0.539987	3902	
0.671765	0.476945	4641	
-0.813636	-0.188136	734	
0.727288	-0.436208	3867	
-0.863305	-0.100578	4833	
0.081238	-0.882802	4410	
0.508205	0.729786	4228	
0.812516	-0.444600	3211	
0.839072	0.398992	372	
0.052720	0.933570	691	
-0.133630	0.977666	683	
-0.530744	0.831818	3673	
0.044656	0.701821	3996	
0.070054	0.699563	392	
-0.478534	-0.512029	637	
0.190462	0.674310	1989	
-0.657643	0.280403	4242	
0.725437	0.001448	3689	
-0.417409	0.611045	1879	
-0.303621	-0.662201	4996	
0.713960	0.198796	2825	
-0.161240	0.756839	3951	
0.293155	-0.720371	352	
-0.774306	-0.071217	2914	
-0.012317	-0.806661	2266	
0.041370	0.815135	4845	
-0.786199	-0.147994	4241	
-0.374140	0.752273	1321	
-0.503587	-0.668201	2963	
0.776521	0.361501	2502	
-0.771179	-0.403613	1886	
0.437038	-0.765934	3545	
-0.271635	0.865733	1225	
0.867103	-0.326597	4758	
0.804122	0.465039	992	
0.008849	0.935504	498	
-0.141494	0.976537	3492	
0.047392	0.701512	3996	
-0.472606	0.498049	1875	
0.594512	0.384614	2505	
-0.681754	0.212798	2662	
0.477240	0.541996	1938	
-0.717579	-0.149112	3059	
0.595270	-0.446578	2755	
0.483356	0.557020	835	
-0.722285	0.197656	4100	
0.663990	0.386769	4262	
-0.743509	-0.228101	4372	
-0.011737	-0.806553	2266	
0.328160	0.719011	999	
-0.787804	0.133945	2585	
0.465621	0.680088	2913	
-0.822462	-0.140061	3858	
0.491485	-0.692953	3559	
-0.776327	0.388823	3565	
-0.490401	-0.718574	3585	
0.751884	-0.455455	3867	
-0.680871	-0.618500	558	
0.916770	-0.141376	1236	
0.722204	0.585169	1367	
-0.171226	0.919672	876	
-0.205157	0.965186	1182	
-0.576878	0.800446	1731	
-0.373825	0.578080	355	
-0.061468	-0.717620	4871	
-0.596008	-0.373243	2222	
-0.356873	0.627337	2885	
0.647357	0.326603	3784	
-0.575442	-0.451238	2273	
0.707427	0.220089	3162	
-0.158760	0.757178	3951	
-0.383064	-0.640666	1470	
-0.573171	0.529723	3902	
-0.460402	-0.623463	1869	
0.384091	-0.695204	3098	
-0.025662	0.819752	3918	
-0.797329	0.050951	3665	
0.606891	0.555733	3513	
-0.823168	0.127723	3190	
-0.152636	-0.832647	3975	
0.725619	0.455704	3452	
-0.800384	-0.340647	4425	
0.075642	-0.882793	4410	
0.857467	0.206927	374	
0.345402	-0.860957	4236	
0.922124	0.100038	379	
0.565724	0.738170	4237	
-0.821499	0.452916	3284	
-0.314247	0.935285	3544	
-0.686362	-0.197781	3512	
0.534284	-0.495074	3005	
-0.102947	0.757747	2309	
-0.232511	-0.691398	3326	
0.529561	0.513941	4263	
-0.732994	0.149064	3698	
0.578856	0.503073	1916	
-0.684240	-0.368245	4782	
-0.034364	-0.803495	4061	
0.739109	0.275144	2863	
-0.572485	0.561501	3993	
-0.749477	-0.278427	2798	
0.307052	0.766398	563	
-0.832966	-0.015903	3177	
-0.161936	-0.829909	3975	
0.846066	0.104968	2757	
-0.856081	-0.147809	4469	
-0.315243	-0.812801	4187	
0.757072	-0.445829	3867	
-0.705161	0.574032	2053	
0.880081	-0.289763	4628	
0.844695	0.385537	373	
0.300261	0.881778	1093	
0.464722	0.868455	2993	
-0.667716	0.726181	1874	
0.410079	0.610599	739	
0.020753	0.776410	891	
-0.747063	0.032265	2802	
0.719217	-0.256813	3083	
-0.760250	-0.160713	4150	
-0.086015	-0.792551	2033	
0.786595	-0.018220	1898	
-0.388104	0.707559	4017	
-0.794799	-0.081940	2914	
0.788854	0.228215	391	
-0.587886	0.592489	3169	
-0.690615	-0.468885	1285	
0.329260	-0.786818	2131	
0.733170	0.440800	3452	
-0.847345	-0.191323	2960	
-0.349869	-0.797411	2414	
0.662068	-0.577554	389	
0.511063	0.724745	4228	
0.588569	-0.714925	1876	
0.913973	0.158804	2986	
0.610976	0.700556	1857	
-0.109786	0.929021	536	
-0.116955	0.979531	536	
-0.578998	0.798682	1731	
-0.148111	-0.773271	3713	
0.112559	-0.800126	4548	
0.607823	-0.499013	2883	
0.407811	0.674479	1779	
-0.671535	0.435547	648	
-0.753216	-0.266760	2798	
0.695645	0.436376	1228	
-0.602408	0.576993	3771	
-0.731075	-0.401865	1307	
-0.042371	-0.852532	1120	
0.834754	-0.145811	4485	
-0.611123	0.617313	4612	
-0.734017	-0.466268	1913	
-0.170277	-0.859709	3959	
0.725685	-0.494259	4420	
0.586915	0.662392	1952	
0.300797	-0.877432	2823	
0.926411	0.039418	4793	
0.735665	0.567042	1367	
0.180764	0.914979	3553	
0.610235	0.772455	2839	
-0.430874	0.887327	2794	
0.160080	-0.814397	4058	
0.798301	0.186982	733	
0.209689	0.801564	4349	
-0.666980	0.499357	1378	
-0.788971	-0.267121	2798	
-0.378316	-0.744216	4682	
0.478777	-0.700225	3559	
0.842770	0.101247	2757	
-0.624764	0.602920	1072	
-0.752838	-0.434498	1728	
-0.320024	-0.809793	4187	
0.406085	-0.781817	4605	
0.874249	-0.096473	4248	
-0.016684	0.901365	568	
0.544190	-0.749073	4727	
0.922938	0.086415	599	
0.746483	0.552284	1401	
0.274698	0.889984	1093	
-0.608103	0.709207	4306	
-0.303078	0.938700	2357	
-0.766047	0.621306	1891	
0.750291	-0.387976	2872	
0.828763	-0.168984	4485	
0.831876	0.165602	2790	
0.427757	0.742961	4089	
-0.840568	0.211572	4684	
-0.740784	-0.454253	2166	
-0.434135	-0.752027	643	
0.032288	-0.883646	1185	
0.624947	-0.616725	4899	
0.879220	-0.017920	3118	
0.355021	0.813470	4152	
-0.103375	-0.919517	812	
0.903792	-0.203597	2217	
0.872555	0.315772	4339	
0.639579	0.673857	2554	
0.177499	0.915439	3553	
-0.548336	0.756026	4320	
-0.279830	0.945850	2357	
-0.774787	0.610358	2407	
0.175651	-0.866053	4742	
0.268396	-0.840265	4407	
0.456928	-0.751215	3980	
0.676414	-0.558301	2508	
0.840263	-0.252501	4812	
0.857602	0.195569	1842	
0.523990	0.711096	4228	
-0.904319	0.105887	947	
0.550369	-0.743935	4451	
0.926323	-0.029770	877	
0.860478	0.346926	986	
0.678495	0.634037	2740	
0.356862	0.859122	2398	
-0.128059	0.926136	4049	
0.590445	-0.776687	2129	
-0.401957	0.900502	1444	
-0.685496	0.708964	2345	
-0.801622	0.575001	2996	
0.046851	-0.925372	1063	
0.284998	-0.881411	2823	
0.593045	-0.709415	1876	
0.838585	-0.389467	2359	
0.926091	-0.025843	877	
0.892725	0.249555	985	
0.806614	0.457464	992	
0.668966	0.643788	3145	
0.466841	0.803020	476	
0.171671	0.916225	3553	
-0.215910	0.908896	960	
-0.812805	0.459976	1866	
-0.273315	0.947585	2357	
-0.619066	0.767567	2838	
-0.778105	0.605838	2996	
-0.846259	0.506571	3488	
0.292744	0.882718	1093	
0.277785	0.887794	1093	
0.220417	0.904621	3453	
0.114334	0.925475	3520	
-0.044877	0.933369	3198	
-0.234831	0.903790	960	
-0.439922	0.823016	686	
-0.782631	0.508133	458	
-0.012978	0.985874	1161	
-0.521819	0.836520	3673	
-0.708271	0.685951	2923	
-0.869956	0.464042	4345	
-0.899617	0.403594	3720	
-0.515192	0.840212	3673	
-0.527597	0.832553	3673	
-0.590004	0.789668	2128	
-0.649823	0.741256	1874	
-0.777385	0.606318	2996	
-0.874466	0.455151	4619	
-0.902920	0.395506	3720	
-0.930022	0.329379	3061	
-0.973343	0.158594	1923	
-0.967610	0.191171	3580	
-0.964593	0.206392	3580	
