time = 84.9	Re = 1
0.890139	-0.397139	6006	
0.910754	-0.348243	5989	
0.946767	-0.238116	406	
0.975055	-0.075322	5987	
0.970688	0.136024	6150	
0.902048	0.390849	6757	
-0.834118	-0.455220	725	
-0.805632	-0.504609	4005	
-0.746901	-0.589287	6140	
-0.648088	-0.698064	5907	
-0.464429	-0.834303	6205	
-0.194623	-0.938003	600	
0.149198	-0.950198	418	
0.522383	-0.813063	6914	
0.820822	-0.518599	6888	
0.974174	-0.063637	5987	
0.869806	0.456685	6182	
0.397154	0.837904	6170	
0.345820	0.861559	6341	
0.220653	0.905675	508	
0.008558	0.937008	715	
-0.280055	0.891548	6658	
-0.552474	0.753132	5961	
-0.812211	0.469416	5467	
-0.937355	0.094205	6816	
-0.885682	-0.333343	5960	
-0.588265	-0.748275	609	
-0.069957	-0.955397	554	
0.539404	-0.800704	6879	
0.926113	-0.297204	503	
0.902589	0.382959	6615	
0.398309	0.905892	6441	
0.089439	-0.895334	5652	
0.149099	-0.887764	3207	
0.274160	-0.858626	4166	
0.447362	-0.784471	3856	
0.650375	-0.630130	3168	
0.846559	-0.332763	4422	
0.912521	0.035503	4509	
0.795429	0.457708	3588	
0.473313	0.792758	5108	
-0.144817	0.923845	5582	
-0.686752	0.633313	5748	
-0.941590	0.019154	6361	
-0.732512	-0.602871	877	
-0.108332	-0.950407	6669	
0.644784	-0.719415	6292	
0.974408	-0.024308	1053	
0.639569	0.749291	6471	
-0.418847	0.771419	5014	
-0.466966	0.741881	5382	
-0.580188	0.656169	3751	
-0.725581	0.493421	3664	
-0.844768	0.247368	5141	
-0.880436	-0.072184	2975	
-0.771225	-0.438334	2717	
-0.455411	-0.766615	2944	
0.069553	-0.894822	2981	
0.597877	-0.677291	3450	
0.908642	-0.067671	5305	
0.721376	0.567823	4382	
0.060028	0.932491	6342	
-0.704248	0.613000	6564	
-0.927209	-0.171748	491	
-0.456738	-0.835074	6205	
0.426633	-0.862476	6728	
0.962559	-0.141462	377	
0.543464	-0.653843	2911	
0.587801	-0.614688	3311	
0.686298	-0.504766	4677	
0.785016	-0.335228	3832	
0.853634	-0.065139	3987	
0.816526	0.266943	5144	
0.610791	0.610166	5535	
0.114088	0.882764	5666	
-0.472009	0.736996	5385	
-0.840843	0.255398	5545	
-0.792174	-0.396140	2817	
-0.253916	-0.856308	3487	
0.503632	-0.747504	3812	
0.911081	0.010523	4510	
0.525271	0.756265	4676	
-0.432079	0.824194	5224	
-0.939285	0.037026	6361	
-0.517057	-0.797699	555	
0.448350	-0.850939	6678	
0.973437	-0.016475	732	
0.459131	0.873199	5000	
-0.660772	0.495242	5210	
-0.695733	0.445168	4338	
-0.764485	0.316098	2989	
-0.819142	0.127369	1817	
-0.817408	-0.153019	4038	
-0.694152	-0.463367	2434	
-0.374692	-0.750438	1628	
0.093446	-0.838008	5359	
0.593369	-0.606617	3311	
0.855466	-0.004574	4111	
0.616519	0.602596	5535	
-0.262224	0.842487	5319	
-0.814570	0.324904	3766	
-0.722925	-0.512585	2856	
0.099707	-0.890659	5625	
0.840925	-0.337857	4422	
0.651611	0.646441	5614	
-0.402822	0.838315	6833	
-0.939238	-0.045385	6875	
-0.356444	-0.882556	6711	
0.706129	-0.657947	313	
0.895575	0.392881	1312	
-0.029492	0.992197	6105	
0.508886	-0.617284	3911	
0.553417	-0.578115	3500	
0.637671	-0.485007	3270	
0.742445	-0.305339	3710	
0.805334	-0.014847	4133	
0.742201	0.319574	3132	
0.460916	0.674241	1059	
-0.222935	0.813454	5532	
-0.747041	0.350610	6075	
-0.784385	-0.276425	4892	
-0.321245	-0.774275	2079	
0.435146	-0.725394	1751	
0.854726	0.001555	4111	
0.430529	0.752920	5027	
-0.598637	0.635720	4551	
-0.832571	-0.294296	4876	
-0.006766	-0.894537	3713	
0.849718	-0.314177	4440	
0.539477	0.744387	4676	
-0.632991	0.682543	6854	
-0.853241	-0.403134	6411	
0.114959	-0.949625	5898	
0.957427	-0.161538	482	
0.449519	0.877063	1248	
-0.427951	0.654039	1456	
-0.475972	0.616386	4932	
-0.563694	0.533670	3533	
-0.699042	0.339186	999	
-0.780268	0.021762	3247	
-0.676835	-0.398562	5257	
-0.295257	-0.733686	5442	
0.227845	-0.762350	4614	
0.666396	-0.443121	2643	
0.788279	0.166644	2955	
0.334142	0.755304	1652	
-0.644826	0.510508	5139	
-0.754741	-0.349347	3908	
-0.029465	-0.839982	3708	
0.779904	-0.339320	3832	
0.588500	0.629100	1473	
-0.576862	0.654846	5754	
-0.799428	-0.375886	5832	
0.208542	-0.871619	3528	
0.907110	0.073736	3348	
0.101786	0.925952	5088	
-0.913736	0.204570	6315	
-0.386520	-0.868528	1190	
0.780987	-0.567581	6267	
0.752535	0.628020	6364	
0.158788	-0.734174	1168	
0.228537	-0.716106	3164	
0.371230	-0.654909	2443	
0.543320	-0.523745	2158	
0.708686	-0.266409	915	
0.752784	0.103498	3880	
0.547179	0.535408	403	
-0.107103	0.818661	1594	
-0.639356	0.437919	2902	
-0.731387	-0.278986	3074	
-0.076781	-0.788156	2070	
0.620430	-0.503117	3194	
0.741704	0.316061	3132	
-0.215392	0.815118	5604	
-0.823121	-0.094445	2806	
-0.150961	-0.825072	3295	
0.787275	-0.321035	4282	
0.467669	0.727076	4975	
-0.737037	0.468548	4570	
-0.543249	-0.701333	2538	
0.672075	-0.600603	5673	
0.630808	0.665214	5318	
-0.672470	0.642980	5738	
-0.733767	-0.595675	6140	
0.502544	-0.818433	1420	
0.900104	0.377978	6615	
0.381077	0.629056	5901	
0.324152	0.670396	544	
0.154788	0.771609	6156	
-0.236650	0.730810	1444	
-0.523405	0.511319	2015	
-0.710679	0.179331	1142	
-0.662624	-0.326212	2445	
-0.167800	-0.726309	2526	
0.519714	-0.545037	2776	
0.753228	0.092583	4863	
0.293633	0.732527	1865	
-0.646958	0.425510	2902	
-0.594841	-0.512298	3566	
0.372617	-0.702995	4478	
0.795110	0.119186	3406	
-0.162370	0.833260	6852	
-0.809042	-0.179979	3420	
0.080943	-0.836577	1885	
0.851738	0.055032	4196	
-0.195640	0.862654	6186	
-0.862202	-0.177837	4385	
0.199774	-0.872612	3528	
0.871477	0.265737	5783	
-0.342520	0.863098	365	
-0.876469	-0.344643	3927	
0.265783	-0.919248	6188	
0.953231	0.197991	748	
-0.116921	0.984691	6538	
-0.619372	-0.322804	4766	
-0.578027	-0.393257	4270	
-0.478598	-0.511500	5107	
-0.253323	-0.655623	1571	
0.147405	-0.691490	881	
0.511978	-0.492936	3783	
0.715208	-0.011919	3173	
0.510331	0.510578	446	
-0.286454	0.699318	1627	
-0.723228	0.117912	1047	
-0.400672	-0.623946	4232	
0.573446	-0.488115	2473	
0.657050	0.383145	1137	
-0.436883	0.643596	5116	
-0.700464	-0.347664	3437	
0.385463	-0.695556	4318	
0.749750	0.293550	3544	
-0.487596	0.660826	5204	
-0.605082	-0.571948	4810	
0.609903	-0.586122	1324	
0.526929	0.681778	4754	
-0.794664	0.362903	6453	
-0.269402	-0.847518	3108	
0.894961	-0.140485	4466	
-0.022088	0.932036	5570	
-0.925269	-0.162358	6199	
0.128484	-0.946169	387	
0.962645	0.139043	6150	
-0.100935	0.985819	5340	
0.635270	-0.226223	661	
0.657057	-0.153505	4135	
0.675243	0.032585	3151	
0.637447	0.226256	3986	
0.448569	0.516416	1747	
-0.071374	0.778855	6706	
-0.575134	0.378982	5798	
-0.661572	-0.214688	1457	
-0.132723	-0.690175	2295	
0.600570	-0.380671	3497	
0.556511	0.455606	593	
-0.430031	0.595483	5035	
-0.670154	-0.305774	4666	
0.400272	-0.634765	3384	
0.684757	0.328646	1109	
-0.506481	0.585516	5618	
-0.516052	-0.591562	3655	
0.651763	-0.459875	5494	
0.412943	0.704556	4470	
-0.826063	-0.008642	1816	
0.140422	-0.828382	5131	
0.792247	0.322247	5197	
-0.607875	0.623798	3717	
-0.517909	-0.719111	2476	
0.829212	-0.357702	3953	
0.142177	0.918201	4317	
-0.934979	-0.076992	5785	
0.104125	-0.948449	6528	
0.956950	0.173958	6326	
-0.188871	0.973366	6435	
-0.206409	0.678846	1494	
-0.279946	0.621614	1551	
-0.448102	0.475403	4074	
-0.596853	0.260955	2796	
-0.650743	-0.080390	6036	
-0.404936	-0.522996	3418	
0.148934	-0.649955	3329	
0.627055	-0.243019	1001	
0.535086	0.415820	5314	
-0.353738	0.606587	1700	
-0.662262	-0.210297	1457	
0.138458	-0.690865	3007	
0.700293	0.143949	6053	
-0.281878	0.700870	1627	
-0.667324	-0.310534	3517	
0.538255	-0.524660	2888	
0.462611	0.612483	603	
-0.751064	0.191207	2304	
0.147555	-0.778020	3038	
0.761368	0.257810	2372	
-0.655249	0.492690	5181	
-0.279599	-0.787251	2312	
0.851817	0.009622	2992	
-0.436545	0.754865	5014	
-0.637866	-0.612330	3149	
0.784689	-0.444186	4400	
0.165253	0.913252	5448	
-0.931416	-0.112134	294	
0.197847	-0.934111	599	
0.926172	0.300104	5975	
-0.469627	-0.411039	1241	
-0.413599	-0.468420	5410	
-0.280134	-0.559749	2362	
-0.032786	-0.626876	4859	
0.401589	-0.488678	2346	
0.630105	-0.085665	3086	
0.467218	0.439161	4791	
-0.287422	0.614238	1551	
-0.653420	-0.026680	3015	
-0.079782	-0.658989	6174	
0.650949	-0.168460	3693	
0.255901	0.673160	5052	
-0.689798	0.046094	5296	
0.041595	-0.701975	3977	
0.676409	0.231536	931	
-0.512038	0.519066	1619	
-0.366802	-0.642988	2412	
0.756091	-0.004815	2280	
-0.439451	0.640254	4642	
-0.410879	-0.669400	5157	
0.789300	-0.131609	4995	
-0.366908	0.739952	324	
-0.481691	-0.679634	3449	
0.822952	-0.208287	5498	
-0.334972	0.808423	487	
-0.661907	-0.585064	3181	
0.801510	-0.413063	5064	
0.052659	0.929354	6342	
-0.901128	-0.265433	4433	
0.397696	-0.870340	6846	
0.817275	0.533960	6611	
0.477328	-0.362070	5610	
0.529317	-0.281946	3715	
0.591903	-0.102772	973	
0.575346	0.173435	6225	
0.336397	0.519476	2149	
-0.235624	0.614632	6308	
-0.600339	0.134115	1709	
-0.346663	-0.518710	2356	
0.442988	-0.450914	882	
0.546631	0.327130	4545	
-0.419697	0.500424	4463	
-0.450938	-0.480635	3503	
0.576123	-0.342503	4084	
0.250511	0.676478	5052	
-0.676909	-0.148899	2291	
0.470508	-0.529040	4467	
0.341672	0.653963	502	
-0.725554	-0.105700	1840	
0.568074	-0.491454	2473	
0.181776	0.788326	6671	
-0.693709	-0.357219	3745	
0.702094	-0.378110	2903	
-0.088364	0.849529	1386	
-0.562216	-0.612874	3883	
0.812275	-0.244159	2793	
-0.370631	0.790722	1775	
-0.587113	-0.661113	4198	
0.865345	-0.258285	5624	
-0.195577	0.908313	2420	
-0.797337	-0.501164	4005	
0.669919	-0.688166	6822	
0.570748	0.796908	6376	
0.287908	0.516884	1017	
0.230769	0.568770	4871	
0.082787	0.715105	5935	
-0.266823	0.543908	4913	
-0.539248	0.212651	2608	
-0.498019	-0.311932	1784	
0.082647	-0.587951	3473	
0.595677	-0.070676	698	
0.224124	0.617698	5771	
-0.596051	0.149616	3315	
-0.086339	-0.619904	3980	
0.631143	0.071591	2223	
-0.359257	0.554068	2071	
-0.368370	-0.547083	3368	
0.669771	-0.056759	4173	
-0.371449	0.590910	1835	
-0.273773	-0.643316	1571	
0.680958	0.215222	4310	
-0.645468	0.336214	5713	
0.167360	-0.726425	1296	
0.480188	0.595454	4379	
-0.763918	-0.144738	3779	
0.653908	-0.454633	2643	
-0.026771	0.856266	5762	
-0.535325	-0.636496	3679	
0.837579	-0.138244	2550	
-0.528407	0.690910	5851	
-0.398241	-0.791662	3340	
0.905183	0.036066	3004	
-0.535849	0.755521	4726	
-0.554328	-0.765473	6294	
0.911783	-0.317334	503	
0.138407	0.976343	1518	
-0.175548	0.581370	6692	
-0.227428	0.532074	4207	
-0.367442	0.406167	4205	
-0.547586	0.058144	3096	
-0.378909	-0.408805	3506	
0.196344	-0.526295	3401	
0.563525	0.050229	3540	
-0.141222	0.662466	890	
-0.579135	-0.077672	4512	
0.161985	-0.571225	6241	
0.525494	0.288676	4710	
-0.561204	0.247501	4272	
-0.073305	-0.621257	4595	
0.570797	0.280128	4944	
-0.613821	0.211510	5046	
0.286943	-0.601226	3353	
0.378111	0.576442	4794	
-0.634004	-0.281746	5321	
0.674204	-0.223192	962	
-0.441137	0.583298	5077	
-0.128157	-0.730395	2433	
0.566127	0.507865	616	
-0.770551	-0.095960	3230	
0.673038	-0.425766	2896	
-0.192989	0.820641	6856	
-0.390264	-0.735950	1524	
0.838270	0.151311	1570	
-0.720982	0.487746	3664	
-0.061339	-0.887170	3387	
0.767574	0.490805	4342	
-0.834305	0.411526	5973	
-0.079507	-0.947303	554	
0.952051	0.190537	748	
-0.415573	0.901004	5933	
0.034644	0.698623	6543	
0.047584	0.700741	6543	
-0.091445	0.641605	6668	
-0.464866	0.239435	2184	
-0.028091	-0.534131	2088	
0.536466	-0.037872	2431	
0.157710	0.590323	1842	
-0.504935	0.208554	1812	
-0.012226	-0.559360	2578	
0.513775	0.233175	3068	
-0.477262	0.323022	1823	
0.015597	-0.591417	2645	
0.467710	0.376901	3116	
-0.613678	0.044365	2465	
0.435220	-0.455812	882	
-0.094539	0.748717	5881	
-0.331332	-0.569807	2865	
0.616990	0.269668	5433	
-0.686102	0.065304	5568	
0.569807	-0.420158	6439	
-0.329832	0.667329	5402	
-0.179012	-0.718694	1905	
0.542020	0.534333	564	
-0.747493	-0.214116	3095	
0.746081	-0.281471	2711	
-0.491360	0.654841	5218	
-0.107471	-0.828483	3865	
0.688279	0.507883	3485	
-0.864640	0.125532	2415	
0.465590	-0.764658	3305	
0.358079	0.847063	5574	
-0.924605	-0.147882	3811	
0.483577	-0.825336	6778	
0.644773	0.735340	478	
0.198110	-0.459275	1875	
0.203730	-0.457294	1875	
0.163408	-0.475097	740	
-0.063464	-0.501532	2843	
-0.503185	-0.071808	1295	
-0.100575	0.282168	351	
0.034744	0.697465	6543	
-0.440096	0.280019	1717	
0.514274	-0.155621	5816	
-0.180724	0.573207	6195	
-0.244999	-0.500720	5843	
0.513813	0.231938	3068	
-0.576904	0.066193	5186	
0.443857	-0.397183	5493	
-0.197967	0.644514	1710	
-0.142031	-0.607458	1125	
0.453709	0.450615	3897	
-0.592119	-0.279163	4945	
0.671192	0.022024	3151	
-0.653585	0.211566	2996	
0.533891	-0.463644	2254	
-0.363390	0.643318	5152	
-0.058431	-0.739248	1713	
0.392792	0.663963	6067	
-0.616872	-0.477924	3836	
0.798800	0.044902	4409	
-0.759537	0.307954	2989	
0.377207	-0.750810	3022	
0.259138	0.834532	6037	
-0.742972	-0.472279	3277	
0.851383	-0.295895	4465	
-0.361284	0.851875	383	
-0.590604	-0.736003	302	
0.930389	-0.256657	6268	
-0.217673	-0.422100	1546	
-0.171397	-0.443679	1607	
-0.069018	-0.472991	2475	
0.063365	-0.476877	3900	
0.213256	-0.435907	739	
0.336381	-0.357852	997	
0.360838	-0.343217	1086	
-0.018086	-0.505795	2781	
-0.097774	0.299216	353	
0.051470	0.690499	982	
0.417032	-0.337452	1846	
-0.254258	0.505911	1374	
0.096974	-0.551004	2403	
-0.142677	0.659584	890	
-0.165813	-0.565636	3837	
0.363435	0.490089	3362	
-0.443691	-0.434360	1541	
0.586314	0.241576	4586	
-0.636115	-0.147968	1335	
0.669534	-0.040380	4163	
-0.663396	0.178811	3484	
0.609171	-0.360734	4101	
-0.519110	0.508430	2015	
0.302360	-0.681356	2853	
-0.116530	0.812755	5807	
-0.215301	-0.755383	3186	
0.646779	0.477600	2625	
-0.774398	-0.288058	4875	
0.783752	-0.318213	4282	
-0.545458	0.675898	6079	
-0.191330	-0.866229	2818	
0.774158	0.478476	6103	
-0.882364	0.296084	6407	
0.136003	-0.942057	387	
0.837677	0.496143	6009	
-0.363230	0.187499	5699	
-0.372648	0.184489	5463	
-0.396246	0.163190	5369	
-0.435953	0.083644	4738	
-0.448821	-0.092871	1209	
-0.347411	-0.311773	4343	
-0.089576	-0.465783	2950	
0.221781	-0.429005	739	
0.397765	-0.289982	1002	
0.279508	-0.418400	2043	
-0.095553	0.391490	439	
-0.155097	0.554794	6829	
0.450331	0.285052	2264	
-0.512226	-0.208428	3235	
0.501689	0.255407	3344	
-0.494641	-0.313206	1784	
0.533517	0.270034	4004	
-0.524516	-0.330517	3841	
0.616158	0.145889	996	
-0.627026	-0.182990	1220	
0.664796	0.093179	2828	
-0.688257	-0.041748	6096	
0.704885	-0.085128	1666	
-0.707664	0.170948	1142	
0.685299	-0.307592	940	
-0.618320	0.458988	1930	
0.413960	-0.675111	3876	
0.030196	0.854778	5366	
-0.309604	-0.772959	2079	
0.738365	0.427887	2487	
-0.871011	0.065483	3306	
0.614410	-0.652470	3126	
0.010905	0.929607	715	
-0.764324	-0.547805	6377	
0.849514	-0.451071	6893	
0.043050	-0.376972	2914	
-0.006974	-0.377981	3572	
-0.106071	-0.360042	4239	
-0.250199	-0.274427	772	
-0.363697	-0.065025	5968	
-0.366674	0.122821	5525	
-0.407709	0.136695	5715	
-0.441131	-0.123137	6088	
-0.203759	-0.422983	4828	
0.219085	-0.428379	739	
0.431425	-0.238201	1625	
0.089122	-0.498197	484	
0.049179	0.353117	6737	
0.288475	-0.450772	2822	
-0.439999	0.318227	4783	
0.562514	0.046708	3540	
-0.571116	-0.114871	4516	
0.557436	0.215298	3998	
-0.501579	-0.364629	1365	
0.555087	0.306249	4996	
-0.540198	-0.369904	3414	
0.547978	0.391801	3275	
-0.540492	-0.435204	1231	
0.588681	0.404398	688	
-0.649666	-0.340307	2497	
0.703410	0.276100	1031	
-0.765179	-0.125437	2894	
0.786792	-0.130825	4995	
-0.735022	0.358344	6160	
0.481055	-0.689215	2309	
-0.088953	0.882401	5419	
-0.470133	-0.747968	2478	
0.879944	0.215177	4954	
-0.816087	0.442311	4314	
0.067844	-0.948220	686	
0.843961	0.484005	6009	
-0.018900	-0.400733	4728	
-0.192908	-0.347496	542	
0.045196	-0.399239	3792	
0.272579	-0.299516	2028	
0.302228	-0.252251	2797	
0.148544	-0.356454	1373	
-0.193637	-0.321726	4177	
-0.373433	-0.007886	5736	
-0.394288	0.146644	5369	
-0.432434	-0.149808	5772	
-0.069758	-0.466577	2198	
0.365842	-0.318813	5845	
0.432989	-0.249766	1298	
-0.095062	0.318771	6371	
-0.442213	-0.293659	1215	
-0.285990	0.477272	1917	
0.563587	0.033214	3559	
-0.563962	-0.146436	3877	
0.498896	0.329535	3148	
-0.360823	-0.505344	5457	
0.354369	0.545967	3057	
-0.170271	-0.636694	2334	
0.175131	0.725831	504	
-0.031748	-0.698402	1500	
-0.043790	0.803091	5912	
-0.064612	-0.737371	1713	
0.064235	0.823368	1649	
-0.169698	-0.766437	2492	
0.498718	0.635847	2114	
-0.585562	-0.586704	3274	
0.832096	0.173904	3191	
-0.849102	0.198026	2440	
0.534023	-0.717739	3061	
0.056504	0.926828	6342	
-0.747590	-0.569830	3942	
0.886782	-0.373475	6670	
-0.046684	0.984816	1334	
0.119335	-0.410752	1097	
0.065965	-0.422311	2133	
-0.052843	-0.421588	759	
-0.208027	-0.366752	2868	
-0.347094	-0.228561	4137	
-0.311011	-0.243068	4537	
0.187193	-0.354468	666	
0.203526	-0.334049	479	
-0.129381	-0.356052	6348	
-0.376451	0.043184	5880	
-0.434610	0.063309	2279	
-0.273198	-0.376198	4964	
0.276082	-0.393119	987	
0.469027	-0.158433	6095	
-0.243258	0.446776	5867	
-0.520204	-0.095612	1207	
-0.306634	0.459013	1941	
0.551552	0.115825	3465	
-0.432357	-0.394730	4020	
0.257006	0.584042	837	
0.049911	-0.622153	4541	
-0.320292	0.583194	4873	
0.489156	-0.452227	2252	
-0.568035	0.380296	5731	
0.657065	-0.263441	1005	
-0.694450	0.214125	5706	
0.729954	-0.179068	2275	
-0.736785	0.227587	5363	
0.708633	-0.360926	3671	
-0.623928	0.525564	5018	
0.376443	-0.749581	3022	
-0.027012	0.887629	5140	
-0.449984	-0.759860	2478	
0.855469	0.298893	3603	
-0.874848	0.313053	6340	
0.244773	-0.919797	6665	
0.708688	0.669209	1186	
0.356129	0.175812	3009	
0.366976	0.172744	3383	
0.395723	0.138380	5198	
0.433335	0.001613	1468	
0.364441	-0.240713	4260	
0.116784	-0.415013	705	
-0.248963	-0.342442	2976	
-0.375496	-0.146395	4258	
0.119476	-0.381851	494	
0.101878	-0.373497	4593	
-0.333762	-0.168516	1909	
-0.397766	0.132635	5374	
-0.354313	-0.295202	3042	
0.230233	-0.418833	976	
0.478365	-0.121502	6151	
-0.255566	0.438232	1095	
-0.395716	-0.354049	2451	
-0.494337	0.226659	1808	
0.430684	0.362674	5082	
0.016368	-0.589282	2645	
-0.364857	0.497350	1755	
0.580724	-0.244683	4053	
-0.646839	-0.069604	6084	
0.618765	0.259534	3143	
-0.513212	-0.466327	1153	
0.458606	0.554657	3043	
-0.385895	-0.626859	4924	
0.370697	0.677630	5676	
-0.344535	-0.702160	3907	
0.550873	0.587347	3258	
-0.567989	-0.603307	2977	
0.809667	0.259616	5144	
-0.870636	0.059753	2885	
0.690644	-0.571137	5804	
-0.280795	0.881331	6658	
-0.513898	-0.790673	6295	
0.966025	-0.010023	300	
-0.435718	0.888484	6484	
0.279173	-0.167450	461	
0.298475	-0.132745	6139	
0.327593	-0.049486	2367	
0.336640	0.055839	2325	
0.327287	0.164521	1502	
0.364728	0.186251	3548	
0.429995	-0.083747	5876	
0.141036	-0.409691	1097	
-0.314353	-0.282114	622	
-0.231936	-0.317377	1294	
0.204757	-0.338105	581	
-0.247607	-0.284613	772	
-0.386692	0.130707	5525	
-0.359788	-0.286818	2615	
0.262631	-0.399412	987	
0.485866	-0.091352	5585	
-0.093825	0.324393	6371	
0.404615	-0.350248	1838	
-0.418539	-0.362129	2451	
-0.300155	0.509531	1339	
0.568249	-0.177394	4082	
-0.567931	-0.239776	4546	
0.371889	0.529541	4105	
-0.025524	-0.659120	3421	
-0.306835	0.636856	1623	
0.440234	-0.548447	4454	
-0.628586	0.360174	5860	
0.710677	-0.240817	915	
-0.743643	0.203256	2255	
0.747769	-0.271777	2711	
-0.708841	0.404330	4406	
0.568429	-0.619093	1549	
-0.395099	0.773973	1766	
-0.118875	-0.878169	5883	
0.598738	0.687203	3391	
-0.923985	-0.134157	3811	
0.661412	-0.691037	6822	
-0.052496	-0.295111	2154	
-0.017446	-0.300274	1642	
0.037523	-0.301558	6360	
0.129475	-0.280364	2211	
0.242753	-0.203109	3755	
0.323206	-0.050427	2618	
0.323649	0.142056	5639	
0.371879	0.184372	4253	
0.373346	-0.231978	4789	
-0.137065	-0.405978	2616	
-0.363407	-0.158165	4258	
0.240120	-0.316860	2581	
-0.237740	-0.295014	5850	
-0.394020	0.123168	5374	
-0.302983	-0.347898	872	
0.360582	-0.317517	5845	
0.483386	-0.123820	6070	
0.049165	0.353050	6737	
0.320463	0.432562	1126	
0.333711	-0.449159	3239	
-0.536490	-0.227287	3722	
0.230565	0.606642	5808	
0.285048	-0.556993	2392	
-0.598972	0.240208	4641	
0.664594	0.080107	2802	
-0.562381	-0.403518	4270	
0.441064	0.570077	4821	
-0.288576	-0.677898	2983	
0.179499	0.786556	6609	
-0.055954	-0.783034	2070	
0.265727	0.784326	1590	
-0.246574	-0.794313	1542	
0.561231	0.645874	5028	
-0.771822	-0.416815	2954	
0.898066	-0.076628	4864	
-0.741446	0.553706	5633	
0.041375	-0.947768	5464	
0.783951	0.575701	6254	
-0.121284	-0.246691	6808	
-0.101781	-0.256333	6246	
-0.085725	-0.265910	6790	
-0.064602	-0.277070	6764	
-0.013717	-0.291826	1642	
0.094295	-0.286760	6207	
0.240576	-0.200645	3755	
0.329717	0.015467	2323	
0.323463	0.211347	2552	
0.435602	-0.061837	5763	
-0.050277	-0.428610	759	
-0.379063	-0.123710	5838	
0.193065	-0.346994	666	
-0.308648	-0.216947	2891	
-0.423555	0.077124	5178	
-0.138569	-0.443900	4514	
0.456655	-0.161829	1121	
0.266436	-0.430565	2043	
-0.308261	0.425274	3031	
-0.442632	0.312434	4601	
0.330195	0.468100	1863	
0.367992	-0.463535	5059	
-0.596027	-0.154962	4985	
0.438793	0.463008	4549	
-0.018355	-0.658881	3421	
-0.399625	0.562959	4194	
0.590473	-0.384940	4040	
-0.719463	0.104206	1136	
0.746845	0.093553	4863	
-0.747264	-0.204717	3095	
0.783776	0.152656	3438	
-0.802242	-0.181406	3420	
0.839897	-0.100325	4613	
-0.828046	0.267009	5697	
0.546777	-0.706271	3430	
-0.155228	0.913722	343	
-0.541263	-0.770746	6294	
0.965336	0.014139	290	
0.200808	-0.148308	4402	
0.200545	-0.150439	6259	
0.159096	-0.199171	6524	
0.092375	-0.244099	868	
0.015408	-0.268802	1487	
-0.008297	-0.279479	1094	
0.036001	-0.288764	668	
0.175508	-0.249295	2444	
0.318641	-0.046677	2618	
0.311815	0.203224	5164	
0.438823	-0.042498	3502	
-0.090959	-0.421966	742	
-0.348042	-0.182523	4061	
0.081928	-0.383244	4452	
-0.373858	-0.059967	5968	
-0.436781	-0.100841	1115	
0.156092	-0.445482	1182	
0.489981	-0.000517	3016	
-0.093940	0.408066	378	
0.534432	0.008773	2575	
0.127046	-0.542870	3216	
-0.576417	-0.059568	5392	
0.225751	0.610414	5771	
0.377454	-0.499477	4266	
-0.645392	0.052682	3039	
0.563143	0.365045	4521	
-0.278079	-0.637100	3905	
-0.146605	0.772224	6820	
0.238347	-0.702312	2767	
-0.538487	0.547672	1579	
0.588304	-0.530108	2525	
-0.562550	0.588475	2617	
0.457408	-0.702540	1836	
-0.321517	0.809796	487	
-0.095146	-0.880597	4164	
0.536078	0.737615	4191	
-0.897459	-0.259146	4433	
0.790884	-0.540597	6193	
0.011917	0.983326	5878	
0.100421	0.519887	6200	
0.097259	0.509491	6448	
0.094750	0.393566	6221	
0.137867	0.230129	5895	
0.244570	0.037716	6869	
0.183676	-0.180422	6792	
0.063859	-0.262370	6748	
0.046385	-0.280921	481	
0.165318	-0.251371	1852	
0.317312	-0.043129	2367	
0.310447	0.218301	1993	
0.421289	-0.136069	2300	
-0.239258	-0.355880	2976	
-0.216014	-0.326257	902	
-0.108540	-0.370252	4239	
-0.392127	0.099948	5693	
-0.271208	-0.371759	5124	
0.429327	-0.216917	842	
0.461959	-0.198978	5914	
0.039398	0.701280	6543	
-0.437832	0.318339	4783	
0.247418	0.542819	5159	
0.532224	-0.263217	2652	
-0.509535	-0.347343	3979	
0.100928	0.742222	5185	
0.468231	-0.470688	2321	
-0.680958	0.077366	5304	
0.659736	0.262339	1120	
-0.511943	-0.525356	1340	
0.342099	0.695588	1428	
-0.164172	-0.765482	2474	
0.263416	0.784756	1586	
-0.168600	-0.814451	1263	
0.436203	0.740442	5063	
-0.639248	-0.603189	3149	
0.881025	0.199765	3099	
-0.886718	0.273486	3611	
0.394229	-0.866345	672	
0.492751	0.842909	1397	
-0.364123	0.355084	1321	
0.271252	0.431583	4585	
0.112142	0.292641	6760	
0.250556	-0.000786	6265	
0.132386	-0.230664	6537	
0.078689	-0.271479	6595	
0.192326	-0.231109	2393	
0.323362	0.019466	2323	
0.338411	0.226565	2552	
0.267703	-0.349725	3169	
-0.389697	-0.157552	5823	
-0.035626	-0.391539	4240	
-0.358963	-0.123228	3875	
-0.438548	-0.069382	5751	
0.145942	-0.446964	1182	
0.485530	0.051591	2658	
-0.095244	0.301827	6251	
0.431580	0.308595	2973	
0.436936	-0.349822	3006	
-0.284249	-0.511893	1401	
-0.395522	0.466453	1847	
0.622203	0.103760	655	
-0.336944	-0.561632	3322	
-0.216957	0.699606	1101	
0.516185	-0.477205	2254	
-0.719054	0.101982	1136	
0.731507	0.176902	602	
-0.698255	-0.337142	3437	
0.708935	0.370238	2233	
-0.658081	-0.498644	2700	
0.810744	0.249777	5437	
-0.867115	-0.098800	3670	
0.836269	-0.325890	4430	
-0.617256	0.685530	4865	
-0.063041	-0.944229	554	
0.804788	0.543173	6611	
-0.477642	0.183292	1521	
0.098611	0.463666	6185	
0.231623	0.094916	1057	
0.163071	-0.209768	6524	
0.114393	-0.260614	6068	
0.248635	-0.176478	3217	
0.312675	0.134096	4450	
0.427422	0.091855	1465	
-0.059324	-0.430364	747	
-0.367148	-0.139336	4258	
-0.170642	-0.346194	542	
-0.401909	0.089411	5693	
-0.184667	-0.422509	4611	
0.471943	-0.097937	1319	
0.303022	-0.406472	1892	
-0.418470	-0.325630	909	
-0.441485	-0.330997	2263	
-0.517583	0.247180	1728	
0.375358	0.474206	3091	
0.298052	-0.549018	3593	
-0.644849	0.051610	3039	
0.509322	0.439059	5118	
-0.116159	-0.686119	2295	
-0.394639	0.615968	4652	
0.581837	-0.466321	3510	
-0.748885	0.178652	2304	
0.787639	-0.112567	4678	
-0.812722	0.093043	2001	
0.805181	-0.250406	2555	
-0.802148	0.332314	4227	
0.534701	-0.713622	3061	
-0.241014	0.892067	946	
-0.428780	-0.838875	6206	
0.945809	0.198516	748	
-0.083606	0.554608	6285	
0.101702	0.482002	6249	
0.242664	0.067856	3276	
0.160796	-0.216744	2067	
0.167703	-0.237740	2104	
0.311295	-0.044625	2303	
0.310359	0.238844	1993	
0.335226	-0.290991	4556	
-0.382995	-0.180309	6108	
-0.184114	-0.342772	542	
-0.386867	-0.000002	5736	
-0.382408	-0.241156	3562	
0.354927	-0.316356	5845	
0.489695	0.066666	2549	
0.035917	0.700387	6543	
-0.260217	0.495795	5509	
0.247838	0.541488	5159	
0.570445	-0.164593	4082	
-0.294426	-0.544930	5504	
-0.328509	0.573239	4873	
0.654969	-0.124365	4842	
-0.577166	-0.378509	4042	
0.296403	0.680250	671	
0.048594	-0.737149	2176	
-0.469020	0.609728	4932	
0.581578	-0.536109	2525	
-0.608760	0.538823	4831	
0.575079	-0.610667	3311	
-0.521183	0.690014	3949	
0.155706	-0.873321	3205	
0.242068	0.887443	6592	
-0.700928	-0.623590	4489	
0.949734	-0.152021	482	
-0.223269	0.473773	5719	
0.105208	0.357864	6155	
0.251938	-0.055977	1166	
0.161785	-0.227743	2162	
0.257437	-0.157210	6851	
0.303580	0.160211	1527	
0.441371	0.030605	5632	
-0.169441	-0.399173	3225	
-0.339470	-0.188848	3594	
-0.352641	-0.146110	4044	
-0.436370	-0.069029	5751	
0.158852	-0.440867	730	
0.470406	0.118658	1933	
-0.108733	0.234549	754	
0.237743	0.503065	4752	
0.557601	0.056785	3540	
0.151881	-0.568635	5938	
-0.611089	-0.006570	1588	
0.290173	0.597478	943	
0.357930	-0.556392	3278	
-0.674783	0.112015	5373	
0.629755	0.327134	1099	
-0.398216	-0.616439	4232	
0.065212	0.821510	1649	
0.180301	-0.764658	3082	
-0.258643	0.789915	5205	
0.242668	-0.798606	1796	
-0.159927	0.866240	614	
-0.174872	-0.865957	2818	
0.547232	0.727429	4629	
-0.872349	-0.332743	3927	
0.854734	-0.432558	6780	
-0.179925	0.967148	6662	
0.509292	-0.080224	2140	
0.182356	0.184670	1267	
0.207149	-0.171607	408	
0.213287	-0.199113	3077	
0.316518	0.049932	2404	
0.357737	0.222163	2293	
0.105577	-0.426876	879	
-0.403126	-0.050044	5894	
-0.326728	-0.201126	2545	
-0.427715	0.024147	5659	
-0.012906	-0.463072	6042	
0.477202	0.064747	2286	
-0.410148	-0.305389	909	
0.529950	-0.066513	2123	
0.334065	-0.446982	2733	
-0.310223	-0.495070	1183	
-0.453291	0.403223	3237	
0.572832	0.263001	3273	
-0.068661	-0.653166	6174	
-0.511752	0.449730	4760	
0.707258	-0.004422	4041	
-0.625154	-0.378275	3390	
0.428524	0.632358	949	
-0.214298	-0.750921	3186	
0.174820	0.821220	4805	
-0.037215	-0.830926	3708	
0.236989	0.839312	6037	
-0.430170	-0.768162	3246	
0.755119	0.499812	4342	
-0.925677	-0.097119	333	
0.719238	-0.628070	6110	
0.046251	0.980183	1332	
0.106606	0.369223	6155	
0.255879	-0.052566	6553	
0.206017	-0.195715	3077	
0.308102	-0.030983	2150	
0.305929	0.250926	2557	
0.318254	-0.311254	4067	
-0.395009	-0.156091	2553	
-0.350226	-0.161344	3576	
-0.416100	0.051181	5824	
-0.132709	-0.440202	4514	
0.479446	-0.013963	4304	
0.325493	-0.389382	986	
-0.103796	-0.520861	1845	
-0.034828	-0.554083	2189	
-0.558423	-0.154515	4301	
-0.195037	0.641947	1710	
0.620427	-0.097661	515	
-0.359390	-0.546148	2928	
-0.273131	0.658948	6847	
0.601775	-0.363584	4087	
-0.717810	-0.118647	2485	
0.597976	0.460359	1991	
-0.457480	-0.629029	3241	
0.432421	0.683170	1780	
-0.260093	-0.787487	2312	
0.457119	0.724802	4659	
-0.609512	-0.631446	3213	
0.847849	0.310617	3104	
-0.923534	0.093866	6803	
0.587096	-0.750082	4448	
0.215477	0.954710	6230	
0.136092	0.507572	1344	
0.244066	0.081203	2850	
0.219547	-0.172237	693	
0.294596	-0.073132	6350	
0.288750	0.231396	1993	
0.405030	-0.189904	4244	
-0.331711	-0.276169	622	
-0.382568	-0.076191	5758	
-0.412247	0.053100	5824	
-0.190265	-0.415506	4494	
0.473278	-0.068115	1445	
0.491549	-0.107905	5868	
-0.502061	-0.165873	3686	
-0.379899	-0.399971	3100	
-0.572750	0.062150	4018	
0.165933	0.663862	858	
0.542560	-0.312946	3962	
-0.503730	-0.413571	5695	
-0.087101	0.770008	845	
0.466556	-0.522918	4467	
-0.722531	0.062062	1070	
0.689831	0.299786	733	
-0.594317	-0.498411	3566	
0.552789	0.581367	3258	
-0.395087	-0.727374	2073	
0.575529	0.629162	4664	
-0.715750	-0.503892	2529	
0.883261	0.179392	3070	
-0.901498	0.214703	6315	
0.508205	-0.804284	6914	
0.197099	0.017506	3636	
0.500904	0.104813	1921	
0.200656	0.165662	6899	
0.235776	-0.142286	5923	
0.289266	-0.080318	6525	
0.284949	0.218848	5530	
0.441204	-0.077941	5773	
-0.244907	-0.359492	2976	
-0.395437	-0.029108	5534	
-0.416323	0.039562	5824	
-0.197736	-0.410796	4828	
0.469673	-0.084316	1319	
0.498972	0.025816	2809	
-0.464756	0.235548	2184	
-0.471474	-0.283943	1696	
-0.545101	0.178852	2579	
0.256191	0.580619	837	
0.484967	-0.394846	6107	
-0.578308	-0.296344	5026	
0.105032	0.761994	5209	
0.392183	-0.579452	4507	
-0.703727	0.169046	1142	
0.719647	0.215773	529	
-0.631995	-0.448577	5172	
0.604973	0.524152	3591	
-0.477784	-0.674276	3449	
0.644422	0.555148	1753	
-0.762974	-0.426566	2954	
0.894710	0.098477	2916	
-0.882037	0.280776	5635	
0.463677	-0.829915	6896	
0.391792	0.893238	531	
0.334105	-0.394633	2351	
0.173380	0.205047	6390	
0.249708	-0.111932	2101	
0.290684	-0.069499	6350	
0.282629	0.216729	5530	
0.446325	-0.041243	3502	
-0.214036	-0.380602	3286	
-0.408969	-0.010689	5581	
-0.424378	0.004049	1272	
-0.160498	-0.427045	4037	
0.473238	-0.057179	1445	
0.494831	0.061106	2549	
-0.440504	0.276325	1717	
-0.475174	-0.277286	1696	
-0.543440	0.182948	3343	
0.262879	0.574376	959	
0.479298	-0.401271	546	
-0.590504	-0.269667	4945	
0.155663	0.735197	1064	
0.374461	-0.590437	4507	
-0.701807	0.175736	1142	
0.724798	0.196135	530	
-0.637337	-0.440423	5172	
0.608088	0.520114	3591	
-0.486880	-0.667274	3449	
0.646278	0.552646	1753	
-0.764403	-0.423534	2954	
0.895083	0.091862	3348	
-0.881341	0.282138	5635	
0.457778	-0.832760	6896	
0.394946	0.891451	531	
0.172216	0.208794	6390	
0.258812	-0.091856	1485	
0.296579	-0.041973	2513	
0.278825	0.230445	5445	
0.446049	-0.054020	3502	
-0.184654	-0.397181	3225	
-0.416344	-0.027929	5581	
-0.428114	-0.066482	5751	
-0.074340	-0.452045	2183	
0.476139	0.010418	3532	
0.501086	0.004262	3016	
-0.525895	-0.034115	2217	
-0.404568	-0.373900	3192	
-0.568458	0.087385	5441	
0.192571	0.638229	1013	
0.531939	-0.329319	3790	
-0.540608	-0.361175	4056	
-0.026330	0.782720	1255	
0.445131	-0.540057	4257	
-0.715409	0.110977	1150	
0.699711	0.273666	1031	
-0.598966	-0.491867	3836	
0.569276	0.563533	3935	
-0.434377	-0.703052	1686	
0.608731	0.594491	5519	
-0.736561	-0.470782	3277	
0.887273	0.151709	3523	
-0.896131	0.231969	6695	
0.505772	-0.804915	6914	
0.344266	0.912730	6473	
0.332100	0.378396	1238	
0.191479	0.185590	1267	
0.266294	-0.077634	6865	
0.302146	0.000669	5263	
0.277976	0.254627	4951	
0.436550	-0.111044	5909	
-0.186639	-0.397416	3225	
-0.421103	-0.061199	6050	
-0.413799	-0.147461	1702	
0.064897	-0.456541	3458	
0.462707	0.108290	1933	
0.471099	-0.184271	1224	
-0.222894	-0.481291	2768	
-0.157166	-0.529986	2586	
-0.565154	-0.121952	3877	
-0.113046	0.711341	5918	
0.601595	-0.175166	511	
-0.403273	-0.512516	3013	
-0.244561	0.678699	1577	
0.551554	-0.432584	5663	
-0.723527	-0.055068	1041	
0.638239	0.398214	565	
-0.518652	-0.576828	3787	
0.472340	0.651713	1218	
-0.299338	-0.771772	1592	
0.494006	0.696914	4048	
-0.652600	-0.583436	2651	
0.857767	0.276638	5887	
-0.919564	0.115138	4491	
0.590107	-0.746285	4448	
-0.074579	0.305102	936	
0.119747	0.487904	6249	
0.230670	0.129305	6801	
0.275322	-0.060095	5897	
0.302207	0.059362	1138	
0.288352	0.272458	2021	
0.405293	-0.197933	4883	
-0.210307	-0.385925	3286	
-0.413899	-0.125573	1055	
-0.324662	-0.307169	799	
0.234444	-0.401454	4632	
0.422076	0.214805	3855	
0.000260	-0.510334	753	
0.512135	-0.150225	5816	
0.282963	-0.479075	3288	
-0.431819	-0.388390	4020	
-0.396198	0.462194	1847	
0.606226	0.164279	5885	
-0.179412	-0.629007	2334	
-0.436696	0.525563	4957	
0.674502	-0.198916	1350	
-0.669107	-0.286655	4666	
0.480066	0.587080	4379	
-0.311977	-0.712684	3404	
0.271922	0.777963	1590	
-0.106301	-0.822555	3865	
0.307805	0.807988	2832	
-0.489081	-0.728779	2501	
0.783935	0.448076	3588	
-0.926584	-0.056760	497	
0.697611	-0.648566	325	
0.056404	0.977573	6273	
0.196159	0.011181	3636	
-0.474984	0.187281	1521	
0.115583	0.364002	6155	
0.259363	0.065571	3276	
0.286471	-0.031309	2513	
0.288018	0.140043	4742	
0.332570	0.260812	2125	
0.337721	-0.298014	4556	
-0.234662	-0.372337	3388	
-0.376829	-0.225566	4225	
-0.171281	-0.418292	4611	
0.398713	-0.248555	1011	
0.377490	0.286933	1422	
-0.101128	0.484843	289	
0.323655	0.425022	1126	
0.549632	-0.099974	3188	
0.058234	-0.582982	3804	
-0.591412	0.135011	3315	
0.415376	0.481962	4798	
0.222448	-0.618989	643	
-0.644310	0.218764	2996	
0.666604	0.235100	4313	
-0.471147	-0.558946	1416	
0.202520	0.773079	6574	
-0.001506	-0.781010	2540	
-0.150071	0.829912	6852	
0.172350	-0.813783	5081	
-0.053025	0.882784	5242	
-0.242897	-0.846261	1495	
0.625254	0.655462	2147	
-0.883180	-0.293868	5963	
0.834332	-0.464391	6843	
-0.168141	0.966463	6349	
0.281054	0.419931	4585	
0.151947	0.250085	4696	
0.273405	0.023624	523	
0.294635	0.027120	4745	
0.268412	0.217476	5530	
0.402777	0.179210	5452	
0.231439	-0.384564	4632	
-0.244316	-0.367652	4140	
-0.288517	-0.339051	3612	
0.060843	-0.454210	3458	
0.472631	0.004494	3532	
0.373326	0.304374	1422	
0.048904	0.352993	6737	
-0.202676	0.542497	3681	
0.263617	0.524694	1239	
0.491686	-0.325860	2961	
-0.390160	-0.476829	1208	
-0.203910	0.670684	1494	
0.616089	-0.245625	3483	
-0.654150	-0.204522	1457	
0.438138	0.566991	4821	
-0.133493	-0.721889	2350	
-0.331281	0.704879	729	
0.437372	-0.653111	3370	
-0.508692	0.631746	5932	
0.480278	-0.682822	2309	
-0.439566	0.742951	5154	
0.081657	-0.879740	3264	
0.316439	0.857839	5353	
-0.751721	-0.553772	3649	
0.937843	-0.195351	6418	
-0.423659	0.887280	1866	
-0.240994	-0.457470	2214	
0.115882	0.405532	6732	
0.222889	0.153720	5874	
0.282144	0.025624	523	
0.287563	0.111242	1611	
0.268513	0.278794	1919	
0.450648	0.028772	5290	
0.139379	-0.426316	1097	
-0.182261	-0.406298	4494	
-0.105202	-0.438812	2457	
0.324147	-0.333826	4212	
0.412710	0.223220	3072	
0.500494	0.032072	2785	
-0.510909	0.115218	1351	
-0.499456	-0.227042	2168	
-0.438731	0.364221	1979	
0.493935	0.326703	3148	
0.174756	-0.595702	801	
-0.600092	0.226063	4804	
0.589295	0.312227	5292	
-0.274863	-0.634304	3905	
-0.222374	0.729363	1252	
0.379347	-0.634499	2443	
-0.679937	0.349547	5828	
0.750197	-0.251355	3018	
-0.769454	0.261223	3563	
0.760186	-0.354983	4665	
-0.731868	0.457464	4555	
0.444060	-0.768054	2932	
-0.142300	0.912271	5582	
-0.467345	-0.813473	6196	
0.950078	0.150059	6613	
0.145964	-0.130409	3677	
-0.256038	0.447808	1325	
0.150071	0.491247	1443	
0.148628	0.266917	1943	
0.259948	0.091522	3948	
0.285189	0.070067	1237	
0.263439	0.203122	5439	
0.318373	0.278697	2626	
0.430936	-0.145389	3952	
0.103718	-0.437315	879	
-0.055066	-0.446346	749	
0.161509	-0.429499	730	
0.469049	-0.036952	4304	
0.330677	0.335769	2163	
-0.449413	0.229255	2348	
0.502028	0.169808	3692	
0.358604	-0.425335	2698	
-0.454792	-0.359626	3753	
-0.238840	0.600510	6308	
0.606053	-0.155057	648	
-0.501887	-0.411827	5695	
0.071413	0.772887	557	
0.316761	-0.620525	4757	
-0.658449	0.292112	5533	
0.743111	-0.070349	2721	
-0.740886	-0.212525	3095	
0.750310	0.264294	2372	
-0.762779	-0.297954	3785	
0.836076	0.109196	3770	
-0.868238	-0.021574	2872	
0.773785	-0.443555	4396	
-0.572491	0.718004	6190	
-0.090019	-0.937813	6810	
0.813249	0.522070	567	
0.157977	-0.112598	814	
-0.089411	0.539728	6285	
0.394357	0.311571	1410	
0.122415	0.374206	5523	
0.210655	0.181249	6178	
0.271060	0.090138	5398	
0.272716	0.146463	5367	
0.254847	0.275546	4976	
0.402823	0.187156	5452	
0.376381	-0.256078	4186	
0.135277	-0.431433	705	
0.144667	-0.432407	1182	
0.413857	-0.215959	913	
0.393814	0.248478	2245	
0.396398	0.284679	2076	
0.034662	0.697445	6543	
-0.286487	0.469602	1917	
0.231317	0.553701	4871	
0.389252	-0.440525	5266	
-0.599287	-0.110620	4982	
0.329166	0.560256	5512	
0.214174	-0.620646	643	
-0.600675	0.314986	5839	
0.702403	-0.035563	2193	
-0.634515	-0.355939	3798	
0.496617	0.570016	615	
-0.408918	-0.659053	3299	
0.416515	0.691505	1407	
-0.326186	-0.758716	1650	
0.594271	0.606622	1629	
-0.728204	-0.481200	2860	
0.894331	0.075912	2897	
-0.850522	0.356580	4348	
0.334542	-0.885247	341	
0.518731	0.820878	522	
0.147073	0.134102	810	
-0.075829	0.333346	375	
0.147644	-0.494397	5750	
0.129518	0.469805	1461	
0.154256	0.269788	3794	
0.241384	0.145886	3432	
0.267390	0.130430	5628	
0.251111	0.221129	5499	
0.286747	0.300816	2808	
0.449588	0.061359	2282	
0.361681	-0.279452	4841	
0.261020	-0.375529	4572	
0.387378	-0.255158	4186	
0.447464	0.133550	5485	
0.299283	0.361692	5591	
-0.468343	-0.206874	2164	
0.369287	-0.382502	2438	
-0.130360	-0.536007	2537	
-0.568868	0.074562	5186	
0.403504	0.439581	3494	
0.228824	-0.577011	851	
-0.560608	0.307130	4307	
0.648207	0.148204	549	
-0.498569	-0.473873	3583	
0.254409	0.704889	660	
-0.046275	-0.732570	5691	
-0.334415	0.701954	6612	
0.342160	-0.704970	3290	
-0.388937	0.716563	1731	
0.302717	-0.774884	3165	
-0.149420	0.866212	284	
-0.236833	-0.846691	2587	
0.671502	0.604583	6238	
-0.910624	-0.178745	6199	
0.748831	-0.587560	631	
0.041920	0.976744	5589	
0.158188	-0.114698	3677	
-0.101994	0.540267	6462	
0.370089	0.337562	1685	
0.126377	0.389565	1352	
0.187811	0.223757	6877	
0.246432	0.155684	3432	
0.251152	0.188762	4475	
0.241884	0.283440	5149	
0.347262	0.265229	2022	
0.457436	-0.004663	3106	
0.408033	-0.212984	4883	
0.423696	-0.187669	4244	
0.458657	0.082705	2428	
0.311837	0.340029	1315	
0.455917	0.194297	2649	
0.052155	0.694237	982	
-0.251316	0.498539	5509	
0.465083	0.304480	2204	
0.159488	-0.563157	6241	
-0.558385	0.229713	4644	
0.607860	0.149074	996	
-0.305816	-0.574973	2842	
-0.138846	0.745233	5455	
0.328467	-0.613734	4757	
-0.631948	0.343472	5821	
0.681702	-0.294874	940	
-0.765872	0.041647	2800	
0.791443	-0.032409	4554	
-0.805267	0.113560	5279	
0.786894	-0.289950	3799	
-0.727747	0.461745	4555	
0.404386	-0.788102	3728	
-0.011539	0.923890	5570	
-0.630634	-0.689258	5833	
0.955486	-0.069017	287	
-0.490122	0.851524	6486	
-0.174845	-0.110199	3793	
-0.509378	0.060489	1771	
0.191867	0.470000	1722	
0.137894	0.335457	1880	
0.202710	0.213383	6399	
0.239261	0.186711	4475	
0.234392	0.244908	5127	
0.256272	0.313193	2318	
0.381830	0.229953	2691	
0.457372	0.039223	2544	
0.462393	-0.022644	3106	
0.446377	0.123634	5005	
0.323832	0.323660	1772	
0.294476	0.378747	5559	
-0.102419	0.244348	346	
0.458080	0.261872	2836	
0.113224	-0.541266	2449	
-0.574187	0.014361	5307	
0.438845	0.399194	4885	
-0.066276	-0.613186	4525	
-0.393600	0.511776	2041	
0.607824	-0.260515	4169	
-0.677638	-0.084819	5408	
0.636892	0.303390	859	
-0.526937	-0.502955	1135	
0.422972	0.632329	949	
-0.384622	-0.673132	3323	
0.463540	0.656081	1218	
-0.467205	-0.677865	2267	
0.712738	0.455542	4482	
-0.818500	-0.295674	4876	
0.860041	-0.241431	5595	
-0.672065	0.625718	5748	
-0.014194	-0.941730	6366	
0.800260	0.540057	6217	
-0.199836	0.066034	3617	
-0.244487	-0.454140	4882	
0.156489	0.477039	2298	
0.147078	0.315036	1880	
0.204542	0.223527	4732	
0.225625	0.224399	4578	
0.226594	0.284330	5123	
0.270450	0.322012	2191	
0.370509	0.249976	2093	
0.423178	0.171451	1455	
0.400709	0.220347	3855	
0.306656	0.334865	1315	
0.255772	0.395540	3300	
-0.358661	-0.365896	5893	
-0.213033	-0.484784	2768	
-0.541150	-0.066845	3206	
0.131042	0.658152	887	
0.389452	-0.439380	5266	
-0.596414	0.104440	4994	
0.602410	0.168267	5885	
-0.399890	-0.511560	3013	
0.161287	0.729541	504	
0.110639	-0.684639	2712	
-0.409097	0.599044	4808	
0.396584	-0.622248	1828	
-0.590135	0.482034	4519	
0.561076	-0.550049	2490	
-0.518405	0.621299	5932	
0.379213	-0.740485	3022	
-0.170296	0.860299	614	
-0.311185	-0.820265	3040	
0.742169	0.511502	4749	
-0.925200	-0.021447	4446	
0.603394	-0.732065	432	
0.290701	0.928897	5911	
-0.169818	0.130913	360	
0.054335	-0.512284	485	
0.154289	0.470550	1711	
0.151035	0.316692	1910	
0.197517	0.246111	4751	
0.213170	0.257844	5183	
0.222933	0.309385	2268	
0.263638	0.332645	2191	
0.316215	0.309704	1376	
0.320975	0.312525	1359	
0.272578	0.356475	3637	
0.238530	0.400754	2521	
0.344487	-0.375992	990	
0.037096	0.700836	6543	
-0.243057	0.504813	5552	
0.554513	0.047038	3540	
-0.354140	-0.458853	5516	
0.073144	0.733247	1409	
0.345665	-0.515616	4246	
-0.519219	0.370581	5462	
0.640684	-0.164475	3693	
-0.674094	-0.107667	5322	
0.674394	0.200952	3971	
-0.616956	-0.383784	3988	
0.585189	0.470644	1354	
-0.604303	-0.480263	3531	
0.674184	0.422442	2251	
-0.768960	-0.275291	5092	
0.840695	0.003725	4283	
-0.828071	0.245545	1489	
0.521797	-0.716425	3061	
-0.114694	0.915257	6127	
-0.609556	-0.707279	3610	
0.950664	-0.106353	330	
-0.157005	0.149756	809	
0.141883	-0.494929	5750	
0.158699	0.466848	1419	
0.150905	0.331959	1910	
0.187220	0.273861	4955	
0.202581	0.286300	4867	
0.215967	0.324933	2327	
0.237911	0.346272	1966	
0.250150	0.354837	2952	
0.231167	0.375283	1769	
0.223616	0.409413	1989	
0.439673	-0.256645	1298	
0.040324	0.701317	6543	
0.060523	0.705301	1343	
0.416725	-0.367192	2075	
-0.573880	-0.014236	5396	
0.536220	0.244808	3068	
-0.414154	-0.450909	1245	
0.262520	0.614879	1196	
0.001260	-0.653217	3999	
-0.274896	0.653695	6845	
0.285910	-0.633196	4887	
-0.491601	0.525108	5067	
0.406068	-0.615535	4462	
-0.551532	0.525494	1990	
0.421239	-0.660062	3347	
-0.348447	0.739386	736	
0.130495	-0.818569	5145	
0.308241	0.804821	2832	
-0.626605	-0.607668	3149	
0.889541	0.109391	2916	
-0.825722	0.406117	6106	
0.174692	-0.926697	4449	
0.719236	0.645001	6443	
-0.915090	0.376420	6180	
-0.149558	0.159918	2132	
0.127166	-0.498650	1306	
0.174298	0.465053	1711	
0.149146	0.360256	1370	
0.175302	0.306654	1967	
0.191243	0.313298	2522	
0.200032	0.339328	1995	
0.206515	0.361703	2092	
0.204227	0.385566	1673	
0.221467	0.419017	2048	
0.354146	-0.367453	990	
0.039320	0.701192	6543	
0.181093	0.548232	4879	
0.090700	-0.544306	2403	
-0.304008	0.494063	1593	
0.552199	-0.203268	3827	
-0.605648	0.021295	5044	
0.617387	0.094627	533	
-0.582499	-0.277974	5040	
0.535552	0.395132	3656	
-0.487824	-0.482418	3583	
0.427082	0.573989	653	
-0.443493	-0.577907	2482	
0.448660	0.610407	560	
-0.541546	-0.550513	3131	
0.663596	0.438464	2719	
-0.781494	-0.234556	4590	
0.831671	-0.111554	4613	
-0.748502	0.425407	2240	
0.309955	-0.827067	3984	
0.318085	0.853926	5353	
-0.818570	-0.439871	4143	
0.835780	-0.455485	6843	
-0.003763	0.976260	6266	
-0.154935	0.154055	809	
0.008361	-0.514541	753	
0.212501	0.451402	2471	
0.149470	0.399601	1929	
0.164610	0.348405	1782	
0.177516	0.351108	1782	
0.183690	0.372537	1591	
0.188066	0.403570	2072	
0.260531	0.409372	4347	
-0.275177	-0.432439	1651	
0.034637	0.699502	6543	
0.171022	0.558022	2036	
-0.016901	-0.550618	2088	
-0.182474	0.605103	6438	
0.406851	-0.422102	3839	
-0.466998	0.378144	3026	
0.507481	-0.358466	6402	
-0.594778	0.231265	4641	
0.641628	-0.158274	3693	
-0.668243	0.118144	5629	
0.680439	-0.164977	4988	
-0.715544	0.084676	1073	
0.680947	-0.292036	940	
-0.730344	0.222164	5363	
0.633670	-0.464516	5793	
-0.493060	0.641161	5188	
0.220180	-0.799471	4904	
0.278588	0.817767	2710	
-0.643077	-0.589220	4371	
0.894658	0.011944	4129	
-0.740189	0.542814	5599	
-0.033981	-0.939420	6563	
0.861561	0.428493	6741	
-0.770665	0.613634	6467	
-0.170371	0.133250	360	
-0.234362	-0.458495	2214	
0.311144	0.386370	5749	
0.162659	0.439952	1732	
0.162003	0.405904	1935	
0.171288	0.411360	1935	
0.195717	0.432723	1925	
0.430002	0.247814	3366	
-0.106264	0.508017	1736	
0.050040	0.700100	1343	
0.098963	0.654572	6603	
0.033989	-0.549903	2051	
-0.171219	0.616740	4803	
0.292329	-0.506188	4533	
-0.337260	0.512014	1854	
0.427016	-0.450421	882	
-0.431755	0.472902	4744	
0.367721	-0.542884	2826	
-0.489633	0.467901	2488	
0.356547	-0.596194	4750	
-0.438524	0.573098	5223	
0.165118	-0.715114	1296	
-0.244181	0.752363	1681	
-0.139591	-0.763243	2819	
0.420814	0.685707	1407	
-0.609137	-0.548084	4315	
0.832790	0.114402	2998	
-0.813355	0.285242	5576	
0.392074	-0.791830	3985	
0.291870	0.863839	5003	
-0.831791	-0.412297	3732	
0.800500	-0.512782	6907	
0.125485	0.966199	385	
-0.202134	0.066736	818	
-0.482483	-0.178867	3351	
0.466885	0.187132	2649	
0.247640	0.427460	4347	
0.228380	0.433524	3175	
0.342524	0.353310	2163	
0.313257	-0.404115	2192	
0.011784	-0.210455	3698	
-0.262277	-0.459127	2870	
-0.168183	0.570939	6692	
0.188272	-0.518526	2984	
-0.215184	0.572618	6383	
0.297776	-0.502714	4533	
-0.300634	0.543608	4496	
0.193185	-0.585955	707	
-0.225781	0.649069	1861	
0.151888	-0.635546	3329	
-0.185411	0.715389	5264	
-0.024964	-0.689945	5791	
0.163347	0.756952	6284	
-0.283560	-0.672168	1887	
0.443317	0.613888	1087	
-0.604924	-0.477673	3531	
0.769574	0.186256	3052	
-0.787733	0.189112	5424	
0.596842	-0.580992	1324	
-0.247109	0.834093	5319	
-0.454251	-0.746342	2478	
0.869088	0.218824	1574	
-0.818439	0.417646	5973	
0.050968	-0.938992	6646	
0.849787	0.450569	454	
-0.211512	-0.011443	3731	
-0.361782	0.351871	1595	
0.384996	-0.337808	1392	
0.508116	-0.014243	1657	
0.416201	-0.296817	1329	
-0.163717	0.501985	2839	
0.049335	0.700329	6543	
0.401228	-0.347134	1846	
-0.363428	0.395237	4205	
0.438344	-0.338493	2506	
-0.313897	0.483890	1613	
0.406001	-0.421536	3839	
-0.348291	0.501322	1797	
0.200069	-0.583471	841	
-0.176281	0.688289	967	
0.046183	-0.650451	3601	
0.123564	0.749799	5435	
-0.257031	-0.637970	4497	
0.423811	0.575027	653	
-0.574598	-0.442884	2777	
0.718286	0.197961	530	
-0.764945	-0.015609	2830	
0.690975	-0.374444	2511	
-0.462667	0.663412	4907	
0.042465	-0.825499	4299	
0.569868	0.626402	5028	
-0.830404	-0.251524	3402	
0.707718	-0.535023	4214	
-0.204453	0.895891	2420	
-0.678305	-0.637428	4468	
0.883877	-0.353219	6644	
-0.012723	0.975136	6266	
-0.170023	-0.123328	828	
-0.092947	0.502264	1736	
-0.508447	0.051640	1771	
-0.328132	0.383986	2943	
-0.213666	0.032759	820	
0.047024	0.689772	6543	
0.415616	0.321269	1533	
-0.531195	0.096768	2468	
0.550139	-0.072517	3623	
-0.453274	0.335434	1864	
0.528729	-0.254134	2652	
-0.446082	0.401652	3237	
0.395683	-0.476367	885	
-0.244572	0.633263	6421	
0.069095	-0.648305	2510	
0.160235	0.728332	504	
-0.354730	-0.587390	4787	
0.563799	0.422213	4024	
-0.670531	-0.271294	5411	
0.723934	-0.158299	1706	
-0.695299	0.309358	5647	
0.365853	-0.689316	2892	
0.034448	0.848660	5366	
-0.470636	-0.671935	2267	
0.824509	0.161529	3191	
-0.783049	0.356308	6453	
0.191448	-0.859431	3182	
0.593249	0.679168	3391	
-0.922570	0.008163	6752	
0.405707	-0.852022	6868	
0.656985	0.707059	6918	
-0.886590	0.432510	5993	
-0.038861	-0.204312	3803	
-0.092179	0.262732	348	
-0.115566	0.211070	5788	
0.048842	0.358761	6737	
0.034588	0.699423	6543	
0.237422	0.493529	4752	
-0.511589	-0.186320	1916	
0.527992	0.165838	1699	
-0.557638	-0.134798	3083	
0.583937	-0.059607	971	
-0.559834	0.216671	4644	
0.535435	-0.313888	3962	
-0.407689	0.493940	2531	
0.215661	-0.616467	643	
0.000831	0.781113	1200	
-0.304673	-0.615094	4351	
0.577078	0.402055	688	
-0.692074	-0.206529	2333	
0.682249	-0.285281	1046	
-0.605790	0.458141	2074	
0.117059	-0.768477	2343	
0.381584	0.710915	1723	
-0.725416	-0.373056	5634	
0.792689	-0.264088	4224	
-0.494291	0.701237	4922	
-0.353582	-0.799207	3014	
0.869379	0.213701	1574	
-0.755856	0.518602	4243	
-0.199559	-0.914947	3673	
0.949481	0.116283	592	
-0.434878	0.876169	6484	
0.135881	-0.153235	817	
0.069258	-0.195718	3966	
0.013367	0.699977	5685	
0.036276	0.700537	6543	
0.165683	0.559621	2036	
-0.455039	-0.300227	1904	
0.443415	0.329675	1531	
-0.447793	-0.362412	3328	
0.553877	0.193459	3053	
-0.597852	-0.095083	5675	
0.600249	-0.159170	648	
-0.582247	0.256338	3968	
0.400349	-0.517671	3196	
-0.309404	0.625278	1623	
-0.124592	-0.676743	2329	
0.473925	0.526601	4096	
-0.665864	-0.281023	5388	
0.692112	-0.260359	677	
-0.589817	0.478107	4519	
0.001424	-0.775755	2913	
0.480856	0.638627	1100	
-0.801562	-0.132080	3933	
0.677514	-0.484499	4640	
-0.154328	0.862229	614	
-0.619823	-0.611464	3541	
0.849321	-0.263803	3521	
-0.397523	0.822902	5012	
-0.639413	-0.675867	6121	
0.870197	-0.382807	426	
0.144396	0.961683	6911	
-0.991391	-0.038598	2753	
0.160483	0.127311	359	
0.048590	0.352886	6737	
0.052093	0.692603	982	
0.179609	0.544536	4879	
-0.426373	-0.339819	2416	
0.374982	0.410437	4337	
-0.316561	-0.482541	5567	
0.416643	0.418316	2289	
-0.488983	-0.361754	1365	
0.576551	0.234574	4103	
-0.637496	-0.057791	5352	
0.621900	-0.213913	532	
-0.546984	0.393558	5555	
0.179411	-0.666998	3089	
0.161896	0.756826	6284	
-0.562283	-0.456817	1961	
0.733789	-0.099692	2253	
-0.643494	0.402707	2883	
0.046819	-0.774428	2512	
0.489422	0.631214	393	
-0.809175	-0.058827	4457	
0.596720	-0.578963	1324	
0.190339	0.849117	6403	
-0.749096	-0.439252	2569	
0.719886	-0.516805	3010	
0.084720	0.915097	1405	
-0.855264	-0.354280	5862	
0.596666	-0.732958	432	
0.567003	0.781547	808	
-0.891132	0.420728	2810	
0.041576	0.490750	6707	
0.046303	0.700900	6543	
0.454724	0.259840	3366	
-0.484995	-0.246986	2792	
0.375788	0.409164	4850	
-0.212171	-0.537343	5650	
0.233916	0.591207	5808	
-0.248491	-0.557792	1403	
0.397339	0.490980	4398	
-0.472552	-0.438473	5327	
0.595585	0.287379	5422	
-0.675866	0.041318	5296	
0.528206	-0.450877	2126	
-0.329010	0.655088	1219	
-0.296180	-0.664282	1887	
0.699760	0.251693	1727	
-0.737007	0.189626	2447	
0.246592	-0.737508	4685	
0.394277	0.701661	5262	
-0.802658	-0.119868	4122	
0.600572	-0.574586	1324	
0.257542	0.824196	6357	
-0.802466	-0.327539	5655	
0.607766	-0.642075	2558	
0.353590	0.835345	5726	
-0.918435	-0.084167	316	
0.347182	-0.875476	321	
0.817764	0.503625	412	
-0.660733	0.724023	6680	
0.040663	0.701402	6543	
0.345512	-0.400814	2290	
-0.493002	0.208870	1820	
0.466735	0.293579	2413	
-0.181990	-0.548202	5870	
0.039303	0.742878	292	
0.208930	-0.579379	841	
-0.192145	0.674225	1494	
-0.056142	-0.646274	4121	
0.281143	0.639100	4977	
-0.500635	-0.464526	3200	
0.697875	0.029572	4153	
-0.651431	0.294908	5533	
0.165168	-0.712554	1296	
0.363620	0.671383	1333	
-0.740081	-0.193790	2701	
0.539479	-0.564486	3500	
0.155763	0.822065	4805	
-0.747841	-0.319822	3508	
0.683907	-0.473874	3851	
0.164770	0.856267	5397	
-0.794700	-0.345569	5513	
0.573948	-0.671341	4970	
0.450445	0.783202	5265	
-0.919471	0.047298	4451	
0.164649	-0.924880	4331	
0.919176	0.265987	349	
-0.423262	0.879985	6484	
0.039261	0.693673	6543	
-0.080771	0.681098	6123	
0.552227	-0.024764	3124	
-0.235496	-0.526793	5613	
-0.182860	0.643664	3552	
0.388497	-0.478868	871	
-0.497178	0.392902	4974	
0.456942	-0.467709	2321	
-0.431394	0.522141	4957	
0.044294	-0.686899	3744	
0.393415	0.597097	5722	
-0.664283	-0.281173	5388	
0.615434	-0.403906	3838	
-0.354227	0.684257	380	
-0.460768	-0.616860	3241	
0.781406	-0.089240	4753	
-0.367862	0.724247	327	
-0.548609	-0.604985	3819	
0.799293	-0.238628	2793	
-0.181686	0.853546	798	
-0.719644	-0.485222	2860	
0.636843	-0.612759	2795	
0.424243	0.798190	5329	
-0.917568	0.068522	4476	
0.077304	-0.934936	6494	
0.946207	0.128125	5571	
-0.243758	0.943435	6488	
0.420547	-0.321007	2241	
0.222413	-0.502412	2946	
-0.331446	-0.471151	3976	
-0.318004	0.524232	1313	
0.611549	-0.103710	515	
-0.632078	-0.095883	6087	
0.645182	0.132278	5939	
-0.675344	-0.051440	6096	
0.626056	-0.301800	4963	
-0.518046	0.492182	2015	
-0.122777	-0.717491	2350	
0.656053	0.349777	423	
-0.736143	0.188633	2447	
0.109441	-0.767452	1286	
0.620323	0.492984	2583	
-0.723030	0.354674	6160	
-0.065022	-0.819667	3690	
0.821247	0.165090	5075	
-0.542084	0.661717	5588	
-0.533792	-0.687342	2624	
0.771445	-0.435360	4400	
0.271738	0.868088	5184	
-0.920490	-0.013650	4405	
0.108945	-0.931723	496	
0.948805	0.100208	592	
-0.983396	-0.123809	2671	
0.045298	0.690633	6543	
-0.081635	-0.541047	2942	
-0.274272	-0.506939	5616	
-0.547048	0.241425	2629	
0.508250	0.358955	4298	
-0.207195	-0.612166	5886	
-0.025650	0.779145	1255	
-0.201091	-0.654912	3789	
0.493401	0.502925	446	
-0.666246	-0.274738	5411	
0.603412	-0.419982	6455	
-0.321707	0.704045	729	
-0.518803	-0.566698	3787	
0.730571	-0.282483	675	
-0.090525	0.839907	1509	
-0.757084	-0.293150	5092	
0.548060	-0.621874	5069	
0.560071	0.631156	5028	
-0.808682	0.287029	5576	
-0.222191	-0.844322	2271	
0.878122	-0.135531	3524	
-0.092811	0.913847	5243	
-0.898991	-0.205210	6541	
0.260556	-0.902483	6358	
0.934682	0.195029	6637	
-0.219265	0.948600	6143	
-0.984481	-0.108905	2671	
0.378757	-0.399062	2633	
0.522510	-0.176870	5822	
0.034162	0.727533	286	
0.583392	-0.042733	4077	
-0.267485	-0.547196	1159	
-0.419756	0.478953	4744	
0.610080	-0.239065	3483	
-0.676415	-0.012353	5492	
0.659793	-0.218689	962	
-0.639352	0.317286	5768	
0.174626	-0.709045	1310	
0.398564	0.643978	381	
-0.754552	-0.109791	2985	
0.336718	-0.699664	2964	
0.489015	0.628660	393	
-0.755876	0.277988	2956	
-0.077346	-0.817806	3690	
0.835270	0.006597	4283	
-0.224916	0.838453	1792	
-0.801702	-0.323568	5655	
0.335883	-0.812004	4616	
0.808064	0.382714	2425	
-0.563010	0.716626	6190	
-0.768554	-0.515536	4395	
0.492308	-0.802706	1402	
0.872325	0.393126	807	
-0.347246	0.910022	6066	
-0.972152	-0.193134	6355	
-0.587467	0.119074	4994	
-0.565312	-0.213878	4036	
0.407321	-0.462715	835	
-0.302571	0.582856	2335	
0.297266	-0.579080	2929	
-0.459761	0.492678	2077	
0.334067	-0.603570	4845	
-0.303273	0.670678	6849	
-0.218022	-0.692334	1740	
0.694511	0.257920	1727	
-0.732907	0.196317	2447	
0.069157	-0.770526	1291	
0.690587	0.382436	2613	
-0.582887	0.551725	1559	
-0.486991	-0.654688	4209	
0.739790	-0.378860	4776	
0.424514	0.734514	2387	
-0.820261	0.250247	1489	
-0.288642	-0.822489	2523	
0.814889	-0.346776	3697	
0.402857	0.808119	5160	
-0.861088	0.311446	5864	
-0.444613	-0.816706	6562	
0.757448	-0.565053	3735	
0.692784	0.665055	1202	
-0.573831	0.789846	6568	
0.643558	-0.124245	3650	
0.638817	0.155228	549	
-0.060504	0.772730	6706	
-0.619725	-0.276194	3336	
0.626674	-0.297565	4963	
-0.420931	0.581758	5035	
-0.165068	-0.707038	2315	
0.695194	0.254833	1727	
-0.725092	0.221174	5363	
0.022196	-0.772346	2597	
0.726356	0.305600	2273	
-0.534606	0.598738	5829	
-0.590994	-0.559412	4810	
0.649330	-0.515426	3938	
0.584160	0.606167	1629	
-0.703288	0.485623	3233	
-0.564461	-0.659598	4419	
0.538926	-0.696109	3430	
0.772968	0.449145	4184	
-0.462760	0.783340	5053	
-0.869498	-0.306532	6280	
0.103275	-0.930064	496	
0.945394	-0.097577	330	
0.319762	0.911714	5934	
-0.819790	0.537246	6587	
-0.338301	0.645315	3396	
-0.466096	0.541146	5687	
-0.715264	0.025647	1144	
-0.239667	-0.684104	1537	
0.677128	-0.286103	1046	
-0.157048	0.789508	585	
-0.693149	-0.320664	2181	
0.384312	-0.673891	3301	
0.527148	0.592758	2032	
-0.688330	0.412404	4782	
-0.421382	-0.698578	1822	
0.725239	-0.403488	4120	
0.534788	0.651326	4669	
-0.703686	0.484158	3233	
-0.622405	-0.603250	3149	
0.398779	-0.782140	3728	
0.870771	0.184218	5341	
-0.091128	0.912572	5565	
-0.914660	0.071387	4476	
-0.377561	-0.849612	6625	
0.714426	-0.616130	6550	
0.835988	0.464372	1247	
-0.236233	0.942757	6143	
-0.978433	0.117224	6015	
-0.701459	0.282623	769	
-0.742744	0.150540	5651	
-0.716569	-0.259770	2754	
-0.242126	-0.730086	3145	
0.542639	-0.556503	2490	
0.628637	0.477533	2625	
-0.470520	0.651357	5218	
-0.756059	-0.288918	3074	
0.223283	-0.791570	4904	
0.831367	0.066038	3629	
0.101510	0.868577	3341	
-0.831788	0.204617	1475	
-0.429893	-0.755004	2576	
0.540830	-0.693324	3087	
0.854749	0.248673	5764	
-0.048573	0.915950	5531	
-0.892366	0.203617	3499	
-0.552065	-0.744646	3782	
0.493575	-0.799635	1402	
0.946089	0.101383	592	
0.269074	0.927769	1021	
-0.761361	0.613695	6239	
-0.901022	-0.415312	526	
-0.605363	0.523734	4774	
-0.659641	0.454067	4235	
-0.782485	0.183800	5424	
-0.749635	-0.304018	3508	
-0.257744	-0.774650	5285	
0.569149	-0.598975	5168	
0.817172	0.168412	5075	
0.226094	0.832607	545	
-0.755362	0.398379	6109	
-0.705219	-0.499205	2529	
0.081017	-0.869399	3264	
0.831259	-0.300342	4440	
0.636044	0.629791	4076	
-0.386372	0.822307	4834	
-0.917074	0.002853	4236	
-0.485662	-0.789859	4973	
0.483402	-0.805144	1402	
0.949635	-0.011153	300	
0.484321	0.830796	477	
-0.534429	0.813840	1179	
0.393118	0.750612	2288	
0.332988	0.784034	2620	
0.050475	0.874592	5854	
-0.437058	0.731991	4912	
-0.797033	0.307320	4741	
-0.810903	-0.288532	5020	
-0.333548	-0.802005	5126	
0.318362	-0.814813	4384	
0.855834	-0.221532	5548	
0.700538	0.553653	4202	
-0.143616	0.903062	5582	
-0.842260	0.350590	4348	
-0.798315	-0.460397	3928	
-0.115044	-0.923960	6116	
0.690723	-0.639545	3850	
0.936732	0.164580	6326	
0.423983	0.863556	411	
-0.511521	0.827446	6272	
0.624691	-0.616400	2588	
0.666688	-0.572108	5747	
0.771530	-0.424537	3738	
0.872265	-0.142665	3138	
0.856164	0.234765	2388	
0.580082	0.680980	2603	
0.015312	0.915365	6744	
-0.625755	0.656822	4914	
-0.911558	0.073238	4476	
-0.727552	-0.566513	3260	
-0.139466	-0.919400	5820	
0.582534	-0.736534	4448	
0.935075	-0.147538	4072	
0.765605	0.571288	303	
0.043403	0.966853	6880	
-0.680944	0.696812	5965	
-0.983841	-0.046927	2753	
-0.912822	0.031122	3895	
-0.913742	0.004755	4236	
-0.904896	-0.140872	3981	
-0.844336	-0.361426	5862	
-0.690612	-0.610350	4376	
-0.395736	-0.837007	6253	
0.033308	-0.930346	6646	
0.499216	-0.792595	6743	
0.859558	-0.387947	306	
0.936740	0.153621	6613	
0.676341	0.675709	450	
0.066195	0.964443	6569	
-0.563042	0.792115	6579	
-0.946546	0.254454	6515	
-0.894212	-0.423240	526	
0.940403	-0.086988	330	
0.942586	-0.066037	283	
0.945703	0.029237	417	
0.927000	0.199670	6429	
0.846135	0.434829	750	
0.684586	0.665210	453	
0.379402	0.881765	458	
-0.069505	0.964460	6601	
-0.505388	0.828088	6272	
-0.822364	0.524143	6465	
-0.981151	0.038354	6480	
-0.840059	0.491405	6534	
-0.843807	0.485597	6534	
-0.873483	0.431901	5993	
-0.971728	0.120414	5977	
-0.976197	-0.108624	2671	
