time = 16.3	Re = 1
-0.206514	0.953785	6090	
-0.237466	0.946738	1687	
-0.278345	0.936381	6282	
-0.327928	0.921703	6187	
-0.384995	0.901605	5915	
-0.448480	0.874859	6795	
0.253497	0.918019	726	
0.220631	0.927213	1155	
0.174809	0.938366	6902	
0.115702	0.949453	427	
0.041203	0.958042	6880	
-0.045899	0.960353	6546	
-0.141398	0.953657	1297	
-0.241315	0.936740	437	
-0.342659	0.908933	6066	
-0.446462	0.868403	5903	
-0.550290	0.813815	6504	
0.637911	0.670098	5318	
0.615247	0.691480	4265	
0.582710	0.720549	6622	
0.539307	0.755868	4676	
0.483463	0.795911	5108	
0.413934	0.838167	5940	
0.327299	0.880686	6310	
0.222786	0.918535	1155	
0.098476	0.946014	427	
-0.044323	0.955178	6546	
-0.189932	0.941450	6468	
-0.329710	0.907858	456	
-0.462477	0.855673	5549	
-0.590336	0.782841	6142	
-0.708633	0.690037	6008	
0.857637	0.272451	5887	
0.847937	0.302292	3104	
0.832980	0.344152	3574	
0.811269	0.396536	2908	
0.780593	0.458776	4184	
0.738052	0.530112	4780	
0.682317	0.606010	6238	
0.610562	0.684495	4265	
0.521655	0.761028	5215	
0.411037	0.833482	5940	
0.276786	0.895674	6885	
0.111778	0.940012	5088	
-0.072179	0.950584	6601	
-0.251268	0.925123	437	
-0.414765	0.872570	926	
-0.564843	0.794730	6579	
-0.702618	0.690231	5965	
0.854142	-0.188798	3565	
0.860719	-0.158039	3542	
0.868912	-0.113049	3159	
0.876379	-0.054595	4472	
0.880427	0.016875	4129	
0.877959	0.100632	2339	
0.865536	0.196447	4954	
0.839309	0.302365	4813	
0.795086	0.416221	2142	
0.730009	0.532130	4716	
0.639416	0.648022	4076	
0.524470	0.753470	4676	
0.381026	0.845297	6054	
0.203215	0.916173	5619	
-0.011386	0.948440	6890	
-0.224180	0.927815	395	
-0.412945	0.869512	926	
-0.581203	0.780158	6142	
0.615537	-0.586231	1262	
0.637334	-0.562997	5646	
0.667945	-0.528159	2025	
0.704493	-0.481506	2724	
0.745710	-0.420145	3428	
0.787083	-0.344442	3832	
0.825292	-0.252657	3893	
0.856123	-0.142626	3138	
0.872789	-0.020926	4592	
0.871280	0.117280	5111	
0.845460	0.264353	5551	
0.790874	0.415086	2142	
0.703700	0.563207	4202	
0.580583	0.701552	4252	
0.423511	0.818020	5727	
0.226596	0.906169	508	
-0.017242	0.945945	6866	
-0.254976	0.917960	437	
-0.458918	0.845598	4818	
-0.636848	0.736563	6598	
-0.788639	0.592168	2498	
0.198334	-0.800989	4612	
0.229404	-0.793034	1973	
0.274578	-0.779778	4940	
0.331465	-0.759353	4055	
0.400293	-0.728442	4127	
0.476938	-0.684729	2309	
0.560243	-0.623966	1773	
0.644246	-0.544180	5459	
0.724224	-0.442750	3878	
0.794196	-0.317215	4003	
0.844534	-0.172564	2516	
0.869655	-0.006761	4111	
0.861399	0.167935	2365	
0.814307	0.350329	4684	
0.724175	0.527770	4716	
0.590541	0.687827	3391	
0.410977	0.822019	5727	
0.183199	0.916117	5672	
-0.091911	0.941331	5928	
-0.339155	0.890908	397	
-0.548351	0.793943	1179	
-0.725466	0.655740	6043	
-0.865743	0.483569	6814	
-0.275804	-0.750950	3940	
-0.245316	-0.761852	5554	
-0.200646	-0.775957	3568	
-0.140306	-0.791039	5394	
-0.064437	-0.803492	3279	
0.026292	-0.809006	3628	
0.132949	-0.802779	3662	
0.251380	-0.779238	4148	
0.380392	-0.731871	4296	
0.506878	-0.658718	1911	
0.627306	-0.555881	5646	
0.733709	-0.421028	3878	
0.815261	-0.255788	2555	
0.860847	-0.067015	3987	
0.862236	0.136627	4650	
0.812658	0.346073	4684	
0.708605	0.545683	4202	
0.551479	0.719424	4629	
0.339547	0.856531	6659	
0.065848	0.936065	6342	
-0.226639	0.919380	395	
-0.467316	0.835397	1081	
-0.668693	0.703858	6635	
-0.831177	0.529010	6507	
-0.639541	-0.437581	5172	
-0.620949	-0.464214	1460	
-0.592457	-0.501716	3566	
-0.549999	-0.550887	4231	
-0.492187	-0.606824	3242	
-0.415970	-0.665872	5157	
-0.319695	-0.722056	5383	
-0.204481	-0.768004	3568	
-0.072075	-0.797115	3279	
0.077474	-0.803080	3661	
0.240349	-0.777816	4148	
0.408499	-0.713734	3571	
0.567181	-0.607576	5168	
0.702908	-0.460626	3868	
0.804922	-0.274335	3425	
0.858868	-0.059040	4472	
0.854775	0.172385	5341	
0.786601	0.402528	2142	
0.653071	0.613798	5698	
0.456461	0.788106	5251	
0.196801	0.907960	5619	
-0.124411	0.934041	5943	
-0.400198	0.863044	784	
-0.624363	0.735994	1154	
-0.804247	0.560206	6032	
-0.749263	0.030248	5099	
-0.750306	-0.002612	5098	
-0.749851	-0.053100	5431	
-0.744568	-0.116767	2985	
-0.730452	-0.197406	2701	
-0.702676	-0.290312	3853	
-0.655889	-0.393462	5522	
-0.585219	-0.500683	2803	
-0.488998	-0.602528	3242	
-0.360132	-0.695238	3907	
-0.200462	-0.765068	3568	
-0.023199	-0.798474	2899	
0.170006	-0.789451	5275	
0.369379	-0.728947	3022	
0.558720	-0.610848	5069	
0.712389	-0.442345	4154	
0.818891	-0.227804	5481	
0.861763	0.016843	2992	
0.831483	0.270089	5551	
0.723990	0.513352	4756	
0.543029	0.720341	4755	
0.290159	0.873604	5184	
-0.039992	0.937496	6527	
-0.348259	0.880324	397	
-0.592968	0.755658	373	
-0.787599	0.576879	6032	
-0.547499	0.475276	4552	
-0.568594	0.449669	4950	
-0.599173	0.409487	1932	
-0.635779	0.353761	5860	
-0.674690	0.280150	1131	
-0.710046	0.187695	1080	
-0.735726	0.073974	5171	
-0.742985	-0.061004	4991	
-0.722334	-0.209911	2437	
-0.667620	-0.361347	3378	
-0.573000	-0.509684	2803	
-0.437040	-0.640354	3283	
-0.258466	-0.740912	3461	
-0.048601	-0.793249	2667	
0.173580	-0.785950	5256	
0.399380	-0.711724	4127	
0.603773	-0.566880	3377	
0.757767	-0.363349	4665	
0.845834	-0.112448	4613	
0.851491	0.161645	1570	
0.769318	0.428228	2169	
0.601766	0.663086	2147	
0.353983	0.842500	5726	
0.019562	0.934543	715	
-0.317649	0.888383	575	
-0.577642	0.763338	293	
-0.782997	0.578759	6032	
-0.926750	0.350138	5974	
-0.031586	0.793808	1255	
-0.096458	0.779900	669	
-0.173315	0.745803	5430	
-0.255718	0.696930	1777	
-0.342291	0.639815	3396	
-0.430480	0.574153	5223	
-0.521758	0.491384	2015	
-0.607892	0.386616	2033	
-0.680931	0.253998	4277	
-0.727986	0.095504	5175	
-0.737565	-0.086922	2370	
-0.696455	-0.284319	1391	
-0.600293	-0.468593	3531	
-0.447000	-0.629066	2857	
-0.243568	-0.743646	3145	
-0.000294	-0.794337	2540	
0.249157	-0.766590	4148	
0.490423	-0.655663	4917	
0.690403	-0.464704	3851	
0.818331	-0.214214	5481	
0.857031	0.073121	1697	
0.796968	0.360190	4684	
0.639606	0.619154	5698	
0.393882	0.818953	5612	
0.050989	0.930477	6342	
-0.308318	0.889329	6604	
-0.579467	0.759475	373	
-0.791338	0.565209	6032	
-0.935099	0.325239	2672	
0.493646	0.460508	4814	
0.471165	0.485745	4671	
0.434408	0.524335	1747	
0.383824	0.571933	4981	
0.310512	0.633893	5024	
0.206931	0.711476	5360	
0.007581	0.790984	923	
-0.218520	0.714896	1101	
-0.373410	0.612178	4971	
-0.511887	0.495714	2015	
-0.629398	0.346939	5821	
-0.709191	0.163407	1123	
-0.736232	-0.050410	5431	
-0.694106	-0.282542	1391	
-0.579281	-0.492489	2530	
-0.393999	-0.663995	3299	
-0.150556	-0.770125	2563	
0.121615	-0.788333	3023	
0.391023	-0.710578	4478	
0.628041	-0.535794	5252	
0.789742	-0.286297	3799	
0.855025	0.012111	2992	
0.809921	0.319045	4802	
0.657166	0.595238	5674	
0.407168	0.809154	5329	
0.050427	0.929010	6342	
-0.320880	0.883290	5253	
-0.598644	0.743571	764	
-0.811366	0.536056	1206	
-0.949363	0.283157	1965	
0.648910	0.001578	2124	
0.648275	0.036437	2247	
0.644242	0.090997	1890	
0.632490	0.160649	549	
0.607387	0.246407	4193	
0.562082	0.345604	3886	
0.491638	0.450599	4814	
0.392210	0.557343	5114	
0.257127	0.670692	5052	
-0.004726	0.789287	923	
-0.282127	0.671186	6847	
-0.465286	0.535181	5687	
-0.614725	0.364724	5955	
-0.710003	0.150024	1051	
-0.731149	-0.097260	2065	
-0.661211	-0.355285	3378	
-0.502028	-0.574926	2923	
-0.269126	-0.728195	3075	
0.022077	-0.790590	2913	
0.312339	-0.741824	3822	
0.577105	-0.582613	5434	
0.766649	-0.332085	4282	
0.851185	-0.021756	3774	
0.813569	0.301804	1417	
0.658186	0.590948	5674	
0.397471	0.812735	5160	
0.019827	0.929916	6664	
-0.355961	0.869177	5491	
-0.634287	0.714229	6271	
-0.841227	0.490273	6534	
0.441712	-0.442018	889	
0.466002	-0.417014	546	
0.501754	-0.375590	6049	
0.544737	-0.314733	3962	
0.590013	-0.228397	4621	
0.625225	-0.121070	3155	
0.641615	0.008978	2124	
0.628031	0.156305	549	
0.574595	0.312057	5292	
0.474905	0.465128	4926	
0.328383	0.609622	5010	
0.085205	0.773106	598	
-0.274330	0.673508	1648	
-0.484314	0.514263	5067	
-0.644961	0.308820	5768	
-0.726041	0.053712	5171	
-0.706257	-0.226201	2369	
-0.574759	-0.490994	2530	
-0.347599	-0.687281	3355	
-0.053638	-0.783265	2667	
0.260816	-0.756673	4577	
0.545796	-0.606761	5069	
0.755645	-0.349629	4665	
0.848635	-0.029588	3888	
0.809393	0.308738	4802	
0.642836	0.606642	5423	
0.363464	0.829461	5726	
-0.041264	0.929582	5945	
-0.411804	0.844918	6446	
-0.684021	0.669509	547	
-0.878676	0.425485	5993	
-0.037897	-0.598643	4118	
-0.000875	-0.600429	2878	
0.056366	-0.599287	3804	
0.134107	-0.589400	4653	
0.231732	-0.562266	851	
0.339017	-0.510329	878	
0.449404	-0.424618	889	
0.547489	-0.300931	4428	
0.616472	-0.139221	995	
0.637704	0.047311	2373	
0.598222	0.248153	3143	
0.491292	0.439871	5118	
0.319890	0.613511	5010	
-0.006975	0.786617	1200	
-0.350716	0.618787	2927	
-0.565886	0.423880	1452	
-0.699902	0.169440	1142	
-0.723547	-0.127078	2489	
-0.618032	-0.425332	5200	
-0.398734	-0.653161	3299	
-0.097925	-0.774711	2614	
0.236641	-0.761396	4614	
0.536707	-0.611612	5288	
0.757215	-0.342674	4665	
0.848346	-0.008184	3774	
0.796121	0.341493	1597	
0.608920	0.641936	2568	
0.302159	0.857127	5003	
-0.129447	0.921527	5943	
-0.483987	0.807982	5543	
-0.744530	0.606714	276	
-0.918910	0.340961	5974	
-0.481789	-0.314042	1784	
-0.460783	-0.345066	3475	
-0.422649	-0.393123	4020	
-0.361795	-0.453085	5767	
-0.273645	-0.515461	1474	
-0.154465	-0.567706	5684	
-0.007230	-0.594101	2878	
0.161061	-0.578974	5938	
0.331965	-0.510101	862	
0.486235	-0.380166	6107	
0.596148	-0.192678	512	
0.635210	0.035621	2247	
0.585956	0.272357	3273	
0.448186	0.487721	4878	
0.224485	0.687364	5312	
-0.221778	0.702983	1101	
-0.488268	0.504515	5067	
-0.669231	0.248790	4277	
-0.726948	-0.061969	4991	
-0.641477	-0.380293	3390	
-0.421702	-0.634597	3283	
-0.109659	-0.770664	2614	
0.242616	-0.758037	4614	
0.551412	-0.597323	3918	
0.771150	-0.310036	4282	
0.848131	0.041003	4196	
0.770770	0.398572	4563	
0.554000	0.693160	4378	
0.208459	0.890733	5619	
-0.239261	0.899416	946	
-0.569312	0.754632	293	
-0.811001	0.523131	1206	
-0.956435	0.236535	2728	
-0.462159	0.286128	1565	
-0.481670	0.253714	3595	
-0.512573	0.191110	1633	
-0.543864	0.092743	3130	
-0.556104	-0.032620	3254	
-0.532838	-0.181990	2702	
-0.459801	-0.336000	2637	
-0.325618	-0.476690	5567	
-0.144303	-0.567168	5684	
0.071846	-0.589796	3804	
0.293794	-0.527649	867	
0.489335	-0.372607	6049	
0.608035	-0.148517	995	
0.625908	0.119420	2379	
0.527829	0.379353	4763	
0.326739	0.602247	4908	
-0.092885	0.769438	845	
-0.431187	0.552479	5247	
-0.644226	0.296932	5768	
-0.725527	-0.028588	1151	
-0.647735	-0.363773	3743	
-0.417987	-0.635149	2889	
-0.089976	-0.772413	2614	
0.276048	-0.746509	4577	
0.587743	-0.562745	3553	
0.793993	-0.250601	2793	
0.842999	0.119297	2998	
0.729046	0.475673	3635	
0.473327	0.755931	5062	
0.069841	0.919967	1581	
-0.359770	0.860201	624	
-0.665114	0.678919	709	
-0.876333	0.417791	6887	
-0.985141	0.113367	6015	
0.086072	0.633746	6796	
0.077676	0.659869	1198	
0.016551	0.704251	5685	
-0.098302	0.636774	6668	
-0.197200	0.531424	4090	
-0.330313	0.424597	1665	
-0.470468	0.263840	2442	
-0.548819	0.041956	2635	
-0.523871	-0.200009	3235	
-0.392363	-0.414243	5483	
-0.172291	-0.555136	5649	
0.092169	-0.585301	3761	
0.350677	-0.492329	847	
0.546406	-0.286747	4222	
0.629913	-0.003881	2316	
0.573379	0.290248	5303	
0.388932	0.543044	5109	
0.019334	0.782862	695	
-0.398990	0.575884	2153	
-0.634372	0.311539	3997	
-0.723778	-0.029500	1151	
-0.637865	-0.379172	3390	
-0.388048	-0.653865	2921	
-0.039090	-0.777452	2887	
0.335757	-0.723185	3990	
0.642369	-0.503402	3618	
0.819322	-0.163368	3204	
0.825693	0.221978	5529	
0.664748	0.568622	1615	
0.357410	0.825611	5726	
-0.102487	0.920479	5243	
-0.487155	0.800205	5543	
-0.762073	0.578522	6236	
-0.934869	0.286900	1965	
0.213051	0.420091	2048	
0.203343	0.423879	1925	
0.188912	0.431651	2030	
0.169547	0.445511	1732	
0.147510	0.467823	1383	
0.121504	0.509800	1396	
0.088595	0.606032	6676	
-0.114797	0.608411	5857	
-0.349164	0.404557	2219	
-0.528687	0.129122	2463	
-0.525879	-0.187044	1916	
-0.359569	-0.442382	5767	
-0.080711	-0.577476	3729	
0.223748	-0.552621	863	
0.479544	-0.377052	6107	
0.617780	-0.089659	645	
0.594397	0.231484	4103	
0.417612	0.511632	1743	
0.063162	0.774397	1341	
-0.396775	0.575491	2153	
-0.641051	0.295417	5768	
-0.721536	-0.065005	1041	
-0.610321	-0.423591	3756	
-0.329373	-0.687064	3032	
0.043553	-0.779659	2512	
0.420655	-0.680923	3876	
0.707323	-0.414915	3316	
0.838844	-0.043671	3888	
0.787099	0.346560	1597	
0.567236	0.674458	1637	
0.197970	0.889716	5306	
-0.279220	0.883893	6658	
-0.617972	0.713060	4511	
-0.853631	0.449515	625	
0.373637	0.252785	2602	
0.359125	0.270019	2093	
0.335242	0.296875	1376	
0.305217	0.325926	1315	
0.268547	0.356239	3637	
0.228830	0.383573	1769	
0.190716	0.408366	2072	
0.154080	0.439037	1732	
0.115041	0.506977	1396	
0.042117	0.701461	6543	
-0.339724	0.411011	1674	
-0.542585	0.059448	3096	
-0.474252	-0.299770	1776	
-0.208407	-0.536711	5650	
0.124546	-0.576571	4131	
0.428901	-0.426700	5213	
0.605995	-0.133407	697	
0.599501	0.209792	974	
0.418355	0.508337	4681	
0.029554	0.780108	646	
-0.424236	0.551528	5165	
-0.662136	0.247265	4026	
-0.713829	-0.133685	2489	
-0.558092	-0.494695	2715	
-0.237702	-0.727426	2690	
0.158276	-0.768984	3038	
0.523131	-0.611735	5288	
0.772090	-0.292144	3799	
0.839500	0.103010	3770	
0.716465	0.487632	4429	
0.432177	0.778486	5265	
-0.024536	0.922048	5570	
-0.450141	0.815633	6802	
-0.744033	0.593772	299	
-0.928304	0.293747	613	
0.442533	-0.042218	3502	
0.443708	-0.011071	2426	
0.441788	0.037994	5632	
0.431730	0.097416	1465	
0.407917	0.168726	1455	
0.369062	0.237941	2293	
0.317201	0.300714	1376	
0.260647	0.348845	3637	
0.207519	0.382984	1598	
0.160183	0.417567	2507	
0.113599	0.497235	1396	
-0.090010	0.642662	6668	
-0.462850	0.266432	2442	
-0.526970	-0.171725	1916	
-0.296086	-0.486574	5569	
0.068358	-0.581726	3473	
0.405210	-0.445113	840	
0.603271	-0.136956	697	
0.593710	0.222194	4103	
0.392249	0.532476	5109	
-0.081720	0.769404	1299	
-0.478261	0.501976	5036	
-0.690384	0.164287	5429	
-0.690985	-0.234868	1384	
-0.473773	-0.581787	5241	
-0.111339	-0.762095	3218	
0.299368	-0.732065	4438	
0.634164	-0.505579	3618	
0.821003	-0.136035	1937	
0.807862	0.274204	1670	
0.607232	0.629646	3431	
0.242352	0.872139	6091	
-0.257975	0.886988	946	
-0.612741	0.712885	4511	
-0.855447	0.439512	6824	
0.273835	-0.324521	2804	
0.300806	-0.300617	3652	
0.337254	-0.262357	4197	
0.378208	-0.204272	4817	
0.415776	-0.121086	2300	
0.434824	-0.021376	2638	
0.426683	0.089624	1465	
0.387320	0.196090	4253	
0.325598	0.282015	2626	
0.257423	0.340917	1936	
0.197236	0.377386	1591	
0.144920	0.422376	3170	
0.085735	0.587317	6682	
-0.347913	0.400321	2219	
-0.543342	-0.078932	2697	
-0.326673	-0.463179	3976	
0.055820	-0.580897	3804	
0.414836	-0.434833	5049	
0.609991	-0.102280	515	
0.572702	0.273923	4944	
0.336439	0.582598	1462	
-0.211196	0.700593	1101	
-0.551462	0.421669	1522	
-0.713235	0.042629	1157	
-0.640579	-0.360041	3798	
-0.353413	-0.668254	2967	
0.045857	-0.774998	2512	
0.450906	-0.658015	4983	
0.737614	-0.355384	4776	
0.838597	0.053177	4196	
0.731036	0.456362	4482	
0.444647	0.766798	5071	
-0.023284	0.919595	5570	
-0.463661	0.805223	6420	
-0.761256	0.568961	6508	
-0.939109	0.253743	6354	
-0.023856	-0.400602	4728	
-0.014282	-0.398579	4049	
0.055404	-0.397928	4532	
0.122757	-0.387251	663	
0.214836	-0.351380	581	
0.303910	-0.287536	3936	
0.383417	-0.183601	4607	
0.426582	-0.053363	5763	
0.421992	0.088573	1516	
0.372229	0.211809	4253	
0.297767	0.300965	1360	
0.226057	0.350949	1899	
0.165169	0.389059	2085	
0.106457	0.497512	6249	
-0.242017	0.486499	5552	
-0.544599	-0.047284	2786	
-0.315556	-0.469907	5567	
0.090781	-0.576461	3761	
0.454729	-0.394396	566	
0.619461	-0.028383	647	
0.530364	0.354216	4437	
0.239060	0.663500	5201	
-0.333957	0.614795	1700	
-0.629807	0.302852	3997	
-0.711993	-0.111853	2485	
-0.546556	-0.501434	2313	
-0.188444	-0.739660	2057	
0.237734	-0.747794	4614	
0.603891	-0.533899	5510	
0.813135	-0.157013	3204	
0.806918	0.266534	5144	
0.597506	0.635839	1473	
0.214244	0.879322	328	
-0.298879	0.871884	5253	
-0.650385	0.678224	6430	
-0.881884	0.384565	689	
-0.984047	0.041634	6480	
-0.274841	-0.254919	4029	
-0.251895	-0.278368	561	
-0.211517	-0.313107	6323	
-0.151817	-0.350420	5882	
-0.069638	-0.381474	4746	
0.045490	-0.392823	3792	
0.169743	-0.366741	510	
0.292817	-0.291675	3652	
0.388653	-0.163434	4241	
0.426676	-0.002456	1468	
0.397555	0.152420	5198	
0.324746	0.266563	2125	
0.244686	0.331295	1936	
0.178190	0.368198	1591	
0.114670	0.462785	6712	
-0.219781	0.502765	4734	
-0.540783	-0.081865	2697	
-0.265855	-0.500586	5616	
0.172249	-0.559816	5937	
0.516675	-0.314693	3419	
0.617318	0.086882	533	
0.453106	0.460076	4610	
0.021065	0.778245	695	
-0.466018	0.507290	2077	
-0.693833	0.134791	5377	
-0.666392	-0.294395	4666	
-0.393549	-0.639263	3299	
0.016618	-0.771903	2597	
0.440539	-0.661031	4983	
0.737348	-0.349828	3944	
0.835191	0.073565	3629	
0.710636	0.485728	4403	
0.399033	0.792554	5160	
-0.105386	0.912715	5243	
-0.526729	0.766033	4910	
-0.808485	0.502478	1583	
-0.960638	0.166423	1009	
-0.352724	-0.029448	3648	
-0.348552	-0.060023	3219	
-0.338883	-0.105644	3310	
-0.317779	-0.165707	1909	
-0.274620	-0.238537	2421	
-0.202103	-0.311283	6323	
-0.092940	-0.368869	4785	
0.042819	-0.388041	3792	
0.198852	-0.348619	581	
0.347696	-0.225936	4161	
0.417884	-0.059387	5704	
0.407263	0.113159	1920	
0.335744	0.246741	2127	
0.251751	0.318959	1936	
0.181094	0.356523	1715	
0.113278	0.457849	6720	
-0.281195	0.454033	1079	
-0.518462	-0.182938	1916	
-0.167374	-0.544383	3837	
0.290570	-0.513414	873	
0.579635	-0.189396	4634	
0.582186	0.236728	4103	
0.330098	0.582685	1462	
-0.255413	0.666763	1749	
-0.595579	0.354471	5761	
-0.712270	-0.072541	1041	
-0.556957	-0.483989	2715	
-0.189062	-0.736464	2057	
0.252020	-0.740879	4685	
0.624914	-0.507302	3618	
0.820638	-0.108562	4144	
0.785315	0.325608	1534	
0.540941	0.686642	4855	
0.105653	0.904836	1830	
-0.396229	0.832261	4834	
-0.723970	0.603510	944	
-0.923932	0.281069	6367	
-0.986298	-0.074280	451	
-0.308898	0.142266	6243	
-0.316559	0.117825	2087	
-0.327456	0.080473	2338	
-0.337812	0.027372	3102	
-0.340098	-0.042435	3092	
-0.323270	-0.131301	6607	
-0.272443	-0.231836	2421	
-0.176577	-0.323483	543	
-0.028159	-0.380375	3572	
0.148677	-0.365898	1043	
0.314077	-0.262033	3678	
0.408477	-0.087453	5871	
0.406509	0.101818	1516	
0.333796	0.241745	2127	
0.247846	0.313253	2318	
0.175645	0.351063	1782	
0.101782	0.488530	6249	
-0.430396	0.305174	4860	
-0.445953	-0.330053	2263	
0.002367	-0.575794	2336	
0.429973	-0.413082	5213	
0.616198	-0.012099	963	
0.493227	0.403502	5155	
0.120944	0.744875	5185	
-0.444054	0.523361	2456	
-0.688241	0.144359	5377	
-0.658860	-0.305989	3517	
-0.365116	-0.654618	2412	
0.065339	-0.768958	1291	
0.492381	-0.623883	3911	
0.768054	-0.279053	3799	
0.824069	0.163909	3191	
0.649206	0.569430	1753	
0.285083	0.848257	5011	
-0.255182	0.880860	674	
-0.630707	0.688332	4865	
-0.875418	0.386102	689	
-0.237855	0.233177	1997	
-0.247227	0.214986	2134	
-0.262601	0.189879	2784	
-0.283733	0.154234	6898	
-0.307376	0.105659	2087	
-0.327989	0.035130	2287	
-0.332148	-0.057940	6654	
-0.301432	-0.172699	2669	
-0.216209	-0.287801	6046	
-0.066511	-0.368613	3920	
0.133575	-0.367170	494	
0.310621	-0.262503	2797	
0.407253	-0.079327	5404	
0.399005	0.115213	1920	
0.320299	0.249798	2125	
0.234726	0.311893	2318	
0.160445	0.355655	1440	
0.075665	0.608911	3359	
-0.532684	0.072964	2432	
-0.297001	-0.476371	5795	
0.203366	-0.546585	4550	
0.553366	-0.243037	3834	
0.590246	0.202770	5921	
0.338146	0.571747	5078	
-0.263029	0.658724	6845	
-0.608575	0.328692	5839	
-0.705531	-0.119969	2485	
-0.512665	-0.531337	1340	
-0.110360	-0.753540	3218	
0.342087	-0.706234	3290	
0.689070	-0.421111	3316	
0.830997	0.010817	4283	
0.729079	0.445137	2867	
0.422026	0.773561	5100	
-0.095762	0.910277	5243	
-0.534064	0.756092	4726	
-0.818956	0.478780	5572	
-0.964218	0.126453	5977	
-0.188049	0.254699	6184	
-0.196936	0.239201	407	
-0.210094	0.223235	407	
-0.227507	0.205157	6039	
-0.251148	0.178513	2207	
-0.280777	0.136927	459	
-0.310782	0.071891	6168	
-0.327576	-0.022920	2260	
-0.307779	-0.145352	281	
-0.224522	-0.274711	3113	
-0.065191	-0.365658	3920	
0.142933	-0.361608	1043	
0.328343	-0.236538	4088	
0.410919	-0.041079	1678	
0.382503	0.148488	5198	
0.296408	0.265535	2083	
0.214614	0.312714	2268	
0.137035	0.378337	1352	
-0.165847	0.543826	5520	
-0.501228	-0.222645	2168	
-0.064807	-0.566467	2918	
0.411791	-0.426225	3839	
0.614149	-0.001798	702	
0.475033	0.423632	4788	
0.033839	0.774024	646	
-0.490937	0.475895	2488	
-0.702417	0.060673	1070	
-0.613309	-0.393315	4033	
-0.264253	-0.704433	2480	
0.190591	-0.751547	2662	
0.594903	-0.533173	3180	
0.811681	-0.131932	1937	
0.783133	0.319201	5197	
0.527585	0.693022	4855	
0.068078	0.907363	1581	
-0.436324	0.808980	5228	
-0.758398	0.557402	6529	
-0.941021	0.214192	384	
-0.172460	0.207215	806	
-0.182390	0.194949	520	
-0.191342	0.190160	520	
-0.201441	0.188454	5902	
-0.215500	0.185196	6345	
-0.238230	0.168641	2207	
-0.267014	0.137895	282	
-0.300349	0.078214	563	
-0.321868	-0.019034	2260	
-0.302325	-0.147663	281	
-0.208813	-0.284638	3228	
-0.029773	-0.370395	3572	
0.190741	-0.340676	666	
0.356436	-0.191330	4345	
0.409901	0.022393	1669	
0.354271	0.192550	3548	
0.265294	0.280705	1919	
0.186863	0.318644	2522	
0.100906	0.470288	6720	
-0.506398	0.163197	1870	
-0.304698	-0.468507	5795	
0.220309	-0.538080	4390	
0.569784	-0.199861	4606	
0.565610	0.264325	5042	
0.267191	0.630834	4977	
-0.356155	0.589234	1889	
-0.658587	0.221768	3490	
-0.674700	-0.250587	1643	
-0.399151	-0.626700	4232	
0.049668	-0.765317	1253	
0.493201	-0.618341	3452	
0.771749	-0.259141	4185	
0.813940	0.199182	5083	
0.613292	0.606129	5535	
0.209319	0.873541	322	
-0.338641	0.849445	365	
-0.694429	0.624748	6656	
-0.912156	0.293191	5947	
-0.979205	-0.078629	451	
-0.217956	0.055687	820	
-0.221106	0.046551	820	
-0.222874	0.060159	361	
-0.219781	0.093985	743	
-0.218571	0.122100	308	
-0.223828	0.139670	1644	
-0.238284	0.144485	1644	
-0.265551	0.120486	320	
-0.298532	0.062808	563	
-0.317208	-0.040206	2277	
-0.284802	-0.178518	2669	
-0.166470	-0.313105	3463	
0.038487	-0.372600	2914	
0.258663	-0.296522	1977	
0.391018	-0.107799	4705	
0.393988	0.097108	5293	
0.315041	0.234757	1993	
0.231560	0.288917	5123	
0.147859	0.347283	1370	
0.035424	0.696806	6543	
-0.481906	-0.261305	2500	
0.006306	-0.570771	2068	
0.474308	-0.358146	5610	
0.607412	0.100802	655	
0.392935	0.513687	4398	
-0.205826	0.694181	958	
-0.588665	0.352758	5761	
-0.702570	-0.111162	2485	
-0.501555	-0.537229	1415	
-0.078184	-0.755207	1738	
0.383468	-0.682734	3301	
0.720086	-0.363962	4206	
0.826152	0.089809	3770	
0.677213	0.522090	3020	
0.319442	0.827093	5338	
-0.238367	0.880073	946	
-0.632621	0.678797	4865	
-0.880434	0.361896	355	
-0.976222	-0.010857	5725	
-0.164562	-0.135573	3842	
-0.213582	-0.062242	3923	
-0.233877	0.032484	361	
-0.236489	0.088435	1077	
-0.246489	0.111964	320	
-0.271829	0.093011	6450	
-0.302020	0.030216	761	
-0.309100	-0.086121	6278	
-0.247711	-0.232177	6245	
-0.089587	-0.348466	3709	
0.135812	-0.355185	590	
0.325024	-0.226704	3582	
0.404470	-0.004359	4896	
0.357480	0.172961	3383	
0.271322	0.261659	5332	
0.190656	0.301147	4867	
0.095981	0.479201	760	
-0.534652	0.039619	2635	
-0.189729	-0.528630	3107	
0.348562	-0.470452	4769	
0.605861	-0.051131	698	
0.482429	0.406921	4380	
0.028490	0.772833	646	
-0.504713	0.456154	4760	
-0.703057	0.018039	1088	
-0.576150	-0.444774	2777	
-0.187814	-0.728594	2057	
0.280305	-0.723654	4249	
0.663396	-0.447851	2643	
0.824715	-0.007796	4283	
0.725624	0.439987	2867	
0.404378	0.778631	5100	
-0.140932	0.899964	5582	
-0.573576	0.722395	6190	
-0.847840	0.420330	6905	
-0.969616	0.048768	6410	
-0.141355	-0.161785	816	
-0.225052	-0.048199	4339	
-0.244084	0.045446	361	
-0.256428	0.080428	6782	
-0.281774	0.057737	939	
-0.305535	-0.021416	2110	
-0.287120	-0.154162	280	
-0.178877	-0.296726	3357	
0.023886	-0.367103	2564	
0.251660	-0.295180	471	
0.388895	-0.097381	4705	
0.385919	0.099657	4058	
0.307971	0.227056	1993	
0.225806	0.276031	5123	
0.134862	0.355039	1370	
-0.352431	0.387730	2219	
-0.355867	-0.423923	3424	
0.210036	-0.538085	4550	
0.573049	-0.181023	4082	
0.544965	0.300610	4965	
0.208419	0.676010	5312	
-0.419581	0.534540	4957	
-0.684340	0.127683	5629	
-0.628239	-0.354761	3798	
-0.282383	-0.690406	2983	
0.192070	-0.745942	2662	
0.606911	-0.513216	3470	
0.813189	-0.095551	4675	
0.758739	0.367515	5337	
0.468565	0.733536	4975	
-0.047504	0.908331	5531	
-0.521389	0.755410	4726	
-0.817716	0.466689	5467	
-0.961075	0.098025	5900	
-0.079473	-0.196879	3765	
-0.215461	-0.081186	4339	
-0.249712	0.021373	1164	
-0.267549	0.050902	6766	
-0.292703	0.010111	6590	
-0.298385	-0.095778	304	
-0.233114	-0.239887	6245	
-0.065252	-0.350368	3920	
0.167306	-0.339083	5971	
0.343198	-0.192693	4326	
0.396344	0.030745	5350	
0.338692	0.184978	5240	
0.256523	0.254178	4976	
0.168795	0.304914	1967	
0.040870	0.692743	6543	
-0.477054	-0.264880	2500	
0.067279	-0.566072	2630	
0.520329	-0.287524	3715	
0.581808	0.203691	5921	
0.298689	0.597347	943	
-0.337367	0.597309	1700	
-0.655538	0.215520	3490	
-0.661404	-0.274084	5388	
-0.358337	-0.647614	1815	
0.113789	-0.756474	2343	
0.552620	-0.564200	3146	
0.796639	-0.165935	4588	
0.780943	0.304796	5150	
0.520168	0.690594	4855	
0.033440	0.905773	1307	
-0.474918	0.780940	5626	
-0.790185	0.504044	5032	
-0.951716	0.138597	757	
-0.080212	-0.199422	3765	
-0.225066	-0.070427	4339	
-0.257882	0.010370	1449	
-0.280304	0.012352	1449	
-0.296184	-0.060424	1693	
-0.260270	-0.193455	297	
-0.126161	-0.323000	3551	
0.093714	-0.356791	4011	
0.307708	-0.236225	789	
0.394420	-0.034395	5718	
0.360073	0.142722	3380	
0.280699	0.233476	5445	
0.199361	0.274819	5025	
0.092755	0.480287	760	
-0.529702	-0.101964	2178	
-0.047704	-0.562435	2408	
0.460972	-0.366468	5339	
0.600307	0.115259	928	
0.360679	0.538676	3057	
-0.262613	0.649719	6845	
-0.622724	0.284928	4269	
-0.680933	-0.204815	1798	
-0.413961	-0.607843	1675	
0.049763	-0.758844	1253	
0.503538	-0.602517	3120	
0.778820	-0.220596	3758	
0.794953	0.252939	3530	
0.557016	0.655318	1719	
0.095882	0.896947	1174	
-0.436937	0.799263	5228	
-0.766403	0.532841	5566	
-0.942975	0.169664	312	
-0.959385	-0.214197	2729	
-0.134565	-0.177545	367	
-0.241666	-0.047741	4216	
-0.269806	-0.003739	834	
-0.288719	-0.046608	1049	
-0.271865	-0.159872	332	
-0.164714	-0.295560	2876	
0.038909	-0.359094	2378	
0.259472	-0.279654	1977	
0.382571	-0.087355	4158	
0.373180	0.102352	4058	
0.300349	0.211568	5507	
0.222129	0.255009	5336	
0.115654	0.381942	5523	
-0.527143	0.073579	2097	
-0.144564	-0.540471	3058	
0.407353	-0.419039	3839	
0.605351	0.048090	945	
0.405114	0.491879	4681	
-0.198720	0.693296	958	
-0.593631	0.333387	5800	
-0.690542	-0.152734	2291	
-0.451278	-0.576064	2386	
0.003522	-0.756937	5774	
0.463632	-0.628980	3417	
0.763413	-0.258857	3018	
0.802513	0.215605	4182	
0.582494	0.627957	1473	
0.140288	0.886776	1907	
-0.407570	0.811733	5012	
-0.749373	0.551507	6529	
-0.935838	0.191075	805	
-0.960358	-0.195881	6355	
-0.206674	-0.115734	731	
-0.258299	-0.037050	6461	
-0.280057	-0.050675	619	
-0.272525	-0.143972	6516	
-0.184566	-0.275633	2743	
0.000976	-0.354814	2402	
0.223517	-0.302257	589	
0.368530	-0.123069	3857	
0.379595	0.071780	5558	
0.315857	0.189425	5579	
0.239410	0.238870	5127	
0.134188	0.333546	1880	
-0.458328	0.254356	3080	
-0.211352	-0.514235	3178	
0.361354	-0.454462	3967	
0.604102	0.001680	702	
0.433665	0.458201	4549	
-0.147442	0.726022	5514	
-0.570811	0.365554	5798	
-0.694743	-0.112054	3073	
-0.475674	-0.552209	1369	
-0.026722	-0.753749	5777	
0.437859	-0.643809	3370	
0.752016	-0.282861	3444	
0.806074	0.190917	5274	
0.597547	0.609867	1473	
0.167508	0.878552	5409	
-0.390066	0.818136	5012	
-0.738865	0.561608	5633	
-0.931062	0.202502	384	
-0.959915	-0.186721	6355	
-0.148871	-0.175339	362	
-0.243042	-0.074919	4216	
-0.271201	-0.064643	310	
-0.268409	-0.140524	6516	
-0.192653	-0.263672	2145	
-0.017748	-0.349692	1802	
0.205078	-0.309913	480	
0.354821	-0.148602	4010	
0.381403	0.041712	5602	
0.325829	0.168977	1502	
0.252453	0.223996	5499	
0.148661	0.305667	2003	
-0.368446	0.369382	1321	
-0.255564	-0.490639	3302	
0.335849	-0.470707	4849	
0.601283	-0.024252	647	
0.448190	0.438804	3897	
-0.116311	0.742876	5187	
-0.559049	0.379986	5731	
-0.695274	-0.093208	5408	
-0.486496	-0.539974	1326	
-0.041925	-0.751006	2589	
0.424655	-0.650147	2990	
0.746084	-0.293055	3444	
0.806657	0.180270	5274	
0.602778	0.602079	5519	
0.177907	0.874435	5409	
-0.384420	0.819174	4834	
-0.735651	0.563098	5633	
-0.929443	0.202784	384	
0.196199	-0.002670	3699	
-0.087967	-0.208127	3765	
-0.226480	-0.107623	539	
-0.261954	-0.083770	389	
-0.260284	-0.147838	6164	
-0.188165	-0.262954	2145	
-0.022879	-0.345758	1802	
0.191157	-0.314195	4201	
0.353428	-0.146196	3451	
0.380041	0.024900	5350	
0.330608	0.154219	2472	
0.260336	0.211660	5439	
0.158196	0.289010	2269	
-0.294926	0.436218	1197	
-0.267536	-0.482633	3302	
0.329747	-0.473343	4849	
0.599758	-0.028601	647	
0.448338	0.436610	3897	
-0.110950	0.744791	5187	
-0.557428	0.380220	5731	
-0.694124	-0.092637	5408	
-0.485976	-0.538698	1326	
-0.040960	-0.749843	2589	
0.426887	-0.647434	3370	
0.746342	-0.289387	3444	
0.804867	0.182924	5274	
0.599620	0.603631	5143	
0.172167	0.875031	5409	
-0.390103	0.815191	5012	
-0.739627	0.556172	5633	
-0.930495	0.193403	805	
-0.955335	-0.196227	6355	
-0.048094	-0.219015	831	
-0.210197	-0.133750	6594	
-0.252159	-0.105905	4262	
-0.248702	-0.163604	6164	
-0.174917	-0.269967	2145	
-0.011394	-0.344445	1802	
0.196288	-0.308639	480	
0.342586	-0.160462	3567	
0.377029	0.020562	5350	
0.331963	0.142714	2472	
0.264493	0.200979	5439	
0.161164	0.281031	4517	
-0.293840	0.436838	1197	
-0.252265	-0.490499	2827	
0.344733	-0.462203	4769	
0.599885	-0.010985	963	
0.436232	0.449305	4549	
-0.136535	0.729937	5514	
-0.566013	0.366253	5798	
-0.691291	-0.109575	3073	
-0.472616	-0.549985	1369	
-0.023179	-0.750209	5777	
0.441541	-0.637091	3024	
0.752390	-0.272260	2711	
0.800290	0.200433	5083	
0.586158	0.616441	1473	
0.147938	0.880630	1841	
-0.408009	0.805527	5012	
-0.750874	0.540330	5566	
-0.933916	0.174212	612	
-0.950760	-0.215826	6503	
-0.198193	-0.152423	6747	
-0.241448	-0.129686	3220	
-0.233034	-0.185620	632	
-0.152177	-0.283343	2144	
0.012494	-0.343950	2657	
0.207473	-0.298961	589	
0.343967	-0.150427	3451	
0.373183	0.017374	4136	
0.330777	0.133363	5639	
0.265268	0.191860	5439	
0.156505	0.281953	4517	
-0.369863	0.366697	1321	
-0.208491	-0.511466	3178	
0.377855	-0.436489	5266	
0.599704	0.028208	651	
0.411014	0.476227	4553	
-0.183354	0.698489	958	
-0.585316	0.335425	5800	
-0.685444	-0.144400	2291	
-0.446201	-0.572206	1368	
0.011149	-0.750971	5774	
0.468579	-0.617982	3081	
0.763201	-0.241522	3018	
0.792189	0.231649	2988	
0.562819	0.638694	5028	
0.105938	0.889085	1830	
-0.437138	0.789764	5228	
-0.768583	0.515387	4243	
-0.939387	0.144106	273	
-0.944026	-0.244907	6566	
-0.047977	-0.224373	364	
-0.190280	-0.166705	6747	
-0.229033	-0.154972	3198	
-0.211565	-0.212456	5617	
-0.119205	-0.300303	2194	
0.046704	-0.341583	2105	
0.230641	-0.280342	469	
0.348248	-0.132427	3451	
0.368417	0.030834	3469	
0.325162	0.131353	5639	
0.260891	0.186903	5439	
0.144737	0.293407	2003	
-0.476433	0.217492	1820	
-0.131239	-0.538631	2537	
0.426034	-0.392116	3575	
0.595061	0.088377	1025	
0.371709	0.515617	4105	
-0.242775	0.654986	1749	
-0.610944	0.289006	4269	
-0.673956	-0.196155	1798	
-0.404730	-0.603882	1675	
0.061065	-0.749809	876	
0.506413	-0.588825	3120	
0.777145	-0.196574	5301	
0.778649	0.277261	5443	
0.527192	0.670652	4754	
0.042233	0.897244	1307	
-0.476284	0.767198	5594	
-0.792086	0.480442	5147	
-0.945614	0.104065	5835	
0.157670	-0.139200	3677	
-0.078715	-0.221926	363	
-0.186793	-0.178036	6652	
-0.212789	-0.183201	3249	
-0.181567	-0.243011	2221	
-0.076218	-0.316669	1664	
0.090176	-0.334268	2533	
0.259541	-0.253303	582	
0.353252	-0.107427	3266	
0.360665	0.036038	3469	
0.317658	0.128941	5639	
0.252202	0.186050	4475	
0.123710	0.326174	2111	
-0.531614	-0.018743	2814	
-0.022645	-0.556996	2578	
0.482483	-0.324891	2961	
0.579779	0.168435	5926	
0.311004	0.572044	1152	
-0.310513	0.604243	1770	
-0.640189	0.223893	3067	
-0.653180	-0.263193	5411	
-0.347430	-0.641006	1815	
0.128006	-0.743501	1300	
0.555728	-0.545533	2490	
0.791985	-0.135727	4995	
0.757968	0.334104	4292	
0.479684	0.708948	2543	
-0.041574	0.898665	5556	
-0.524136	0.736666	4989	
-0.819632	0.435290	4314	
-0.951318	0.053897	6343	
-0.920058	-0.331346	925	
0.202771	0.011278	3636	
0.091712	-0.200812	1243	
-0.107201	-0.218121	683	
-0.182321	-0.191918	6094	
-0.190731	-0.213715	6444	
-0.140051	-0.274473	1862	
-0.021804	-0.328491	1701	
0.140725	-0.318363	3253	
0.287806	-0.219401	556	
0.356783	-0.078141	3226	
0.352198	0.049924	2968	
0.308170	0.127592	4450	
0.237221	0.191926	4475	
0.096832	0.408079	6221	
-0.486080	-0.230128	2168	
0.106862	-0.551070	3321	
0.540765	-0.224895	3496	
0.547403	0.261571	4311	
0.232022	0.641529	960	
-0.390499	0.541368	2099	
-0.668051	0.136598	5629	
-0.615617	-0.349549	4215	
-0.271209	-0.680083	3550	
0.207524	-0.728215	2713	
0.610881	-0.487532	2582	
0.803883	-0.060325	3240	
0.726973	0.402571	4764	
0.416485	0.753122	5027	
-0.138428	0.887385	5380	
-0.579286	0.696699	6115	
-0.849893	0.378643	6334	
-0.955130	-0.008024	4886	
-0.900611	-0.386718	6825	
0.009499	-0.231804	679	
-0.121889	-0.220533	1169	
-0.170608	-0.212492	6913	
-0.158988	-0.246281	6640	
-0.087908	-0.301212	2248	
0.041697	-0.330776	1950	
0.193622	-0.291405	3017	
0.312830	-0.178590	2931	
0.356737	-0.046681	3137	
0.341418	0.061515	2325	
0.295444	0.129299	1611	
0.208377	0.213407	3801	
0.051869	0.644978	6059	
-0.353578	-0.412731	3030	
0.259148	-0.504217	4567	
0.580878	-0.102934	4126	
0.487156	0.370899	4298	
0.091533	0.746390	6102	
-0.478719	0.460468	2361	
-0.685700	0.029580	4002	
-0.560921	-0.438233	2259	
-0.178150	-0.713904	1905	
0.299826	-0.699223	3234	
0.670447	-0.409183	499	
0.808927	0.031229	4559	
0.683277	0.478918	4174	
0.334262	0.800832	4961	
-0.240509	0.862222	5230	
-0.640706	0.644873	5226	
-0.880391	0.310202	6340	
-0.954787	-0.080117	5785	
-0.874343	-0.449241	6666	
0.108568	-0.196843	1211	
-0.046718	-0.238492	473	
-0.126145	-0.229321	6730	
-0.145644	-0.240135	6640	
-0.113603	-0.278007	6638	
-0.022987	-0.318921	1684	
0.110345	-0.318840	3157	
0.242191	-0.253711	588	
0.329959	-0.135813	1922	
0.351883	-0.015032	3054	
0.327795	0.073900	1927	
0.277349	0.138431	5628	
0.161059	0.256631	3794	
-0.387444	0.345834	1998	
-0.151564	-0.528605	2586	
0.404905	-0.405977	3125	
0.593031	0.048621	1008	
0.402038	0.476642	4553	
-0.162266	0.707794	5333	
-0.562250	0.358703	5802	
-0.684775	-0.098856	5322	
-0.481777	-0.530511	1326	
-0.061674	-0.738044	1713	
0.402648	-0.650823	3347	
0.725834	-0.311830	2987	
0.801982	0.137824	4902	
0.622409	0.562440	5283	
0.226298	0.849096	558	
-0.341736	0.825611	443	
-0.704063	0.580769	4737	
-0.908977	0.228572	6695	
-0.948118	-0.161587	1490	
0.199491	0.052873	1283	
0.168880	-0.142402	3677	
0.034992	-0.234366	6834	
-0.067758	-0.244425	472	
-0.114905	-0.245776	6653	
-0.108287	-0.268381	5401	
-0.052747	-0.303060	2154	
0.049658	-0.321376	1950	
0.175212	-0.291601	3529	
0.281602	-0.207488	785	
0.338510	-0.094068	2405	
0.342396	0.011350	2995	
0.311590	0.084876	3604	
0.249355	0.161606	4350	
0.105976	0.357521	6155	
-0.498849	-0.192916	3760	
0.079824	-0.551571	2244	
0.517987	-0.261206	2652	
0.561821	0.211982	3998	
0.289428	0.585216	1038	
-0.314089	0.595804	2335	
-0.632425	0.229628	3395	
-0.655856	-0.238496	4085	
-0.375127	-0.617155	4924	
0.076523	-0.742602	1191	
0.509362	-0.578352	1883	
0.770482	-0.196127	5301	
0.777330	0.257338	3127	
0.542609	0.647316	4669	
0.079629	0.887883	1058	
-0.444257	0.776707	4986	
-0.767094	0.502549	3546	
-0.931741	0.135633	273	
-0.932893	-0.251019	6566	
0.178355	0.101277	1020	
0.202562	-0.084051	1242	
0.105446	-0.208132	1211	
-0.000630	-0.247765	679	
-0.066796	-0.255138	6790	
-0.083323	-0.267753	6764	
-0.055903	-0.292171	2154	
0.017548	-0.313944	6359	
0.122249	-0.305877	2116	
0.231193	-0.251036	588	
0.309141	-0.156959	2709	
0.339217	-0.053434	2367	
0.328990	0.031201	2404	
0.291132	0.100747	1446	
0.195617	0.213074	6399	
0.050457	0.688998	982	
-0.276280	-0.468484	2870	
0.315332	-0.470566	4761	
0.583263	-0.070830	971	
0.481437	0.372093	3638	
0.112596	0.732560	5642	
-0.451425	0.481454	4074	
-0.676220	0.072934	5304	
-0.590121	-0.385260	4000	
-0.239965	-0.687891	1537	
0.224550	-0.718711	2713	
0.609617	-0.480907	2582	
0.798014	-0.064301	4622	
0.729530	0.384607	4923	
0.438848	0.731440	2446	
-0.094489	0.889602	5311	
-0.546471	0.713127	6051	
-0.825703	0.410230	5973	
-0.945809	0.032404	6361	
-0.906978	-0.346281	972	
0.124236	0.165460	2000	
0.214512	0.014170	3898	
0.175466	-0.146098	5954	
0.073410	-0.231330	6583	
-0.006177	-0.257217	6532	
-0.045000	-0.269108	401	
-0.038916	-0.285987	401	
0.007452	-0.304407	5910	
0.089411	-0.306654	2056	
0.187448	-0.273979	3017	
0.272751	-0.202482	649	
0.322354	-0.110170	2405	
0.331857	-0.020452	2296	
0.311448	0.051112	2205	
0.256909	0.139207	3712	
0.112391	0.327050	6346	
-0.521950	-0.098170	1103	
0.025546	-0.552602	1761	
0.487018	-0.306382	2606	
0.577651	0.141974	4168	
0.348949	0.525565	3057	
-0.214578	0.666575	1655	
-0.575250	0.332372	5826	
-0.679692	-0.109907	5322	
-0.480343	-0.526423	1415	
-0.079823	-0.731262	1713	
0.374004	-0.661354	2948	
0.701119	-0.349802	2919	
0.802456	0.085494	4095	
0.656013	0.510562	4899	
0.302342	0.811954	5268	
-0.264066	0.849924	5319	
-0.646029	0.631873	5231	
-0.877673	0.300647	6340	
-0.948315	-0.083082	5785	
-0.867632	-0.447596	6781	
0.142884	0.154853	2138	
0.220518	-0.021664	856	
0.160076	-0.173329	6742	
0.069901	-0.240354	6583	
0.009167	-0.264986	1487	
-0.007055	-0.280197	1094	
0.016054	-0.294956	5910	
0.075542	-0.300393	2084	
0.157231	-0.281453	2174	
0.237630	-0.230912	4633	
0.298221	-0.152735	2709	
0.323807	-0.068359	2618	
0.318556	0.008124	1931	
0.286428	0.084576	5398	
0.182462	0.219048	6877	
0.039464	0.701200	6543	
-0.242955	-0.485882	2827	
0.309361	-0.471089	4761	
0.579230	-0.078630	722	
0.493486	0.348239	4124	
0.174464	0.683694	673	
-0.400336	0.523384	4059	
-0.656930	0.148166	3071	
-0.629619	-0.299629	5415	
-0.330715	-0.640417	1520	
0.106328	-0.736307	953	
0.520807	-0.563767	2466	
0.768088	-0.190011	5301	
0.775745	0.246953	3530	
0.552838	0.631697	5055	
0.119186	0.877266	5666	
-0.412432	0.788189	4733	
-0.740668	0.529305	5560	
-0.917214	0.176817	4599	
-0.935687	-0.206234	6191	
-0.813648	-0.550463	535	
0.150092	0.152770	810	
0.223166	-0.038957	1244	
0.158865	-0.181437	1884	
0.081296	-0.242888	6882	
0.038941	-0.268282	481	
0.039797	-0.283142	668	
0.074624	-0.290520	6595	
0.137435	-0.280634	2211	
0.210460	-0.244093	4373	
0.271943	-0.182606	463	
0.308325	-0.107738	6627	
0.316395	-0.031977	2310	
0.298786	0.043066	2205	
0.232872	0.158542	3432	
0.086704	0.427698	6175	
-0.444140	-0.298676	1215	
0.120129	-0.541344	3216	
0.515408	-0.255519	2652	
0.567533	0.173372	6225	
0.344268	0.526130	2023	
-0.204380	0.671507	1494	
-0.556116	0.355668	5802	
-0.680254	-0.067934	6093	
-0.516624	-0.482668	1176	
-0.143448	-0.715371	2315	
0.302215	-0.689864	3234	
0.647924	-0.426720	912	
0.799044	-0.012697	4133	
0.710199	0.414666	4367	
0.414834	0.743350	2387	
-0.117912	0.883401	5440	
-0.549083	0.705851	6051	
-0.821659	0.408043	6106	
-0.940484	0.038089	6361	
-0.905201	-0.334736	6688	
0.148764	0.159153	2138	
0.226420	-0.037407	1244	
0.167984	-0.178196	6742	
0.104742	-0.238626	665	
0.076908	-0.264344	6882	
0.088852	-0.275340	6207	
0.130045	-0.272658	2211	
0.189309	-0.248382	2444	
0.246988	-0.201340	3755	
0.289146	-0.136794	6139	
0.307697	-0.065668	2303	
0.301365	0.009760	5263	
0.258764	0.114701	3313	
0.117173	0.301488	6758	
-0.525461	0.033878	1259	
-0.049375	-0.545288	2189	
0.417517	-0.383493	2745	
0.585477	0.017987	4130	
0.451565	0.404121	3614	
0.112610	0.729049	5642	
-0.420423	0.502426	4463	
-0.657406	0.136044	3071	
-0.628345	-0.295557	5415	
-0.346269	-0.627829	1389	
0.070456	-0.735890	1191	
0.481998	-0.590526	2532	
0.745665	-0.246103	2567	
0.787680	0.178429	3554	
0.604003	0.571832	5163	
0.227214	0.841599	545	
-0.321175	0.825291	466	
-0.673989	0.598704	4256	
-0.885661	0.267244	3611	
-0.942474	-0.108530	294	
-0.854858	-0.463621	6577	
0.141529	0.169816	2138	
0.230306	-0.024369	856	
0.185046	-0.164026	6259	
0.134133	-0.226405	6610	
0.117047	-0.251716	6391	
0.135949	-0.256836	6391	
0.177811	-0.243429	2104	
0.228674	-0.207575	3755	
0.270365	-0.154754	1112	
0.295127	-0.089529	6763	
0.298266	-0.015676	4700	
0.268657	0.087039	5398	
0.144178	0.252217	1943	
0.038227	0.694264	6543	
-0.175838	-0.513175	2641	
0.320556	-0.459667	4849	
0.569943	-0.103272	4126	
0.518535	0.294157	4710	
0.256159	0.605322	1196	
-0.284508	0.608489	1695	
-0.589547	0.297755	2752	
-0.673448	-0.116184	3073	
-0.494781	-0.503111	5107	
-0.128153	-0.716182	2350	
0.301430	-0.687099	3234	
0.638129	-0.435046	901	
0.794327	-0.035756	4554	
0.725534	0.376016	4923	
0.455151	0.711099	1871	
-0.037102	0.888993	5242	
-0.494242	0.738170	5449	
-0.783921	0.462803	5039	
-0.927121	0.108909	6830	
-0.920117	-0.262524	4433	
0.130888	0.182711	1266	
0.232971	-0.001625	6265	
0.204482	-0.141687	948	
0.165612	-0.205832	6524	
0.157750	-0.228830	2162	
0.180147	-0.226559	2104	
0.217157	-0.203881	3077	
0.255161	-0.161167	6851	
0.282579	-0.102264	1640	
0.291413	-0.029610	2150	
0.269176	0.075415	5656	
0.154512	0.235445	5690	
0.034804	0.697283	6543	
-0.247884	-0.479018	2827	
0.255086	-0.494282	3324	
0.545645	-0.179625	3809	
0.552820	0.207211	3998	
0.341821	0.522205	2149	
-0.159636	0.700633	5333	
-0.506060	0.412598	5057	
-0.673057	0.034894	4002	
-0.589984	-0.368651	4000	
-0.287608	-0.657276	1453	
0.118197	-0.729311	964	
0.506373	-0.568187	1883	
0.748692	-0.229745	2567	
0.783922	0.183217	3554	
0.606425	0.564367	5163	
0.249891	0.829644	6037	
-0.291223	0.833750	5391	
-0.646763	0.620710	5231	
-0.867848	0.303822	6340	
-0.940475	-0.062435	694	
-0.871036	-0.417110	6411	
-0.690023	-0.708651	2731	
0.119312	0.196316	1266	
0.232227	0.027768	6869	
0.223337	-0.110442	6686	
0.198170	-0.174440	408	
0.197002	-0.193765	724	
0.218458	-0.184595	3077	
0.247463	-0.152878	6851	
0.273213	-0.100529	1640	
0.284337	-0.027712	6313	
0.261614	0.082015	5656	
0.148964	0.238535	5895	
0.034799	0.697217	6543	
-0.269277	-0.465414	2870	
0.220286	-0.507636	2946	
0.519953	-0.234048	2342	
0.567215	0.148466	4168	
0.391451	0.468546	3669	
0.005886	0.761053	1147	
-0.428551	0.489230	4463	
-0.648321	0.152141	3071	
-0.641283	-0.247556	4012	
-0.403830	-0.582769	1355	
-0.031622	-0.728911	2401	
0.374377	-0.651719	2443	
0.672348	-0.380846	519	
0.794595	0.012749	3297	
0.708057	0.405814	3776	
0.435414	0.722240	2446	
-0.050683	0.886275	5242	
-0.493108	0.735306	5385	
-0.774501	0.470559	4582	
-0.920661	0.125060	4491	
-0.921452	-0.238999	5518	
-0.794430	-0.565188	6702	
0.107657	0.211151	6250	
0.226126	0.062165	639	
0.239258	-0.068830	682	
0.228185	-0.129700	948	
0.231242	-0.144981	6906	
0.249345	-0.125748	6286	
0.269101	-0.080487	6805	
0.276997	-0.007827	6293	
0.245473	0.107335	3313	
0.124454	0.268736	1631	
0.045559	0.690384	6543	
-0.237247	-0.482388	2827	
0.226465	-0.503631	3379	
0.514263	-0.241664	2342	
0.570335	0.123948	788	
0.416761	0.437047	3494	
0.124242	0.716741	5642	
-0.369678	0.537364	1786	
-0.616798	0.233707	5046	
-0.663962	-0.149685	2676	
-0.489142	-0.502492	5107	
-0.149803	-0.706167	2315	
0.243788	-0.701320	2767	
0.586278	-0.489786	3208	
0.773114	-0.137143	3869	
0.763763	0.257609	2372	
0.561992	0.609956	5216	
0.189744	0.850533	6403	
-0.331022	0.815463	443	
-0.663451	0.600225	5132	
-0.870571	0.288378	5635	
-0.937042	-0.069231	5785	
-0.867728	-0.415641	6411	
-0.690224	-0.702634	2731	
0.097414	0.227884	6909	
0.212224	0.101998	6892	
0.247147	-0.014302	6733	
0.249989	-0.068937	6553	
0.256758	-0.073334	6865	
0.267358	-0.036562	6313	
0.265128	0.035822	475	
0.213155	0.152863	5874	
0.097073	0.331933	641	
0.035735	0.700445	6543	
-0.165116	-0.512423	2586	
0.264821	-0.484647	3324	
0.522833	-0.220626	2483	
0.567503	0.129338	788	
0.421613	0.428480	2289	
0.142582	0.701147	5471	
-0.337421	0.561010	1886	
-0.589718	0.284516	3989	
-0.670219	-0.087572	5322	
-0.538333	-0.440511	1231	
-0.233546	-0.676618	1656	
0.142721	-0.721510	947	
0.504119	-0.564173	1883	
0.733416	-0.256253	915	
0.786707	0.132720	2893	
0.650450	0.497858	4513	
0.351283	0.773729	2266	
-0.156971	0.869195	284	
-0.544488	0.697563	6051	
-0.799085	0.426762	3925	
-0.924165	0.085792	6803	
-0.911923	-0.267757	4433	
-0.779979	-0.581345	720	
0.087420	0.250006	6147	
0.187856	0.144142	476	
0.240085	0.052388	657	
0.253772	0.017204	475	
0.256455	0.035224	475	
0.237249	0.102466	3313	
0.158957	0.213103	6390	
0.073778	0.485244	787	
-0.513812	-0.118976	2178	
-0.055550	-0.537287	2199	
0.322623	-0.449429	3239	
0.539302	-0.177045	3474	
0.559099	0.159525	3453	
0.408945	0.440662	3494	
0.148090	0.695047	5471	
-0.325611	0.567938	4873	
-0.577361	0.302906	2974	
-0.670349	-0.050135	4043	
-0.563959	-0.400181	4270	
-0.287733	-0.650211	1453	
0.074774	-0.726567	6104	
0.437137	-0.610373	2470	
0.692895	-0.337210	5908	
0.790372	0.032770	3297	
0.706989	0.397321	3776	
0.458914	0.699001	1871	
0.024817	0.882833	6065	
-0.427047	0.767349	5014	
-0.719072	0.534939	5546	
-0.891783	0.218325	3539	
-0.930833	-0.130288	317	
-0.844310	-0.460642	725	
0.080211	0.276686	6154	
0.153959	0.186404	938	
0.206343	0.132029	6351	
0.214002	0.129267	6211	
0.180998	0.180065	1267	
0.103634	0.292302	6760	
0.036092	0.700441	6543	
-0.394298	-0.355300	2451	
0.061795	-0.538550	485	
0.391525	-0.393421	2633	
0.557113	-0.113251	3654	
0.542620	0.209400	3053	
0.380634	0.469466	3669	
0.110723	0.722812	5642	
-0.339159	0.555258	1886	
-0.579039	0.296616	2974	
-0.668730	-0.044035	3468	
-0.572148	-0.383605	4042	
-0.311392	-0.635858	1520	
0.033103	-0.725767	2176	
0.387315	-0.637582	1828	
0.657934	-0.391262	541	
0.783956	-0.044862	4554	
0.739220	0.318012	2273	
0.531865	0.633615	4100	
0.172925	0.852343	5397	
-0.323912	0.813734	487	
-0.639039	0.616397	5231	
-0.848344	0.327269	4426	
-0.930461	-0.009273	4446	
-0.886991	-0.345634	3927	
-0.736505	-0.636910	6840	
0.074500	0.311445	654	
0.115544	0.232591	6917	
0.137078	0.217103	6634	
0.115277	0.254998	6773	
0.078001	0.415615	6202	
0.047624	0.700675	6543	
-0.214610	-0.488395	2768	
0.173088	-0.515790	3501	
0.452728	-0.324251	2949	
0.568437	-0.036890	4077	
0.515736	0.271057	4208	
0.338896	0.509832	2237	
-0.006107	0.757638	1007	
-0.372644	0.526226	1612	
-0.593082	0.267212	4273	
-0.666333	-0.066032	6084	
-0.565193	-0.391610	4270	
-0.313905	-0.632284	1520	
0.020963	-0.723885	1078	
0.360918	-0.649033	4890	
0.635726	-0.419850	912	
0.775157	-0.093942	4753	
0.755054	0.264567	2372	
0.579973	0.580811	5190	
0.265289	0.814223	2710	
-0.227994	0.846487	2418	
-0.568476	0.673635	6072	
-0.800702	0.413922	5827	
-0.917770	0.092221	4476	
-0.911446	-0.243847	5518	
-0.793390	-0.548953	848	
-0.592141	-0.788671	6472	
0.070227	0.359413	6746	
0.087738	0.298256	6122	
0.083026	0.345195	6216	
0.049911	0.592767	3651	
0.043850	0.691240	6543	
-0.087871	-0.527674	1845	
0.265543	-0.476863	3324	
0.499387	-0.249985	6080	
0.568451	0.059070	765	
0.479471	0.334073	1791	
0.285138	0.559437	5836	
-0.137233	0.707107	5089	
-0.421893	0.481443	4744	
-0.615399	0.214671	5046	
-0.660666	-0.113418	4540	
-0.542539	-0.422736	1076	
-0.289657	-0.643249	1558	
0.036734	-0.722288	5811	
0.363182	-0.645891	4890	
0.630296	-0.424242	901	
0.769752	-0.112926	3869	
0.760864	0.236550	2232	
0.606683	0.546159	4187	
0.320735	0.784361	2620	
-0.152709	0.865109	284	
-0.509979	0.712738	4999	
-0.758644	0.475094	4636	
-0.900033	0.169053	4471	
-0.922657	-0.158460	3811	
-0.833969	-0.469057	540	
-0.655661	-0.725552	527	
0.066379	0.419141	4699	
0.069422	0.445165	4714	
0.048274	0.557765	3651	
0.037559	0.694724	6543	
-0.002074	-0.535536	2058	
0.331318	-0.434992	2733	
0.529468	-0.181127	2628	
0.556158	0.135739	2994	
0.433991	0.396575	4885	
0.219511	0.620089	5771	
-0.216950	0.643028	1861	
-0.479343	0.421835	4823	
-0.638241	0.142892	4918	
-0.646566	-0.184309	1217	
-0.502686	-0.471496	3200	
-0.239538	-0.664616	1656	
0.079966	-0.719201	3791	
0.390947	-0.629329	1828	
0.641633	-0.405630	5597	
0.769624	-0.103941	4753	
0.759216	0.235878	2232	
0.614547	0.533093	3591	
0.343368	0.769705	1762	
-0.105547	0.872563	2524	
-0.473875	0.733438	5385	
-0.724751	0.516518	5526	
-0.882080	0.225054	3539	
-0.925462	-0.093266	316	
-0.860116	-0.404356	6411	
-0.703522	-0.669060	680	
-0.483392	-0.865858	2834	
0.061281	0.513123	6699	
0.047785	0.556054	4274	
0.041016	0.701362	6543	
0.032509	-0.533923	2051	
0.368252	-0.404203	3147	
0.545639	-0.125686	3211	
0.537430	0.198814	1506	
0.382489	0.454997	2907	
0.137880	0.695481	5471	
-0.303181	0.574176	4873	
-0.538132	0.346254	5745	
-0.655964	0.047403	3039	
-0.618046	-0.271984	3336	
-0.441319	-0.532783	5180	
-0.160319	-0.690671	2297	
0.147864	-0.710067	947	
0.441556	-0.596544	1893	
0.666404	-0.364831	519	
0.773766	-0.067259	4357	
0.750812	0.259816	2372	
0.604821	0.542569	4187	
0.339958	0.769831	1762	
-0.090002	0.873392	5419	
-0.458153	0.740691	5101	
-0.706123	0.535998	5496	
-0.867321	0.261378	3611	
-0.924144	-0.049207	497	
-0.875986	-0.354730	3927	
-0.735670	-0.624686	877	
-0.528932	-0.831244	6600	
0.045751	0.532307	3651	
0.035324	0.699928	6543	
-0.018443	-0.532052	2058	
0.368466	-0.401777	2633	
0.551298	-0.094790	3188	
0.517335	0.246964	3068	
0.332597	0.504594	2237	
-0.027176	0.752780	5641	
-0.380352	0.510094	1869	
-0.591494	0.253240	2796	
-0.658733	-0.068810	6084	
-0.569906	-0.368937	4021	
-0.355978	-0.597408	1496	
-0.064113	-0.709250	6034	
0.238848	-0.688010	2328	
0.510601	-0.542486	1913	
0.700698	-0.298705	701	
0.778175	-0.003181	2920	
0.732926	0.308846	2273	
0.577368	0.572645	5190	
0.310157	0.784740	1794	
-0.115425	0.868230	2524	
-0.462710	0.735807	5154	
-0.702506	0.537197	5496	
-0.860627	0.273394	5665	
-0.921652	-0.026339	4405	
-0.882714	-0.326740	5960	
-0.755276	-0.593338	6557	
-0.560121	-0.804321	2750	
0.035034	0.697398	6543	
-0.177675	-0.498222	2605	
0.327529	-0.431491	2733	
0.549148	-0.096650	3188	
0.502281	0.275590	3511	
0.288869	0.545164	5760	
-0.173079	0.672894	1425	
-0.461643	0.432598	3375	
-0.632496	0.142131	4918	
-0.638953	-0.191439	1220	
-0.493464	-0.473292	3583	
-0.242990	-0.656664	4456	
0.058490	-0.714197	6104	
0.348929	-0.644177	4890	
0.591331	-0.460128	5730	
0.737249	-0.204550	2117	
0.776123	0.087133	3349	
0.702095	0.378053	2613	
0.528926	0.621267	4483	
0.250067	0.813038	6357	
-0.174506	0.854062	798	
-0.490036	0.716845	4997	
-0.714157	0.520172	5489	
-0.862041	0.263816	5665	
-0.919654	-0.027466	4405	
-0.883093	-0.318166	5960	
-0.762933	-0.577982	6044	
-0.576716	-0.787755	6449	
0.052173	0.694119	982	
0.224857	-0.487036	3379	
0.538064	-0.134760	3211	
0.495072	0.286348	3103	
0.249781	0.580901	837	
-0.246286	0.611931	833	
-0.530233	0.347827	3660	
-0.653722	0.013338	3019	
-0.589809	-0.323159	4838	
-0.385692	-0.571403	4801	
-0.099808	-0.698991	5729	
0.200871	-0.693675	1184	
0.466832	-0.571500	1646	
0.667829	-0.350761	696	
0.765266	-0.082852	3189	
0.758154	0.205044	2345	
0.650598	0.467609	2249	
0.455051	0.684072	1205	
0.148311	0.850189	1584	
-0.260286	0.825845	5319	
-0.537315	0.682499	5851	
-0.739894	0.483775	3664	
-0.871262	0.231323	3539	
-0.917980	-0.050930	497	
-0.877435	-0.329513	5960	
-0.759157	-0.579669	3942	
-0.578741	-0.783034	610	
-0.080190	-0.522913	2115	
0.507924	-0.211126	5927	
0.493004	0.287184	3103	
0.207970	0.620454	5771	
-0.328653	0.546089	1430	
-0.592036	0.240008	4641	
-0.646507	-0.134162	2274	
-0.504969	-0.453531	1153	
-0.242291	-0.652577	4456	
0.070632	-0.709718	3791	
0.357283	-0.635431	4890	
0.588301	-0.456903	5730	
0.731277	-0.208746	2117	
0.772758	0.064466	2825	
0.713900	0.340580	2520	
0.571816	0.569475	5190	
0.344583	0.758639	1762	
-0.011680	0.872988	4852	
-0.361138	0.782248	6533	
-0.600570	0.629996	2229	
-0.776918	0.425726	2904	
-0.885386	0.176069	3029	
-0.914942	-0.095928	333	
-0.864580	-0.361853	5862	
-0.743603	-0.598384	6557	
-0.349965	-0.926825	1240	
0.050317	0.699877	1343	
0.490512	-0.243614	6080	
0.477019	0.313661	2204	
0.127404	0.697867	5471	
-0.421889	0.465026	1824	
-0.639170	0.093736	5495	
-0.595819	-0.302008	4838	
-0.370740	-0.577690	4801	
-0.059016	-0.701749	1246	
0.257223	-0.673828	1381	
0.513667	-0.528585	1913	
0.693509	-0.294187	701	
0.767572	-0.029595	4001	
0.745207	0.239781	2317	
0.634716	0.483705	2625	
0.453963	0.679452	1205	
0.178468	0.837019	5381	
-0.201093	0.841520	6616	
-0.471437	0.720711	5217	
-0.672879	0.557063	4571	
-0.819507	0.344787	4330	
-0.900262	0.096636	3932	
-0.907335	-0.162779	4711	
-0.842231	-0.414233	5662	
-0.714607	-0.633722	850	
-0.536069	-0.811380	587	
-0.325029	-0.935185	6489	
0.536568	-0.123426	3211	
0.546098	-0.085199	3188	
0.549881	0.107470	3011	
0.345459	0.480403	2012	
-0.190973	0.651902	1710	
-0.552081	0.307290	3769	
-0.645669	-0.116653	4540	
-0.476265	-0.481808	3583	
-0.171001	-0.674992	4290	
0.168942	-0.694302	881	
0.454651	-0.572518	1646	
0.659283	-0.352200	696	
0.757283	-0.089827	3189	
0.756550	0.177066	894	
0.665449	0.429590	2719	
0.509607	0.627739	2114	
0.277455	0.791658	1590	
-0.073445	0.866612	5287	
-0.373311	0.771540	6138	
-0.588634	0.633770	2229	
-0.752635	0.453822	4636	
-0.862800	0.234437	5141	
-0.909630	-0.008089	4405	
-0.890094	-0.252169	4455	
-0.807498	-0.483301	4280	
-0.670258	-0.683191	5753	
-0.490460	-0.841118	6299	
-0.283051	-0.949397	6432	
-0.026647	0.748302	5641	
-0.125769	0.703622	4723	
-0.309308	0.556391	4889	
-0.544192	0.317243	3769	
-0.649248	-0.046377	3051	
-0.526145	-0.417593	1140	
-0.234929	-0.649880	4456	
0.112702	-0.700686	3007	
0.418631	-0.594210	1568	
0.636301	-0.383827	5834	
0.750431	-0.113922	2704	
0.757631	0.156274	1082	
0.674189	0.408610	2251	
0.526089	0.608278	2622	
0.315272	0.768661	1438	
-0.011401	0.868357	4852	
-0.318834	0.793903	1018	
-0.535626	0.671855	6079	
-0.704175	0.513690	5489	
-0.826044	0.319418	3766	
-0.894600	0.099393	3314	
-0.905103	-0.133908	3981	
-0.857396	-0.359494	5862	
-0.755982	-0.566823	3942	
-0.607844	-0.743534	448	
-0.425673	-0.878574	6305	
-0.624207	-0.203861	4630	
-0.612463	-0.244399	4086	
-0.548434	-0.380569	3414	
-0.390201	-0.556644	3994	
-0.133678	-0.681757	2329	
0.169353	-0.690321	954	
0.451196	-0.570063	1661	
0.651540	-0.356441	696	
0.753529	-0.085186	3189	
0.750688	0.183103	1083	
0.660497	0.428341	2719	
0.507888	0.622699	393	
0.298490	0.775580	1438	
-0.025837	0.866521	4852	
-0.318274	0.791625	1018	
-0.524502	0.676586	5851	
-0.687220	0.529550	5403	
-0.806003	0.354127	4227	
-0.881084	0.151233	2979	
-0.905475	-0.063754	298	
-0.878459	-0.278627	4333	
-0.802486	-0.481122	4280	
-0.681589	-0.662019	6264	
-0.524533	-0.809996	555	
-0.341318	-0.918754	1035	
0.196191	-0.681195	1037	
0.223800	-0.674690	941	
0.322183	-0.640193	1371	
0.468636	-0.554299	1806	
0.614288	-0.407167	3838	
0.724679	-0.193667	1900	
0.761562	0.050731	2400	
0.720647	0.288174	507	
0.605495	0.508377	4064	
0.440215	0.678278	1780	
0.212746	0.815398	550	
-0.123519	0.853389	4895	
-0.371449	0.764103	6138	
-0.556360	0.649254	5972	
-0.702648	0.506550	5356	
-0.809439	0.340644	4330	
-0.877357	0.153487	2979	
-0.902357	-0.046643	497	
-0.882522	-0.247816	3909	
-0.820311	-0.437234	4143	
-0.718317	-0.611010	6141	
-0.582212	-0.758986	609	
-0.418964	-0.875718	6454	
-0.236927	-0.956317	6056	
0.756240	0.000828	2280	
0.757575	0.018185	3515	
0.756598	0.091490	4863	
0.739384	0.210763	1912	
0.690265	0.357666	1107	
0.594905	0.517781	2225	
0.456864	0.661287	1205	
0.270262	0.785548	1590	
-0.017945	0.863048	4852	
-0.289817	0.798239	5342	
-0.478280	0.700569	4997	
-0.630359	0.580571	3871	
-0.750788	0.435912	2503	
-0.835193	0.275157	5697	
-0.885261	0.099692	3314	
-0.898774	-0.083900	3683	
-0.874820	-0.267112	4333	
-0.815350	-0.440379	4143	
-0.722279	-0.600202	6141	
-0.600486	-0.738106	302	
-0.453216	-0.851442	1016	
-0.288164	-0.934412	6432	
-0.113606	-0.985100	2666	
0.356407	0.729573	1560	
0.349433	0.734849	1560	
0.301099	0.764812	1438	
0.200450	0.815199	6771	
0.027550	0.859272	5366	
-0.188832	0.831990	1072	
-0.359700	0.763331	1048	
-0.505446	0.678414	4444	
-0.634009	0.572198	4836	
-0.739489	0.446177	4555	
-0.818676	0.304893	4445	
-0.871648	0.148001	2979	
-0.894606	-0.015436	2872	
-0.887429	-0.178834	4591	
-0.850381	-0.341065	3630	
-0.786074	-0.491328	3896	
-0.694997	-0.630397	4468	
-0.581362	-0.750837	609	
-0.446695	-0.851283	1016	
-0.296829	-0.927190	2674	
-0.553644	0.634397	5972	
-0.554682	0.634597	5972	
-0.580230	0.614263	2229	
-0.625389	0.573670	3871	
-0.684860	0.510235	5260	
-0.746708	0.427520	2240	
-0.804589	0.325535	4261	
-0.849871	0.210852	2394	
-0.880670	0.080296	2910	
-0.891429	-0.055068	3272	
-0.881113	-0.193841	4832	
-0.848857	-0.332474	3250	
-0.795590	-0.464158	3928	
-0.722236	-0.587078	6482	
-0.629773	-0.698867	5907	
-0.520116	-0.796121	555	
-0.395678	-0.876320	6714	
-0.259438	-0.937277	6542	
-0.876853	0.045142	2885	
-0.877376	0.049286	2885	
-0.880313	0.029781	3291	
-0.884090	-0.012795	2872	
-0.885479	-0.072945	3272	
-0.881178	-0.151068	4394	
-0.867769	-0.239006	3555	
-0.842606	-0.335277	3250	
-0.803982	-0.435070	3934	
-0.751812	-0.533353	3854	
-0.685510	-0.628113	4489	
-0.605224	-0.716946	274	
-0.514182	-0.794845	555	
-0.409831	-0.863224	6492	
-0.295279	-0.918766	410	
-0.174293	-0.958875	803	
-0.045022	-0.983755	2757	
-0.730773	-0.546974	3260	
-0.736417	-0.540286	3854	
-0.731700	-0.549430	3649	
-0.716807	-0.573057	3627	
-0.692617	-0.607374	4376	
-0.657360	-0.651591	5953	
-0.612251	-0.700885	3610	
-0.557690	-0.752042	3782	
-0.491032	-0.804613	4973	
-0.415897	-0.853253	6492	
-0.331421	-0.897023	4424	
-0.239045	-0.933840	6519	
-0.142647	-0.961231	288	
-0.037326	-0.979396	5995	
0.070525	-0.986415	5994	
-0.310948	-0.891681	899	
-0.323323	-0.887743	4424	
-0.321995	-0.889639	4424	
-0.307603	-0.897008	379	
-0.280776	-0.908905	386	
-0.244136	-0.923133	6542	
-0.196652	-0.938886	600	
-0.141462	-0.953789	5820	
-0.079226	-0.966397	6674	
-0.010475	-0.975344	6002	
0.065974	-0.979640	5994	
0.163661	-0.959458	5830	
0.147364	-0.962461	6459	
0.142319	-0.964281	2673	
0.165843	-0.964930	6459	
0.191187	-0.963384	6558	
