time = 12.75	Re = 1
-0.438184	-0.870362	5347	
-0.371263	-0.902586	3949	
-0.254057	-0.946675	2280	
-0.176160	-0.967229	4725	
0.011746	-0.990539	3243	
-0.788399	-0.525376	762	
-0.771619	-0.550398	703	
-0.745894	-0.586664	5523	
-0.709931	-0.632579	744	
-0.662401	-0.685840	312	
-0.601777	-0.743909	5571	
-0.434239	-0.862345	5411	
-0.322088	-0.915981	4565	
-0.194492	-0.957153	4420	
-0.055560	-0.981067	4310	
0.236509	-0.967709	1677	
-0.922683	-0.011193	3198	
-0.921564	-0.043943	3947	
-0.918351	-0.093759	634	
-0.910810	-0.157710	5630	
-0.896196	-0.235650	353	
-0.870955	-0.326580	5165	
-0.832384	-0.424451	5682	
-0.776887	-0.527865	762	
-0.702421	-0.631735	744	
-0.606919	-0.732068	5544	
-0.490179	-0.822892	335	
-0.350652	-0.899357	5023	
-0.184474	-0.955476	4420	
-0.008674	-0.980719	2319	
-0.699946	0.551703	3218	
-0.719231	0.527426	3307	
-0.750771	0.485343	3987	
-0.791806	0.423142	5425	
-0.838065	0.337775	3713	
-0.880640	0.228785	5522	
-0.908849	0.096786	5002	
-0.915023	-0.045323	3947	
-0.900570	-0.186508	4131	
-0.864121	-0.331267	5165	
-0.801218	-0.477028	5367	
-0.709440	-0.616581	744	
-0.588276	-0.743421	5609	
-0.437457	-0.851252	5411	
-0.257242	-0.931594	2280	
-0.052263	-0.974157	4637	
-0.174339	0.845034	2132	
-0.207518	0.837407	4889	
-0.264195	0.822349	4168	
-0.340396	0.796346	3963	
-0.432595	0.754611	4618	
-0.534064	0.692609	3056	
-0.635577	0.608799	3241	
-0.733085	0.499756	4015	
-0.820759	0.362337	4387	
-0.888681	0.185978	521	
-0.911800	-0.006679	4074	
-0.896076	-0.190693	3472	
-0.846572	-0.369502	5377	
-0.758752	-0.542160	703	
-0.631909	-0.698376	298	
-0.467053	-0.829709	1086	
-0.264935	-0.926246	2280	
0.191083	-0.965309	1087	
0.509782	0.655392	2030	
0.481867	0.677982	4039	
0.426909	0.719063	4878	
0.340994	0.773493	2677	
0.212294	0.830977	3858	
0.044591	0.858667	4452	
-0.124760	0.847159	1569	
-0.286835	0.810119	4938	
-0.446233	0.742485	3701	
-0.595458	0.639915	1115	
-0.725460	0.503880	4015	
-0.833069	0.330754	3877	
-0.900719	0.108824	5002	
-0.903585	-0.114631	5181	
-0.860385	-0.321152	5165	
-0.769149	-0.519963	1218	
-0.629193	-0.697068	298	
-0.442762	-0.841349	5166	
-0.212513	-0.939561	3577	
0.039912	-0.973300	2229	
0.812209	0.021509	3912	
0.806153	0.064752	3937	
0.791683	0.145210	280	
0.762981	0.257243	3899	
0.710226	0.389153	3426	
0.621926	0.529196	2356	
0.497884	0.658296	2030	
0.338043	0.771071	2677	
0.116173	0.849925	4513	
-0.110952	0.845853	1241	
-0.312064	0.798277	3529	
-0.500265	0.706695	3604	
-0.664336	0.570286	4349	
-0.799061	0.389359	1281	
-0.890833	0.151302	5080	
-0.901804	-0.105011	634	
-0.852573	-0.335986	5165	
-0.744249	-0.553934	4341	
-0.579932	-0.739287	5609	
-0.360814	-0.882063	3720	
-0.098919	-0.960676	728	
0.172539	-0.962681	1087	
0.385171	-0.658397	1643	
0.423198	-0.635836	1153	
0.501725	-0.580117	4436	
0.604724	-0.482166	3105	
0.717592	-0.336779	3432	
0.810099	-0.108397	4112	
0.791730	0.126519	428	
0.731650	0.334050	599	
0.622731	0.522972	2356	
0.467371	0.679536	4039	
0.259742	0.807444	3143	
-0.010856	0.852512	3737	
-0.247530	0.815335	4648	
-0.462248	0.726648	3026	
-0.650404	0.580864	4626	
-0.800566	0.381720	4965	
-0.894943	0.114875	3485	
-0.892379	-0.162205	4131	
-0.821354	-0.408887	5682	
-0.680547	-0.634106	5212	
-0.476283	-0.814721	1086	
-0.212535	-0.934697	3577	
0.077946	-0.968040	2365	
-0.444133	-0.578036	3168	
-0.404380	-0.610774	1858	
-0.310382	-0.683629	1542	
-0.094041	-0.776066	3552	
0.153431	-0.737728	3969	
0.375588	-0.658817	1199	
0.569912	-0.514534	3424	
0.728731	-0.315007	2818	
0.809426	-0.022420	5398	
0.765154	0.228475	3775	
0.671390	0.447300	977	
0.517210	0.633383	2724	
0.306663	0.782619	1974	
0.014852	0.851022	4370	
-0.246913	0.812828	5650	
-0.481309	0.712333	3748	
-0.682068	0.543364	4787	
-0.835035	0.309411	3223	
-0.901573	0.003566	4398	
-0.864759	-0.280809	4731	
-0.751496	-0.534241	4341	
-0.560392	-0.749995	1806	
-0.301315	-0.902932	328	
0.002316	-0.965697	2319	
-0.661899	0.272892	2023	
-0.710055	0.212383	2582	
-0.732306	0.012505	4188	
-0.676148	-0.215900	2108	
-0.537736	-0.478837	5034	
-0.328850	-0.666398	4440	
0.000743	-0.766784	348	
0.275561	-0.699671	1518	
0.505920	-0.569621	4976	
0.682119	-0.378234	3007	
0.807716	-0.089169	1881	
0.772235	0.192076	2246	
0.678826	0.429707	977	
0.515393	0.631708	2724	
0.283143	0.792104	899	
-0.035501	0.846503	4805	
-0.310679	0.790538	3554	
-0.556214	0.657957	4382	
-0.752582	0.449757	2465	
-0.883856	0.154994	4594	
-0.886920	-0.168913	4131	
-0.797041	-0.450095	5700	
-0.619422	-0.693726	298	
-0.364208	-0.873380	4201	
-0.049204	-0.960356	5307	
0.266504	-0.939266	770	
0.179256	0.697065	1247	
0.062151	0.712160	3813	
-0.127879	0.659331	1256	
-0.467254	0.496971	2522	
-0.695639	0.229040	2009	
-0.693073	-0.142323	1413	
-0.563560	-0.442954	1770	
-0.348327	-0.648705	1240	
-0.031756	-0.769667	354	
0.251406	-0.705547	3158	
0.491544	-0.578346	5499	
0.675782	-0.382963	3007	
0.806287	-0.081461	1881	
0.764142	0.213801	2774	
0.654531	0.464914	1079	
0.464340	0.672475	5031	
0.181091	0.828732	4595	
-0.153865	0.829204	4935	
-0.432842	0.734797	3701	
-0.671376	0.548636	4580	
-0.845747	0.274771	3326	
-0.895314	-0.075651	641	
-0.824133	-0.386161	4203	
-0.657567	-0.650729	304	
-0.401112	-0.852479	4426	
-0.073341	-0.955873	728	
0.255165	-0.939746	770	
0.239904	0.630271	3738	
-0.190163	0.643524	2545	
-0.544177	0.411546	1624	
-0.737999	0.135000	4749	
-0.678605	-0.191727	1290	
-0.542883	-0.466348	1945	
-0.331581	-0.658908	1240	
-0.014189	-0.765248	348	
0.267935	-0.697555	2517	
0.513182	-0.557644	4976	
0.701202	-0.344281	1969	
0.801923	-0.003017	3957	
0.736845	0.293975	2776	
0.588547	0.549727	2390	
0.351275	0.750061	2521	
-0.010105	0.844406	3266	
-0.328523	0.779599	3871	
-0.600137	0.616237	2732	
-0.806095	0.355159	4330	
-0.895988	-0.008469	4398	
-0.838517	-0.343376	4414	
-0.675562	-0.627207	5212	
-0.414695	-0.842974	4426	
-0.073881	-0.953944	728	
0.266512	-0.935253	1037	
0.682452	-0.164609	4231	
0.275886	0.597474	842	
-0.022580	0.677791	455	
-0.375364	0.564029	894	
-0.605768	0.329184	562	
-0.736282	0.048613	4715	
-0.663965	-0.233874	2636	
-0.516795	-0.493588	4002	
-0.302662	-0.678383	3602	
0.036212	-0.753831	1000	
0.324201	-0.673165	1653	
0.570295	-0.501293	4026	
0.762089	-0.241258	1473	
0.778720	0.133240	428	
0.670571	0.431163	977	
0.459445	0.671196	5031	
0.119143	0.838189	3997	
-0.244867	0.804593	4593	
-0.544426	0.659250	2453	
-0.776734	0.402508	310	
-0.893725	0.029421	368	
-0.842816	-0.325409	4799	
-0.677296	-0.622211	5212	
-0.404542	-0.846672	4426	
-0.049125	-0.954781	5307	
0.300381	-0.924904	1923	
0.614605	-0.176599	3685	
0.681892	-0.168894	4231	
0.387608	0.524563	1965	
0.191261	0.681563	5359	
-0.111305	0.656994	3612	
-0.431402	0.521532	5365	
-0.626825	0.299006	5276	
-0.724548	0.009978	3992	
-0.648011	-0.273518	2579	
-0.477193	-0.531539	870	
-0.235147	-0.724340	4485	
0.131270	-0.731418	3147	
0.430553	-0.613958	1029	
0.664053	-0.388499	2072	
0.799726	-0.018726	5398	
0.721704	0.322554	551	
0.531201	0.605303	3201	
0.217137	0.812587	1410	
-0.187271	0.816785	418	
-0.511314	0.680800	2705	
-0.761494	0.423227	925	
-0.891789	0.037268	368	
-0.838418	-0.332867	4414	
-0.661457	-0.638074	5373	
-0.371083	-0.862259	4201	
0.000929	-0.956365	4828	
0.356140	-0.906270	922	
0.659890	-0.741359	1916	
0.592045	-0.183526	3668	
0.499581	-0.164855	3495	
0.468445	-0.143596	5601	
0.534291	-0.166576	3625	
0.675568	-0.162561	4231	
0.215971	0.645699	5288	
-0.075004	0.663139	4465	
-0.431317	0.519396	5365	
-0.635161	0.285352	4276	
-0.710973	-0.031692	1084	
-0.616346	-0.341306	3932	
-0.400711	-0.596297	1116	
-0.063307	-0.765982	5419	
0.288822	-0.683460	1518	
0.576098	-0.489655	4026	
0.788859	-0.160993	1178	
0.747880	0.242356	3373	
0.575564	0.555970	2736	
0.270410	0.788962	557	
-0.159862	0.820702	2717	
-0.501215	0.685498	2683	
-0.763707	0.416863	332	
-0.891042	0.012796	4164	
-0.824596	-0.365570	4203	
-0.627511	-0.672485	3041	
-0.311904	-0.887410	364	
0.074723	-0.954960	5464	
0.589011	-0.186731	305	
0.448457	-0.124107	4171	
0.445976	-0.050840	4969	
0.476164	-0.011918	3990	
0.497613	-0.003376	4018	
0.492705	-0.013417	3873	
0.456310	-0.093749	1452	
0.681019	-0.172123	4231	
0.002416	0.679688	598	
-0.440268	0.510078	2559	
-0.669326	0.244656	1246	
-0.688064	-0.119214	990	
-0.533356	-0.465455	1945	
-0.256536	-0.706373	4292	
0.166061	-0.719218	3689	
0.503998	-0.555228	5664	
0.750367	-0.254693	4528	
0.760394	0.190290	2246	
0.594643	0.531081	2390	
0.284344	0.780608	899	
-0.162998	0.818450	2717	
-0.517469	0.672449	2705	
-0.782249	0.384121	5313	
-0.888882	-0.041776	3655	
-0.798554	-0.422266	4407	
-0.571584	-0.723510	492	
-0.223346	-0.916974	2597	
0.168940	-0.945726	4250	
0.591605	-0.192402	305	
0.439508	-0.115414	4171	
0.446001	-0.028684	5073	
0.478750	0.007733	3990	
0.503543	0.023377	3895	
0.524478	0.030404	2641	
0.545176	0.031600	438	
0.561008	0.023485	345	
0.543447	0.001327	794	
0.600929	-0.165469	2921	
0.008842	0.679885	598	
-0.514864	0.432359	1160	
-0.732205	0.064143	4674	
-0.620143	-0.325693	4822	
-0.353422	-0.629648	1970	
0.071291	-0.739444	1304	
0.450611	-0.594274	2336	
0.724600	-0.295052	951	
0.763402	0.171012	5476	
0.593422	0.530139	2390	
0.263896	0.789115	557	
-0.198418	0.809365	5025	
-0.556968	0.641082	1966	
-0.814921	0.321057	3709	
-0.880726	-0.124264	4170	
-0.755551	-0.499954	3102	
-0.491346	-0.784687	4616	
-0.105682	-0.941432	5240	
0.286322	-0.921509	1037	
0.593353	-0.198359	305	
0.435390	-0.116415	388	
0.436809	-0.024984	400	
0.456284	0.010836	4568	
0.456330	0.026715	4509	
0.454520	0.035153	4509	
0.462761	0.042206	4509	
0.492280	0.049302	3074	
0.536925	0.053543	5245	
0.574479	0.048738	1334	
0.578020	0.014856	4354	
0.677731	-0.177627	3000	
-0.188924	0.636019	2703	
-0.643746	0.266852	1233	
-0.668194	-0.189475	1290	
-0.417055	-0.576117	2852	
0.016642	-0.749612	3633	
0.426943	-0.608434	4532	
0.720956	-0.298179	951	
0.758008	0.186939	5476	
0.569102	0.556303	2736	
0.201944	0.812356	3821	
-0.264825	0.790320	4303	
-0.617487	0.586555	3188	
-0.855272	0.217979	4551	
-0.860977	-0.229399	509	
-0.689322	-0.594238	5413	
-0.378167	-0.851710	4201	
0.036496	-0.950652	372	
0.421216	-0.874667	4361	
0.736500	-0.663925	2903	
0.589863	-0.201378	305	
0.424948	-0.104651	405	
0.425065	-0.022905	1861	
0.422701	0.005782	376	
0.400070	0.013339	1313	
0.370997	0.011476	1381	
0.351170	0.009302	1501	
0.346339	0.012506	1501	
0.374373	0.028713	1010	
0.438551	0.049950	4247	
0.529409	0.062628	4609	
0.586707	0.063672	1478	
0.571518	0.001903	4354	
0.138800	0.700042	756	
-0.570325	0.357135	2551	
-0.683556	-0.118519	990	
-0.448675	-0.546653	4066	
0.005859	-0.750634	5117	
0.438566	-0.599054	4532	
0.742055	-0.261934	4528	
0.742198	0.239340	3237	
0.518425	0.606608	2724	
0.094666	0.833168	2900	
-0.355661	0.756189	3527	
-0.691851	0.504515	2786	
-0.882358	0.074648	4101	
-0.821457	-0.355606	4414	
-0.594502	-0.696259	2893	
-0.226837	-0.911545	2597	
0.194368	-0.937142	1751	
-0.044077	-0.512867	2812	
0.542668	-0.192737	556	
0.416411	-0.089468	3903	
0.411664	-0.024001	1861	
0.389960	-0.005031	1675	
0.350838	-0.009620	1910	
0.308520	-0.028343	4070	
0.274567	-0.053593	5586	
0.255013	-0.072225	5536	
0.249426	-0.072558	5536	
0.268122	-0.039383	5586	
0.318588	0.009323	3620	
0.441311	0.055724	4247	
0.564668	0.076087	320	
0.602110	0.052127	1255	
0.681078	-0.159995	4231	
-0.512050	0.431108	1612	
-0.687444	-0.093189	1729	
-0.441386	-0.551328	4066	
0.042034	-0.741649	3338	
0.483637	-0.564305	2539	
0.780149	-0.172208	1250	
0.710731	0.324432	551	
0.440013	0.672459	4898	
-0.045441	0.829919	1148	
-0.469635	0.696437	2331	
-0.775242	0.384902	5313	
-0.879949	-0.090151	4906	
-0.751036	-0.498631	3102	
-0.463151	-0.798556	3490	
-0.042295	-0.944403	5307	
0.364544	-0.893021	922	
0.460210	-0.459459	1918	
0.591726	-0.219050	1103	
0.455447	-0.162826	3751	
0.403920	-0.067594	5007	
0.389526	-0.028329	1238	
0.356655	-0.022440	1425	
0.311069	-0.040948	4207	
0.267548	-0.078663	4560	
0.230848	-0.128404	818	
0.199961	-0.174112	1175	
0.182574	-0.198213	856	
0.177139	-0.198183	856	
0.193072	-0.159776	901	
0.240999	-0.068776	5536	
0.347100	0.029704	3643	
0.534964	0.075437	3002	
0.601752	0.088337	1848	
0.492779	-0.152879	2793	
-0.490277	0.454463	1723	
-0.679846	-0.122481	990	
-0.395656	-0.588458	887	
0.120353	-0.722900	2112	
0.555919	-0.497366	3820	
0.791449	-0.025364	4590	
0.653440	0.435365	977	
0.318677	0.754507	1808	
-0.199553	0.803219	5025	
-0.594271	0.601988	367	
-0.853671	0.210664	4551	
-0.847272	-0.266360	3742	
-0.642311	-0.643205	4333	
-0.283533	-0.889397	328	
0.158833	-0.938897	4250	
0.545981	-0.806216	2080	
0.574459	-0.224563	1394	
0.551952	-0.206984	4411	
0.473886	-0.180564	3874	
0.410093	-0.110914	405	
0.389100	-0.057838	1838	
0.364427	-0.038720	1425	
0.326893	-0.045501	4207	
0.281965	-0.077784	4560	
0.240336	-0.130415	818	
0.203797	-0.189598	1188	
0.179917	-0.238200	374	
0.167257	-0.274967	3418	
0.159722	-0.295371	586	
0.152316	-0.289202	586	
0.150340	-0.247969	3631	
0.191127	-0.151713	901	
0.296988	0.005165	3620	
0.517688	0.075530	3002	
0.601924	0.110411	2498	
0.490529	-0.151736	2793	
-0.550864	0.378890	2513	
-0.656934	-0.212339	1792	
-0.309183	-0.656052	4440	
0.238520	-0.690413	3158	
0.643866	-0.394757	2611	
0.764422	0.133747	428	
0.560458	0.557546	2099	
0.122169	0.826638	2760	
-0.367713	0.746471	3053	
-0.717157	0.465740	2459	
-0.881536	-0.015397	3928	
-0.773729	-0.451762	3028	
-0.488921	-0.777408	4616	
-0.057047	-0.940328	5407	
0.367162	-0.889048	1063	
0.489222	-0.197655	2404	
0.450704	-0.174130	3751	
0.409457	-0.129429	3954	
0.387176	-0.088490	1043	
0.366690	-0.061983	1623	
0.337714	-0.058224	3273	
0.301596	-0.075243	4021	
0.260859	-0.117203	4718	
0.223435	-0.173762	5147	
0.196043	-0.229846	374	
0.182060	-0.278682	3418	
0.176976	-0.322372	2028	
0.175317	-0.353129	942	
0.170612	-0.370026	942	
0.158490	-0.361790	942	
0.142912	-0.308260	1149	
0.160257	-0.198557	856	
0.285931	0.000468	5187	
0.531930	0.081941	3002	
0.604719	0.122759	2498	
0.668036	-0.176074	3000	
-0.631972	0.270853	1233	
-0.600082	-0.351765	4814	
-0.149680	-0.750749	1721	
0.393925	-0.620902	1699	
0.749797	-0.239522	1473	
0.713299	0.306857	1664	
0.417441	0.684982	4526	
-0.106157	0.818361	5352	
-0.540601	0.642857	2037	
-0.832991	0.262545	4412	
-0.851167	-0.239690	4874	
-0.645866	-0.634993	4333	
-0.272970	-0.890563	958	
0.182515	-0.932743	1751	
0.576422	-0.783519	3181	
0.423918	-0.170575	4860	
0.403548	-0.144121	1992	
0.381908	-0.113582	1587	
0.363885	-0.089987	1040	
0.342127	-0.079409	2620	
0.314327	-0.084931	3506	
0.281518	-0.109953	3478	
0.248447	-0.151738	736	
0.218517	-0.204789	4859	
0.199628	-0.255616	4076	
0.192509	-0.302903	2642	
0.193605	-0.343576	1307	
0.197707	-0.376588	4746	
0.200449	-0.401964	2589	
0.192519	-0.416365	2271	
0.171463	-0.409038	4930	
0.142947	-0.343654	5144	
0.154984	-0.201170	5638	
0.309350	0.019685	3620	
0.566771	0.102275	5216	
0.611924	0.105735	2668	
0.036207	0.684321	1049	
-0.727475	0.072937	4674	
-0.463981	-0.523895	870	
0.077210	-0.729022	3100	
0.552334	-0.495666	3820	
0.783107	0.018178	3686	
0.611055	0.491625	1775	
0.204744	0.804672	3821	
-0.325715	0.760793	3871	
-0.701438	0.481835	3388	
-0.879134	-0.012434	3928	
-0.764543	-0.463091	3028	
-0.460329	-0.793702	3068	
-0.006593	-0.941092	4828	
0.423128	-0.864141	3933	
0.765320	-0.619966	3052	
0.396606	-0.167937	525	
0.378167	-0.143450	1387	
0.360678	-0.123040	3015	
0.342935	-0.108983	1772	
0.322429	-0.105542	2605	
0.297447	-0.117243	3478	
0.270155	-0.143153	3184	
0.243313	-0.181587	5147	
0.222371	-0.224994	5113	
0.210068	-0.268630	4076	
0.207200	-0.311374	2642	
0.211701	-0.347607	1307	
0.219829	-0.377872	2148	
0.227847	-0.403261	2068	
0.228748	-0.423869	1931	
0.214600	-0.440019	2007	
0.177376	-0.431494	5322	
0.136538	-0.336313	4415	
0.182916	-0.150220	531	
0.396400	0.056810	792	
0.588334	0.153982	5720	
0.607779	0.011167	2019	
-0.422411	0.517514	2616	
-0.661288	-0.183853	1194	
-0.293733	-0.664210	3602	
0.293842	-0.667034	1059	
0.697115	-0.318227	1276	
0.730860	0.249050	3237	
0.448288	0.657760	4898	
-0.086117	0.818816	3698	
-0.538900	0.640792	2037	
-0.838841	0.240855	498	
-0.838772	-0.276298	3742	
-0.606332	-0.672926	2893	
-0.198911	-0.911260	2597	
0.265109	-0.914098	907	
0.389031	-0.187488	522	
0.366950	-0.164487	1925	
0.349061	-0.146833	3174	
0.330318	-0.136786	4327	
0.311369	-0.137181	2026	
0.290052	-0.148294	2026	
0.268377	-0.170806	290	
0.248115	-0.202830	4498	
0.232758	-0.238961	4739	
0.224631	-0.275758	3870	
0.224292	-0.310727	2204	
0.230171	-0.341855	2060	
0.240634	-0.367681	2010	
0.251134	-0.390822	1915	
0.258558	-0.412565	2475	
0.253296	-0.435719	2743	
0.222010	-0.455354	5435	
0.164120	-0.428406	5322	
0.128157	-0.278310	5109	
0.247845	-0.032105	5657	
0.538819	0.094122	1818	
0.594437	0.195649	5696	
0.679398	-0.159824	4231	
-0.672808	0.224965	3828	
-0.531358	-0.448974	1208	
0.007995	-0.742380	5117	
0.514153	-0.528756	5296	
0.785782	-0.019520	2438	
0.617479	0.478468	1775	
0.198039	0.804828	3821	
-0.347665	0.749342	3527	
-0.726548	0.444454	1375	
-0.873071	-0.080203	4680	
-0.722176	-0.528650	5617	
-0.374498	-0.841309	4218	
0.106295	-0.936737	2049	
0.526553	-0.809097	2080	
0.399709	-0.219441	4926	
0.371629	-0.195896	4483	
0.349300	-0.179762	988	
0.329687	-0.170548	799	
0.311033	-0.169901	4282	
0.292763	-0.178625	290	
0.275162	-0.195223	291	
0.260231	-0.219111	4679	
0.249003	-0.247861	4714	
0.243531	-0.277351	3588	
0.244429	-0.305443	1987	
0.250564	-0.331495	1962	
0.261120	-0.354433	2157	
0.273233	-0.375580	2064	
0.282633	-0.397056	2223	
0.283648	-0.421819	1760	
0.260703	-0.451787	4900	
0.199512	-0.464004	786	
0.135440	-0.367210	3360	
0.171338	-0.161609	1263	
0.400929	0.061516	710	
0.583608	0.180223	5644	
0.618483	0.083601	1642	
-0.268065	0.606476	4622	
-0.671710	-0.131178	1621	
-0.313614	-0.644839	5070	
0.275139	-0.671988	1518	
0.691838	-0.321805	1276	
0.725406	0.258073	3526	
0.424345	0.673564	4526	
-0.135215	0.808568	4688	
-0.588554	0.596459	743	
-0.864474	0.139220	4594	
-0.803225	-0.371649	3063	
-0.515040	-0.749743	5184	
-0.053563	-0.934198	5299	
0.400644	-0.868585	2416	
0.760577	-0.618568	3052	
0.430021	-0.264125	2507	
0.397943	-0.237964	3708	
0.368854	-0.218620	4483	
0.345707	-0.207188	4826	
0.325674	-0.203037	2827	
0.308536	-0.205787	5394	
0.292769	-0.216850	3819	
0.280474	-0.233193	3819	
0.271500	-0.254532	3155	
0.267447	-0.276920	2369	
0.268358	-0.299840	1883	
0.274598	-0.321741	1883	
0.284389	-0.342108	2373	
0.296388	-0.362108	2103	
0.306195	-0.384642	2230	
0.306902	-0.411390	1760	
0.285674	-0.446470	2012	
0.223658	-0.474161	5052	
0.146941	-0.416210	4940	
0.131729	-0.225344	5259	
0.306789	0.028099	3910	
0.569616	0.131566	1350	
0.582364	0.244652	437	
0.682305	-0.165998	4231	
-0.671446	0.223904	3828	
-0.526850	-0.452544	1208	
0.022106	-0.737034	3633	
0.527986	-0.512738	4243	
0.778755	0.018131	3686	
0.585796	0.516361	1297	
0.110298	0.822302	2051	
-0.425955	0.709437	2633	
-0.786671	0.345957	3823	
-0.851735	-0.207748	5263	
-0.630718	-0.641765	3041	
-0.212961	-0.903631	4277	
0.274096	-0.907595	907	
0.451564	-0.336035	2262	
0.438312	-0.294454	1956	
0.411608	-0.268797	2400	
0.384535	-0.251556	3708	
0.360270	-0.240450	3803	
0.339229	-0.236688	3510	
0.323401	-0.240115	3510	
0.310373	-0.249330	1301	
0.301914	-0.263312	1301	
0.298551	-0.279379	1300	
0.299344	-0.297941	1526	
0.304234	-0.316286	2164	
0.313035	-0.335661	2164	
0.322686	-0.355923	1741	
0.330014	-0.379993	650	
0.325370	-0.412211	2308	
0.295421	-0.452123	5086	
0.223999	-0.481096	5052	
0.143926	-0.419498	4940	
0.124821	-0.235436	5259	
0.271630	0.006983	398	
0.547548	0.109450	5175	
0.565325	0.271309	1568	
0.620242	0.032621	1179	
-0.399077	0.533634	2948	
-0.656768	-0.186886	1194	
-0.277540	-0.671627	5068	
0.315712	-0.653372	2451	
0.723392	-0.272681	5457	
0.699570	0.321577	5155	
0.348467	0.725279	1933	
-0.241742	0.781831	2747	
-0.677936	0.500812	3489	
-0.872506	-0.035347	3622	
-0.723842	-0.519111	5617	
-0.354054	-0.847558	4218	
0.149760	-0.928657	4250	
0.576595	-0.773204	2516	
0.326210	-0.499245	1856	
0.408456	-0.423470	5042	
0.437916	-0.360490	2857	
0.433547	-0.320009	2606	
0.413093	-0.293875	2755	
0.389217	-0.278845	3447	
0.369508	-0.273131	3447	
0.353390	-0.273828	2849	
0.342991	-0.280839	892	
0.338363	-0.291980	892	
0.337345	-0.306432	892	
0.340992	-0.323294	2314	
0.346532	-0.342283	1741	
0.351249	-0.365597	3391	
0.348524	-0.396076	963	
0.327134	-0.435033	4271	
0.271150	-0.476176	4900	
0.182718	-0.479463	2245	
0.124614	-0.362938	3360	
0.139948	-0.195128	469	
0.291590	0.024766	3910	
0.542200	0.108886	5175	
0.558960	0.276750	1568	
0.591050	0.236920	336	
0.155527	0.691956	1122	
-0.724879	0.095877	1284	
-0.472493	-0.508429	763	
0.084419	-0.720442	3100	
0.574296	-0.462070	2711	
0.760857	0.105421	601	
0.514073	0.591443	3111	
-0.044088	0.818477	1148	
-0.550411	0.624059	4488	
-0.858132	0.155391	4533	
-0.790982	-0.391060	1312	
-0.470626	-0.777592	2585	
0.028258	-0.934241	775	
0.485572	-0.825271	4886	
0.827025	-0.529914	2667	
0.127582	-0.495865	2408	
0.200884	-0.534198	2889	
0.322475	-0.495184	1856	
0.403659	-0.416663	5042	
0.423849	-0.362382	2857	
0.416940	-0.331598	2848	
0.402331	-0.318257	3811	
0.390480	-0.317034	3811	
0.382609	-0.323146	3811	
0.379221	-0.335374	3811	
0.377087	-0.352776	4553	
0.372627	-0.376679	5191	
0.359952	-0.408566	638	
0.327630	-0.448825	4271	
0.263870	-0.487645	5670	
0.181694	-0.486684	2245	
0.126563	-0.388924	2242	
0.115753	-0.239821	5481	
0.224185	-0.053258	1359	
0.385326	0.064918	792	
0.564436	0.148144	4424	
0.545160	0.304497	1899	
0.545219	0.331743	2250	
0.476491	-0.049028	4810	
-0.564383	0.349956	2551	
-0.618525	-0.295734	2523	
-0.203095	-0.723520	4563	
0.386658	-0.615233	3133	
0.772719	-0.162738	1250	
0.645826	0.424049	956	
0.194449	0.801283	3821	
-0.402594	0.717667	2633	
-0.792079	0.329331	2937	
-0.835786	-0.258916	3742	
-0.568490	-0.698363	343	
-0.092373	-0.925078	3801	
0.397133	-0.864003	2416	
0.087427	-0.354516	3435	
0.134823	-0.497002	2420	
0.237521	-0.525724	1588	
0.357547	-0.462058	419	
0.392092	-0.417783	4447	
0.398270	-0.397943	3956	
0.393331	-0.395394	3956	
0.382607	-0.406272	4447	
0.363605	-0.429267	683	
0.329314	-0.460867	5693	
0.271799	-0.492759	862	
0.196978	-0.500248	2832	
0.137413	-0.440710	3443	
0.108460	-0.310380	2101	
0.133791	-0.192692	469	
0.239472	-0.017925	678	
0.381596	0.066817	2867	
0.547117	0.125590	4672	
0.556836	0.255243	4567	
0.507482	0.368526	2267	
0.509110	0.383283	2591	
0.622771	0.021906	1179	
-0.198932	0.626419	2209	
-0.690462	-0.026493	3482	
-0.400298	-0.568068	887	
0.160291	-0.700493	2111	
0.634404	-0.387657	1958	
0.729303	0.226578	3237	
0.392959	0.690249	2971	
-0.238253	0.779270	2747	
-0.702213	0.465308	2459	
-0.861208	-0.123835	2699	
-0.651509	-0.610539	5628	
-0.203183	-0.901611	4277	
0.312255	-0.891780	875	
0.715980	-0.654806	2903	
0.051850	-0.209789	1691	
0.127686	-0.476891	2472	
0.199838	-0.524030	3353	
0.252517	-0.515216	5486	
0.267124	-0.507848	5670	
0.246748	-0.510855	5486	
0.206329	-0.511842	3353	
0.156746	-0.487462	2385	
0.121714	-0.408844	2242	
0.101665	-0.292744	3400	
0.131186	-0.188009	469	
0.228549	-0.029104	1359	
0.340924	0.057315	2794	
0.513378	0.107255	1633	
0.561247	0.205349	3253	
0.524675	0.325500	1710	
0.474223	0.403259	2555	
0.446646	0.439269	2354	
0.471849	0.426475	2572	
0.615322	0.159609	2372	
0.682041	-0.167995	4231	
-0.648081	0.239590	5703	
-0.573021	-0.379394	625	
-0.109481	-0.749557	814	
0.465488	-0.559747	1139	
0.775912	0.003301	2991	
0.540404	0.559846	2099	
-0.061304	0.813348	2914	
-0.600572	0.576032	3120	
-0.869470	0.015508	4164	
-0.716113	-0.522073	5617	
-0.299544	-0.867366	5099	
0.234789	-0.909770	1030	
0.662199	-0.702017	5560	
0.108842	-0.405425	3313	
0.115611	-0.421473	3533	
0.111221	-0.395103	3313	
0.098971	-0.325239	3733	
0.096269	-0.245670	4391	
0.150649	-0.155358	1263	
0.238191	-0.003843	678	
0.361852	0.067573	3479	
0.533332	0.126479	2391	
0.544861	0.264743	5172	
0.478900	0.385976	2227	
0.416376	0.450181	3088	
0.381927	0.478991	520	
0.370914	0.492153	812	
0.383458	0.492245	812	
0.443252	0.456535	3405	
0.595175	0.239906	437	
0.528517	-0.155951	2862	
-0.462013	0.475221	2145	
-0.674502	-0.084556	2581	
-0.365507	-0.593353	545	
0.234606	-0.677740	3834	
0.712342	-0.280811	5727	
0.658754	0.394893	1707	
0.143129	0.812114	2089	
-0.487974	0.664272	2360	
-0.853761	0.158565	4460	
-0.764601	-0.436088	5058	
-0.380976	-0.827303	4095	
0.165256	-0.920399	2430	
0.614706	-0.738305	5452	
0.086516	-0.198544	672	
0.080497	-0.230803	1825	
0.087376	-0.229040	4391	
0.104319	-0.203555	396	
0.166367	-0.127351	696	
0.235483	0.000496	571	
0.354084	0.068381	3479	
0.532589	0.132877	2391	
0.531577	0.291148	4458	
0.436140	0.424390	2354	
0.356834	0.480171	549	
0.315382	0.501851	467	
0.297391	0.515169	453	
0.296646	0.525609	579	
0.313835	0.529392	2901	
0.358900	0.515335	866	
0.452666	0.454054	3288	
0.609032	0.199892	5645	
0.533681	-0.025692	3496	
-0.036981	0.653886	1354	
-0.670982	0.215480	3828	
-0.568507	-0.383134	625	
-0.035353	-0.743021	4844	
0.555369	-0.474907	2708	
0.731658	0.207304	5485	
0.332068	0.729016	970	
-0.366924	0.729819	2637	
-0.810558	0.283635	1819	
-0.799382	-0.355699	2741	
-0.445515	-0.787523	3068	
0.105077	-0.925470	5029	
0.576299	-0.763801	2516	
0.891847	-0.412982	2445	
0.146373	-0.140502	696	
0.168561	-0.116503	531	
0.217998	-0.018967	694	
0.299741	0.053781	4475	
0.478744	0.105970	2431	
0.543717	0.242504	5210	
0.446698	0.408915	1850	
0.347801	0.475374	549	
0.293126	0.491719	1013	
0.265571	0.499175	1082	
0.255012	0.514201	507	
0.257413	0.535885	507	
0.280729	0.549494	351	
0.338039	0.533471	2901	
0.453655	0.458334	3288	
0.576354	0.296175	1568	
0.631000	0.061091	1866	
0.561640	-0.027066	4830	
0.681559	-0.160389	4231	
-0.405465	0.523634	2616	
-0.686095	-0.024108	3482	
-0.344946	-0.607023	289	
0.358578	-0.624999	4794	
0.772868	0.006652	3686	
0.460498	0.631813	1508	
-0.253259	0.770719	3186	
-0.758032	0.378306	4808	
-0.823175	-0.282848	4007	
-0.495916	-0.750857	5184	
0.056334	-0.926813	834	
0.544931	-0.782467	2033	
0.175639	-0.098468	2327	
0.222122	0.002013	571	
0.319249	0.064755	4599	
0.514247	0.126814	2987	
0.516129	0.309662	4529	
0.392497	0.446192	2918	
0.307747	0.476835	4259	
0.264160	0.475085	5576	
0.240527	0.475634	4520	
0.232068	0.494196	760	
0.236833	0.531335	2563	
0.268334	0.561808	1468	
0.437207	0.475629	3405	
0.627390	0.132522	3076	
0.635605	-0.009061	589	
0.609342	-0.035425	4423	
0.501979	-0.036007	3563	
0.564412	-0.156171	2953	
0.682232	-0.166892	4231	
-0.565464	0.338404	2320	
-0.575498	-0.368987	4754	
0.124421	-0.703997	1545	
0.741679	-0.228953	4624	
0.558700	0.533929	2502	
-0.149433	0.795161	5049	
-0.709393	0.447571	2528	
-0.837527	-0.224846	5174	
-0.533174	-0.719910	3050	
0.021743	-0.926089	3764	
0.523147	-0.794074	2493	
0.865727	-0.453795	2644	
0.260919	0.045972	3520	
0.481265	0.112934	2431	
0.517258	0.300759	4529	
0.381874	0.446811	3082	
0.295594	0.466772	2532	
0.251202	0.451438	2485	
0.224252	0.445061	3680	
0.213126	0.459128	2925	
0.217207	0.497667	5572	
0.234665	0.557793	1586	
0.462970	0.455096	3288	
-0.680526	-0.037099	2256	
-0.109870	-0.746057	814	
0.646599	-0.362967	1628	
0.623838	0.446591	2371	
-0.068708	0.807920	3698	
-0.673882	0.491037	4031	
-0.844940	-0.185713	2791	
-0.554627	-0.700051	532	
0.002386	-0.924702	3764	
0.512063	-0.799014	5348	
0.861022	-0.459058	1736	
0.540613	0.202165	3253	
0.414057	0.421968	1589	
0.304045	0.457869	4259	
0.249918	0.434385	2238	
0.216198	0.417795	3845	
0.194849	0.418616	4345	
0.192669	0.441729	3878	
0.208853	0.501407	5572	
0.237093	0.573184	1449	
0.633977	0.094618	2253	
-0.716263	0.120345	5503	
-0.259698	-0.673591	3607	
0.585997	-0.436379	2071	
0.655451	0.392111	1707	
-0.023549	0.812729	717	
-0.653428	0.513226	4355	
-0.847469	-0.166407	2791	
-0.560943	-0.693005	343	
-0.001574	-0.923497	3439	
0.512729	-0.797217	5348	
0.412962	0.096928	3815	
0.499275	0.326444	5371	
0.337781	0.451003	4226	
0.264150	0.430496	2238	
0.219463	0.399769	4395	
0.187568	0.389554	820	
0.168387	0.396850	449	
0.170558	0.423154	4455	
0.196719	0.484358	3110	
0.223797	0.575192	3465	
-0.712167	0.140930	1073	
-0.276902	-0.658832	2968	
0.573725	-0.449211	2711	
0.659312	0.383344	1616	
-0.020524	0.812308	717	
-0.654870	0.510287	3489	
-0.845197	-0.173432	2791	
-0.551566	-0.700042	532	
0.012986	-0.922747	3764	
0.525605	-0.788319	2493	
0.870567	-0.437791	2644	
0.502524	0.131948	2688	
0.425430	0.407272	1863	
0.295922	0.438376	2981	
0.237812	0.397345	2910	
0.195940	0.371782	843	
0.164374	0.367782	1627	
0.143784	0.378376	1111	
0.143150	0.400912	1111	
0.172726	0.447877	4062	
0.206791	0.551590	2680	
0.448197	0.470268	3405	
-0.716236	0.075999	3658	
-0.239318	-0.689297	4205	
0.607013	-0.409268	2384	
0.636511	0.422128	956	
-0.063901	0.806326	3698	
-0.677074	0.482879	3437	
-0.837596	-0.206694	5174	
-0.527365	-0.719285	3050	
0.045622	-0.921536	834	
0.550699	-0.771480	2516	
0.533514	0.217110	3390	
0.359495	0.438029	2888	
0.269171	0.411746	2473	
0.218703	0.369010	2234	
0.179206	0.349654	1234	
0.147206	0.348159	1088	
0.122654	0.361528	1496	
0.114108	0.382522	1683	
0.128258	0.408846	528	
0.179090	0.471807	4256	
0.217238	0.587969	3465	
0.513419	-0.044943	2792	
0.177324	0.673951	3507	
-0.662789	-0.107468	1621	
-0.020203	-0.734685	4844	
0.687474	-0.304905	1276	
0.579792	0.502271	1297	
-0.144474	0.791816	4880	
-0.718959	0.426989	1375	
-0.822336	-0.264363	4007	
-0.485191	-0.750887	2912	
0.095799	-0.918224	1738	
0.586967	-0.745716	5581	
0.902707	-0.370974	2220	
0.357501	0.087373	4081	
0.489306	0.331437	987	
0.320523	0.433370	3094	
0.251068	0.384209	3561	
0.207108	0.345448	936	
0.170411	0.329741	1576	
0.136602	0.330207	2014	
0.108664	0.343735	1631	
0.089922	0.363818	1557	
0.087626	0.385307	1273	
0.108298	0.408012	406	
0.162789	0.455477	4062	
0.193276	0.542921	5198	
0.202844	0.581996	5122	
0.198482	0.588282	4981	
0.192345	0.586526	4981	
0.186676	0.583621	4981	
0.180660	0.580033	3893	
0.176017	0.614686	2972	
0.174091	0.670436	1122	
-0.666020	0.212565	4817	
-0.500714	-0.463504	718	
0.223201	-0.673985	3311	
0.776161	-0.090814	3627	
0.479960	0.606863	1780	
-0.257794	0.762812	3060	
-0.773426	0.341007	3823	
-0.796314	-0.340578	3108	
-0.423564	-0.791542	3121	
0.159610	-0.910606	2252	
0.632956	-0.709663	4903	
0.924272	-0.318953	3262	
0.505155	0.141150	2688	
0.413049	0.406128	1716	
0.293907	0.412438	2409	
0.240503	0.359396	3332	
0.202832	0.325679	2883	
0.169547	0.311041	2778	
0.136884	0.310951	3382	
0.105351	0.322246	2697	
0.079176	0.342499	2084	
0.061798	0.366477	1999	
0.057622	0.388344	1428	
0.066345	0.404498	4980	
0.085727	0.414710	1106	
0.104522	0.426262	406	
0.111903	0.432635	4943	
0.116790	0.440022	4943	
0.124053	0.448523	5702	
0.161067	0.485337	4028	
0.170891	0.674109	1122	
-0.625288	0.245948	1824	
-0.646111	-0.180396	5036	
-0.226601	-0.697631	4852	
0.480807	-0.535996	1139	
0.737347	0.154440	860	
0.336435	0.717736	970	
-0.391514	0.709111	2335	
-0.831406	0.211022	5105	
-0.754547	-0.432763	4313	
-0.337830	-0.837969	3902	
0.237590	-0.895816	1598	
0.686282	-0.662005	1107	
0.326302	0.083283	4599	
0.522585	0.250866	932	
0.360852	0.424274	2888	
0.278521	0.388811	2771	
0.236565	0.338857	3314	
0.206386	0.307905	2883	
0.177909	0.293021	2778	
0.148835	0.289397	3637	
0.116278	0.297714	432	
0.084452	0.314409	4632	
0.058073	0.337408	4846	
0.037931	0.365675	4156	
0.027473	0.390373	1829	
0.022833	0.410322	3890	
0.021416	0.426487	434	
0.022472	0.437324	434	
0.027246	0.446611	5378	
0.044561	0.447388	5127	
0.138401	0.462950	4213	
-0.543555	0.359058	1756	
-0.677483	-0.026197	2256	
-0.412397	-0.543679	2546	
0.147184	-0.692184	2111	
0.668247	-0.326791	663	
0.657806	0.377307	1616	
0.109468	0.809929	2051	
-0.528488	0.622457	2037	
-0.858644	0.043658	5131	
-0.692365	-0.534520	4617	
-0.227890	-0.880886	4960	
0.326783	-0.870864	1972	
0.744417	-0.601220	464	
0.967230	-0.176132	2349	
0.234118	0.069424	4978	
0.464808	0.354542	1782	
0.332168	0.416915	2588	
0.273080	0.368858	3475	
0.240221	0.322887	3314	
0.216373	0.292669	3776	
0.194953	0.275117	3308	
0.171943	0.267520	4209	
0.142775	0.269994	3540	
0.109533	0.281401	432	
0.075931	0.300530	4632	
0.045338	0.326698	4846	
0.021466	0.358274	4178	
0.004151	0.391650	827	
-0.006520	0.424205	359	
-0.011690	0.455401	4711	
-0.008649	0.480819	4279	
0.013495	0.475744	5590	
0.167569	0.537605	3993	
-0.714276	0.104310	5503	
-0.560029	-0.381931	4754	
-0.124950	-0.739829	1095	
0.452138	-0.556414	846	
0.766196	0.003798	3234	
0.512715	0.571835	3111	
-0.128169	0.791364	4880	
-0.658295	0.497853	4031	
-0.847278	-0.124182	2699	
-0.608319	-0.636188	3154	
-0.096114	-0.908955	4338	
0.425023	-0.832141	5238	
0.803417	-0.527082	1173	
0.114893	0.159524	686	
0.331719	0.089044	4081	
0.523992	0.201073	2735	
0.414548	0.394192	5483	
0.318272	0.401649	2409	
0.274096	0.353055	2709	
0.249322	0.310115	2601	
0.233370	0.280277	3776	
0.219556	0.259894	1842	
0.203019	0.247871	2100	
0.180696	0.243548	4290	
0.153442	0.247253	4946	
0.117148	0.260712	3540	
0.077438	0.281841	5681	
0.039785	0.312039	4085	
0.009341	0.350527	4631	
-0.013639	0.399986	1127	
-0.027078	0.457986	4494	
-0.023472	0.505241	4142	
0.005050	0.496161	4115	
0.176803	0.671575	3507	
-0.656981	-0.112934	1621	
-0.326488	-0.607802	289	
0.198622	-0.676958	2984	
0.650049	-0.346928	962	
0.699216	0.276541	4195	
0.315500	0.728402	1206	
-0.335273	0.731145	2659	
-0.771675	0.336834	3823	
-0.810167	-0.286673	4003	
-0.500123	-0.732840	2912	
0.045505	-0.914963	3294	
0.528383	-0.776593	2033	
0.862353	-0.434179	2644	
0.090884	0.179348	692	
0.144197	0.141995	686	
0.226382	0.080498	4978	
0.411505	0.110313	1521	
0.513533	0.258012	859	
0.396511	0.398571	2312	
0.316890	0.389648	2789	
0.280849	0.342474	2709	
0.262827	0.301867	2601	
0.253589	0.271459	5136	
0.247128	0.248965	4422	
0.239111	0.232500	587	
0.225876	0.222013	4650	
0.203578	0.218630	5639	
0.172860	0.223653	4290	
0.131666	0.239341	5594	
0.079608	0.266517	877	
0.027615	0.308865	4587	
-0.011971	0.371181	2807	
-0.035921	0.457621	4410	
-0.030666	0.525068	4142	
0.014745	0.489251	5590	
-0.698830	0.162478	1081	
-0.516575	-0.437716	1208	
-0.039501	-0.734053	4844	
0.476165	-0.534454	4779	
0.768881	-0.026826	4590	
0.568721	0.507142	1237	
0.022866	0.809422	4759	
-0.523890	0.622025	2037	
-0.850232	0.114209	4608	
-0.741958	-0.447273	3057	
-0.361451	-0.821236	4095	
0.188011	-0.900371	2122	
0.632116	-0.702200	4903	
0.915896	-0.322231	3358	
-0.072250	0.324595	4237	
-0.045401	0.258955	2018	
0.007135	0.216499	695	
0.107496	0.173174	1690	
0.229733	0.087522	933	
0.422606	0.115681	3826	
0.507545	0.267448	4883	
0.394888	0.393315	4204	
0.323042	0.382297	2386	
0.292604	0.337380	4942	
0.280315	0.297857	4367	
0.277100	0.267303	949	
0.277211	0.243568	4855	
0.276542	0.224759	2643	
0.270708	0.210052	3278	
0.254606	0.199683	3292	
0.230223	0.195588	5336	
0.190090	0.203597	5266	
0.130231	0.229621	1713	
0.053307	0.274532	5374	
-0.010148	0.352107	2625	
-0.042971	0.466005	4410	
-0.031045	0.546995	655	
0.098044	0.455594	2106	
-0.655186	-0.116479	1621	
-0.296861	-0.628454	896	
0.240625	-0.662032	3834	
0.660725	-0.329742	663	
0.704248	0.254980	4035	
0.375670	0.684109	2971	
-0.230284	0.764645	2747	
-0.680580	0.466080	3437	
-0.845650	-0.112637	2699	
-0.639320	-0.596265	4176	
-0.185237	-0.888756	4761	
0.332299	-0.863852	1972	
0.732228	-0.606750	464	
-0.325757	0.499475	1843	
-0.204830	0.540468	2932	
-0.113023	0.480497	2478	
-0.065622	0.320949	4237	
0.032298	0.211244	1600	
0.204690	0.103898	575	
0.395005	0.111131	3513	
0.510294	0.248050	859	
0.406800	0.382317	4204	
0.335672	0.378361	2386	
0.306481	0.336875	4910	
0.298476	0.299291	4183	
0.300080	0.268543	4732	
0.306470	0.244430	1306	
0.311690	0.224327	1306	
0.311659	0.207401	2976	
0.302509	0.192564	2976	
0.280026	0.181756	3824	
0.238540	0.179716	3522	
0.172981	0.200199	1837	
0.070665	0.255995	1278	
-0.013893	0.348676	2625	
-0.049879	0.496594	1372	
-0.023567	0.561200	654	
0.169825	0.677622	1122	
-0.520230	-0.430262	3922	
0.001977	-0.721333	4087	
0.502686	-0.508078	4032	
0.764177	-0.008566	3860	
0.576213	0.494310	1237	
0.087919	0.807788	2468	
-0.448936	0.670351	1317	
-0.807701	0.258990	5409	
-0.797991	-0.312900	3164	
-0.503701	-0.725606	2565	
0.007147	-0.911820	3764	
0.477676	-0.800896	984	
0.823049	-0.489911	3501	
0.981040	-0.055754	5128	
-0.451503	0.335974	2287	
-0.422914	0.412666	5262	
-0.304379	0.515448	1758	
-0.129767	0.517332	3117	
-0.052322	0.295608	4328	
0.136884	0.160287	1389	
0.325351	0.098664	4036	
0.511722	0.205355	2735	
0.429456	0.363558	840	
0.353039	0.376393	4964	
0.323858	0.340770	5345	
0.317234	0.304249	5543	
0.322011	0.274667	1265	
0.332311	0.250903	1265	
0.342513	0.230642	2325	
0.348049	0.211798	1882	
0.344276	0.193706	1988	
0.321425	0.176860	3500	
0.274331	0.167226	3824	
0.197749	0.182437	3761	
0.070429	0.250785	1278	
-0.029800	0.376464	1679	
-0.053509	0.539282	1279	
0.000227	0.541230	4025	
-0.662566	-0.074402	1484	
-0.283027	-0.637055	5458	
0.278292	-0.646382	4273	
0.682203	-0.298251	806	
0.695512	0.273295	3830	
0.379680	0.678288	3280	
-0.191649	0.772249	4298	
-0.633237	0.517395	4319	
-0.852495	-0.011532	3623	
-0.706525	-0.500602	3744	
-0.329624	-0.833604	3902	
0.192853	-0.895707	2986	
0.616823	-0.709272	4809	
0.899407	-0.350547	3358	
-0.429980	0.263608	2530	
-0.457849	0.302351	5490	
-0.447565	0.379774	2785	
-0.310053	0.515937	1758	
-0.108197	0.484083	2478	
-0.003078	0.235867	715	
0.244969	0.096266	933	
0.487507	0.156847	3955	
0.461658	0.328684	504	
0.376992	0.372577	5053	
0.342579	0.346888	4476	
0.336013	0.313030	2441	
0.342586	0.284499	2477	
0.355016	0.261208	2011	
0.368320	0.240790	1961	
0.378087	0.219902	2156	
0.376900	0.197865	1503	
0.353316	0.175229	2368	
0.295435	0.159448	4781	
0.197279	0.177110	3761	
0.038621	0.268295	5374	
-0.050674	0.440848	3327	
-0.048881	0.574184	1349	
0.172341	0.679495	1122	
-0.512269	-0.437707	1208	
0.041487	-0.708537	1471	
0.539486	-0.468392	2708	
0.752905	0.040130	3084	
0.555836	0.515345	1654	
0.080250	0.806308	1258	
-0.430558	0.678346	1788	
-0.782369	0.306917	1670	
-0.815340	-0.247627	4641	
-0.569565	-0.665093	4937	
-0.108995	-0.900561	4105	
0.370434	-0.846240	3196	
0.743663	-0.588045	316	
-0.399444	0.219266	4915	
-0.433975	0.249399	2530	
-0.466388	0.294373	4661	
-0.446966	0.390527	3197	
-0.242848	0.543567	1719	
-0.069113	0.355905	3517	
0.154872	0.151095	686	
0.406894	0.121121	1521	
0.493239	0.270893	4883	
0.409039	0.359884	5496	
0.366195	0.350981	5436	
0.356483	0.322789	2006	
0.362882	0.296361	2067	
0.375925	0.273291	1914	
0.391048	0.251106	2063	
0.403461	0.227221	1793	
0.401618	0.200149	1417	
0.369612	0.170403	1724	
0.288211	0.152324	4781	
0.157830	0.194005	915	
-0.010610	0.320228	2826	
-0.063076	0.532934	1731	
-0.013293	0.577480	4517	
-0.661245	-0.073070	1484	
-0.242714	-0.670798	2767	
0.347046	-0.613566	719	
0.727179	-0.230863	4624	
0.671259	0.328272	5663	
0.341115	0.703380	1933	
-0.213752	0.764193	3365	
-0.632221	0.514843	3900	
-0.851042	0.014126	3046	
-0.726745	-0.462107	3057	
-0.389832	-0.798812	2657	
0.115367	-0.903500	5602	
0.542597	-0.758475	2033	
0.851441	-0.437109	631	
0.980726	-0.008719	2358	
-0.389125	0.186996	570	
-0.417014	0.215612	5432	
-0.451702	0.250706	2031	
-0.476912	0.306729	4661	
-0.410836	0.444282	5156	
-0.133191	0.532959	3559	
0.002123	0.237939	715	
0.291322	0.101509	4975	
0.499722	0.194564	3519	
0.449360	0.326881	504	
0.396417	0.348257	4419	
0.380879	0.329538	2288	
0.384968	0.305827	2495	
0.397312	0.282535	2393	
0.412638	0.258385	2272	
0.424009	0.228716	1454	
0.416517	0.192613	3336	
0.361604	0.158459	2368	
0.247620	0.150776	300	
0.065809	0.242733	1165	
-0.056378	0.443177	4082	
-0.064141	0.586510	2497	
0.169815	0.677783	1122	
-0.439568	-0.508655	3523	
0.127104	-0.686328	1462	
0.603679	-0.391054	1404	
0.730618	0.134044	3502	
0.498900	0.572659	3221	
0.000914	0.801679	3934	
-0.466352	0.653605	2039	
-0.791926	0.283356	1833	
-0.812407	-0.248514	4641	
-0.580940	-0.650344	3530	
-0.152518	-0.890560	4299	
0.323769	-0.859580	2989	
0.698654	-0.631666	5369	
0.931567	-0.257192	2200	
-0.396905	0.168813	496	
-0.417962	0.194638	5330	
-0.444253	0.224018	3011	
-0.474394	0.263474	5076	
-0.475622	0.346716	4881	
-0.296635	0.528992	1355	
-0.069921	0.368827	3019	
0.188177	0.130444	415	
0.434821	0.134990	889	
0.487317	0.263665	4883	
0.435848	0.326532	463	
0.412553	0.325322	2454	
0.411629	0.306752	2454	
0.422202	0.283382	2062	
0.435772	0.253391	2020	
0.440200	0.214236	1438	
0.408313	0.171059	1730	
0.307380	0.142908	3925	
0.150032	0.191799	915	
-0.030726	0.348889	1679	
-0.076668	0.566100	1402	
-0.001057	0.570591	590	
-0.611847	-0.266609	1743	
-0.072601	-0.733505	2944	
0.475824	-0.524544	3040	
0.765778	-0.058485	4583	
0.612512	0.432775	2371	
0.237355	0.764117	5333	
-0.293812	0.736830	2457	
-0.672805	0.464002	2877	
-0.846485	-0.036521	4429	
-0.712134	-0.481598	3601	
-0.382337	-0.800276	3268	
0.105215	-0.901769	5602	
0.520695	-0.768718	494	
0.829917	-0.466693	565	
-0.425092	0.171958	4849	
-0.443267	0.192742	4005	
-0.458660	0.212892	2626	
-0.475014	0.239968	4710	
-0.491711	0.291966	759	
-0.425591	0.434409	4956	
-0.128462	0.534774	3559	
0.024231	0.230547	1378	
0.305213	0.107622	4975	
0.485425	0.178519	3941	
0.477685	0.268457	3898	
0.452002	0.295230	5050	
0.446614	0.285501	2362	
0.452097	0.260295	2362	
0.455203	0.222236	2257	
0.431001	0.176803	1951	
0.342451	0.142541	3152	
0.198293	0.160410	3761	
-0.005449	0.297440	3525	
-0.076070	0.537193	1731	
-0.051539	0.602493	2118	
-0.696825	0.050016	4009	
-0.260367	-0.649983	2968	
0.318099	-0.624272	4079	
0.711523	-0.249487	5178	
0.682595	0.290860	4195	
0.387026	0.665141	3280	
-0.135240	0.778313	3869	
-0.550075	0.588130	652	
-0.828624	0.181183	5587	
-0.789861	-0.312714	2749	
-0.543259	-0.682169	4647	
-0.114924	-0.894919	3647	
0.337899	-0.851934	1076	
0.697738	-0.628529	5369	
0.926251	-0.264842	5280	
0.973182	0.152115	2549	
-0.489006	0.197702	2443	
-0.504405	0.209144	5017	
-0.499722	0.217396	5017	
-0.494606	0.231561	675	
-0.498836	0.264467	4856	
-0.480779	0.356077	4881	
-0.266582	0.544164	2261	
-0.061023	0.350640	3517	
0.186722	0.136494	415	
0.384003	0.125118	1809	
0.479066	0.182148	3955	
0.481484	0.221416	622	
0.474098	0.223068	622	
0.463813	0.198705	602	
0.428698	0.164081	1027	
0.335287	0.136428	3381	
0.201345	0.155127	5662	
0.000216	0.285047	5319	
-0.075908	0.518452	1509	
-0.087609	0.602473	4107	
0.172961	0.679500	1122	
-0.366123	-0.563528	1913	
0.200298	-0.665424	2984	
0.635243	-0.345843	1093	
0.718795	0.167139	860	
0.486503	0.579240	3221	
0.017008	0.799707	4759	
-0.432879	0.669558	1068	
-0.749997	0.351271	3008	
-0.828963	-0.155469	3660	
-0.657637	-0.556668	3767	
-0.310023	-0.834793	3466	
0.162803	-0.892273	2252	
0.553438	-0.744567	4047	
0.841594	-0.442352	707	
0.972690	-0.036178	5128	
-0.577448	0.224539	1327	
-0.575047	0.237610	1327	
-0.561677	0.235771	1170	
-0.534436	0.235778	1929	
-0.514186	0.254321	1203	
-0.501956	0.313894	3924	
-0.389030	0.476178	1629	
-0.109862	0.517575	3033	
0.015402	0.240120	1098	
0.239136	0.116227	4916	
0.360422	0.123950	2543	
0.415890	0.142331	889	
0.414358	0.146033	889	
0.365955	0.135167	2543	
0.278144	0.128400	4871	
0.149546	0.183102	915	
-0.019509	0.309049	3525	
-0.082146	0.531856	1509	
-0.110791	0.601576	2564	
0.151507	0.488756	2813	
-0.445066	-0.499682	3523	
0.119422	-0.683340	1462	
0.582906	-0.408408	1500	
0.738449	0.075066	3837	
0.553966	0.505599	1561	
0.156767	0.789975	881	
-0.322631	0.721583	2376	
-0.673461	0.456630	2877	
-0.844381	-0.010589	3623	
-0.734540	-0.433337	2700	
-0.448855	-0.753276	1810	
-0.004098	-0.901553	3439	
0.410998	-0.820459	5084	
0.739813	-0.579337	316	
0.939331	-0.213209	1594	
-0.089121	0.635094	3321	
-0.439197	0.479482	1785	
-0.562595	0.269512	1323	
-0.537550	0.257407	1929	
-0.515810	0.296917	1900	
-0.451185	0.414750	5550	
-0.209907	0.560676	2932	
-0.067272	0.382723	1582	
0.050333	0.224512	1376	
0.189554	0.142526	415	
0.234060	0.125514	4916	
0.225020	0.131938	4916	
0.160531	0.172238	1389	
0.030968	0.248457	1098	
-0.057527	0.397537	1582	
-0.103714	0.567378	1888	
-0.122221	0.605281	2564	
0.149658	0.485415	4028	
-0.465263	-0.480346	4559	
0.086593	-0.689230	1479	
0.553545	-0.440768	1514	
0.748818	0.020318	3234	
0.592277	0.453366	1360	
0.252719	0.751465	294	
-0.244064	0.747372	3095	
-0.605637	0.530760	3175	
-0.838090	0.119441	4459	
-0.779450	-0.328818	2749	
-0.548366	-0.671673	4169	
-0.154556	-0.883959	5255	
0.281592	-0.864547	3394	
0.634290	-0.680402	978	
0.882223	-0.360465	5258	
0.973304	0.039769	2236	
-0.459518	0.456599	1536	
-0.550463	0.281228	1333	
-0.526086	0.295456	1884	
-0.479811	0.380080	670	
-0.327882	0.523391	2289	
-0.126362	0.547459	3423	
-0.066355	0.389435	1582	
-0.027890	0.296338	3770	
-0.009083	0.274216	585	
-0.027713	0.305937	3525	
-0.061892	0.400964	1488	
-0.094152	0.538282	2241	
-0.154138	0.588472	2024	
-0.106536	0.612197	2292	
0.175753	0.669941	3507	
-0.396716	-0.537075	1832	
0.114987	-0.681763	1462	
0.556077	-0.435804	1514	
0.749975	0.008922	3234	
0.607282	0.428612	1562	
0.293782	0.725434	724	
-0.191894	0.760014	3260	
-0.557051	0.574546	652	
-0.812946	0.216160	5014	
-0.804258	-0.246296	4641	
-0.616076	-0.600282	4176	
-0.273821	-0.846187	5624	
0.169364	-0.886737	2252	
0.535671	-0.750614	494	
0.815114	-0.475727	340	
0.960687	-0.098764	4372	
-0.100634	0.632469	4136	
-0.529911	0.346582	1583	
-0.530254	0.314145	1455	
-0.492379	0.370670	338	
-0.402620	0.474700	1629	
-0.256967	0.556435	2375	
-0.151378	0.565103	1839	
-0.110768	0.543714	2492	
-0.110232	0.547766	2492	
-0.130740	0.569267	1110	
-0.180624	0.583772	1634	
-0.196467	0.593923	2415	
-0.013359	0.608920	1311	
-0.664559	-0.027301	2095	
-0.280798	-0.623008	4686	
0.209770	-0.657698	2665	
0.593905	-0.388738	1404	
0.741121	0.044066	2115	
0.598654	0.439166	1360	
0.297507	0.721326	724	
-0.171945	0.763206	3847	
-0.532562	0.593376	4325	
-0.789165	0.269958	1572	
-0.816725	-0.187848	4745	
-0.658631	-0.545313	3546	
-0.353766	-0.806859	2675	
0.074875	-0.895428	5510	
0.451678	-0.796235	5075	
0.750788	-0.559398	5250	
0.934727	-0.212278	1594	
0.016271	0.636737	490	
-0.457567	0.454338	1536	
-0.515389	0.359459	338	
-0.492271	0.382817	350	
-0.439843	0.446018	5302	
-0.371093	0.505596	1439	
-0.307028	0.544116	2615	
-0.278828	0.558263	2595	
-0.271768	0.565299	2595	
-0.245525	0.581781	2940	
-0.082543	0.619420	3442	
0.176947	0.672005	3507	
-0.472412	-0.471503	4559	
-0.069136	-0.726940	4764	
0.357798	-0.596962	1380	
0.660414	-0.303403	424	
0.722574	0.121094	3502	
0.563692	0.484363	1237	
0.262078	0.741888	294	
-0.187072	0.757992	3260	
-0.530643	0.592809	4325	
-0.780894	0.283691	1572	
-0.820633	-0.160148	4973	
-0.680551	-0.511676	3025	
-0.402003	-0.777057	2657	
0.008620	-0.896049	3683	
0.386819	-0.823842	2119	
0.694054	-0.619108	5605	
0.903117	-0.300862	5582	
0.968039	0.077981	2296	
0.896076	0.424566	3621	
0.034257	0.611756	488	
-0.291387	0.578701	4606	
-0.450869	0.456728	1785	
-0.455932	0.444467	1536	
-0.426454	0.472397	2005	
-0.383446	0.509157	2264	
-0.330200	0.546828	2631	
-0.238987	0.590485	3428	
-0.038839	0.621175	1476	
0.170070	0.678216	1122	
-0.545514	-0.384619	5293	
-0.238330	-0.658953	2767	
0.168058	-0.665595	1210	
0.514379	-0.474478	2569	
0.752333	-0.142236	1735	
0.689978	0.239318	2707	
0.496938	0.556394	2518	
0.172734	0.779937	3566	
-0.239951	0.742041	3095	
-0.556348	0.568852	596	
-0.789568	0.262840	1572	
-0.818522	-0.162256	4973	
-0.684642	-0.502529	3025	
-0.422953	-0.761727	1570	
-0.029742	-0.893729	584	
0.343824	-0.838355	1076	
0.651460	-0.656997	5182	
0.873656	-0.363742	5258	
0.965695	0.002243	2358	
0.033289	0.577927	3118	
-0.051923	0.632795	2172	
-0.203896	0.608182	2669	
-0.216609	0.603258	2669	
-0.148299	0.617978	2442	
-0.026641	0.623659	1476	
0.025107	0.510207	4012	
0.174406	0.679511	1122	
-0.454356	-0.486448	3523	
-0.229607	-0.665323	1121	
0.116975	-0.675416	1462	
0.441788	-0.537629	4771	
0.669436	-0.286980	806	
0.728452	0.078811	3837	
0.621840	0.392315	2307	
0.395477	0.643333	3970	
0.027031	0.791673	4759	
-0.324403	0.710794	1204	
-0.606875	0.518127	2814	
-0.812446	0.201618	3988	
-0.809556	-0.197302	5077	
-0.671808	-0.518384	3700	
-0.416771	-0.763845	1570	
-0.037726	-0.891787	4161	
0.325895	-0.842578	1076	
0.628687	-0.674327	978	
0.852687	-0.400757	5456	
0.960385	-0.048976	5595	
0.034280	0.507033	4012	
0.026936	0.570469	666	
0.024971	0.548565	4025	
0.152254	0.503069	2813	
0.177370	0.674892	3507	
-0.564694	-0.350470	2949	
-0.321534	-0.583483	3408	
-0.122612	-0.722583	1095	
0.169224	-0.661741	1804	
0.459755	-0.520843	4779	
0.642108	-0.316747	1091	
0.741020	0.011917	3234	
0.666880	0.293940	4008	
0.497017	0.551106	2518	
0.240960	0.748809	346	
-0.133884	0.764548	3869	
-0.434358	0.654019	1068	
-0.672894	0.439415	2544	
-0.833127	0.095528	3217	
-0.790742	-0.263373	3412	
-0.640550	-0.557690	3767	
-0.384092	-0.782377	2657	
-0.013289	-0.891087	584	
0.332960	-0.838283	1076	
0.624258	-0.675643	978	
0.843502	-0.413755	5456	
0.955886	-0.072933	5114	
0.155794	0.566196	3239	
0.169734	0.677122	1122	
-0.648664	-0.068112	1396	
-0.367897	-0.549634	4480	
-0.242924	-0.644116	671	
0.024440	-0.691463	1605	
0.274226	-0.627640	4393	
0.516536	-0.464038	2127	
0.667107	-0.282743	806	
0.735989	0.024752	1140	
0.671187	0.276711	4195	
0.532131	0.510521	1654	
0.319626	0.696076	684	
-0.017187	0.783198	5698	
-0.305967	0.713732	1204	
-0.556577	0.561139	596	
-0.753952	0.319371	3781	
-0.830017	-0.044048	4547	
-0.756102	-0.356029	387	
-0.586504	-0.617527	3872	
-0.320948	-0.815080	3736	
0.041656	-0.888898	3294	
0.365631	-0.824478	2509	
0.639719	-0.660058	5182	
0.847255	-0.403448	5456	
0.953950	-0.073591	5114	
0.827560	0.547923	1895	
0.176297	0.670555	3507	
-0.393097	-0.529309	1618	
-0.217756	-0.668065	4148	
0.084983	-0.674875	1367	
0.358718	-0.585621	1380	
0.564205	-0.405762	1180	
0.719867	-0.209268	3829	
0.719398	0.086780	3324	
0.652472	0.317331	3950	
0.516754	0.523900	1060	
0.322966	0.690938	1303	
0.019612	0.785756	3494	
-0.248428	0.731161	1118	
-0.491220	0.611325	1655	
-0.685209	0.417170	1872	
-0.826651	0.122067	3001	
-0.803511	-0.198194	5077	
-0.696259	-0.470030	2682	
-0.504258	-0.692067	5176	
-0.217828	-0.855299	5539	
0.123784	-0.880800	815	
0.422359	-0.798417	5382	
0.674131	-0.625951	4951	
0.862853	-0.369869	5197	
0.954803	-0.048677	5595	
0.935309	0.266306	2427	
0.173012	0.671548	1122	
-0.262578	-0.620453	656	
0.019238	-0.687945	2017	
0.370589	-0.576574	3595	
0.597321	-0.360735	1158	
0.749300	-0.110681	801	
0.699405	0.162765	3459	
0.613428	0.389508	676	
0.465829	0.571129	3302	
0.272477	0.723391	347	
-0.019605	0.778515	5698	
-0.258137	0.725492	1118	
-0.478584	0.617328	1705	
-0.656574	0.449602	2259	
-0.804050	0.206244	4909	
-0.818508	-0.104719	4071	
-0.747138	-0.366112	387	
-0.602580	-0.593648	3528	
-0.385218	-0.775053	1777	
-0.073976	-0.882412	4405	
0.228978	-0.861144	3284	
0.500007	-0.755515	4865	
0.724522	-0.570439	378	
0.887872	-0.310719	4240	
0.956375	0.001229	5461	
0.924975	0.300166	3070	
-0.104785	-0.717440	997	
-0.110360	-0.717274	997	
0.034813	-0.681464	1605	
0.366874	-0.576994	3595	
0.614910	-0.335345	2096	
0.743486	-0.039442	3986	
0.676163	0.238076	2707	
0.557949	0.467778	4999	
0.392716	0.630630	3970	
0.162664	0.772707	881	
-0.107201	0.760529	3179	
-0.321622	0.699638	1876	
-0.517109	0.585098	4023	
-0.672747	0.425418	1872	
-0.804620	0.198413	3988	
-0.818781	-0.086306	3844	
-0.761090	-0.325013	2074	
-0.642711	-0.540868	3546	
-0.465570	-0.717257	417	
-0.210833	-0.853685	5316	
0.091178	-0.879883	5230	
0.355003	-0.821717	2509	
0.594440	-0.689129	4524	
0.785282	-0.490599	391	
0.917139	-0.222788	4703	
0.954938	0.074945	371	
0.906419	0.355712	2905	
0.668919	-0.265194	1220	
0.674592	-0.259988	1220	
0.746176	-0.111066	801	
0.702383	0.128932	3103	
0.622283	0.363400	848	
0.470909	0.559102	3159	
0.280935	0.712236	724	
-0.004296	0.775898	5658	
-0.226509	0.729325	3318	
-0.423127	0.646339	1144	
-0.592656	0.512772	2814	
-0.724809	0.348941	3991	
-0.822224	0.110428	2163	
-0.808488	-0.135445	3716	
-0.749657	-0.346927	819	
-0.640542	-0.539360	3546	
-0.481181	-0.701986	593	
-0.262232	-0.833126	4453	
0.016052	-0.881500	3448	
0.266446	-0.847281	2935	
0.498605	-0.750955	4865	
0.697073	-0.593606	4768	
0.852075	-0.377508	4806	
0.941532	-0.104960	5224	
0.945680	0.169297	891	
0.875832	0.431349	3129	
0.443036	0.579126	3714	
0.430308	0.591116	3344	
0.367460	0.643194	3146	
0.230368	0.741083	5018	
-0.009397	0.772608	5698	
-0.209199	0.731120	3318	
-0.394210	0.659142	1636	
-0.560797	0.539478	1722	
-0.690721	0.392245	4549	
-0.801863	0.192702	3988	
-0.818461	-0.043516	3544	
-0.781536	-0.242710	3245	
-0.709571	-0.425715	1753	
-0.595819	-0.589402	3528	
-0.444051	-0.726841	4934	
-0.240816	-0.838867	5478	
0.012475	-0.879074	3448	
0.239035	-0.851360	2866	
0.451287	-0.773995	3562	
0.643330	-0.642181	3974	
0.799329	-0.461992	340	
0.911805	-0.225852	4703	
0.950634	0.037015	5164	
0.921584	0.286054	3070	
-0.384656	0.658571	1636	
-0.394088	0.654334	1636	
-0.447248	0.623351	1026	
-0.532282	0.560035	5312	
-0.632478	0.459720	2752	
-0.730034	0.330367	4346	
-0.812063	0.143312	2070	
-0.813276	-0.061086	3844	
-0.779076	-0.238999	3245	
-0.717992	-0.401956	2575	
-0.624970	-0.549271	3054	
-0.500579	-0.678155	5649	
-0.345117	-0.787129	2675	
-0.138019	-0.864659	4374	
0.080140	-0.873009	5230	
0.276265	-0.838807	3137	
0.462284	-0.764997	5547	
0.634806	-0.646000	3974	
0.778662	-0.487173	4167	
0.889649	-0.282815	788	
0.944442	-0.041748	5583	
0.937121	0.194381	1189	
0.874801	0.420918	3129	
-0.812165	-0.022269	2960	
-0.812507	-0.026075	3544	
-0.807652	-0.070685	3844	
-0.795295	-0.148447	4427	
-0.770882	-0.252833	3245	
-0.729087	-0.368400	3913	
-0.663878	-0.488623	2647	
-0.576645	-0.599920	3872	
-0.464616	-0.702831	417	
-0.328985	-0.792282	3736	
-0.154720	-0.858302	5228	
0.036290	-0.872509	3676	
0.209221	-0.851414	2695	
0.372036	-0.803110	4848	
0.528360	-0.722405	616	
0.672953	-0.606271	4768	
0.794704	-0.458844	5646	
0.890287	-0.273606	788	
0.940365	-0.056486	5114	
0.938828	0.159282	924	
0.892926	0.364864	1243	
0.798746	0.564176	3193	
-0.510357	-0.654808	4592	
-0.512762	-0.653876	4592	
-0.491293	-0.673670	5024	
-0.446596	-0.710226	2716	
-0.378417	-0.758071	1777	
-0.284665	-0.810185	4371	
-0.157561	-0.853906	4439	
-0.015493	-0.869432	618	
0.123832	-0.861243	815	
0.259830	-0.835512	2866	
0.391012	-0.791026	5130	
0.519326	-0.723728	616	
0.641514	-0.630838	3974	
0.749959	-0.514748	5215	
0.842163	-0.372832	4806	
0.911213	-0.198870	4067	
0.941101	-0.005951	4020	
0.932657	0.182962	1189	
0.889162	0.366925	1243	
0.806432	0.545650	1895	
0.174272	-0.845021	547	
0.168118	-0.847164	772	
0.186486	-0.844713	3257	
0.225281	-0.837420	2655	
0.283479	-0.822961	3137	
0.356503	-0.799039	4848	
0.436987	-0.764182	3562	
0.522864	-0.715674	4667	
0.610847	-0.651260	2733	
0.698184	-0.568591	4720	
0.777645	-0.470555	4167	
0.848233	-0.352650	5013	
0.903787	-0.212097	1689	
0.934210	-0.053195	5021	
0.936703	0.106599	714	
0.914034	0.265337	639	
0.864518	0.422289	5561	
0.674018	0.716866	1796	
0.699926	-0.551704	3816	
0.693546	-0.560365	3816	
0.700483	-0.554160	3816	
0.720097	-0.532983	339	
0.751119	-0.495504	4143	
0.787677	-0.445204	4997	
0.827518	-0.380561	3804	
0.867675	-0.298718	3451	
0.902047	-0.201230	934	
0.925224	-0.090704	4537	
0.934222	0.028541	3419	
0.928605	0.150066	924	
0.907515	0.274366	323	
0.868582	0.400608	4685	
0.809458	0.525946	2079	
0.725341	0.651405	4335	
0.922662	0.013020	4336	
0.923433	-0.001249	5558	
0.924614	0.001937	5558	
0.926001	0.020369	4336	
0.926786	0.055338	3579	
0.925417	0.105412	709	
0.920298	0.165705	891	
0.909598	0.235471	5437	
0.891672	0.312566	5530	
0.863879	0.397386	4685	
0.825147	0.485757	295	
0.773075	0.576799	5092	
0.703352	0.671166	4182	
0.618769	0.760424	1922	
0.788385	0.525435	2489	
0.797230	0.512646	2489	
0.799045	0.511950	2489	
0.794101	0.523051	2489	
0.782545	0.544761	2537	
0.764019	0.575957	5092	
0.702423	0.661766	4335	
0.655014	0.715792	923	
0.598098	0.771231	1074	
0.530030	0.826971	1409	
0.362056	0.928221	3242	
0.438438	0.870211	3392	
0.459608	0.860710	2607	
0.438950	0.875962	3392	
0.413434	0.891613	1485	
0.333626	0.932784	1553	
