time = 7.75	Re = 1
0.109606	0.717099	0	0
-0.731033	0.153413	1	0
-0.510204	-0.639605	2	0
0.261463	-0.852393	3	0
0.777425	-0.540637	4	0
0.059214	-0.409348	0	1
0.069070	-0.519219	1	1
0.090392	-0.591983	2	1
0.226626	-0.552255	3	1
0.531567	-0.314185	4	1
0.623007	0.071361	5	1
0.484746	0.389075	6	1
0.206716	0.626015	7	1
-0.465222	0.521483	8	1
-0.742671	-0.190981	9	1
-0.318342	-0.771758	10	1
0.428782	-0.781431	11	1
0.858949	-0.401909	12	1
0.070692	-0.326664	0	2
0.091142	-0.500786	1	2
0.177581	-0.554373	2	2
0.440569	-0.405260	3	2
0.598460	-0.127657	4	2
0.594655	0.133903	5	2
0.499337	0.337456	6	2
0.343504	0.494347	7	2
0.141395	0.665461	8	2
-0.397664	0.555077	9	2
-0.737142	0.047491	10	2
-0.570689	-0.543071	11	2
0.010798	-0.867446	12	2
0.601008	-0.665676	13	2
0.919471	-0.238964	14	2
0.087164	-0.397463	0	3
0.158745	-0.542318	1	3
0.421611	-0.409893	2	3
0.577607	-0.155326	3	3
0.588221	0.073428	4	3
0.521972	0.261066	5	3
0.397884	0.416828	6	3
0.234133	0.550966	7	3
-0.152535	0.675024	8	3
-0.616866	0.335441	9	3
-0.710344	-0.241189	10	3
-0.386054	-0.701190	11	3
0.262543	-0.816362	12	3
0.723141	-0.534869	13	3
0.948275	-0.069300	14	3
0.100288	-0.428858	0	4
0.237306	-0.512415	1	4
0.487261	-0.321981	2	4
0.574150	-0.095848	3	4
0.563394	0.095103	4	4
0.490950	0.269661	5	4
0.360986	0.417757	6	4
0.199439	0.552736	7	4
-0.244786	0.613649	8	4
-0.684050	0.179005	9	4
-0.638059	-0.397463	10	4
-0.224685	-0.785740	11	4
0.419034	-0.741613	12	4
0.809010	-0.395116	13	4
0.945909	0.097469	14	4
0.109746	-0.433350	0	5
0.271480	-0.488847	1	5
0.485725	-0.303724	2	5
0.554173	-0.110023	3	5
0.547046	0.068309	4	5
0.479680	0.245486	5	5
0.349804	0.395830	6	5
0.192912	0.527917	7	5
-0.283505	0.584808	8	5
-0.703406	0.067088	9	5
-0.560950	-0.497560	10	5
-0.051943	-0.834573	11	5
0.540858	-0.655858	12	5
0.865750	-0.247600	13	5
0.914335	0.261267	14	5
0.115974	-0.423627	0	6
0.273403	-0.477596	1	6
0.461803	-0.316354	2	6
0.529103	-0.144806	3	6
0.532068	0.028383	4	6
0.473602	0.212410	5	6
0.347493	0.365029	6	6
0.195215	0.492717	7	6
-0.303415	0.566525	8	6
-0.703872	-0.030907	9	6
-0.478061	-0.575406	10	6
0.131603	-0.818251	11	6
0.643246	-0.555214	12	6
0.895437	-0.094160	13	6
0.854994	0.415966	14	6
0.119750	-0.405210	0	7
0.260622	-0.471442	1	7
0.429520	-0.336278	2	7
0.499638	-0.182303	3	7
0.514335	-0.013462	4	7
0.466691	0.178193	5	7
0.347366	0.332296	6	7
0.198480	0.456274	7	7
-0.324008	0.548283	8	7
-0.690594	-0.126538	9	7
-0.387501	-0.641138	10	7
0.276620	-0.761494	11	7
0.727808	-0.438629	12	7
0.898190	0.061622	13	7
0.769960	0.557711	14	7
0.122745	-0.381747	0	8
0.242767	-0.464466	1	8
0.393012	-0.356003	2	8
0.467535	-0.215507	3	8
0.494332	-0.047528	4	8
0.457341	0.145960	5	8
0.347658	0.296572	6	8
0.200775	0.420282	7	8
-0.362851	0.520095	8	8
-0.662234	-0.225403	9	8
-0.285364	-0.701742	10	8
0.397587	-0.695286	11	8
0.791823	-0.308672	12	8
0.873793	0.216174	13	8
0.661744	0.682571	14	8
0.198943	-0.023728	0	9
0.125578	-0.354303	1	9
0.225178	-0.452926	2	9
0.357535	-0.368562	3	9
0.435637	-0.239233	4	9
0.472613	-0.074211	5	9
0.445764	0.115852	6	9
0.346105	0.261305	7	9
0.200698	0.387714	8	9
-0.421630	0.474957	9	9
-0.614679	-0.329207	10	9
-0.161139	-0.764235	11	9
0.506124	-0.617053	12	9
0.833058	-0.168633	13	9
0.823420	0.363068	14	9
0.534062	0.786414	15	9
0.129142	-0.323940	0	10
0.210045	-0.434555	1	10
0.324367	-0.373198	2	10
0.403238	-0.256128	3	10
0.448735	-0.097571	4	10
0.432851	0.079327	5	10
0.344656	0.222672	6	10
0.197568	0.360379	7	10
-0.505646	0.394062	8	10
-0.545927	-0.430263	9	10
0.020452	-0.801635	10	10
0.604819	-0.521029	11	10
0.850000	-0.020631	12	10
0.747906	0.500254	13	10
0.388646	0.868064	14	10
0.134484	-0.290321	0	11
0.197569	-0.408033	1	11
0.294297	-0.369236	2	11
0.372118	-0.265515	3	11
0.422347	-0.120819	4	11
0.417065	0.044159	5	11
0.341426	0.183688	6	11
0.188839	0.342158	7	11
-0.589770	0.269394	8	11
-0.454624	-0.524872	9	11
0.198516	-0.748701	10	11
0.688596	-0.406202	11	11
0.840366	0.130326	12	11
0.649631	0.622570	13	11
0.227039	0.924995	14	11
0.143731	-0.252165	0	12
0.187393	-0.371449	1	12
0.266201	-0.356207	2	12
0.339526	-0.270514	3	12
0.392251	-0.142592	4	12
0.396939	0.005903	5	12
0.333789	0.148558	6	12
0.171519	0.339612	7	12
-0.650590	0.080572	8	12
-0.344689	-0.608757	9	12
0.333092	-0.677386	10	12
0.752656	-0.273794	11	12
0.803814	0.277827	12	12
0.530986	0.726791	13	12
0.046928	0.952961	14	12
0.162019	-0.205744	0	13
0.180365	-0.321828	1	13
0.240675	-0.330786	2	13
0.305625	-0.268064	3	13
0.357627	-0.162123	4	13
0.371924	-0.028842	5	13
0.318889	0.125661	6	13
0.141395	0.368421	7	13
-0.644922	-0.136588	8	13
-0.221478	-0.686812	9	13
0.453903	-0.597037	10	13
0.791726	-0.128592	11	13
0.741115	0.417268	12	13
0.394864	0.810362	13	13
-0.138521	0.943293	14	13
0.195391	-0.139358	0	14
0.182060	-0.253303	1	14
0.220423	-0.283710	2	14
0.271897	-0.250177	3	14
0.319850	-0.169330	4	14
0.342344	-0.049046	5	14
0.295574	0.122973	6	14
0.105864	0.447415	7	14
-0.574098	-0.322458	8	14
-0.063466	-0.766321	9	14
0.556036	-0.504146	10	14
0.802397	0.016763	11	14
0.656404	0.540342	12	14
0.240389	0.872971	13	14
-0.309810	0.899686	14	14
0.225016	-0.015304	0	15
0.211998	-0.149177	1	15
0.219608	-0.197364	2	15
0.250196	-0.193771	3	15
0.287861	-0.141864	4	15
0.311298	-0.036166	5	15
0.261284	0.145767	6	15
0.076511	0.575496	7	15
-0.498249	-0.423151	8	15
0.086371	-0.758077	9	15
0.616805	-0.424706	10	15
0.789024	0.132855	11	15
0.563075	0.635022	12	15
0.068596	0.907746	13	15
-0.463041	0.830300	14	15
0.144667	0.160757	0	16
0.215422	0.077727	1	16
0.244188	0.005183	2	16
0.257780	-0.027002	3	16
0.270191	-0.012560	4	16
0.270245	0.056814	5	16
0.206228	0.194728	6	16
0.076272	0.552238	7	16
-0.511390	-0.393394	8	16
-0.011966	-0.763330	9	16
0.591670	-0.437423	10	16
0.774659	0.158725	11	16
0.497887	0.680473	12	16
-0.083879	0.903985	13	16
-0.592020	0.742814	14	16
0.064144	0.282749	0	17
0.076212	0.279398	1	17
0.087878	0.279333	2	17
0.096222	0.288571	3	17
0.096199	0.322562	4	17
0.081569	0.443451	5	17
-0.617372	0.143808	6	17
-0.349090	-0.539648	7	17
0.334718	-0.619090	8	17
0.767432	-0.003014	9	17
0.507429	0.655871	10	17
-0.174236	0.882290	11	17
-0.693535	0.646322	12	17
-0.106485	-0.719250	0	18
0.730400	-0.155698	1	18
0.507941	0.641308	2	18
-0.262331	0.852129	3	18
-0.777122	0.540511	4	18
