time = 134.85	Re = 1
-0.844282	-0.489927	1926	
-0.401834	-0.893624	1441	
0.518951	-0.837641	3755	
0.507770	-0.802687	922	
0.550703	-0.773892	2129	
0.682374	-0.661080	2047	
0.787320	-0.532108	2752	
0.953160	-0.035828	704	
0.782302	0.552044	2525	
-0.643401	0.721285	1874	
-0.966052	-0.110558	4624	
0.608440	-0.774924	2840	
0.904570	-0.177098	534	
0.919238	-0.073991	1104	
0.904930	0.184031	2973	
0.745837	0.547541	1401	
0.318531	0.873723	2275	
-0.418000	0.833333	2013	
-0.869670	0.343173	2163	
-0.481746	-0.813345	957	
0.453654	-0.833847	1623	
0.870586	-0.381318	3652	
0.512186	0.810967	1689	
-0.800867	-0.555664	2524	
138.936782	490.918037	2211	
0.689578	-0.557261	425	
0.743251	-0.484233	4420	
0.836899	-0.296591	4897	
0.839230	0.300668	4124	
0.499283	0.741413	526	
-0.167829	0.888096	396	
-0.819697	-0.391201	2901	
0.430884	-0.809727	4409	
0.921345	0.033845	4793	
0.249050	0.896871	3453	
-0.828635	0.430852	3820	
-0.204947	-0.926257	4125	
0.824006	-0.473035	574	
0.558046	0.779040	2127	
-0.844915	0.471440	4345	
-0.374133	-0.903743	662	
-0.257198	-0.821668	3070	
-0.120645	-0.862385	608	
0.214018	-0.838568	3890	
0.651986	-0.553295	4542	
0.856246	0.068228	410	
0.225292	0.843312	736	
-0.691425	-0.543877	2440	
0.419979	-0.779775	3676	
0.888314	0.011805	3034	
0.132334	0.894375	4552	
-0.632421	-0.653849	1041	
0.826985	-0.400919	4093	
0.382944	0.844924	481	
-0.886412	0.295473	508	
0.334092	-0.888222	4236	
0.948134	0.097453	4143	
-0.493938	0.828064	2016	
-0.629715	-0.745094	3409	
-0.823535	-0.050305	3177	
-0.792867	-0.230193	893	
-0.518207	-0.643312	2876	
-0.024085	-0.855792	1120	
0.783785	-0.282142	3319	
-0.196619	0.834263	2689	
-0.845090	-0.079952	3446	
-0.049157	-0.872447	998	
0.840079	-0.172111	4622	
-0.371721	0.784776	4418	
0.069888	-0.894026	4410	
0.885420	-0.069817	4230	
-0.083225	0.902026	4088	
-0.077658	-0.918352	2318	
0.882199	0.269371	985	
-0.604076	0.709219	4306	
-0.153574	-0.936366	1246	
0.931105	-0.190544	2648	
-0.518532	0.812685	4065	
-0.434607	-0.874856	2646	
0.766436	-0.176986	4616	
0.765540	0.189770	530	
0.392374	0.687381	1206	
-0.504791	0.610573	2091	
-0.395982	-0.698624	2962	
0.723001	-0.357007	2930	
-0.387645	0.722619	3639	
-0.188969	-0.822625	4232	
0.797992	0.250626	3303	
-0.805120	0.262996	4633	
-0.050935	-0.872102	998	
0.855763	0.066348	410	
-0.867796	0.098965	3220	
0.634116	-0.617297	4899	
0.330235	0.833462	827	
-0.679639	-0.602481	558	
0.920411	0.027974	4335	
-0.574049	0.733149	4315	
0.038928	-0.949752	1058	
0.915163	0.267438	1700	
-0.110736	0.783676	4014	
-0.486977	0.567305	2459	
-0.724768	-0.208488	3669	
0.072893	-0.799900	2588	
0.380109	0.666164	1779	
-0.684878	-0.362701	4782	
0.629068	0.474449	3109	
-0.796822	0.038453	3665	
0.705648	-0.389413	1837	
-0.703621	0.421564	2147	
0.206449	-0.817477	3890	
-0.163910	0.843501	3008	
-0.675244	-0.514703	2440	
0.748700	-0.413423	2452	
-0.368741	0.785469	4418	
0.463120	-0.753508	4734	
0.353950	0.822635	4152	
-0.573748	-0.704992	1177	
0.860489	0.331510	4339	
-0.855121	0.373603	746	
0.663168	-0.678648	2047	
0.228656	0.932987	1156	
-0.642272	0.305905	807	
-0.709757	0.077260	2750	
-0.468690	-0.531688	4999	
0.663591	0.285064	3679	
-0.666965	-0.301796	3566	
0.458443	0.582637	1208	
-0.442849	-0.607427	2713	
0.184270	0.770145	2123	
0.239816	-0.759183	4261	
-0.188542	0.791655	2873	
0.041036	-0.836817	4695	
0.323835	0.750989	563	
-0.132978	-0.838859	3975	
0.413118	0.732820	1640	
-0.756484	-0.385136	1886	
0.718613	-0.462776	3558	
-0.522374	0.690457	3124	
0.662303	-0.586523	389	
0.071464	0.902858	791	
0.376530	-0.835258	2677	
0.275155	0.886823	1093	
-0.643309	-0.686672	3346	
0.950662	0.000534	704	
-0.931719	0.260163	2614	
-0.119381	0.716344	810	
-0.367306	0.557555	583	
-0.321441	-0.593431	532	
0.163803	0.702753	4569	
0.470591	0.522073	3214	
-0.534171	-0.466659	2737	
-0.009036	0.786332	3399	
0.738443	0.085143	3080	
-0.637351	-0.399904	3619	
0.564889	0.512212	1916	
-0.447036	-0.633377	4267	
0.090109	0.820556	2325	
-0.133050	-0.818491	4030	
0.563037	0.580154	3692	
-0.086197	-0.848616	2379	
0.171542	0.839992	4108	
-0.609723	-0.590516	4455	
0.855190	-0.057101	4230	
-0.814994	-0.319695	4284	
0.887059	0.035900	3034	
-0.773148	0.456053	3360	
0.915291	0.097066	379	
-0.883067	0.301695	2163	
0.839558	-0.443467	1881	
0.186632	-0.962437	1091	
0.186344	-0.615927	401	
0.423996	-0.464197	494	
-0.154671	0.646668	679	
0.177833	0.648262	1131	
-0.409149	0.526968	600	
0.250641	0.648226	3885	
0.396878	0.581011	1885	
-0.435176	-0.559152	1504	
-0.159463	0.744219	3951	
0.725894	0.159164	385	
-0.598136	-0.455316	2672	
0.520926	0.556534	2134	
-0.377318	-0.680292	2140	
-0.135166	0.809715	369	
0.155819	-0.812704	4058	
-0.152333	0.823714	493	
0.310653	-0.774194	3628	
-0.563249	0.627157	3358	
0.170251	-0.850233	3604	
0.379769	0.774852	4251	
0.485360	-0.738528	4734	
0.009649	0.906386	1209	
0.681879	-0.611830	389	
-0.423886	0.827659	2013	
0.529588	-0.785967	922	
0.013503	0.962368	564	
-0.633373	-0.103028	1645	
-0.328102	-0.543318	4151	
0.260538	-0.612573	1302	
-0.326248	-0.589607	532	
-0.660458	0.209525	2212	
-0.338641	0.623852	3738	
0.330230	-0.637144	478	
-0.489334	0.530849	1672	
0.611142	0.419141	3006	
-0.474340	-0.581999	4367	
0.092193	0.802254	4173	
0.466767	-0.624560	1790	
-0.632322	0.477450	4186	
0.737468	-0.325022	2814	
-0.794541	-0.216939	893	
0.832894	-0.009082	2852	
-0.747628	-0.400836	1886	
0.853176	-0.075460	4230	
-0.531187	-0.699913	2915	
0.686718	0.565351	2874	
-0.220949	-0.888465	434	
0.162808	0.916275	3553	
0.096611	-0.944404	1532	
0.402579	0.868464	2268	
-0.387255	-0.895518	1441	
0.047778	0.692855	3996	
-0.599876	-0.221482	1154	
-0.556041	0.322053	2541	
-0.430784	0.484179	1899	
-0.398911	0.534021	600	
0.638482	0.250472	2744	
0.396481	-0.573453	3575	
-0.712972	0.034901	2098	
0.678792	-0.234672	3216	
-0.223397	-0.722113	2809	
-0.080641	0.790725	1477	
0.351959	-0.672841	1004	
-0.774663	-0.028171	3534	
0.683057	0.390926	3847	
-0.480885	-0.638368	2753	
0.582506	0.559580	3538	
0.316856	-0.770995	2131	
-0.698240	0.474160	4781	
0.586135	-0.620408	4313	
-0.736378	0.457545	3360	
0.880394	0.113567	553	
-0.781235	-0.455291	2194	
0.438948	0.813943	476	
-0.140833	-0.937027	812	
0.502954	0.812697	1689	
0.051951	0.696160	620	
0.042517	0.700375	3996	
-0.640699	0.037392	487	
-0.125666	0.670035	1014	
0.646565	0.105597	2613	
0.620011	-0.247612	3241	
-0.375911	-0.555223	4203	
-0.165813	0.702952	2714	
0.337844	0.620304	4763	
-0.529704	-0.470778	2737	
0.166751	0.738576	1016	
0.734420	-0.108899	3754	
-0.684165	-0.314528	3686	
0.531678	0.545749	1726	
-0.202135	-0.771806	2121	
-0.550360	0.568081	3367	
0.794811	-0.138802	4340	
-0.396852	-0.726091	3788	
-0.147702	0.847038	3845	
0.146308	-0.855783	3309	
-0.068189	0.878154	3490	
0.876224	-0.134693	855	
-0.887144	0.144027	947	
0.505760	0.773053	606	
-0.104601	-0.942092	1145	
0.339054	0.895519	1501	
-0.106792	-0.972272	1254	
0.148011	-0.143672	2057	
0.048490	0.700651	3996	
0.042004	0.699709	3996	
0.176208	0.606021	1362	
0.589476	0.253791	1956	
-0.114655	-0.686095	1544	
-0.624555	0.211884	1289	
-0.370143	0.554179	583	
0.649666	-0.215450	2911	
-0.633274	-0.282032	2590	
-0.527140	0.470744	3227	
0.460990	-0.542850	814	
-0.693299	0.219691	3001	
0.237545	0.722322	3842	
0.379609	-0.655430	1601	
-0.698668	-0.333876	4669	
0.155175	0.801676	3864	
0.388672	-0.704997	2724	
-0.818822	-0.076273	3084	
0.717601	0.425433	3452	
-0.217796	-0.833683	4854	
0.174977	0.856190	4032	
0.862199	-0.204150	4361	
-0.890610	0.120172	947	
0.377074	0.845001	3390	
0.214919	-0.923278	4893	
0.071628	0.593796	3986	
0.090850	-0.264336	4247	
0.125796	0.185978	705	
0.051677	0.697576	620	
0.178933	-0.601623	401	
-0.079679	-0.701737	4819	
-0.223881	0.600102	576	
0.655219	-0.013405	1851	
0.466977	-0.464099	2399	
-0.594080	-0.322156	1688	
0.074566	0.749941	978	
0.647602	0.280299	3112	
-0.554598	-0.441961	1694	
0.122566	0.759367	742	
0.728618	0.144090	463	
-0.432855	-0.614215	2713	
-0.327648	0.699585	3043	
0.777948	0.105949	4443	
-0.036470	-0.836080	1241	
-0.608885	0.542807	3680	
0.818142	0.155740	1431	
-0.334893	-0.785295	4073	
0.127469	0.867581	4337	
0.884312	-0.062868	3880	
-0.724179	-0.541159	1635	
-0.004128	0.932585	498	
0.667908	-0.672298	2047	
-0.683990	0.677749	2345	
0.068961	0.406073	651	
0.091769	0.505844	4694	
0.213114	0.092228	351	
0.180350	0.152208	2392	
0.156377	-0.582670	4172	
0.047191	0.700918	3996	
0.480960	-0.396937	664	
0.520256	-0.364487	395	
-0.455750	-0.446316	4722	
-0.168942	0.656434	679	
-0.140461	0.702080	1215	
0.493750	-0.461680	2399	
-0.645687	-0.252109	2544	
-0.647429	0.293316	4242	
0.648534	-0.304586	3644	
0.482849	-0.555342	814	
-0.735826	-0.160326	3663	
0.321304	0.699118	2730	
0.711077	-0.323649	4414	
-0.403691	-0.691531	2962	
-0.553140	0.598198	2951	
0.811596	0.186665	733	
-0.141162	-0.855788	4082	
-0.185362	0.854708	3008	
0.851555	0.250379	360	
-0.008153	-0.919944	1297	
-0.607875	0.702924	4306	
0.927689	-0.202665	2648	
0.167930	0.142707	4406	
0.093688	0.359243	4298	
0.108374	-0.515717	1187	
0.131966	0.530834	3950	
0.118830	0.467594	1430	
0.542470	0.291078	3321	
0.178176	0.154612	2392	
0.052026	0.694573	620	
0.622907	-0.125748	1775	
0.538068	0.341945	2181	
0.502456	-0.403844	664	
0.025665	-0.744573	4122	
-0.585165	-0.336692	1690	
-0.208294	0.675922	2682	
-0.051394	0.771240	1025	
0.267622	-0.673261	3541	
-0.704438	-0.188415	3662	
-0.624503	0.410701	4329	
0.500114	0.574100	835	
0.685817	-0.373105	735	
-0.391501	-0.698913	3788	
-0.646967	0.496849	1378	
0.662525	0.506321	4271	
0.301404	-0.802828	4823	
-0.817727	0.289215	4805	
0.503408	0.734132	3976	
0.827446	-0.393649	4093	
-0.933016	0.018126	3655	
0.896140	0.317241	1567	
-0.455452	-0.860704	2646	
0.215677	-0.033581	2468	
0.167425	0.172984	1158	
0.206212	0.543838	3849	
0.254554	0.000518	3759	
0.137776	-0.414545	813	
0.202618	-0.524099	4221	
0.137539	-0.438405	2491	
0.227503	0.114202	2932	
0.102835	-0.464663	399	
0.042033	0.698671	3996	
-0.232132	0.576597	4294	
-0.407794	0.482668	4493	
-0.117655	0.694418	1848	
-0.426085	0.511554	1385	
0.535729	0.420480	794	
0.664158	0.238238	3117	
-0.309903	-0.644094	2162	
-0.621103	0.372527	4724	
-0.427292	0.609938	1879	
0.513142	0.562167	2134	
0.733470	-0.270105	3083	
0.084452	-0.829788	4212	
-0.794135	-0.212675	893	
-0.337978	0.775401	4466	
0.724542	-0.451800	3558	
-0.265826	-0.844053	3707	
-0.321674	0.837261	616	
0.816433	0.424947	1505	
-0.302004	-0.893046	4888	
0.207762	-0.070338	714	
0.232328	-0.029531	3026	
0.130425	0.524427	3950	
0.145242	-0.319929	4104	
0.598028	0.129415	1895	
0.180263	0.476533	4740	
0.170629	0.367091	1585	
0.166895	0.413825	1603	
0.398409	0.432659	3230	
0.140175	-0.332186	2338	
0.106699	-0.317834	1772	
0.042277	0.700021	3996	
0.641771	0.060256	1743	
0.648734	-0.087361	1703	
0.653755	0.146460	2669	
0.624538	-0.273956	3813	
0.550367	-0.428985	2445	
-0.373791	-0.602889	1194	
-0.616183	0.380070	4329	
-0.611413	0.428565	3767	
0.251181	0.736562	4419	
0.761785	0.186870	530	
0.517122	-0.612872	3103	
-0.184028	-0.822888	4232	
-0.814227	0.225055	4822	
0.818921	0.251119	3303	
0.730258	-0.497280	4420	
-0.895532	0.069417	565	
-0.196351	0.909161	396	
0.901527	-0.296463	2615	
-0.965445	-0.055047	3877	
0.218207	-0.000962	2144	
0.221789	-0.079763	714	
0.120311	0.458328	1280	
0.165125	-0.508562	2791	
0.208212	0.498312	433	
0.219383	0.221274	1825	
0.274995	-0.110212	1724	
0.223476	-0.247410	3515	
0.232052	-0.221176	4660	
0.279525	0.062424	1200	
0.171311	0.468441	4740	
0.218799	-0.140506	3786	
0.215611	-0.005940	2488	
-0.487462	0.394045	3396	
-0.161683	-0.646229	4144	
0.516393	-0.411440	1800	
0.442445	-0.508073	475	
0.416676	-0.555225	647	
-0.319967	-0.637653	2162	
-0.719234	0.110088	3064	
-0.729969	-0.182640	3662	
-0.363117	0.677521	3603	
-0.119015	0.813234	369	
0.796268	0.130564	3090	
0.584110	-0.585301	3226	
-0.495924	-0.688263	2373	
-0.098109	0.873139	3490	
0.762781	0.453640	4991	
0.761461	-0.507710	4703	
-0.926349	-0.114296	4802	
0.630048	0.715754	2284	
0.218748	-0.001736	2144	
0.222676	-0.077666	714	
0.121774	0.399963	3102	
0.253125	-0.510651	1070	
0.172389	0.417759	1603	
0.290003	-0.037324	2450	
0.205330	-0.331777	2108	
0.264861	-0.451217	1148	
0.348757	-0.428448	1791	
0.330262	-0.438759	2834	
0.204600	-0.417176	1411	
0.280571	-0.066615	3773	
0.467502	0.372827	4384	
0.107822	-0.522806	740	
0.634747	-0.045218	1073	
-0.647316	-0.041661	1686	
0.248554	-0.617482	1302	
0.475968	-0.477968	3837	
0.675330	-0.196689	2178	
0.064431	-0.771440	520	
0.289602	-0.686535	3904	
-0.294417	-0.701779	479	
-0.560206	-0.531924	2826	
-0.745765	0.270248	3156	
0.114044	0.829612	3331	
0.692539	0.462539	1228	
0.605006	-0.600272	3226	
-0.357459	-0.804305	2414	
-0.467182	0.762575	4103	
0.500177	0.775197	606	
0.619165	-0.716336	2285	
-0.895949	0.356242	1964	
0.949911	0.270220	2063	
0.215361	0.038351	1124	
0.231500	-0.040761	3026	
0.122024	0.404728	3102	
0.310101	-0.487160	3031	
0.174636	0.374260	1551	
0.257330	-0.173333	1807	
0.240198	-0.440415	3052	
0.478082	-0.316933	3222	
0.585914	-0.035482	1708	
0.580211	0.081663	1475	
0.580747	0.084089	1925	
0.529144	-0.248530	3221	
0.205132	-0.425791	1684	
0.194426	0.262071	1258	
0.121061	0.350802	3611	
0.379946	-0.484941	3829	
-0.630614	0.145018	3273	
0.475344	-0.454848	2399	
0.679785	-0.083903	2171	
0.315139	0.632738	4763	
0.669634	-0.256199	2146	
0.684826	0.284230	2269	
0.593634	-0.466557	3895	
0.290500	-0.730137	352	
0.169258	-0.806947	3931	
-0.409282	-0.716999	2962	
-0.835960	0.123027	3220	
0.681990	0.519065	4291	
0.885878	0.008130	3034	
0.175711	-0.899815	408	
-0.916124	0.170091	2165	
0.841170	0.442716	1783	
0.202151	0.085544	854	
0.232838	0.029929	3416	
0.121975	0.447742	1570	
0.279338	-0.500298	1386	
0.175210	0.376890	1551	
0.249730	-0.195013	2148	
0.276682	-0.445096	3503	
0.561189	-0.159074	356	
0.547849	0.180809	4588	
0.471675	0.304833	2601	
0.422403	0.351964	4112	
0.420654	0.357254	4062	
0.526250	0.240068	3728	
0.457140	-0.349811	2771	
0.284510	-0.007737	1395	
0.249082	0.030872	3613	
0.261471	-0.556298	4010	
-0.467776	-0.432512	5008	
0.639910	0.193758	3568	
0.252637	0.644683	3885	
-0.603752	0.370142	2506	
-0.085884	0.772962	3048	
-0.197494	0.743896	4299	
0.073336	0.805071	4282	
0.021236	0.828476	4287	
0.754252	0.286002	2486	
0.747705	-0.355743	2404	
0.164973	-0.849943	3604	
-0.837330	-0.239693	3517	
-0.394337	0.803590	4418	
0.594390	0.704116	1857	
0.605472	-0.727529	1876	
-0.930417	0.254045	2614	
0.871674	0.466397	3049	
0.117720	0.205074	4640	
0.192682	0.141526	851	
0.133141	0.523791	2881	
0.197811	-0.517553	4221	
0.175177	0.408129	1340	
0.258279	-0.176220	1807	
0.278769	-0.443157	3503	
0.569663	-0.125055	1533	
0.525989	0.221509	3574	
0.416369	0.343530	4112	
0.364303	0.369017	1481	
0.336828	0.374846	1350	
0.330031	0.385558	1310	
0.378083	0.386640	2461	
0.584703	-0.091980	700	
0.252048	-0.158986	1807	
0.227100	0.110593	2411	
0.634760	0.045962	1106	
0.542210	-0.352462	395	
-0.585606	0.329856	2541	
-0.656143	0.214205	2212	
-0.419761	-0.569440	1504	
-0.657706	-0.310222	3566	
-0.262653	-0.719001	4496	
-0.383952	-0.673685	1450	
-0.732486	-0.308395	4494	
-0.794879	-0.205096	1005	
-0.776789	0.327960	3945	
0.739884	0.431381	3452	
0.885621	-0.002572	3118	
0.302943	-0.862202	4141	
-0.931986	-0.031616	4625	
0.546384	0.781466	1729	
0.072061	0.408252	651	
0.116313	0.262872	1376	
0.239223	0.532031	847	
0.149878	-0.461740	1502	
0.184226	0.459199	2723	
0.279503	-0.116717	1719	
0.258428	-0.438795	1204	
0.560900	-0.152530	356	
0.530491	0.208980	3966	
0.418432	0.337332	4112	
0.367031	0.353582	1268	
0.339318	0.346148	984	
0.321166	0.343635	930	
0.305200	0.357558	930	
0.323235	0.399114	1983	
0.586001	0.077469	1475	
0.268027	-0.111306	1724	
0.133827	0.545096	1275	
-0.141003	-0.641515	3625	
0.054900	0.729977	4486	
-0.145493	-0.702398	4153	
0.695307	0.117266	3185	
0.695465	-0.177634	2469	
0.456372	0.581097	1541	
0.728465	0.215345	3162	
0.629244	0.467317	3109	
0.783801	0.190321	391	
0.756712	-0.336273	2814	
0.269608	-0.814967	4912	
-0.683404	-0.542673	4710	
-0.552519	0.702598	4348	
0.185604	0.909264	3553	
0.920169	-0.230935	2648	
-0.892192	-0.375607	1962	
0.079128	0.604876	797	
0.095137	0.525786	703	
0.553015	0.269812	3321	
0.150913	-0.324670	3681	
0.254086	0.493476	1722	
0.296383	-0.002575	1395	
0.232121	-0.416509	2694	
0.526576	-0.234388	3387	
0.546241	0.167761	4588	
0.441850	0.312546	2843	
0.384893	0.339845	2423	
0.365548	0.327009	1627	
0.349577	0.315862	1627	
0.323071	0.315826	1021	
0.305695	0.325824	1021	
0.301185	0.393646	542	
0.592745	0.012388	699	
0.255515	0.132279	1294	
0.089428	0.466760	1339	
0.102272	0.685513	2059	
0.570274	-0.337977	2500	
0.170166	0.696438	4569	
-0.703167	-0.116714	2383	
-0.652106	0.315896	1409	
-0.454361	-0.597090	2713	
-0.396786	-0.665395	1918	
-0.700526	-0.374813	4782	
-0.670001	-0.475093	1285	
-0.844116	0.037266	3897	
0.456892	0.726963	3878	
0.750311	0.473367	4991	
0.896165	-0.190626	2217	
-0.679810	-0.642225	860	
-0.418856	0.863135	2794	
0.363190	-0.483810	3829	
0.228860	0.548509	2945	
0.228994	-0.539598	2348	
0.258318	-0.011298	2734	
0.557130	0.236053	2918	
0.239268	0.199622	1633	
0.218066	-0.348472	1371	
0.452518	-0.337020	1947	
0.571826	0.073015	1475	
0.473663	0.276717	2610	
0.415844	0.317825	3506	
0.391465	0.313846	2803	
0.375402	0.304124	1912	
0.354194	0.295141	550	
0.335268	0.284810	588	
0.305179	0.302648	390	
0.296222	0.395828	542	
0.540057	-0.233210	3757	
0.402228	0.431494	3230	
0.051573	0.692946	620	
0.597720	-0.256553	2892	
-0.649395	-0.190924	2456	
0.222725	-0.678118	1901	
0.667194	-0.261395	2146	
0.429633	0.601636	840	
0.594442	0.471635	3109	
0.109410	0.814173	2325	
0.649890	0.476601	3268	
0.779896	0.287604	2486	
0.767183	-0.373341	2872	
0.606135	-0.640439	4313	
-0.891452	-0.107934	4713	
-0.755172	0.540756	458	
0.833384	0.456465	1783	
0.067046	-0.539633	3132	
0.410832	-0.445195	3821	
0.141048	-0.228414	3039	
0.138154	0.314470	413	
0.272009	-0.501008	1386	
0.179288	0.410675	1340	
0.255410	-0.197543	2148	
0.349912	-0.412580	1877	
0.575640	-0.050038	1493	
0.510589	0.224695	3574	
0.447358	0.291248	2083	
0.424499	0.289290	1910	
0.409586	0.285491	1910	
0.392269	0.277633	1624	
0.358551	0.273806	1841	
0.335863	0.263721	3747	
0.302450	0.293271	390	
0.316372	0.409421	1983	
0.203029	-0.435105	3468	
0.118191	0.376012	4132	
0.644396	-0.003451	1851	
-0.266593	-0.598633	2084	
0.248215	0.646555	3885	
-0.661207	-0.263111	2544	
-0.724890	0.058258	3068	
-0.055508	-0.800540	4592	
0.075246	-0.812907	4212	
0.405655	-0.692549	3098	
0.388896	-0.731858	2724	
-0.369650	-0.766305	4865	
-0.686097	0.524068	2434	
-0.416837	0.791269	3259	
0.447924	0.805990	476	
0.871372	-0.372511	2359	
-0.903897	-0.344524	2553	
0.201923	-0.027343	2929	
0.156016	-0.166423	1263	
0.160418	0.191207	4584	
0.540365	0.291247	3321	
0.162128	-0.283446	492	
0.325976	0.468083	1838	
0.293038	0.056196	1804	
0.231397	-0.400580	1564	
0.531959	-0.213730	2935	
0.548310	0.143750	4806	
0.479688	0.255617	2396	
0.454730	0.261359	1951	
0.443696	0.248068	1746	
0.425066	0.249810	4210	
0.394086	0.257635	2465	
0.361141	0.256194	3747	
0.336331	0.241700	3747	
0.288922	0.310669	1043	
0.473159	0.321495	3854	
0.183846	0.280302	1611	
0.044414	0.695413	3996	
0.446098	-0.457796	546	
-0.504282	-0.441793	1558	
0.679285	0.186274	894	
0.684497	0.216565	2808	
-0.269625	0.705686	4107	
-0.540220	0.540806	2924	
-0.750309	0.253481	3156	
-0.738605	0.345812	2671	
-0.784293	0.308467	3945	
0.583281	0.627358	1777	
0.764534	0.449029	4991	
0.908982	-0.114851	1078	
-0.558306	-0.750858	629	
-0.674832	0.683470	2345	
0.082024	0.214201	4594	
0.077990	0.362598	800	
0.624476	0.044767	915	
0.116522	-0.303943	1595	
0.165719	0.245191	1165	
0.392806	-0.434329	3530	
0.188755	0.340379	1957	
0.234886	-0.267328	3054	
0.388538	-0.387469	2248	
0.571337	0.026403	1129	
0.510667	0.210913	3574	
0.480818	0.230880	2875	
0.472496	0.215986	2390	
0.462431	0.210528	2390	
0.434089	0.229567	1621	
0.394608	0.239031	2465	
0.355408	0.229372	4235	
0.321469	0.234493	3458	
0.276670	0.379575	537	
0.257643	-0.468167	1148	
0.118005	0.376647	4132	
0.427106	0.461866	2695	
0.661227	0.099393	2613	
-0.545789	0.412538	3350	
-0.140880	-0.740778	3626	
0.734018	0.104712	3809	
0.746656	-0.131369	3667	
0.612831	0.486867	2704	
0.664375	0.456007	4201	
0.761260	0.333071	2502	
0.829926	-0.202342	4974	
0.774442	-0.423658	3838	
-0.393273	-0.815505	2703	
-0.931151	0.024197	3655	
0.414628	0.859002	2268	
0.724342	-0.659167	3630	
-0.000554	0.700066	3802	
0.158384	0.130512	3003	
0.143127	0.177792	1327	
0.097287	0.429456	2150	
0.529281	-0.308215	3408	
0.192013	-0.215243	2296	
0.354179	0.452616	1914	
0.296745	0.040726	2289	
0.272715	-0.422534	3571	
0.544337	-0.177786	356	
0.542555	0.141462	4806	
0.502020	0.204063	3966	
0.494945	0.180763	3834	
0.489455	0.165306	2877	
0.467106	0.180212	2877	
0.429820	0.216701	1621	
0.383805	0.221035	1407	
0.351376	0.202340	4383	
0.297051	0.269215	3009	
0.443264	0.352823	4639	
0.164698	0.472013	3817	
0.636498	-0.005028	1851	
0.141634	0.670018	4198	
0.676126	-0.100819	2171	
-0.692009	0.163586	3249	
-0.696418	0.204479	3001	
-0.033286	-0.803391	4061	
0.326377	-0.710308	386	
0.609443	-0.519568	2883	
0.666371	-0.489455	2424	
0.152150	-0.852471	3309	
-0.616800	-0.616456	1862	
-0.756178	0.477134	1738	
-0.444105	0.812721	686	
0.886999	0.339882	1567	
-0.089361	-0.971074	1254	
0.214553	-0.054507	2388	
0.217296	0.099227	351	
0.133028	0.496166	418	
0.242464	-0.507574	1291	
0.192443	0.332295	2313	
0.230829	-0.298620	3435	
0.454940	-0.324654	1947	
0.566464	0.037062	1017	
0.527606	0.151742	4482	
0.510569	0.148637	3320	
0.508705	0.119229	3766	
0.492149	0.125061	3320	
0.466770	0.162967	2389	
0.411298	0.214798	988	
0.371789	0.194191	2972	
0.329908	0.200793	4557	
0.273166	0.385949	537	
0.189997	-0.339040	4596	
0.361955	-0.482351	3829	
-0.263171	-0.578619	2138	
-0.621627	-0.264000	2187	
0.662787	0.236187	3117	
0.502752	0.507084	3214	
-0.613428	0.421312	3767	
-0.766534	-0.077993	3687	
-0.694979	-0.383132	4782	
-0.345421	-0.751673	3528	
-0.654452	-0.535766	4732	
-0.506248	0.697047	3124	
-0.218622	0.871498	595	
0.410349	0.825750	469	
0.920650	-0.225662	2648	
0.137580	-0.162860	1878	
0.092138	-0.534785	353	
0.111269	-0.399712	3539	
0.253770	-0.072523	660	
0.353689	0.452033	1914	
0.298736	-0.059264	2565	
0.308320	-0.419483	1545	
0.563681	-0.084942	639	
0.545348	0.111275	4056	
0.528272	0.107544	4056	
0.520224	0.078002	4174	
0.511486	0.043912	4115	
0.488428	0.104605	3563	
0.441956	0.182006	1097	
0.387773	0.196919	4787	
0.353645	0.166934	2527	
0.290312	0.276371	4726	
0.543249	-0.231208	3757	
0.224116	0.114971	2932	
0.361225	0.511018	405	
0.485435	0.447898	4693	
-0.678960	-0.130518	2043	
0.504770	-0.499294	2476	
0.257511	0.709146	3860	
-0.235677	0.745118	4853	
-0.709576	0.349380	2671	
-0.690764	0.430145	2386	
-0.822987	0.182991	4413	
0.386042	0.768126	3535	
0.565255	0.683767	925	
0.857353	0.327388	4339	
0.468954	-0.819744	1233	
-0.962620	0.053928	4211	
0.530979	0.835835	2336	
0.068839	-0.530497	3763	
0.101320	0.535164	818	
0.194734	0.540487	3849	
0.380531	-0.441323	2748	
0.234473	0.225026	2905	
0.243877	-0.391117	2319	
0.518929	-0.224863	3387	
0.558756	0.054522	1017	
0.536273	0.092290	1939	
0.527077	0.039338	350	
0.510295	0.040282	4115	
0.496765	0.063478	4310	
0.465452	0.140972	2827	
0.404193	0.191855	1638	
0.367083	0.154771	3406	
0.320358	0.205531	4311	
0.391827	0.393235	3056	
0.320253	0.482273	2844	
-0.321408	0.525822	1696	
-0.446586	-0.471343	4841	
-0.279719	0.630666	2675	
-0.179180	-0.720148	2027	
0.722922	0.163142	385	
0.751544	0.102884	3809	
-0.006417	0.828199	3918	
0.323426	0.745659	563	
0.087833	0.854725	4332	
0.777559	0.355857	2502	
0.841031	0.277203	4124	
0.868620	-0.286705	4628	
-0.531933	-0.769201	1357	
0.220739	-0.015771	1253	
0.112581	-0.435623	1609	
0.174779	-0.258328	3231	
0.194464	0.448538	2241	
0.244059	-0.257968	3054	
0.434623	-0.340222	1947	
0.562730	-0.006338	1239	
0.544440	0.048933	371	
0.530335	0.005881	490	
0.511928	0.006299	3938	
0.499425	0.010080	3938	
0.471249	0.120452	2350	
0.419413	0.173340	3668	
0.380716	0.148324	4387	
0.341176	0.153891	3362	
0.278304	0.412317	948	
0.274839	0.063515	1200	
0.052027	0.694642	620	
0.113543	0.692440	4013	
0.625226	0.274015	3112	
-0.628736	-0.330411	2605	
-0.360870	-0.632335	1849	
0.539338	-0.523691	3328	
0.747811	0.228105	3299	
0.655276	0.468463	3268	
0.717103	0.418815	3452	
0.854279	-0.022292	3118	
0.872074	-0.142641	855	
0.390985	-0.822556	1223	
-0.801401	-0.478166	2501	
-0.280760	0.915597	3544	
0.983148	0.027392	4750	
0.068480	-0.508163	4828	
0.136324	0.232960	3210	
0.164690	0.251120	1165	
0.429931	0.397910	3444	
0.288439	-0.124571	2246	
0.358363	-0.394490	1877	
0.556300	-0.093327	382	
0.549517	0.017248	490	
0.530879	-0.022058	3671	
0.510666	-0.033326	4035	
0.489827	-0.042485	3621	
0.482664	0.068665	2751	
0.433043	0.152376	2571	
0.390937	0.140542	4808	
0.359974	0.121363	2902	
0.263639	0.345237	2172	
0.195912	-0.292843	917	
0.051115	0.692115	620	
0.599849	0.253839	1956	
0.355555	-0.569870	632	
-0.683439	0.193969	2662	
-0.724003	0.061859	3068	
0.276044	-0.712628	4697	
0.603446	-0.486894	4155	
0.798659	0.102639	4443	
0.827349	-0.045477	2495	
0.774700	-0.355783	2814	
0.767083	-0.435617	3838	
-0.286180	-0.861259	3715	
-0.913262	-0.184717	2280	
0.094873	0.952499	1255	
0.547628	-0.288404	3408	
0.151635	0.528639	2300	
0.602225	-0.085999	700	
0.298463	0.058644	1804	
0.294605	-0.411139	2769	
0.539814	-0.159550	356	
0.552310	-0.013104	1239	
0.530078	-0.041437	3671	
0.501804	-0.084199	3770	
0.484716	-0.057569	3621	
0.484042	0.026526	3263	
0.442522	0.143603	2571	
0.394772	0.141261	4808	
0.366179	0.099560	4463	
0.271888	0.298559	1136	
0.231904	-0.468222	903	
0.587597	0.210480	1967	
0.208680	-0.616000	4227	
-0.075577	-0.741178	2343	
-0.443587	0.545543	2223	
-0.635036	0.346374	2931	
-0.006692	-0.804846	2266	
0.449822	-0.631331	1790	
0.747653	-0.292000	2393	
0.804909	-0.195069	4953	
0.618431	-0.583880	881	
0.589287	-0.654623	2317	
-0.829322	-0.343990	4272	
-0.926843	0.079681	732	
0.357909	0.883679	1501	
0.093278	-0.534325	858	
0.619654	-0.036481	1708	
0.396083	-0.428979	3530	
0.255951	0.185110	1968	
0.261474	-0.399415	2319	
0.517505	-0.215133	2935	
0.549411	-0.054691	2693	
0.526541	-0.070521	3675	
0.487642	-0.123889	4102	
0.478006	-0.072447	3180	
0.478854	0.021517	2735	
0.441034	0.128100	4525	
0.398695	0.128685	4808	
0.371258	0.075763	4146	
0.291091	0.249321	2603	
0.324606	-0.452521	3518	
0.229101	-0.015766	748	
-0.249946	-0.585486	1238	
-0.375575	-0.552061	3139	
-0.122344	0.745662	2464	
-0.531793	0.485678	2822	
-0.265983	-0.716195	4426	
0.177295	-0.780780	4317	
0.695805	-0.397986	1837	
0.778785	-0.280414	3115	
0.519436	-0.672929	613	
0.268119	-0.842900	4407	
-0.877575	-0.184241	3533	
-0.897745	0.239898	1133	
0.579024	0.753796	2127	
0.751781	-0.626092	1892	
0.059320	0.532520	3764	
0.089688	-0.387252	4423	
0.457471	-0.395093	1680	
0.294265	-0.486760	2380	
0.237327	0.226116	2905	
0.253071	-0.385766	2936	
0.499598	-0.246189	3387	
0.543624	-0.089724	382	
0.520376	-0.099055	366	
0.476983	-0.143258	3943	
0.469947	-0.083714	2537	
0.465365	0.011862	2279	
0.438538	0.116063	2667	
0.403902	0.113705	4001	
0.375558	0.061680	4146	
0.301238	0.224014	3436	
0.378826	-0.422748	2748	
0.102488	-0.343903	1030	
-0.430400	-0.465057	2982	
-0.451384	-0.492311	4357	
0.048621	0.769667	774	
-0.501520	0.516027	2019	
-0.332761	-0.678207	4597	
0.160970	-0.787157	4058	
0.678125	-0.426774	2055	
0.772751	-0.296308	3115	
0.490288	-0.694518	3559	
0.135470	-0.879688	387	
-0.884809	-0.142646	4469	
-0.887931	0.272880	1133	
0.585590	0.748449	2127	
0.090931	-0.502554	4921	
0.594440	-0.170275	512	
0.334434	-0.467521	3518	
0.240560	0.220773	2618	
0.252769	-0.380572	2936	
0.483681	-0.268726	2721	
0.536059	-0.119753	366	
0.511075	-0.126820	1735	
0.470671	-0.151545	771	
0.462310	-0.088003	2537	
0.467187	0.044219	2321	
0.436162	0.101297	2667	
0.402578	0.092048	4815	
0.375193	0.040207	3525	
0.298266	0.225241	3436	
0.352930	-0.438740	2834	
0.223559	-0.055034	2388	
-0.228258	-0.598141	1238	
-0.342289	-0.574594	1194	
-0.172533	0.719145	3405	
-0.564145	0.448763	3795	
-0.225987	-0.736939	3840	
0.228045	-0.758664	4261	
0.718906	-0.355064	2930	
0.795082	-0.230739	4188	
0.554115	-0.644369	592	
0.309837	-0.826616	2341	
-0.865731	-0.233540	3812	
-0.910244	0.187285	4638	
0.538775	0.783072	1689	
0.781783	-0.588175	3120	
0.284953	-0.523859	2352	
0.201143	0.536472	3849	
0.531371	-0.279380	3408	
0.274984	0.147617	1049	
0.264482	-0.387850	2936	
0.478730	-0.270915	2721	
0.527298	-0.144954	354	
0.498939	-0.153913	3943	
0.469715	-0.150592	2446	
0.455561	-0.083044	2537	
0.456042	0.033953	2321	
0.433280	0.093074	1675	
0.402611	0.066663	2022	
0.374047	0.027374	2984	
0.282381	0.254687	2603	
0.261103	-0.471985	1344	
0.118532	0.586540	1579	
0.260740	-0.584263	2301	
0.060642	-0.746767	4117	
-0.509769	0.485069	2822	
-0.678804	0.253481	1930	
0.138389	-0.777900	1295	
0.527698	-0.566767	3020	
0.777588	-0.200435	3053	
0.822982	-0.094275	4087	
0.679697	-0.511430	2903	
0.658777	-0.584623	3040	
-0.794842	-0.416918	2194	
-0.929987	-0.024978	4625	
0.254039	0.919886	1156	
0.069004	-0.397364	3315	
0.105407	0.346339	3611	
0.140039	0.340208	4266	
0.583389	0.160848	4661	
0.307489	0.019726	2036	
0.282451	-0.395350	4042	
0.476073	-0.270223	2721	
0.511254	-0.175312	951	
0.481633	-0.183163	527	
0.461795	-0.154793	2446	
0.449818	-0.068873	2141	
0.447375	0.028165	1808	
0.429034	0.066535	1168	
0.401880	0.033520	3365	
0.372290	0.018827	2984	
0.268439	0.289236	4258	
0.184718	-0.350356	466	
0.039925	0.693426	3816	
0.528546	0.372525	1071	
0.455123	-0.493291	475	
-0.709902	0.045292	1806	
-0.721147	-0.088982	3491	
0.405403	-0.634265	1472	
0.685794	-0.364170	735	
0.763509	0.254843	3299	
0.822106	0.102772	675	
0.824704	-0.216828	4953	
0.832240	-0.293194	4897	
-0.127604	-0.903543	467	
-0.872180	-0.327688	3577	
-0.067488	0.954946	3463	
0.160037	0.161822	644	
0.122477	-0.310530	1595	
0.243387	-0.119425	711	
0.284155	0.475412	1924	
0.300344	-0.098606	2184	
0.303762	-0.395411	2769	
0.480799	-0.257507	2721	
0.494697	-0.200314	527	
0.461984	-0.206050	3028	
0.449959	-0.159104	2446	
0.446893	-0.044721	2170	
0.439651	0.018023	890	
0.421934	0.048299	1673	
0.394715	-0.002046	506	
0.361879	0.018048	3742	
0.250688	0.367728	4305	
0.278453	-0.043205	1333	
0.051797	0.697195	620	
-0.077313	0.719494	4721	
0.522325	0.432289	794	
-0.507565	-0.491680	637	
-0.182421	-0.735370	4138	
0.656375	-0.370086	753	
0.666162	0.407163	3847	
0.526398	0.609033	2684	
0.593952	0.579540	427	
0.836062	0.176452	2790	
0.881710	0.059219	728	
0.564427	-0.713180	4274	
-0.680769	-0.638199	860	
-0.470048	0.833301	2016	
0.957769	0.223458	3830	
0.340699	0.491741	2844	
0.547639	0.275885	3321	
0.180219	-0.487125	4233	
0.196969	0.388874	2277	
0.262294	-0.243005	3281	
0.339629	-0.383763	1826	
0.469273	-0.270295	2721	
0.477903	-0.224290	3155	
0.447206	-0.216578	3336	
0.440344	-0.158548	2025	
0.436506	-0.075830	1596	
0.432890	0.012747	890	
0.413509	-0.001187	626	
0.384132	-0.031724	1188	
0.354040	0.048365	3347	
0.284719	0.429110	844	
0.196226	0.514293	671	
-0.441566	0.438608	2983	
-0.295536	-0.578808	622	
-0.438681	0.519963	1385	
0.138966	-0.742357	1691	
0.625237	0.393679	2966	
0.678670	0.335855	4027	
-0.312444	0.730793	3581	
0.035957	0.840389	4765	
-0.245190	0.810378	4391	
0.640466	0.565807	617	
0.728322	0.503164	2245	
0.914480	-0.026012	3201	
-0.315144	-0.882013	4888	
0.141147	0.157872	2768	
0.098248	-0.295670	2665	
0.165160	-0.202766	1126	
0.197840	0.200945	561	
0.603519	-0.066017	933	
0.246259	0.219306	2618	
0.251710	-0.305457	3439	
0.366568	-0.368187	1819	
0.460408	-0.270204	4307	
0.453832	-0.242062	2096	
0.430021	-0.223856	3012	
0.428837	-0.157680	766	
0.432096	-0.059154	1596	
0.423325	-0.005394	626	
0.402592	-0.034299	898	
0.372911	-0.057347	367	
0.333189	0.118586	3523	
0.586048	0.106619	3722	
0.246671	-0.037687	3579	
0.202728	0.605152	1247	
0.299415	0.589275	1670	
-0.562993	-0.392879	1665	
0.659486	-0.273895	3644	
-0.118545	0.776295	4333	
-0.490816	0.583276	2459	
-0.789815	0.058360	3665	
-0.800474	0.152035	2585	
-0.833826	-0.125589	2796	
0.085000	0.872191	4332	
0.302271	0.838342	944	
0.702394	0.590436	2722	
0.694381	-0.639603	2633	
-0.931273	-0.249774	2062	
0.060818	0.350481	2641	
0.101947	0.241913	1055	
0.105627	0.361226	4298	
0.485629	0.362637	4324	
0.159275	-0.358035	2408	
0.271964	0.475507	1780	
0.311783	0.004691	2433	
0.264363	-0.358027	2970	
0.384226	-0.351613	1232	
0.443246	-0.280436	4307	
0.439456	-0.247982	3691	
0.418453	-0.217646	3012	
0.421375	-0.141377	766	
0.422488	-0.060960	1596	
0.411341	-0.053770	989	
0.390215	-0.076069	1193	
0.362158	-0.045187	430	
0.273767	0.261369	3110	
0.200033	-0.452484	3459	
0.109178	0.584598	1248	
-0.130239	-0.667394	2871	
-0.422151	-0.516262	3247	
0.492192	0.494684	567	
0.249011	0.686832	4446	
-0.736397	0.123370	3698	
-0.651946	-0.407213	3619	
-0.465939	-0.641479	2753	
0.089513	-0.845373	4981	
-0.388246	-0.754078	4682	
-0.736946	0.446146	3360	
-0.540939	0.708578	3124	
0.049707	0.927115	691	
0.937689	0.139456	2986	
-0.514277	-0.820569	1197	
0.093574	0.178905	2504	
0.059852	0.388024	2760	
0.078110	0.478897	4405	
0.612057	0.123575	1895	
0.118670	-0.464333	393	
0.212803	0.177169	1284	
0.502143	-0.320561	447	
0.200879	0.366433	1922	
0.283503	-0.186862	2947	
0.281432	-0.372462	4039	
0.397802	-0.335290	1933	
0.428373	-0.289701	1033	
0.417897	-0.260093	3954	
0.405750	-0.219811	3012	
0.411910	-0.154748	706	
0.408798	-0.115811	1329	
0.396201	-0.095813	1083	
0.371856	-0.097716	4256	
0.350281	0.027634	3407	
0.265428	0.422798	2270	
0.165960	0.322118	1172	
0.585250	0.240457	1956	
-0.149549	0.665376	411	
0.621893	0.278107	3112	
-0.671580	-0.231835	3114	
-0.703697	-0.178933	3662	
0.401229	-0.637059	1472	
0.621102	-0.463555	3895	
0.787014	-0.157954	4616	
0.819338	-0.118803	4044	
0.533125	-0.660831	613	
-0.273992	-0.834471	3707	
-0.887147	0.114075	947	
-0.745541	0.548638	579	
0.666604	0.676651	1991	
0.332596	-0.915471	2431	
0.192688	0.053977	2991	
0.313129	-0.512761	3031	
0.090881	-0.417811	4515	
0.217252	0.106820	2932	
0.179084	0.532229	2922	
0.162104	-0.347722	2408	
0.409860	0.408392	3444	
0.274262	0.167036	3030	
0.265979	-0.254253	3281	
0.312649	-0.371756	555	
0.386512	-0.337316	1232	
0.406859	-0.295506	1033	
0.400993	-0.262819	3923	
0.395858	-0.213976	4683	
0.396858	-0.164380	706	
0.394393	-0.127928	2261	
0.373850	-0.127310	2052	
0.356418	-0.087071	1006	
0.299368	0.193444	3638	
0.512092	-0.291122	2849	
0.151870	0.237080	3210	
0.199814	0.606806	1647	
0.485356	0.446028	4693	
-0.690085	0.018014	1171	
0.349253	-0.619533	1495	
0.538419	0.503758	4263	
0.690856	0.309770	4162	
0.255188	0.754597	4437	
0.337561	0.737073	1566	
0.489708	0.670388	3235	
0.816797	0.249909	3303	
0.882948	0.016269	3034	
0.108282	-0.906834	1440	
-0.833871	-0.414865	2561	
-0.056722	0.954996	3463	
0.943088	-0.264290	2021	
0.062292	0.359151	3015	
0.084247	0.330876	4632	
0.160241	0.566924	1355	
0.122511	-0.491891	1379	
0.199892	0.201869	561	
0.343235	-0.459344	3518	
0.214371	0.447395	2113	
0.314370	0.014612	2036	
0.264902	-0.304938	3439	
0.318549	-0.366260	555	
0.372249	-0.335690	368	
0.387458	-0.298763	609	
0.388268	-0.259854	3288	
0.386729	-0.218196	4663	
0.384814	-0.181750	1630	
0.375154	-0.153535	2577	
0.359584	-0.131031	4518	
0.349063	0.011884	4194	
0.253112	0.411507	2270	
0.275859	0.044080	1798	
0.046122	0.701048	3996	
0.637128	-0.135879	1682	
-0.178010	-0.678349	450	
0.404742	0.568469	1447	
0.402637	0.588843	739	
-0.625882	0.399813	4329	
-0.761058	0.099947	3129	
-0.751471	-0.250420	905	
-0.799442	-0.164376	734	
-0.819063	-0.199593	734	
0.130217	0.863645	4456	
0.401925	0.791670	4251	
0.828413	0.391148	372	
-0.068352	-0.938364	857	
0.201186	0.059629	2991	
0.138577	-0.202713	4753	
0.113144	0.309826	1459	
0.509346	0.332140	4362	
0.218950	-0.183163	1499	
0.605391	-0.028515	1708	
0.209691	0.339360	2313	
0.306937	-0.116647	2660	
0.270231	-0.316386	3401	
0.319233	-0.354927	4630	
0.355411	-0.334296	417	
0.368901	-0.299329	3866	
0.369479	-0.260051	3267	
0.373466	-0.223988	4663	
0.360765	-0.200912	1786	
0.353514	-0.169441	4540	
0.350663	-0.078567	2576	
0.278287	0.238135	3332	
0.416494	-0.397406	3042	
0.166668	0.211419	2708	
0.509799	0.377691	1337	
0.142715	-0.682114	1244	
-0.263318	0.638443	2675	
-0.318593	-0.637001	2162	
-0.574047	-0.439676	2273	
0.504211	-0.556446	3020	
0.557074	-0.536486	3926	
0.751387	-0.279709	3115	
0.756803	-0.332717	2814	
0.280137	-0.808470	4823	
-0.864070	0.006005	3822	
-0.799841	0.398237	3565	
-0.159903	0.913069	876	
0.930309	0.180360	2986	
-0.567977	-0.783007	3181	
0.129244	-0.178269	2513	
0.093983	-0.350535	2133	
0.208524	-0.136851	3178	
0.152662	0.511884	2082	
0.164450	-0.413089	1581	
0.443642	0.378405	2888	
0.246720	0.238035	3371	
0.302032	-0.143428	2688	
0.275291	-0.309818	3401	
0.313870	-0.342203	4788	
0.337716	-0.328260	586	
0.349045	-0.300502	3941	
0.352381	-0.263879	3205	
0.350042	-0.232508	2073	
0.346369	-0.194389	484	
0.343743	-0.128246	3749	
0.318089	0.133347	2851	
0.436585	0.370099	2888	
0.155093	0.447828	1535	
0.051026	0.692147	620	
0.651119	0.045186	1106	
-0.316263	-0.590175	532	
0.601550	-0.347653	3276	
0.652246	0.295419	3750	
-0.218354	0.730928	4299	
0.116797	0.790512	4192	
-0.517237	0.592605	1827	
0.143827	0.819214	3864	
0.375728	0.743928	2259	
0.822963	0.226560	2836	
0.876733	-0.099724	4248	
-0.624665	-0.644398	1862	
-0.928177	-0.038946	3182	
0.084304	-0.247431	4016	
0.092926	-0.487343	4079	
0.126734	-0.313449	2377	
0.151036	0.322955	485	
0.210057	-0.493874	439	
0.305286	0.461153	1490	
0.264360	0.201868	2697	
0.304376	-0.142475	3709	
0.281110	-0.292702	3258	
0.303799	-0.323577	3873	
0.320019	-0.317493	3873	
0.335543	-0.283449	3941	
0.336358	-0.252801	2830	
0.330395	-0.219377	4526	
0.338191	-0.143314	2620	
0.330162	0.083842	3791	
0.270723	0.439657	1377	
0.220564	-0.212688	4660	
0.134593	0.210132	4640	
-0.246119	0.582897	1390	
0.631198	0.213106	2049	
-0.415744	0.536958	605	
-0.349156	-0.617380	1849	
-0.658282	-0.303286	3566	
0.243824	-0.728848	3781	
0.334225	-0.703605	1004	
-0.193373	-0.791816	4215	
-0.103972	-0.841072	3634	
-0.622777	-0.569063	4455	
-0.252254	0.828998	2779	
0.214466	0.868368	750	
0.785197	0.471908	992	
-0.077499	-0.937153	857	
-0.869817	0.404048	1267	
0.073002	-0.382683	4850	
0.215208	-0.553427	2496	
0.119558	-0.397357	4260	
0.186877	0.230316	2080	
0.278351	-0.485889	1344	
0.278700	0.466076	1924	
0.264041	0.205754	2697	
0.312918	-0.117129	3378	
0.287011	-0.249812	2041	
0.294248	-0.292376	3258	
0.308516	-0.287854	3213	
0.316472	-0.264378	2830	
0.321570	-0.222733	4526	
0.333187	-0.134412	3749	
0.330352	0.077851	3791	
0.241590	0.397723	2990	
0.180630	-0.408267	1581	
0.136769	0.269894	1631	
-0.025358	-0.722737	517	
-0.360303	0.529702	2985	
0.455029	-0.492049	475	
0.298950	0.638620	4702	
0.524244	0.483182	2125	
-0.293613	0.689780	3640	
0.295100	0.707350	1718	
-0.006167	0.825950	3918	
0.356866	0.726211	1566	
0.742235	0.366863	3165	
0.783322	-0.331924	3896	
-0.033108	-0.888960	1111	
-0.888648	0.099502	565	
-0.559503	0.734734	4320	
0.822546	0.472686	2564	
0.076294	-0.541745	353	
0.562780	-0.258435	3366	
0.123140	-0.475921	393	
0.220623	0.171543	1284	
0.294804	-0.479589	2380	
0.289120	0.463285	1490	
0.250069	0.241073	3371	
0.324294	-0.038615	1080	
0.304477	-0.181530	3289	
0.301921	-0.230724	4018	
0.308144	-0.218886	4113	
0.320148	-0.176117	3855	
0.337707	-0.083263	3910	
0.314978	0.127344	2851	
0.257190	0.436749	1548	
0.197962	-0.460020	3772	
0.155489	-0.247067	3164	
0.257504	0.557529	1768	
0.614163	0.214966	2040	
-0.540578	-0.395545	1665	
-0.523778	-0.440371	1694	
0.345165	-0.621987	478	
-0.121843	-0.762298	2856	
0.528936	-0.533090	3005	
0.443685	-0.633297	1790	
-0.162136	-0.803156	4373	
-0.294540	-0.773570	2813	
-0.730233	-0.420919	2166	
0.111071	0.866945	4337	
0.571545	0.675630	834	
0.851885	-0.323762	4966	
-0.608202	-0.706510	2717	
-0.228495	0.927425	1155	
0.079966	-0.573908	4234	
0.623713	-0.035081	1559	
0.133003	-0.516237	1387	
0.225108	0.164410	1174	
0.265187	-0.488525	1436	
0.347915	0.441391	1914	
0.228240	0.305441	3636	
0.315862	0.078727	3659	
0.328226	-0.060506	3364	
0.328102	-0.084492	3910	
0.333874	-0.051139	1207	
0.330296	0.052664	3827	
0.259519	0.259881	4161	
0.337772	0.435034	1523	
0.177718	-0.383489	710	
0.136930	-0.306750	2377	
0.543206	-0.316810	2607	
0.093871	-0.699874	1928	
0.117446	0.708759	4013	
-0.468453	0.492272	1875	
-0.558051	-0.433605	1694	
-0.684825	0.234040	2621	
-0.728020	0.159114	3714	
-0.662005	0.381003	4417	
-0.694986	0.372658	3832	
0.144473	0.818823	3864	
0.698407	0.444114	1228	
0.793502	-0.306662	3790	
-0.310913	-0.817664	4187	
-0.877437	0.171458	4508	
-0.251438	0.889877	960	
0.946580	0.002696	877	
-0.799090	-0.540054	2524	
0.236837	0.960372	1181	
0.083431	-0.586835	483	
0.622125	-0.054188	933	
0.132233	-0.511108	1387	
0.202053	0.207284	1650	
0.211394	-0.489214	383	
0.485752	0.329488	3854	
0.219567	0.403349	1589	
0.250951	0.256864	3327	
0.290393	0.169908	3030	
0.285893	0.184994	3638	
0.258616	0.255438	3110	
0.239906	0.425558	1419	
0.600140	0.011523	699	
0.231796	-0.184714	1839	
0.229236	0.098373	2411	
0.595578	-0.215025	904	
-0.281190	-0.565488	2138	
0.559243	0.354754	2893	
0.285429	0.619704	3531	
-0.541214	0.448783	3836	
0.450611	0.551538	2155	
-0.094745	0.783596	3048	
0.663045	0.363970	3736	
0.776387	-0.045702	2938	
0.778368	-0.192807	4616	
0.521224	-0.637791	3103	
-0.517781	-0.666313	2373	
-0.152063	0.859002	3845	
0.469923	0.750884	526	
0.844389	-0.341039	4966	
-0.672143	-0.644956	860	
0.127310	0.945040	1152	
0.080912	-0.570073	3036	
0.586549	-0.204839	904	
0.123080	-0.457106	399	
0.161912	0.295761	921	
0.171679	-0.419786	1399	
0.588549	-0.125972	1793	
0.394918	0.411537	3056	
0.248206	0.448442	1894	
0.237515	0.432455	1419	
0.279685	0.451200	1534	
0.575393	0.160362	4708	
0.197197	-0.465407	3772	
0.152013	0.396614	2145	
0.403212	-0.447532	3821	
0.176023	0.601599	1362	
-0.110565	-0.683104	1544	
0.657632	0.108179	2613	
0.535929	0.413469	722	
0.305982	0.633310	3531	
0.703392	-0.127029	2516	
0.735145	0.069348	3080	
0.624083	-0.419942	4971	
0.404120	-0.660731	1976	
-0.519601	-0.596854	2353	
-0.713872	0.381612	2147	
-0.232905	0.812552	4391	
0.813086	0.257998	3303	
0.597323	-0.642725	2317	
-0.894007	-0.022351	3182	
-0.471179	0.793299	570	
0.937302	0.134337	2986	
-0.797083	-0.542480	2524	
0.331828	0.930422	2430	
0.079747	-0.560427	3036	
0.399017	-0.451769	3821	
0.125297	-0.340180	1697	
0.145522	0.445364	2014	
0.205491	-0.227642	2288	
0.208730	-0.484707	383	
0.507334	-0.305069	447	
0.592147	-0.101412	1525	
0.457739	-0.363953	3189	
0.180418	-0.433845	1684	
0.257317	0.106585	762	
0.128176	-0.433163	2311	
0.211369	0.030841	3186	
-0.323822	-0.524853	4129	
0.585290	-0.276018	3361	
0.377546	0.536304	831	
0.504062	0.449773	3369	
0.566420	0.406206	4371	
0.619168	-0.350073	3276	
-0.256148	-0.692030	4426	
0.066735	-0.797403	1370	
-0.743970	-0.188086	3669	
-0.785278	0.091454	3223	
0.119742	0.825486	3331	
0.748577	0.353328	3165	
0.543379	-0.651128	592	
-0.823363	0.252428	4822	
-0.156906	0.883590	3845	
0.791517	0.459582	992	
-0.341549	-0.869779	662	
-0.352017	0.886843	1159	
0.075819	-0.498347	4877	
0.143336	-0.573370	2087	
0.178438	-0.194401	1110	
0.425636	0.418340	3413	
0.197016	0.222064	1650	
0.239567	-0.157819	1476	
0.201666	-0.243131	2858	
0.255582	-0.120299	3852	
0.165461	0.303555	830	
0.283227	-0.507687	2352	
0.098908	-0.466100	969	
0.045608	0.694420	3996	
-0.066000	0.714255	461	
0.067449	0.723287	489	
-0.210666	0.648351	636	
0.222441	0.658394	2372	
0.378763	0.584786	1885	
0.623485	-0.342601	3760	
-0.422309	-0.585393	1012	
-0.501652	-0.550922	4217	
-0.711692	0.279659	2629	
-0.134404	0.804036	369	
0.723684	0.347673	3165	
0.770140	-0.298953	2393	
-0.449184	-0.715375	3874	
0.012548	0.876910	602	
0.724894	0.504940	2245	
-0.404813	-0.802765	2034	
-0.908573	0.180294	4638	
0.657213	0.684520	1991	
-0.394154	-0.883369	1441	
0.075435	-0.396434	2050	
0.094507	-0.392053	1759	
0.220891	0.114058	2932	
0.162823	-0.536795	2789	
0.559040	0.249117	1754	
0.313258	0.489956	2421	
0.596138	-0.153533	2503	
0.152232	-0.248148	2401	
0.108063	-0.544938	1751	
0.051974	0.694047	620	
-0.315359	-0.529609	4129	
-0.263853	-0.575133	2138	
-0.593206	-0.277057	1067	
-0.354991	-0.563290	2978	
-0.504326	0.456107	2831	
-0.398366	0.576910	1860	
0.686072	-0.196770	2178	
-0.358410	-0.629954	1849	
-0.611143	-0.426393	3206	
-0.499132	0.572808	2459	
0.341710	0.706775	999	
0.802349	-0.000758	3474	
0.161380	-0.826624	3309	
-0.824275	-0.172051	734	
0.617636	0.589240	427	
0.774874	-0.415621	3211	
-0.893029	-0.045797	3182	
-0.188332	0.905722	396	
0.760838	-0.554770	4749	
0.100683	-0.218933	3752	
0.145699	-0.196697	1713	
0.205743	0.551486	2227	
0.229026	0.095703	499	
0.236473	0.073126	2542	
0.128942	0.555747	1275	
0.220833	0.060035	674	
0.046904	0.700945	3996	
-0.409055	0.464826	1771	
-0.466292	0.427609	1237	
0.119483	0.685775	3654	
0.503565	0.424695	4292	
0.521986	-0.423176	1800	
-0.561549	-0.392097	1665	
-0.654412	-0.272338	2187	
0.604990	0.378238	2966	
0.394631	-0.609956	1472	
-0.354293	-0.661079	4597	
-0.622049	0.440450	3560	
0.375275	0.686873	1206	
0.733075	-0.320078	2393	
-0.533296	-0.617241	2876	
-0.511509	0.658501	867	
0.838462	0.152408	2790	
-0.465219	-0.732022	3585	
-0.650798	0.606546	1072	
0.592350	0.698937	1857	
-0.291279	-0.888454	4888	
-0.041498	0.953317	3463	
0.664289	-0.711810	1873	
0.209048	0.035055	1845	
0.123268	0.224652	1966	
0.138503	-0.208026	4753	
0.209252	-0.096026	3511	
0.079460	-0.536252	353	
0.042725	0.700482	3996	
0.024977	0.715239	4938	
-0.117547	0.670772	2854	
0.627330	-0.169295	2183	
-0.131459	-0.686539	4153	
-0.410763	-0.522913	2367	
0.119411	0.723855	1293	
0.518311	-0.453107	2026	
0.045035	-0.773814	520	
0.054635	0.776001	2251	
0.376293	0.635353	4295	
0.390053	-0.643066	1472	
-0.754355	0.130232	3693	
0.254471	0.752387	4437	
0.754989	-0.265323	3115	
-0.588698	-0.563221	3883	
-0.261456	0.800504	2274	
0.842397	-0.120133	4170	
-0.858754	-0.082953	3446	
-0.201532	0.872377	595	
0.902752	-0.123513	1078	
-0.822188	-0.433421	2561	
0.433141	0.845205	2993	
0.071337	0.302946	4810	
0.077349	-0.499513	4877	
0.067350	0.392415	2760	
0.045624	0.701061	3996	
0.084097	0.680860	2044	
0.267910	0.565929	1768	
-0.121509	-0.671810	2871	
-0.443734	0.464459	1269	
-0.142527	0.692412	1119	
0.634445	-0.238176	2911	
-0.555712	-0.399705	1665	
-0.666440	0.236257	1930	
0.669508	-0.244790	3216	
-0.673990	-0.264793	3114	
-0.476110	0.564651	3149	
0.739903	-0.148131	3667	
-0.561534	-0.520751	2826	
-0.349450	0.706366	3753	
0.789655	0.141881	3090	
-0.475481	-0.663487	2382	
-0.305291	0.781441	4769	
0.821426	-0.219176	4953	
-0.854583	0.107389	3220	
0.106321	0.891825	4834	
0.525847	-0.735582	4895	
-0.920753	0.098857	565	
0.776760	0.543002	2525	
-0.809618	-0.521417	1996	
0.069050	-0.251674	2857	
0.045840	0.701042	3996	
0.043958	0.695860	3996	
-0.349173	-0.508241	4193	
-0.632000	0.128723	3273	
0.013410	0.735785	5005	
0.513692	-0.404650	348	
0.056934	-0.745962	4117	
-0.476019	0.483182	1875	
0.680655	-0.145088	2115	
0.132212	-0.744598	1691	
0.194877	0.716110	1451	
0.451901	-0.566131	814	
-0.714186	-0.212261	3512	
0.456589	0.600956	1541	
0.619922	-0.461759	3895	
-0.770798	-0.176012	4336	
0.605562	0.525945	3122	
0.335082	-0.755462	1654	
-0.604254	0.574452	3771	
0.849343	-0.051435	4230	
-0.859138	0.062628	4094	
0.183037	0.875734	511	
-0.119568	-0.900129	467	
-0.846132	0.372033	746	
0.936153	0.134762	2986	
0.045427	0.701047	3996	
0.612433	0.166523	4309	
0.584746	0.257762	1956	
-0.091263	-0.698697	4956	
-0.656257	0.002856	1171	
-0.644168	0.192570	1274	
0.528609	0.419948	722	
-0.220033	-0.668246	1178	
-0.558040	-0.431663	1694	
0.714147	0.024639	2679	
-0.574043	-0.437377	2672	
-0.470208	0.569271	3149	
0.691181	-0.299632	4414	
-0.758977	0.098912	3129	
0.730224	0.265627	2497	
-0.294886	-0.744469	3717	
-0.221204	0.792095	2638	
0.824134	-0.064359	2495	
-0.755496	-0.371160	1234	
0.798062	0.298220	2882	
-0.840344	-0.195158	2960	
0.010083	0.900085	602	
-0.059544	-0.907601	2318	
-0.815203	0.434384	3284	
0.940731	-0.083867	1104	
-0.884200	0.365434	1964	
0.957674	-0.192102	3089	
0.047165	0.700916	3996	
0.472318	0.417905	3445	
0.651190	0.005846	1836	
0.348934	-0.545689	4885	
0.305021	-0.598211	3243	
-0.683326	-0.087010	2011	
-0.362110	0.600461	666	
0.620623	-0.346739	3276	
-0.591454	0.405539	3311	
0.334954	0.660669	4538	
-0.379667	-0.643040	1470	
0.320802	0.690992	5000	
0.601920	-0.484471	4155	
-0.750129	0.241931	3908	
0.800889	0.029812	2897	
-0.790450	0.175704	3952	
0.594220	0.575000	617	
-0.211616	-0.830123	4854	
0.454169	0.723724	3878	
-0.284307	-0.825381	3070	
-0.356012	0.815300	4366	
0.616374	-0.661533	4442	
-0.872604	0.304830	2163	
0.943623	-0.041521	877	
-0.840112	0.455454	3820	
0.042129	0.699932	3996	
0.443053	0.445672	2645	
0.179801	0.636475	1131	
-0.281320	0.601210	1695	
0.237118	0.647147	2954	
0.595141	-0.350525	2891	
0.232704	-0.688772	1901	
-0.002625	0.781220	1468	
0.507954	-0.515566	3005	
-0.741024	-0.070434	3170	
0.721909	0.218655	3162	
-0.477893	-0.597870	1685	
0.119751	0.805920	4316	
0.085506	-0.823572	4212	
-0.227866	0.789153	3126	
0.680997	-0.462179	2788	
-0.472977	0.685027	4265	
0.736243	-0.421523	2452	
-0.306900	0.804946	616	
0.861602	-0.177012	855	
-0.788845	0.412579	3137	
0.909604	0.052170	599	
-0.924826	-0.047835	4278	
0.913695	0.244303	1700	
-0.910861	0.292928	3061	
0.919658	-0.325037	2536	
-0.224052	0.593658	634	
-0.431435	0.458541	1269	
0.134784	-0.661888	2490	
-0.154118	-0.666073	4176	
0.357075	-0.564305	4885	
-0.348068	-0.587193	598	
-0.413541	-0.569545	1012	
0.479959	0.523056	3214	
-0.129712	-0.757427	2850	
-0.736244	0.104075	3129	
0.741708	0.138986	2061	
-0.689426	-0.333007	4669	
0.676747	0.380112	863	
-0.419935	-0.670787	1918	
0.467321	0.652415	2253	
-0.448455	-0.681067	4133	
0.460062	0.688166	1864	
-0.224954	-0.824937	4854	
0.659563	0.539474	4291	
-0.859579	-0.052621	3240	
0.504792	0.725115	3976	
-0.835841	-0.317301	4284	
0.377706	0.836075	3390	
-0.707508	-0.602400	1993	
0.661746	0.678328	1991	
-0.946947	-0.155504	2774	
0.104420	-0.724798	1137	
0.331460	-0.580816	3606	
0.297651	0.608936	2444	
-0.208229	-0.674827	1178	
-0.470823	-0.522468	4999	
0.586382	0.402431	4371	
-0.170768	-0.737561	4240	
-0.738254	0.088556	3068	
0.732876	0.179052	2825	
-0.706435	-0.293342	3697	
0.666692	0.397084	3847	
-0.446729	-0.652019	2382	
0.533861	0.597246	2684	
-0.747592	-0.317097	3076	
0.609018	0.558711	3513	
-0.660942	-0.520243	4732	
0.849244	-0.035851	4230	
-0.486902	0.704735	4095	
0.753658	-0.446072	3867	
-0.505019	0.729669	3596	
-0.059458	-0.906952	2318	
-0.492765	0.777505	2329	
0.020948	-0.938625	1297	
0.193662	0.931827	1096	
0.909204	0.364358	1961	
0.627004	-0.334776	3760	
0.702279	-0.126940	2516	
0.510274	0.492904	4263	
-0.639195	-0.336567	3136	
0.379922	0.630843	754	
-0.524133	-0.524558	637	
0.465023	0.592012	1208	
-0.275100	-0.727981	4496	
-0.016951	0.823325	3918	
-0.164561	-0.800021	4570	
0.263746	0.770997	4390	
-0.563308	-0.585914	3819	
0.551765	0.615423	4818	
-0.720707	-0.432810	2166	
0.832042	-0.170735	4485	
-0.204344	0.842594	2879	
-0.220472	-0.847323	4774	
0.083172	0.894132	791	
-0.779896	-0.436873	2194	
0.534199	0.742867	4621	
-0.904916	-0.197183	2807	
0.906107	-0.255642	4559	
-0.378034	0.872777	1159	
0.050478	-0.968266	1058	
-0.057075	-0.796119	4592	
0.434245	-0.609469	2103	
0.739320	0.150737	2061	
0.059396	0.802422	4816	
-0.463257	-0.608276	1869	
0.677683	0.377672	863	
-0.680431	-0.399596	4909	
0.786750	-0.137476	4613	
-0.540994	0.596570	2951	
0.577114	-0.583130	3226	
0.243302	0.803132	4351	
-0.291630	-0.797539	3905	
0.845906	0.083215	675	
-0.360906	0.778827	4466	
-0.294251	-0.819580	4187	
0.252477	0.853460	688	
-0.845262	-0.290078	3107	
0.908635	0.041001	4335	
-0.789153	0.477012	1738	
0.149879	-0.925515	387	
0.280270	0.908076	2012	
-0.935384	-0.212492	2746	
-0.747854	0.241194	3908	
-0.776020	-0.141253	4241	
-0.433103	-0.660920	1679	
0.441338	-0.659217	2030	
0.483801	0.638338	2253	
-0.637854	0.492296	4186	
0.430223	-0.698490	3797	
0.393730	0.729788	2259	
-0.835681	-0.058795	3240	
0.655655	-0.535247	4542	
0.443386	0.729059	3878	
-0.780789	0.356045	3357	
0.688859	-0.536656	2508	
-0.132011	0.886851	3208	
-0.789589	-0.418785	2194	
0.908900	0.004566	4335	
-0.669748	0.631729	909	
-0.237691	-0.903385	434	
0.735744	0.595586	2406	
-0.737772	0.603784	2407	
0.704288	0.683057	1674	
0.824086	0.035454	3153	
0.796409	0.217836	733	
0.559615	0.607462	4894	
0.139866	0.837543	4032	
-0.745332	0.371868	3095	
0.018975	-0.867145	4567	
0.842659	-0.103011	4170	
0.317953	0.796515	827	
-0.733506	0.443382	3360	
0.065135	-0.881701	1543	
0.375065	0.801484	4300	
-0.734097	0.498948	364	
-0.467189	-0.763212	838	
0.588818	0.698686	1857	
-0.855208	0.345568	1143	
-0.083015	-0.933417	2318	
0.778954	0.536758	2101	
-0.463644	0.829701	570	
0.969839	0.115385	2078	
0.258153	0.821266	4231	
0.140807	0.858065	4032	
-0.140613	0.859209	3269	
-0.568468	0.638642	3642	
-0.857676	0.050318	4094	
-0.355866	-0.790340	2414	
0.741264	0.475809	4957	
-0.157732	0.881058	3845	
-0.837727	0.294956	923	
-0.483056	-0.752773	3585	
0.850289	0.324756	986	
-0.541791	0.742516	4728	
-0.778184	-0.503158	1946	
0.540392	-0.762430	4727	
0.348644	0.882463	1501	
-0.765749	0.567244	2996	
-0.289799	-0.920569	4218	
0.975576	-0.001192	2484	
-0.692874	0.552915	2434	
-0.733017	0.499361	364	
-0.812955	0.356554	746	
-0.867443	-0.205642	4655	
-0.623064	-0.640458	1862	
-0.009490	-0.907688	1111	
0.884679	0.207629	374	
-0.174485	0.905593	876	
-0.877797	0.281973	508	
-0.590534	-0.715699	2717	
0.545604	-0.758245	4727	
0.644366	0.693011	1991	
-0.428566	0.848202	2794	
-0.915315	-0.283565	2676	
0.341970	-0.905656	2431	
0.895593	0.392419	4159	
-0.906403	0.167288	4638	
-0.916386	0.103292	565	
-0.916381	-0.113460	4802	
-0.804327	-0.457347	2194	
-0.452521	-0.810957	957	
0.240082	-0.903446	3307	
0.749193	-0.559438	4556	
0.714313	0.619105	1497	
-0.120416	0.944590	683	
-0.634672	0.707231	2283	
-0.829024	-0.482265	2100	
0.974742	0.006487	2484	
-347.399963	-251.246421	2211	
-0.510536	0.800833	2943	
-0.532686	0.786410	4065	
-0.626209	0.714379	2283	
-0.709547	0.631917	2361	
-0.887679	-0.358746	1962	
0.376376	-0.890843	1507	
0.935342	-0.265740	2615	
-0.153547	0.974184	3492	
0.844747	0.489034	3049	
0.729574	0.650795	1497	
-0.289871	0.942207	2357	
