time = 23.847	Re = 25	rotation = 30.9828
-0.486258	0.710094	4790	
0.288000	0.135255	3515	
0.165242	0.828968	6876	
0.505067	0.662713	452	
0.683300	-0.465645	2504	
0.828927	0.038646	9196	
0.256788	0.672674	5381	
0.018460	0.167374	2903	
0.602989	0.204755	2546	
0.598457	0.499987	8113	
0.597217	-0.116908	5704	
0.543319	-0.728522	6215	
-0.371754	0.637806	2009	
-0.236115	0.719467	7000	
0.261776	-0.053167	9348	
-0.904996	0.398646	9307	
0.455930	-0.015599	6300	
-0.096003	-0.714029	7600	
-0.009257	-0.679532	9912	
0.316996	0.569990	4047	
0.185870	0.072783	5789	
0.096294	-0.750212	6496	
-0.048043	-0.222599	564	
-0.737266	-0.096124	6887	
0.310649	-0.807924	6774	
-0.073484	0.698754	5398	
0.253504	-0.896831	7050	
0.155975	0.279730	3556	
0.846866	-0.330506	6120	
-0.852576	0.397129	477	
0.158442	-0.704746	5367	
0.521142	0.708625	7306	
0.212140	0.749457	4008	
-0.763873	0.617824	7398	
0.140437	-0.397956	3860	
-0.343064	-0.116110	3440	
0.073949	-0.790389	8553	
0.253040	-0.154499	8840	
-0.150945	-0.954315	8857	
-0.950554	-0.262300	3083	
0.488166	0.375475	8513	
0.873796	-0.179528	9111	
-0.341754	0.199782	1328	
-0.738274	0.578316	6243	
0.812823	0.558294	1851	
0.136520	0.395597	5998	
-0.277618	-0.098762	7906	
0.385879	0.291474	5728	
0.757167	0.433019	761	
0.848733	0.366254	9971	
0.095215	0.102456	735	
0.716292	-0.494505	6948	
-0.228771	-0.754184	4571	
-0.805260	-0.504312	8527	
0.236224	-0.014859	4490	
-0.065530	0.935900	430	
-0.189884	-0.367731	2737	
0.185003	0.811031	6916	
-0.586033	0.286254	1646	
0.875893	-0.320812	666	
-0.543488	0.090018	6741	
-0.947901	-0.264197	4089	
0.159062	0.015834	2938	
-0.011391	0.784907	3637	
-0.353287	0.321526	1537	
-0.516667	-0.528352	1401	
0.544036	0.588380	8472	
0.239247	0.528369	9526	
0.479513	0.369544	8513	
0.868461	-0.186721	9111	
-0.240382	0.880903	7049	
-0.373031	0.481772	5692	
-0.792012	0.119154	5129	
-0.096161	0.356819	1845	
0.538150	-0.260882	4711	
0.277544	0.206864	5509	
-0.286722	-0.483082	7014	
-0.906857	0.248833	677	
-0.496116	-0.472767	3442	
0.259688	-0.196874	4041	
-0.091666	-0.067282	6632	
-0.710137	-0.428892	5207	
-0.069133	0.811886	2207	
-0.948332	0.272064	597	
-0.022147	0.145097	9427	
0.642776	0.601160	7715	
0.719779	0.380583	2444	
-0.357160	-0.126155	3276	
0.363187	0.556825	1513	
-0.405564	-0.807123	7242	
-0.023398	0.702602	6314	
-0.379233	0.001287	4266	
-0.130667	-0.365156	1452	
-0.962063	0.124077	9781	
0.390712	0.693496	9108	
-0.374767	0.626750	2009	
0.366895	0.777007	6097	
0.863252	0.002907	9051	
-0.448409	0.316836	3384	
-0.853263	0.469160	1033	
0.531031	0.794139	476	
-0.232354	0.928808	1395	
-0.793199	-0.237645	4475	
0.345072	0.258148	3472	
0.209267	-0.186055	1837	
-0.204616	0.072901	639	
-0.927593	0.058214	659	
0.361600	0.746960	1805	
-0.102576	-0.585630	7485	
-0.148455	-0.433778	930	
0.374721	0.392105	2414	
-0.329401	0.507228	2081	
-0.877809	-0.388382	5573	
-0.440982	0.371150	7608	
-0.126660	0.257263	8810	
-0.443879	0.873218	8387	
-0.469739	-0.360832	8514	
0.436377	0.495595	4840	
0.306505	-0.721057	3780	
0.171525	0.970195	5264	
0.279794	0.511834	9190	
-0.845468	-0.241521	2905	
-0.779854	0.268515	5279	
0.051961	-0.223721	3866	
0.335993	0.184143	3037	
-0.976957	-0.030803	4071	
0.048483	0.278883	4006	
-0.664712	-0.201394	4267	
-0.271996	0.556315	5013	
0.121734	0.617813	1634	
-0.251969	-0.737589	9566	
0.419838	-0.106632	9685	
0.433786	0.875287	1355	
-0.461638	0.865577	9361	
-0.332839	-0.022620	4977	
0.623368	0.219343	3390	
-0.485017	0.725018	7121	
-0.386869	0.627674	8116	
0.684169	0.182502	8418	
0.727387	0.665134	2030	
0.386713	-0.377679	4870	
0.919295	-0.135563	1631	
0.383738	-0.066395	10012	
0.550819	0.379413	2525	
-0.523483	-0.454421	6924	
-0.599155	-0.064222	6275	
0.604859	0.492845	8399	
-0.874815	-0.154416	6279	
-0.787148	-0.160856	4720	
0.424173	0.511838	645	
-0.251475	-0.928953	2035	
0.468421	0.264318	3553	
-0.938076	-0.010349	5737	
0.129188	0.436631	1860	
0.558836	0.432553	6925	
0.127530	0.876713	6696	
-0.232347	0.147164	5459	
-0.375062	0.384312	4869	
0.205149	-0.879684	8335	
-0.221580	-0.041850	1027	
0.167735	-0.621894	1052	
0.576440	0.208028	8807	
0.201469	-0.795784	7217	
0.787711	0.347169	1230	
-0.682442	0.234895	2467	
-0.698845	0.401988	6198	
-0.542822	0.156302	2577	
0.046236	0.758155	2478	
0.892109	-0.327428	1326	
-0.806867	-0.321740	1332	
0.187484	0.289787	4648	
-0.418511	-0.828210	870	
0.131538	0.417097	8491	
0.419400	0.182480	9581	
-0.783015	0.567714	9600	
-0.684471	-0.326799	5527	
0.819370	0.071397	6927	
-0.093383	-0.478551	5671	
0.223708	0.681010	8357	
-0.063759	-0.097966	7824	
-0.188759	-0.629772	9924	
0.551247	0.706702	10076	
0.670980	0.472175	8248	
0.143333	0.816441	2559	
-0.205115	0.961302	8535	
0.685049	-0.080339	9343	
0.494617	0.580454	7531	
-0.665445	0.189513	9822	
0.313913	-0.903146	9748	
-0.437629	-0.439468	2949	
-0.953356	0.156429	1213	
0.139079	-0.006242	3072	
-0.547006	0.506155	1477	
-0.132637	0.160929	3655	
0.232852	-0.409635	1376	
0.604134	0.267690	8003	
0.313732	0.433611	3088	
-0.503378	-0.198813	6782	
-0.472692	0.641407	7279	
0.054557	-0.647789	412	
0.145921	-0.131581	818	
0.590691	0.538690	9444	
0.396912	-0.272971	724	
-0.142418	-0.403855	5997	
0.479138	-0.353934	8532	
0.068114	0.477216	6683	
0.633009	-0.664469	8302	
0.067323	0.254888	9800	
-0.738066	0.458250	4849	
-0.057924	0.572883	6611	
0.141844	-0.183855	4384	
-0.458312	0.748142	1968	
0.641847	-0.316940	2227	
-0.774676	0.476912	5973	
-0.437977	0.274701	2762	
-0.703947	-0.510154	9517	
0.151868	0.134980	2102	
0.840435	-0.347149	7109	
0.469268	0.230095	2159	
-0.817676	-0.044016	9195	
-0.596991	-0.458043	8827	
-0.023514	0.617887	8544	
0.486587	0.301463	7457	
-0.035217	0.857083	3892	
0.311235	-0.865562	9932	
0.149333	0.619019	6111	
0.104028	-0.359408	3667	
0.500770	0.016826	6601	
-0.310164	0.932212	6734	
-0.094722	-0.189749	9831	
0.248973	0.750065	9565	
0.617772	-0.445053	1132	
-0.473890	0.707670	916	
0.454695	-0.370607	7607	
0.346837	0.388304	3061	
-0.119176	0.702968	5447	
-0.649824	0.691012	9631	
-0.584982	0.512629	4356	
0.142509	-0.559405	7538	
0.754346	0.456369	4630	
0.810381	-0.173183	7963	
0.838948	0.288450	5000	
-0.663719	0.167264	3112	
0.140090	-0.879895	7366	
-0.013668	0.582004	6397	
0.970710	0.067960	4820	
0.045722	-0.484688	2999	
0.060987	0.517036	4995	
0.829535	-0.402682	9590	
-0.144495	-0.266833	4487	
0.643156	0.630562	8409	
0.691416	-0.082513	9343	
-0.319581	-0.639721	2485	
-0.043966	0.764003	773	
-0.878805	0.434988	6757	
-0.174473	0.205916	5032	
-0.305493	-0.113734	8209	
-0.066364	-0.943040	1486	
0.567825	-0.428429	8292	
-0.561002	-0.825274	4774	
-0.587649	-0.709107	8244	
0.917458	0.103739	1418	
-0.165785	0.961193	9078	
0.298077	-0.198501	7439	
0.463790	0.559905	7563	
-0.783946	0.447968	8800	
-0.500082	0.672009	7065	
-0.679210	0.684310	9090	
-0.784399	0.036963	8053	
0.331112	0.708805	6716	
-0.893090	-0.165025	7133	
0.508917	0.496258	5547	
-0.097215	-0.183924	941	
-0.379309	0.240408	4641	
0.483430	0.456015	9385	
-0.464101	0.151969	4767	
0.316698	0.643282	2486	
-0.298020	0.807269	6213	
-0.277847	0.812853	6883	
0.467085	0.607809	9170	
0.209541	0.700110	9389	
0.604859	0.492845	8399	
-0.778235	0.596979	8552	
-0.083907	-0.405000	10262	
-0.711638	-0.275023	6633	
-0.883692	0.446768	6757	
0.763854	0.555988	1251	
0.298614	-0.635980	7243	
0.882436	-0.349647	988	
0.477038	0.271943	3611	
-0.403253	-0.710693	4068	
-0.131091	0.788049	8229	
0.154443	-0.836913	7620	
0.545993	-0.117958	6666	
-0.549194	-0.563554	8378	
0.520357	0.014413	6856	
0.346130	0.623257	1499	
0.270011	-0.732498	3796	
0.344438	0.420974	6824	
0.828629	0.342423	2566	
0.536270	-0.455747	8718	
-0.293235	0.771103	4381	
-0.364740	0.598877	7575	
0.558792	0.828571	4773	
-0.511211	-0.770341	637	
-0.086810	0.953776	948	
-0.577898	-0.228350	1330	
0.029335	-0.599287	10063	
-0.905929	0.314369	8637	
-0.875853	-0.401668	2141	
0.477535	-0.197208	1778	
0.685734	0.588855	9758	
-0.770580	0.124107	2436	
-0.139995	0.798609	4467	
0.159230	-0.767311	7822	
0.325646	-0.120866	3445	
-0.551964	0.029332	3492	
-0.462667	0.028776	438	
0.123011	-0.286174	10218	
-0.380115	0.499753	2644	
-0.895728	-0.116910	1607	
0.153429	-0.050215	3187	
-0.013368	0.412879	7626	
-0.513461	-0.395551	6508	
-0.181327	0.771752	6346	
0.065555	0.428119	9134	
0.754387	0.186241	9231	
0.422201	-0.090563	2153	
-0.597134	0.282710	741	
0.610828	0.120222	1415	
0.450151	0.799814	4541	
-0.299154	-0.832461	1348	
-0.398456	-0.623817	6582	
0.468307	0.498240	9402	
0.243448	0.089927	7373	
-0.333342	0.851161	7152	
-0.173469	0.142463	3972	
-0.116948	0.776291	8448	
0.834045	0.474062	8776	
0.456394	0.838501	1394	
-0.041216	0.267120	6309	
0.401346	-0.428223	786	
0.122063	-0.243796	9296	
0.627307	0.461913	8861	
-0.261240	0.522341	567	
-0.727042	0.375882	1904	
-0.193782	0.843864	7437	
-0.489436	0.513636	5999	
-0.270186	0.361135	7411	
-0.777282	0.082318	3287	
-0.173280	-0.624823	5764	
0.737194	0.358677	7038	
0.017863	-0.677746	5298	
-0.672165	-0.083235	5614	
-0.556007	-0.676343	3246	
0.891191	-0.322463	1326	
-0.590079	0.132284	5703	
-0.714842	-0.404694	1664	
-0.402011	0.182723	9280	
0.124741	0.777034	1307	
-0.479312	0.837696	2199	
0.065607	0.138283	2605	
0.720405	0.382948	2444	
0.911874	-0.121154	1631	
0.468390	-0.681579	915	
-0.327505	-0.660090	8055	
0.038897	0.263186	3200	
0.958614	-0.122922	8290	
-0.533319	0.608894	2877	
-0.239546	0.015138	4489	
-0.266562	-0.114504	9756	
-0.317688	0.500150	1433	
-0.224500	0.714246	8190	
0.311931	0.775011	5534	
-0.571901	-0.589715	9311	
-0.111710	0.852639	5809	
0.122391	-0.623380	7323	
-0.098126	0.023732	5549	
-0.923005	0.101650	6542	
0.154930	0.443358	929	
-0.551379	0.477550	446	
0.582649	0.539604	9692	
-0.342078	0.720431	4051	
0.315526	0.584825	2424	
0.037410	-0.109028	999	
-0.544313	0.528598	2954	
0.097682	0.273478	7220	
-0.559284	0.466292	8148	
-0.745847	-0.513007	10140	
0.023418	0.727887	3507	
0.340551	0.355721	1183	
-0.460294	-0.131471	1902	
-0.638352	-0.286002	5488	
-0.263149	-0.482580	4360	
-0.517001	0.478707	8598	
-0.746282	-0.566269	1190	
0.279089	0.840337	1049	
-0.509193	-0.393716	6648	
0.351910	0.591680	7388	
-0.443456	0.019711	6299	
0.339268	-0.845925	7151	
0.416947	-0.593851	4528	
0.833646	-0.242711	4452	
0.071628	0.377713	7873	
0.198625	-0.399063	6129	
0.342492	0.344762	401	
0.405978	0.694566	8161	
0.381990	0.241707	9301	
0.241348	0.960747	1554	
-0.355026	-0.454056	2399	
-0.535952	0.060045	4857	
0.273434	-0.900157	1339	
-0.417488	0.609246	4418	
-0.269563	-0.518067	10238	
0.575594	0.135397	763	
0.593544	-0.056540	8339	
-0.434873	-0.625429	2381	
-0.251605	0.388329	1739	
0.280136	-0.495228	5209	
-0.609707	-0.605618	2659	
0.281695	-0.677556	6985	
-0.216266	0.173442	5076	
0.632433	-0.597858	7103	
-0.242239	0.623563	2645	
0.371223	0.280709	5728	
0.784736	0.368529	7174	
0.593880	0.370584	9278	
0.264917	0.585424	4696	
0.352932	0.266552	7187	
0.045044	0.440463	2852	
-0.489490	-0.358707	8220	
0.235769	-0.087957	5736	
0.908925	-0.279921	8404	
0.449798	-0.263655	3124	
-0.647071	-0.492444	4403	
-0.659281	0.678901	9631	
0.621891	0.390654	6568	
0.797650	0.134956	3791	
0.029250	-0.497930	2808	
0.572848	0.453468	6647	
-0.651203	0.044194	1667	
0.511747	0.675231	3164	
-0.761026	-0.622906	2301	
-0.669186	0.460462	2503	
0.974331	0.172092	8182	
-0.536392	0.376972	2241	
0.019423	0.963747	1338	
-0.868238	0.369183	987	
0.036791	-0.217697	4058	
0.132512	0.128584	7472	
-0.014591	0.284195	5583	
0.486445	0.372489	8513	
0.172135	0.588421	1039	
-0.364769	0.833906	2619	
-0.313814	-0.762689	5533	
0.413101	0.473257	2618	
-0.104601	0.826153	3921	
-0.456381	-0.685145	8000	
-0.696355	-0.221622	6339	
0.357244	0.318410	5767	
-0.598068	0.369643	4716	
-0.293590	0.351260	1921	
0.325965	-0.900182	9748	
-0.604089	0.468817	831	
0.404497	-0.161103	1195	
0.274042	-0.596696	3975	
0.727003	0.103930	5243	
0.487540	-0.659003	7066	
-0.159598	0.577921	1674	
-0.472303	0.417064	8385	
-0.687710	-0.012630	2255	
0.171246	0.235144	8640	
0.359775	-0.746461	4868	
0.507946	0.570211	6771	
-0.900751	-0.002748	9257	
-0.698814	-0.541092	8814	
-0.862436	0.476616	4245	
-0.038260	0.409261	6332	
0.861654	0.125797	6793	
-0.027459	0.560713	4938	
-0.062257	0.455384	473	
-0.540953	0.548885	2625	
0.756317	-0.421364	7198	
0.458265	0.832112	1394	
-0.611208	-0.184779	6572	
0.282065	-0.450906	3807	
-0.104006	0.919039	1164	
0.045906	0.279264	3277	
-0.170423	-0.754162	5572	
-0.289110	-0.570542	1682	
0.277757	0.602017	4624	
0.035581	0.488195	5230	
0.098804	0.239128	6325	
-0.470667	0.247383	4291	
0.204414	0.915423	2202	
0.397283	-0.351063	3385	
0.074137	0.585895	6549	
-0.912045	0.178511	5196	
-0.929786	-0.179384	9105	
0.153862	0.136190	1721	
-0.543639	-0.772020	1719	
0.778556	-0.454799	8799	
-0.339574	0.121878	5659	
-0.454278	-0.262428	1827	
0.104277	-0.070968	4891	
0.223325	0.626236	2510	
-0.664113	-0.364902	1944	
-0.238505	0.411606	1375	
0.114683	0.150282	10246	
-0.894031	-0.255159	10049	
0.480610	-0.269387	3361	
0.553660	0.592761	9206	
0.345288	-0.565207	4907	
-0.487268	-0.346340	10240	
0.279384	0.627480	7289	
-0.524507	0.583159	3402	
0.067184	-0.902733	5846	
-0.370084	0.696029	3650	
0.440797	-0.600790	5923	
-0.078175	0.892231	5845	
0.219418	-0.220996	4172	
0.714197	0.606499	1169	
-0.033420	-0.898165	4559	
-0.541561	0.809208	6062	
-0.231998	-0.447425	4010	
-0.343489	0.500267	4812	
0.357367	0.346304	449	
0.374153	-0.286307	1552	
-0.756003	0.350332	5445	
0.452421	-0.655393	7116	
0.568740	0.706439	9481	
0.274660	0.796303	5084	
-0.411183	0.043801	1306	
-0.006000	-0.799121	3603	
-0.421072	-0.600010	1767	
0.232080	0.358717	8832	
0.589149	0.370236	7224	
0.585648	0.327007	2757	
0.520989	0.573488	4595	
0.494941	0.605525	675	
0.330654	0.347846	4419	
-0.308794	0.747389	2651	
-0.741862	0.426068	1439	
0.172290	0.133430	7636	
0.631073	-0.073805	8218	
-0.887815	-0.262824	10049	
0.130995	0.119072	4076	
-0.368564	0.845253	2619	
-0.327836	-0.716090	6715	
-0.564871	0.641493	7170	
-0.336646	0.610595	6031	
0.464819	0.358004	5728	
-0.796949	0.149339	9070	
-0.314339	0.561392	3184	
-0.674628	-0.639041	8502	
-0.384043	0.786939	6444	
0.321699	0.157270	1917	
-0.094915	-0.798014	3997	
-0.776226	-0.106191	4458	
0.762726	-0.013616	6815	
-0.779403	0.472153	8666	
-0.167529	0.463827	3909	
0.163638	0.325571	7068	
0.776946	-0.168225	6401	
0.488682	-0.163145	6355	
-0.299515	-0.671351	2671	
0.601047	0.762251	2019	
-0.048809	0.507840	4477	
-0.421489	0.822958	6138	
0.149954	0.556160	7196	
0.611157	-0.303393	6966	
-0.781935	0.609278	8552	
-0.174594	0.783517	6249	
0.737640	0.017254	3558	
-0.090718	-0.281393	6447	
0.081498	-0.814724	4036	
0.220717	-0.486326	9101	
0.356039	0.610066	8062	
-0.155900	0.655830	2814	
0.543347	0.421008	6925	
0.068635	-0.372647	3260	
0.163375	0.082972	3632	
0.114729	-0.239281	7156	
0.028246	-0.385989	5684	
0.405585	0.796941	6236	
0.401534	0.131426	903	
0.609258	0.059230	6276	
0.766440	0.425032	409	
0.459794	-0.544406	6950	
0.624154	-0.165715	1684	
0.810921	0.446729	9139	
-0.417652	0.308592	3073	
-0.854967	0.328335	6217	
-0.271918	-0.122269	4108	
-0.181432	0.013357	5945	
0.462990	-0.147071	4768	
-0.100009	0.386585	1539	
0.228997	-0.563337	8908	
0.326844	0.080217	3443	
-0.013851	0.507653	4474	
0.009363	-0.671513	5298	
-0.628813	-0.175343	2586	
-0.551880	-0.186483	9989	
-0.398296	-0.800911	6235	
0.596154	0.652795	7892	
-0.826216	0.384728	8233	
-0.624194	-0.279025	9988	
0.337186	0.403205	3237	
0.560159	-0.030489	3491	
-0.771490	-0.288190	2071	
-0.350853	-0.414849	6590	
0.224117	-0.423982	1894	
-0.108234	-0.729587	7585	
-0.855067	-0.480428	6109	
-0.433085	0.482908	3626	
0.099779	-0.500739	1915	
0.279474	-0.321036	4592	
0.160171	0.830736	6876	
0.547271	-0.693273	6830	
0.698699	-0.526576	7146	
0.093159	0.047064	399	
-0.354400	0.328936	1537	
-0.235472	-0.674092	5183	
-0.743739	0.604512	10209	
-0.705892	-0.234782	7186	
-0.526752	-0.076540	5231	
-0.944823	0.174618	2385	
0.132549	-0.795155	4468	
-0.595172	-0.154981	7783	
0.408532	-0.724557	5828	
0.146070	-0.843793	6184	
-0.045002	-0.117635	9216	
0.519165	-0.690663	5906	
0.397549	-0.223162	5514	
0.061248	-0.135089	9558	
0.897633	0.082601	2544	
-0.818148	0.262964	3992	
0.313653	-0.391010	2742	
0.587172	-0.772601	5857	
-0.122140	0.378153	2512	
-0.856521	0.281642	5885	
-0.150175	0.531515	5625	
-0.718925	-0.046327	5772	
-0.312422	-0.561312	4048	
0.407212	0.308423	9549	
-0.526201	0.410204	1748	
-0.212564	-0.443550	522	
-0.342675	-0.503351	2917	
0.275594	-0.511798	576	
0.183320	0.301067	8416	
-0.222740	0.632859	2027	
0.203034	0.145347	9801	
-0.529270	0.552594	3152	
-0.639195	0.654780	6205	
0.641412	-0.479713	3806	
-0.468110	-0.153087	2148	
0.142092	-0.955600	9237	
0.244506	-0.704619	8078	
-0.017097	-0.328628	8584	
0.783323	-0.272609	5280	
0.281968	0.335901	1618	
0.795366	0.097024	5500	
0.736951	-0.350220	7574	
-0.140078	0.458057	6084	
0.586670	-0.454972	912	
0.618435	0.580603	759	
0.398432	0.485336	2603	
-0.131325	0.412763	2365	
0.423764	0.562042	2774	
0.754743	0.235919	5876	
-0.205959	-0.674983	4034	
-0.033802	0.239293	4663	
-0.062491	0.664724	411	
0.146386	0.368920	3540	
-0.798763	-0.164387	2124	
0.506985	0.281784	4987	
-0.210035	0.463156	7554	
0.750289	-0.023378	6815	
0.082162	-0.137378	5036	
-0.566989	0.632199	6629	
0.394646	-0.067194	2125	
-0.147787	0.556023	6473	
-0.079884	0.496654	5475	
-0.053320	0.448503	439	
-0.219732	0.165993	1703	
0.337801	0.606991	7338	
-0.636269	0.219610	4150	
0.737834	-0.415774	4229	
-0.098154	-0.085685	9391	
0.083524	0.342051	7735	
-0.855000	-0.362479	10146	
0.578713	-0.768161	8274	
-0.252834	0.629204	4364	
-0.082514	0.196974	1948	
0.161629	0.735641	6377	
-0.520107	-0.566573	4596	
0.457996	-0.090518	1268	
-0.485263	-0.812637	1479	
0.932963	0.014915	5738	
0.725003	0.138570	8868	
-0.501577	-0.100882	3285	
-0.626488	-0.251326	4930	
-0.087242	-0.098494	1884	
-0.233962	0.283557	3622	
-0.410515	0.469200	2714	
0.810486	0.108254	5821	
-0.018156	0.272248	4919	
-0.175934	0.494322	5748	
0.528526	0.339752	3217	
-0.630635	0.106897	1041	
-0.173258	-0.160902	1146	
0.945932	0.303375	5578	
-0.415740	0.450982	1423	
-0.108061	-0.277174	6609	
-0.438184	0.340153	4851	
0.142618	0.408808	8381	
-0.846873	-0.003709	8463	
-0.414316	0.523245	3700	
0.033988	0.721079	9701	
-0.284995	-0.884144	1091	
-0.112909	-0.460372	537	
-0.230012	0.365476	5017	
-0.280232	-0.401470	6504	
0.525076	0.053669	866	
0.611455	0.015893	5504	
-0.053769	-0.905443	6396	
0.084001	0.518759	4500	
0.011609	0.566918	8245	
0.288618	0.214519	5509	
0.675133	0.625214	9452	
-0.152623	0.109195	7727	
-0.115364	-0.706294	6020	
0.685855	-0.444012	3720	
-0.502360	0.014917	8777	
0.407438	-0.430502	786	
0.779047	-0.313680	6154	
-0.267273	0.218456	7864	
-0.708526	0.263870	4882	
-0.484825	0.501040	5999	
0.427827	0.615435	2240	
0.054047	0.802260	3096	
-0.470589	0.631306	6171	
0.699735	0.014038	2408	
0.873901	-0.041303	5328	
-0.040888	0.974649	8146	
-0.155044	0.500368	6656	
-0.388669	0.330532	1989	
0.229342	0.687493	8357	
0.773467	-0.269574	3247	
0.420333	0.182566	9581	
-0.688995	0.345787	6744	
0.406008	0.309762	5728	
0.075876	0.851677	3816	
-0.878189	-0.008504	9052	
-0.730636	0.553620	7008	
0.346882	-0.686676	3257	
-0.008968	-0.882137	8902	
-0.112571	-0.777373	1308	
-0.114840	-0.935308	8915	
0.053139	-0.436016	7548	
0.243429	0.821704	4602	
-0.154365	-0.569340	8999	
0.811335	-0.316408	5104	
-0.565987	0.403411	5337	
0.025816	0.763766	3665	
0.753286	-0.075522	2708	
0.765139	-0.178367	6401	
-0.255367	0.265284	1946	
-0.095033	0.950847	350	
0.447946	0.177306	1157	
0.439732	-0.340791	4852	
-0.239012	-0.432311	2779	
-0.283205	0.836890	6883	
-0.335126	-0.776735	7149	
-0.893248	-0.208367	7983	
-0.801951	0.547962	8323	
0.175725	-0.434220	6952	
-0.710714	0.478504	4776	
-0.561896	0.163524	2853	
0.364696	0.271906	5755	
-0.513258	0.731130	8311	
-0.394883	0.060208	9346	
0.104398	0.534941	5223	
0.087866	-0.155491	8504	
0.189640	0.162427	6187	
0.320901	-0.415982	2268	
-0.395545	0.662639	1077	
0.773027	0.475768	7913	
0.289184	-0.392104	2474	
0.499571	-0.831584	7902	
-0.821056	0.176566	1025	
0.937705	0.304514	3952	
0.076798	0.858265	5090	
0.396677	0.825863	7046	
0.144061	-0.515988	4957	
-0.454434	-0.521262	1564	
0.788254	-0.263308	5280	
-0.889068	-0.198625	6959	
-0.064145	-0.815920	2447	
-0.353782	-0.626929	1500	
0.178683	-0.377742	3127	
0.745851	0.593623	1403	
-0.734441	-0.371630	7037	
-0.628749	-0.611498	2248	
0.603207	0.235157	2925	
0.544778	-0.010383	2156	
-0.178713	0.235258	3105	
0.714688	0.203261	7381	
0.465238	0.789083	1211	
0.095880	0.743309	953	
0.207558	-0.492835	4463	
-0.480925	0.688936	4568	
0.884673	0.014786	9225	
-0.371538	-0.127487	3879	
0.594114	0.604227	746	
-0.239784	-0.931000	2035	
-0.490847	-0.074030	8431	
-0.382138	0.588666	7231	
-0.282157	0.443806	3808	
0.255357	-0.333689	4535	
-0.230887	0.301289	2818	
0.013072	-0.584194	6398	
0.319958	0.637909	2486	
0.657530	-0.010344	673	
0.240337	0.904258	2036	
0.660423	0.611457	8383	
-0.352802	0.240904	4640	
0.153043	0.019723	1724	
0.366239	0.685823	2501	
0.600383	0.098319	4666	
0.219330	-0.896206	4413	
0.165035	0.321958	892	
-0.357759	0.009071	8299	
0.483569	-0.262500	2582	
-0.305076	-0.797614	6212	
-0.934842	-0.123540	4449	
0.914953	0.140130	10130	
0.101203	0.197683	10250	
0.567028	0.129335	1059	
0.714826	0.337260	7926	
0.327072	0.078716	3443	
-0.006603	0.826121	9750	
-0.186470	0.890257	8228	
0.427115	0.301273	1302	
-0.183842	0.865634	7100	
-0.252856	0.411151	1429	
-0.611185	0.286516	741	
0.678814	-0.702598	8081	
0.089179	-0.765232	6496	
0.665666	0.673485	577	
0.644627	-0.102986	9732	
0.360843	0.274732	5728	
-0.137442	-0.745197	7684	
-0.317799	0.699992	6886	
-0.524972	0.511736	4186	
-0.094238	0.171328	3577	
0.395435	0.861618	1620	
-0.744121	-0.122056	2415	
0.618808	-0.613416	7103	
-0.158941	-0.039716	4395	
-0.506336	0.210144	5285	
0.817298	0.191516	2224	
-0.443479	-0.438550	2589	
-0.112707	0.887229	7296	
-0.788655	0.134201	5994	
0.425690	0.057523	2725	
-0.159108	-0.620799	2876	
0.493121	0.699002	7091	
-0.679272	0.310216	4862	
0.087800	-0.459587	798	
0.633278	-0.689819	8302	
0.942018	0.174946	9668	
-0.654765	0.348020	5465	
0.258763	0.186886	5357	
-0.754129	-0.034898	2218	
-0.736905	0.346197	7573	
0.809708	0.468164	9560	
-0.675400	0.665424	10159	
-0.109039	-0.697983	6020	
0.342291	0.199513	3119	
0.386344	0.482369	2603	
0.530615	-0.730499	5912	
-0.847901	-0.295216	6163	
-0.441959	0.683088	434	
-0.344662	0.147745	8253	
-0.353220	0.213936	2182	
-0.287853	-0.764601	9615	
-0.413916	0.753523	4935	
0.490802	0.598268	590	
-0.209313	0.498409	4464	
0.203557	-0.498452	5760	
0.046373	0.640549	5370	
0.515601	-0.593915	2284	
0.582036	0.327654	2757	
0.069640	-0.126291	7774	
-0.881557	0.115049	4435	
0.038228	0.272688	3277	
0.848595	-0.315675	6120	
-0.799645	-0.050714	7710	
0.108733	-0.137822	7845	
0.240236	0.105358	7192	
0.424441	0.397893	1118	
-0.115621	-0.818789	2678	
-0.241294	-0.891985	1279	
-0.091246	0.652009	561	
0.342124	0.155260	2254	
0.033907	0.817168	3584	
-0.951690	0.170349	1213	
-0.161370	0.035606	10193	
-0.691044	-0.257548	2508	
0.332144	-0.511780	2082	
0.691643	0.002405	2408	
-0.275556	0.324424	4591	
-0.691369	0.150485	5568	
0.455238	-0.087697	3989	
-0.792425	0.294397	3742	
0.704768	-0.018179	3752	
0.105405	0.087616	9123	
-0.242026	0.947370	8344	
-0.229328	-0.762484	4571	
0.464909	0.770364	989	
0.550094	-0.429989	5310	
0.617312	-0.664795	8128	
-0.780192	-0.515127	2232	
0.549925	0.430522	6801	
0.132904	-0.076361	3150	
0.217907	0.344534	7301	
0.255712	0.327082	4136	
0.179259	0.895608	9071	
0.673897	-0.165998	3111	
0.775973	-0.442834	5535	
-0.440516	-0.557066	6767	
0.043693	0.120345	970	
0.638920	0.591641	2000	
0.505174	-0.670884	5817	
-0.663696	-0.695398	5694	
0.205649	0.108337	9397	
-0.424014	0.457083	1423	
0.586376	0.772697	2019	
0.258608	0.603685	6477	
0.243969	0.739777	9565	
-0.092516	0.428666	6414	
0.363505	0.264218	7371	
-0.588222	-0.456104	9772	
-0.669224	0.372970	8334	
0.829104	0.059928	9196	
0.675590	0.053755	939	
-0.059431	-0.235716	3209	
-0.354142	-0.049387	4746	
0.640304	-0.603766	7103	
0.086961	0.466943	5672	
0.201671	0.151140	9801	
-0.441547	0.593567	6262	
0.144807	0.868990	6696	
-0.115667	0.170581	1887	
0.370285	0.780917	6097	
0.635853	0.571812	3082	
0.237857	-0.760536	2375	
-0.744711	-0.008546	3927	
-0.019142	0.770521	3637	
0.856554	0.350597	9065	
-0.543594	0.656739	6973	
-0.931228	-0.021721	5235	
0.507647	0.027350	6601	
0.097144	0.561320	5941	
0.419642	0.269468	2191	
-0.086131	-0.737179	465	
0.532913	0.270013	7126	
0.118865	0.178261	7127	
-0.455194	0.553062	6949	
-0.045465	-0.825602	3583	
-0.099828	0.650305	1232	
-0.485693	0.270465	3362	
0.325137	0.595556	2424	
-0.303360	-0.366458	2320	
-0.263284	0.270213	1946	
-0.254545	-0.717987	8080	
-0.600664	0.560171	4566	
-0.442866	0.867767	8387	
-0.090588	-0.699704	6545	
-0.512279	0.527043	1812	
-0.645963	-0.372531	654	
0.095934	0.376205	7459	
0.090139	0.624050	2821	
-0.473168	-0.087792	8039	
0.826171	0.312087	4547	
-0.868342	-0.438718	1840	
-0.910754	-0.341160	3689	
-0.859135	-0.203774	4667	
-0.162249	0.744148	7821	
-0.263062	0.230389	1357	
-0.178654	0.628957	3292	
-0.294212	0.146408	2919	
-0.210728	0.045931	3874	
0.622618	-0.170801	1684	
-0.701033	-0.637004	4980	
-0.264224	0.748751	3543	
-0.472672	-0.609784	3537	
0.282427	0.018920	6501	
-0.043400	0.912296	414	
0.443203	0.793216	2391	
-0.643861	0.101590	9731	
-0.871489	-0.167184	6279	
-0.367100	0.863637	9439	
0.886274	0.034506	5155	
-0.308489	0.148985	3960	
-0.424667	0.382688	7817	
0.413621	0.081387	8317	
0.505707	0.743924	7954	
0.572907	-0.447919	8292	
-0.435640	-0.486357	4839	
-0.073057	-0.361770	6099	
-0.143835	0.583246	2610	
-0.583339	-0.288878	10189	
0.777207	0.211796	8103	
0.578722	0.266614	9522	
-0.733659	-0.269383	9785	
-0.002258	0.525606	5308	
-0.546966	0.208784	3704	
0.040892	-0.646033	580	
-0.940181	-0.113887	8843	
-0.857336	-0.222408	4813	
-0.496715	-0.253221	3423	
0.555039	-0.020869	2156	
-0.106920	0.698885	5447	
0.582558	-0.072001	8329	
0.967452	0.120788	4888	
-0.613538	0.498339	8606	
-0.009569	0.191868	2698	
-0.443930	0.413920	8546	
-0.223344	0.820660	7200	
0.616096	-0.066185	9949	
0.249843	-0.495218	7206	
0.697562	0.541171	8813	
-0.418252	0.365394	4918	
-0.282376	0.594719	3381	
-0.150000	0.520100	6301	
0.121390	-0.071128	1178	
0.458537	0.275814	4931	
-0.835640	0.541063	9649	
-0.432572	0.643186	5927	
0.354775	0.567438	2406	
-0.368525	0.859075	9439	
-0.147038	0.327372	7595	
-0.783405	0.400196	5951	
0.122628	0.476401	394	
-0.550402	0.314898	7998	
-0.630562	0.719644	9447	
0.905814	-0.386554	8136	
0.063380	-0.075145	5565	
0.674681	0.261214	1643	
0.386369	0.291514	5728	
-0.420705	0.014186	5662	
-0.492504	0.167319	7448	
-0.252778	-0.946301	4339	
-0.312312	-0.036679	3284	
0.010786	-0.664018	5298	
0.243362	-0.782320	5376	
0.235255	-0.495113	8088	
0.503483	-0.724980	7122	
-0.297110	0.123099	2916	
0.146756	0.020004	1724	
-0.685162	-0.154296	9026	
-0.657231	0.479205	3833	
-0.946577	0.105077	8721	
0.473387	0.737403	937	
-0.467622	0.268501	3123	
-0.809635	-0.515977	8527	
-0.314090	0.825839	7828	
0.471624	0.104532	8833	
-0.154609	-0.173625	4310	
0.553769	-0.059004	5938	
0.415102	0.134797	4781	
-0.190589	0.819523	7788	
-0.390424	0.568790	6822	
0.344706	0.834805	722	
-0.128476	0.705879	6263	
0.267253	0.519992	10237	
0.655051	0.519070	2083	
0.148250	0.117031	2070	
0.396137	-0.030203	7707	
-0.331884	0.600803	6031	
-0.937998	0.172662	2385	
-0.085191	0.874102	5194	
-0.084499	0.484572	4847	
0.886287	0.282714	10090	
0.332255	0.182867	3037	
0.221474	0.507667	1705	
0.757842	0.558741	1251	
-0.295749	0.626497	4778	
-0.251294	0.794674	5899	
0.084691	0.378895	7357	
0.284015	0.358288	2932	
0.353225	0.148476	4311	
0.981464	0.138163	3726	
0.161810	-0.660370	2813	
-0.424113	0.506482	3700	
-0.905796	0.164196	5196	
-0.004881	0.532763	5160	
-0.846264	0.372432	8215	
-0.372004	0.847343	2619	
-0.121267	0.843659	5146	
0.723724	-0.387014	1903	
0.020138	0.257466	4575	
0.122812	-0.137119	544	
0.569813	-0.620578	5135	
-0.660175	-0.264197	1644	
-0.679224	-0.282214	2390	
0.716041	-0.202589	3812	
-0.149054	-0.304249	355	
-0.181466	-0.512137	3602	
0.489939	-0.452025	2368	
-0.019320	-0.955966	1337	
-0.213504	0.342604	2017	
0.060844	-0.342336	5250	
0.834641	0.397060	7776	
-0.821267	-0.344696	2565	
-0.643582	-0.579515	1999	
0.266260	-0.229781	1358	
-0.279208	0.826119	6883	
0.633353	-0.750133	5654	
-0.760430	-0.315339	1549	
0.007678	-0.410913	6423	
0.191481	0.556552	6722	
0.208614	0.868927	6670	
-0.077715	-0.740257	465	
0.815169	-0.273456	3991	
0.273204	-0.767469	3544	
-0.560604	0.294037	1648	
-0.086205	0.343726	1496	
-0.562719	-0.143130	416	
0.535194	-0.643694	5742	
-0.930131	-0.064535	2797	
0.617075	-0.698138	9056	
-0.683921	-0.043433	940	
0.684090	0.095076	6842	
0.087748	0.871836	5803	
0.978674	0.109709	4888	
0.447743	0.707653	468	
0.347004	0.707011	4453	
0.639900	0.552410	2163	
-0.394013	0.196997	3406	
0.829663	-0.371648	8216	
0.396102	0.878772	1445	
-0.534514	0.765959	10156	
-0.414437	0.704358	6159	
0.193846	-0.090034	1982	
0.741715	0.243957	6208	
-0.837926	-0.042442	9195	
-0.077157	0.509322	4262	
-0.298842	0.452032	3842	
0.912043	0.210816	9033	
-0.518284	-0.547743	1649	
-0.225176	0.626970	2027	
-0.377780	-0.662782	2133	
-0.638475	-0.375728	944	
0.415881	-0.713695	6160	
-0.019139	-0.588728	9868	
-0.101849	-0.072434	6918	
0.177280	0.411760	4900	
-0.481050	0.252491	6719	
-0.523335	0.055051	3202	
-0.598381	0.033679	6825	
0.131814	0.340801	1171	
-0.612958	0.284671	741	
-0.770042	-0.556651	1252	
-0.738938	0.416090	1439	
0.410804	-0.598736	4528	
0.122010	0.631617	2048	
0.622033	-0.613066	7103	
0.429740	-0.092306	6422	
-0.370758	0.411149	381	
0.146695	0.527685	6738	
0.610751	0.708508	8010	
-0.034110	-0.573274	9236	
0.838841	0.093437	7968	
-0.736916	-0.404530	2441	
0.593030	0.326881	2757	
0.632657	-0.062610	10096	
0.585688	0.456501	8828	
-0.830502	0.402466	9589	
0.170978	0.875268	7592	
-0.914553	0.387938	8135	
0.447334	0.707068	468	
-0.667998	0.463185	2503	
-0.109737	0.748944	6987	
-0.542046	0.406275	3708	
0.398144	0.541854	731	
-0.070177	-0.737493	465	
0.308132	-0.694023	1011	
0.881305	0.091475	4368	
0.411019	0.630989	4505	
-0.532581	-0.765293	637	
0.657698	0.575637	8445	
0.960097	0.256749	3084	
0.182638	-0.780365	6250	
-0.177678	0.553424	8201	
0.777411	-0.360803	5450	
0.530779	0.374550	1534	
-0.822190	0.402865	8617	
-0.441746	0.488365	3626	
0.187607	0.939119	9016	
0.278678	-0.021923	1854	
-0.388780	0.597644	7231	
-0.116804	-0.910641	1283	
-0.360395	0.317291	1537	
0.781183	0.000893	6177	
0.288105	0.677655	7006	
-0.611507	0.182355	6201	
0.259144	-0.404597	1430	
-0.150394	-0.528462	6737	
0.231136	0.723894	8853	
-0.033081	0.163132	3787	
0.066738	0.800845	2448	
0.338393	0.587248	2505	
0.667352	0.689208	5693	
-0.536802	-0.544233	9340	
-0.069253	0.865549	5194	
-0.573054	0.288618	1646	
0.005201	0.375700	5556	
-0.707504	-0.600694	1170	
-0.188549	0.718101	6016	
0.350295	0.804224	8017	
-0.462960	0.336885	4823	
0.376098	-0.001834	3597	
0.458728	0.731364	937	
0.136034	0.740637	6533	
0.204907	-0.890040	4413	
-0.616536	0.650858	7061	
0.106164	0.314982	6652	
-0.600851	-0.096301	4665	
0.604228	-0.732405	5932	
-0.596325	-0.056666	3672	
0.526302	-0.275516	4128	
0.737434	-0.467560	5417	
-0.562570	-0.281825	10088	
0.216499	-0.094073	1530	
0.493104	0.311277	1601	
-0.099687	0.718323	6229	
0.753246	-0.085356	9334	
0.881558	0.118006	6793	
-0.773479	0.515439	8119	
0.273256	0.805813	975	
0.200348	0.019050	4332	
-0.621951	0.303770	5025	
0.747860	0.079967	7002	
-0.212181	0.948013	9662	
0.270162	0.718942	10007	
0.407712	-0.331981	3068	
0.517127	0.402180	6507	
0.395733	0.692639	8161	
0.415796	0.829802	869	
-0.449760	-0.531068	1238	
0.662929	0.100707	7261	
0.101309	-0.143411	9770	
-0.258434	0.844364	6182	
0.392981	0.891084	1445	
0.038608	0.152655	9823	
-0.716153	-0.039230	2314	
0.621185	-0.187672	1483	
-0.438273	0.112561	1006	
-0.187493	-0.541898	5856	
-0.099566	-0.045900	354	
0.807460	-0.219143	1584	
-0.920445	0.265454	2909	
-0.135098	0.463822	7344	
0.628210	0.009314	6049	
0.741502	0.142247	5709	
0.804370	-0.153433	9069	
0.745813	-0.570786	3480	
0.735463	-0.285539	6562	
-0.268004	-0.428001	1109	
-0.510349	0.357595	6116	
-0.404741	0.694628	5827	
-0.525166	-0.289919	5248	
-0.742338	0.402213	1439	
-0.413526	-0.087817	8318	
-0.605939	0.447152	911	
0.252296	0.595550	5890	
0.277904	0.169758	8167	
0.131416	0.906878	1284	
0.406825	0.428052	9718	
-0.076128	0.407109	5834	
0.103269	0.376519	7459	
0.891711	-0.121345	4436	
-0.377439	0.773085	5832	
-0.633907	0.438181	1137	
-0.154824	0.512870	6301	
0.865580	-0.191786	9111	
-0.209108	0.198169	1938	
0.365834	0.689635	2501	
-0.416927	0.697536	6159	
-0.532010	0.185389	2537	
0.690176	0.069544	6967	
0.929389	0.354383	5302	
0.165593	-0.135044	3114	
-0.386757	0.408689	505	
0.045521	-0.197670	4178	
0.878686	0.324727	524	
-0.390205	0.339909	2171	
0.604837	0.116039	1415	
-0.637572	0.546638	5206	
-0.856941	-0.400562	2141	
0.618500	0.241852	4929	
-0.246057	0.842211	5116	
-0.311106	0.823968	7712	
-0.224289	0.637064	2027	
-0.206862	0.718582	5098	
0.850095	-0.006558	8866	
0.351362	-0.191115	5423	
-0.856356	-0.490952	6109	
0.485463	0.546878	5058	
0.753856	-0.193871	7991	
0.561903	0.539457	7580	
0.885260	-0.028693	9538	
-0.112282	-0.897095	715	
0.201014	-0.629278	2015	
0.253798	-0.206415	4879	
0.099425	0.833956	3413	
0.048644	0.669434	7392	
-0.568004	0.084486	7912	
0.163540	0.365835	1830	
0.471983	0.468924	9354	
-0.536210	0.668072	7201	
0.544140	0.474132	7009	
0.400131	0.379580	10067	
0.022664	0.537735	8505	
0.704535	0.070834	7389	
0.529561	0.228256	6898	
0.548316	0.006722	2874	
-0.418746	0.021330	4300	
0.673845	-0.236549	9330	
0.174348	-0.539509	7379	
-0.036495	-0.600661	5883	
-0.688968	-0.220197	6339	
0.600357	0.472549	8828	
0.285172	-0.011484	1658	
0.591365	0.778333	2019	
-0.204350	0.866186	7674	
-0.131797	-0.379354	4969	
0.176920	0.483196	5020	
-0.135319	0.475150	3790	
-0.264326	0.155533	2637	
0.027132	0.257691	4575	
0.059335	-0.079060	5565	
-0.228816	0.536194	9968	
0.404812	0.517165	7896	
0.015010	0.739699	7567	
0.295089	-0.617848	4777	
0.528971	0.409816	6801	
-0.502259	0.645431	6122	
0.881600	-0.202655	5166	
-0.740260	0.271084	5775	
0.852028	0.204202	3060	
0.740723	-0.211971	7164	
-0.700181	0.282989	4882	
0.125838	0.493243	1086	
-0.360201	-0.909568	4397	
0.207925	-0.542372	6136	
0.951201	-0.159658	1214	
-0.000075	0.649128	4118	
0.136626	-0.458474	7343	
-0.001059	-0.537805	7695	
0.439152	0.663739	9135	
-0.468435	-0.525693	4645	
0.507478	0.316724	1261	
-0.511155	0.481306	8598	
-0.183638	0.781570	6249	
0.845486	-0.240308	5595	
0.449341	0.197752	4829	
0.970329	0.176157	8182	
0.685797	0.229577	6340	
-0.655632	0.592424	8151	
0.568520	0.540393	8480	
0.051738	-0.408583	6387	
-0.436044	0.532819	4587	
-0.615933	-0.072238	6940	
0.230987	0.136700	8700	
-0.357675	0.348469	3685	
-0.020227	0.129330	5725	
0.142865	0.438241	929	
0.346105	0.367889	1183	
0.112163	0.083105	4366	
-0.387639	0.294121	957	
-0.267171	0.580414	3976	
0.149489	0.558832	7196	
-0.437021	0.675951	434	
-0.316083	0.788317	5819	
0.878622	0.026390	5155	
-0.615698	-0.547290	7493	
-0.391158	0.516848	2736	
0.122334	0.230063	6390	
-0.381985	0.833014	1481	
-0.637093	0.596372	7104	
0.886566	0.450647	4864	
0.704604	-0.193162	4290	
0.662440	0.475428	9527	
0.256862	-0.330375	4535	
-0.669017	0.658229	9704	
0.452927	0.089798	7230	
-0.081461	0.223852	5540	
0.868213	0.472781	7058	
0.299515	0.632292	6232	
0.319516	0.448017	2812	
0.075870	0.472410	6683	
-0.203057	0.197488	5591	
0.280977	0.052634	7378	
0.053242	0.609301	3567	
0.233387	0.540843	2650	
-0.572953	-0.581488	8889	
-0.625912	0.072949	8217	
0.099822	0.965339	5992	
-0.438527	0.504873	4512	
0.010485	0.186272	3129	
0.319104	0.144330	1787	
-0.209592	-0.486543	3458	
0.113649	-0.737783	6988	
0.651817	-0.703237	5666	
-0.270194	0.472991	5118	
0.389377	0.742722	1813	
-0.097983	0.121669	5262	
0.621100	-0.100096	1042	
-0.004456	0.208431	3063	
0.873477	0.157576	6280	
0.459880	0.480006	9585	
0.739264	0.409950	341	
-0.504011	0.417739	2235	
0.408443	0.621890	6581	
-0.182368	0.345317	1004	
-0.828843	-0.147844	9379	
-0.291174	-0.671768	5214	
0.746009	-0.385336	4001	
-0.880483	-0.039515	9761	
-0.481310	-0.208192	2795	
-0.776413	-0.184669	7505	
-0.043892	-0.717341	9544	
0.332343	0.788535	7150	
-0.659566	-0.554348	7339	
0.212645	0.808781	7184	
-0.582949	0.231682	5454	
-0.431104	0.255107	628	
-0.103187	-0.369016	6797	
0.588257	0.456121	9771	
-0.223083	0.218171	4171	
0.783396	0.400474	8242	
0.697498	-0.063120	10188	
0.027255	0.652054	6046	
-0.259152	0.104891	516	
0.439844	-0.551276	6149	
0.281407	0.275803	9283	
-0.033866	0.443932	8879	
0.830089	0.470392	8776	
-0.817525	-0.158580	7772	
-0.596466	0.237892	6078	
0.123983	-0.025611	4084	
-0.020661	0.401669	5683	
0.484749	0.826821	1480	
-0.968615	-0.099724	6087	
-0.459937	-0.068132	4758	
0.918929	-0.348556	7942	
0.257638	-0.021116	7274	
-0.133809	-0.408986	8492	
0.282691	-0.859531	5373	
-0.329160	0.321538	1919	
-0.014632	0.663037	5297	
0.881773	0.171584	7134	
0.189854	0.075309	8178	
-0.078901	0.561840	5989	
-0.212703	0.894769	4414	
0.153283	0.512053	6904	
0.930740	0.324449	2946	
0.023514	0.838648	4329	
0.519462	0.245475	5850	
0.097594	0.268046	7220	
0.605874	-0.576440	4565	
0.459717	0.167208	1367	
0.471353	-0.347668	8532	
-0.735681	0.582322	6243	
-0.305479	0.833596	6432	
-0.469929	0.250928	4291	
-0.453990	0.286533	2964	
0.270235	0.320085	5038	
-0.477667	0.856115	8881	
-0.326815	-0.528521	4827	
0.270834	0.061062	6376	
-0.427550	0.453826	2471	
-0.453460	0.698947	916	
-0.378776	0.139502	6775	
0.223370	0.594671	8730	
-0.050993	0.109248	8923	
0.399667	0.131355	903	
0.418132	0.009790	5713	
-0.256442	0.385023	1739	
0.432229	0.535393	4709	
0.189601	-0.666574	4653	
0.915617	-0.179199	5195	
-0.896022	0.380183	8135	
-0.058584	-0.821423	3095	
0.407921	0.688630	1385	
-0.014712	0.488796	4054	
-0.606027	0.229123	6142	
0.587756	0.783886	2118	
-0.377203	-0.526274	3337	
0.281052	0.013097	7237	
-0.446126	0.465855	2683	
-0.065537	0.531812	3421	
-0.481701	0.559064	1543	
0.113744	0.068174	3300	
-0.389521	0.211540	4791	
-0.405963	-0.639484	8909	
0.576960	-0.799847	5995	
0.225023	0.345672	7301	
-0.185987	0.231240	2026	
-0.452519	0.237096	633	
0.470714	0.779946	1211	
-0.427209	0.174570	9358	
0.285635	-0.535471	3702	
-0.657229	-0.452080	9393	
0.112252	0.067600	3300	
0.828014	-0.033354	9424	
-0.236530	-0.892826	6661	
0.949699	0.136674	7226	
-0.554195	0.316083	4928	
0.312230	0.679334	2672	
0.571516	0.547787	8706	
-0.245970	0.627256	2645	
-0.624210	0.722769	9447	
0.515876	0.094664	4674	
-0.006667	0.810487	4378	
0.008789	0.634884	4118	
0.054655	-0.732581	7429	
0.835503	-0.479051	1034	
-0.441589	-0.644654	7966	
-0.109351	-0.472306	393	
-0.452052	0.083156	3990	
0.571440	-0.094192	7810	
0.013825	0.435997	8655	
-0.209312	-0.464207	805	
-0.049432	0.631715	5649	
-0.102537	0.331201	4764	
-0.261100	-0.527330	2373	
0.301445	-0.029586	4227	
0.171506	0.832197	6876	
0.047669	0.905127	6404	
0.587445	0.690979	8243	
0.604837	0.103119	4666	
0.102490	-0.113877	4429	
-0.700486	0.270191	3817	
0.652402	-0.413457	1928	
0.168495	0.173991	7545	
-0.283319	0.716605	1089	
0.551805	0.756382	5570	
-0.185088	-0.372894	2737	
0.564267	0.542981	7580	
0.506762	0.028211	6601	
-0.604135	0.310381	6965	
0.182703	0.732319	3467	
-0.891639	-0.400157	2601	
-0.005427	-0.475059	3324	
0.773304	-0.600968	4061	
0.793709	-0.047064	1106	
-0.192443	-0.470575	5019	
-0.216506	-0.496163	2315	
0.058196	0.873790	5782	
-0.635803	0.192713	1612	
0.391512	0.672442	2134	
0.761156	0.123825	2309	
0.944270	0.098545	9086	
0.861965	0.270800	7178	
-0.551657	0.244112	4110	
0.855821	0.485862	6110	
-0.549831	0.345056	6937	
-0.161746	0.383929	3094	
0.658117	-0.003668	673	
-0.546566	-0.134084	758	
-0.204164	0.356059	3342	
0.574583	-0.661346	7169	
0.531811	0.682703	2841	
0.778259	-0.002126	6177	
-0.381677	0.766816	5832	
-0.144692	0.848039	6183	
0.234268	0.338733	6175	
-0.297182	0.926206	8752	
-0.351299	0.150316	8253	
0.874684	0.225183	7898	
0.401149	0.216767	9197	
0.103587	0.907840	716	
-0.680057	0.495496	4658	
-0.359631	0.390313	9893	
-0.424455	0.360109	4918	
0.287246	0.580170	2709	
0.916142	-0.114828	9817	
0.017452	0.364588	9764	
-0.185357	0.242786	4441	
0.193562	0.412445	3800	
0.978193	0.081393	4820	
-0.404846	0.410780	739	
-0.096047	-0.731794	7585	
-0.328851	0.368164	5101	
-0.148666	0.333130	7595	
-0.745046	0.435024	7703	
0.693236	0.670071	1397	
0.168364	-0.048567	1455	
0.834713	-0.057873	9826	
0.220273	0.093301	6124	
0.410492	0.239465	2328	
0.836428	0.208954	9002	
0.736759	0.074897	6992	
0.778497	-0.098677	3399	
0.369862	-0.421779	506	
0.936852	-0.267832	598	
-0.476214	0.250353	6719	
0.895947	0.018400	9225	
0.384782	0.358248	3645	
0.650227	0.094997	8159	
0.862917	-0.203512	5166	
0.684457	-0.285561	9820	
-0.216137	0.182159	5076	
0.003671	0.393085	5556	
0.215512	0.622380	9808	
-0.725693	-0.232681	7762	
0.862898	0.404858	2142	
-0.643948	0.604961	6978	
-0.294573	0.678479	1115	
0.424326	0.393063	1118	
0.435051	-0.013867	6435	
-0.293852	0.888883	9659	
-0.591819	-0.628391	6081	
0.064189	0.905992	6395	
0.309412	0.050576	4422	
-0.056682	-0.093579	1685	
0.342527	-0.889018	9508	
0.327895	-0.391710	9815	
-0.181365	-0.638233	4198	
0.375447	-0.695854	4680	
0.514133	0.321377	7782	
-0.347107	0.606355	7575	
-0.325830	0.670160	1150	
0.253882	0.010613	4027	
-0.001617	0.859642	6849	
-0.583929	0.311404	3847	
0.789291	-0.090069	3288	
0.119357	0.533651	5985	
0.005654	0.226046	1628	
0.116682	0.175589	7127	
-0.182178	0.284022	6053	
0.679824	-0.098129	9612	
-0.487738	0.427467	2235	
-0.542833	-0.031537	9540	
0.277053	0.303586	5954	
0.120175	0.506199	1718	
0.451058	0.737399	1264	
-0.699283	-0.135507	8064	
0.114076	-0.006445	630	
-0.014239	0.467240	2183	
-0.370007	0.192578	5424	
0.637375	0.060959	8873	
-0.805713	-0.534155	8589	
0.307429	-0.710690	3780	
0.534036	-0.420347	4627	
0.110038	0.571429	7478	
-0.509318	0.222844	3522	
-0.439689	0.145418	3534	
-0.091280	0.351507	1845	
-0.781912	0.337725	6288	
-0.400142	0.471810	2714	
-0.206801	0.583699	4730	
0.818387	0.463851	7961	
0.360127	0.685532	2501	
-0.612242	0.574362	5172	
0.760321	0.616616	2302	
-0.367455	0.851242	8221	
0.049917	0.786869	2500	
-0.157812	0.499931	6656	
0.222435	-0.303079	781	
-0.737717	0.428002	4230	
-0.665967	-0.296943	3452	
0.807239	0.181216	3334	
-0.762685	0.560105	808	
0.041957	0.398299	7678	
0.075763	0.450880	3481	
-0.240526	0.172741	3078	
-0.011632	0.964046	5724	
-0.569393	0.584991	4551	
0.373723	0.701781	2633	
0.742210	0.180440	9006	
0.046822	0.339799	10174	
0.365243	0.143086	2427	
-0.624890	0.644699	7061	
0.489458	0.659437	4224	
-0.408525	0.298608	3073	
0.848340	0.391983	2142	
-0.704573	0.461060	3745	
-0.506487	0.621852	5746	
0.765439	0.620023	2302	
0.947695	0.265616	4090	
-0.494716	0.808179	2077	
0.244392	-0.048871	6638	
-0.412938	0.770779	5477	
-0.463204	0.779408	7789	
-0.033342	0.707374	7511	
0.750327	0.563850	788	
0.679345	-0.022588	9681	
0.317762	0.648007	2486	
0.686842	0.127030	4933	
0.629294	0.104628	6337	
-0.377607	0.445951	6070	
-0.224647	0.559209	6606	
0.285851	0.627742	6578	
0.810250	-0.470777	8939	
0.172632	-0.953363	9088	
-0.372754	0.790968	6444	
0.554619	0.646802	810	
0.541422	0.490944	9305	
0.539267	0.159682	8166	
0.831051	0.399351	7776	
-0.525666	-0.726857	9918	
-0.579047	0.463633	831	
-0.513356	0.549266	1812	
-0.274669	0.708464	2564	
-0.009931	-0.219743	5217	
0.639985	0.678129	1270	
0.526282	0.229642	6898	
0.562138	0.033014	3055	
0.423154	0.426269	4187	
0.905063	-0.074398	6702	
-0.319137	0.552226	2832	
-0.546254	0.696425	5619	
0.023933	0.290450	3594	
0.500005	0.804796	2629	
-0.502566	0.250373	3355	
-0.519176	-0.455374	6924	
0.592139	-0.659222	7949	
-0.166654	-0.775299	6691	
-0.907677	-0.170073	7589	
0.904485	0.190573	7590	
-0.542830	0.694616	6829	
-0.557667	0.655414	6973	
0.843987	-0.003967	9914	
0.903238	0.075203	9338	
-0.687160	0.555512	7029	
0.015231	0.425842	9705	
-0.455426	0.367845	7608	
-0.528689	0.334648	823	
-0.250985	0.313939	3391	
0.276599	0.060894	6376	
0.398432	0.624682	6581	
-0.803429	0.511465	3525	
0.135865	-0.458713	7343	
0.278050	0.311903	1508	
-0.434636	0.401677	8546	
0.446408	0.481178	6034	
0.248009	-0.312902	3392	
0.660748	-0.073986	8684	
-0.272477	0.664328	6986	
-0.329705	0.771853	5473	
-0.838021	0.422374	2211	
-0.203837	-0.937536	2201	
-0.646102	-0.182735	2858	
0.719624	-0.633041	9930	
-0.039922	0.798042	1053	
-0.419909	0.538445	5715	
-0.613080	0.518119	3339	
-0.338018	0.719859	4051	
-0.958275	0.164307	8453	
0.133789	0.062321	3885	
0.493335	0.008955	1277	
-0.158732	0.923589	1288	
-0.389525	0.543220	5044	
0.525412	0.195159	9845	
0.656001	0.717914	1066	
0.504126	0.279685	3242	
0.135893	0.099110	2237	
0.136685	0.076788	4018	
-0.053512	-0.822980	3095	
0.023291	0.712960	8211	
-0.215993	-0.448851	522	
-0.240654	0.751806	2484	
0.068914	0.931147	1485	
-0.503227	0.478563	5170	
-0.470908	0.473581	4545	
-0.586170	0.495011	4356	
0.241696	0.915826	2036	
-0.527231	0.724446	5911	
0.482711	0.587336	8648	
-0.300785	0.522939	2977	
-0.514202	0.376316	5016	
0.911080	-0.035637	10214	
0.636638	-0.031477	7766	
0.172546	0.822132	6593	
-0.209533	0.853768	7437	
0.562700	0.689408	5517	
-0.291180	0.279879	3328	
0.810740	0.220844	1906	
0.674278	0.711480	2050	
0.880063	0.437963	4864	
0.319318	0.804344	7106	
0.763076	-0.084444	9334	
0.043112	0.329245	9858	
0.698607	0.521568	9512	
0.116451	0.167179	9204	
0.618118	0.631924	9976	
-0.051638	0.527591	3421	
-0.390260	0.582174	7231	
-0.257929	0.248989	828	
-0.169202	0.253802	4529	
-0.286307	0.651772	5894	
0.540359	0.019341	1509	
-0.406146	0.514641	2736	
-0.105057	-0.920486	1343	
-0.104583	-0.953129	551	
-0.067024	0.292904	5719	
0.368224	0.453636	571	
0.272552	0.408056	7652	
-0.172513	0.302541	6462	
0.478294	0.699687	631	
-0.741360	-0.333028	9063	
0.456702	0.292136	3343	
0.487482	0.183772	2879	
0.530156	-0.014852	1235	
0.522268	-0.315121	8602	
0.503494	0.692539	7091	
-0.190597	0.351955	3846	
-0.165966	0.468637	3909	
0.331675	0.316781	10255	
0.718295	0.552606	9004	
0.523662	0.108206	2815	
-0.555885	0.394313	3708	
-0.535031	0.353125	6937	
0.464457	0.790447	1211	
-0.484916	0.696201	4568	
-0.437569	-0.418947	931	
-0.616841	-0.298262	5787	
-0.160522	-0.905399	9067	
-0.384756	-0.809040	7242	
0.597083	0.641180	8830	
0.776908	0.270500	2096	
0.760247	0.319414	1550	
0.222279	0.630356	2510	
0.592590	0.605121	702	
0.408836	0.049623	2725	
-0.455634	0.560141	6949	
-0.623528	0.632380	6014	
-0.634112	0.602503	7104	
0.239688	0.730528	8853	
0.868894	-0.036662	5328	
-0.311372	0.274195	4618	
-0.206576	0.921585	1432	
0.283394	-0.858934	5373	
0.298220	0.348611	3498	
-0.741646	0.546447	8770	
0.361447	0.396448	3268	
0.056757	-0.801086	2208	
0.221392	0.588856	9576	
0.495095	-0.046027	5332	
0.088720	0.449760	4275	
-0.516541	0.762466	9252	
-0.567551	-0.725561	9342	
-0.804344	-0.325356	1332	
0.177246	-0.930004	1253	
-0.331126	0.597436	6031	
0.481634	0.139014	2341	
0.333880	0.152342	1698	
0.873513	0.093386	4368	
-0.875736	0.435127	6757	
0.760003	0.097546	2205	
0.247792	0.584196	5890	
-0.327176	0.431570	2482	
0.507516	0.132600	3747	
-0.200239	0.331329	850	
0.566606	0.774472	7359	
0.191028	0.542742	4747	
0.729338	0.135615	8868	
0.759621	0.116125	2416	
-0.059944	-0.725801	435	
-0.286883	0.108897	3013	
-0.557105	0.194932	2137	
0.510672	-0.027400	6913	
0.544720	0.372894	5051	
0.228857	0.085506	5340	
0.218093	0.082206	5340	
0.328245	0.147587	1787	
0.359944	0.758449	6097	
0.711954	0.313516	8561	
-0.293326	0.278055	3328	
0.443247	0.109059	3823	
0.618433	0.086447	6337	
0.724842	0.530310	691	
0.001285	0.518242	4474	
-0.354870	0.445870	3722	
-0.066574	0.302346	4688	
0.417021	0.545496	3608	
-0.157720	0.789721	5112	
-0.053512	0.597385	6145	
0.592275	0.771873	2019	
0.779694	0.587229	1350	
-0.132478	0.313042	4494	
0.166707	0.579888	9368	
-0.524262	0.366333	5016	
-0.333580	0.446808	3203	
0.631080	0.005439	6049	
0.721145	0.548231	9004	
-0.443724	0.821940	7157	
0.604816	0.195676	3051	
-0.164396	0.820760	5687	
-0.483157	0.610739	5699	
0.536537	0.006859	1819	
-0.061228	0.475567	3000	
0.385151	0.136581	5192	
-0.822466	-0.254055	5496	
-0.393231	-0.838395	7045	
-0.572936	0.455344	8291	
-0.242065	0.178751	2901	
0.337759	-0.052238	5638	
0.168448	0.910671	9068	
-0.143901	0.247866	10148	
0.318408	-0.446951	3204	
0.672603	-0.010679	9681	
-0.156922	0.401355	3094	
0.268996	0.594381	4696	
0.588094	-0.632567	6630	
0.447778	0.493103	8158	
0.038083	0.800583	2500	
-0.638937	0.678531	8301	
0.425701	0.469862	2973	
0.237725	0.699040	9369	
-0.223298	0.411510	1893	
-0.794813	0.467746	8800	
-0.677871	0.561809	7029	
-0.294319	0.377401	9207	
0.455088	0.563141	7063	
-0.223462	-0.369949	1641	
-0.339053	-0.487998	4845	
-0.328272	-0.473884	4124	
-0.238882	-0.517654	9525	
-0.032974	0.113656	9813	
-0.144631	0.627648	1051	
-0.205032	0.636796	4678	
-0.232185	0.732161	7000	
0.263443	0.361627	5215	
0.447269	0.601888	9214	
0.550052	0.164073	5521	
0.551513	0.240922	8821	
0.553934	0.249992	8821	
0.161038	0.865351	7592	
0.472364	0.653435	4286	
0.043486	0.842528	4346	
-0.012082	0.669752	5297	
-0.214016	-0.495834	2315	
0.201197	0.326517	6007	
0.011188	0.688276	9911	
0.275976	0.367158	2932	
-0.246166	-0.843584	4620	
-0.371246	0.338858	3685	
0.873482	-0.176774	7257	
-0.475243	0.455633	4307	
0.499998	0.289564	5258	
-0.084052	-0.662366	5323	
-0.060747	-0.625938	6540	
-0.093481	-0.680414	6018	
0.586838	0.135261	5520	
-0.300057	0.318246	7142	
0.752091	0.174118	9231	
0.303444	0.666235	2672	
-0.660526	0.711662	1965	
-0.197790	0.576461	4730	
-0.410503	0.337174	3067	
-0.708938	0.621290	1246	
-0.211624	0.403644	7334	
-0.011907	0.811208	4378	
0.527486	0.780216	476	
-0.446098	0.319248	3384	
-0.295764	0.513654	5210	
-0.211841	0.581892	4730	
0.277609	-0.057287	2300	
-0.684947	0.326020	6744	
-0.675995	0.471957	2503	
0.729813	0.436155	1266	
0.751811	0.196620	7507	
0.748603	0.157828	9359	
0.749192	0.155424	9359	
0.751587	0.172212	9231	
0.752975	0.207135	7482	
0.750319	0.328261	2246	
0.042749	0.835891	3584	
-0.020025	0.457148	9267	
-0.253278	0.357991	7137	
0.143465	0.672089	2488	
0.127066	0.762459	7683	
-0.111068	0.726611	6987	
-0.550668	0.484624	446	
-0.340488	0.258932	5366	
-0.278183	0.659050	6986	
0.386065	0.041661	6566	
0.859994	0.430756	1839	
0.665029	0.701434	5693	
-0.355863	0.713918	3531	
-0.413953	0.569658	7055	
-0.693762	0.560131	7093	
-0.118745	0.726481	6987	
-0.171772	0.492490	5748	
0.247355	0.708307	9369	
-0.208976	0.674293	6705	
0.740706	0.389496	2442	
0.754850	0.220041	5876	
0.755850	0.264678	5674	
0.021995	0.495457	5642	
0.140015	0.754286	7683	
0.561937	0.550673	7659	
-0.040818	-0.610166	5883	
0.235586	-0.652066	5443	
-0.356569	0.490349	3186	
-0.567061	0.523659	2073	
0.770367	-0.159854	5859	
0.730001	0.327103	9064	
-0.555400	0.503140	1597	
-0.076508	-0.709978	7618	
-0.141007	0.502631	2121	
0.098148	0.775938	845	
-0.397095	0.336304	2171	
-0.635902	-0.293610	5041	
0.300122	0.387155	4555	
0.022629	0.711992	8211	
0.001333	0.681986	9911	
0.289425	0.381988	5144	
0.180349	0.860800	7740	
-0.286234	0.850490	5374	
0.310391	0.797681	6211	
0.472290	0.226844	2159	
-0.294352	0.843166	6432	
-0.135793	0.176176	4383	
-0.434738	0.106376	1030	
-0.414450	0.112873	9686	
-0.420288	0.115931	9686	
-0.390101	0.113643	5204	
-0.375736	0.113757	7522	
-0.322541	0.120191	3446	
-0.326952	0.119876	3446	
-0.257682	0.143514	1436	
-0.219905	0.167745	5076	
-0.188639	0.191284	5591	
-0.130390	0.236973	9295	
-0.124087	0.241398	9295	
-0.123305	0.241480	9295	
-0.090256	0.263445	6353	
-0.159942	0.210937	10010	
-0.245793	0.145723	1638	
-0.304266	0.117950	3894	
-0.380183	0.103765	362	
-0.342249	0.101346	5631	
-0.303093	0.101532	3977	
-0.167292	0.158783	4949	
-0.059139	-0.257714	3963	
-0.282907	0.839278	6883	
0.795235	0.442573	7936	
0.433505	0.267146	608	
0.587245	0.534910	8051	
0.126550	-0.054494	9168	
0.161308	-0.054846	7051	
0.124793	-0.054232	9168	
0.096252	0.277397	6448	
0.106447	0.844394	3413	
-0.269300	0.570884	3976	
-0.303238	0.675726	1012	
-0.261188	0.922600	5590	
0.488046	0.021771	6795	
-0.404713	0.780930	6010	
0.294349	0.854235	1293	
-0.002103	0.892104	9774	
0.092405	0.901977	716	
0.449096	0.774675	989	
-0.420964	0.764697	6010	
0.408600	0.112696	1655	
0.494375	0.015875	1277	
0.758207	-0.133471	3995	
-0.863002	0.325743	6217	
0.461885	0.295064	3343	
-0.291776	0.586715	3381	
-0.279778	0.566485	3579	
-0.270297	0.565798	2719	
-0.267807	0.567708	588	
-0.269820	0.570230	3976	
-0.277707	0.571643	3381	
-0.286204	0.582970	3381	
-0.305971	0.638889	7244	
-0.267362	0.737946	3795	
0.161055	0.835577	6526	
0.370522	0.204402	2037	
0.154355	0.107390	2070	
0.119315	0.126099	9490	
0.256129	0.101342	1465	
0.003955	0.854452	6849	
0.504552	-0.023559	6913	
0.899389	0.251352	10050	
0.690909	0.646157	1397	
0.658932	0.678030	5693	
0.916076	0.077963	9058	
0.582931	0.185460	4612	
0.472468	0.292282	2770	
0.120571	0.124114	9490	
0.184309	0.096743	3474	
0.224681	0.817224	4602	
-0.305218	0.635653	7180	
-0.285640	0.590582	3381	
-0.274916	0.578298	3381	
-0.272540	0.589565	3976	
-0.266744	0.731647	1732	
0.153719	0.119187	3906	
0.074145	0.243476	10253	
0.152219	-0.061350	4221	
0.207586	-0.020347	1017	
0.203585	0.032585	6770	
0.336372	0.140438	1698	
0.556934	0.590225	9114	
0.589167	0.423239	8106	
0.261034	0.082477	9653	
0.196286	-0.026948	1017	
0.184251	0.104108	5395	
0.147473	0.097221	2844	
-0.362318	0.803700	6036	
-0.247523	-0.451489	4073	
-0.168699	0.160546	4949	
-0.288832	0.108954	3013	
-0.300551	0.114380	3045	
-0.209978	0.166702	1703	
-0.090844	0.260520	6804	
0.068898	0.392184	9959	
0.114102	0.485427	876	
0.099656	0.493117	7777	
0.040866	0.371024	5409	
-0.670659	0.243200	9329	
-0.709536	0.344953	8006	
-0.682628	0.390421	1210	
-0.679024	0.400032	1210	
-0.672016	0.403891	1234	
-0.665903	0.406961	1927	
-0.651659	0.412146	1927	
-0.651741	0.414051	1927	
-0.633996	0.418554	3570	
-0.622654	0.420002	1137	
-0.612491	0.421060	1131	
-0.597891	0.422350	9097	
-0.595380	0.421911	9097	
-0.596937	0.420251	9097	
-0.590284	0.416459	8997	
-0.612461	0.409882	9024	
-0.640223	0.400764	3570	
-0.662326	0.383783	1234	
-0.690132	0.359978	8620	
-0.690968	0.339291	6744	
-0.695235	0.310347	5512	
-0.675657	0.255941	7814	
-0.593694	0.199574	5464	
-0.016821	0.324825	9228	
0.363699	0.713830	4453	
0.625831	0.059345	8130	
0.589146	0.014958	3372	
0.712966	-0.024862	4486	
0.742015	-0.022650	6815	
0.711711	-0.027212	4486	
0.655220	-0.020140	6791	
0.578731	0.015849	3020	
0.530301	0.070360	5276	
0.582338	0.069788	2883	
0.288248	0.883387	1092	
0.142978	0.540863	6738	
0.150489	0.466576	720	
0.047023	0.309993	5563	
0.023788	0.253466	3973	
0.035883	0.283283	4022	
0.084143	0.368146	7357	
0.155277	0.470676	6964	
0.167985	0.537269	7396	
0.159639	0.548824	7376	
0.446673	0.629929	2382	
-0.280124	0.892443	1340	
0.630255	0.072792	8130	
0.552424	0.082262	3109	
0.531666	0.081684	5276	
0.526388	0.074685	5232	
0.527054	0.071896	5232	
0.530531	0.072153	5276	
0.535565	0.077470	5276	
0.547719	0.078461	3330	
0.573851	0.070714	2883	
0.591199	0.067157	2883	
0.608328	0.066176	6939	
0.637580	0.071135	8130	
0.665437	0.081674	6667	
0.700069	0.114570	5106	
0.722146	0.160900	5658	
0.736310	0.220081	7482	
0.723289	0.440029	1266	
0.634170	0.632329	9260	
0.488775	0.773351	8195	
0.508978	0.757804	8195	
0.664593	0.587953	8445	
0.736895	0.362452	7038	
0.731253	0.193335	6092	
0.701364	0.116356	5106	
0.659231	0.078527	6667	
0.608891	0.064915	6939	
0.572151	0.069318	2308	
0.550792	0.072225	1994	
0.537994	0.069090	3330	
0.539153	0.054965	5099	
0.566655	0.026043	2453	
0.614383	-0.004092	5972	
0.665293	-0.022881	10118	
0.735222	-0.025991	5840	
0.780368	-0.005673	6177	
0.814647	0.034882	9416	
0.832848	0.080398	6927	
0.838562	0.111205	7024	
0.837725	0.108325	7024	
0.827262	0.070411	6927	
0.771518	-0.006348	6870	
0.614970	0.001730	5972	
0.716569	0.136460	8868	
0.060141	0.394841	7658	
-0.549659	0.170960	2853	
-0.674518	0.265376	7814	
-0.684931	0.326054	6744	
-0.671140	0.362916	8392	
-0.636297	0.389157	6086	
-0.593502	0.406814	9097	
-0.511215	0.416795	2337	
-0.454024	0.420930	8385	
-0.442312	0.426275	3613	
-0.523484	0.433013	4628	
-0.806968	0.349652	7166	
-0.906205	0.263925	2909	
-0.911583	0.291341	8637	
-0.906009	0.319080	8637	
-0.899135	0.338062	1325	
-0.893701	0.353512	665	
-0.886829	0.370592	7211	
-0.881493	0.386190	7211	
-0.876077	0.395351	679	
-0.871649	0.402924	679	
-0.869608	0.405737	679	
-0.864718	0.412886	477	
-0.865815	0.408934	679	
-0.869337	0.398874	679	
-0.870629	0.386516	679	
-0.874962	0.371121	7211	
-0.881589	0.350636	987	
-0.885876	0.325487	665	
-0.888471	0.304977	7081	
-0.882840	0.299529	7081	
-0.871115	0.304651	6843	
-0.813324	0.352222	7166	
-0.725400	0.406073	4230	
-0.552213	0.438835	5309	
-0.374164	0.434762	4998	
-0.266274	0.445913	3808	
-0.156222	0.479125	6614	
-0.082002	0.511376	4262	
-0.060706	0.520502	3947	
-0.077652	0.509850	4262	
-0.102441	0.494762	1916	
-0.139311	0.475751	3790	
-0.196313	0.449309	8380	
-0.251707	0.426376	2956	
-0.314486	0.404235	7452	
-0.405536	0.378276	4966	
-0.470531	0.354106	8531	
-0.504378	0.327305	9561	
-0.509299	0.315465	8601	
-0.504003	0.318397	9561	
-0.489831	0.330618	9514	
-0.467728	0.343594	9313	
-0.439286	0.357270	4851	
-0.405876	0.368621	4322	
-0.368326	0.379835	4797	
-0.315551	0.396189	7452	
-0.270086	0.413319	3768	
-0.237018	0.427079	1375	
-0.214283	0.437597	7214	
-0.197183	0.446102	8380	
-0.193310	0.448898	8380	
-0.199862	0.447085	8380	
-0.214451	0.441797	7214	
-0.229821	0.436402	7971	
-0.246789	0.430925	2956	
-0.255341	0.428838	2956	
-0.262454	0.427235	3250	
-0.272967	0.424339	3250	
-0.281105	0.422556	3058	
-0.290624	0.420253	3591	
-0.297511	0.418967	3591	
-0.302511	0.417977	3591	
-0.311530	0.416073	2267	
-0.314567	0.415241	2267	
-0.317157	0.414695	2267	
-0.316573	0.414904	2267	
-0.314125	0.415589	2267	
-0.309710	0.417013	2267	
-0.301000	0.419002	3591	
-0.291177	0.421545	3591	
-0.279733	0.424714	3768	
-0.262451	0.430094	3250	
-0.244757	0.435357	2956	
-0.227430	0.440982	7971	
-0.206176	0.449194	8380	
-0.180799	0.459021	5670	
-0.151718	0.471778	6614	
-0.124850	0.484060	3790	
-0.097332	0.497790	1916	
-0.060251	0.518173	3947	
-0.023863	0.538648	4938	
0.012826	0.560362	8470	
0.037983	0.576657	9235	
0.051895	0.586786	7270	
0.047559	0.584865	7270	
0.023149	0.570344	9235	
-0.044516	0.533069	4183	
-0.145741	0.485824	6267	
-0.299418	0.442245	3197	
-0.510037	0.439566	5239	
-0.702678	0.417542	6198	
-0.812091	0.359054	7204	
-0.862853	0.326048	6217	
-0.867710	0.341247	665	
-0.863148	0.368514	987	
-0.851637	0.405836	477	
-0.831264	0.451064	9603	
-0.805084	0.500796	6030	
-0.772293	0.553600	882	
-0.729834	0.610263	10209	
-0.687733	0.661028	10159	
-0.640593	0.708172	5665	
-0.595711	0.746716	5931	
-0.558278	0.773602	8475	
-0.533643	0.789891	9151	
-0.514031	0.802042	9209	
-0.492887	0.814124	2077	
-0.474946	0.824319	2199	
-0.459508	0.832312	5865	
-0.445505	0.839521	7643	
-0.436802	0.843489	1221	
-0.421678	0.850245	377	
-0.419833	0.850445	377	
-0.424628	0.847596	377	
-0.426041	0.845967	377	
-0.431252	0.842265	377	
-0.437938	0.837638	377	
-0.446520	0.831720	5865	
-0.455439	0.825553	5865	
-0.467470	0.817871	5865	
-0.482741	0.808275	2077	
-0.498239	0.797707	2077	
-0.513454	0.787056	9209	
-0.527498	0.775908	10156	
-0.541346	0.764464	10156	
-0.554608	0.753250	9742	
-0.568343	0.741193	9742	
-0.581369	0.728857	9492	
-0.593466	0.716751	9492	
-0.603731	0.705169	9055	
-0.612487	0.694194	9055	
-0.619929	0.683957	8185	
-0.624775	0.673796	8185	
-0.626805	0.664997	8185	
-0.622478	0.659162	8127	
-0.611306	0.652550	8127	
-0.594528	0.649282	8127	
-0.575544	0.651022	7170	
-0.563370	0.655655	7170	
-0.556853	0.662716	6973	
-0.555067	0.670433	7201	
-0.555087	0.678000	7201	
-0.557015	0.684210	6829	
-0.559514	0.689832	6829	
-0.563040	0.693981	6829	
-0.568486	0.696491	6829	
-0.574951	0.697358	8014	
-0.582765	0.696165	8014	
-0.591289	0.693344	9784	
-0.600329	0.688990	9784	
-0.609633	0.683314	8185	
-0.619051	0.676755	8185	
-0.628365	0.669339	8185	
-0.637328	0.661663	8301	
-0.645907	0.653786	6205	
