time = 27.247	Re = 25	rotation = -42.7766
0.459001	-0.013616	1922	
0.391734	0.643245	9359	
-0.264454	0.496117	5855	
-0.159553	0.197672	2894	
0.322727	0.380862	1277	
0.561671	0.353876	1483	
-0.781334	0.538560	9948	
0.053587	0.602844	8513	
0.535582	-0.141482	8540	
0.035283	0.779514	8113	
0.265420	0.760147	9064	
-0.011041	-0.845334	5608	
-0.186067	-0.273143	3430	
-0.513978	0.372838	5065	
0.090247	-0.944892	1716	
-0.749097	0.106754	5924	
0.264927	0.368669	4921	
0.486185	-0.467787	9912	
-0.337780	0.043238	7714	
0.643974	0.245511	5026	
0.657955	0.071325	2236	
-0.901096	-0.337208	9787	
0.349809	0.540264	5180	
-0.435227	-0.855746	9583	
-0.248662	-0.916731	887	
0.355135	-0.012955	491	
0.055997	-0.531201	3267	
0.127544	0.946316	1251	
0.335924	-0.684649	7764	
0.204699	0.607347	2539	
-0.704462	-0.340058	6561	
0.273844	0.176228	1750	
-0.003326	0.746806	6809	
-0.872893	-0.082229	7271	
0.273550	-0.362901	4276	
-0.583146	0.121368	1433	
0.188306	-0.591610	863	
0.120242	-0.894648	9482	
0.377287	-0.903086	1446	
-0.641856	0.155548	4273	
0.051575	0.622141	8630	
0.593192	0.515827	3288	
-0.872910	0.124852	7121	
0.615133	0.514242	3288	
0.979194	0.084785	4248	
0.377389	0.288924	2860	
-0.666898	-0.227687	3774	
0.044142	0.522142	5728	
0.378359	0.478942	6276	
0.423103	0.516910	8967	
0.383403	0.773797	9290	
0.607543	-0.557916	9749	
0.040204	-0.617401	2589	
0.002792	0.183588	6233	
0.477480	-0.550078	7618	
0.588297	0.313206	4149	
-0.695745	0.049858	6150	
0.009893	0.833892	793	
-0.325372	0.837075	7241	
-0.794997	-0.244997	4230	
-0.256993	-0.793533	8846	
-0.550685	0.187793	8818	
0.344371	0.348352	973	
-0.230377	0.530313	9526	
0.128622	0.243551	6708	
-0.736925	-0.464212	5108	
0.348543	-0.618340	8358	
0.476644	0.340567	5059	
0.049199	0.608707	8513	
-0.116054	0.457393	7404	
-0.159238	0.944915	5003	
-0.429944	0.253644	1916	
0.743649	-0.443296	7099	
0.629382	0.018823	2472	
0.465665	0.260679	7447	
0.044771	0.517127	9549	
-0.599151	-0.382085	3394	
-0.494499	-0.301473	2577	
-0.780185	-0.580270	7927	
-0.688020	-0.083003	5239	
-0.264981	-0.353729	4922	
-0.481098	-0.007456	1701	
0.810404	0.457151	7082	
-0.345548	0.220659	5834	
0.606119	0.676444	3669	
0.570853	0.522801	1124	
-0.303472	0.317712	9159	
-0.592986	0.115453	1433	
0.459660	0.660527	3791	
0.508695	-0.829687	4339	
0.415334	0.708761	3334	
0.450620	-0.448478	4101	
0.104539	-0.439954	5960	
0.062127	-0.337981	2132	
0.568110	0.636208	8434	
-0.050577	-0.119165	918	
-0.921794	0.311862	5758	
0.562119	0.470140	2360	
0.377757	0.377655	1908	
-0.306331	0.205569	8876	
0.783202	0.604100	8454	
-0.940754	-0.010959	9631	
-0.140200	-0.784436	8193	
0.036826	0.399248	7187	
0.247891	-0.302369	7657	
0.311434	-0.038762	5181	
-0.281427	-0.492068	758	
0.834127	0.507607	598	
-0.127181	-0.844445	8436	
0.410914	-0.867461	2460	
-0.013603	0.253249	8345	
0.638353	-0.137932	4274	
0.083266	0.179392	7304	
-0.722176	0.245159	4284	
0.115999	0.719462	4543	
-0.858641	0.497285	4216	
-0.053308	-0.641063	6508	
0.283820	0.218176	7662	
0.817707	-0.383774	6265	
-0.026877	0.987379	3982	
-0.898349	0.342215	9507	
0.941473	-0.085357	8274	
-0.412627	-0.625745	2415	
0.518982	-0.577766	2361	
-0.004980	-0.105894	3499	
0.205766	0.333827	4713	
0.123885	0.816430	5785	
-0.817696	-0.365306	7110	
-0.258028	0.815694	2213	
0.564110	0.528333	1124	
0.503631	-0.306526	7514	
0.435439	0.092415	4639	
0.446947	0.888236	5578	
-0.857038	0.500948	4216	
-0.155726	-0.684428	6065	
0.648853	-0.057830	2735	
-0.606739	0.376184	6806	
0.101483	0.622255	2702	
0.162900	-0.033530	8774	
0.927789	0.361802	6758	
0.163972	0.239065	7476	
0.205211	0.926117	10180	
-0.459509	0.650433	6692	
-0.244305	0.929592	2536	
-0.034296	-0.779284	8114	
-0.418778	0.028384	5281	
0.043069	0.778932	8399	
0.357057	0.498699	6939	
-0.525481	-0.381605	9693	
-0.278620	0.337367	2430	
0.247502	-0.943627	2800	
0.449831	0.388626	7043	
-0.841069	-0.387358	987	
0.548988	0.222386	4109	
-0.558736	0.763080	8034	
0.259462	0.222163	6408	
0.639010	0.484351	5993	
-0.106609	-0.149400	2616	
-0.331979	-0.745200	9645	
-0.627950	0.089914	3511	
-0.590000	-0.413594	4939	
0.256057	0.457988	2826	
0.659195	-0.622415	1225	
0.310345	0.883807	5574	
0.122031	0.487608	1531	
0.162353	-0.908612	5569	
-0.862513	-0.245527	8666	
-0.212942	-0.293069	5557	
0.201698	-0.804284	1100	
-0.646570	-0.423212	7992	
-0.434399	0.810604	1092	
-0.223814	-0.952375	6109	
0.602489	0.766859	4820	
-0.322267	-0.559534	2694	
-0.225025	0.155370	7565	
-0.393521	-0.303133	3033	
0.546955	0.378142	9743	
-0.099222	0.098432	464	
0.111590	0.882193	691	
-0.152784	-0.351205	3276	
-0.250659	-0.150855	348	
0.192011	0.106430	640	
-0.567528	0.650108	5803	
0.803976	0.254035	4229	
-0.510219	0.850901	4503	
-0.603586	0.018387	6070	
0.764664	0.406247	3991	
0.412511	0.650616	2309	
0.801362	-0.032805	2878	
-0.509749	-0.363785	4303	
-0.340367	-0.577542	5316	
-0.521842	0.777654	6922	
-0.398549	0.539739	5491	
-0.019466	0.425223	5656	
-0.287481	-0.736474	8643	
0.112897	0.115344	3418	
0.302312	0.292964	769	
0.489266	0.488889	3752	
0.419329	0.099370	4639	
-0.621001	0.146929	3184	
-0.644999	-0.138054	2347	
0.465301	-0.105402	1376	
0.136003	-0.303490	1346	
0.802108	-0.243047	4868	
0.475757	-0.589061	7585	
-0.314937	0.340231	3450	
0.078860	-0.782451	8262	
-0.861234	0.391965	9659	
0.193502	0.670269	3351	
-0.709514	0.240255	1012	
0.584855	-0.312753	2587	
0.234644	0.050756	4725	
-0.330003	-0.898991	933	
-0.676176	0.511116	4066	
-0.139092	0.432290	7612	
-0.017746	-0.875027	7384	
0.262084	0.427450	7759	
0.299521	-0.728851	6715	
0.484891	0.452594	9962	
-0.695694	-0.360280	6190	
-0.035241	-0.779508	8114	
-0.301078	0.533159	8689	
0.323638	-0.028960	7743	
0.201711	0.763898	1360	
0.156406	-0.546761	6067	
-0.134238	0.363396	6750	
0.514206	-0.278937	7538	
0.190783	0.414804	2323	
-0.669846	0.732758	6910	
0.260888	-0.653190	2485	
0.475093	-0.042764	9351	
0.240853	-0.662049	894	
-0.656937	-0.676981	6681	
0.472487	-0.632623	7721	
0.273577	0.925903	1839	
0.325383	-0.025267	7743	
-0.236602	-0.249214	8299	
-0.319735	0.583750	9808	
-0.228883	-0.834525	7705	
0.155562	0.529843	2947	
0.699157	0.442212	1875	
-0.809703	0.376443	6266	
0.578648	0.549821	8693	
-0.658052	-0.695664	5147	
-0.062355	0.617742	4532	
0.087481	0.062183	1936	
0.822024	-0.136846	915	
-0.554309	0.303199	2194	
-0.521718	-0.257243	3704	
-0.258059	-0.614478	3389	
-0.020515	-0.180354	2069	
-0.540364	-0.097382	4204	
-0.491379	-0.299519	2577	
0.281318	0.297213	4299	
-0.514177	0.208964	6405	
-0.138052	0.659743	2627	
-0.130819	-0.384886	3438	
0.816250	-0.008031	4634	
0.146477	-0.476187	1579	
-0.115557	0.993391	1095	
-0.781559	-0.018885	2625	
-0.530873	0.647428	2677	
-0.582265	0.799645	3966	
-0.060916	-0.717585	7012	
-0.015688	0.202821	6839	
0.249501	0.911199	888	
0.423899	-0.793815	1294	
-0.406490	0.236343	1080	
-0.880434	0.108263	6216	
0.303512	-0.151943	7871	
-0.549702	-0.308225	6201	
-0.930213	0.225274	5865	
-0.202725	-0.936437	10179	
-0.717384	0.276787	1089	
-0.668224	0.323027	5098	
-0.862873	-0.285804	6238	
-0.019239	0.543737	8096	
-0.628565	0.561564	9750	
-0.586322	0.591359	3584	
0.129849	0.516314	1832	
0.767494	-0.015605	4142	
0.043069	0.778932	8399	
-0.797514	0.018267	2877	
-0.308395	-0.085523	4000	
0.626043	-0.437508	8225	
-0.828752	-0.080619	4589	
0.366843	-0.202292	1374	
0.677961	-0.447901	4468	
0.328012	-0.547079	5764	
-0.214929	0.689851	8062	
-0.278206	0.113363	6778	
-0.557323	0.327151	1371	
-0.416721	-0.631288	2310	
0.687405	0.208137	5405	
-0.512650	-0.111349	4621	
-0.667656	0.602528	1068	
0.417976	-0.659469	5708	
-0.208944	-0.858644	762	
-0.771836	0.243987	4051	
0.354021	0.087933	7893	
0.173824	-0.407362	3935	
-0.589682	0.360497	4643	
-0.740576	0.490152	7365	
0.176250	-0.982415	2117	
-0.929973	-0.311044	4245	
-0.928406	0.317812	5758	
0.298915	0.586500	2585	
0.270657	-0.314596	5434	
0.486812	0.479359	1333	
-0.179131	0.115937	4057	
-0.452016	0.828816	1159	
-0.122185	0.354486	2086	
0.281511	0.730051	8644	
-0.511186	0.397979	411	
0.198843	0.289778	3609	
0.789824	-0.297000	5820	
-0.151320	0.077373	3787	
-0.748642	-0.567641	2385	
0.533526	-0.242731	8202	
-0.790952	0.548936	9238	
-0.814814	-0.310785	5401	
-0.415424	-0.198200	9358	
-0.906959	0.306672	2379	
-0.051257	-0.620617	8629	
0.230618	0.848919	7706	
-0.040836	0.535139	2654	
-0.228262	0.186921	7929	
-0.012631	0.360446	9916	
0.431113	0.190500	5634	
0.642972	-0.052991	2735	
0.568383	0.801464	3726	
-0.472215	-0.406232	963	
0.015116	-0.572990	9707	
0.222268	0.001226	4243	
-0.694067	0.413775	5112	
0.922226	0.263499	8939	
0.856146	0.199964	6021	
0.245519	0.280144	5773	
0.355189	-0.205161	1540	
0.509080	0.846645	8477	
0.637616	0.678969	8367	
-0.083048	0.097754	464	
0.176756	-0.474818	4010	
-0.232993	0.600576	2709	
0.111948	0.366856	2254	
-0.308831	-0.396717	6602	
-0.521678	0.642168	2677	
-0.165490	0.242224	949	
-0.412784	0.679432	4008	
-0.809011	0.098476	7279	
-0.701451	-0.027686	8072	
0.314691	0.883128	5574	
0.224739	-0.172175	8184	
0.355339	-0.375761	7561	
-0.331840	0.180391	2311	
0.210909	-0.799671	467	
-0.813848	-0.200918	3745	
-0.689304	-0.377261	2558	
-0.782145	0.123152	7115	
-0.453069	0.368299	7361	
-0.847295	-0.075442	6828	
-0.406452	0.730660	8251	
-0.268513	0.354275	1984	
0.530550	0.036463	3599	
0.039312	0.944011	2053	
0.465180	-0.355966	6146	
0.423149	-0.134808	4886	
0.353017	0.552918	6859	
-0.300690	0.635860	5381	
0.673164	0.105870	4627	
0.259633	-0.862380	990	
-0.245873	0.353241	9630	
-0.667142	0.689629	1909	
0.343873	-0.009082	491	
-0.009361	-0.929032	9256	
0.835479	0.305898	5952	
0.899425	-0.040026	8013	
-0.095555	-0.016255	5926	
-0.451854	-0.163245	7875	
-0.057274	0.742296	2422	
-0.169566	0.380567	3008	
-0.306446	0.254369	6169	
-0.311771	0.801068	6097	
-0.284931	0.243704	7956	
-0.726927	-0.004884	2285	
-0.401470	0.481856	2821	
0.609133	0.763122	4820	
-0.162750	0.398171	3308	
0.162568	-0.614157	2802	
-0.424308	0.732422	8251	
0.012950	0.639369	6645	
-0.347410	-0.397218	1666	
0.447721	0.477309	673	
0.090471	-0.451752	4174	
-0.205228	0.328243	7459	
-0.316628	0.186238	663	
-0.077954	0.448272	2932	
-0.203435	-0.094766	1035	
-0.219786	0.198674	6469	
-0.168107	-0.550933	5849	
0.503986	-0.395882	580	
-0.268150	-0.838372	8954	
0.744805	0.564409	2386	
0.343448	0.769418	2188	
-0.600240	-0.359851	4498	
0.473401	0.549622	4020	
-0.242002	0.335291	8672	
0.751993	0.607455	8290	
0.147716	0.984174	2061	
-0.139299	0.093679	2787	
-0.293156	-0.475301	2715	
0.060559	-0.551849	4327	
-0.842087	0.302583	7878	
0.552467	-0.756267	9015	
-0.091965	0.148698	3464	
0.403411	0.602017	4974	
-0.336382	0.623897	5184	
-0.503832	0.498199	8211	
-0.096173	-0.298401	4108	
0.507709	-0.690966	6525	
0.305938	-0.905759	1393	
-0.747174	0.256130	6886	
0.637589	-0.538820	9937	
-0.217116	0.610146	1681	
0.035514	0.396503	5728	
0.167026	0.084040	5869	
-0.101202	0.374233	7227	
0.574109	0.005237	506	
0.044184	0.507560	7187	
0.334147	0.137853	9047	
0.899690	-0.299657	462	
-0.580417	0.104526	1181	
0.376497	0.589252	4933	
-0.135884	-0.954520	1852	
-0.633495	-0.449432	5860	
-0.700844	0.443087	5687	
-0.660439	0.631233	1226	
-0.065402	0.173235	4348	
-0.470107	-0.080505	957	
0.053356	0.641221	6507	
0.302779	-0.892720	1393	
0.420458	0.716649	3334	
-0.971947	-0.195940	4099	
-0.227382	-0.569795	8801	
0.463858	-0.209723	6268	
-0.463894	0.579318	7586	
-0.680348	0.710059	8485	
0.577776	0.242962	9958	
-0.392145	-0.333466	3146	
0.034239	0.807095	9876	
0.294617	0.065820	2902	
0.502177	0.260748	2538	
0.388898	-0.674421	4571	
0.285078	0.745792	7806	
0.470822	-0.317044	5676	
0.678411	0.153706	4684	
-0.920739	0.116813	9836	
0.128132	-0.565313	4124	
-0.197458	-0.627155	5630	
0.035343	0.779539	8113	
-0.127388	0.523314	5259	
0.603263	0.044096	8545	
0.813227	0.003760	3715	
0.060031	0.595116	9797	
0.502729	-0.516304	9702	
0.557739	-0.345732	1144	
-0.222668	0.676865	1499	
-0.383241	-0.384289	3492	
-0.186223	0.548971	9190	
-0.137114	0.220261	1741	
-0.081667	-0.293971	3506	
-0.447933	0.267450	1736	
0.446684	-0.574556	5222	
-0.724103	0.319422	3543	
-0.223577	-0.139400	7798	
0.208068	-0.541705	10238	
-0.738744	0.117206	4400	
-0.102019	-0.194320	374	
-0.601579	0.515656	837	
-0.328665	0.410561	4500	
0.510261	-0.077378	3592	
0.432955	0.106623	5378	
-0.222197	-0.652107	1016	
0.537976	0.828098	8182	
-0.892896	-0.188996	8927	
0.288714	-0.688481	2671	
-0.865913	0.346518	7152	
0.138961	0.815496	8131	
0.635201	-0.661473	6403	
0.406650	-0.410966	9868	
0.116725	0.419711	1320	
0.549972	-0.060870	3204	
0.384368	0.070346	2982	
-0.090361	-0.038505	5878	
-0.952639	0.037749	9447	
-0.104083	-0.690629	370	
-0.553330	0.321254	1371	
0.067375	0.467873	9201	
-0.034705	-0.829151	1382	
0.289487	0.095551	3043	
-0.891074	-0.418778	4087	
0.588500	-0.577514	4330	
0.603374	0.321190	3835	
-0.373941	-0.730527	8599	
0.440767	-0.308008	4210	
-0.154497	0.851904	7988	
-0.709968	-0.417145	8749	
0.223016	0.669598	5487	
-0.186842	0.484785	518	
-0.691544	-0.607724	6542	
-0.049435	-0.414521	4387	
0.515813	0.288627	2138	
-0.436839	-0.835148	10151	
-0.269659	-0.074649	1559	
-0.526219	-0.277916	1971	
0.805981	0.211999	3720	
0.788770	-0.334532	6214	
-0.111067	0.558718	3923	
0.130226	-0.484951	1109	
-0.137938	0.686127	7422	
0.214046	-0.368509	8492	
0.362015	-0.171668	2511	
0.480348	-0.438351	4117	
-0.971781	0.097691	5858	
0.274534	-0.265825	6173	
0.617768	-0.010024	1424	
0.419136	0.603498	5243	
-0.556262	-0.680032	9363	
-0.750695	-0.202413	1927	
-0.240481	-0.920886	7962	
0.578100	-0.166762	2720	
0.299257	0.157664	3445	
-0.735238	-0.258450	8620	
0.713672	-0.560040	6103	
-0.518582	0.098739	3808	
0.716437	0.051407	8793	
-0.120630	0.181246	5034	
-0.232545	0.437617	6956	
0.454439	-0.101156	1784	
-0.342801	-0.848362	7523	
-0.302845	0.845513	2055	
0.386094	-0.168140	3364	
-0.640538	0.254521	4364	
-0.692111	0.567816	5234	
-0.906406	0.170270	1242	
-0.464521	-0.850114	10197	
0.500698	0.679245	8044	
0.755846	0.023763	3151	
-0.177084	-0.082427	6894	
-0.422067	-0.475895	6050	
-0.559948	0.752300	9639	
0.051328	0.620777	8630	
0.159825	-0.777844	4285	
0.740714	0.141144	912	
-0.298343	0.114337	9524	
0.230782	0.100468	5823	
-0.323953	-0.659717	7445	
0.178649	-0.625565	2979	
-0.772092	-0.459351	6251	
0.658251	-0.661885	5119	
-0.679629	0.496924	5146	
-0.485104	0.777172	6662	
0.009751	0.564617	6039	
-0.363484	0.819974	7946	
-0.549945	0.716738	7558	
0.096364	-0.228398	5712	
0.867822	0.481170	534	
0.100361	-0.011518	5565	
-0.688336	0.572407	5234	
0.118514	0.424372	1320	
0.338820	-0.877841	952	
-0.976705	0.081723	6731	
-0.778436	0.468626	8228	
0.155815	-0.854308	7305	
-0.149107	-0.718858	7259	
0.660882	-0.620612	1225	
0.656357	-0.258753	5443	
0.542060	0.004797	382	
0.264105	-0.120287	6354	
0.056118	0.698512	6925	
-0.330638	-0.157725	4766	
-0.190134	-0.204579	6592	
0.277708	-0.351972	2429	
-0.492916	-0.290157	2577	
-0.534831	0.811853	1206	
0.219190	0.936727	8776	
0.933234	0.163108	807	
0.305085	-0.739324	5388	
0.399119	-0.526257	5492	
0.538012	0.102084	3383	
-0.014826	0.885956	2247	
0.246585	0.837221	9700	
-0.349313	0.671510	8079	
-0.770319	-0.503166	5830	
0.109826	-0.377196	2129	
0.424055	0.012107	4615	
0.118393	0.698580	489	
0.105022	-0.686799	4710	
-0.051370	0.381372	2288	
0.345780	0.799404	4547	
0.367852	-0.355410	4661	
-0.617291	-0.090864	868	
0.360509	-0.805017	8018	
0.675874	-0.702279	8486	
0.470210	0.493161	3032	
0.104422	0.558506	3240	
0.179636	0.344379	3315	
0.061386	0.283950	10158	
-0.408935	0.277931	4847	
-0.254413	-0.579301	2545	
-0.319581	-0.911748	2607	
-0.436294	-0.185432	5633	
-0.213838	-0.549725	1353	
-0.822359	-0.110995	4614	
-0.222466	-0.263338	7665	
0.029793	-0.281067	871	
0.462026	0.342344	5219	
-0.154028	0.664009	2627	
-0.241059	-0.040645	10003	
0.647537	-0.522464	4036	
0.335713	0.411525	1509	
-0.209919	-0.315270	5561	
-0.900815	-0.308311	9603	
-0.050623	0.533885	3268	
-0.790118	-0.224131	3719	
-0.232877	-0.412057	8566	
-0.435177	-0.517598	2255	
-0.231320	-0.925057	8775	
-0.459674	-0.712391	9379	
0.745820	-0.394444	7199	
0.501168	-0.712118	6525	
0.433073	-0.398488	9698	
0.598205	-0.622245	6518	
0.143910	-0.389719	3797	
0.289200	-0.216666	1590	
-0.617897	0.495373	8554	
-0.207309	-0.685309	2700	
0.592887	-0.210624	587	
0.875103	0.075401	7272	
0.099042	0.767060	5009	
0.120099	0.545849	3359	
-0.227447	-0.342234	6386	
0.369446	-0.773261	6212	
-0.280896	-0.598849	2556	
0.043663	0.484722	5728	
0.476884	0.787831	7590	
0.202694	-0.207477	4803	
-0.724757	-0.408837	8749	
-0.112725	-0.373188	4826	
-0.850451	0.351815	7152	
-0.401180	0.477060	6563	
0.071395	0.337323	853	
0.114620	0.653259	1930	
0.113011	0.695397	489	
0.202440	0.759957	3047	
0.642975	-0.400825	7370	
0.830575	-0.535950	9088	
-0.837768	-0.161807	4658	
-0.280708	-0.508765	612	
-0.099202	0.684678	4709	
0.054178	0.652006	6647	
0.647771	0.335692	4270	
0.201607	0.733973	1259	
0.528798	-0.005151	9894	
-0.211499	-0.457507	2080	
-0.135821	0.849341	4986	
0.166211	0.038886	7728	
-0.266066	0.236610	3950	
-0.023137	0.637269	482	
0.187803	0.572407	6934	
0.242526	-0.894222	5516	
0.773657	0.588038	8454	
-0.684996	0.689880	8134	
-0.085167	-0.186589	6458	
-0.384562	-0.140046	5424	
0.616427	-0.025493	5175	
-0.091871	0.903810	6537	
-0.881876	-0.267626	8800	
-0.605381	-0.076609	8726	
-0.351854	-0.231612	3822	
-0.010530	0.429516	1987	
-0.085534	0.877763	7892	
0.374782	0.044850	4389	
0.510067	0.012488	4288	
0.083736	0.368374	3037	
0.549942	0.000111	382	
0.828535	0.225151	4850	
0.005068	-0.621417	6064	
-0.743465	-0.027517	4186	
-0.529777	0.423928	5372	
-0.429849	-0.512167	6600	
0.426583	-0.238754	913	
0.171133	0.071392	7685	
-0.260088	0.557781	4690	
0.280400	0.553699	6273	
-0.472716	-0.785086	7467	
0.499272	-0.003948	5102	
-0.685740	-0.707481	3871	
-0.313565	0.256675	7641	
-0.150230	0.881304	9917	
0.367177	-0.439549	5981	
0.604614	-0.543068	8461	
-0.154773	-0.373217	5191	
-0.575832	0.510415	2515	
0.130713	-0.063367	1801	
-0.073993	0.513372	2631	
0.326631	0.104133	4779	
0.120725	0.428656	2152	
-0.551695	0.792687	1206	
0.905696	-0.137778	9251	
-0.692364	-0.468873	7964	
0.838251	0.107964	5205	
-0.042437	-0.122759	772	
-0.393867	-0.025258	3328	
0.320768	0.823288	2566	
-0.711728	0.248006	1115	
-0.560662	-0.362294	9720	
0.116675	-0.069308	1174	
0.568882	0.228369	4109	
0.941247	-0.257122	9362	
-0.472935	-0.344544	5220	
-0.765700	0.163891	586	
0.506271	-0.796175	2035	
0.206682	0.425261	1759	
-0.092168	0.154125	4199	
-0.411365	0.031352	4536	
-0.290861	0.881748	4541	
-0.424605	0.362998	4938	
0.042102	0.479892	5728	
0.350980	-0.182068	1194	
0.381939	0.330342	3145	
-0.531611	-0.462751	10187	
0.359507	0.286799	3989	
-0.575450	-0.780451	4887	
0.082687	0.133596	3212	
0.206409	0.700270	3984	
-0.080236	0.529355	6824	
-0.417751	0.714813	8420	
-0.145967	0.235509	591	
-0.111429	0.818060	9591	
-0.560405	0.330379	1371	
-0.425904	0.279272	5475	
0.238690	0.667721	5623	
0.619467	0.339577	9330	
-0.418514	0.891404	4398	
-0.590990	0.279250	3368	
-0.305156	0.550574	8689	
0.276929	-0.149173	5498	
0.121104	0.444705	4837	
-0.323454	-0.556875	2694	
-0.528341	0.685764	5039	
0.052549	0.654631	6647	
0.401386	-0.160458	3364	
0.319193	-0.248029	6331	
0.180396	0.568261	3734	
0.791414	-0.196486	5828	
-0.419758	-0.285350	3759	
0.723874	-0.253199	3780	
0.808032	-0.033049	2878	
0.100265	-0.340225	8415	
0.317696	0.320281	6300	
-0.313059	0.775217	7080	
-0.038214	-0.225711	9953	
0.110015	0.825167	3735	
-0.006487	0.703093	9945	
0.414055	-0.511583	4480	
-0.618038	0.362317	5795	
0.154749	-0.036547	3902	
-0.960799	0.163345	6062	
-0.309509	-0.646311	6023	
-0.212777	-0.843297	410	
-0.183651	-0.949213	7843	
0.293538	-0.065875	9554	
0.576441	-0.265826	3367	
-0.501797	-0.481987	7867	
-0.451128	0.228401	1997	
-0.412465	-0.231043	3534	
0.375267	0.033483	7841	
0.808434	-0.277605	5474	
0.040548	0.461171	5755	
-0.710834	0.615721	5096	
0.816447	-0.101166	7066	
-0.342757	0.389984	4995	
-0.501794	-0.160109	3123	
0.006014	0.250592	6187	
0.170835	-0.537608	7014	
-0.108812	0.562374	3923	
-0.066619	0.874920	8830	
0.533164	-0.315389	7323	
0.970138	-0.120514	5995	
-0.062645	-0.924664	2418	
0.735427	-0.107693	4417	
0.513848	-0.162732	9101	
-0.454088	0.856925	5093	
-0.130434	-0.551290	3241	
-0.614559	-0.368750	4498	
-0.010941	0.463301	6993	
0.585642	-0.280909	3367	
0.327378	-0.856790	7242	
-0.328001	0.627405	6117	
0.324930	-0.322800	2402	
0.734277	-0.097063	5923	
0.248004	-0.232876	9714	
-0.197168	-0.799373	1664	
0.740058	0.584753	728	
0.756903	0.213860	1928	
0.745392	0.135481	912	
0.124565	-0.088874	9428	
0.765732	0.614337	3986	
0.569553	0.761146	8844	
0.299229	-0.623927	6071	
0.525254	-0.717516	7591	
-0.862311	0.391911	9659	
-0.434254	-0.261119	4751	
-0.248409	0.488665	4521	
0.297929	-0.931282	3529	
-0.176664	-0.367199	6954	
0.278860	0.236407	7556	
-0.255340	0.684972	8056	
-0.316895	-0.807637	1332	
-0.142528	0.618426	4672	
-0.577633	-0.529200	1123	
0.406710	0.410360	4896	
-0.196055	0.932681	1720	
-0.951724	0.207967	7901	
-0.667670	0.272816	7034	
0.716717	-0.024754	6759	
-0.103141	-0.117887	3916	
0.570349	0.635142	8434	
0.656171	-0.014118	3625	
0.931413	-0.125482	9152	
-0.669255	0.666840	358	
-0.548931	-0.132766	4158	
0.091643	0.035543	5877	
-0.523269	-0.442238	8593	
-0.658647	-0.350001	4269	
0.216132	0.554621	1354	
-0.143232	0.770576	4026	
-0.417065	0.303806	3947	
-0.509805	0.382599	5065	
-0.048591	0.407436	5038	
-0.665841	0.605465	1068	
0.223454	0.741541	5594	
0.575367	0.658779	9762	
0.276038	-0.043427	9299	
-0.521745	0.537490	3665	
-0.786197	0.234366	4279	
0.865788	0.082078	7272	
-0.297127	-0.258103	7752	
0.802228	0.126456	3730	
-0.581628	0.515483	3637	
0.027916	0.289738	5728	
-0.880601	-0.196457	7154	
0.167497	0.865494	8280	
-0.189478	0.330440	5186	
0.785791	0.214196	8779	
0.134874	0.969961	2061	
-0.674193	-0.559112	8582	
0.607750	-0.611163	6518	
-0.634325	-0.197342	2569	
-0.701614	0.073023	5874	
0.005275	0.932063	9255	
0.743718	-0.303527	3544	
0.199028	0.493073	2879	
-0.392380	-0.362085	3202	
0.190160	0.159874	7363	
-0.389178	-0.343009	4694	
0.258150	-0.080019	7156	
-0.719187	0.592263	430	
-0.534349	0.044933	2482	
0.311991	-0.539582	8690	
-0.006813	0.218056	8659	
-0.281918	0.705410	2740	
0.034905	0.353920	5509	
0.542008	-0.661718	5054	
-0.832098	-0.223836	4849	
0.245269	0.834169	8068	
-0.577717	0.589681	3584	
-0.476281	-0.088195	1551	
0.302092	0.922622	2608	
0.186051	-0.048930	3144	
0.097605	-0.762555	589	
0.355559	-0.243550	7548	
-0.195330	0.718627	8990	
-0.391753	0.514376	2048	
-0.012980	0.319939	839	
-0.350789	0.012731	492	
0.416406	0.342646	5471	
-0.483854	0.326342	5675	
0.099494	0.322005	3132	
0.028256	-0.367038	7680	
0.253918	-0.094469	6803	
-0.775752	-0.500436	8351	
-0.366210	0.363592	8505	
0.650673	-0.618746	9773	
-0.588177	-0.213187	9901	
-0.526682	0.772351	2202	
0.311891	-0.714499	5190	
-0.497713	-0.038129	3685	
-0.695578	-0.567489	4435	
-0.701680	0.375162	5452	
0.014728	0.624776	5888	
-0.535205	-0.733206	1607	
0.687653	-0.184356	7321	
-0.541086	0.429376	6026	
0.226772	0.234395	5679	
0.225799	0.447109	2341	
-0.344826	-0.563264	5316	
0.544662	0.674715	8976	
-0.487457	0.154085	6975	
-0.679733	-0.700919	3871	
-0.448322	0.496601	6653	
0.321296	-0.020269	5074	
-0.093653	0.539872	4953	
-0.244858	0.896353	5515	
-0.231071	-0.574265	8808	
0.475883	0.734375	6280	
-0.041301	0.455996	3501	
-0.642338	0.753279	3858	
0.724326	-0.412346	7217	
0.841261	0.502747	598	
0.114335	-0.580196	1586	
0.370635	-0.435571	5981	
0.184996	-0.582101	1419	
0.047493	0.612746	8513	
0.531476	-0.447418	6313	
0.789794	0.474221	9008	
-0.837253	0.383378	5374	
-0.077460	0.246344	7148	
0.189257	-0.736187	8207	
-0.344289	-0.254980	532	
-0.475087	0.034724	9207	
0.023855	0.201449	6896	
-0.484390	0.538448	436	
-0.210891	0.898671	638	
-0.971401	-0.087222	9103	
-0.593111	0.746826	8858	
-0.162273	-0.205024	4028	
0.841903	0.524534	4194	
-0.545665	-0.272292	2670	
-0.656770	0.192023	4778	
0.589481	0.361744	9821	
0.042304	0.450159	5755	
-0.446624	-0.289348	6454	
0.235121	0.929779	8776	
0.558564	0.457709	2360	
0.045117	0.785355	8399	
0.864891	-0.353708	9605	
0.784583	-0.395414	6181	
0.440384	-0.776499	4620	
0.632662	0.002206	2472	
0.069071	0.377271	3102	
0.627696	0.642906	9888	
0.010036	-0.109143	1707	
0.706025	-0.052072	6149	
-0.931578	0.276862	8387	
-0.124203	0.861522	2841	
0.708206	-0.569313	1064	
-0.788459	0.124130	7115	
-0.219086	-0.284702	7071	
0.385684	0.714630	7603	
0.031728	-0.791222	8378	
0.367891	-0.314337	4053	
0.188319	0.409599	7394	
0.379027	-0.694686	8577	
0.604408	-0.080408	3185	
-0.837005	-0.480538	597	
0.396482	-0.117020	3127	
0.525011	0.202702	3356	
-0.098652	0.945694	1715	
-0.730548	-0.614408	8289	
0.277765	0.194389	1750	
0.484032	0.163106	644	
0.561382	-0.068468	3765	
-0.161999	-0.931625	8527	
0.136198	-0.077737	2542	
-0.921649	-0.119350	9529	
-0.407617	-0.157525	7318	
-0.941861	0.293579	8387	
-0.511768	-0.438221	8593	
-0.194305	0.314648	6798	
0.033660	-0.707199	3370	
0.638473	0.178202	9520	
0.851924	0.435531	1326	
-0.142225	-0.271027	5581	
-0.108700	0.948581	1361	
-0.692166	0.129726	7231	
-0.391348	0.214014	6414	
-0.575177	-0.081635	7608	
-0.722654	0.316502	3543	
0.182815	0.878796	7913	
-0.274056	0.315327	5433	
-0.787230	0.399073	5116	
-0.298648	0.374948	6683	
0.264517	0.511579	611	
-0.768157	0.041727	3317	
-0.163075	0.918685	5570	
0.556824	-0.662104	5054	
0.539777	0.193439	3356	
0.355956	0.032463	1358	
0.455052	0.869883	4090	
0.112148	-0.948634	1362	
-0.431629	-0.452133	7725	
-0.059972	0.135021	2605	
0.757220	0.607465	3986	
0.446680	0.049141	7124	
0.230978	0.841397	7706	
0.096650	0.080422	4084	
0.800829	0.153314	3834	
0.115090	-0.554335	3924	
-0.635743	-0.181916	9519	
0.916990	-0.285369	1222	
-0.320806	0.410211	4500	
0.416341	-0.736887	8252	
0.825580	0.332302	7203	
0.432104	0.437297	6826	
0.627887	-0.437748	8225	
0.213268	-0.833897	1490	
0.773051	-0.272177	3754	
-0.258711	-0.163893	1775	
-0.509797	-0.119437	4621	
0.730228	-0.194931	7277	
-0.410937	-0.229866	3534	
-0.433072	0.852456	471	
0.555286	-0.104846	4169	
0.843315	0.315038	8618	
-0.141631	-0.241465	6707	
0.284548	0.907395	2142	
-0.112738	0.599324	2562	
-0.521532	0.742172	7601	
-0.013155	0.403264	9283	
-0.701730	0.631044	2584	
-0.115970	-0.405441	3709	
-0.189917	0.569265	1420	
0.199835	0.867660	1313	
-0.308951	0.523009	1039	
0.087164	0.612280	3100	
-0.265732	-0.289745	4266	
0.439469	0.684504	7771	
-0.978266	0.151369	6864	
-0.154628	0.392567	2738	
0.321530	0.487963	2867	
-0.082887	0.304472	8272	
0.287191	0.223113	7662	
0.436173	0.317570	4706	
0.133821	0.367959	4311	
-0.593773	0.357717	4643	
-0.173538	0.142828	3870	
0.633984	-0.167130	3183	
0.098717	-0.008509	5565	
0.251889	0.078839	7190	
0.044720	0.529799	5728	
-0.128011	-0.722557	6567	
0.804709	-0.378766	6181	
-0.054445	-0.985987	4610	
-0.745083	-0.063189	1597	
0.949811	-0.126580	8476	
0.827442	-0.230590	5478	
0.276954	-0.736376	4454	
-0.288258	0.049033	3561	
-0.855613	-0.031522	5961	
-0.109675	-0.121436	4176	
-0.358501	0.062441	7089	
-0.276070	-0.454998	3285	
-0.440080	-0.367485	7856	
0.772896	0.124347	4447	
-0.345577	0.773470	7150	
-0.427173	0.196950	6334	
0.325218	-0.103002	5329	
-0.363447	0.475283	5560	
-0.267782	-0.418467	8431	
-0.095918	0.346639	9126	
0.334639	0.422370	1509	
-0.305366	0.862502	2055	
0.284147	0.248562	9568	
-0.816773	0.018598	4633	
0.541655	0.714164	4368	
0.551975	-0.113620	5117	
-0.195873	0.879961	7954	
0.221378	0.499570	5245	
0.327713	-0.079862	5305	
0.181379	0.661293	3351	
-0.088817	-0.237037	7310	
0.162828	0.645053	8117	
-0.363030	0.576936	5640	
-0.363214	0.740936	9616	
0.136269	0.048647	7221	
0.659428	0.293976	9820	
0.336366	-0.195448	1540	
0.603022	0.304136	6480	
0.264949	0.148581	423	
-0.361323	0.366285	7562	
-0.020866	0.391310	10177	
0.666444	0.648959	10214	
0.494345	-0.202976	5747	
-0.254900	-0.186562	8965	
-0.066607	-0.125166	1185	
-0.847541	-0.269122	5536	
0.277489	-0.794665	2548	
-0.465619	0.485033	7312	
-0.149786	-0.158496	2872	
0.440131	0.569112	5771	
0.365390	0.279722	3989	
0.317372	0.117490	3969	
0.854636	-0.425297	1857	
0.279879	0.750849	7806	
0.601806	-0.501894	838	
-0.406237	0.017770	3366	
-0.556270	-0.736498	1417	
0.291964	-0.528387	6721	
-0.129249	-0.347054	1804	
0.209975	-0.266231	752	
0.892619	-0.407828	5663	
0.627221	0.356265	4031	
-0.566073	-0.296740	6080	
0.161628	0.538365	2947	
0.372613	0.501491	6939	
0.491922	-0.346938	7516	
-0.358345	-0.824534	6163	
0.749211	0.537045	5195	
0.974626	-0.103225	5857	
-0.171013	-0.052745	7970	
-0.860209	-0.369542	3837	
0.578220	-0.022541	4997	
-0.182133	0.924875	7359	
0.749069	-0.315626	4382	
0.373709	0.710413	7603	
-0.028916	-0.946574	4980	
-0.697371	0.615329	2584	
0.558306	0.259516	4281	
0.429709	-0.697492	5383	
0.701282	0.629101	6761	
-0.699384	-0.138542	8997	
-0.151329	-0.789615	1217	
-0.335541	-0.363773	2495	
0.501577	0.756046	8060	
0.192481	0.460049	1367	
0.183297	-0.126875	3230	
0.258451	-0.082595	7156	
0.247992	-0.134251	5720	
-0.054582	0.829614	10154	
0.414679	0.300635	4392	
0.483924	-0.484226	9011	
0.259418	0.951276	7058	
-0.205548	0.650282	2505	
-0.339999	0.577806	345	
-0.411773	0.138852	4147	
0.269452	0.107405	877	
-0.556294	-0.513793	8515	
0.321212	-0.735099	8110	
-0.299779	0.627010	6072	
0.627374	0.344745	2468	
-0.151108	-0.143807	1018	
0.237454	0.893782	8294	
0.363496	-0.398176	7525	
0.128135	-0.452431	1188	
0.229584	-0.899787	5516	
-0.625018	-0.404998	4289	
-0.431791	-0.731782	2223	
-0.034436	0.762974	9339	
-0.093057	-0.812682	8623	
0.191753	-0.859607	7804	
0.806519	-0.112684	7116	
-0.827701	0.501138	9499	
-0.707111	0.271752	1089	
-0.385887	0.199428	5851	
0.302353	0.526156	5520	
-0.190980	-0.863420	4629	
-0.783583	0.535253	9948	
0.537234	-0.691343	5777	
0.055849	0.428665	7235	
-0.630366	0.330666	6705	
0.507616	-0.027289	8555	
0.892015	0.110018	7094	
0.509789	-0.330093	6358	
-0.365290	0.318332	3323	
0.700949	-0.670077	8133	
-0.601196	0.235113	606	
-0.475625	0.541171	7617	
-0.185403	0.933526	1720	
0.266647	0.672977	2111	
0.365656	0.017777	827	
-0.833317	-0.084182	4589	
0.265130	-0.090879	5929	
-0.242117	-0.529949	5522	
0.751395	0.612970	9782	
0.534450	0.742862	1608	
-0.275819	0.920128	1480	
-0.705126	-0.122325	8291	
0.139202	0.163536	2358	
-0.602495	0.521609	837	
0.405457	-0.604660	3903	
-0.938044	-0.287489	1033	
-0.763564	0.502029	8917	
0.806547	0.083229	2991	
0.835844	-0.319888	7711	
-0.182574	0.820468	7982	
-0.293233	-0.548923	7783	
0.521706	0.481050	9293	
0.671308	0.230802	3773	
0.182215	0.866387	8280	
-0.525582	0.826160	4340	
0.130008	-0.290497	2046	
0.107456	-0.069093	2174	
0.081887	-0.386427	4750	
-0.048556	0.309328	3550	
0.663810	-0.342846	5097	
-0.422000	0.689298	5384	
0.237016	-0.686724	1500	
-0.653445	-0.427634	7808	
-0.292521	-0.735829	9785	
-0.930470	0.268243	1221	
0.712543	0.096080	8147	
-0.340024	0.431461	5256	
-0.369444	0.307339	2479	
0.956401	0.076637	2109	
0.445132	0.347554	7911	
-0.640420	0.613264	9774	
-0.274839	0.704183	2740	
-0.065052	0.319361	3495	
-0.360895	0.195959	1373	
0.310418	0.339207	7427	
-0.549429	0.280926	2194	
-0.203743	0.247043	9120	
-0.499455	0.445358	5297	
0.748017	-0.063339	4055	
-0.643084	0.654831	5120	
0.931658	-0.151113	9152	
0.565187	-0.138118	576	
0.686193	0.662368	8354	
-0.607080	0.094309	2081	
0.044252	-0.132893	1816	
0.135470	-0.898797	10075	
0.469330	0.835330	10198	
-0.277312	-0.903590	1691	
-0.313070	-0.052435	4880	
-0.638946	-0.020687	2471	
0.536448	0.114282	3383	
0.286638	0.770186	1550	
0.456174	-0.667461	6915	
0.352861	0.124357	8359	
-0.600741	0.388383	6263	
-0.209125	-0.238735	6752	
-0.199607	0.934807	1720	
0.376233	0.062987	2982	
-0.277417	0.835928	5008	
-0.718807	0.679503	4122	
0.760732	0.126985	4447	
-0.164874	-0.872080	8588	
-0.116306	0.653358	1979	
0.627773	0.603140	5328	
0.145873	0.966390	1851	
-0.740292	-0.475570	5108	
-0.053147	0.597486	9746	
0.462723	-0.292957	3694	
0.246715	0.009025	8439	
0.330949	0.934737	2602	
0.583084	0.650843	9051	
0.414828	-0.733246	8252	
0.385969	0.189260	1195	
-0.820795	-0.375173	7110	
-0.564240	-0.421013	4059	
-0.221494	-0.825411	2441	
-0.392238	0.554003	2394	
0.030095	-0.475355	8755	
0.443795	0.174642	7700	
-0.740539	0.179485	8804	
0.490782	0.155727	2761	
0.661553	0.553762	9455	
0.841119	-0.045306	5742	
0.081936	0.272033	9564	
-0.241280	-0.564535	2850	
-0.848846	0.411659	1340	
0.620891	0.110036	1885	
-0.547264	-0.455674	7479	
-0.277130	0.743071	4453	
-0.169563	-0.332547	4079	
-0.450875	0.777570	636	
0.270059	0.655159	2111	
0.051008	0.670029	6647	
-0.074427	0.442590	3232	
0.042988	0.778871	8399	
-0.916220	0.118122	9836	
-0.534844	0.370103	5065	
0.238203	0.711388	2383	
0.466573	0.094129	1552	
0.285931	0.915340	2142	
0.509346	0.723292	6793	
0.893831	0.171096	8769	
0.272586	0.862548	7776	
0.246258	0.887484	8294	
-0.011632	0.540600	10067	
0.520771	-0.354635	6392	
-0.018490	0.455048	10255	
0.960346	0.039033	10160	
-0.754953	-0.279510	2002	
0.117419	-0.082235	9428	
0.875363	-0.334466	9440	
0.381495	0.546267	6667	
0.109937	0.582327	1261	
0.615969	0.089089	867	
-0.385360	-0.018555	7842	
-0.069781	-0.875021	9890	
-0.650655	0.443436	8448	
0.285598	0.154070	3046	
0.236610	0.031480	4753	
-0.302188	0.528424	8689	
0.336381	0.403688	1665	
0.586626	0.343092	9760	
0.855000	-0.096873	5906	
-0.958291	-0.051369	10165	
-0.265299	0.900089	1426	
-0.074035	-0.655808	1680	
0.252721	0.920827	888	
0.565379	0.373794	9729	
-0.233608	-0.495366	8704	
0.257670	-0.336592	9133	
-0.620491	-0.594136	5327	
0.485079	-0.174368	4605	
-0.899000	-0.036584	6014	
-0.021427	-0.754388	5070	
0.866252	0.431602	1326	
0.941268	0.177272	807	
0.392925	0.784562	2906	
0.440172	0.006000	7141	
-0.004344	0.303419	667	
0.314978	-0.767365	7079	
-0.401808	0.560957	2488	
0.261992	0.774209	9044	
0.627653	0.071166	6899	
0.481561	-0.446518	5319	
-0.393023	-0.144912	5424	
0.363480	-0.518561	6112	
0.252716	-0.258229	9763	
0.344672	-0.813395	8086	
0.043067	0.778937	8399	
-0.111201	0.347995	3510	
0.812615	0.573605	1599	
0.693383	0.008802	5126	
0.522306	-0.738480	7602	
0.687917	0.296387	4861	
-0.118518	0.443547	7880	
0.156561	-0.072877	4759	
0.311741	0.110684	3969	
0.097170	-0.002324	5881	
-0.425513	0.579008	5221	
0.740625	0.431868	4452	
0.612816	0.160399	884	
-0.390162	0.050554	2105	
0.051356	0.621008	8630	
0.195693	0.836146	341	
0.760360	0.203509	5494	
0.015448	-0.516122	779	
0.397352	-0.038693	3304	
-0.690655	0.050488	5715	
-0.482682	0.624937	1141	
-0.513476	0.809040	2036	
-0.276559	-0.951196	4863	
-0.379660	-0.792001	4650	
0.341629	0.595937	7267	
0.769314	0.164932	3196	
-0.528764	0.010171	1352	
-0.362814	0.713007	7780	
-0.818746	0.152194	1977	
-0.712900	-0.569383	9594	
-0.622647	0.213741	3698	
-0.211519	0.309436	7357	
-0.553181	0.717611	7558	
0.360265	0.709533	7581	
0.151770	0.264768	8074	
0.393293	-0.219771	6166	
0.305205	0.153229	3445	
-0.514353	0.718658	7592	
0.345998	0.677026	7381	
-0.113569	-0.778466	8430	
-0.085351	0.791512	8765	
-0.679236	-0.181138	4716	
-0.645104	0.702778	1485	
-0.150019	-0.220660	5420	
0.158107	0.394482	5825	
-0.532170	0.233439	8255	
-0.180724	0.655851	2406	
0.188541	0.508038	3560	
-0.852071	0.245300	6010	
0.586026	0.750573	9086	
0.359049	0.191579	6776	
0.254448	0.523956	5521	
0.755428	0.550996	5195	
0.924894	0.209878	1772	
0.568921	0.285095	5453	
-0.710753	0.317779	7000	
-0.874024	0.147732	7121	
0.712713	0.656903	5432	
-0.623062	0.588285	6849	
0.983941	0.104301	9104	
0.413979	-0.827821	1791	
-0.656517	0.248667	4364	
0.648326	-0.268999	5443	
-0.192190	0.663797	5082	
0.056723	0.200839	3474	
-0.614661	0.265621	2027	
0.959842	0.049032	10166	
-0.509541	-0.510772	4485	
-0.800254	0.290499	5473	
0.433104	0.157159	5628	
0.143014	0.878510	8893	
-0.056578	0.382660	2490	
0.528023	0.673310	8976	
0.339891	0.677940	7381	
-0.531510	-0.284034	1971	
0.880766	-0.035215	7949	
-0.338713	0.917945	1355	
-0.131814	0.901836	9481	
0.425739	0.297112	4724	
0.427148	0.391044	8339	
-0.364403	-0.762775	5496	
0.385145	-0.767974	6212	
0.219612	-0.158917	6310	
-0.288785	0.635602	7289	
0.755754	0.160003	3196	
0.297116	0.110942	2920	
0.488748	0.220265	1778	
-0.828319	0.162974	1977	
-0.413146	-0.484814	9884	
-0.601620	0.749353	8858	
0.463051	0.459801	10124	
-0.076593	0.674537	8941	
-0.710665	0.578640	430	
0.438501	0.740903	2224	
-0.761689	-0.273396	1904	
0.261956	-0.277890	6127	
0.060323	-0.853639	1492	
-0.738941	-0.112886	831	
0.024960	-0.637449	2829	
-0.693408	-0.103129	5309	
-0.651675	-0.011187	2683	
-0.189432	0.157810	1848	
0.119013	-0.863020	3246	
-0.626387	0.328876	4654	
0.865187	-0.316451	8222	
-0.116992	0.300991	4070	
-0.168475	-0.058207	7298	
0.820939	0.506513	598	
-0.505366	0.406963	579	
0.509597	0.105761	3074	
-0.578546	0.071207	4046	
0.906594	0.125468	6058	
0.845373	0.409307	666	
0.210613	-0.553315	2373	
0.007030	0.937423	4979	
0.615497	0.350583	4497	
-0.093192	-0.156279	6520	
-0.359400	-0.671543	6091	
0.413967	-0.101574	4951	
0.420612	0.641859	2309	
0.327863	0.153559	4765	
0.635396	0.756928	3652	
-0.115466	-0.031567	1808	
-0.222287	-0.209157	4228	
0.334650	-0.218522	4425	
-0.597157	-0.550165	8012	
0.546802	-0.442442	7484	
0.206696	0.269190	5643	
-0.181237	0.690489	6105	
-0.935453	0.245346	7643	
0.776080	0.337257	6287	
0.677682	0.039948	5169	
-0.281103	0.442763	708	
0.851593	0.180515	6948	
-0.494057	0.704357	6876	
0.760747	-0.073662	5700	
0.453832	-0.172547	5669	
0.640551	0.301049	1133	
-0.241410	0.617325	2573	
0.213861	0.662268	5042	
0.080867	0.625428	3541	
0.031733	-0.761858	9340	
-0.405815	0.267356	4847	
0.503177	-0.170269	4463	
0.411198	-0.098871	4314	
-0.433533	0.669761	5707	
-0.635839	0.671626	6404	
-0.888568	0.441258	8752	
0.935224	-0.208651	2200	
0.675617	-0.028452	4588	
-0.182567	-0.279781	3430	
0.738670	-0.445753	7620	
-0.902478	0.230694	7157	
0.413420	-0.587688	3141	
-0.764856	0.576286	350	
0.518568	0.809493	9668	
-0.368461	0.465094	7486	
0.691846	0.426899	7793	
0.221677	0.818418	2442	
-0.945224	-0.213243	8323	
0.336987	-0.666468	7756	
0.056016	0.149444	3644	
0.364855	-0.259950	440	
-0.280590	0.816094	2547	
-0.888012	0.264033	6138	
0.595698	0.033062	5430	
0.780638	0.620047	3986	
0.273938	-0.325672	9171	
0.391167	0.082723	7307	
-0.164244	0.625095	2457	
0.349063	-0.710343	9488	
-0.173422	0.263673	1469	
0.349251	0.404769	1665	
-0.205110	0.377397	8381	
0.101144	0.105548	4471	
0.919288	-0.373578	4097	
0.432568	0.845051	10125	
0.216516	0.786039	2444	
0.314389	0.370287	1277	
0.814840	0.545834	8176	
-0.071728	-0.917702	2418	
0.424715	-0.575130	5222	
0.065539	-0.324366	3496	
0.669151	0.192960	3761	
0.755418	0.570335	2386	
0.650812	-0.184323	4212	
0.147872	0.436083	9581	
-0.423407	0.280451	5475	
0.130982	0.827707	5785	
-0.237667	0.898888	5515	
-0.236639	0.258576	9099	
-0.175323	0.141051	3870	
0.713378	0.591034	1631	
-0.833815	0.238968	5477	
0.265410	-0.136756	4859	
-0.619163	-0.073638	6900	
0.346030	0.613434	9025	
-0.089252	-0.619915	3099	
-0.406611	-0.550061	5614	
0.534345	-0.748694	9072	
0.774689	0.508357	5829	
0.159417	0.532078	2947	
-0.168469	0.095889	6872	
0.119593	0.889493	8987	
0.762650	0.331749	6154	
-0.467956	-0.461392	10123	
-0.473040	-0.255291	1569	
-0.390136	0.398195	9010	
0.331844	0.256193	531	
0.193493	0.051401	1654	
0.502860	-0.148386	9461	
0.429470	-0.315177	3422	
-0.105691	0.896492	6537	
-0.310381	-0.905455	2141	
0.785109	0.185616	2353	
0.240669	0.254571	8300	
0.957924	0.200344	4100	
-0.497465	-0.669182	6928	
-0.048603	0.918824	8654	
0.189672	0.407488	7394	
0.486936	0.783489	7590	
0.399582	0.720792	9848	
-0.683691	0.135161	7691	
-0.530068	0.076094	3197	
0.764741	-0.093058	6242	
-0.289285	-0.698428	7948	
0.524952	-0.279869	1673	
-0.581241	0.093324	4046	
0.390689	0.879852	524	
0.646273	0.638047	10214	
-0.114986	0.525600	3088	
0.465850	-0.123947	1894	
0.427432	0.230506	4768	
-0.322315	0.795643	6097	
-0.434037	-0.126660	5513	
0.908564	0.087300	8240	
0.440395	0.812353	10152	
-0.207197	0.426364	6807	
0.875615	0.241722	5974	
-0.633750	-0.546079	5843	
-0.197968	0.194541	3594	
0.583597	-0.659916	5804	
0.312515	-0.173672	1495	
0.551778	-0.734029	9067	
0.375863	0.828342	6164	
0.401001	0.132871	3236	
-0.196825	0.746224	8208	
-0.804189	0.577167	4040	
0.552465	-0.100369	5085	
-0.494687	0.558731	466	
0.379390	-0.138385	2275	
0.804945	0.255716	4229	
-0.322555	0.751576	7080	
-0.457779	0.434209	4118	
0.237595	0.861698	8242	
0.768901	0.403966	5077	
0.517590	0.052525	3385	
0.688104	0.289567	4861	
0.302903	0.739757	7462	
-0.160116	0.869492	7306	
0.010668	-0.184300	8984	
-0.163913	-0.217120	6411	
-0.405707	0.030773	3303	
-0.567526	0.772724	8034	
0.181334	-0.057679	992	
0.385203	0.012381	2007	
0.942593	0.081557	2109	
0.513305	-0.648479	2678	
0.246401	0.722467	8049	
0.174061	0.621543	5113	
-0.506365	0.643383	2677	
0.416458	0.447392	4924	
0.462780	0.815932	10082	
0.825863	-0.405839	7144	
-0.734271	0.061674	4056	
0.067406	-0.441810	2729	
0.575735	-0.730682	10092	
-0.772941	0.338348	5408	
-0.002344	0.305580	5303	
0.481217	-0.126295	7972	
-0.209190	0.505149	1593	
-0.843640	-0.391888	987	
-0.617876	0.315718	4654	
0.551951	0.296759	6079	
-0.255839	0.792336	1459	
0.115872	-0.911521	8244	
-0.047349	0.332937	3962	
-0.560333	0.680486	5053	
-0.783648	0.372197	6245	
0.012209	0.577970	560	
0.143920	0.586620	5247	
-0.003981	0.144974	735	
0.094845	-0.439822	5960	
0.346260	0.145723	9047	
-0.786771	0.308436	5819	
0.263508	-0.398236	537	
0.488298	-0.230745	6302	
0.777787	-0.299303	4836	
0.104464	-0.291056	4487	
-0.356149	-0.772594	2176	
-0.342169	0.363024	6240	
-0.396510	0.868291	2459	
0.149974	0.044268	9464	
-0.622218	0.639816	6419	
0.255970	0.652611	500	
0.701847	0.654236	784	
0.694746	-0.346392	3153	
0.449223	0.166304	7876	
0.705260	0.584592	9817	
0.371059	0.198325	6551	
-0.066225	0.559261	6878	
-0.547463	0.098677	5086	
-0.223442	0.297918	6100	
0.835690	-0.456109	1396	
0.476421	0.586577	5467	
-0.352358	0.282678	9267	
0.772883	0.117066	4447	
-0.494860	0.028467	8933	
-0.122557	0.313321	356	
0.518033	-0.082013	3198	
0.303859	0.423607	9535	
-0.192381	0.175009	2476	
-0.749666	0.080224	5924	
-0.245906	-0.844004	8241	
-0.590799	-0.609179	8865	
0.166408	-0.824149	7981	
-0.829447	-0.170255	5291	
0.271064	-0.517933	5917	
-0.480410	0.669248	6593	
0.431303	0.801115	7898	
0.280452	0.356780	7442	
0.437627	0.758444	3060	
0.105116	0.899149	8987	
0.593067	0.614979	8866	
-0.829407	-0.213548	5418	
0.977952	0.092250	9104	
-0.551033	0.506936	9395	
-0.838580	0.245348	5832	
-0.364182	0.559477	5640	
0.117238	-0.504127	5901	
0.762429	0.228942	6197	
0.400532	0.492513	8849	
0.221188	0.534574	9990	
0.504364	0.182594	6720	
0.220698	0.344176	6385	
0.289100	0.667080	4484	
0.114156	0.483318	3503	
-0.692960	0.702693	9316	
-0.416831	-0.152830	3406	
0.362319	0.827738	6164	
-0.128037	0.155452	5462	
-0.070067	0.148177	4113	
-0.643142	0.393977	7369	
0.577383	-0.132938	576	
0.232684	0.795937	8016	
-0.186113	0.586544	864	
-0.295743	0.561871	8730	
-0.412784	0.580647	3378	
-0.115111	0.488083	6503	
0.967532	0.220846	8324	
0.571592	-0.180577	2720	
-0.021477	0.151265	9247	
-0.187210	-0.813809	681	
0.258195	0.128952	515	
0.270519	0.768176	2246	
0.221973	0.787300	7038	
0.301419	-0.177815	684	
-0.443895	0.625662	6377	
-0.076046	0.857848	1700	
0.626869	0.327345	9330	
0.690131	0.456408	1875	
0.703903	0.129612	8998	
-0.167810	0.585170	4686	
-0.086666	-0.669846	8284	
0.692583	-0.515528	5810	
0.790626	-0.590052	4039	
0.268637	0.137060	3014	
-0.165414	0.200722	3200	
-0.848882	-0.037950	5961	
0.308652	0.302280	6435	
0.168055	0.497959	3179	
-0.776044	-0.004026	7944	
-0.221273	0.561504	2794	
-0.155284	0.407717	3166	
0.143159	0.090768	7051	
-0.305435	-0.777027	8083	
0.661358	-0.130978	4907	
0.499471	0.608162	7667	
0.372663	0.349692	5332	
-0.435449	0.493469	6653	
0.511355	-0.105648	4405	
0.710339	0.169867	9023	
0.262048	-0.003490	2455	
0.423378	0.725913	2224	
0.732592	0.659779	6704	
-0.318070	0.120934	1610	
-0.009032	-0.584346	5887	
-0.295590	-0.158426	3894	
0.126173	0.143855	2908	
-0.064111	-0.760341	2321	
0.078642	0.695890	706	
0.233131	0.088354	4179	
-0.017345	0.513944	780	
0.740248	0.398055	3771	
-0.610047	0.516630	1053	
-0.594476	0.632362	5090	
-0.529796	0.243104	8201	
0.572378	0.614816	6861	
0.555923	0.724628	1418	
0.644591	0.380791	3812	
-0.636892	0.690212	1485	
-0.496902	-0.744873	7133	
-0.623233	0.377034	6806	
-0.528509	0.005949	9893	
0.465447	0.625187	7022	
-0.755137	0.220796	3650	
0.230311	0.944119	6110	
0.366839	-0.539648	2876	
-0.283465	0.715795	2740	
0.761390	0.383792	3741	
-0.528873	0.684938	5039	
-0.676921	0.467198	4467	
0.431615	-0.878345	6278	
-0.259580	-0.055577	1467	
-0.049531	-0.162969	4982	
-0.817682	0.379069	5374	
-0.069570	-0.124885	1185	
-0.412224	-0.131574	3332	
0.558851	0.630141	8464	
0.158994	0.270138	8074	
0.554305	0.141212	4157	
0.195219	0.416251	2323	
0.540625	0.546697	6870	
-0.769396	0.422977	5273	
-0.310767	-0.571191	3244	
0.949425	0.276413	502	
0.357207	0.361149	6913	
0.223535	0.503897	8703	
-0.006836	0.689304	9979	
-0.608128	-0.525459	3828	
0.273063	0.089332	1637	
0.129349	-0.180508	564	
-0.064331	0.771404	4595	
0.792299	0.342725	6287	
-0.212621	0.289649	6100	
-0.148769	0.295864	1345	
0.115637	0.460094	3296	
-0.604315	0.770626	6384	
-0.360816	0.329706	3323	
0.477694	-0.106495	2955	
-0.668023	0.264073	7034	
0.020797	0.821937	7494	
0.567332	0.377135	3111	
0.398801	0.095910	3403	
-0.471320	0.362278	6145	
0.283568	0.154338	3046	
0.188363	0.114919	656	
0.415220	-0.002398	4592	
0.079775	0.584766	8232	
0.917368	0.378894	9308	
0.825227	0.109395	4613	
0.792624	0.333988	5450	
0.495807	-0.581113	846	
-0.571130	0.230044	8907	
-0.052674	0.872176	8830	
0.776384	0.576008	2386	
0.209275	0.799569	1651	
0.261707	-0.803744	3178	
0.152901	0.032518	4800	
-0.103624	0.211259	10098	
-0.865984	0.275977	1481	
0.584738	0.169654	8602	
-0.149738	0.551445	6709	
0.202287	0.159019	7550	
-0.496747	-0.415653	8683	
0.695999	-0.692301	8133	
0.697900	0.265502	5482	
0.140510	-0.093530	3692	
0.005574	0.783414	8316	
0.028041	0.913257	9758	
0.289612	-0.124166	6786	
0.220238	-0.221591	6303	
0.101706	0.214698	5379	
-0.304743	-0.597635	2858	
0.648365	0.036975	4308	
-0.433426	-0.030917	5350	
0.303054	-0.139359	4437	
-0.316492	0.326510	1995	
0.509675	0.781201	9106	
-0.019818	0.368529	7679	
-0.124487	0.490551	3713	
0.860584	0.425230	1326	
0.619986	0.646219	9258	
-0.462487	0.572236	7586	
0.755116	0.627509	9782	
-0.731292	-0.201191	1927	
-0.009399	-0.587432	5887	
-0.653506	-0.300871	7814	
-0.513648	-0.608355	7668	
0.807639	-0.549619	9077	
-0.075379	0.540096	6824	
0.524575	0.319352	6134	
-0.799547	0.237741	4867	
-0.376678	0.389632	8732	
-0.250646	0.486148	3601	
0.289938	0.308979	5661	
-0.479676	0.533483	436	
-0.525100	0.639105	2677	
-0.542849	0.685907	5778	
-0.917024	-0.018682	6205	
0.632152	0.340092	2468	
0.775183	0.479431	8352	
0.541742	0.328277	6202	
0.212887	0.239315	6751	
0.104332	0.475998	2789	
0.254473	0.420788	8833	
0.048439	0.281153	9403	
0.588770	-0.688515	715	
-0.572138	0.611756	4346	
0.215396	0.502161	5245	
-0.016119	0.557198	790	
-0.433112	0.407456	9697	
-0.862660	-0.127907	5963	
-0.690007	-0.418250	8138	
0.226500	-0.171018	8184	
0.234963	0.467938	3010	
0.653529	-0.058066	2735	
0.193222	0.187141	6005	
-0.574252	0.580101	3584	
-0.420870	0.229864	1080	
0.724271	0.559677	9593	
0.544786	-0.002272	382	
-0.222584	0.453046	5020	
0.368304	0.360208	6913	
-0.254767	0.232916	10241	
0.867271	0.473589	1826	
-0.100198	0.166100	6697	
0.575244	0.586170	10078	
0.424799	-0.115645	4951	
0.652176	-0.247507	4363	
0.594797	0.708024	2798	
0.609421	-0.323504	4231	
0.407312	0.293883	3760	
-0.814549	0.527433	9087	
-0.688433	0.375364	6346	
-0.601671	0.450969	8008	
0.393121	0.447984	3372	
-0.518084	0.820802	4340	
-0.211311	0.906647	638	
0.363648	0.806533	5000	
0.125334	0.616124	8847	
0.336060	0.124798	6192	
-0.359976	0.406039	7526	
-0.195771	-0.894632	6580	
0.337732	0.090975	7439	
0.679527	0.266805	4844	
-0.940832	0.087662	8273	
-0.009003	0.944393	577	
-0.093582	0.439197	5959	
0.842300	0.525395	4194	
0.967080	0.047127	10166	
-0.816779	0.037339	4633	
0.421388	-0.632799	5572	
-0.873567	0.018359	7170	
-0.635178	0.215154	4161	
0.055521	0.704383	6925	
-0.429896	0.542957	5198	
-0.725441	0.421037	7788	
0.657039	0.056214	2368	
-0.603703	0.354987	5795	
-0.148774	0.688574	9480	
-0.800827	0.458636	4414	
0.702527	0.569501	4436	
0.668190	-0.042572	4588	
0.591496	-0.217638	747	
0.211937	-0.945151	4774	
0.509478	0.766640	8060	
-0.113907	0.916535	8243	
0.745848	-0.561401	349	
-0.315108	0.815521	7113	
-0.096474	0.260370	5318	
0.409626	-0.396207	9200	
-0.399657	0.784048	1347	
-0.322983	0.277887	10037	
0.711138	0.546667	9593	
-0.219586	-0.717824	1737	
0.765395	0.067455	2074	
-0.814908	0.210472	4935	
-0.513712	0.472243	8764	
0.618955	0.176521	884	
0.177563	0.063002	7297	
0.286071	0.912445	2142	
-0.678817	0.516138	5194	
-0.593950	0.631401	3816	
-0.721638	0.269272	3779	
-0.386004	-0.418837	2881	
-0.018506	-0.710940	6924	
0.208082	-0.413275	6783	
0.547702	-0.573235	2499	
-0.421122	-0.459270	5971	
-0.441228	0.307717	4209	
0.227704	0.896237	9139	
0.370876	0.150250	8863	
0.145520	0.106979	733	
0.053300	0.939116	1547	
0.542541	0.069892	4240	
0.254673	0.041817	2278	
0.485209	0.629073	7022	
0.453903	0.445241	7766	
-0.476573	0.386495	10064	
-0.370610	0.395811	8732	
0.298566	-0.080609	1047	
-0.257809	0.422876	5428	
-0.301309	-0.012604	2911	
0.084950	0.408258	1779	
0.680098	0.324023	4881	
0.348942	0.254812	2153	
-0.342910	-0.212286	5204	
0.495093	0.518864	3740	
0.696699	0.577317	9817	
-0.126609	0.247847	7220	
0.335787	-0.018903	8203	
-0.950377	-0.204900	8323	
0.342714	-0.502785	8938	
0.772090	-0.122961	5928	
0.633592	0.488734	5993	
-0.773602	0.403938	5273	
-0.190548	0.179645	2305	
0.589077	0.490092	2435	
-0.798730	0.019923	2877	
-0.180605	0.561337	8373	
0.051084	0.864724	8371	
0.340254	0.295347	469	
0.146043	0.922469	2513	
-0.835438	0.254173	6444	
0.868393	0.462442	1826	
-0.846512	0.209443	4459	
-0.423767	0.574501	5221	
0.494179	0.727732	7085	
0.049061	-0.686279	3843	
-0.442892	0.556629	6019	
-0.387611	-0.237693	1006	
-0.511904	0.505760	9701	
-0.570652	0.761353	8034	
0.540417	0.362254	1616	
0.599554	0.328152	3835	
-0.114987	0.160713	6351	
-0.383944	0.874948	841	
-0.283332	0.305134	8465	
0.213863	0.115098	5736	
0.507703	-0.036511	7451	
0.816000	0.485645	2910	
0.294012	0.198060	6317	
-0.209674	-0.290029	5557	
0.520244	0.356235	4304	
-0.163352	0.391097	3008	
-0.840303	0.433586	5590	
0.733708	0.084562	445	
-0.649539	0.316846	6705	
0.313284	-0.189350	664	
0.966800	0.202227	4100	
-0.896524	0.096036	6216	
-0.179766	-0.240374	6714	
-0.532038	0.700573	7558	
-0.893367	0.231235	7157	
0.069689	0.559282	9621	
-0.579159	0.476711	540	
-0.287255	0.397753	394	
0.754688	0.480478	5829	
0.501997	0.265656	2538	
0.356368	0.081672	7893	
-0.178000	0.731946	4505	
0.819929	0.429497	6844	
0.559880	0.508160	2708	
0.833646	-0.022292	4634	
0.186316	-0.944841	1719	
-0.699967	0.430703	5687	
0.414078	0.646428	2309	
0.798210	0.470104	9008	
0.500766	0.837040	1614	
-0.831249	0.251018	5832	
-0.330601	-0.722774	5673	
0.454864	0.643452	4457	
-0.741658	0.241649	6886	
-0.273185	0.579908	5890	
-0.076624	-0.795103	3876	
0.832424	0.172545	5292	
0.281708	0.395813	8455	
0.336513	-0.048563	6054	
0.890912	0.322824	9788	
0.620930	0.156250	6938	
-0.092987	0.751724	8259	
0.464941	0.392061	10119	
0.487776	0.454330	1669	
-0.787843	0.403527	5116	
-0.231621	0.258683	4202	
-0.013345	-0.689296	6924	
0.815921	-0.272701	6035	
-0.453248	-0.100520	7347	
0.222496	-0.258749	10173	
0.869163	0.291919	6237	
-0.749508	0.490420	8917	
0.627229	0.207963	2570	
-0.888938	-0.014408	7061	
0.421376	0.613146	5243	
0.209904	0.878394	1313	
0.703236	0.380796	2557	
-0.320047	0.306354	8655	
-0.316757	0.314669	1995	
0.381529	-0.115060	1003	
0.161940	0.113195	2703	
0.770082	0.290832	4001	
-0.898604	0.306035	2379	
-0.600380	-0.603571	8865	
-0.020173	0.424135	5656	
-0.184877	0.489383	4914	
0.412544	0.656952	4783	
-0.550125	-0.330700	7402	
0.430048	-0.162256	6952	
-0.160044	0.721298	2240	
-0.599330	0.402498	6263	
0.736369	0.026207	4185	
-0.763904	-0.594946	8453	
-0.418218	-0.056309	5353	
0.900400	-0.302726	2380	
-0.391607	0.549934	2394	
0.448649	-0.176430	7070	
-0.652577	0.272656	5444	
-0.434200	0.438703	4102	
-0.949674	0.003466	9631	
0.239347	0.352436	2725	
0.262538	-0.013016	9910	
0.452604	0.144626	7786	
-0.176291	0.622551	2457	
0.243351	0.473482	3747	
0.693698	0.693705	9194	
0.175418	0.579506	4294	
0.170509	0.397643	2751	
0.199536	0.406671	3732	
0.493653	-0.526503	9544	
-0.338358	0.695957	7763	
-0.327739	-0.570202	3244	
-0.352413	0.516893	6111	
-0.379041	0.836015	812	
-0.342141	0.395989	4995	
-0.271794	0.443447	708	
-0.650393	0.273077	5444	
-0.319275	0.883927	869	
-0.763374	0.276058	2651	
0.701067	0.228717	9041	
-0.017059	0.816052	8646	
-0.198513	0.588650	864	
0.618194	0.154430	6938	
0.554948	-0.118298	5209	
-0.180060	0.540710	6152	
-0.655213	0.464792	1175	
-0.443301	0.782615	636	
0.703480	0.353918	5776	
0.432191	0.223992	4768	
0.765223	-0.048544	4455	
0.794263	0.122266	3730	
-0.385480	0.786802	7106	
0.589607	-0.114500	1434	
0.461776	0.436411	1312	
-0.484537	0.658764	2559	
0.104785	0.240411	7373	
0.584977	0.196113	8785	
-0.167861	0.551030	8373	
-0.239899	0.549683	2777	
-0.081596	0.555720	7240	
0.249040	0.788779	8845	
-0.194476	0.670198	5082	
0.270527	0.409862	9253	
0.497776	0.452856	1669	
0.618616	-0.651078	5781	
0.225873	-0.925629	2535	
0.552780	0.471747	2360	
0.389415	0.628684	8868	
0.090331	0.047210	5550	
-0.729055	0.318323	3543	
-0.503994	0.682592	6526	
0.422129	-0.814037	1294	
-0.047901	0.460146	5087	
0.550017	0.116662	4203	
0.288296	-0.056390	3562	
0.277924	-0.329651	9676	
0.543027	0.773467	7226	
0.482384	0.684805	7024	
0.558033	0.661680	2289	
0.427620	0.846105	10125	
0.858853	0.372282	3838	
0.321751	0.088557	3999	
-0.364888	0.345297	4662	
-0.312644	0.341931	3450	
0.564961	0.222647	4711	
-0.700385	0.329186	2484	
-0.004434	-0.625001	7040	
-0.316574	-0.372150	1278	
-0.197913	-0.699843	4585	
0.714514	-0.336262	2483	
-0.164348	0.738938	2240	
0.288785	0.469335	3161	
0.233045	0.610324	2925	
-0.716134	0.584483	430	
0.361575	0.688378	7507	
0.313126	0.369308	1277	
-0.282073	0.483592	5855	
-0.824715	0.332199	7828	
-0.800167	0.224368	4279	
-0.455643	0.521412	6546	
0.655280	0.088438	2338	
-0.103512	0.507647	4833	
-0.608709	0.704186	504	
0.720205	-0.483720	6184	
-0.365955	0.524072	6111	
-0.889415	0.184981	960	
-0.013902	0.351227	5507	
-0.348192	-0.859972	9066	
0.748585	0.326989	6306	
0.239239	-0.062076	7693	
0.580273	0.325128	4149	
0.434993	0.099678	5378	
-0.210205	-0.936576	10179	
-0.242522	-0.682608	4866	
-0.631937	-0.716591	5199	
-0.197440	0.641998	2425	
0.790048	0.268262	1903	
0.279365	0.347232	6455	
0.505349	0.171902	4292	
-0.931632	0.286611	8387	
0.552749	-0.017841	1351	
0.696522	0.297171	5511	
0.010906	0.815567	997	
0.328495	0.115694	4735	
0.489820	0.674635	5821	
0.466445	0.856201	3084	
0.659596	0.293595	9820	
0.509307	-0.013816	9815	
0.544243	-0.005099	382	
0.373933	-0.671916	8854	
0.009740	0.147155	6051	
-0.304903	0.236908	5683	
-0.717811	0.517257	7315	
0.117324	0.746784	3104	
0.226117	0.413802	5047	
0.220337	0.417373	5047	
0.277968	0.349323	6455	
-0.273711	0.848092	5008	
0.379169	0.282440	2860	
-0.098095	0.542311	2127	
0.273896	0.106000	1435	
0.335775	0.124832	6192	
0.843164	0.405526	666	
0.674780	0.553521	8581	
-0.106876	0.669697	8661	
0.556876	0.483950	3420	
0.349357	0.441483	2674	
0.699392	0.027111	8071	
0.084703	0.896332	9004	
0.899012	0.392864	8136	
0.951151	0.111022	10210	
0.561890	0.553832	8054	
0.742697	0.427503	4452	
-0.303766	0.353852	4272	
0.024291	0.823938	7494	
0.366046	-0.063706	1061	
0.868951	0.344045	478	
-0.787781	0.482095	8228	
0.386586	0.129137	5423	
-0.516977	0.450970	6314	
-0.489441	0.373557	8795	
0.299590	-0.037527	3106	
0.563144	0.608569	6861	
-0.380706	0.316341	2807	
-0.285876	-0.486906	3826	
0.089488	-0.938250	1716	
-0.471410	0.328950	5989	
-0.094924	0.396701	7301	
0.083977	-0.103193	1073	
-0.803098	0.322257	6773	
0.535100	0.580750	6754	
0.125460	-0.636094	3205	
0.464570	-0.125079	1894	
0.591554	0.695687	3669	
0.737496	0.303438	8005	
0.788398	-0.261681	4416	
0.409242	0.653628	5709	
-0.443337	0.556851	6019	
-0.857517	0.342162	7152	
0.405107	0.613522	4974	
-0.005250	0.914133	8501	
0.448085	0.729101	7112	
-0.895833	0.096725	6216	
-0.836643	0.190222	3171	
-0.054116	0.720095	1934	
0.505971	0.270285	2538	
0.026200	-0.498475	450	
-0.313989	-0.665192	7445	
-0.350910	-0.647825	7182	
-0.487485	-0.305993	6587	
-0.512132	-0.560599	3927	
-0.071891	0.844929	1734	
-0.091807	0.809209	8530	
-0.090257	0.835534	8525	
-0.032280	0.354707	623	
0.669052	0.231242	3773	
0.322638	0.319983	6300	
0.229396	0.522471	1562	
0.303488	0.364890	593	
-0.531029	0.652329	2677	
0.783013	0.456236	6252	
-0.524345	0.498500	3125	
-0.252168	0.775242	4067	
-0.381793	-0.455231	3881	
0.135036	0.354824	1803	
-0.301323	0.738701	5387	
-0.023969	0.455635	9626	
0.616351	-0.580672	5612	
-0.147896	0.482018	1580	
0.741893	0.100705	495	
-0.329444	0.392638	6690	
0.777266	0.222517	8779	
0.075641	-0.883153	7891	
-0.000971	-0.901137	8384	
0.189104	-0.840848	1490	
0.374395	0.047680	4389	
-0.095401	0.584172	1275	
0.511937	0.035723	3599	
0.631982	0.673404	8367	
-0.650188	0.721032	5992	
0.130686	0.870441	8497	
-0.187472	0.397587	4900	
-0.885629	0.303849	461	
0.447517	0.726062	7112	
-0.442979	0.530228	6017	
0.082141	0.959279	1403	
-0.198923	0.373423	5998	
0.021107	0.834143	3023	
0.084936	0.868763	8813	
-0.080205	-0.135207	3211	
-0.630048	0.207286	3698	
-0.752316	0.186695	8804	
0.354060	0.411805	1509	
0.498156	0.062825	1990	
0.517481	0.018777	4798	
0.519013	0.016853	4798	
0.511996	0.035222	3599	
0.491317	0.078178	1501	
0.228691	0.625818	4929	
-0.519782	0.518902	3507	
0.675838	0.424156	7793	
0.401198	0.749773	4164	
-0.151395	0.866495	7306	
-0.438859	0.629414	6377	
-0.264481	0.685168	8056	
-0.458442	0.344323	6611	
-0.132667	0.398621	9176	
0.766264	0.498774	5829	
0.200912	0.042221	814	
0.352498	0.910297	5302	
0.860548	0.450211	1826	
-0.460851	0.422123	3312	
-0.262434	0.512369	4747	
-0.852613	0.189446	4459	
-0.260584	0.684370	8056	
0.422501	0.764461	3060	
-0.131114	0.885910	5517	
-0.178103	0.731636	4505	
0.259973	0.706116	7802	
0.481103	0.099887	724	
0.426482	0.206455	4785	
0.700271	0.435119	1875	
-0.443342	0.590697	6037	
-0.851553	0.154705	2221	
-0.121769	-0.904703	8988	
0.144008	-0.753204	3537	
-0.123073	0.671959	6493	
-0.566981	0.315537	1051	
0.684040	-0.067131	5950	
0.354270	0.337175	3877	
-0.483268	0.340236	5177	
0.358761	-0.706224	7779	
0.520097	0.711685	7865	
-0.435764	0.636524	5571	
-0.164456	0.445605	8356	
-0.347928	-0.315030	380	
-0.032592	0.333084	2550	
-0.338689	0.695948	7763	
-0.286231	0.750211	5387	
-0.033382	0.297601	1867	
-0.563657	0.611190	2448	
-0.716742	0.468107	6183	
-0.433256	0.741251	4602	
0.186930	0.552172	6898	
-0.718835	0.448637	7829	
-0.070365	0.450090	1911	
-0.176611	0.137107	3870	
-0.154704	0.142816	5218	
-0.163675	0.146352	5218	
-0.119272	0.141341	4119	
-0.122633	0.141999	4119	
-0.044432	0.147978	3079	
-0.050163	0.146988	3079	
-0.050671	0.186574	5021	
-0.092392	0.351103	9126	
-0.074583	0.490781	2011	
0.356107	0.747086	4476	
0.373834	0.738090	8600	
0.367746	0.741007	4476	
0.527837	0.584934	6177	
-0.035029	0.655240	9664	
-0.071902	0.221723	5966	
-0.019690	0.149218	9247	
-0.116567	0.133288	3412	
-0.063543	0.133489	6788	
0.004241	0.141465	6051	
-0.082057	0.359411	4133	
-0.508792	-0.522550	4485	
-0.705403	0.441437	5687	
0.902757	0.230752	6161	
0.111533	0.662359	1951	
0.485904	0.270646	1168	
-0.178022	-0.179631	6006	
-0.202181	-0.237910	6752	
-0.167693	-0.167142	4489	
0.216123	0.780470	2444	
-0.548358	0.545820	2959	
-0.016047	0.830680	8488	
-0.258353	0.584728	4696	
-0.499834	0.810121	2036	
0.264125	-0.001127	2455	
-0.740847	0.377893	7208	
-0.457334	0.760106	4138	
-0.627756	0.541878	1726	
-0.592840	0.629129	3816	
-0.198696	0.900517	638	
-0.738914	0.370551	5978	
0.257767	0.124971	515	
0.267376	-0.009632	2455	
0.644904	-0.097852	4424	
-0.873590	-0.021457	7031	
0.113599	0.673200	2250	
-0.093341	0.767431	8421	
-0.034657	0.816290	8890	
-0.004703	0.835316	371	
-0.003058	0.836805	371	
-0.017927	0.829043	8488	
-0.040985	0.813249	8890	
-0.080778	0.780793	8261	
-0.198725	0.653471	2505	
-0.357247	0.505707	1634	
-0.543526	0.572563	2500	
0.113973	0.595780	1895	
0.165392	0.427230	547	
0.156242	0.334341	2554	
0.222851	0.428902	3140	
-0.561810	0.496144	486	
0.719427	-0.057329	6149	
0.713340	0.182481	8277	
0.044539	0.963599	2053	
0.532472	0.809423	9668	
0.517170	0.204011	3521	
0.373874	0.142162	9551	
0.127836	0.689878	9278	
0.157788	0.340951	3439	
0.177408	0.458984	1157	
-0.508716	0.640491	2677	
-0.192050	0.661754	5082	
-0.092088	0.772239	8421	
-0.049525	0.808878	9114	
-0.067731	0.797618	8472	
-0.338948	0.520383	6627	
0.159805	0.435609	860	
0.003368	0.746786	3802	
-0.208447	-0.254366	6476	
-0.052813	-0.109933	1523	
0.249884	0.212969	3462	
0.298268	0.272709	7751	
0.816794	0.276525	1440	
0.116816	0.773984	8042	
0.270219	0.333168	6739	
-0.109507	-0.126180	2943	
0.169547	0.467772	3148	
0.170800	0.413794	547	
-0.728850	0.406307	7218	
-0.327855	-0.614102	8417	
-0.083143	0.352019	4133	
0.013721	0.147585	6051	
-0.010776	0.147546	7413	
-0.090604	0.353823	4700	
0.530163	0.576867	6177	
0.480928	0.379448	5005	
0.624233	0.312690	1057	
0.663675	0.325643	3818	
0.496723	0.383861	6990	
-0.527328	0.223092	7329	
-0.697198	0.165778	9652	
-0.683413	0.198441	7180	
-0.686648	0.200785	7180	
-0.666696	0.216658	7244	
-0.667841	0.216501	7244	
-0.635797	0.238101	4364	
-0.639890	0.236589	4795	
-0.604342	0.256847	2027	
-0.571490	0.273419	2998	
-0.541941	0.287131	2610	
-0.502984	0.304307	7513	
-0.501603	0.304745	7513	
-0.502486	0.303651	7513	
-0.479474	0.311612	5675	
-0.530661	0.287818	2610	
-0.591435	0.256575	2016	
-0.629413	0.229975	3698	
-0.671815	0.191772	7180	
-0.654329	0.195528	4778	
-0.638007	0.193858	4211	
-0.548842	0.219125	6606	
-0.355389	0.240818	7547	
0.525227	0.410866	3552	
0.092370	0.928157	1389	
0.390146	-0.049537	2106	
0.347558	-0.062657	6724	
0.522632	-0.119791	4405	
0.572489	-0.092578	4045	
0.516696	-0.123335	7161	
0.423091	-0.127182	4886	
0.338059	-0.054500	6054	
0.313378	0.033007	4911	
0.351953	-0.004392	549	
-0.366173	0.845695	812	
0.719640	0.344557	6562	
0.486383	0.344125	5059	
0.458051	0.453274	10124	
0.518821	0.545587	6815	
0.490717	0.468238	1333	
0.419419	0.443538	4924	
0.489589	0.340466	5059	
0.690494	0.307933	5511	
0.722639	0.338051	6562	
0.797146	0.305278	5402	
-0.694515	0.600859	414	
0.398126	-0.041953	3304	
0.333354	0.033561	7795	
0.318759	0.045179	4879	
0.312235	0.039632	4103	
0.311588	0.036144	4103	
0.314268	0.034912	4103	
0.319839	0.038497	4103	
0.328745	0.032148	6360	
0.345832	0.002779	1101	
0.358588	-0.014722	549	
0.373341	-0.029568	2817	
0.403601	-0.047878	3304	
0.437233	-0.054584	7138	
0.479161	-0.037481	8934	
0.494548	0.005488	3353	
0.478218	0.082460	958	
0.851401	0.206703	6021	
0.657146	0.685117	6682	
-0.182369	0.915577	5570	
-0.077398	0.938859	1582	
0.779690	0.520957	792	
0.254085	0.743319	8561	
0.489663	0.044244	3932	
0.480563	-0.035952	8934	
0.429465	-0.054426	5153	
0.373884	-0.031712	5391	
0.344002	0.003736	1101	
0.328983	0.023462	6360	
0.318959	0.026625	4911	
0.315061	0.011643	4172	
0.329290	-0.036967	7713	
0.371412	-0.096164	1281	
0.438352	-0.131347	6129	
0.560635	-0.102581	4169	
0.616043	-0.036154	5175	
0.608279	0.035100	5430	
0.567533	0.082929	5958	
0.534525	0.113994	3383	
0.538096	0.110466	3383	
0.580001	0.068508	7607	
0.607132	-0.049101	5691	
0.372579	-0.091856	1281	
0.495325	-0.017338	9870	
0.503322	0.367665	2942	
-0.292534	0.214098	9400	
-0.552873	0.221182	8907	
-0.628682	0.206760	3698	
-0.630650	0.221028	3698	
-0.569583	0.262751	2440	
-0.476711	0.309351	4971	
-0.301702	0.386477	7025	
-0.224084	0.452494	5020	
-0.212551	0.471693	352	
-0.335440	0.377311	6789	
-0.824997	0.005578	5136	
-0.899061	-0.032481	6014	
-0.933645	0.033831	9055	
-0.942021	0.072326	5931	
-0.942440	0.088049	8273	
-0.943105	0.100771	8663	
-0.942779	0.116997	8663	
-0.943081	0.136335	9151	
-0.941448	0.140044	9151	
-0.940027	0.142089	9151	
-0.938755	0.143401	9151	
-0.937204	0.142876	9151	
-0.936955	0.136962	9151	
-0.936608	0.125222	8475	
-0.932952	0.101822	8663	
-0.930117	0.080154	9492	
-0.926572	0.057421	9492	
-0.915479	0.019991	8185	
-0.902283	-0.010584	7061	
-0.887079	-0.025987	6014	
-0.869149	-0.036025	7104	
-0.832680	-0.000138	5136	
-0.774416	0.125417	5927	
-0.399540	0.350593	5160	
-0.139844	0.602568	2918	
0.226042	0.824757	8068	
0.544230	0.677023	8976	
0.584141	0.661195	5155	
0.587827	0.664280	5155	
0.594517	0.649558	9225	
0.595017	0.637508	9051	
0.576285	0.643599	8434	
0.496389	0.704667	7024	
0.291710	0.804724	1230	
-0.057526	0.729181	4166	
-0.170596	0.487577	4074	
-0.226839	0.388048	4431	
-0.258284	0.345887	1984	
-0.261884	0.334598	9134	
-0.256087	0.339212	9134	
-0.242698	0.355663	9630	
-0.222016	0.381243	8381	
-0.197975	0.419753	5948	
-0.170528	0.475979	4009	
-0.136077	0.559035	4975	
-0.063605	0.715040	4646	
0.182119	0.825246	682	
0.363365	0.778362	2175	
0.450740	0.734424	7112	
0.496690	0.703403	7024	
0.504155	0.698006	8044	
0.488225	0.710453	6270	
0.448444	0.736908	3850	
0.394824	0.765729	9290	
0.319940	0.796577	6156	
0.276766	0.809797	7174	
0.238806	0.818381	8068	
0.180081	0.827258	682	
0.130669	0.831314	5785	
0.068398	0.829404	2083	
0.020942	0.817731	1140	
-0.012443	0.796292	8860	
-0.045972	0.753032	1650	
-0.052343	0.742806	3252	
-0.058046	0.733319	4166	
-0.057533	0.734268	4166	
-0.051103	0.744860	2422	
-0.039485	0.763131	2140	
-0.002015	0.804829	9692	
0.066449	0.829365	2083	
0.141226	0.830663	4889	
0.240865	0.818637	8068	
0.329018	0.793892	4373	
0.402477	0.763313	9290	
0.468087	0.725857	3850	
0.524421	0.685070	7968	
0.562024	0.655871	2289	
0.584475	0.641345	9051	
0.596154	0.638302	9051	
0.595703	0.654244	9225	
0.578556	0.683528	5155	
0.537580	0.730067	1418	
0.486422	0.773373	7468	
0.441502	0.803913	7984	
0.443470	0.802283	7984	
0.490874	0.768543	7134	
0.566619	0.692293	9364	
0.550440	0.675726	2544	
0.036550	0.826837	1122	
-0.313891	0.392241	8326	
-0.747437	0.160348	2349	
-0.836699	0.003898	5136	
-0.875011	-0.020503	7031	
-0.897077	0.006010	8127	
-0.911561	0.039669	9784	
-0.921481	0.086129	9496	
-0.923436	0.140465	10156	
-0.918692	0.196655	2077	
-0.908489	0.256271	377	
-0.891697	0.316260	2379	
-0.869822	0.383284	9747	
-0.843585	0.440153	5590	
-0.817547	0.487815	9499	
-0.797526	0.517849	1288	
-0.785077	0.534382	9948	
-0.774602	0.547687	9238	
-0.763562	0.561471	1164	
-0.754355	0.572974	350	
-0.747626	0.579814	350	
-0.740968	0.586590	350	
-0.737225	0.589696	350	
-0.730574	0.596044	5096	
-0.730397	0.595067	5096	
-0.733389	0.590591	1063	
-0.735868	0.585470	350	
-0.740407	0.578142	350	
-0.745732	0.569381	350	
-0.752963	0.557117	1164	
-0.760178	0.544705	1164	
-0.767907	0.532789	3662	
-0.775781	0.520591	1288	
-0.785399	0.503528	1254	
-0.793436	0.489112	8228	
-0.801255	0.472706	4414	
-0.809441	0.455774	1432	
-0.816647	0.440504	7049	
-0.824197	0.422032	7143	
-0.830654	0.404647	7143	
-0.836884	0.386988	5374	
-0.841722	0.370198	9931	
-0.845570	0.353600	7152	
-0.848856	0.337091	7152	
-0.850745	0.318486	2619	
-0.849961	0.302885	2619	
-0.844669	0.292244	2619	
-0.831539	0.276564	6444	
-0.812761	0.269764	5473	
-0.791726	0.274098	4415	
-0.780520	0.281723	3753	
-0.780307	0.286769	4835	
-0.786881	0.290354	5819	
-0.793933	0.296908	5819	
-0.801982	0.301649	5819	
-0.809219	0.307312	6773	
-0.815124	0.314513	7712	
-0.820493	0.323637	7712	
-0.825495	0.330160	7712	
-0.830378	0.332658	7828	
-0.835158	0.332220	7828	
-0.839690	0.329424	7828	
-0.844194	0.325655	7152	
-0.848206	0.319930	2619	
-0.851961	0.311935	2619	
-0.855267	0.303812	2619	
-0.858795	0.294869	1481	
-0.861628	0.289655	1481	
-0.864292	0.284570	1481	
-0.867237	0.278507	1481	
-0.869547	0.273780	6766	
-0.871652	0.268457	6766	
-0.873203	0.264810	5872	
-0.874617	0.261189	5872	
-0.875664	0.257099	5872	
-0.876322	0.255006	5872	
-0.876784	0.253728	5872	
-0.876952	0.253698	5872	
-0.876895	0.255175	5872	
-0.876558	0.257533	5872	
-0.875825	0.261712	5872	
-0.874832	0.266938	5872	
-0.873366	0.272919	1481	
-0.871388	0.280425	1481	
-0.869134	0.288312	1481	
-0.866396	0.296433	1481	
-0.863069	0.306570	2619	
-0.859101	0.318842	8221	
-0.854767	0.331174	8221	
-0.849885	0.344180	7152	
-0.844437	0.357283	9606	
-0.838558	0.371389	5374	
-0.831778	0.386778	5374	
-0.824315	0.402536	6266	
-0.816135	0.418698	7049	
-0.807424	0.434979	7049	
-0.797799	0.452098	8336	
-0.787333	0.469226	4414	
-0.776277	0.486895	8228	
-0.764253	0.505015	8686	
-0.751279	0.524294	3662	
-0.737636	0.544383	7296	
-0.723478	0.563663	1063	
-0.707939	0.583334	430	
-0.692240	0.602834	414	
-0.676186	0.621818	1226	
-0.659096	0.640719	5120	
