time = 40.85	Re = 1
-0.971917	-0.077196	1828	
-0.954218	-0.204084	3396	
-0.864490	-0.459220	6706	
-0.618860	-0.765581	5180	
0.073407	0.946655	3073	
0.025271	0.949619	703	
-0.062423	0.948603	5534	
-0.211244	0.927668	5754	
-0.376197	0.875395	6896	
-0.604656	0.741635	4926	
-0.774001	0.568334	4732	
-0.970313	-0.048631	1796	
-0.695272	-0.692225	2452	
0.848015	-0.358581	541	
0.871150	-0.302068	1921	
0.903604	-0.197326	5789	
0.929525	-0.001969	873	
0.901090	0.228959	869	
0.810964	0.457625	4557	
0.659013	0.662114	417	
0.405185	0.847130	5595	
0.035593	0.946625	3021	
-0.355628	0.881602	562	
-0.714036	0.637419	6496	
-0.934525	-0.269917	1526	
-0.713856	-0.533518	3650	
-0.681672	-0.574763	4682	
-0.596280	-0.665255	4086	
-0.470632	-0.761755	2064	
-0.244653	-0.868290	5230	
0.066833	-0.907312	1037	
0.388137	-0.820390	4977	
0.680958	-0.606747	6083	
0.894570	-0.222667	5789	
0.882632	0.286792	1223	
0.660319	0.658862	417	
0.268975	0.901439	6105	
-0.267226	0.910014	5400	
-0.740495	0.605999	894	
-0.961086	0.101588	2030	
-0.453211	-0.872882	2702	
0.228998	0.835672	6673	
0.158904	0.856153	6073	
-0.024070	0.876641	4358	
-0.209161	0.845302	1496	
-0.492246	0.715940	4808	
-0.736206	0.470918	4120	
-0.889913	0.050165	6816	
-0.779118	-0.425324	3494	
-0.484978	-0.750653	2064	
-0.036744	-0.907006	5480	
0.467509	-0.777260	907	
0.829704	-0.387253	4043	
0.892767	0.248647	869	
0.600370	0.714033	2465	
0.065433	0.942067	3073	
-0.533128	0.787459	4662	
-0.925776	0.262295	674	
-0.874162	-0.427235	566	
-0.445128	-0.876188	2058	
0.165208	-0.824498	2509	
0.260598	-0.793467	5159	
0.421149	-0.717586	5847	
0.622272	-0.556346	5017	
0.806115	-0.256836	2181	
0.819052	0.236394	1179	
0.591815	0.612569	6631	
0.132134	0.860989	5427	
-0.347515	0.793495	4590	
-0.766069	0.420430	5288	
-0.856007	-0.233410	3012	
-0.542039	-0.707322	4570	
0.023726	-0.907176	5433	
0.611734	-0.671773	6595	
0.919956	-0.085197	6709	
0.717561	0.591251	2191	
0.194125	0.920234	6265	
-0.495935	0.809332	4662	
-0.936718	0.220079	5828	
-0.286580	-0.942161	5326	
-0.233946	0.769659	544	
-0.323753	0.731005	2572	
-0.508446	0.616070	5024	
-0.710056	0.377829	4860	
-0.824006	-0.100392	5648	
-0.572437	-0.581933	4610	
-0.113618	-0.834200	4274	
0.489281	-0.671860	4563	
0.827348	-0.193996	6399	
0.705154	0.472009	6907	
0.209935	0.839201	6453	
-0.393775	0.770344	5004	
-0.839796	0.260067	5118	
-0.737748	-0.491145	6572	
-0.235013	-0.867563	6148	
0.482609	-0.765948	907	
0.905979	-0.164393	1721	
0.711064	0.597944	3507	
0.099423	0.936687	2073	
-0.632083	0.710787	2070	
-0.965487	-0.029216	1800	
0.038411	-0.988584	5139	
-0.065179	-0.794481	5844	
0.079195	-0.791079	5581	
0.353080	-0.680276	4135	
0.664920	-0.390625	4223	
0.744386	0.255053	3095	
0.355042	0.704895	6702	
-0.292139	0.743820	2330	
-0.751119	0.297691	5368	
-0.670845	-0.460195	5530	
-0.165448	-0.819476	5344	
0.558807	-0.615365	6831	
0.858620	0.036581	683	
0.522139	0.672270	5087	
-0.194671	0.846521	6022	
-0.746330	0.448759	4636	
-0.792009	-0.393367	4586	
-0.232204	-0.867761	6148	
0.534159	-0.730981	5263	
0.924000	-0.003625	873	
0.566158	0.739345	5051	
-0.208485	0.921092	6358	
-0.865735	0.408017	2532	
0.513806	0.511277	803	
0.444903	0.572783	5441	
0.161548	0.736964	2832	
-0.426868	0.598666	2388	
-0.752951	-0.159138	6888	
-0.345690	-0.673427	6558	
0.464649	-0.607944	4625	
0.777886	0.165261	2895	
0.273433	0.745891	5384	
-0.464776	0.646418	4630	
-0.832518	-0.016593	4164	
-0.431858	-0.694213	4026	
0.312576	-0.768212	5393	
0.821773	-0.205231	6399	
0.601112	0.599195	6631	
-0.157482	0.854982	5420	
-0.765162	0.416112	5288	
-0.729327	-0.500847	6572	
0.008076	-0.905665	1888	
0.733515	-0.536828	1967	
0.849052	0.364064	4611	
0.233667	0.907676	6743	
-0.623569	0.715860	2070	
-0.955017	-0.144213	1782	
-0.667903	0.214917	1597	
-0.745291	0.061601	6729	
-0.593435	-0.364380	1176	
-0.103434	-0.738185	5817	
0.760316	-0.075040	6308	
0.334332	0.646605	5053	
-0.535055	0.505976	4050	
-0.595966	-0.457083	2024	
0.129650	-0.775626	4853	
0.733320	-0.262097	573	
0.518996	0.585116	3231	
-0.268431	0.752433	2068	
-0.791461	0.199183	5974	
-0.508361	-0.636922	3994	
0.271165	-0.784622	3521	
0.831235	-0.172874	5299	
0.526402	0.666716	4517	
-0.338493	0.794389	6174	
-0.871772	0.141646	6006	
-0.498976	-0.735614	6390	
0.383107	-0.816506	4977	
0.917059	-0.084226	6709	
0.502359	0.783969	4137	
-0.400951	0.855759	6466	
-0.955195	0.111258	2030	
-0.604013	-0.766855	5180	
-0.253451	-0.605059	6019	
-0.112736	-0.682276	4469	
0.508462	-0.429435	4745	
0.334382	0.587654	5035	
-0.667488	0.213889	1597	
-0.318870	-0.623651	4824	
0.605644	-0.372970	5347	
0.421389	0.589703	5441	
-0.351185	0.644211	4726	
-0.699288	-0.278915	1012	
-0.083968	-0.788318	5844	
0.678544	-0.363715	4503	
0.571165	0.531844	3267	
-0.254594	0.757649	2068	
-0.802571	0.165665	5110	
-0.432659	-0.691915	3116	
0.437711	-0.701585	5705	
0.841899	0.138717	5057	
0.250219	0.822013	5933	
-0.620612	0.602560	1452	
-0.778881	-0.414165	2958	
0.022666	-0.904008	5433	
0.815833	-0.404030	6623	
0.689557	0.619057	3103	
-0.196836	0.921561	5754	
-0.916199	0.278613	674	
0.154251	-0.976379	1807	
-0.713156	-0.034546	663	
0.624633	-0.237853	1211	
0.141491	0.692069	5938	
-0.750890	0.025109	5361	
-0.236649	-0.667563	2099	
0.611324	-0.362817	5347	
0.429537	0.582833	5441	
-0.319572	0.660876	1326	
-0.724146	-0.221798	970	
-0.127804	-0.774480	6334	
0.699418	-0.325476	3665	
0.500351	0.599697	6205	
-0.386799	0.692923	5460	
-0.810282	-0.143558	2658	
-0.158545	-0.819115	5344	
0.721483	-0.415715	4211	
0.613430	0.583211	5635	
-0.333210	0.795081	6174	
-0.886420	-0.027185	5526	
-0.274652	-0.850763	3796	
0.694359	-0.582063	4131	
0.799208	0.461788	5983	
-0.055336	0.939390	5534	
-0.890255	0.347825	5568	
-0.700110	0.052363	4901	
-0.636196	0.160190	5405	
0.102686	-0.684751	877	
0.656658	0.178604	3255	
-0.105292	0.709354	4404	
-0.700975	-0.149728	4956	
-0.174220	-0.700189	1431	
0.630937	-0.329237	3803	
0.394827	0.607082	6651	
-0.373800	0.629695	1166	
-0.668285	-0.337507	864	
0.123639	-0.775601	1517	
0.796094	-0.094469	695	
0.255457	0.750657	3364	
-0.676100	0.423977	1060	
-0.573003	-0.574067	4610	
0.400622	-0.721722	5431	
0.806991	0.253832	4245	
-0.048229	0.869678	6712	
-0.830282	0.273133	3544	
-0.437619	-0.773130	5720	
0.599553	-0.675950	6595	
0.842300	0.373082	4611	
-0.005260	0.940015	1361	
-0.872938	0.384398	548	
-0.683344	-0.692202	2452	
-0.416514	0.063720	3447	
-0.698663	0.048911	4901	
0.701036	0.023537	980	
-0.641879	-0.146022	5661	
0.377898	-0.542940	1565	
0.602273	0.293909	3369	
-0.183950	0.666791	3964	
-0.673106	-0.204851	4428	
-0.107936	-0.734358	1297	
0.684980	-0.228638	2788	
0.276690	0.676355	5493	
-0.549568	0.485580	4526	
-0.459162	-0.593923	962	
0.484562	-0.588198	481	
0.644664	0.433706	4113	
-0.359018	0.707132	4642	
-0.782493	-0.226005	1108	
0.093181	-0.834581	6155	
0.851826	-0.066182	5307	
0.213639	0.832971	6453	
-0.759394	0.419267	5288	
-0.516046	-0.720368	5880	
0.549404	-0.715062	5263	
0.849824	0.353216	1139	
-0.044480	0.938861	5534	
-0.914235	0.279739	502	
-0.603448	-0.764361	5180	
-0.228104	0.097398	3581	
-0.093546	0.275618	4346	
-0.093257	0.271482	4346	
-0.701275	0.027076	5211	
-0.058375	-0.697154	3739	
-0.657497	-0.114589	1500	
0.258889	-0.606723	5037	
0.600176	0.297137	3369	
-0.212598	0.652407	3808	
-0.630570	-0.291982	4922	
0.095271	-0.736863	5345	
0.711016	0.183118	5971	
-0.018448	0.775308	3135	
-0.783154	-0.042156	1296	
-0.048762	-0.792820	1512	
0.805332	-0.034308	1347	
0.070576	0.812102	1237	
-0.811791	0.128082	4338	
-0.147963	-0.820861	4150	
0.800301	-0.253443	2181	
0.317348	0.791891	3288	
-0.717486	0.483500	4120	
-0.525430	-0.712638	5880	
0.577020	-0.692964	5341	
0.810841	0.436526	4557	
-0.169756	0.924508	5666	
-0.948913	0.135353	1446	
-0.182002	0.142941	585	
-0.084469	0.521160	3446	
-0.545311	0.322854	1772	
-0.597277	0.142697	2139	
-0.595469	0.190419	6671	
-0.085236	0.572316	1850	
-0.695933	0.058167	3869	
-0.659201	0.116515	4073	
0.235128	-0.617191	3475	
0.573606	0.345291	1183	
-0.377152	0.565829	1566	
-0.466266	-0.515863	5870	
0.423637	-0.561993	1829	
0.399199	0.602368	3595	
-0.527153	0.507764	2664	
-0.332169	-0.677249	6190	
0.671692	-0.368695	4739	
0.296666	0.729432	826	
-0.749842	0.289151	3250	
-0.263952	-0.778753	1513	
0.778728	-0.303198	3249	
0.327872	0.786500	3288	
-0.737847	0.452275	4636	
-0.455974	-0.760133	4796	
0.675027	-0.600602	4817	
0.719941	0.577292	2191	
-0.369832	0.865294	6896	
-0.954844	-0.113480	1814	
-0.228819	-0.952825	6416	
-0.164282	0.164671	1665	
-0.114538	0.607309	6394	
-0.538835	0.119800	1077	
-0.320493	0.146281	2951	
-0.232688	0.200276	6740	
-0.217004	0.214401	6432	
-0.269585	0.165943	3542	
-0.499873	0.113063	2095	
-0.084583	0.316649	960	
-0.545873	0.346127	1988	
0.312544	-0.580412	5403	
0.299720	0.602337	4512	
-0.732826	0.087069	6903	
-0.041329	-0.754289	5379	
0.687202	0.231420	5825	
-0.276299	0.679477	1250	
-0.581844	-0.466847	2024	
0.554816	-0.521722	4685	
0.404458	0.667774	2127	
-0.706669	0.370019	4860	
-0.277352	-0.772388	3867	
0.793910	-0.267090	2181	
0.246540	0.820018	5933	
-0.808607	0.319688	3190	
-0.305483	-0.836358	4528	
0.794720	-0.436016	3551	
0.529495	0.760599	2039	
-0.608586	0.722623	796	
-0.868635	-0.420132	566	
-0.165626	0.165066	1665	
-0.150051	0.607048	4762	
-0.453468	0.123421	1406	
-0.219319	0.221313	6432	
-0.154140	0.377585	1836	
-0.154990	0.492067	2822	
-0.167396	0.526942	2296	
-0.155126	0.508262	2924	
-0.147475	0.374569	3304	
-0.287882	0.152008	3763	
-0.079012	0.444945	3842	
-0.713311	-0.023256	979	
0.731891	-0.000501	400	
-0.287333	0.615664	4168	
-0.345919	-0.603984	4230	
0.680039	-0.232863	2788	
-0.077611	0.763886	5612	
-0.675404	-0.316620	864	
0.491066	-0.580123	481	
0.421563	0.655852	2643	
-0.723532	0.338652	1668	
-0.191366	-0.805960	6072	
0.837098	-0.136189	5219	
0.047300	0.866769	391	
-0.878405	0.079763	4444	
-0.040842	-0.899344	5480	
0.900762	-0.158377	1721	
0.238485	0.901873	5229	
-0.825335	0.469464	3778	
-0.634562	-0.735052	6120	
-0.175324	0.156056	6619	
-0.186893	0.598535	1414	
-0.418685	0.128822	2944	
-0.185879	0.277009	2522	
-0.159539	0.488298	2324	
-0.282290	0.528830	456	
-0.444448	0.416385	6440	
-0.492929	0.345723	1190	
-0.487159	0.360116	982	
-0.362961	0.493454	6488	
-0.145893	0.490020	2822	
-0.303118	0.143585	3763	
-0.697937	0.057598	3869	
0.188718	-0.635229	1907	
0.005427	0.740084	6508	
-0.547819	-0.424143	832	
0.558899	-0.428920	4957	
0.009698	0.775036	1162	
-0.684308	-0.297992	1012	
0.519159	-0.555120	4399	
0.341027	0.704616	6702	
-0.793866	0.180384	5974	
0.036512	-0.839888	5572	
0.833759	0.156096	5057	
-0.286474	0.810652	4638	
-0.825896	-0.296361	4976	
0.327187	-0.835400	6271	
0.877400	0.267866	1223	
-0.151441	0.925779	3138	
-0.958753	0.014323	3538	
-0.258384	-0.943169	5070	
-0.190063	0.141876	585	
-0.167591	0.602303	4762	
-0.414814	0.131026	2944	
-0.179815	0.296396	2116	
-0.177545	0.519698	4252	
-0.403951	0.454007	5786	
-0.506393	0.281459	6812	
-0.483842	0.231475	5248	
-0.457205	0.221845	3144	
-0.462855	0.216898	3144	
-0.509384	0.229051	5228	
-0.438442	0.430721	6510	
-0.142532	0.387618	1346	
-0.227829	0.589900	612	
-0.553034	-0.341748	666	
0.372464	0.557036	6897	
-0.613737	-0.319136	4714	
0.527884	-0.465073	4009	
-0.041883	0.771413	1290	
-0.638608	-0.381152	1844	
0.624735	-0.436230	6607	
0.148231	0.790524	5019	
-0.816376	-0.103970	4936	
0.321554	-0.757739	3391	
0.688829	0.481121	4787	
-0.572529	0.641471	3960	
-0.577854	-0.665726	4086	
0.667645	-0.605260	6083	
0.621358	0.682739	785	
-0.593582	0.732552	796	
-0.835069	-0.482690	1070	
-0.206234	0.127139	2031	
-0.132617	0.605205	4196	
-0.435705	0.129906	3952	
-0.184540	0.290593	2116	
-0.188964	0.524960	4252	
-0.441798	0.411577	6440	
-0.494420	0.255864	5508	
-0.432967	0.234857	2054	
-0.376676	0.249153	4024	
-0.349502	0.259304	4866	
-0.352784	0.248702	4866	
-0.403693	0.219835	2210	
-0.517337	0.227806	1320	
-0.187851	0.552664	3184	
-0.482883	0.110403	6069	
-0.662969	-0.100092	891	
0.426024	0.517524	4781	
-0.595951	-0.350180	1176	
0.599348	-0.370799	5347	
-0.194271	0.716085	2932	
-0.477934	-0.572800	932	
0.755027	-0.200383	4359	
-0.204395	0.771547	544	
-0.661480	-0.458735	5530	
0.622609	-0.540413	4129	
0.349912	0.773378	3965	
-0.814278	0.301858	3190	
-0.117831	-0.889116	5722	
0.904715	-0.132384	5509	
0.129503	0.925478	749	
-0.903999	0.297836	502	
-0.422530	-0.877484	1916	
-0.227621	0.110951	6443	
-0.102156	0.584893	1328	
-0.466816	0.128760	1406	
-0.196063	0.271765	2522	
-0.183824	0.515644	4252	
-0.433792	0.418052	6626	
-0.486776	0.258985	5508	
-0.413081	0.247739	3918	
-0.351245	0.276798	6212	
-0.317045	0.306234	3192	
-0.298471	0.322260	4020	
-0.295221	0.307592	5122	
-0.327782	0.257772	5154	
-0.455144	0.205163	2640	
-0.319831	0.521939	3262	
-0.382350	0.120249	1847	
-0.650774	-0.120635	1500	
0.310296	0.593826	4753	
-0.470077	-0.509148	5870	
0.750334	-0.087054	6500	
-0.434207	0.584701	2388	
-0.111934	-0.776592	6397	
0.729850	0.266328	1587	
-0.588547	0.528491	5144	
-0.300727	-0.758893	2263	
0.851540	-0.040211	955	
-0.215963	0.833115	1496	
-0.808968	-0.335308	5426	
0.479523	-0.758500	505	
0.772477	0.496725	6781	
-0.448094	0.825354	6146	
-0.256192	0.096540	6889	
-0.093522	0.539746	4030	
-0.512672	0.129199	1879	
-0.216163	0.244135	1426	
-0.173343	0.491041	4058	
-0.395844	0.453438	5786	
-0.486903	0.275236	5866	
-0.422307	0.253594	3358	
-0.358841	0.283272	6212	
-0.322220	0.323705	3550	
-0.303503	0.353373	3682	
-0.289153	0.371374	4248	
-0.274868	0.359859	4162	
-0.290243	0.295046	5810	
-0.416921	0.207978	1632	
-0.344399	0.509191	6694	
-0.472238	0.110052	6069	
-0.481895	-0.439904	4516	
-0.148943	0.681151	2628	
-0.190971	-0.686688	1553	
0.573162	0.429149	1595	
-0.673982	0.297241	5886	
0.291404	-0.701533	2071	
0.402499	0.665597	2127	
-0.824925	0.045348	632	
0.304256	-0.764179	2329	
0.641102	0.542510	1365	
-0.697728	0.505516	964	
-0.340528	-0.818449	4879	
0.854606	-0.304468	6735	
0.222901	0.904206	5229	
-0.883019	0.349245	2154	
-0.422610	-0.876435	1916	
-0.295819	0.085884	647	
-0.091788	0.481806	1030	
-0.566215	0.139473	1963	
-0.250752	0.208360	1082	
-0.167313	0.443894	3814	
-0.327629	0.497973	2302	
-0.484024	0.313138	1600	
-0.443736	0.259809	2014	
-0.380888	0.279035	1530	
-0.341712	0.317594	3134	
-0.325472	0.352097	4534	
-0.314365	0.380494	4538	
-0.295866	0.399339	4064	
-0.269461	0.387931	4430	
-0.276383	0.309963	5724	
-0.423835	0.203784	2540	
-0.224567	0.555662	3800	
-0.231995	0.588963	612	
0.331592	-0.567934	5403	
-0.461139	0.498604	1764	
0.242064	-0.662966	5697	
0.122672	0.748301	816	
-0.637859	-0.379292	1844	
0.710424	-0.292114	549	
-0.217139	0.765539	1444	
-0.593914	-0.543227	5352	
0.754190	-0.345202	4065	
0.022527	0.866334	521	
-0.862071	-0.168069	6754	
0.388284	-0.806442	4977	
0.787852	0.468957	5983	
-0.469293	0.812836	938	
-0.349337	0.078732	4595	
-0.093605	0.407831	984	
-0.583924	0.195197	606	
-0.309607	0.169759	2286	
-0.171861	0.376319	1416	
-0.240249	0.523604	6304	
-0.450988	0.384044	5488	
-0.466546	0.277376	3252	
-0.412526	0.275382	1748	
-0.370639	0.302537	1332	
-0.349358	0.339288	434	
-0.341819	0.364474	570	
-0.335390	0.391112	702	
-0.303197	0.416320	4124	
-0.263411	0.402166	5808	
-0.280063	0.294200	5810	
-0.480147	0.197329	3306	
-0.135879	0.442544	2604	
-0.696587	0.049286	4901	
0.630254	0.224755	1503	
-0.650746	-0.240363	4426	
0.637070	-0.304810	2595	
-0.390362	0.613354	2214	
-0.050242	-0.790329	1512	
0.663803	0.392656	4599	
-0.713402	0.350904	1668	
0.125391	-0.824184	5519	
0.720848	0.426203	5645	
-0.655870	0.555645	5336	
-0.348707	-0.813684	5127	
0.871737	-0.254435	3843	
0.116388	0.926095	2073	
-0.931301	0.199022	4222	
-0.254472	-0.941535	5070	
-0.417913	0.074070	5906	
-0.100913	0.322979	2148	
-0.478088	0.418190	4962	
-0.386864	0.146742	2488	
-0.196137	0.294529	2576	
-0.186952	0.494120	4058	
-0.359124	0.474250	3194	
-0.470766	0.330213	1098	
-0.446863	0.282493	2152	
-0.405114	0.293013	2372	
-0.381451	0.317849	1384	
-0.372070	0.342542	420	
-0.363871	0.373363	486	
-0.343298	0.404794	660	
-0.297461	0.429378	412	
-0.251077	0.387337	5042	
-0.313959	0.249819	5450	
-0.529964	0.278299	6718	
-0.255895	0.163878	5010	
-0.621388	-0.187865	709	
-0.007991	0.737509	404	
-0.147284	-0.709756	1651	
0.481360	0.530803	801	
-0.775490	0.064156	6482	
0.552823	-0.518165	4685	
-0.028555	0.813736	3694	
-0.672250	-0.438633	4700	
0.712226	-0.417198	1407	
0.009191	0.866132	1505	
-0.839226	-0.247944	1180	
0.489782	-0.749442	387	
0.680679	0.617111	3103	
-0.651734	0.679307	598	
-0.710756	-0.653001	2016	
-0.486407	0.072129	5651	
-0.121230	0.247235	2805	
-0.201205	0.589768	4592	
-0.500849	0.136241	1381	
-0.251348	0.218791	1082	
-0.175286	0.402103	2682	
-0.240302	0.516087	6304	
-0.405500	0.431620	6452	
-0.462387	0.326762	1098	
-0.443760	0.299390	2298	
-0.417548	0.307608	1342	
-0.400806	0.328622	2676	
-0.389175	0.352599	2226	
-0.373541	0.388024	2626	
-0.330583	0.427720	442	
-0.267616	0.434434	1172	
-0.253144	0.334108	5236	
-0.413991	0.199048	1632	
-0.179004	0.558198	4852	
-0.077566	0.412339	622	
0.580085	-0.312174	2033	
-0.633180	0.257064	1702	
0.477741	-0.513039	1137	
-0.255595	0.685999	884	
-0.284245	-0.697362	6609	
0.710485	0.303833	2137	
-0.697611	0.377385	4860	
0.146815	-0.818288	2509	
0.673461	0.497625	619	
-0.742794	0.436694	4636	
-0.124765	-0.885750	5428	
0.914260	0.045121	1035	
-0.188541	0.915963	5754	
-0.935290	-0.206730	2004	
0.101242	-0.975090	421	
-0.566792	0.071607	5027	
-0.164169	0.186623	6531	
-0.100075	0.537457	4030	
-0.579783	0.184267	4544	
-0.353568	0.160515	2126	
-0.205056	0.289494	2518	
-0.182242	0.454741	3378	
-0.269268	0.508723	880	
-0.398153	0.433417	6452	
-0.446657	0.358127	3958	
-0.443031	0.330233	3044	
-0.427311	0.333402	1516	
-0.414307	0.353268	3156	
-0.392602	0.384574	3600	
-0.351657	0.423654	2666	
-0.285154	0.448699	698	
-0.240522	0.391189	5040	
-0.309880	0.246065	5450	
-0.535685	0.261474	2828	
-0.221910	0.190247	5298	
-0.710080	0.045466	4901	
0.223979	0.636562	438	
-0.267987	-0.644010	2279	
0.625136	0.342090	2737	
-0.721467	0.201173	2893	
0.504282	-0.563024	539	
-0.047799	0.811379	4896	
-0.625715	-0.502603	4678	
0.788432	-0.267751	2181	
-0.244149	0.821770	2102	
-0.697123	-0.528526	3618	
0.732374	-0.522282	1375	
0.341651	0.860582	4741	
-0.888285	0.331479	2154	
-0.640913	0.083504	439	
-0.246519	0.112504	2292	
-0.100750	0.370600	5726	
-0.337292	0.533668	6840	
-0.510458	0.141636	1935	
-0.295332	0.191215	2402	
-0.196854	0.320067	2662	
-0.187328	0.456375	4094	
-0.250767	0.506262	890	
-0.348979	0.467838	3194	
-0.405721	0.413538	4502	
-0.417530	0.388667	5418	
-0.407237	0.392577	4502	
-0.383043	0.413937	3172	
-0.339915	0.442561	2456	
-0.281717	0.457508	698	
-0.236685	0.412972	5778	
-0.270363	0.284378	4152	
-0.473348	0.188680	2564	
-0.138517	0.510957	1402	
-0.081690	0.318150	960	
0.583443	-0.305469	2033	
-0.610093	0.299240	1698	
0.455148	-0.532251	6537	
-0.235427	0.694916	706	
-0.289902	-0.693341	6609	
0.677501	0.366216	4883	
-0.754322	0.266501	670	
0.354683	-0.738541	4231	
0.456102	0.707294	4819	
-0.866372	0.126937	5270	
0.318453	-0.834362	6271	
0.762022	0.506805	6781	
-0.625237	0.701243	1228	
-0.693214	-0.670364	1852	
-0.065591	0.648683	6388	
-0.377295	0.083718	6029	
-0.146983	0.214051	2715	
-0.102035	0.521812	1932	
-0.539767	0.316810	1766	
-0.469695	0.144626	1684	
-0.289915	0.198852	2402	
-0.205481	0.308411	2734	
-0.188248	0.420929	3360	
-0.215448	0.487890	6818	
-0.265127	0.496174	510	
-0.308188	0.481252	2206	
-0.327381	0.466793	2206	
-0.315340	0.467617	2206	
-0.286041	0.470960	678	
-0.251155	0.459319	5094	
-0.228128	0.402201	4288	
-0.260900	0.291327	3586	
-0.414191	0.192231	1230	
-0.359437	0.503728	6488	
-0.385885	0.115822	1847	
-0.613743	-0.206210	1255	
0.171617	0.663662	6776	
-0.259533	-0.647667	2279	
0.622952	0.344244	2737	
-0.743005	0.154447	1438	
0.596830	-0.466142	3701	
-0.253644	0.748908	1646	
-0.418254	-0.689787	3116	
0.821173	0.188032	6131	
-0.623194	0.588580	5238	
-0.255622	-0.849473	5958	
0.913895	0.018560	723	
-0.262575	0.896579	5822	
-0.901633	-0.322611	4146	
-0.051288	0.459822	3658	
-0.610094	0.076006	6685	
-0.276807	0.104476	5799	
-0.118521	0.279911	515	
-0.115288	0.569729	1930	
-0.548462	0.295106	772	
-0.480001	0.147581	1684	
-0.323234	0.183793	2558	
-0.236318	0.260554	2114	
-0.200793	0.345823	2706	
-0.196349	0.413708	3360	
-0.205565	0.450854	4702	
-0.217633	0.464613	6668	
-0.224636	0.462945	6668	
-0.223492	0.448281	6252	
-0.219605	0.414143	4286	
-0.228453	0.350481	4190	
-0.276278	0.263791	3326	
-0.409218	0.190566	1230	
-0.493265	0.370379	4562	
-0.165291	0.263290	2516	
-0.691656	0.057748	3869	
0.663419	-0.144620	4650	
-0.649124	0.223271	1925	
0.488204	-0.501917	1305	
-0.296535	0.664753	4090	
-0.139689	-0.763445	1620	
0.552472	0.536947	3267	
-0.802756	-0.144567	2698	
0.654307	-0.496791	3295	
-0.109839	0.855318	5472	
-0.705987	-0.514030	3650	
0.784953	-0.440618	4587	
0.153656	0.917432	749	
-0.949045	0.081911	6918	
-0.041530	-0.975843	1710	
-0.049623	0.254785	3588	
-0.054393	0.539245	5136	
-0.577220	0.077862	5803	
-0.260370	0.114626	2292	
-0.119004	0.287606	515	
-0.112887	0.555843	1930	
-0.489273	0.397278	4096	
-0.540599	0.156989	3217	
-0.406818	0.160953	3862	
-0.312191	0.196617	2602	
-0.259508	0.242151	3402	
-0.231602	0.285997	2746	
-0.221380	0.314093	3574	
-0.219910	0.329039	3330	
-0.225822	0.322933	4270	
-0.239823	0.300155	4098	
-0.270776	0.260189	3326	
-0.336271	0.211148	3546	
-0.465987	0.180507	1956	
-0.496517	0.366752	4562	
-0.132928	0.385355	2934	
-0.109541	0.618562	6752	
-0.274306	-0.587001	3381	
0.077907	0.720978	1154	
-0.215863	-0.670028	973	
0.583403	0.406743	2431	
-0.777812	-0.036669	1296	
0.735105	-0.235427	5892	
-0.578591	0.533741	5144	
0.174066	-0.809054	3853	
0.489821	0.681925	4549	
-0.878699	0.013628	5626	
0.516767	-0.729277	967	
0.548025	0.737974	2039	
-0.850396	0.411595	6118	
-0.055004	0.470312	5574	
-0.606035	0.081503	1299	
-0.280857	0.108833	2834	
-0.132479	0.255936	2805	
-0.106814	0.491391	2482	
-0.259492	0.565414	758	
-0.549017	0.285275	772	
-0.543658	0.166327	4407	
-0.472171	0.158319	2062	
-0.413690	0.166723	4520	
-0.374530	0.178533	3686	
-0.357145	0.187195	2228	
-0.355806	0.190427	2228	
-0.372870	0.187057	3686	
-0.411091	0.179654	1230	
-0.477159	0.175201	1956	
-0.544797	0.215059	6408	
-0.369466	0.499934	6488	
-0.129929	0.407871	846	
-0.495723	0.105511	1973	
-0.054111	-0.692077	4899	
0.671715	0.130701	1801	
-0.656689	0.207550	1925	
0.518292	-0.470383	6081	
-0.398393	0.605898	2214	
0.247761	-0.719073	883	
0.146625	0.786690	3709	
-0.520433	-0.611460	3232	
0.800173	0.249001	4245	
-0.750466	0.420249	4212	
0.135071	-0.884453	6063	
0.796041	0.445994	3081	
-0.662428	0.665133	618	
-0.596705	-0.758155	5180	
-0.629991	0.094481	445	
-0.330105	0.098800	2873	
-0.175850	0.193945	3927	
-0.114554	0.344113	2554	
-0.111534	0.507527	2942	
-0.165408	0.583315	5282	
-0.334087	0.529332	6694	
-0.485235	0.396760	4096	
-0.536519	0.306707	3638	
-0.553045	0.253767	2098	
-0.553833	0.243552	1786	
-0.549307	0.259597	3478	
-0.533178	0.305100	3638	
-0.477617	0.400067	4096	
-0.310136	0.535349	3784	
-0.142449	0.546636	1978	
-0.139853	0.323020	1220	
-0.400677	0.111062	2080	
-0.699981	0.055001	4901	
-0.134983	-0.651360	6479	
0.107689	0.702910	5168	
-0.244965	-0.653761	2099	
0.527900	0.477257	5289	
-0.632075	-0.380600	1844	
0.712071	0.294437	2137	
-0.819104	-0.066020	6296	
0.756460	-0.333544	3113	
-0.427429	0.737766	5848	
-0.313722	-0.825400	4293	
0.902685	0.132676	6891	
-0.446138	0.821015	6146	
-0.767582	-0.577067	3100	
-0.057735	0.385586	5046	
-0.594254	0.227629	1822	
-0.449146	0.088102	787	
-0.288564	0.112168	1889	
-0.199520	0.173757	6849	
-0.147216	0.245067	3239	
-0.124358	0.316708	1124	
-0.117524	0.372582	3484	
-0.115725	0.425817	2246	
-0.116508	0.456428	5386	
-0.118564	0.478026	3120	
-0.119934	0.479252	1068	
-0.120611	0.462771	4234	
-0.122194	0.430291	2246	
-0.127739	0.368524	2814	
-0.149021	0.280824	2983	
-0.224437	0.176713	5298	
-0.439640	0.106565	5218	
-0.076677	0.379640	778	
0.702724	0.026612	488	
0.673710	-0.128157	5022	
-0.607709	0.300911	1698	
0.523976	-0.463210	6081	
-0.554461	0.468812	4010	
0.583908	-0.478757	4439	
-0.611913	0.495086	4478	
0.441212	-0.687677	5429	
-0.016245	0.863625	1567	
-0.626804	-0.608687	6144	
0.890156	-0.177127	5823	
-0.250769	0.898323	5822	
-0.866569	-0.406206	566	
0.409940	-0.891818	5397	
-0.059695	0.351596	6094	
-0.070600	0.630993	6028	
-0.619279	0.147538	4965	
-0.569168	0.088239	5803	
-0.482268	0.090901	453	
-0.424028	0.094626	6644	
-0.375710	0.100444	3601	
-0.343307	0.106776	2027	
-0.325454	0.111721	1919	
-0.316137	0.115183	2251	
-0.313639	0.117364	2251	
-0.316859	0.118591	2251	
-0.334097	0.115532	1919	
-0.369347	0.109898	1731	
-0.431370	0.103338	6644	
-0.525213	0.100455	1203	
-0.597818	0.201823	6614	
-0.074527	0.461654	2568	
-0.695574	0.050005	4901	
-0.430984	-0.487663	3978	
0.375328	0.550529	6897	
-0.322410	-0.611037	4824	
0.205921	0.703529	2726	
-0.000479	-0.790748	3404	
-0.120261	0.794878	1992	
-0.080086	-0.828923	1134	
0.395239	0.742311	4111	
-0.793707	-0.357023	4994	
0.803380	-0.404444	6547	
-0.043324	0.931185	5534	
-0.933835	-0.194497	3972	
-0.176210	0.096789	2853	
-0.077301	0.215582	610	
-0.064459	0.302852	1742	
-0.063625	0.377323	5046	
-0.063923	0.429867	4032	
-0.064781	0.471113	2562	
-0.065902	0.501009	2082	
-0.066858	0.520487	1186	
-0.067846	0.532451	1186	
-0.068714	0.537378	1074	
-0.069416	0.536240	1074	
-0.069866	0.526529	1186	
-0.070342	0.512477	1424	
-0.070715	0.489366	966	
-0.071291	0.456091	4960	
-0.072604	0.404136	1156	
-0.076586	0.323375	5210	
-0.100328	0.220926	6476	
-0.314827	0.066949	1087	
-0.692927	0.053013	4901	
-0.142443	-0.645837	6479	
-0.524070	0.427975	4088	
0.689509	-0.199060	5904	
-0.653522	-0.340658	4944	
0.468772	0.611276	3555	
-0.467056	-0.653196	2362	
0.631587	0.545889	1365	
-0.873540	-0.077095	672	
0.692290	-0.567878	4733	
0.144861	0.917012	749	
-0.950108	-0.066687	1442	
0.179609	-0.960761	3311	
0.482679	0.459103	5423	
0.309767	-0.625239	4845	
-0.706017	0.226167	2847	
0.709804	0.296844	2137	
-0.657549	-0.454150	5530	
0.752239	0.358647	4953	
-0.873000	0.075067	4458	
0.608488	-0.654188	6747	
0.281387	0.879709	4887	
-0.950074	0.037413	3538	
0.638299	-0.185630	4398	
-0.103045	-0.729659	1403	
-0.544314	0.479145	4526	
0.798340	0.036285	3517	
-0.744352	-0.295777	1952	
0.807097	0.223814	1693	
-0.843127	0.207034	6910	
0.541717	-0.708245	5263	
0.341116	0.856177	4741	
-0.946946	0.074127	6918	
0.074280	-0.972504	755	
0.603345	-0.258219	1663	
-0.221750	-0.664356	1573	
-0.505924	0.518951	3212	
0.794858	-0.062868	1647	
-0.770052	-0.232740	1108	
0.825600	0.161263	2657	
-0.834486	0.232476	6760	
0.530091	-0.716318	5263	
0.355003	0.849612	4741	
-0.946789	0.072413	6918	
0.684456	-0.110412	4886	
-0.069331	-0.743024	6291	
-0.565068	0.454437	2870	
0.791028	0.079099	5555	
-0.730558	-0.324441	1304	
0.793531	0.260395	4245	
-0.854253	0.166215	6162	
0.573392	-0.682801	5341	
0.301678	0.871303	5113	
-0.949585	0.026531	3538	
0.123187	-0.967392	1767	
-0.702552	-0.026194	487	
0.432926	0.505580	4473	
0.363281	-0.594254	3673	
-0.732534	0.170637	926	
0.679630	0.354162	4175	
-0.616582	-0.507753	4678	
0.720201	0.416617	5645	
-0.876863	-0.018722	684	
0.664594	-0.596992	4817	
0.193678	0.904506	6265	
-0.948617	-0.062801	1442	
-0.253368	-0.049522	3589	
-0.459464	-0.051264	3679	
-0.645896	-0.062717	1163	
-0.089603	-0.641748	649	
-0.072199	-0.566240	4971	
-0.073347	-0.472583	4455	
-0.076346	-0.397543	4197	
-0.080377	-0.340248	5867	
-0.085985	-0.295508	1199	
-0.093805	-0.262303	3411	
-0.104611	-0.236401	5801	
-0.117840	-0.215892	5491	
-0.132120	-0.198796	927	
-0.145337	-0.184701	2729	
-0.156803	-0.172656	3141	
-0.161552	-0.166762	3141	
-0.150492	-0.174979	3439	
-0.107176	-0.215401	2925	
-0.064300	-0.404331	3733	
-0.049799	-0.695842	4899	
0.072632	-0.692754	4459	
-0.578126	0.349616	2808	
0.737064	-0.106001	6926	
-0.607549	-0.413850	2010	
0.387492	0.666910	4923	
-0.382136	-0.707550	3824	
0.556670	0.621907	5435	
-0.845403	-0.208748	1904	
0.761273	-0.471398	6697	
0.002617	0.929518	703	
-0.927787	-0.210550	3972	
0.320378	-0.923011	1001	
-0.538143	-0.054317	5919	
-0.077248	-0.603358	1719	
-0.082544	-0.385337	6429	
-0.109999	-0.250013	2861	
-0.175160	-0.173493	1787	
-0.240316	-0.123876	2599	
-0.328074	-0.100195	5013	
-0.417594	-0.093460	1253	
-0.487157	-0.092034	2092	
-0.541297	-0.093711	3735	
-0.579167	-0.100060	3877	
-0.600434	-0.113133	2217	
-0.606773	-0.133781	6525	
-0.605965	-0.152844	4779	
-0.606380	-0.153802	4779	
-0.607465	-0.116627	2217	
-0.515828	-0.084049	425	
-0.290053	-0.090990	3149	
-0.054609	-0.691739	4899	
-0.084612	-0.688277	865	
0.239376	0.624170	514	
-0.205883	-0.671854	973	
0.073327	0.760741	4310	
0.164124	-0.751091	5907	
-0.263040	0.741007	1646	
0.096002	-0.824819	6155	
0.258576	0.805408	5933	
-0.714543	-0.494256	6934	
0.868795	-0.243207	3843	
-0.231047	0.900605	6090	
-0.876132	-0.374552	770	
-0.469098	-0.054965	4257	
-0.078436	-0.573054	6855	
-0.101534	-0.283224	6217	
-0.217548	-0.144575	1797	
-0.372792	-0.100665	4963	
-0.533252	-0.099473	5359	
-0.583840	-0.222068	752	
-0.406262	-0.487426	5910	
-0.209900	-0.582004	3897	
-0.138441	-0.562482	1251	
-0.129022	-0.517849	1093	
-0.128139	-0.471587	841	
-0.129529	-0.437155	6719	
-0.129980	-0.420136	6757	
-0.128399	-0.421098	6757	
-0.122890	-0.456647	6297	
-0.119947	-0.536086	1841	
-0.357242	-0.526199	5388	
-0.296319	-0.088970	3149	
-0.598750	-0.236562	1898	
0.673364	0.118901	1131	
-0.688167	0.147422	6515	
0.622824	-0.320136	2595	
-0.646108	0.334962	4420	
0.679549	-0.335269	3665	
-0.707791	0.349924	3688	
0.579876	-0.574445	6437	
-0.232071	0.820479	1004	
-0.473161	-0.734648	6390	
0.907297	0.066791	671	
-0.459594	0.809918	938	
-0.742669	-0.603438	2394	
0.615038	-0.764804	4925	
-0.081973	-0.606030	1719	
-0.109441	-0.269598	1739	
-0.283136	-0.117872	1577	
-0.526295	-0.102712	5129	
-0.544573	-0.316707	4548	
-0.190168	-0.580512	6057	
-0.135912	-0.503910	2173	
-0.144891	-0.392656	5991	
-0.173649	-0.303554	5482	
-0.208843	-0.250627	6450	
-0.248128	-0.213700	4127	
-0.275613	-0.194228	3753	
-0.294635	-0.183033	5562	
-0.298940	-0.179151	5989	
-0.277922	-0.185757	4121	
-0.211800	-0.226530	3771	
-0.145067	-0.322878	4616	
-0.142959	-0.597858	2143	
-0.048847	-0.697815	4899	
0.204530	-0.619507	4077	
-0.166005	0.662430	1528	
-0.012014	-0.751624	6507	
0.362929	0.612247	4155	
-0.511351	-0.529760	804	
0.605733	0.467558	3277	
-0.743755	-0.292123	1952	
0.834837	-0.110615	4417	
-0.613949	0.590476	5238	
-0.052294	-0.889673	5480	
0.820329	0.388155	4479	
-0.662265	0.658872	618	
-0.378211	-0.057731	4103	
-0.096538	-0.629611	649	
-0.104772	-0.290311	2982	
-0.285427	-0.119440	1577	
-0.571194	-0.116289	2467	
-0.338097	-0.529224	5366	
-0.141179	-0.518419	1093	
-0.161247	-0.352350	3290	
-0.213231	-0.256275	6502	
-0.298032	-0.195194	5562	
-0.369852	-0.172927	1540	
-0.438745	-0.166994	2395	
-0.487833	-0.172442	3366	
-0.514295	-0.182992	4466	
-0.522571	-0.185979	4929	
-0.518873	-0.177296	4466	
-0.489222	-0.160106	2294	
-0.381884	-0.153823	2117	
-0.195472	-0.237181	2976	
-0.204187	-0.592436	4893	
0.048851	0.697665	4900	
0.526510	0.401183	527	
-0.718949	-0.088137	5301	
0.667682	-0.236107	2788	
-0.586770	0.425190	4958	
0.464274	-0.590789	4625	
-0.177218	0.773815	2234	
-0.298964	-0.750570	767	
0.672601	0.488277	619	
-0.859872	0.137423	6194	
0.427025	-0.778218	4647	
0.602464	0.684893	785	
-0.846506	0.406336	4044	
-0.304645	-0.915848	6268	
-0.102221	-0.172981	2855	
-0.346989	-0.059769	5097	
-0.235812	-0.591058	6587	
-0.095685	-0.342572	3621	
-0.254136	-0.133116	2555	
-0.558015	-0.113856	1337	
-0.289725	-0.550766	2760	
-0.145722	-0.462697	2617	
-0.186630	-0.301489	4582	
-0.284314	-0.207768	3431	
-0.400866	-0.175728	2668	
-0.489296	-0.184349	4488	
-0.523479	-0.233641	2812	
-0.499031	-0.325167	2288	
-0.459027	-0.389192	4908	
-0.424098	-0.428378	4580	
-0.416388	-0.437700	4580	
-0.462179	-0.394268	4952	
-0.528192	-0.283485	2156	
-0.500117	-0.157840	2654	
-0.210334	-0.220196	3771	
-0.554868	-0.082974	6149	
0.163266	-0.636146	2799	
-0.278187	0.609619	3482	
0.158515	-0.696672	4991	
0.354682	0.616581	4619	
-0.647698	-0.344861	4606	
0.774305	0.133296	6721	
-0.746830	0.271373	670	
0.461183	-0.670205	4575	
0.193554	0.827472	6385	
-0.792980	-0.348626	4994	
0.750977	-0.484498	6327	
0.220532	0.895120	6147	
-0.946603	0.036550	3538	
-0.212668	-0.079102	3933	
-0.626392	-0.069621	1205	
-0.087025	-0.456731	5783	
-0.196359	-0.174180	2887	
-0.493405	-0.106954	2549	
-0.391052	-0.493762	5930	
-0.148040	-0.477333	2375	
-0.201953	-0.286932	6136	
-0.311997	-0.199464	4154	
-0.448426	-0.180859	4027	
-0.515826	-0.237726	2812	
-0.475354	-0.357195	3224	
-0.384792	-0.450289	5576	
-0.314625	-0.484039	2320	
-0.275995	-0.487677	904	
-0.260038	-0.488145	4411	
-0.256679	-0.495026	4411	
-0.287629	-0.506276	976	
-0.427420	-0.434785	4482	
-0.529041	-0.169807	4281	
-0.164972	-0.270437	3979	
-0.049015	-0.698782	4899	
0.590474	0.291884	2199	
-0.671757	-0.174032	4758	
0.698622	-0.176966	2840	
-0.582393	0.430001	4958	
0.283609	-0.697268	1225	
0.260823	0.734028	5384	
-0.642155	-0.470592	5354	
0.820075	-0.163675	5299	
-0.470938	0.705868	6170	
-0.421973	-0.765183	6184	
0.906978	-0.037110	6815	
-0.289321	0.881893	5226	
-0.881471	-0.355976	770	
0.395036	-0.892290	6341	
-0.289632	-0.064874	5833	
-0.160812	-0.615963	6661	
-0.113149	-0.286047	1883	
-0.346645	-0.114370	1995	
-0.572577	-0.239444	1950	
-0.156258	-0.535999	1551	
-0.186333	-0.319972	1738	
-0.305638	-0.206827	6290	
-0.451402	-0.186532	4027	
-0.509550	-0.265098	2088	
-0.432121	-0.404816	4574	
-0.329123	-0.470741	3830	
-0.277498	-0.468876	760	
-0.259789	-0.443371	3362	
-0.253692	-0.421805	2486	
-0.245966	-0.415941	2170	
-0.234813	-0.432665	699	
-0.231704	-0.484860	4365	
-0.357973	-0.486637	4640	
-0.509946	-0.155841	3906	
-0.114567	-0.486728	1355	
0.007828	-0.714575	6281	
-0.282658	0.606983	4168	
0.214422	-0.668718	4499	
0.323315	0.634525	5245	
-0.662013	-0.317227	864	
0.791678	-0.068159	695	
-0.585211	0.518945	5144	
0.017936	-0.832420	5102	
0.615906	0.558191	5455	
-0.838816	0.211176	6400	
0.235648	-0.855383	6065	
0.775439	0.470505	5983	
-0.659535	0.659717	618	
-0.638313	-0.713234	3244	
-0.363493	-0.063755	5077	
-0.087816	-0.573136	6347	
-0.174562	-0.198869	4483	
-0.499888	-0.110537	2549	
-0.299182	-0.543721	3866	
-0.158858	-0.414375	526	
-0.253893	-0.240922	6602	
-0.415522	-0.188169	3746	
-0.506053	-0.250496	1976	
-0.432667	-0.398765	4574	
-0.326892	-0.462715	3830	
-0.282531	-0.446571	3038	
-0.275038	-0.412619	2202	
-0.280188	-0.380006	2580	
-0.283194	-0.358542	692	
-0.276822	-0.351517	692	
-0.248399	-0.376955	578	
-0.221631	-0.459118	4379	
-0.369819	-0.481434	5930	
-0.377187	-0.147464	2349	
-0.335334	-0.083039	2689	
0.606919	0.256639	2165	
-0.651672	-0.214721	3748	
0.732999	-0.110988	1638	
-0.608359	0.392777	6590	
0.236173	-0.717957	1207	
0.365358	0.677627	6529	
-0.751095	-0.271390	1564	
0.694523	-0.431357	1407	
-0.036712	0.858573	1567	
-0.769893	-0.394631	2958	
0.707082	-0.542397	4493	
0.383314	0.831656	6783	
-0.901148	0.269616	502	
-0.238163	-0.935113	5070	
-0.422679	-0.064003	1023	
-0.089724	-0.488198	1071	
-0.241262	-0.148770	3423	
-0.583617	-0.159126	4571	
-0.166031	-0.543488	3969	
-0.193830	-0.317405	2164	
-0.339141	-0.202105	2260	
-0.486311	-0.213453	6410	
-0.467266	-0.349686	3224	
-0.357014	-0.446949	3908	
-0.298958	-0.444933	2406	
-0.292632	-0.405265	2496	
-0.303834	-0.370370	782	
-0.318101	-0.341970	3016	
-0.323226	-0.321992	2348	
-0.304814	-0.317106	2770	
-0.258501	-0.349627	402	
-0.217126	-0.465763	4379	
-0.500846	-0.351038	6300	
-0.153069	-0.286216	4159	
-0.120789	-0.652649	2381	
-0.330556	0.581628	5404	
0.300807	-0.626228	4845	
0.224489	0.687307	2726	
-0.628872	-0.375038	1844	
0.782330	-0.103405	934	
-0.533090	0.570052	6580	
-0.199124	-0.791489	5998	
0.768100	0.312911	2695	
-0.673614	0.520509	4718	
-0.260612	-0.839574	5958	
0.907061	0.027780	723	
-0.252752	0.891693	5822	
-0.910003	-0.267200	1374	
-0.466292	-0.064737	835	
-0.093795	-0.426900	5163	
-0.322406	-0.123596	2939	
-0.533938	-0.325433	3774	
-0.157490	-0.478579	2375	
-0.241149	-0.261017	6186	
-0.410960	-0.196500	4510	
-0.496268	-0.264744	2088	
-0.413939	-0.405513	3940	
-0.330188	-0.444013	3010	
-0.305985	-0.419294	2700	
-0.316528	-0.382976	1258	
-0.337156	-0.349813	2380	
-0.351466	-0.325226	1570	
-0.352312	-0.302824	3086	
-0.321411	-0.298371	2336	
-0.249332	-0.352570	402	
-0.232232	-0.512464	689	
-0.490564	-0.146337	2060	
-0.403335	-0.079553	1021	
0.572307	0.326246	4931	
-0.572134	-0.367162	746	
0.739409	0.089256	5377	
-0.675475	0.278042	5814	
0.357283	-0.657692	4725	
0.325365	0.699559	6764	
-0.755707	-0.259168	1560	
0.637180	-0.508006	4495	
0.198923	0.823867	6385	
-0.847673	-0.190601	6132	
0.492161	-0.737116	967	
0.670810	0.612804	5231	
-0.714673	0.599669	5602	
-0.611137	-0.736274	6120	
0.679998	-0.705135	2477	
-0.495813	-0.065621	469	
-0.100625	-0.375740	2961	
-0.376063	-0.117269	2391	
-0.407887	-0.476882	5910	
-0.167707	-0.411791	2816	
-0.280798	-0.234337	5850	
-0.449807	-0.205199	6772	
-0.480306	-0.309571	1700	
-0.388380	-0.417550	4492	
-0.332969	-0.427815	3174	
-0.328418	-0.402109	1484	
-0.341922	-0.372896	2276	
-0.364802	-0.342108	1112	
-0.379462	-0.313933	1268	
-0.371282	-0.289012	1262	
-0.307320	-0.295441	2110	
-0.218734	-0.406589	504	
-0.444606	-0.425150	4720	
-0.137592	-0.316670	4100	
0.150632	-0.640375	2799	
-0.586525	0.326908	2034	
0.524350	-0.456961	6081	
-0.182887	0.711149	6384	
-0.484666	-0.550374	936	
0.768058	0.145261	6305	
-0.601408	0.498378	4478	
-0.163936	-0.803089	5020	
0.784277	0.272022	1563	
-0.598754	0.601532	6860	
-0.448615	-0.746428	6200	
0.867437	-0.235422	5123	
0.082326	0.920289	5125	
-0.941994	0.067084	6936	
-0.515556	-0.066648	397	
-0.107768	-0.340404	5277	
-0.415360	-0.115634	557	
-0.298431	-0.539776	3866	
-0.176948	-0.380088	3176	
-0.309101	-0.223330	1900	
-0.464015	-0.217624	6942	
-0.469056	-0.324382	1700	
-0.392053	-0.407910	3188	
-0.353095	-0.412656	3126	
-0.352222	-0.390872	2238	
-0.372219	-0.364153	3098	
-0.390935	-0.334154	1622	
-0.398766	-0.296458	1158	
-0.358967	-0.274430	4236	
-0.257519	-0.328172	3540	
-0.232908	-0.520109	689	
-0.391130	-0.142613	1691	
-0.052434	-0.693278	4899	
-0.010043	0.731661	404	
-0.090575	-0.731203	1403	
0.568331	0.414979	1595	
-0.775474	-0.017626	5758	
0.607777	-0.441711	5713	
0.091444	0.796862	533	
-0.690473	-0.390934	5466	
0.692809	-0.431278	1407	
0.167830	0.832701	6133	
-0.855649	-0.154822	5532	
0.395547	-0.790952	4389	
0.762667	0.487866	6797	
-0.593654	0.715629	796	
-0.788627	-0.531407	3064	
0.486908	-0.844585	4905	
-0.525436	-0.067411	1757	
-0.112501	-0.323360	2536	
-0.460134	-0.116670	3014	
-0.254656	-0.553057	1971	
-0.185553	-0.361380	3414	
-0.326453	-0.221238	1400	
-0.462666	-0.224134	6942	
-0.466738	-0.316796	1700	
-0.412403	-0.383684	3940	
-0.383785	-0.392218	2462	
-0.388396	-0.373323	2902	
-0.405463	-0.341980	1436	
-0.415450	-0.303861	2168	
-0.388375	-0.268852	6648	
-0.294910	-0.290170	2494	
-0.205249	-0.459124	4209	
-0.552754	-0.186858	4597	
-0.607468	-0.169978	653	
0.610027	0.246132	1897	
-0.620287	-0.278402	3464	
0.753008	-0.049374	6854	
-0.600192	0.402095	6590	
0.046386	-0.782427	1289	
0.585251	0.488112	3273	
-0.750857	0.254827	670	
0.143676	-0.810211	2509	
0.701906	0.437198	5115	
-0.667383	0.525608	4718	
-0.415857	-0.765317	6184	
0.867862	-0.231911	5123	
0.163033	0.906231	1349	
-0.920202	0.194277	4222	
-0.529053	-0.068134	5701	
-0.115279	-0.316277	2536	
-0.473456	-0.118109	2050	
-0.239510	-0.554368	1901	
-0.189345	-0.358810	3414	
-0.318863	-0.227413	1900	
-0.447915	-0.222605	6940	
-0.470454	-0.287379	1642	
-0.442523	-0.340602	2674	
-0.423794	-0.352247	2674	
-0.429399	-0.329208	2502	
-0.429508	-0.297643	1064	
-0.401721	-0.262604	410	
-0.309997	-0.276227	2110	
-0.206174	-0.423541	458	
-0.520193	-0.322526	3242	
-0.110128	-0.491510	1585	
0.450501	-0.474156	3835	
-0.735308	0.050274	5599	
0.609737	-0.336452	3803	
-0.230281	0.687762	5806	
-0.508746	-0.526127	804	
0.794993	-0.027828	1347	
-0.439229	0.641068	3270	
-0.417370	-0.680418	3116	
0.819844	-0.156073	5109	
-0.141662	0.841228	4970	
-0.795072	-0.337030	5426	
0.500903	-0.729303	967	
0.727840	0.538490	3649	
-0.599941	0.709434	780	
-0.809252	-0.495968	1070	
0.426278	-0.874585	919	
-0.528185	-0.068808	1757	
-0.116247	-0.316556	2536	
-0.475402	-0.119550	2050	
-0.253684	-0.550563	1971	
-0.186651	-0.374866	2724	
-0.296026	-0.242120	6882	
-0.412591	-0.219048	4264	
-0.459441	-0.249119	3558	
-0.457242	-0.282670	1752	
-0.449839	-0.283238	1752	
-0.434565	-0.266981	2864	
-0.387892	-0.251111	4206	
-0.294177	-0.280096	2494	
-0.203313	-0.427592	458	
-0.506396	-0.348464	6300	
-0.120200	-0.383870	3847	
0.239868	-0.603540	1893	
-0.543017	0.392271	4540	
0.428738	-0.544411	2309	
0.230811	0.681203	3910	
-0.678790	-0.277723	906	
0.684907	-0.318664	3665	
0.034017	0.805359	2767	
-0.704983	-0.362860	4656	
0.573505	-0.573507	6437	
0.416046	0.721293	3195	
-0.824229	0.244319	6760	
-0.142328	-0.871550	6014	
0.905651	0.009494	5671	
0.000900	0.924057	703	
-0.936172	0.103785	6844	
-0.224112	-0.935738	5816	
-0.521539	-0.069517	425	
-0.115101	-0.325481	2536	
-0.460647	-0.120476	3014	
-0.297106	-0.536255	2948	
-0.179239	-0.413038	2816	
-0.257889	-0.272957	1984	
-0.349674	-0.228469	2340	
-0.402001	-0.228141	4264	
-0.413821	-0.236259	4948	
-0.391953	-0.239807	4206	
-0.335725	-0.252884	6026	
-0.248195	-0.315478	2384	
-0.197942	-0.486205	3743	
-0.555971	-0.223992	459	
-0.109804	-0.478115	1055	
0.267371	-0.591679	2843	
-0.505194	0.440100	4052	
0.322488	-0.612035	657	
0.436206	0.553268	3355	
-0.763727	-0.078416	5633	
0.477157	-0.573858	5321	
0.369200	0.671464	6529	
-0.813329	0.063111	1648	
0.226454	-0.782334	543	
0.721275	0.401335	5173	
-0.584031	0.612654	6458	
-0.601659	-0.621469	6446	
0.734928	-0.499960	1375	
0.536884	0.733412	4355	
-0.740011	0.565380	4498	
-0.712165	-0.630560	3508	
0.524911	-0.820228	2851	
-0.506386	-0.069986	397	
-0.112273	-0.343796	3730	
-0.425072	-0.122118	479	
-0.394664	-0.481507	6164	
-0.175515	-0.479066	4803	
-0.208729	-0.340491	3308	
-0.260875	-0.278674	1984	
-0.290104	-0.261381	5864	
-0.282780	-0.271119	3394	
-0.244072	-0.312075	2384	
-0.197904	-0.418531	754	
-0.284227	-0.528801	998	
-0.450799	-0.136282	1209	
-0.600345	-0.197006	2803	
0.526855	-0.384872	4539	
-0.582075	0.330248	2034	
0.353555	-0.594039	3673	
0.472872	0.520883	5869	
-0.775097	0.012515	3713	
0.324521	-0.671462	1325	
0.517642	0.558655	6239	
-0.729981	0.295529	550	
-0.127229	-0.811970	4150	
0.834427	0.094067	6203	
-0.255774	0.806318	5160	
-0.796188	-0.330794	5426	
0.414466	-0.778756	4647	
0.815869	0.384465	4479	
-0.366921	0.847901	954	
-0.921434	-0.206997	3972	
0.025277	-0.965516	5139	
-0.482960	-0.070476	497	
-0.108232	-0.375023	2961	
-0.366154	-0.127887	2407	
-0.531585	-0.317650	3774	
-0.211010	-0.543445	6371	
-0.181053	-0.462996	3757	
-0.188886	-0.415659	3790	
-0.190600	-0.420391	754	
-0.189044	-0.474796	4877	
-0.264191	-0.534920	1804	
-0.559255	-0.185509	5253	
-0.156072	-0.265844	3979	
-0.054893	-0.700115	4899	
0.516733	0.409621	475	
-0.696767	-0.121278	4968	
0.512834	-0.466205	6081	
0.375826	0.596269	2825	
-0.771774	-0.040186	1296	
0.304650	-0.681137	4089	
0.574541	0.497558	3273	
-0.668954	0.402537	1060	
-0.282347	-0.753062	767	
0.821326	-0.146289	5109	
0.060961	0.852486	731	
-0.869236	-0.054139	6534	
0.031477	-0.886255	4357	
0.904000	0.024998	6649	
0.078589	0.917798	6231	
-0.907353	0.234798	4332	
-0.408872	-0.865392	1916	
0.743090	-0.635130	4839	
-0.447979	-0.071264	3571	
-0.103575	-0.429540	2935	
-0.275309	-0.150729	3031	
-0.539501	-0.138047	1689	
-0.495994	-0.374737	6274	
-0.340984	-0.511056	3154	
-0.352548	-0.503794	4776	
-0.500435	-0.364501	6274	
-0.521137	-0.141829	2998	
-0.194386	-0.217723	3409	
-0.420260	-0.077481	1733	
0.365899	-0.539095	6867	
-0.220755	0.632121	4078	
-0.494447	-0.465868	6382	
0.690247	-0.184138	2840	
0.089590	0.749384	6522	
-0.716402	-0.193698	1448	
0.385225	-0.636247	1371	
0.549379	0.525204	2025	
-0.657755	0.418677	6666	
-0.362600	-0.710935	6092	
0.779039	-0.263167	5319	
0.250648	0.801417	1547	
-0.833651	0.211537	6400	
-0.273127	-0.830330	3457	
0.850759	-0.274785	3543	
0.403131	0.816247	6367	
-0.784680	0.501368	1170	
-0.716943	-0.622292	3508	
0.457402	-0.856576	977	
-0.397304	-0.072696	1021	
-0.100754	-0.529060	1491	
-0.177210	-0.224027	2945	
-0.324662	-0.139128	3327	
-0.405091	-0.129920	427	
-0.382171	-0.133079	2651	
-0.260429	-0.165966	3619	
-0.116889	-0.379963	3847	
-0.293057	-0.084120	3149	
0.098054	-0.664987	901	
0.288804	0.591603	3671	
-0.734862	0.041275	5599	
0.237147	-0.652367	4463	
0.667990	0.231633	5687	
-0.424924	0.576137	1830	
-0.585566	-0.433058	1630	
0.584719	-0.464182	3293	
0.433107	0.627037	1263	
-0.705135	0.339912	3688	
-0.331614	-0.727337	3257	
0.773493	-0.274847	3249	
0.303645	0.778567	2264	
-0.792311	0.316367	4102	
-0.417417	-0.760512	6716	
0.774370	-0.435612	4587	
0.581255	0.695021	4085	
-0.621122	0.687794	1130	
-0.856244	-0.399864	844	
-0.322896	-0.076518	629	
-0.198467	-0.598977	4893	
-0.104200	-0.462192	2131	
-0.110434	-0.404979	1715	
-0.104366	-0.505559	1585	
-0.618021	-0.103468	2875	
-0.048888	-0.697570	4899	
0.410992	-0.506755	1875	
0.283827	0.593881	3382	
-0.624404	0.247043	1212	
-0.261350	-0.631372	2279	
0.711476	-0.144131	850	
0.318217	0.629784	5245	
-0.743074	0.134839	1363	
-0.299153	-0.672965	5658	
0.781999	-0.093442	934	
0.204076	0.753511	4378	
-0.791154	0.146258	3782	
-0.174839	-0.795777	5344	
0.806882	-0.188513	5995	
0.269345	0.793013	3868	
-0.787157	0.326425	4102	
-0.480382	-0.719629	6520	
0.722607	-0.513107	1375	
0.674332	0.601372	5231	
-0.462953	0.798576	938	
-0.922582	-0.192077	716	
-0.115310	-0.954604	2648	
0.863776	-0.461901	2107	
-0.215270	-0.103410	4835	
-0.489167	-0.074433	497	
-0.395121	-0.076192	599	
-0.051661	-0.700117	4899	
-0.701181	-0.012933	5055	
0.620857	-0.201263	852	
0.129376	0.673306	5158	
-0.651207	0.193423	4397	
-0.310183	-0.604230	4511	
0.641782	-0.272221	3213	
0.520584	0.469511	6541	
-0.525448	0.486981	6082	
-0.618192	-0.382805	1844	
0.379584	-0.637705	1371	
0.696478	0.301074	2137	
-0.265921	0.730030	4770	
-0.771621	-0.204037	2660	
0.106852	-0.815725	4881	
0.840156	0.033634	531	
0.134878	0.837364	5059	
-0.820149	0.246164	6760	
-0.450535	-0.738935	6200	
0.714809	-0.522643	963	
0.713908	0.550950	3617	
-0.375334	0.841402	6920	
-0.939594	-0.052074	1442	
-0.281090	-0.915450	2758	
-0.067178	-0.316278	1293	
-0.050140	-0.699713	4899	
-0.017589	-0.706902	6337	
0.693586	-0.083621	2480	
-0.115024	0.680888	1534	
-0.706011	0.103109	5131	
-0.243140	-0.638992	513	
0.648899	-0.257264	2283	
0.542266	0.442985	3655	
-0.333605	0.629861	4684	
-0.689158	-0.249097	1110	
-0.074325	-0.773100	5773	
0.792630	-0.029391	1347	
0.295177	0.708916	6610	
-0.664309	0.404382	1060	
-0.527719	-0.589193	3992	
0.455255	-0.663844	4575	
0.757853	0.321195	1685	
-0.156735	0.833632	4970	
-0.866922	0.045545	644	
-0.319945	-0.808487	4293	
0.761788	-0.453398	4587	
0.691407	0.578880	3855	
-0.356593	0.848519	954	
-0.940043	-0.003941	4790	
-0.348399	-0.890066	3334	
0.693728	-0.683442	4861	
-0.049062	-0.696984	4899	
0.593723	-0.260989	2171	
0.135967	0.667860	5158	
-0.692327	0.122569	5477	
-0.229547	-0.645472	1573	
0.668929	-0.217738	1598	
0.508665	0.481107	6527	
-0.328849	0.631505	4684	
-0.696606	-0.231781	1110	
-0.203395	-0.720391	2829	
0.703165	-0.273213	5948	
0.510665	0.559747	6239	
-0.392885	0.663705	4722	
-0.765872	-0.216175	2660	
-0.038542	-0.825596	2768	
0.760231	-0.297871	3249	
0.540851	0.622181	5435	
-0.481637	0.688502	4828	
-0.810314	-0.287302	3554	
-0.078448	-0.878564	4450	
0.837153	-0.303518	4383	
0.598488	0.676904	4085	
-0.438868	0.809652	5684	
-0.938954	-0.043059	1036	
-0.388923	-0.870755	1916	
0.666511	-0.708394	2477	
-0.051081	-0.694451	4899	
0.674926	-0.103934	3230	
-0.537402	0.394015	4540	
-0.318212	-0.598441	4511	
0.648402	-0.255143	2283	
0.474596	0.514477	5869	
-0.389432	0.594874	2930	
-0.668222	-0.289623	3048	
-0.155985	-0.742263	4632	
0.695687	-0.285628	645	
0.559799	0.507615	1911	
-0.296875	0.713804	2072	
-0.814255	-0.020332	5048	
-0.350483	-0.713656	6701	
0.541701	-0.595296	839	
0.764417	0.303726	1951	
0.040808	0.851467	391	
-0.771796	0.352981	4066	
-0.642295	-0.571662	1316	
0.299612	-0.824730	5095	
0.899484	-0.039516	6815	
0.434638	0.795417	5719	
-0.580432	0.717531	796	
-0.925182	-0.166067	1856	
-0.280878	-0.913947	2758	
0.253846	0.604864	6020	
0.148881	0.657854	5976	
-0.450498	0.490552	5812	
-0.425150	-0.526671	4782	
0.610724	-0.322739	3803	
0.459469	0.527444	4709	
-0.468569	0.535431	1138	
-0.610209	-0.391898	1862	
0.034781	-0.777963	1289	
0.765370	-0.134585	1377	
0.464853	0.597708	961	
-0.358129	0.681989	4136	
-0.812024	-0.042075	3518	
-0.379918	-0.696153	3824	
0.436651	-0.673532	4751	
0.824369	0.124732	5521	
0.350354	0.751542	2207	
-0.542948	0.640784	3198	
-0.832225	-0.218689	914	
-0.300188	-0.814965	3457	
0.665240	-0.578419	4817	
0.834151	0.330501	5677	
0.160830	0.900215	1349	
-0.762372	0.527111	6902	
-0.866663	-0.366524	1140	
-0.136110	-0.948732	1270	
0.763929	-0.603958	827	
0.962477	0.224525	2003	
0.667903	-0.214917	1598	
0.732727	-0.096299	6926	
0.624936	0.310004	4921	
0.193468	0.692599	1554	
-0.705840	0.201395	5903	
-0.473962	-0.550009	932	
0.377377	-0.634005	1371	
0.718060	0.249450	739	
0.238835	0.733531	6568	
-0.534234	0.555080	5082	
-0.749178	-0.252955	3096	
-0.267559	-0.753891	3363	
0.501186	-0.626844	5023	
0.818761	0.144988	5057	
0.417065	0.712273	4025	
-0.427510	0.720194	5848	
-0.866311	0.023322	484	
-0.504662	-0.698376	6846	
0.336607	-0.808397	6173	
0.889403	-0.116241	5269	
0.603096	0.669631	4085	
-0.270208	0.876745	5400	
-0.902631	0.236057	4332	
-0.723634	-0.607427	3508	
0.110451	-0.955141	421	
0.862707	-0.456783	2107	
-0.513806	-0.511277	804	
-0.471396	-0.551171	932	
-0.221834	-0.708386	4319	
0.359037	-0.643382	4725	
0.790725	0.000241	4191	
0.474432	0.587263	961	
-0.288385	0.714918	2072	
-0.785992	0.148570	3782	
-0.534948	-0.577356	3246	
0.145129	-0.802660	2569	
0.688484	-0.420196	773	
0.739472	0.352693	4307	
0.269027	0.787911	3868	
-0.497229	0.673845	3314	
-0.866171	0.008737	5626	
-0.556565	-0.655153	4618	
0.169757	-0.861681	6645	
0.820348	-0.336363	4897	
0.756312	0.482948	6441	
0.132073	0.904748	5721	
-0.684877	0.619136	1018	
-0.925980	-0.150231	1856	
-0.473171	-0.823093	2066	
0.417989	-0.869565	919	
0.065179	0.794481	5843	
-0.037209	0.798263	3694	
-0.299035	0.708796	2072	
-0.609313	0.471176	3702	
-0.795280	-0.118543	2086	
-0.492981	-0.613604	3556	
0.066574	-0.819019	6043	
0.612000	-0.519784	4729	
0.810170	0.170358	3809	
0.495947	0.654906	3233	
-0.185144	0.821977	6022	
-0.707418	0.455903	472	
-0.821424	-0.244977	1180	
-0.437255	-0.742435	6200	
0.244894	-0.840211	2909	
0.814556	-0.346823	4897	
0.805799	0.389612	4585	
0.296555	0.857643	4527	
-0.499809	0.770587	4662	
-0.925912	0.127208	5510	
-0.733719	-0.592184	2192	
-0.015491	-0.958670	3776	
0.233946	-0.769659	543	
0.293714	-0.745387	2329	
0.454704	-0.657242	4575	
0.655254	-0.464193	5669	
0.829662	-0.075889	5307	
0.690035	0.437457	5413	
0.332317	0.757058	2207	
-0.245098	0.801552	5160	
-0.683374	0.487876	576	
-0.855690	-0.108032	5444	
-0.587798	-0.623942	6446	
-0.128560	-0.866018	5428	
0.526918	-0.698302	5263	
0.886253	-0.122256	5269	
0.749001	0.490481	6797	
0.246853	0.874146	5229	
-0.470131	0.787166	908	
-0.904272	0.222721	4332	
-0.827340	-0.444407	3110	
-0.300544	-0.903108	4514	
0.479416	-0.836814	4905	
0.895944	0.418432	423	
-0.165208	0.824499	2510	
-0.223329	0.807274	1004	
-0.357177	0.752957	4856	
-0.544747	0.632652	3198	
-0.743034	0.394061	4918	
-0.863641	-0.018482	684	
-0.737222	-0.428239	5646	
-0.420522	-0.750346	6716	
-0.012283	-0.878681	2136	
0.513099	-0.706676	4807	
0.850276	-0.253315	5123	
0.833730	0.320114	5677	
0.519761	0.734167	4355	
-0.043061	0.914351	5534	
-0.618671	0.679320	1130	
-0.926322	0.114838	6418	
-0.813971	-0.467367	1070	
-0.352891	-0.881459	5324	
0.364481	-0.889776	1873	
0.960950	0.215436	3395	
-0.228998	-0.835672	6674	
-0.199008	-0.845625	6454	
-0.068849	-0.873633	732	
0.080775	-0.873095	6767	
0.355152	-0.794571	4589	
0.613897	-0.621931	3331	
0.826616	-0.310849	4383	
0.884161	0.136696	6803	
0.729128	0.516921	3649	
0.437654	0.786607	5719	
-0.020743	0.913826	5434	
-0.508363	0.761095	1410	
-0.860552	0.341817	2154	
-0.915618	-0.190216	716	
-0.680325	-0.650679	3182	
-0.201219	-0.930810	5816	
0.429113	-0.860603	919	
0.970608	0.156409	1781	
0.713856	0.533518	3649	
0.705676	0.545198	3617	
0.651788	0.611156	6363	
0.566837	0.693152	4737	
0.404499	0.803262	6367	
0.172936	0.891151	1349	
-0.132356	0.902743	6278	
-0.448226	0.794908	5476	
-0.738967	0.546828	3584	
-0.918279	0.149389	5694	
-0.896375	-0.263167	1374	
-0.704842	-0.621116	3508	
-0.333056	-0.887699	5324	
0.204715	-0.935693	1853	
0.651746	-0.711851	2069	
0.949163	0.258207	1913	
-0.848015	0.358581	542	
-0.855046	0.343791	542	
-0.879023	0.283354	1922	
-0.916745	0.146289	5694	
-0.931197	-0.042169	1036	
-0.897772	-0.252602	1374	
-0.819618	-0.448779	3110	
-0.665563	-0.662043	3182	
-0.412415	-0.850004	5596	
-0.085987	-0.948588	5126	
0.319674	-0.902603	561	
0.669389	-0.694072	2477	
0.915548	-0.328256	5567	
-0.073412	-0.946654	3074	
-0.074023	-0.946928	3074	
-0.036429	-0.950117	3074	
0.066738	-0.950118	421	
0.198341	-0.932926	5753	
0.407899	-0.865763	919	
0.576050	-0.768235	3049	
0.907696	-0.343739	5567	
0.942968	0.271811	1525	
0.971917	0.077196	1827	
0.970292	0.106211	3309	
0.938392	0.279427	1525	
0.816826	0.549388	2141	
