time = 1.8052	Re = 25	rotation = 2.66782
-0.785823	0.500037	9496	
-0.785445	0.500746	9496	
-0.785321	0.500948	9496	
-0.785748	0.500188	9496	
-0.782215	0.506579	9742	
-0.781442	0.507975	9742	
-0.780567	0.509466	9742	
-0.773908	0.521003	9742	
-0.770995	0.525881	9742	
-0.768327	0.530263	9836	
-0.761598	0.541060	10156	
-0.756829	0.548503	10156	
-0.747494	0.562532	9252	
-0.740911	0.572027	9209	
-0.741041	0.571847	9209	
-0.721086	0.599027	2077	
-0.697377	0.628261	7157	
-0.692489	0.633984	7157	
-0.679192	0.648982	377	
-0.661087	0.668217	461	
-0.642969	0.686364	2379	
-0.621437	0.706657	9507	
-0.611626	0.715401	10026	
-0.598017	0.727018	10026	
-0.583754	0.738599	9659	
-0.566101	0.752309	1340	
-0.544034	0.768594	1395	
-0.528696	0.779135	1395	
-0.514984	0.788190	1432	
-0.497545	0.799219	1432	
-0.482805	0.808076	1254	
-0.436218	0.833533	1164	
-0.420843	0.841115	1164	
-0.398991	0.851389	350	
-0.376329	0.861353	430	
-0.329713	0.879285	396	
-0.308833	0.886494	396	
-0.280865	0.895162	358	
-0.247638	0.904161	1485	
-0.228949	0.908719	504	
-0.189629	0.917054	9864	
-0.162512	0.921786	10091	
-0.137620	0.925484	9016	
-0.095109	0.930133	6922	
-0.037822	0.933321	1159	
0.009071	0.933413	713	
0.040990	0.931833	895	
0.071196	0.929458	1620	
0.114288	0.924150	869	
0.137591	0.920586	869	
0.163637	0.915845	4541	
0.179741	0.912532	5515	
0.201352	0.907467	5515	
0.211551	0.904805	8195	
0.227626	0.900314	638	
0.241786	0.896186	638	
0.259474	0.890648	5570	
0.276044	0.884963	6510	
0.291034	0.879352	9341	
0.301143	0.875335	9341	
0.313204	0.870283	9481	
0.315215	0.869337	8243	
0.318132	0.867794	8243	
0.315758	0.868583	8243	
0.309765	0.870627	9481	
0.307926	0.871178	9481	
0.300928	0.873640	9341	
0.275735	0.882511	6510	
0.256624	0.888560	5570	
0.210984	0.901377	8195	
0.184875	0.907468	5515	
0.142772	0.915326	2391	
0.082382	0.923466	1620	
-0.000163	0.928223	1792	
-0.108366	0.923309	6555	
-0.198102	0.909508	9864	
-0.331389	0.872087	396	
-0.521248	0.776399	1395	
-0.628197	0.691360	9439	
-0.741622	0.557314	9252	
-0.800180	0.451310	9784	
-0.832297	0.359760	8173	
-0.847533	0.245651	6947	
-0.823682	0.144770	4230	
-0.785679	0.106066	2002	
-0.712454	0.086272	2228	
-0.635911	0.094061	7998	
-0.579628	0.110136	4130	
-0.536347	0.125755	2964	
-0.085089	0.803684	6916	
0.239426	0.742699	1960	
0.268708	0.722827	8421	
0.285495	0.706104	6771	
0.296289	0.687412	2422	
0.286252	0.679785	3252	
0.229179	0.697158	7563	
-0.044110	0.729335	9389	
-0.200445	0.516673	4938	
-0.179043	0.424641	2183	
-0.160536	0.446157	3323	
-0.145077	0.481578	6240	
-0.131964	0.513560	4995	
-0.116437	0.548291	5256	
-0.104899	0.567897	7478	
-0.093242	0.581559	7497	
-0.084859	0.586647	1503	
-0.077367	0.588327	1503	
-0.075523	0.580745	7497	
-0.077908	0.572569	7497	
-0.079417	0.567962	7497	
-0.084690	0.553544	5223	
-0.091421	0.527894	1292	
-0.093415	0.495949	8099	
-0.090504	0.469488	6683	
-0.086693	0.445027	3481	
-0.082017	0.395439	7815	
-0.079268	0.317524	1407	
-0.069161	0.196363	4362	
0.054244	-0.248992	2893	
0.025217	-0.452655	4432	
0.004141	-0.453183	9927	
-0.002659	-0.416264	4943	
-0.006624	-0.361768	1172	
-0.017261	-0.281513	6219	
-0.062873	-0.198337	8191	
-0.194981	-0.217575	10138	
-0.297904	-0.401619	3194	
-0.292614	-0.737963	8457	
0.065582	-0.812827	5383	
0.308963	-0.784353	10235	
0.456140	-0.721658	7787	
0.566019	-0.643066	6774	
0.603291	-0.607153	5831	
0.632753	-0.574556	4936	
0.655100	-0.548195	3172	
0.665853	-0.535811	4660	
0.670078	-0.531582	1978	
0.673452	-0.529067	1978	
0.676638	-0.527519	1978	
0.677485	-0.529624	1978	
0.676143	-0.535889	2222	
0.672649	-0.546083	4460	
0.667698	-0.555974	4460	
0.659921	-0.569727	4460	
0.655278	-0.577238	6009	
0.647649	-0.588614	5478	
0.639845	-0.599572	5478	
0.630581	-0.611965	6443	
0.621376	-0.623397	6443	
0.608225	-0.638706	6035	
0.596629	-0.651392	7877	
0.581155	-0.667432	7711	
0.568190	-0.679928	6431	
0.552268	-0.694247	6884	
0.537619	-0.706473	6181	
0.524253	-0.716984	6181	
0.506707	-0.730131	5115	
0.491793	-0.740585	8335	
0.475993	-0.751021	7673	
0.458913	-0.761655	7099	
0.439486	-0.773095	8918	
0.417772	-0.784865	7366	
0.400851	-0.793465	7316	
0.385887	-0.800559	6103	
0.369547	-0.807800	5846	
0.348173	-0.816656	5233	
0.333254	-0.822352	5233	
0.321861	-0.826550	3092	
0.311995	-0.829952	3092	
0.295866	-0.835456	8902	
0.284813	-0.838893	9773	
0.275592	-0.841467	4559	
0.266307	-0.844002	6420	
0.254495	-0.847019	6420	
0.245215	-0.849254	5781	
0.237565	-0.850914	5781	
0.234712	-0.851422	5781	
0.230382	-0.852261	5089	
0.228076	-0.852597	5089	
0.224415	-0.853205	5089	
0.219937	-0.854011	5089	
0.212456	-0.855552	5804	
0.208753	-0.856151	5804	
0.206410	-0.856385	5804	
0.208768	-0.855490	5804	
0.210478	-0.854628	5804	
0.214396	-0.853395	5804	
0.216724	-0.852405	5089	
0.217525	-0.851698	5089	
0.220252	-0.850451	5089	
0.223238	-0.848986	5089	
0.225699	-0.847853	5089	
0.228836	-0.846503	5089	
0.232826	-0.844970	5089	
0.236889	-0.843375	5089	
0.240885	-0.841705	5781	
0.243570	-0.840169	5781	
0.246908	-0.838388	6420	
0.249126	-0.836879	6420	
0.247958	-0.836450	6420	
0.247663	-0.835789	6420	
0.245630	-0.835875	6420	
0.246009	-0.835116	6420	
0.244670	-0.834772	6420	
0.241920	-0.834728	5781	
0.238774	-0.834669	5089	
0.234555	-0.834851	5089	
0.233932	-0.834777	5089	
0.233069	-0.834746	5089	
0.230183	-0.834878	5089	
0.227614	-0.834861	5089	
0.217331	-0.835242	5089	
0.205811	-0.836118	5804	
0.195045	-0.836764	5054	
0.183587	-0.837416	5054	
0.171666	-0.837883	5777	
0.155613	-0.838572	5040	
0.139623	-0.839088	5040	
0.120726	-0.839372	6875	
0.103300	-0.839089	5835	
0.081889	-0.838431	7183	
0.065002	-0.837616	4601	
0.050498	-0.836844	8419	
0.028603	-0.835580	8252	
-0.015518	-0.830861	9615	
-0.048404	-0.826102	8019	
-0.081011	-0.820210	6851	
-0.110271	-0.813856	1954	
-0.143806	-0.805611	4068	
-0.173035	-0.797692	9509	
-0.205555	-0.787882	8001	
-0.240280	-0.775813	8567	
-0.296039	-0.752186	8457	
-0.355727	-0.718462	8886	
-0.414558	-0.672802	1113	
-0.410071	-0.600785	8105	
-0.398441	-0.562264	5939	
-0.387022	-0.525402	4306	
-0.376064	-0.491126	7781	
-0.367589	-0.464388	1262	
-0.361779	-0.446783	5257	
-0.354928	-0.425991	3360	
-0.347720	-0.404450	1827	
-0.340380	-0.382206	1532	
-0.333771	-0.362512	3173	
-0.326186	-0.340361	1295	
-0.319035	-0.319171	9040	
-0.312923	-0.302123	8994	
-0.305131	-0.281041	3804	
-0.298210	-0.262922	4312	
-0.290240	-0.242924	3879	
-0.284005	-0.227496	3440	
-0.278256	-0.213287	2661	
-0.272439	-0.199763	1914	
-0.268353	-0.190400	364	
-0.265053	-0.182343	826	
-0.260208	-0.171042	8249	
-0.255313	-0.159645	8073	
-0.251437	-0.149852	7377	
-0.247892	-0.140409	7533	
-0.245015	-0.132265	7533	
-0.242891	-0.123802	5420	
-0.241567	-0.115910	6411	
-0.241022	-0.109257	5484	
-0.241071	-0.101056	4028	
-0.241970	-0.092059	4570	
-0.244016	-0.083098	6006	
-0.247192	-0.074965	6006	
-0.251274	-0.066955	7273	
-0.255925	-0.059139	9075	
-0.261884	-0.049248	9309	
-0.267599	-0.040291	9347	
-0.273005	-0.032286	7848	
-0.279855	-0.021915	1488	
-0.286488	-0.011322	348	
-0.292816	0.000064	424	
-0.298895	0.012075	3013	
-0.304590	0.024875	2033	
-0.309771	0.038203	3044	
-0.313998	0.051163	3044	
-0.317783	0.063868	4000	
-0.321615	0.079102	4832	
-0.323899	0.090723	6258	
-0.325995	0.105401	7758	
-0.327403	0.117514	7864	
-0.328481	0.131715	1357	
-0.329065	0.146730	828	
-0.328632	0.161734	828	
-0.328198	0.176591	3622	
-0.327520	0.191334	2818	
-0.326650	0.204031	3391	
-0.325519	0.215385	3303	
-0.324045	0.227182	2105	
-0.322469	0.238957	3086	
-0.321102	0.250169	3086	
-0.319847	0.261000	3342	
-0.318110	0.274285	4313	
-0.316306	0.286705	4952	
-0.313753	0.301904	4236	
-0.311555	0.315822	4885	
-0.309945	0.326819	4147	
-0.308523	0.336865	6951	
-0.307079	0.346463	6951	
-0.306125	0.353568	7069	
-0.305052	0.361573	7069	
-0.304067	0.369615	6334	
-0.303165	0.376291	6084	
-0.301888	0.385665	6084	
-0.300665	0.394680	6614	
-0.299739	0.402916	1997	
-0.298567	0.412544	1997	
-0.297748	0.420487	1997	
-0.297061	0.428006	2121	
-0.296761	0.431988	2121	
-0.296439	0.434850	2121	
-0.295935	0.439096	2121	
-0.295385	0.443802	2121	
-0.294970	0.447638	1798	
-0.294612	0.451607	4915	
-0.294268	0.455617	4915	
-0.293790	0.459768	4915	
-0.293407	0.463465	4915	
-0.293101	0.466876	4915	
-0.292763	0.470171	4915	
-0.292463	0.474059	5677	
-0.292208	0.476646	5677	
-0.292066	0.477463	5677	
-0.291939	0.478247	5677	
-0.291836	0.478940	5677	
-0.291734	0.479246	5677	
-0.291624	0.479663	5677	
-0.291529	0.480393	5677	
-0.291426	0.480614	5677	
-0.291318	0.481169	5677	
-0.291197	0.481942	5677	
-0.291098	0.482028	5677	
-0.290997	0.482444	5677	
-0.290827	0.483843	5677	
-0.290710	0.485698	5677	
-0.290573	0.487570	5677	
-0.290400	0.489771	4971	
-0.290303	0.490708	4971	
-0.290201	0.492007	4971	
-0.290098	0.493347	4971	
-0.290026	0.495627	4971	
-0.289944	0.498864	5675	
-0.289839	0.502043	5675	
-0.289718	0.505087	5675	
-0.289548	0.509389	6446	
-0.289363	0.513329	6446	
-0.289109	0.517566	6446	
-0.289069	0.520969	6446	
-0.289068	0.524046	6357	
-0.289097	0.525580	6357	
-0.289028	0.527564	6357	
-0.289065	0.530336	6357	
-0.289120	0.532705	6357	
-0.289173	0.535087	6357	
-0.289185	0.537774	6357	
-0.289174	0.540436	7515	
-0.289152	0.542695	7515	
-0.289092	0.544958	7515	
-0.289050	0.547652	7515	
-0.289164	0.550844	6043	
-0.289557	0.555503	6043	
-0.289855	0.559159	5065	
-0.290020	0.562487	5065	
-0.290210	0.565305	5065	
-0.290390	0.568422	5065	
-0.290671	0.571793	5065	
-0.291122	0.575317	5065	
-0.291491	0.578077	5065	
-0.292092	0.581035	493	
-0.292985	0.584961	493	
-0.293515	0.587277	493	
-0.293928	0.589520	493	
-0.294213	0.591562	493	
-0.294478	0.594031	493	
-0.294885	0.596372	493	
-0.295187	0.598085	493	
-0.295460	0.600021	493	
-0.295626	0.601957	493	
-0.295945	0.604015	561	
-0.296320	0.606077	561	
-0.296586	0.607924	561	
-0.296967	0.609808	5398	
-0.297402	0.611907	5398	
-0.297797	0.613933	5398	
-0.298234	0.615901	5398	
-0.298556	0.617808	5398	
-0.299043	0.619559	5398	
-0.299474	0.621144	5398	
-0.299772	0.622195	5398	
-0.300046	0.623645	5398	
-0.300267	0.624883	6026	
-0.300408	0.625966	6026	
-0.300547	0.627410	6026	
-0.300815	0.628953	6026	
-0.301176	0.630358	6026	
-0.301715	0.631782	6026	
-0.302402	0.633739	6026	
-0.303101	0.635763	6026	
-0.303214	0.637578	6026	
-0.303450	0.639904	7483	
-0.303940	0.641692	7483	
-0.304200	0.643408	7483	
-0.304430	0.644681	7483	
-0.304702	0.646154	7430	
-0.304748	0.647605	7430	
-0.304841	0.649060	7430	
-0.305161	0.650691	7430	
-0.305373	0.652318	7430	
-0.305463	0.653435	7430	
-0.305759	0.653919	7430	
-0.306098	0.654239	7430	
-0.306299	0.654546	7430	
-0.306493	0.656885	7430	
-0.306406	0.659049	7430	
-0.306737	0.660795	7430	
-0.307359	0.662113	7430	
-0.307847	0.663760	7430	
-0.308041	0.665018	7430	
-0.308226	0.666218	7430	
-0.308483	0.667562	7430	
-0.308915	0.668813	7430	
-0.309282	0.669864	7430	
-0.309564	0.670648	7430	
-0.309954	0.671149	7294	
-0.310146	0.671783	7294	
-0.310286	0.672417	7294	
-0.310400	0.673031	7294	
-0.310472	0.673732	7294	
-0.310528	0.674329	7294	
-0.310793	0.674883	7294	
-0.310966	0.675472	7294	
-0.311108	0.675977	7294	
-0.311264	0.676415	7294	
-0.311439	0.676656	7294	
-0.311595	0.676994	7294	
-0.311608	0.677478	7294	
-0.311777	0.677718	7294	
-0.311848	0.678368	7294	
-0.311937	0.679011	7294	
-0.312056	0.679720	7294	
-0.312280	0.680295	7294	
-0.312490	0.680821	7294	
-0.312612	0.681320	7294	
-0.312848	0.681722	7294	
-0.312825	0.682300	7294	
-0.312979	0.682770	7294	
-0.313390	0.683177	7294	
-0.313728	0.683545	7294	
-0.314006	0.683957	7294	
-0.314245	0.684347	7294	
-0.314527	0.684648	7294	
-0.314800	0.684927	7294	
-0.315060	0.685202	7294	
-0.315314	0.685481	7294	
-0.315525	0.685737	8008	
-0.315767	0.685961	8008	
-0.315932	0.686266	8008	
-0.316139	0.686508	8008	
-0.316334	0.686752	8008	
-0.316526	0.686976	8008	
-0.316738	0.687126	8008	
-0.317004	0.687301	8008	
-0.317164	0.687601	8008	
-0.317525	0.687586	8008	
-0.317857	0.687636	8008	
-0.318130	0.687398	8008	
-0.318494	0.687381	8008	
-0.318778	0.687493	8008	
-0.319047	0.687694	8008	
-0.319285	0.687837	8008	
-0.319396	0.688211	8008	
-0.319636	0.688406	8008	
-0.319832	0.688657	8008	
-0.320069	0.688695	8008	
-0.320254	0.688854	8008	
-0.320086	0.689421	8008	
-0.320150	0.689782	8008	
-0.320470	0.689744	8008	
-0.320771	0.689778	8008	
-0.321105	0.689822	8008	
-0.321418	0.689981	8008	
-0.321648	0.690073	8008	
-0.322088	0.690158	8008	
-0.322188	0.690268	8008	
-0.322368	0.690356	8008	
-0.322538	0.690392	8008	
-0.322672	0.690444	8008	
-0.322744	0.690600	8008	
-0.322977	0.690584	8008	
-0.323079	0.690677	8008	
-0.323152	0.690838	8008	
-0.323356	0.690807	8008	
-0.323374	0.690961	8008	
-0.323452	0.691119	8008	
-0.323560	0.691220	8008	
-0.323720	0.691280	8008	
-0.323864	0.691423	8008	
-0.324040	0.691527	8008	
-0.324209	0.691447	8008	
-0.324322	0.691579	8008	
-0.324462	0.691789	8008	
-0.324579	0.691844	8008	
-0.324758	0.691876	8008	
-0.324830	0.692109	8008	
-0.324959	0.692217	8008	
-0.325091	0.692193	8008	
-0.325189	0.692273	8008	
-0.325267	0.692506	8008	
-0.325396	0.692539	8008	
-0.325440	0.692723	8008	
-0.325553	0.692745	8008	
-0.325655	0.692806	8008	
-0.325748	0.692878	8008	
-0.325893	0.692900	8008	
-0.325993	0.692979	8008	
-0.326021	0.693233	8008	
-0.325939	0.693742	8008	
-0.325986	0.693885	8008	
-0.326029	0.694031	8008	
-0.326069	0.694187	8008	
-0.326148	0.694316	8008	
-0.326387	0.694663	8008	
-0.326493	0.694726	8008	
-0.326637	0.694887	8008	
-0.326751	0.695075	8008	
-0.326813	0.695304	8008	
-0.326900	0.695408	8008	
-0.326902	0.695758	8008	
-0.326926	0.695989	8008	
-0.326897	0.696198	8008	
-0.326880	0.696483	8008	
-0.326876	0.696663	8008	
-0.326792	0.697054	8008	
-0.326976	0.697135	8008	
-0.327150	0.697259	8008	
-0.327284	0.697392	8008	
-0.327437	0.697603	9142	
-0.327517	0.697702	9142	
-0.327602	0.697947	9142	
-0.327648	0.698122	9142	
-0.327667	0.698359	9142	
-0.327690	0.698600	9142	
-0.327676	0.698829	9142	
-0.327611	0.699083	9142	
-0.327531	0.699338	9142	
-0.327380	0.699685	9142	
-0.327338	0.699947	9142	
-0.327260	0.700172	9142	
-0.327266	0.700422	9142	
-0.327310	0.700555	9142	
-0.327375	0.700723	9142	
-0.327443	0.700915	9142	
-0.327522	0.701097	9142	
-0.327582	0.701248	9142	
-0.327587	0.701422	9142	
-0.327653	0.701599	9142	
-0.327604	0.701790	9142	
-0.327624	0.702140	9142	
-0.327585	0.702334	9142	
-0.327698	0.702481	9142	
-0.327753	0.702654	9142	
-0.327762	0.702796	9142	
-0.327810	0.702956	9142	
-0.327657	0.703218	9142	
-0.327762	0.703346	9142	
-0.328299	0.703396	9142	
-0.328155	0.703645	9142	
-0.327992	0.703926	9142	
-0.327872	0.704140	9142	
-0.327656	0.704357	9142	
-0.327375	0.704689	9142	
-0.327071	0.704970	9142	
-0.326791	0.705225	9142	
-0.326503	0.705478	9142	
-0.326333	0.705737	9142	
-0.326090	0.706022	9142	
-0.325836	0.706265	9142	
-0.325626	0.706501	9142	
-0.325408	0.706755	9142	
-0.325163	0.707004	9142	
-0.325338	0.707179	9142	
-0.325115	0.707588	9142	
-0.324867	0.707721	9142	
-0.324463	0.707930	9142	
-0.323984	0.708165	9142	
-0.323583	0.708359	9142	
-0.323071	0.708573	9142	
-0.322615	0.708737	9142	
-0.322087	0.708902	9142	
-0.321550	0.709038	9142	
-0.320837	0.709180	9142	
-0.320187	0.709106	9142	
-0.319736	0.709314	9142	
-0.319194	0.709546	9142	
-0.318725	0.709735	9142	
-0.318204	0.709920	9142	
-0.317706	0.710146	9142	
-0.317126	0.710404	9142	
-0.316595	0.710587	9142	
-0.316035	0.710780	9142	
-0.315567	0.710999	9142	
-0.315000	0.711200	773	
-0.314316	0.711416	773	
-0.313648	0.711618	773	
-0.313109	0.711791	773	
-0.312281	0.712030	773	
-0.311416	0.712213	773	
-0.310611	0.712400	773	
-0.309739	0.712627	773	
-0.308906	0.712707	773	
-0.307966	0.712803	773	
-0.306850	0.712649	773	
-0.305567	0.712623	773	
-0.304517	0.712699	773	
-0.303539	0.712759	773	
-0.302592	0.712750	773	
-0.301681	0.712711	773	
-0.300829	0.712185	773	
-0.299674	0.712192	773	
-0.298610	0.712126	773	
-0.297599	0.711972	773	
-0.296517	0.711748	773	
-0.295371	0.711619	773	
-0.294077	0.711633	773	
-0.292722	0.711636	773	
-0.291602	0.711580	773	
-0.290591	0.711522	773	
-0.289411	0.711294	773	
-0.288735	0.710572	773	
-0.287933	0.710210	773	
-0.287226	0.709828	773	
-0.286408	0.709450	540	
-0.285626	0.709091	540	
-0.284185	0.708418	540	
-0.283563	0.707584	540	
-0.283042	0.706256	486	
-0.282297	0.704568	486	
-0.282094	0.702611	486	
-0.281751	0.700621	486	
-0.281059	0.699688	486	
-0.281095	0.697677	486	
-0.280866	0.695549	486	
-0.281039	0.692699	486	
-0.280429	0.689463	486	
-0.281761	0.684809	486	
-0.281884	0.680856	486	
-0.281894	0.675848	1856	
-0.282879	0.669824	7511	
-0.283120	0.664216	7511	
-0.283483	0.657806	7483	
-0.282828	0.651499	7483	
-0.282230	0.644855	7483	
-0.281231	0.639708	6026	
-0.281223	0.632635	6026	
-0.280605	0.627076	5372	
-0.280010	0.621031	5372	
-0.278610	0.614439	5372	
-0.277916	0.608593	411	
-0.277373	0.603273	411	
-0.276368	0.595107	411	
-0.275538	0.588003	411	
-0.274853	0.581439	411	
-0.274080	0.575063	6043	
-0.273495	0.567453	6043	
-0.273112	0.560973	6043	
-0.272467	0.555176	6043	
-0.272250	0.550607	6043	
-0.272144	0.545483	7515	
-0.271919	0.541928	7515	
-0.271780	0.540276	7515	
-0.271670	0.538073	7515	
-0.271530	0.536548	5177	
-0.271409	0.536384	5177	
-0.271284	0.537668	7515	
-0.271149	0.539594	7515	
-0.271046	0.542120	7515	
-0.271003	0.545050	7515	
-0.270909	0.547673	7515	
-0.270764	0.551503	6043	
-0.270702	0.555678	6043	
-0.271022	0.559356	6043	
-0.271020	0.563942	6043	
-0.271067	0.568729	6043	
-0.271162	0.573214	8795	
-0.271497	0.578930	579	
-0.271825	0.583225	411	
-0.272164	0.588582	411	
-0.272174	0.594543	411	
-0.272589	0.599235	411	
-0.273041	0.604042	411	
-0.273008	0.609130	411	
-0.273258	0.613926	5372	
-0.273740	0.618009	5372	
-0.274040	0.621917	5372	
-0.274265	0.626647	5372	
-0.274391	0.631263	5372	
-0.274510	0.635036	5372	
-0.274342	0.639770	6314	
-0.274413	0.643467	7511	
-0.274504	0.646858	7511	
-0.274255	0.650631	7511	
-0.274022	0.654006	7511	
-0.273684	0.657220	7511	
-0.272971	0.660037	7511	
-0.272334	0.663265	7511	
-0.272124	0.666366	7511	
-0.271747	0.669187	1856	
-0.270962	0.671893	1856	
-0.270401	0.674338	1856	
-0.269772	0.677284	1856	
-0.269164	0.679659	1856	
-0.268428	0.681757	1856	
-0.267742	0.683717	1856	
-0.267266	0.685937	486	
-0.266465	0.687494	486	
-0.265675	0.688872	486	
-0.264578	0.690525	486	
-0.263875	0.692148	486	
-0.263352	0.693743	9395	
-0.262789	0.694892	9395	
-0.261803	0.696662	9395	
-0.260817	0.698200	9395	
-0.260333	0.699184	9395	
-0.259727	0.700335	9395	
-0.259075	0.701418	9395	
-0.258279	0.702626	9395	
-0.257945	0.703716	9395	
-0.257378	0.704648	9395	
-0.256994	0.705392	9395	
-0.256487	0.706169	9395	
-0.256150	0.707113	9395	
-0.255769	0.707761	9395	
-0.255239	0.708510	9395	
-0.254946	0.709140	9395	
-0.254563	0.709980	9395	
-0.254290	0.710456	9395	
-0.253968	0.710949	9395	
-0.253559	0.711553	9395	
-0.253050	0.712315	9395	
-0.252683	0.712725	9395	
-0.252291	0.713476	2515	
-0.251959	0.713939	2515	
-0.251532	0.714548	2515	
-0.251120	0.715122	2515	
-0.250858	0.715445	2515	
-0.250574	0.715810	2515	
-0.250323	0.716108	2515	
-0.250072	0.716326	2515	
-0.249754	0.716776	2515	
-0.249374	0.717229	2515	
-0.248986	0.717643	2515	
-0.248573	0.718025	2515	
-0.248275	0.718250	2515	
-0.248009	0.718440	2515	
-0.247608	0.718828	2515	
-0.247219	0.719184	2959	
-0.246836	0.719690	2959	
-0.246598	0.720145	2959	
-0.246318	0.720781	2959	
-0.246055	0.721232	2959	
-0.245777	0.721612	2959	
-0.245470	0.722044	2959	
-0.245165	0.722489	2959	
-0.244887	0.722818	2959	
-0.244701	0.723121	2959	
-0.244691	0.723462	2959	
-0.244684	0.723731	2959	
-0.244487	0.724048	2959	
-0.244163	0.724467	2959	
-0.244105	0.724798	2959	
-0.243922	0.725191	2959	
-0.243693	0.725528	2959	
-0.243516	0.725749	2959	
-0.243386	0.725838	2959	
-0.243263	0.726255	2959	
-0.243131	0.726575	2959	
-0.242844	0.726974	2959	
-0.242592	0.727361	2959	
-0.242444	0.727619	2959	
-0.242313	0.727874	2959	
-0.242210	0.728155	2959	
-0.242059	0.728367	2959	
-0.241940	0.728666	2959	
-0.241805	0.729034	2959	
-0.241566	0.729445	2959	
-0.241411	0.729669	2959	
-0.241168	0.730032	2959	
-0.241027	0.730537	2959	
-0.240649	0.730964	2959	
-0.240616	0.731201	2959	
-0.240570	0.731484	2959	
-0.240611	0.731930	2959	
-0.240571	0.732294	2959	
-0.240809	0.732640	2959	
-0.240968	0.733011	2959	
-0.241342	0.733295	2959	
-0.241457	0.733608	2959	
-0.241361	0.733993	2959	
-0.241257	0.734408	2959	
-0.241142	0.734741	2959	
-0.240982	0.735113	2959	
-0.240769	0.735471	2959	
-0.240596	0.735833	2959	
-0.240654	0.736243	2959	
-0.240721	0.736627	2959	
-0.241114	0.736968	2959	
-0.241961	0.737190	2959	
-0.242189	0.737509	2959	
-0.242876	0.737861	2959	
-0.243472	0.738213	2959	
-0.244064	0.738558	2959	
-0.244564	0.738855	2959	
-0.244927	0.739111	2959	
-0.245366	0.739323	2959	
-0.246157	0.739584	2959	
-0.246991	0.739770	2959	
-0.247692	0.739926	2959	
-0.248316	0.740095	2959	
-0.249128	0.740374	2959	
-0.249942	0.740582	2959	
-0.250887	0.740751	2959	
-0.251712	0.740930	2959	
-0.252526	0.741119	2959	
-0.253438	0.741346	3122	
-0.254379	0.741490	3122	
-0.255758	0.741629	3122	
-0.256999	0.741713	3122	
-0.258404	0.741736	3122	
-0.260043	0.741689	3122	
-0.261316	0.741668	4378	
-0.262338	0.741713	4378	
-0.263826	0.741739	3637	
-0.265623	0.741699	3637	
-0.266973	0.741707	3637	
-0.268668	0.741667	3637	
-0.270179	0.741593	3637	
-0.271673	0.741492	3637	
-0.273471	0.741328	3637	
-0.275289	0.741134	3637	
-0.277157	0.740947	3637	
-0.278782	0.740775	3637	
-0.280620	0.740583	3637	
-0.282432	0.740372	3637	
-0.284419	0.740126	3637	
-0.286146	0.739902	3637	
-0.288170	0.739645	3637	
-0.290045	0.739378	3637	
-0.292140	0.739040	3637	
-0.294416	0.738673	837	
-0.296185	0.738390	837	
-0.297998	0.738087	837	
-0.300295	0.737671	837	
-0.302220	0.737304	837	
-0.304535	0.736865	837	
-0.306869	0.736389	837	
-0.309307	0.735848	1053	
-0.312023	0.735193	1053	
-0.314880	0.734478	1053	
-0.317069	0.733927	1053	
-0.318791	0.733515	1053	
-0.320234	0.733199	1053	
-0.321485	0.732911	1053	
-0.323362	0.732412	2207	
-0.325296	0.731886	2207	
-0.327460	0.731278	2207	
-0.330120	0.730513	2207	
-0.333997	0.729317	2207	
-0.336614	0.728525	2207	
-0.339012	0.727793	2207	
-0.341413	0.727026	8554	
-0.344782	0.725881	8554	
-0.347345	0.725043	8554	
-0.349924	0.724161	8554	
-0.352698	0.723229	1518	
-0.355404	0.722278	1518	
-0.357736	0.721439	1518	
-0.360422	0.720465	1175	
-0.362920	0.719546	1175	
-0.365004	0.718761	1175	
-0.367136	0.717954	1175	
-0.369498	0.717046	1175	
-0.371875	0.716120	1175	
-0.374032	0.715251	1175	
-0.375932	0.714471	1175	
-0.378280	0.713485	1175	
-0.380489	0.712529	4467	
-0.382895	0.711478	4467	
-0.384924	0.710600	4467	
-0.387026	0.709671	4467	
-0.389255	0.708671	4467	
-0.391412	0.707704	4467	
-0.393562	0.706721	4467	
-0.395586	0.705798	4467	
-0.397396	0.704934	4467	
-0.399505	0.703931	4467	
-0.401156	0.703149	4467	
-0.402971	0.702259	4467	
-0.404431	0.701532	4467	
-0.405978	0.700752	6535	
-0.407289	0.700068	5112	
-0.408629	0.699348	5112	
-0.408341	0.699274	5112	
-0.410029	0.698398	5112	
-0.411505	0.697614	5112	
-0.412926	0.696870	5112	
-0.414297	0.696134	5112	
-0.415470	0.695499	5112	
-0.416647	0.694860	5112	
-0.417701	0.694274	5112	
-0.418826	0.693659	5112	
-0.419785	0.693113	5112	
-0.420765	0.692568	5112	
-0.421810	0.691968	5112	
-0.422520	0.691554	5112	
-0.423531	0.690984	5112	
-0.424509	0.690403	5112	
-0.425440	0.689861	5112	
-0.426360	0.689306	5112	
-0.427292	0.688743	5112	
-0.428176	0.688200	5112	
-0.429029	0.687682	5112	
-0.429738	0.687239	5112	
-0.430448	0.686789	5112	
-0.431183	0.686330	5112	
-0.431855	0.685913	6249	
-0.432428	0.685549	6249	
-0.433009	0.685184	6249	
-0.433498	0.684856	6249	
-0.433937	0.684552	6249	
-0.434373	0.684248	6249	
-0.434800	0.683942	6249	
-0.435051	0.683733	6249	
-0.435295	0.683532	6249	
-0.435883	0.683128	6249	
-0.436661	0.682632	6249	
-0.437221	0.682252	6249	
-0.437776	0.681897	6249	
-0.437727	0.681896	6249	
-0.438315	0.681511	6249	
-0.438760	0.681173	6249	
-0.439044	0.680954	6249	
-0.439573	0.680587	6249	
-0.439541	0.680542	6249	
-0.439966	0.680238	6249	
-0.440266	0.679994	6249	
-0.440589	0.679758	6249	
-0.440938	0.679476	6249	
-0.442830	0.678404	6249	
-0.444024	0.677681	6249	
-0.446417	0.676257	6249	
-0.447029	0.675842	6249	
-0.447588	0.675456	6249	
-0.448024	0.675122	6249	
-0.447710	0.675190	6249	
-0.447626	0.675154	6249	
-0.447760	0.674999	6249	
-0.447773	0.674904	6249	
-0.447892	0.674772	6249	
-0.447837	0.674719	6249	
-0.447591	0.674785	6249	
-0.447677	0.674666	6249	
-0.447409	0.674759	6249	
-0.447531	0.674613	6249	
-0.447315	0.674688	6249	
-0.447129	0.674733	6249	
-0.446935	0.674769	6249	
-0.446838	0.674760	6249	
-0.446722	0.674776	6249	
-0.446496	0.674851	6249	
-0.446250	0.674923	6249	
-0.446031	0.674994	6249	
-0.445772	0.675080	6249	
-0.445659	0.675078	6249	
-0.445621	0.675032	6249	
-0.445375	0.675105	6249	
-0.445117	0.675187	6249	
-0.445022	0.675186	6249	
-0.445016	0.675113	6249	
-0.444866	0.675120	6249	
-0.444773	0.675111	6249	
-0.444741	0.675056	6249	
-0.444514	0.675115	6249	
-0.444458	0.675065	6249	
-0.444414	0.675016	6249	
-0.444393	0.674952	6249	
-0.444354	0.674905	6249	
-0.444207	0.674908	6249	
-0.444007	0.674946	6249	
-0.443795	0.674994	6249	
-0.443566	0.675036	6249	
-0.443281	0.675089	6249	
-0.443020	0.675173	6249	
-0.442830	0.675199	6249	
-0.442559	0.675289	6249	
-0.442326	0.675314	6249	
-0.441921	0.675479	6249	
-0.441638	0.675570	6249	
-0.441311	0.675695	6249	
-0.440837	0.675889	6249	
-0.441445	0.675501	6249	
-0.441302	0.675527	6249	
-0.441172	0.675552	6249	
-0.441091	0.675536	6249	
-0.440813	0.675632	6249	
-0.440601	0.675712	6249	
-0.440282	0.675839	6249	
-0.440128	0.675874	6249	
-0.439973	0.675909	6249	
-0.439422	0.676170	6249	
-0.439180	0.676257	6249	
-0.438996	0.676314	6249	
-0.438595	0.676472	6249	
-0.438555	0.676440	6249	
-0.438158	0.676603	6249	
-0.437801	0.676758	6249	
-0.437601	0.676792	6249	
-0.437558	0.676757	6249	
-0.437538	0.676700	6249	
-0.437360	0.676714	6249	
-0.437097	0.676835	6249	
-0.436967	0.676839	6249	
-0.436908	0.676825	6249	
-0.436583	0.676948	6249	
-0.436316	0.677027	6249	
-0.436075	0.677112	6249	
-0.435719	0.677231	6249	
-0.435588	0.677256	6249	
-0.435143	0.677417	6249	
-0.435080	0.677383	6249	
-0.434818	0.677420	6249	
-0.434651	0.677444	6249	
-0.434515	0.677420	6249	
-0.434169	0.677532	6249	
-0.433926	0.677562	6249	
-0.433580	0.677645	6249	
-0.433158	0.677764	6249	
-0.432842	0.677824	6249	
-0.432401	0.677940	6249	
-0.432051	0.678020	6249	
-0.431607	0.678115	6249	
-0.431209	0.678205	6249	
-0.430690	0.678328	6249	
-0.430325	0.678396	6249	
-0.429847	0.678513	6249	
-0.429189	0.678727	6249	
-0.428711	0.678850	6249	
-0.428140	0.679014	6249	
-0.427699	0.679138	5112	
-0.427197	0.679267	5112	
-0.426562	0.679492	5112	
-0.425770	0.679795	5112	
-0.424183	0.680460	5112	
-0.422791	0.681009	5112	
-0.421750	0.681379	5112	
-0.420573	0.681817	5112	
-0.419775	0.682096	5112	
-0.418816	0.682439	5112	
-0.417858	0.682797	5112	
-0.416142	0.683590	6535	
-0.414584	0.684301	6535	
-0.412981	0.685034	6535	
-0.411628	0.685538	6535	
-0.410859	0.685743	6535	
-0.409997	0.685933	6535	
-0.409087	0.686151	6535	
-0.408135	0.686383	6535	
-0.407362	0.686553	6535	
-0.406758	0.686665	6535	
-0.405738	0.686910	6535	
-0.404960	0.686994	6535	
-0.404135	0.687117	6535	
-0.403330	0.687198	6535	
-0.402247	0.687439	6535	
-0.400980	0.687748	6535	
-0.399764	0.688066	6535	
-0.398820	0.688250	8229	
-0.397781	0.688487	8229	
-0.396687	0.688760	8229	
-0.395551	0.689056	8229	
-0.394819	0.689112	8229	
-0.393467	0.689309	8229	
-0.391890	0.689650	8229	
-0.390732	0.689780	8229	
-0.389304	0.689719	8229	
-0.386428	0.690431	8229	
-0.384154	0.690848	8229	
-0.381990	0.691066	8229	
-0.380959	0.690877	8229	
-0.379744	0.690740	8229	
-0.378390	0.690743	8229	
-0.376915	0.690825	8448	
-0.375519	0.690886	8448	
-0.374486	0.690685	8448	
-0.373274	0.690404	8448	
-0.372305	0.690146	8448	
-0.370887	0.689943	8448	
-0.370072	0.689519	8448	
-0.368771	0.689172	8448	
-0.366672	0.688997	8448	
-0.364079	0.689003	8226	
-0.362318	0.688545	8226	
-0.360434	0.688126	8226	
-0.359292	0.687313	8226	
-0.358239	0.686525	8226	
-0.356548	0.685926	8226	
-0.355666	0.684677	8226	
-0.355170	0.683146	8226	
-0.354519	0.681779	8226	
-0.351601	0.680917	8226	
-0.350377	0.679236	6495	
-0.349254	0.677214	6495	
-0.348934	0.674633	6495	
-0.348873	0.673840	6495	
-0.348143	0.672674	6495	
-0.347747	0.670612	6495	
-0.347870	0.668368	6532	
-0.347761	0.666146	6532	
-0.346100	0.664382	6532	
-0.344449	0.662402	6532	
-0.343443	0.659610	6532	
-0.343206	0.656239	6532	
-0.342319	0.652828	6532	
-0.341667	0.649334	6532	
-0.341040	0.644874	6532	
-0.338693	0.640885	6229	
-0.336691	0.636598	6027	
-0.335637	0.632485	6027	
-0.334673	0.627925	5447	
-0.333546	0.623015	5447	
-0.332776	0.617755	5447	
-0.329276	0.610701	4259	
-0.327358	0.604075	1022	
-0.325771	0.595336	1022	
-0.324770	0.587630	1022	
-0.322337	0.577762	1232	
-0.321115	0.568785	1232	
-0.319803	0.554455	6391	
-0.319937	0.548213	6604	
-0.319968	0.546980	6604	
-0.320014	0.542841	6604	
-0.320199	0.539067	7324	
-0.320063	0.533239	7324	
-0.320242	0.518891	7838	
-0.320391	0.508952	7838	
-0.321071	0.499934	7513	
-0.322653	0.487940	7537	
-0.324178	0.475466	7537	
-0.325866	0.462554	6473	
-0.328395	0.448262	7356	
-0.331162	0.436064	6301	
-0.334347	0.422143	6656	
-0.338487	0.403791	5748	
-0.342560	0.389288	4358	
-0.346549	0.376326	4606	
-0.351234	0.361652	7554	
-0.356264	0.344754	7214	
-0.363447	0.326451	1893	
-0.371586	0.307892	1375	
-0.380033	0.288894	1429	
-0.390001	0.270081	9020	
-0.399205	0.254442	9352	
-0.408461	0.239603	9207	
-0.421426	0.220297	1701	
-0.433027	0.205505	1671	
-0.445336	0.189191	1919	
-0.461698	0.170786	3931	
-0.475574	0.157298	1502	
-0.487259	0.146216	3073	
-0.500324	0.133727	3435	
-0.515795	0.120742	4621	
-0.531840	0.108553	3528	
-0.547687	0.096420	3362	
-0.561968	0.086880	3362	
-0.575341	0.078739	4127	
-0.589577	0.069859	4712	
-0.602184	0.061839	4712	
-0.615691	0.054991	4722	
-0.632240	0.046954	9957	
-0.646038	0.040103	8670	
-0.655661	0.035608	6078	
-0.670772	0.029430	6479	
-0.694045	0.019478	5806	
-0.712379	0.011698	1058	
-0.726705	0.006298	4269	
-0.740156	0.000678	4269	
-0.755343	-0.004809	5455	
-0.766469	-0.008090	6190	
-0.775471	-0.010641	6190	
-0.779815	-0.012338	6190	
-0.785215	-0.014050	2558	
-0.793623	-0.016483	2558	
-0.799907	-0.017954	2558	
-0.805863	-0.019296	3248	
-0.811591	-0.020452	3248	
-0.817474	-0.021493	5279	
-0.822799	-0.023093	5279	
-0.827474	-0.024073	5279	
-0.832300	-0.024781	5279	
-0.837215	-0.025513	5279	
-0.842954	-0.026260	3772	
-0.847826	-0.026571	3992	
-0.852112	-0.026731	3992	
-0.855356	-0.026672	3992	
-0.859338	-0.026542	3992	
-0.863414	-0.027198	3992	
-0.866979	-0.027123	3992	
-0.869706	-0.026723	3992	
-0.872424	-0.026057	3992	
-0.875568	-0.025423	5078	
-0.878704	-0.024699	5078	
-0.881165	-0.023841	5078	
-0.883381	-0.022991	5078	
-0.885847	-0.022035	5078	
-0.887800	-0.021007	5078	
-0.889631	-0.020057	5885	
-0.891801	-0.018714	5885	
-0.893461	-0.017398	5885	
-0.894821	-0.016186	5885	
-0.896144	-0.014936	5885	
-0.897424	-0.013581	5885	
-0.898644	-0.012195	5885	
-0.899904	-0.011000	5885	
-0.901047	-0.009306	5885	
-0.902087	-0.007727	6843	
-0.903122	-0.006264	6843	
-0.904118	-0.004707	6843	
-0.905202	-0.003030	6217	
-0.904850	-0.001977	6217	
-0.904985	-0.000764	6217	
-0.905330	0.000643	6217	
-0.906724	0.002778	6217	
-0.907657	0.004737	6217	
-0.908360	0.006588	6217	
-0.909058	0.008453	6217	
-0.909684	0.010218	6217	
-0.910147	0.011746	6217	
-0.910670	0.013435	6217	
-0.910837	0.014896	6119	
-0.910983	0.016290	6119	
-0.911751	0.018265	6119	
-0.912382	0.020285	6119	
-0.912933	0.022223	6119	
-0.913383	0.024157	6119	
-0.913831	0.026156	6119	
-0.914198	0.028081	6119	
-0.914524	0.030044	7110	
-0.914739	0.031711	7110	
-0.914974	0.033505	7110	
-0.915148	0.035169	7110	
-0.915258	0.036465	7110	
-0.915703	0.038666	3837	
-0.916037	0.040798	3837	
-0.916438	0.043027	3837	
-0.916885	0.045444	3837	
-0.917109	0.047569	3837	
-0.917352	0.049581	3837	
-0.917602	0.051563	3837	
-0.917974	0.054044	3837	
-0.918253	0.056284	3837	
-0.918459	0.058314	3837	
-0.918688	0.060479	3837	
-0.918696	0.062479	3837	
-0.918638	0.064568	8215	
-0.918605	0.066508	8215	
-0.918575	0.068506	8215	
-0.918569	0.070553	8215	
-0.918627	0.072716	8215	
-0.918607	0.074811	8215	
-0.918731	0.076968	8215	
-0.918729	0.079246	8215	
-0.918761	0.081595	8215	
-0.918762	0.083885	8215	
-0.918828	0.086033	8215	
-0.918816	0.088481	8215	
-0.918862	0.091034	8215	
-0.918924	0.093534	8215	
-0.918947	0.095727	9589	
-0.918955	0.098272	9589	
-0.919031	0.100868	9589	
-0.919053	0.103509	9589	
-0.919044	0.105888	9589	
-0.919040	0.108412	9589	
-0.918982	0.111047	9589	
-0.918883	0.113766	9589	
-0.918866	0.116295	9589	
-0.918819	0.119074	9589	
-0.918764	0.121803	9589	
-0.918744	0.124658	9899	
-0.918662	0.127157	9899	
-0.918533	0.129663	9899	
-0.918511	0.132277	9899	
-0.918396	0.134957	9899	
-0.918270	0.137193	9899	
-0.918137	0.139645	9899	
-0.918014	0.142377	9899	
-0.917822	0.145103	9899	
-0.917689	0.147601	9899	
-0.917528	0.150203	9899	
-0.917544	0.153289	6238	
-0.917417	0.156172	8940	
-0.917229	0.158881	8940	
-0.917019	0.161451	8940	
-0.916828	0.164086	8940	
-0.916464	0.166689	8940	
-0.916116	0.168868	8940	
-0.915788	0.171146	8940	
-0.915426	0.173501	8940	
-0.915037	0.175942	8940	
-0.914691	0.178219	8940	
-0.914380	0.180523	8940	
-0.914065	0.182577	8940	
-0.913729	0.184671	8940	
-0.913374	0.186583	6030	
-0.913016	0.188271	6030	
-0.912676	0.189808	6030	
-0.912265	0.191279	6030	
-0.911894	0.192613	6030	
-0.911541	0.193866	6030	
-0.911237	0.195057	6030	
-0.910859	0.196272	6030	
-0.910550	0.197457	6030	
-0.910173	0.198494	6030	
-0.909868	0.199368	6030	
-0.909543	0.200143	6030	
-0.909234	0.200748	6030	
-0.908912	0.201335	6030	
-0.908632	0.201930	6030	
-0.908313	0.202454	6030	
-0.908030	0.202971	6162	
-0.907716	0.203497	6162	
-0.907436	0.204048	6162	
-0.907154	0.204487	6162	
-0.906824	0.205054	6162	
-0.906513	0.205803	6162	
-0.906268	0.206577	6162	
-0.906025	0.207387	6162	
-0.905756	0.208069	6162	
-0.905487	0.208812	6162	
-0.905245	0.209413	6162	
-0.905025	0.209925	6162	
-0.904792	0.210661	6162	
-0.904566	0.211565	6162	
-0.904369	0.212640	6162	
-0.904151	0.213591	6162	
-0.903939	0.214670	6162	
-0.903769	0.215857	6162	
-0.903540	0.216994	6162	
-0.903353	0.218162	8119	
-0.903151	0.219436	8119	
-0.902941	0.220526	8119	
-0.902747	0.221686	8119	
-0.902539	0.222842	8119	
-0.902315	0.224018	8119	
-0.902079	0.225335	8119	
-0.901913	0.226570	8119	
-0.901694	0.227800	8119	
-0.901451	0.228843	8119	
-0.901239	0.230037	8119	
-0.901021	0.231189	8119	
-0.900747	0.232399	8119	
-0.900512	0.234016	8119	
-0.900239	0.235733	8119	
-0.899983	0.237234	8119	
-0.899721	0.238579	8119	
-0.899452	0.240047	8119	
-0.899179	0.241455	1771	
-0.898940	0.242852	1771	
-0.898660	0.244311	1771	
-0.898377	0.245873	882	
-0.898071	0.247347	882	
-0.897747	0.248874	882	
-0.897465	0.250318	882	
-0.897160	0.251762	882	
-0.896846	0.253266	882	
-0.896510	0.254786	882	
-0.896192	0.256250	882	
-0.895864	0.257749	882	
-0.895573	0.259201	882	
-0.895247	0.260755	882	
-0.894898	0.262263	882	
-0.894530	0.263854	882	
-0.894209	0.265445	882	
-0.893855	0.267035	882	
-0.893477	0.268764	882	
-0.893139	0.270533	882	
-0.892700	0.272066	882	
-0.892306	0.273718	882	
-0.891904	0.275457	882	
-0.891529	0.276920	882	
-0.891215	0.278148	808	
-0.890855	0.279728	6243	
-0.890447	0.281304	6243	
-0.890079	0.282859	6243	
-0.889762	0.284481	6243	
-0.889384	0.286124	6243	
-0.888980	0.287904	6243	
-0.888522	0.289831	6243	
-0.888136	0.291652	6243	
-0.887683	0.293489	6243	
-0.887209	0.295315	6243	
-0.886794	0.297154	6243	
-0.886353	0.298963	6243	
-0.885879	0.300789	6243	
-0.885413	0.302583	6243	
-0.884944	0.304369	6243	
-0.884462	0.306155	6243	
-0.883985	0.307908	6243	
-0.883519	0.309729	6243	
-0.883031	0.311466	9529	
-0.882519	0.313422	9529	
-0.882018	0.315316	9529	
-0.881485	0.317272	9529	
-0.880939	0.319237	9529	
-0.880385	0.321223	9529	
-0.879866	0.323000	9529	
-0.879342	0.324812	9529	
-0.878815	0.326616	9529	
-0.878238	0.328464	9529	
-0.877661	0.330361	9529	
-0.877100	0.332171	9529	
-0.876492	0.333905	8950	
-0.875970	0.335577	8950	
-0.875411	0.337301	8950	
-0.874841	0.339016	8950	
-0.874249	0.340782	8950	
-0.873662	0.342614	1246	
-0.873064	0.344448	1246	
-0.872470	0.346223	1246	
-0.871874	0.348051	1246	
-0.871260	0.349837	1246	
-0.870693	0.351520	1246	
-0.870129	0.353141	1246	
-0.869539	0.354831	1246	
-0.868978	0.356514	1246	
-0.868362	0.358202	1246	
-0.867750	0.360042	1246	
-0.867127	0.361770	1246	
-0.866516	0.363462	1246	
-0.865942	0.365103	1246	
-0.865323	0.366786	1246	
-0.864722	0.368435	1246	
-0.864119	0.370047	1246	
-0.863509	0.371708	9028	
-0.862900	0.373334	9028	
-0.862254	0.374990	9704	
-0.861639	0.376628	9704	
-0.860976	0.378328	9704	
-0.860337	0.380054	9704	
-0.859678	0.381766	9704	
-0.859000	0.383474	9704	
-0.858222	0.385531	9704	
-0.857504	0.387355	10159	
-0.856779	0.389183	10159	
-0.856072	0.390989	10159	
-0.855345	0.392755	10159	
-0.854642	0.394563	10159	
-0.853912	0.396294	10159	
-0.853218	0.398031	10159	
-0.852506	0.399749	10159	
-0.851807	0.401460	10159	
-0.851108	0.403107	10159	
-0.850418	0.404762	10159	
-0.849733	0.406374	9090	
-0.849049	0.407971	9631	
-0.848362	0.409553	9631	
-0.847685	0.411098	9631	
-0.846990	0.412682	9631	
-0.846307	0.414218	9631	
-0.845636	0.415711	9631	
-0.844965	0.417192	9631	
-0.844304	0.418658	9631	
-0.843624	0.420133	9631	
-0.842958	0.421582	9631	
-0.842299	0.423013	9631	
-0.841675	0.424380	9631	
-0.841036	0.425764	9631	
-0.840587	0.426507	9631	
-0.839980	0.427726	9631	
-0.839349	0.429084	9631	
-0.838723	0.430357	9631	
-0.838054	0.431723	9631	
-0.837417	0.433095	9631	
-0.836776	0.434388	9631	
-0.836135	0.435656	9631	
-0.835502	0.436975	9631	
-0.834857	0.438287	5665	
-0.834221	0.439525	5665	
-0.833601	0.440792	5665	
-0.832976	0.442018	5665	
-0.832349	0.443287	9447	
-0.831712	0.444540	9447	
-0.831106	0.445706	9447	
-0.830466	0.446976	9447	
-0.829864	0.448123	9447	
-0.829239	0.449347	9447	
-0.828641	0.450482	9447	
-0.828016	0.451674	9447	
-0.827431	0.452788	9447	
-0.826796	0.453974	9447	
-0.826222	0.455035	9447	
-0.825600	0.456206	9447	
-0.825018	0.457282	9447	
-0.824433	0.458364	9447	
-0.823846	0.459460	9447	
-0.823278	0.460468	9447	
-0.822681	0.461571	9447	
-0.822140	0.462551	9447	
-0.821562	0.463568	9447	
-0.820998	0.464581	9447	
-0.820451	0.465560	9447	
-0.819891	0.466553	9447	
-0.819365	0.467502	9447	
-0.818802	0.468472	9447	
-0.818275	0.469404	9447	
-0.817723	0.470377	5837	
-0.817200	0.471262	5837	
-0.816664	0.472212	5837	
-0.816161	0.473083	5837	
-0.815660	0.473948	5837	
-0.815171	0.474745	5837	
-0.814675	0.475607	5837	
-0.814198	0.476394	5931	
-0.813721	0.477198	5931	
-0.813246	0.477982	5931	
-0.812780	0.478752	5931	
-0.812317	0.479509	5931	
-0.811845	0.480273	5931	
-0.811409	0.480981	5931	
-0.810961	0.481703	5931	
-0.810514	0.482423	5931	
-0.810110	0.483060	5931	
-0.809696	0.483702	5931	
-0.809298	0.484346	5931	
-0.808898	0.484971	5931	
-0.808475	0.485620	5931	
-0.808066	0.486277	5931	
-0.807712	0.486832	5931	
-0.807327	0.487419	5931	
-0.806933	0.487994	5931	
-0.806542	0.488589	5931	
-0.806213	0.489137	5931	
-0.805856	0.489617	5931	
-0.805475	0.490208	5931	
-0.805149	0.490700	5931	
-0.804819	0.491198	5931	
-0.804460	0.491687	5931	
-0.804164	0.492159	5931	
-0.803851	0.492622	5931	
-0.803514	0.493082	5931	
-0.803243	0.493475	5931	
-0.802935	0.493918	5931	
-0.802672	0.494318	5931	
-0.802387	0.494682	5931	
-0.802142	0.495052	5931	
-0.801870	0.495379	5931	
-0.801638	0.495719	5931	
-0.801373	0.496028	5931	
-0.801170	0.496319	5931	
-0.800931	0.496606	5931	
-0.800693	0.496892	5931	
-0.800509	0.497157	5931	
-0.800302	0.497378	5931	
-0.800130	0.497560	5931	
-0.799948	0.497779	5931	
-0.799770	0.497956	5931	
-0.799587	0.498144	5931	
-0.799425	0.498297	5931	
-0.799270	0.498456	5931	
-0.799092	0.498613	5931	
-0.798973	0.498703	5931	
-0.798867	0.498753	5931	
-0.798760	0.498831	5931	
-0.798636	0.498929	5931	
-0.798530	0.498971	5931	
-0.798427	0.498982	5931	
-0.798367	0.498963	5931	
-0.798305	0.498940	5931	
-0.798234	0.498937	5931	
-0.798190	0.498845	5931	
-0.798102	0.498872	5931	
-0.798038	0.498834	5931	
-0.797996	0.498746	5931	
-0.797962	0.498618	5931	
-0.797947	0.498486	5931	
-0.797916	0.498381	5931	
-0.797892	0.498276	5931	
-0.797877	0.498147	5931	
-0.797856	0.498012	5931	
-0.797834	0.497864	5931	
-0.797845	0.497669	5931	
-0.797832	0.497518	5931	
-0.797823	0.497331	5931	
-0.797806	0.497186	5931	
-0.797858	0.496939	5931	
-0.797903	0.496673	5931	
-0.797921	0.496465	5931	
-0.797957	0.496224	5931	
-0.797954	0.496040	5931	
-0.797976	0.495821	5931	
-0.798039	0.495480	5931	
-0.798087	0.495188	5931	
-0.798152	0.494886	5931	
-0.798158	0.494666	5931	
-0.798173	0.494423	5931	
-0.798203	0.494145	5931	
-0.798275	0.493790	5931	
-0.798343	0.493436	5931	
-0.798385	0.493112	5931	
-0.798430	0.492778	5931	
-0.798532	0.492325	5931	
-0.798567	0.491955	5931	
-0.798601	0.491629	5931	
-0.798699	0.491139	5931	
-0.798732	0.490746	5931	
-0.798713	0.490413	9492	
-0.798760	0.489992	9492	
-0.798812	0.489583	9492	
-0.798823	0.489196	9492	
-0.798825	0.488841	9492	
-0.798852	0.488420	9492	
-0.798856	0.487975	9492	
-0.798878	0.487517	9492	
-0.798871	0.487134	9492	
-0.798832	0.486697	9492	
-0.798798	0.486241	9492	
-0.798806	0.485690	9492	
-0.798722	0.485284	9492	
-0.798719	0.484789	9492	
-0.798702	0.484319	9492	
-0.798736	0.483822	9492	
-0.798655	0.483472	9492	
-0.798564	0.483188	9492	
-0.798444	0.482737	9492	
-0.798325	0.482266	9492	
-0.798165	0.481818	9492	
-0.797938	0.481477	9492	
-0.797752	0.481091	9492	
-0.797469	0.480791	9492	
-0.797176	0.480513	9492	
-0.796788	0.480261	9492	
-0.796484	0.479907	9492	
-0.796081	0.479556	9492	
-0.795670	0.479316	9492	
-0.795196	0.479096	9492	
-0.794666	0.478922	9492	
-0.794101	0.478767	9492	
-0.793452	0.478721	9492	
-0.792789	0.478652	9492	
-0.792040	0.478766	9492	
-0.791307	0.478929	9492	
-0.790545	0.479000	9492	
-0.789704	0.479195	9492	
-0.788836	0.479461	9492	
-0.787981	0.479848	9492	
-0.787055	0.480499	9492	
-0.786128	0.480996	9492	
-0.785064	0.481619	9492	
-0.784010	0.482377	9492	
-0.782911	0.483267	9496	
-0.781779	0.484130	9496	
-0.780529	0.485113	9496	
-0.779248	0.486236	9496	
-0.777996	0.487334	9496	
-0.776663	0.488597	9496	
-0.775303	0.489887	9496	
-0.773904	0.491320	9496	
-0.772512	0.492775	9496	
-0.771085	0.494390	9496	
-0.769619	0.496140	9496	
-0.768219	0.497871	9496	
-0.766792	0.499672	9496	
-0.765303	0.501685	9496	
-0.763856	0.503607	9742	
-0.762399	0.505743	9742	
-0.760971	0.507788	9836	
-0.759509	0.509946	9836	
-0.758045	0.512111	9836	
-0.756627	0.514227	9836	
-0.755187	0.516486	9836	
-0.753757	0.518694	9836	
-0.752366	0.520885	9836	
-0.750927	0.523159	9836	
-0.749516	0.525371	9836	
-0.748135	0.527619	9836	
-0.746711	0.529836	9836	
-0.745362	0.531941	9836	
-0.743946	0.534186	9836	
-0.742603	0.536255	9252	
-0.741230	0.538420	1242	
-0.739895	0.540500	1242	
-0.738531	0.542676	1242	
-0.737191	0.544771	1242	
-0.735886	0.546805	1242	
-0.734583	0.548783	1242	
-0.733258	0.550843	1242	
-0.731942	0.552848	1242	
-0.730684	0.554722	1242	
-0.729392	0.556680	1242	
-0.728128	0.558527	1242	
-0.726884	0.560342	1242	
-0.725647	0.562166	1242	
-0.724417	0.563986	1242	
-0.723196	0.565722	960	
-0.722019	0.567403	960	
-0.720815	0.569100	960	
-0.719590	0.570854	960	
-0.718466	0.572437	960	
-0.717352	0.573968	7789	
-0.716224	0.575500	7789	
-0.715035	0.577134	7789	
-0.713959	0.578587	7789	
-0.712906	0.579981	7789	
-0.711810	0.581417	7789	
-0.710661	0.582937	7789	
-0.709606	0.584316	7789	
-0.708581	0.585617	7789	
-0.707555	0.586883	7789	
-0.706432	0.588302	7789	
-0.705407	0.589616	7789	
-0.704432	0.590799	6818	
-0.703412	0.592051	6818	
-0.702381	0.593336	6818	
-0.701342	0.594588	6818	
-0.700407	0.595666	6818	
-0.699471	0.596760	6818	
-0.698467	0.597974	6818	
-0.697474	0.599163	6818	
-0.696539	0.600241	6818	
-0.695633	0.601269	6818	
-0.694685	0.602366	6818	
-0.693732	0.603487	6818	
-0.692845	0.604498	6818	
-0.691972	0.605481	6818	
-0.691059	0.606528	7157	
-0.690156	0.607559	7157	
-0.689285	0.608524	7157	
-0.688441	0.609450	7157	
-0.687571	0.610416	7157	
-0.686709	0.611367	7157	
-0.685873	0.612281	7157	
-0.685041	0.613186	7157	
-0.684237	0.614073	7157	
-0.683471	0.614914	7157	
-0.682670	0.615769	7157	
-0.681859	0.616628	7157	
-0.681120	0.617388	6138	
-0.680369	0.618148	6138	
-0.679603	0.618949	6138	
-0.678829	0.619757	6138	
-0.678099	0.620521	6138	
-0.677374	0.621274	6138	
-0.676628	0.622012	6138	
-0.675892	0.622734	6138	
-0.675193	0.623423	6138	
-0.674476	0.624144	6138	
-0.673786	0.624852	6138	
-0.673130	0.625550	6138	
-0.672490	0.626258	6138	
-0.671855	0.626993	6138	
-0.671198	0.627698	6138	
-0.670564	0.628353	6138	
-0.669947	0.629010	6138	
-0.669342	0.629677	6138	
-0.668715	0.630331	6138	
-0.668095	0.630961	6138	
-0.667491	0.631573	6138	
-0.666886	0.632200	6138	
-0.666261	0.632817	6138	
-0.665683	0.633422	6138	
-0.665114	0.634029	6138	
-0.664544	0.634636	6138	
-0.663962	0.635213	6138	
-0.663383	0.635759	6138	
-0.662825	0.636314	6138	
-0.662271	0.636892	6138	
-0.661745	0.637452	6138	
-0.661225	0.637996	6138	
-0.660701	0.638536	6138	
-0.660175	0.639066	6138	
-0.659658	0.639581	6138	
-0.659143	0.640125	6138	
-0.658627	0.640633	5872	
-0.658148	0.641149	5872	
-0.657674	0.641679	6766	
-0.657193	0.642207	1481	
-0.656711	0.642690	1481	
-0.656241	0.643184	1481	
-0.655781	0.643711	1481	
-0.655314	0.644199	1481	
-0.654854	0.644656	1481	
-0.654405	0.645115	1481	
-0.653978	0.645600	1481	
-0.653548	0.646069	1481	
-0.653134	0.646530	1481	
-0.652725	0.646987	1481	
-0.652316	0.647432	1481	
-0.651913	0.647868	1481	
-0.651518	0.648305	1481	
-0.651126	0.648764	1481	
-0.650741	0.649190	1481	
-0.650366	0.649597	1481	
-0.650000	0.650000	1481	
