time = 9.187	Re = 25	rotation = -13.2423
0.737239	0.372930	3441	
0.700541	0.351003	7370	
-0.023919	0.615947	7283	
0.331429	-0.228400	2248	
0.769429	-0.191692	5849	
-0.843104	0.454991	676	
0.543614	0.149476	6553	
-0.074024	0.422460	10967	
-0.253885	0.666979	9572	
0.243534	0.459823	3782	
0.544270	-0.050597	5862	
-0.279538	0.757475	6057	
-0.012682	-0.831030	9737	
0.747812	0.069348	791	
-0.071632	0.559412	7406	
0.753471	-0.003753	4659	
0.388959	0.515243	398	
0.041650	0.882153	8468	
0.222870	0.918881	2389	
0.402076	0.406431	6733	
0.162917	0.814069	4231	
-0.231693	0.484612	4250	
0.102873	0.247407	8791	
-0.139275	-0.707388	9029	
-0.101314	-0.666554	6645	
-0.378048	0.407103	5152	
0.180566	0.943717	10327	
-0.042148	-0.116738	612	
0.844261	0.045702	4309	
0.072077	-0.405525	10080	
-0.169301	-0.256070	5704	
-0.098118	0.772120	6509	
-0.176761	-0.733927	4215	
0.378402	-0.099528	9147	
0.583428	-0.165178	6783	
0.393942	0.338889	3108	
-0.465891	0.232336	3615	
-0.541368	-0.620722	1829	
-0.094370	0.010010	5817	
-0.605291	-0.724160	1553	
0.249038	0.502351	10439	
0.205765	0.886387	890	
0.466123	0.406952	10766	
0.453727	0.305569	745	
0.206591	0.205686	2294	
0.221679	0.882570	890	
0.290123	0.355596	9446	
-0.006979	0.760374	6681	
0.516606	-0.148859	7506	
0.508253	-0.101199	5117	
-0.583547	0.586526	4890	
-0.520512	0.647948	4974	
0.493679	0.783773	6234	
0.598980	-0.625721	7192	
0.298598	-0.158876	10807	
-0.618940	0.687578	3522	
0.337849	-0.798523	8734	
-0.366018	0.370637	3477	
-0.740958	-0.460466	5734	
-0.501833	0.770249	4389	
-0.648606	0.716681	9698	
0.917784	0.019134	10430	
-0.236177	0.439666	947	
-0.038117	-0.164120	7017	
0.403977	-0.264599	3790	
0.804934	-0.428065	6463	
0.802868	-0.031877	6302	
0.225213	0.015197	5202	
-0.589130	0.372136	10801	
0.637250	-0.079496	6817	
-0.249980	0.852809	8029	
0.745789	0.548304	7574	
0.038490	0.364627	4857	
0.893862	0.157818	6000	
-0.551105	-0.179683	7935	
0.487434	-0.247342	9511	
0.633176	0.172829	3808	
0.432189	-0.267428	2367	
0.521546	0.576662	9015	
0.721115	0.616510	8850	
-0.850010	0.432633	430	
0.540152	-0.223465	9974	
0.097017	0.826652	8517	
0.210558	-0.102719	5473	
0.211663	0.855944	7206	
-0.494696	-0.121998	1030	
0.476505	0.761032	7937	
0.331286	0.599407	575	
-0.072498	0.293583	1328	
0.120885	0.844385	1599	
0.734958	0.487861	8332	
0.332681	0.553275	10170	
-0.547125	-0.247309	6742	
0.416287	-0.340075	5295	
0.331365	0.399147	1073	
-0.630734	0.586731	7715	
0.165210	-0.105366	1223	
0.164528	0.119316	9083	
0.816618	0.071518	2825	
-0.091676	-0.788877	7130	
0.391882	0.833743	8299	
0.683297	0.239103	4157	
0.201940	-0.216307	6326	
0.349924	0.901516	1058	
-0.025163	-0.183251	10965	
0.445675	0.065516	2054	
0.068564	0.921039	1475	
0.463026	0.540408	2723	
-0.422913	0.635757	4957	
0.927704	0.050286	3295	
-0.232262	-0.285532	9123	
-0.213821	0.672518	9925	
-0.085123	0.352848	7414	
0.051800	0.427043	1178	
-0.144212	0.434325	1752	
-0.279722	0.482421	4198	
-0.529520	-0.292103	2903	
0.299379	-0.643572	840	
0.356666	-0.038390	1219	
0.002890	-0.130826	1120	
0.875785	0.444578	9093	
-0.667727	0.633445	8255	
-0.124762	0.897419	6246	
0.046174	0.943232	10577	
0.313191	-0.108974	4608	
-0.708139	0.644949	9510	
-0.222720	0.468912	863	
0.060104	-0.293953	2751	
0.742327	0.482929	8332	
-0.354858	0.770429	6550	
-0.593912	0.086657	5302	
-0.108267	0.105131	8795	
0.094124	0.235586	8354	
0.720426	0.641429	2653	
-0.182482	0.860028	2987	
-0.137482	0.580452	10176	
-0.087553	0.429417	9897	
-0.113686	0.421175	9756	
-0.001386	0.467702	540	
-0.063660	0.438049	10532	
0.722773	-0.014274	4491	
0.729751	-0.192182	1712	
-0.098166	0.816716	4078	
0.084859	-0.126812	2589	
0.330966	0.177488	9793	
0.237159	-0.569234	7394	
-0.133893	0.035271	10129	
0.608302	-0.743483	8879	
0.851104	0.162104	3863	
0.675710	0.611295	8101	
-0.346605	0.550809	5619	
-0.279755	0.570447	9641	
0.152497	0.571336	8749	
0.160848	-0.175397	6212	
0.306810	0.239586	3800	
-0.679791	-0.222247	10588	
-0.767180	0.426962	7430	
0.656617	0.597980	9067	
-0.181238	-0.128125	5229	
-0.848231	0.164546	1555	
-0.684052	-0.562557	10151	
0.789530	0.255057	1329	
-0.103699	0.549508	7607	
0.639454	0.647305	1259	
-0.507610	0.380781	2432	
-0.065969	0.391751	9893	
0.876122	0.395059	11001	
0.410448	-0.224305	850	
0.058482	0.858743	7654	
0.341636	0.740382	8689	
0.491940	0.206830	7682	
0.781493	0.334471	5184	
0.508040	0.711368	10999	
-0.147094	-0.078987	2765	
0.617843	-0.261381	6164	
-0.732902	0.344999	1211	
0.712093	0.337997	3363	
0.653013	0.596186	8881	
0.645074	0.616645	9067	
0.701041	0.330879	3363	
0.606312	-0.072764	5403	
0.803262	0.308460	5927	
-0.855153	0.261231	6460	
0.844427	-0.227092	7867	
0.397369	0.526689	6106	
0.647400	0.719673	9868	
0.453722	0.815098	8814	
0.685529	0.520906	8730	
0.352607	-0.116437	8927	
-0.233726	0.475114	863	
-0.797237	-0.490497	10547	
-0.570992	-0.235537	7650	
-0.373444	0.379410	4400	
-0.278590	-0.637624	9702	
-0.069764	0.504630	4064	
0.268896	0.513884	9993	
0.451632	0.172584	1287	
-0.463526	0.328965	6617	
-0.789560	0.253018	4466	
-0.419922	-0.861114	1227	
0.947458	0.283570	3896	
0.769495	0.322003	5184	
0.049196	-0.131876	10105	
-0.040659	0.360282	9705	
-0.368693	0.673273	7881	
0.289186	0.319270	5436	
0.183680	0.589243	3549	
0.396097	0.102779	10864	
-0.371940	0.649239	6601	
0.132156	-0.030308	10130	
-0.323932	0.830660	10951	
-0.451896	0.529577	1489	
0.559566	-0.071456	9176	
0.127053	0.263087	1020	
0.189179	-0.178956	7817	
-0.151250	0.563839	5431	
0.379901	0.555498	6765	
0.056542	-0.597134	6555	
-0.057156	-0.882977	8467	
0.110224	0.857979	1599	
0.101033	0.828827	8517	
0.592154	0.443715	753	
0.038918	0.679047	8673	
-0.487284	0.489634	6586	
0.019153	0.548634	1594	
0.187831	-0.127670	4579	
0.725651	0.244088	6331	
0.216986	-0.704427	9412	
0.053402	-0.108065	1821	
0.461074	0.790062	7454	
0.080153	-0.335550	7049	
-0.627236	0.037512	6502	
-0.401648	-0.786075	9151	
-0.351183	0.746316	5798	
0.319380	0.404910	6407	
0.499237	-0.144727	6088	
-0.754633	0.523987	950	
-0.819238	0.338158	7517	
-0.818198	0.331741	7517	
-0.804958	0.409655	6672	
0.261093	0.905768	9382	
0.901164	0.205540	8655	
0.168908	0.272007	9450	
0.685515	-0.137249	488	
-0.486929	0.797993	5194	
0.240719	-0.896564	10183	
-0.690375	0.221133	3569	
0.276051	0.336038	9740	
0.006256	0.472450	540	
0.089283	0.749161	8107	
0.233673	0.034031	9057	
0.740914	0.054633	593	
-0.823575	0.229058	7926	
-0.462358	0.831719	2376	
0.283229	0.571507	4789	
-0.802415	-0.522809	10492	
0.457507	0.345375	10267	
0.290937	0.044996	7476	
-0.900293	-0.102569	875	
0.902860	0.392050	9173	
0.331385	-0.815655	8734	
-0.245400	0.517282	4952	
0.210411	-0.154605	2562	
-0.081131	-0.055769	919	
0.691483	-0.180691	4242	
-0.335704	0.899549	8196	
-0.844316	0.300556	8522	
0.348050	0.748764	8689	
0.829844	0.154543	1548	
0.305644	0.731462	9340	
0.672484	0.464867	5868	
0.607160	-0.305315	4799	
0.096432	0.604171	2759	
0.326490	-0.012628	7082	
-0.544200	0.572559	2150	
0.750200	0.304917	8288	
-0.338062	0.602548	9183	
0.122141	0.665191	5149	
-0.650640	0.623791	9751	
-0.303929	0.475360	4226	
-0.879773	0.293057	6754	
-0.305344	0.508918	6327	
-0.512091	0.665127	5034	
0.360866	-0.801425	1417	
0.317973	0.086283	8123	
0.593284	0.325544	3676	
0.339652	0.874529	782	
0.416874	0.373962	5699	
0.044321	-0.149512	4981	
0.025481	0.652245	9073	
-0.553561	0.653044	5630	
0.770821	0.189199	10142	
0.476711	0.193533	5692	
0.683204	-0.102118	6829	
-0.078052	0.533750	7435	
0.662831	0.302485	2331	
0.144510	-0.030757	10844	
0.687150	0.139286	7827	
-0.443659	0.435403	2621	
0.733022	-0.213935	1744	
-0.761805	0.615767	6160	
-0.578489	-0.206556	10117	
-0.659708	0.425909	2472	
0.289323	-0.202120	7923	
0.690435	-0.187718	4223	
-0.436661	0.498968	3768	
-0.445130	0.459657	2871	
0.505938	0.629674	1207	
0.657804	0.543290	9954	
0.197622	-0.148881	6745	
-0.056434	-0.915890	1476	
-0.178152	0.371692	2564	
-0.201862	0.370187	3543	
-0.599716	0.145519	8757	
0.733296	0.097129	4495	
0.724931	0.626197	2653	
-0.814203	0.464815	2292	
-0.817832	-0.084957	7746	
0.279808	-0.796323	6184	
0.417915	0.646859	2890	
-0.000625	-0.182190	2304	
0.605050	0.393779	6017	
0.182957	0.148132	6928	
0.461731	-0.091271	4638	
0.261245	-0.038203	5447	
0.723910	0.045741	3880	
0.266463	-0.087837	1426	
0.103434	-0.899028	6208	
0.235400	0.008833	6725	
0.006635	0.743668	5847	
0.623128	-0.536952	4826	
-0.678789	-0.657571	1999	
-0.184076	0.714132	7472	
0.483831	0.297281	358	
0.297359	0.347242	9446	
0.065941	0.690294	5950	
-0.072520	0.729767	2085	
-0.077582	0.723984	9845	
-0.073513	0.728983	2085	
-0.070329	0.735464	2085	
0.001555	0.786185	8967	
0.031705	0.793799	8728	
0.253350	0.423898	1824	
0.861439	0.211643	6027	
-0.139739	0.837702	10976	
0.168672	-0.872601	4178	
-0.878867	-0.182644	6062	
0.237893	0.211758	4750	
-0.816870	0.364378	6341	
0.294340	0.239143	3104	
0.644134	-0.060244	6817	
0.109543	0.472006	3242	
0.894700	0.350371	11059	
-0.453136	0.814618	550	
-0.512616	0.475133	7816	
-0.082644	-0.903157	1577	
0.350684	0.879013	940	
0.725000	0.063962	593	
-0.429993	-0.778173	9567	
0.948656	0.237168	7137	
-0.544778	-0.188674	7935	
0.630133	0.082781	3429	
0.828845	0.136257	4212	
0.071025	0.089228	3668	
0.863465	0.252247	8136	
0.615046	0.758201	2314	
-0.203194	0.819058	3691	
0.243415	-0.145442	4640	
0.056260	0.512053	5577	
-0.205061	0.305090	6049	
-0.354344	0.551629	10179	
0.890436	0.062472	7351	
0.320176	-0.026741	8553	
0.075062	0.830999	7643	
0.628313	0.197914	4576	
-0.303823	0.558053	3947	
0.683252	0.125510	11031	
0.362884	-0.044579	1093	
0.389408	0.196438	5711	
0.366236	0.023327	5930	
-0.784704	0.362151	6486	
0.626820	0.082982	3429	
0.610014	0.496907	3805	
-0.547544	-0.186807	7935	
0.783184	0.055579	2727	
0.375216	-0.284861	1572	
0.483575	0.441816	3361	
0.668999	0.621367	8890	
0.560793	-0.283049	10343	
0.389245	-0.320341	3822	
0.634732	0.214819	3793	
0.127943	0.666648	5149	
0.509742	0.731154	9729	
0.431064	0.141199	2906	
-0.069436	0.498890	4064	
0.030039	0.518559	1383	
0.026507	0.274001	7154	
0.877521	0.016173	6738	
-0.400121	0.766173	6335	
0.138472	0.651394	5323	
-0.869809	0.438132	6015	
-0.654709	0.458323	3829	
-0.628738	0.401312	3454	
0.747529	0.408746	10372	
0.865848	0.202160	5162	
0.555104	0.056684	4564	
0.293366	0.028120	5217	
-0.411626	0.532114	3888	
-0.339804	0.696659	7278	
0.833487	0.085533	8531	
-0.599122	-0.254766	5764	
-0.732766	0.417103	5168	
-0.753122	0.410537	7121	
-0.399825	-0.790182	9151	
-0.131504	0.400872	8253	
-0.076078	0.858771	10046	
-0.697102	0.511267	7564	
-0.133520	-0.510003	7704	
0.179415	-0.856324	2988	
-0.266602	0.508174	2670	
0.491941	-0.317203	9719	
0.087159	0.443149	1798	
-0.013574	0.383629	7451	
0.210344	0.590693	5047	
0.675080	0.549076	10244	
0.091658	0.495177	3118	
0.433685	0.798990	11028	
-0.499870	-0.530582	10992	
0.751187	0.043634	4587	
0.293096	0.212523	4329	
-0.607262	-0.134140	5645	
-0.575847	-0.350344	7934	
0.174946	0.099347	456	
0.194603	0.469764	1546	
0.108169	0.372172	6580	
0.085069	0.339043	8150	
0.053093	0.284149	8818	
0.049070	0.279511	8638	
0.052019	0.283719	8818	
0.054407	0.289613	9588	
0.068284	0.313809	9159	
0.070870	0.317680	7052	
0.150586	0.425653	4013	
0.238273	0.509473	9347	
0.264767	0.523256	9420	
-0.625789	-0.307191	5997	
-0.528119	-0.362847	4416	
0.373049	0.439797	9624	
-0.074763	0.737630	2085	
0.148794	0.289060	9066	
0.810690	0.456648	10195	
-0.427314	0.639111	4957	
0.628073	0.715028	1554	
-0.111875	0.849666	7812	
0.386259	0.016175	6193	
-0.492065	-0.549033	6772	
0.638411	0.541568	9262	
0.055800	0.469577	4960	
-0.156012	-0.076848	3819	
0.802062	0.554349	8358	
-0.142672	0.310966	2173	
-0.031200	0.434375	11038	
0.050447	0.488011	6394	
-0.173448	0.370391	2110	
0.454801	-0.144858	7686	
-0.089844	0.938489	1957	
0.734957	0.366212	9803	
0.799305	0.305137	5927	
-0.823683	0.406537	5964	
-0.699378	0.347362	5392	
0.724351	0.292770	8579	
0.090199	0.863701	6131	
0.342433	0.703770	2397	
0.124336	-0.057737	7484	
-0.184825	0.432135	5110	
0.721892	0.182061	4026	
-0.112371	0.396584	8264	
0.246075	0.626217	797	
0.380627	0.679469	3417	
0.264379	0.636309	1306	
0.137852	0.554543	10741	
-0.014020	0.443522	10432	
-0.158523	0.381469	1714	
-0.150944	0.317098	3226	
0.200465	0.503608	4807	
0.829430	0.247639	5086	
0.443573	-0.155199	9312	
-0.256718	0.717091	9983	
0.833120	0.278475	5967	
0.831568	-0.026640	6874	
-0.210634	0.430919	6948	
0.392654	-0.112458	3175	
0.196373	0.080995	2164	
0.529564	0.144447	3098	
0.387377	0.339138	3108	
0.014016	0.608932	7386	
0.384681	0.807113	9492	
0.871702	0.169991	5210	
0.646619	0.300822	5261	
0.355907	-0.017892	2414	
-0.704351	0.660712	9510	
0.423938	0.200396	8885	
0.101356	0.562684	4762	
-0.246512	0.644068	9778	
0.449814	-0.148980	7686	
0.430120	0.815584	8814	
0.779514	0.194726	1390	
0.705712	0.242830	5394	
0.738776	0.178154	6271	
0.441476	-0.154885	9312	
-0.101011	0.313823	868	
0.376259	0.154605	6747	
0.366619	0.225029	1430	
-0.134236	-0.072960	4165	
-0.762929	0.396269	6034	
0.137148	0.536239	6822	
0.442765	0.125690	3775	
0.439097	-0.660836	3196	
-0.506855	-0.211179	7368	
0.604363	0.061961	4189	
0.851108	0.093513	393	
-0.442036	0.622566	3440	
-0.544572	0.586541	2150	
-0.557672	0.627263	5630	
-0.541306	0.659664	5719	
-0.572973	0.604689	5559	
-0.275836	0.737969	5715	
-0.522278	-0.335390	3003	
0.225697	0.501116	9347	
0.115259	0.391492	10583	
-0.067321	0.248556	8232	
-0.213777	0.292081	10878	
-0.368297	0.356080	3329	
-0.499288	0.368990	4674	
-0.534869	0.371338	3780	
-0.542098	0.374481	4652	
-0.560692	0.380756	5350	
-0.562009	0.384756	5350	
-0.561712	0.383129	5350	
-0.561227	0.385143	5350	
-0.552218	0.381719	4652	
-0.550853	0.380914	4652	
-0.516750	0.372886	2432	
-0.483505	0.370775	2648	
-0.424776	0.368578	6542	
-0.315996	0.344219	2833	
-0.231032	0.304886	9606	
-0.026240	0.251405	8066	
0.047681	0.292547	9531	
0.143215	0.430376	2459	
0.390136	0.629825	1549	
0.526795	0.603245	1810	
0.274962	0.550532	3334	
0.246486	0.524586	3148	
0.323590	0.578918	1360	
-0.537463	-0.273490	2517	
-0.298247	0.655821	8475	
-0.609923	0.575330	5548	
0.467180	-0.309425	7854	
0.687968	0.681746	2578	
-0.650626	0.434871	2472	
-0.741271	0.446015	7515	
-0.739896	0.463758	7534	
-0.712630	0.422661	4518	
0.144772	0.659493	5323	
-0.119323	0.918809	10675	
-0.304126	0.580500	4821	
-0.229947	0.550160	4972	
-0.192412	0.822042	3509	
-0.236473	0.795770	4152	
-0.335827	0.507614	1535	
-0.525415	0.702334	6444	
0.196136	-0.014209	6903	
0.676995	-0.127365	390	
-0.868982	0.342072	9646	
-0.219944	0.481945	2171	
-0.731788	0.432323	7515	
-0.727335	0.499124	9232	
-0.724222	0.510941	9634	
-0.729028	0.498977	9232	
-0.734305	0.482050	7555	
-0.738607	0.452768	7515	
-0.725156	0.422854	5168	
-0.656609	0.434189	2472	
-0.483650	0.472860	5593	
-0.097486	0.509924	4065	
0.151255	0.664837	2725	
-0.057116	0.603289	6556	
-0.116468	0.519900	5066	
0.885993	0.373351	10393	
-0.865595	0.356631	7480	
0.214264	0.611806	7591	
-0.244262	0.383611	6863	
0.199524	0.494350	1049	
0.754757	0.145165	6267	
0.472313	-0.064770	703	
-0.283341	0.706409	5772	
0.378727	0.626663	2706	
-0.176234	0.398348	5722	
0.199869	0.616581	7591	
-0.481508	0.814646	5194	
0.481863	0.519874	7061	
0.004343	0.609899	6801	
-0.042665	0.609043	7323	
0.147377	0.659872	5323	
-0.027546	0.541041	3488	
-0.143237	0.495101	5076	
-0.320302	0.474472	5004	
-0.185506	0.486189	8197	
0.151256	0.662811	5323	
-0.611292	0.480465	1927	
0.393725	0.689389	1488	
0.698261	0.494055	8445	
0.466512	-0.306979	7854	
0.361790	0.291607	3256	
-0.580365	0.605746	5559	
0.507061	0.214882	7367	
-0.527641	-0.564976	9201	
-0.199746	-0.437499	5586	
0.375455	0.613612	7852	
0.377562	0.619622	2706	
0.546496	0.586696	10687	
0.667932	0.398555	8127	
0.668314	0.308892	2331	
0.654354	0.264005	5406	
0.672618	0.293769	2331	
0.238395	0.525373	4565	
-0.242782	0.313333	9842	
-0.491552	0.376516	4674	
-0.529847	0.397545	4705	
-0.635839	0.364664	583	
-0.719403	0.304131	1365	
-0.797408	0.212781	6493	
-0.848074	0.139116	6117	
-0.864170	0.131199	6117	
-0.870486	0.131350	5611	
-0.891233	0.129718	6286	
-0.897231	0.131525	6286	
-0.895284	0.131970	6286	
-0.898520	0.132796	6286	
-0.886974	0.131105	6286	
-0.884813	0.130791	5611	
-0.856628	0.138809	6117	
-0.840476	0.154378	1555	
-0.819221	0.188100	8846	
-0.773428	0.250848	3007	
-0.729623	0.297309	3746	
-0.611235	0.383750	437	
-0.559160	0.404791	9208	
-0.517928	0.413834	4705	
-0.462207	0.420316	3700	
-0.446016	0.417078	4996	
-0.484096	0.405262	2461	
-0.490904	0.393071	2461	
-0.455156	0.380413	1819	
-0.268874	0.330447	4877	
0.086862	0.359881	7317	
0.635057	0.185449	3808	
0.845875	0.157209	3863	
-0.027520	0.919568	8411	
0.371895	0.085205	6155	
0.380947	0.179310	5787	
0.382494	0.188881	5787	
0.380966	0.125738	9096	
0.374155	-0.090359	9147	
-0.069137	0.860178	10046	
0.677160	0.068470	6468	
0.667331	0.077837	5745	
0.714062	0.094927	3720	
0.711932	0.092050	1045	
0.619704	0.089990	7239	
0.538618	0.159999	5627	
0.773063	0.081521	4289	
0.813231	0.429024	2214	
-0.451413	0.788971	2126	
0.362140	-0.016906	2414	
0.384402	0.144488	374	
0.386946	0.193534	7071	
0.385703	0.203425	1750	
0.383857	0.203335	1750	
0.383862	0.194393	4117	
0.383635	0.175825	6893	
0.381096	0.139559	374	
0.374170	0.085004	6940	
0.363574	0.023786	5930	
0.359515	-0.034171	1552	
0.373773	-0.093635	9147	
0.423553	-0.124278	4723	
0.471732	-0.010006	10569	
0.334437	0.881022	782	
-0.446526	0.791873	2126	
-0.770284	0.456096	9950	
-0.771857	0.347644	5874	
-0.552462	0.427412	10259	
-0.117069	0.459119	2130	
0.170416	0.606837	2895	
0.087048	0.554320	3741	
-0.492890	0.437709	4817	
-0.786741	0.363222	6486	
-0.696800	0.588298	1183	
-0.213528	0.879533	6414	
0.478058	0.257214	1403	
0.470209	-0.071172	703	
0.420765	-0.124622	4723	
0.370914	-0.090523	9147	
0.358608	-0.048097	1219	
0.357848	-0.026669	2414	
0.358275	-0.004140	4983	
0.356821	-0.020974	2414	
0.370576	-0.091941	9147	
0.465926	0.056905	2857	
-0.708843	0.572009	1221	
-0.283800	0.708017	5772	
0.843949	0.182651	10018	
0.758095	0.139990	5460	
0.663898	0.255702	2569	
0.160953	0.452695	3215	
-0.168340	0.277427	1669	
-0.320293	0.353142	2833	
-0.429331	0.382374	8028	
-0.457824	0.397075	1817	
-0.438260	0.407753	6588	
-0.388296	0.417124	8999	
-0.321404	0.421334	3475	
-0.268459	0.424228	755	
-0.333073	0.428354	4303	
-0.491456	0.422566	3801	
-0.735756	0.294648	3746	
-0.847916	0.157131	1555	
-0.898152	0.150009	5641	
-0.921900	0.198825	10779	
-0.918511	0.254478	8623	
-0.905900	0.307801	10610	
-0.894333	0.349002	10102	
-0.884310	0.374325	9118	
-0.873676	0.395993	1530	
-0.864869	0.417219	762	
-0.859440	0.427801	430	
-0.857736	0.430098	430	
-0.855530	0.434508	430	
-0.857136	0.428864	430	
-0.857948	0.426938	430	
-0.864732	0.409393	1530	
-0.871692	0.391859	1530	
-0.877491	0.375188	7480	
-0.884913	0.352579	10102	
-0.892792	0.329280	11013	
-0.899444	0.299587	9404	
-0.903588	0.277021	6754	
-0.908112	0.243049	957	
-0.908508	0.217566	988	
-0.902052	0.187783	2984	
-0.886572	0.169693	5641	
-0.866527	0.167824	9885	
-0.836189	0.184980	1779	
-0.748974	0.287932	3665	
-0.535520	0.417598	5499	
-0.190369	0.437132	6082	
0.031357	0.508859	8214	
0.155791	0.587634	5145	
0.306066	0.665202	6338	
0.390266	0.686363	1488	
0.393944	0.685645	1488	
0.316174	0.663823	6338	
0.224599	0.617636	6171	
0.110109	0.535839	2740	
0.003946	0.454481	416	
-0.056060	0.415012	10197	
-0.075473	0.401586	6244	
-0.073489	0.401100	10079	
-0.049897	0.414188	10197	
-0.015637	0.435748	10926	
0.037762	0.474158	979	
0.095608	0.520372	2638	
0.167084	0.575530	10138	
0.252029	0.630248	797	
0.322531	0.663791	2656	
0.370767	0.679120	3417	
0.397879	0.684540	1488	
0.413592	0.686426	2406	
0.393820	0.685053	1488	
0.364207	0.679886	8794	
0.330404	0.670294	2081	
0.298312	0.658328	10829	
0.270620	0.645974	3061	
0.244334	0.632851	797	
0.221344	0.620389	6171	
0.199800	0.607567	7409	
0.181364	0.596013	3735	
0.165328	0.585566	3473	
0.156243	0.579698	5145	
0.145500	0.572642	9863	
0.139968	0.569122	9863	
0.133861	0.565065	2318	
0.131168	0.563324	8978	
0.129843	0.562481	8978	
0.130094	0.562729	8978	
0.132847	0.564755	8978	
0.140830	0.570448	9863	
0.148025	0.575554	8749	
0.159453	0.583260	5145	
0.171038	0.591273	3473	
0.183798	0.599645	3735	
0.198885	0.609389	7409	
0.221276	0.623042	6171	
0.238631	0.632891	801	
0.247751	0.638172	801	
0.258925	0.644305	3061	
0.251162	0.641210	801	
0.219545	0.625230	6171	
0.172575	0.598343	2895	
0.140350	0.578344	2318	
0.098724	0.551508	4203	
0.016294	0.500980	645	
-0.113487	0.450429	2130	
-0.299375	0.433924	2249	
-0.510727	0.423959	5499	
-0.685000	0.347709	6615	
-0.774250	0.265502	3007	
-0.827928	0.205508	7868	
-0.858603	0.187451	10316	
-0.874300	0.190734	10885	
-0.888910	0.203365	988	
-0.892043	0.231286	971	
-0.890086	0.269637	6582	
-0.883338	0.315489	9404	
-0.869786	0.365687	7480	
-0.850841	0.413356	762	
-0.827044	0.465284	10632	
-0.795398	0.520820	9198	
-0.762718	0.571112	5052	
-0.728921	0.614389	6883	
-0.697847	0.649055	9510	
-0.671159	0.675637	9458	
-0.649199	0.694692	11004	
-0.631230	0.708999	10506	
-0.618985	0.718612	8880	
-0.610471	0.724779	5526	
-0.605747	0.727938	5526	
-0.601307	0.730810	5526	
-0.599370	0.730921	5526	
-0.598322	0.731004	5526	
-0.601861	0.726741	5526	
-0.605606	0.722611	5526	
-0.610896	0.717254	5526	
-0.620071	0.708743	10506	
-0.631615	0.698235	3522	
-0.641817	0.687758	10998	
-0.652306	0.676743	11004	
-0.663529	0.663809	2665	
-0.673973	0.651942	2665	
-0.685578	0.637696	9190	
-0.697739	0.622810	9190	
-0.709213	0.607146	1183	
-0.720766	0.590661	1183	
-0.731041	0.574190	5904	
-0.739511	0.559184	5904	
-0.747350	0.544480	4874	
-0.754073	0.530766	950	
-0.760979	0.516237	982	
-0.766494	0.502128	6594	
-0.769112	0.489986	7244	
-0.770812	0.478668	7244	
-0.769718	0.469132	9378	
-0.766029	0.461117	10346	
-0.754698	0.457926	10346	
-0.736219	0.458975	6299	
-0.715268	0.464504	7534	
-0.701211	0.470650	7166	
-0.696671	0.475188	7166	
-0.701216	0.478678	7166	
-0.707617	0.482207	7166	
-0.715727	0.485268	7166	
-0.723208	0.487489	7555	
-0.729141	0.490276	7555	
-0.736513	0.490918	7555	
-0.744075	0.489623	7555	
-0.750375	0.488391	7555	
-0.756652	0.486679	9378	
-0.762410	0.483506	7244	
-0.767908	0.478608	7244	
-0.773210	0.472660	7244	
-0.778162	0.465824	2188	
-0.782757	0.458977	2188	
-0.787393	0.452141	9950	
-0.792189	0.444486	7670	
-0.796303	0.437929	6464	
-0.800084	0.431739	6464	
-0.803336	0.426223	6464	
-0.806636	0.420758	6464	
-0.808846	0.417209	6464	
-0.811125	0.413900	6672	
-0.813020	0.411602	6672	
-0.814206	0.410150	6672	
-0.815079	0.409144	6672	
-0.815496	0.408744	6672	
-0.815415	0.409251	6672	
-0.814859	0.410711	6672	
-0.813897	0.413453	6672	
-0.812491	0.416883	6672	
-0.810663	0.421375	6464	
-0.808406	0.426796	6464	
-0.805398	0.433354	6464	
-0.802139	0.440686	6464	
-0.798066	0.449460	2292	
-0.793589	0.458525	2188	
-0.788210	0.468928	2188	
-0.781928	0.480305	7244	
-0.774968	0.492397	6594	
-0.767372	0.505016	6594	
-0.758709	0.518528	982	
-0.749187	0.532325	950	
-0.738583	0.546595	4874	
-0.727356	0.561419	5904	
-0.715532	0.576802	1221	
-0.702668	0.592626	1183	
-0.688750	0.608736	4970	
-0.673849	0.625153	8255	
-0.658086	0.641740	2059	
