time = 35.227	Re = 25	rotation = -54.65
-0.280122	0.805038	5616	
-0.510658	0.299638	7221	
0.163224	0.431715	8548	
-0.598879	-0.572417	6095	
0.043158	-0.923775	8098	
-0.027052	0.625511	5047	
0.395679	0.419251	4891	
0.124822	-0.613632	3163	
-0.631349	0.740685	8765	
0.529402	0.686236	10004	
-0.010333	-0.974166	1057	
-0.244256	0.368152	10677	
-0.638599	-0.724379	10249	
0.159128	0.582660	6710	
-0.330439	0.271463	3543	
-0.672488	0.236552	10893	
0.123318	0.442228	6219	
-0.437150	0.865741	5443	
0.238683	0.606967	1470	
0.324539	0.424631	738	
0.853804	0.373813	10430	
-0.029472	0.681468	1061	
0.309841	0.176334	8707	
0.676341	0.554908	5086	
0.374196	-0.352273	864	
-0.098978	0.398597	10373	
0.883050	0.046307	6459	
0.731080	-0.333000	3217	
0.479983	0.824223	3344	
0.808298	-0.184216	5298	
-0.374657	0.254373	8425	
0.736183	0.018012	3626	
0.134866	-0.325273	6476	
0.518372	0.630378	1769	
-0.876430	0.167255	9378	
0.476305	0.732771	7510	
0.105438	-0.361660	4858	
0.421293	0.490905	7103	
0.364343	-0.784968	5254	
-0.055062	-0.766094	1522	
0.029112	0.748864	493	
0.608533	-0.148325	2431	
-0.884064	0.183314	982	
0.923287	0.213070	476	
-0.912593	0.212538	7248	
0.524277	-0.057682	4719	
0.104659	0.367492	10070	
-0.489433	-0.379553	1333	
-0.683613	-0.589275	7119	
-0.600225	0.782868	6952	
-0.307766	-0.655907	8087	
-0.890006	-0.158841	9885	
0.050644	-0.961039	1198	
0.002658	0.131128	10761	
0.950302	0.278035	6970	
0.182462	-0.240715	1327	
-0.600813	-0.524870	8663	
0.498671	0.176167	9112	
0.566534	-0.744470	4806	
-0.863596	0.040995	6486	
-0.319853	-0.802692	1793	
0.779788	-0.177794	3830	
-0.407154	-0.505249	2767	
0.129879	0.712613	9471	
-0.072687	0.979679	827	
-0.554607	-0.831813	10551	
-0.680292	-0.592890	8178	
-0.871505	-0.177151	9885	
-0.010400	0.483053	3215	
-0.287515	-0.475374	10428	
0.884627	-0.172012	9377	
-0.820248	-0.172978	8859	
-0.904286	0.298027	6883	
0.682692	0.590271	7120	
0.001881	0.522920	1049	
0.761600	-0.438587	7720	
0.092448	0.191486	8957	
-0.862960	0.028691	6192	
-0.159874	0.397273	8282	
-0.840810	-0.489712	5682	
-0.309075	-0.505949	3035	
0.599226	-0.546961	6826	
-0.072590	-0.478046	2924	
0.767017	-0.032007	1675	
0.791799	-0.350229	7910	
-0.193860	-0.472301	371	
0.443513	0.101212	461	
-0.064699	-0.956559	1227	
-0.615461	0.490686	10203	
0.798626	0.286928	6857	
-0.140144	-0.073775	6735	
-0.550274	-0.708424	8021	
-0.424448	0.028764	4513	
-0.503602	-0.047216	8385	
-0.002688	0.494354	432	
0.774302	-0.524875	5410	
-0.917511	0.302762	5228	
0.521017	0.353026	5646	
-0.782876	0.020475	1365	
0.476394	0.215448	4688	
-0.028751	-0.247107	9779	
0.066455	-0.774216	9416	
-0.032564	0.230424	1185	
0.156558	-0.171820	2425	
-0.085411	-0.659274	1359	
-0.197189	-0.787632	1274	
0.091691	0.319946	8594	
0.401080	0.159694	9942	
0.482228	0.215675	4688	
0.343608	-0.008998	9536	
-0.309489	-0.781133	9735	
-0.029798	0.572937	9229	
0.096212	-0.380729	5133	
-0.312677	0.079693	4522	
-0.535418	0.587310	5715	
0.377772	-0.268088	6864	
-0.120907	-0.428291	8894	
0.364634	-0.483114	6958	
0.425063	0.224146	2881	
-0.534906	-0.363824	3945	
0.186839	-0.179584	7101	
-0.101085	-0.574245	9731	
0.092231	0.989674	6635	
0.413169	-0.508333	2191	
-0.220444	0.265783	7866	
-0.650221	0.630376	5400	
-0.792475	0.028580	1365	
0.102280	0.984928	6635	
-0.665799	0.389112	2023	
0.128608	0.461830	10309	
-0.235206	-0.430362	1961	
0.552372	-0.831258	6902	
0.635892	0.263114	1342	
0.847393	0.133988	1780	
-0.783922	-0.325346	5588	
0.772435	-0.452840	7720	
0.667151	-0.070014	4799	
0.237799	0.668886	2886	
0.812567	-0.179239	5298	
0.007494	0.417522	5672	
-0.310328	0.101932	4711	
-0.023102	0.626355	5047	
-0.866428	-0.245761	7916	
0.173906	0.633116	6106	
-0.740026	-0.388478	8532	
0.711290	-0.548135	523	
-0.213815	-0.219143	7561	
0.888496	-0.413770	7199	
-0.670141	0.462136	1899	
-0.963740	0.239305	4255	
0.623449	0.415290	3575	
-0.111451	0.532203	5750	
0.141059	0.203271	6411	
0.543991	0.625158	3441	
-0.439911	0.140700	1701	
0.339774	-0.402972	8110	
0.046005	-0.656500	2098	
0.459210	-0.800209	10676	
0.524203	0.162091	9900	
-0.103149	-0.362546	10069	
0.414751	0.848741	10039	
0.610570	-0.684809	2645	
0.117641	0.873049	9568	
0.531193	-0.312547	1906	
0.243722	-0.237796	2174	
-0.558531	-0.315807	7240	
-0.000854	-0.441801	3354	
0.223129	-0.513799	2951	
0.544451	0.347698	3812	
0.712425	-0.628364	785	
0.110638	-0.220056	5214	
-0.021513	-0.438085	3725	
-0.085490	0.288314	4733	
-0.757983	-0.211362	7995	
-0.779966	-0.328813	5588	
0.779403	-0.492095	6597	
-0.540749	-0.131894	9175	
0.683206	-0.429720	4317	
0.564473	0.637334	6119	
0.284029	0.128306	6023	
-0.389686	0.487650	7956	
-0.645065	-0.271222	1341	
-0.314387	0.604918	5498	
0.527935	-0.689000	5537	
0.149015	0.555493	6710	
0.677785	0.200912	6915	
0.343240	0.090957	1219	
-0.381480	0.731181	1025	
0.402040	-0.785346	5287	
-0.268970	0.153780	6794	
-0.260590	-0.477954	6859	
-0.903919	-0.018526	7560	
-0.206991	0.621398	9808	
0.245866	-0.958421	6133	
-0.121228	-0.439160	8894	
-0.194142	0.545236	4003	
0.091221	0.813242	3074	
0.184269	0.434455	4735	
-0.557438	-0.390999	5724	
0.804119	0.140872	9638	
-0.333947	-0.576985	2679	
0.752363	0.212495	7962	
0.544213	-0.043917	9511	
0.943630	0.303403	10168	
0.455708	0.469262	8785	
-0.909843	0.294505	6883	
0.139728	-0.035951	7808	
0.457771	0.848226	1665	
-0.075091	0.798442	2394	
0.366247	-0.522861	2700	
-0.467516	-0.416709	3205	
0.066585	-0.800794	8372	
0.148253	-0.612641	5013	
0.203333	0.653704	381	
0.025518	-0.428853	3390	
0.847940	-0.187009	7533	
0.101162	0.448059	1350	
-0.295595	-0.385789	3848	
0.223882	-0.182379	7931	
0.190592	-0.192166	2049	
0.497294	0.093831	5250	
-0.118289	-0.427296	8894	
0.910754	-0.288111	9501	
-0.165048	0.879881	8168	
0.630456	0.416660	3575	
0.204117	0.816926	5972	
-0.702513	-0.314500	2272	
0.575867	-0.351774	4208	
-0.478136	-0.860851	1618	
0.682686	0.665015	10393	
-0.273234	-0.007870	1213	
-0.564930	-0.464346	5010	
-0.147298	-0.006875	3677	
-0.872704	0.150100	10346	
-0.234975	0.472889	2278	
-0.529556	-0.544462	3996	
0.412120	0.122865	8280	
-0.366544	0.482552	6957	
-0.957034	0.262590	7091	
-0.291201	-0.387064	4295	
-0.391051	-0.615552	9912	
0.041455	0.149233	5743	
0.334498	0.729751	1584	
0.265563	0.605079	2744	
0.030143	0.312783	7630	
-0.822624	0.470541	512	
0.366083	-0.363558	2172	
0.104415	0.369631	10070	
-0.554062	0.359892	4239	
0.145598	-0.851183	8003	
0.605288	0.512619	7288	
-0.061159	-0.379236	2230	
-0.791025	0.570614	1053	
0.337946	0.415115	984	
0.301976	-0.240953	423	
0.740370	-0.021968	1788	
0.561493	-0.060084	6317	
-0.205664	-0.919559	2790	
-0.191957	-0.079183	3152	
0.007571	0.275609	1759	
0.405164	0.747257	9396	
0.377321	0.268171	3775	
-0.160929	0.124769	2519	
-0.939440	-0.050295	9404	
-0.479919	-0.848070	1301	
0.143102	0.989079	2158	
0.325086	0.826187	9081	
0.145779	-0.706384	9570	
0.893098	0.299478	586	
0.781713	-0.040775	1675	
-0.680922	0.509933	8019	
-0.477342	0.004047	1304	
-0.446486	-0.657449	9687	
0.084923	0.614713	2829	
0.123054	0.441775	6219	
-0.863432	-0.137950	10316	
0.598442	-0.701255	767	
0.627941	0.703837	10656	
0.420629	-0.632691	9579	
0.816884	0.344983	6738	
-0.087172	-0.959703	1227	
-0.249261	0.214743	3367	
0.135179	-0.082572	2998	
-0.938466	-0.338659	4280	
0.724049	0.628072	10909	
-0.541330	-0.300938	6282	
-0.950069	0.049806	1530	
0.418239	0.774150	10152	
-0.290352	-0.189272	690	
0.127833	0.241112	10090	
-0.461431	0.128396	3981	
0.952564	-0.278466	7092	
-0.924028	0.015104	9527	
0.103340	0.364328	10070	
-0.009746	0.164611	6613	
0.206753	-0.533828	3080	
0.498786	-0.065462	3889	
0.356357	-0.238795	5840	
0.446404	0.500755	7721	
-0.559170	-0.316248	7240	
-0.486079	-0.269989	4563	
0.296637	-0.255834	2915	
-0.662501	0.453717	3195	
0.490397	0.612885	10333	
0.428466	0.754246	10594	
0.266890	0.486048	9526	
0.536057	-0.843084	6902	
-0.599881	0.378169	5860	
0.819449	0.142202	8845	
0.181033	0.759808	8212	
0.079671	0.573838	10514	
-0.502590	0.835735	6795	
0.609757	-0.558746	6372	
-0.345063	-0.135312	7978	
-0.710907	0.217361	8895	
0.464873	0.350023	7155	
-0.626124	-0.593676	5111	
-0.058338	-0.969477	1047	
-0.366595	0.446075	3815	
0.475856	-0.399150	10696	
0.165903	-0.984638	5885	
-0.381065	0.896669	5421	
0.397299	0.856056	2000	
0.272093	0.198545	349	
-0.031344	-0.487492	5586	
0.396468	-0.405007	7512	
0.595385	-0.227696	3922	
0.115247	0.503438	8141	
0.561459	0.113511	4515	
0.225142	-0.624688	6020	
0.028494	0.298139	8380	
0.077424	0.640645	2506	
0.898310	-0.077738	6671	
0.011014	-0.553534	6518	
-0.842439	0.051699	4613	
-0.597086	0.017072	1907	
-0.517209	-0.350640	5645	
-0.271248	0.790879	5736	
0.333726	-0.036861	10807	
0.300954	0.028391	1566	
0.115691	0.509489	6477	
-0.666771	0.672109	1014	
0.215146	0.152536	6570	
0.112131	-0.102847	10508	
-0.300833	-0.433525	1191	
0.507869	-0.416819	7772	
-0.724106	0.007689	962	
0.710483	0.293428	4659	
0.219955	-0.050972	4579	
-0.676671	-0.311194	3879	
0.400166	-0.540163	9763	
-0.086725	-0.717296	6362	
-0.427129	-0.710760	6437	
0.049094	0.829869	8689	
0.143697	0.988970	2158	
-0.662085	-0.723949	9812	
0.782493	-0.131741	3991	
0.157006	0.016057	3426	
0.901602	0.382360	7702	
-0.165681	0.435748	540	
0.287482	-0.795258	5507	
-0.440913	0.790382	6246	
0.394185	0.668157	7753	
1.000026	0.072446	5778	
0.111052	0.488721	6406	
-0.536658	-0.242422	9890	
-0.829039	0.114673	5168	
-0.152567	-0.299749	3844	
0.610313	-0.126929	3406	
-0.666772	-0.310690	3879	
-0.599220	0.457218	9709	
-0.239754	0.074288	7979	
-0.372142	0.752726	1025	
0.190381	0.603340	7967	
-0.498326	0.148136	3565	
0.978752	0.042921	9170	
-0.064432	0.946395	8569	
-0.442141	-0.036623	5299	
0.143560	0.127290	2140	
-0.733319	-0.211694	6882	
-0.535349	-0.530193	5738	
-0.064299	0.347751	10638	
-0.132389	0.718875	6619	
-0.115534	-0.412193	8894	
0.754381	0.457421	5210	
0.902836	0.030010	8521	
0.971173	-0.113701	4334	
0.443888	-0.232618	2474	
-0.881294	0.222675	4874	
0.609419	-0.421024	7742	
0.276655	-0.644645	7359	
-0.423825	0.773399	5375	
-0.331732	-0.883091	10920	
-0.200634	0.767078	5843	
-0.702623	-0.682864	10454	
-0.099586	0.825905	5994	
-0.757069	-0.317912	2976	
-0.299856	-0.791108	8759	
0.759079	-0.595905	10119	
0.228585	-0.603281	10598	
0.213353	-0.751332	6053	
-0.126689	-0.531032	1349	
-0.436539	-0.298472	1064	
0.779017	-0.580185	10071	
-0.110106	-0.071146	4116	
-0.398831	-0.013830	5028	
-0.214061	-0.885812	6238	
0.587853	-0.804519	4277	
0.363280	0.580171	3026	
0.617848	0.622410	7210	
0.150232	0.138346	2164	
0.583961	-0.296093	3767	
-0.126131	0.858913	8233	
0.801018	-0.085597	543	
-0.041847	0.312041	6516	
0.042985	0.245267	750	
0.100153	0.448306	6525	
0.900136	-0.246249	5903	
-0.515850	0.614820	3747	
-0.918202	0.254847	9196	
0.088162	-0.483986	2925	
0.576691	-0.045372	6885	
-0.517788	0.851081	6795	
0.560694	-0.243229	2622	
0.695834	0.370474	3181	
0.182400	0.243931	1687	
-0.403752	-0.305134	530	
-0.741673	0.204709	5049	
0.196809	0.032403	9589	
0.974487	0.134012	10005	
0.315913	-0.483425	9038	
0.348287	-0.847178	8486	
0.700872	0.555148	8136	
-0.440986	0.311286	3547	
-0.151649	-0.095584	6674	
0.691357	-0.218086	10888	
0.135858	-0.284391	6653	
0.077287	0.986489	1048	
0.030116	0.336731	2961	
-0.810886	-0.420003	945	
0.525615	-0.007615	4655	
0.761921	0.457353	6000	
-0.768951	0.168686	2472	
-0.608530	-0.642121	8050	
0.388178	-0.163938	5702	
-0.559189	-0.266517	6788	
-0.311029	0.131010	6639	
0.957393	-0.162916	7648	
-0.886758	0.343657	9510	
-0.245188	0.204098	1669	
-0.379490	-0.729234	8095	
-0.545970	0.175187	5502	
0.883699	0.303660	8780	
-0.933859	-0.348413	4280	
0.029647	-0.574894	9230	
-0.892789	-0.283171	1501	
-0.326671	0.332391	5110	
-0.250646	0.111796	3395	
-0.406547	0.256619	872	
-0.652158	-0.074481	1654	
0.446870	-0.312432	3548	
0.234549	-0.129496	7950	
-0.456321	-0.716952	8446	
-0.246198	0.641349	1943	
0.246672	0.247984	7088	
0.177403	0.985095	387	
-0.162161	0.576816	5015	
0.065419	0.241250	9469	
0.523252	-0.250266	9000	
-0.031138	-0.515071	5633	
-0.954466	-0.171114	1434	
-0.000453	-0.508634	431	
0.214056	-0.176253	7931	
-0.278346	0.422337	3240	
0.522409	-0.474505	780	
-0.409718	0.618210	4754	
-0.793581	0.372532	7606	
0.267336	-0.110596	4040	
-0.673528	0.449671	3739	
-0.673659	-0.429919	7114	
0.642340	0.290753	729	
0.599499	0.799762	5898	
-0.195275	-0.696505	3496	
-0.431012	-0.724256	8622	
-0.791222	-0.260306	6694	
-0.041862	0.414892	9681	
0.300763	-0.265712	1505	
0.327150	0.695361	1056	
0.247481	0.286455	2117	
0.382632	0.194804	9657	
0.287016	0.191853	391	
0.064744	0.490297	2106	
0.601711	-0.401018	1268	
0.124479	-0.554037	1993	
0.442258	0.076499	6357	
0.470142	-0.588554	10381	
-0.182082	0.824522	793	
-0.016053	-0.332258	3931	
0.905010	-0.046425	6685	
-0.425331	0.127241	8205	
0.233313	0.189308	4553	
-0.290096	0.795859	5508	
-0.203300	-0.152024	6922	
0.644087	-0.761360	10098	
0.894330	0.438415	6836	
-0.003025	-0.963547	939	
-0.116360	0.921885	9400	
0.212939	0.637051	2644	
-0.947085	0.240938	5973	
-0.640665	-0.139964	10689	
0.408335	-0.353701	4249	
-0.114879	0.547172	4203	
0.850579	0.088513	7925	
-0.401042	-0.340321	10290	
-0.133848	0.427713	897	
0.490551	-0.804105	1888	
0.296443	0.651651	6519	
-0.091139	-0.411180	6040	
-0.351134	0.876847	10205	
0.886031	0.380162	2200	
-0.596714	-0.471849	6284	
-0.519008	0.739782	6414	
0.327541	-0.021491	5411	
0.921422	-0.176554	9197	
0.195323	0.750717	5472	
0.203654	-0.784539	5844	
-0.664216	0.182493	9208	
-0.746232	-0.543685	8303	
-0.595845	-0.493970	7287	
-0.377527	0.020492	5988	
-0.617045	0.115627	3405	
-0.288291	-0.344454	1749	
-0.690001	-0.635568	11021	
0.481568	-0.196548	3330	
-0.946591	-0.290940	9343	
-0.009184	0.872966	1460	
0.411854	-0.639369	10628	
0.715417	-0.106601	538	
0.316154	0.240396	527	
0.116488	-0.862556	7481	
-0.124008	0.764648	2695	
-0.463311	-0.692553	5867	
0.465648	0.039256	7686	
0.151470	-0.309703	8334	
0.584161	0.627529	6841	
-0.931928	-0.157706	10779	
0.784239	-0.199537	4684	
-0.387478	0.771320	10046	
0.173217	-0.464358	646	
0.332125	0.141062	4983	
0.438224	0.813022	7964	
-0.017516	-0.923018	1596	
0.852210	0.431905	10714	
0.304888	0.805078	1936	
-0.048508	0.527676	5762	
0.317569	-0.132729	8067	
0.133056	-0.183626	6165	
0.846584	-0.512067	9733	
0.777470	-0.332258	7422	
0.216071	-0.674758	7144	
-0.469812	0.874237	4088	
-0.206863	0.797262	7788	
0.843718	0.475546	5565	
0.852013	-0.468466	8809	
-0.202194	-0.466985	371	
0.311433	-0.236275	423	
-0.135133	0.952701	2389	
-0.412969	0.143570	8159	
0.403341	-0.080886	4503	
0.420778	-0.599004	4753	
-0.469946	0.374462	10573	
-0.337203	-0.837937	7713	
0.115594	0.496501	656	
0.925536	0.370194	7744	
-0.043822	-0.645905	5754	
-0.095857	-0.332171	9467	
0.635121	-0.089008	5035	
-0.948491	0.263561	7091	
0.107878	0.472687	6406	
0.730234	0.489324	5162	
-0.411445	0.892625	7173	
-0.612917	0.255660	4867	
-0.341034	-0.278604	367	
-0.310344	0.776781	7660	
-0.396181	0.513722	2192	
-0.387076	-0.685206	5025	
-0.196445	0.638243	9080	
0.255906	0.082122	3607	
-0.342236	-0.521208	2657	
-0.822673	-0.111620	6522	
-0.178315	-0.113606	5160	
-0.838071	-0.085377	6400	
0.807433	-0.400448	9551	
-0.640072	0.357665	2235	
0.323533	0.336734	8885	
-0.299617	-0.641446	7569	
0.040408	-0.310654	6515	
-0.162761	0.263892	2650	
0.737206	-0.641326	4325	
-0.568553	0.028042	8620	
0.495217	0.765510	7574	
-0.428580	-0.318950	3097	
-0.061149	-0.145866	5070	
-0.096829	-0.927046	10450	
-0.107412	-0.471011	6405	
0.833074	-0.162302	6300	
0.185018	0.968258	829	
-0.141566	0.568094	1827	
-0.064831	-0.355853	5878	
-0.074936	0.400935	9324	
0.133769	-0.558272	1993	
0.824750	0.249233	6280	
0.350391	0.899963	10912	
0.079455	0.413819	8506	
0.015577	0.455355	3322	
-0.183403	0.972499	5886	
0.862725	0.323721	9896	
0.679877	-0.260403	418	
0.097942	-0.895750	10932	
-0.168198	0.425900	416	
0.340017	-0.889469	10420	
-0.262789	0.452738	5756	
-0.067916	0.289725	8697	
-0.048996	-0.944646	8830	
0.743127	-0.405900	4973	
0.098821	0.959363	8402	
-0.124234	-0.086330	3447	
-0.215531	0.658218	8753	
-0.613482	-0.531160	8663	
0.013060	0.944808	1527	
-0.748103	0.400570	5630	
0.037760	0.128123	10284	
-0.418462	-0.123721	8186	
0.110964	-0.495480	2921	
-0.033127	0.898743	7831	
0.008203	0.747158	1087	
-0.284988	0.550806	5935	
-0.138344	0.293067	7455	
0.657334	0.359140	1689	
0.025736	-0.822111	10836	
-0.054035	0.664979	1605	
0.768724	-0.293367	4862	
-0.082364	-0.194302	9916	
-0.804890	0.184690	5297	
0.516686	-0.236195	8904	
0.148665	0.265315	3269	
0.133826	-0.945396	2390	
0.269714	-0.531401	6555	
0.107097	-0.072401	1718	
0.962804	0.028808	11014	
-0.787016	0.489823	6598	
0.307286	-0.597837	5497	
-0.168190	0.572409	5857	
-0.362346	0.930325	4075	
-0.434035	0.539152	4771	
-0.714392	-0.698544	4000	
-0.701224	0.588036	6480	
0.382545	-0.364758	2172	
0.745660	-0.662303	4325	
0.314200	0.651845	8088	
0.146640	-0.417147	7272	
0.228453	0.818053	7652	
0.117579	0.488842	6039	
0.895393	0.010046	7975	
-0.348904	-0.422054	983	
-0.159342	0.977370	3984	
-0.115119	0.302336	2447	
0.699630	0.233270	2549	
-0.883682	0.056213	6486	
-0.263245	0.322029	8253	
-0.572080	0.094433	9626	
0.000736	-0.288480	914	
-0.531647	-0.338288	3373	
0.153955	0.909661	4292	
-0.392608	-0.174155	9560	
-0.441662	0.326805	3414	
-0.191850	0.085688	2338	
0.015211	0.996803	2358	
0.188451	0.322164	3633	
0.925982	-0.206608	9877	
0.762106	0.604113	5176	
0.090172	0.514474	518	
-0.090822	-0.410093	6040	
0.825834	0.111173	6521	
-0.794390	0.530457	2820	
-0.278286	0.771553	5940	
-0.009539	0.341582	4431	
-0.036179	0.670063	1042	
-0.374182	0.428519	4145	
0.112205	0.596011	10750	
-0.091026	-0.479801	2221	
0.356862	0.092842	1093	
0.347769	0.903209	9868	
-0.901099	0.264126	9196	
0.014036	-0.199404	5966	
0.271832	-0.253599	5062	
0.140304	0.947104	622	
0.750236	0.151708	5834	
-0.209341	0.051041	7316	
0.586408	-0.807995	4277	
0.458842	-0.552446	10862	
-0.374931	-0.498083	1661	
0.955256	0.244510	4254	
0.651562	0.455000	9336	
-0.603161	0.488815	10389	
0.732798	0.282338	6545	
-0.630182	-0.008056	6751	
0.208724	-0.339071	9894	
0.438908	0.558952	6578	
-0.116326	-0.126824	3819	
-0.966956	0.065303	7633	
0.216178	0.478522	4150	
0.830278	0.308976	7822	
-0.700962	0.039894	6699	
-0.407410	0.331052	4797	
0.143322	0.988807	2158	
-0.497348	-0.602970	1896	
0.548259	-0.655525	6184	
-0.136233	-0.022165	10129	
0.097264	-0.001142	6221	
-0.599489	-0.176163	6291	
-0.384441	0.672866	5732	
0.368192	-0.634795	4288	
-0.608418	0.011442	8744	
0.201148	0.415151	6935	
0.475775	-0.213402	3478	
0.418339	0.519829	2768	
-0.694587	-0.624382	8909	
-0.534240	0.287347	2495	
0.681230	0.395074	6266	
0.204580	-0.252135	739	
-0.976655	0.120448	4333	
0.551475	0.644047	3441	
-0.336557	0.524317	1931	
0.103568	0.365149	10070	
0.489638	-0.005863	1303	
0.862647	0.051446	6403	
-0.263647	0.653873	2596	
0.366541	0.126070	3403	
0.281144	-0.312188	7068	
0.603474	-0.033219	2844	
0.134185	0.204651	6411	
0.973960	0.098963	10286	
0.087283	-0.699301	9274	
0.436799	-0.103322	2280	
0.126160	-0.438504	680	
0.494923	-0.539745	4454	
-0.633314	0.641762	4948	
-0.216862	-0.663972	6807	
-0.097441	-0.092732	1369	
0.494547	0.738291	7510	
-0.113185	-0.962228	4784	
-0.505667	0.278969	6426	
0.235094	0.860045	1399	
0.050585	0.244512	10970	
0.242116	0.749245	705	
-0.195480	-0.054814	1998	
-0.954330	-0.062636	10149	
0.637076	0.553550	7059	
0.365957	-0.685081	5786	
0.401638	-0.669015	6461	
0.051874	0.561784	10439	
-0.435684	-0.435607	7650	
-0.148198	-0.540419	6052	
0.715678	0.326944	1855	
-0.987477	-0.197417	1482	
-0.646415	-0.508040	1903	
-0.072925	0.596734	5145	
-0.059593	0.126820	3492	
0.633224	-0.613712	5399	
-0.724922	-0.496871	5161	
0.073668	0.344901	9558	
0.790590	0.314520	6365	
0.653577	0.550908	1329	
0.608556	-0.072095	10509	
0.519486	0.647848	10840	
0.059764	0.644326	3662	
0.498299	0.461337	10684	
-0.806468	-0.228502	9389	
-0.532240	-0.772157	10092	
-0.931616	0.159196	5087	
0.523038	0.750364	9243	
-0.643680	-0.284469	672	
-0.222758	0.057355	4580	
0.133031	0.578260	6543	
0.005346	0.262974	8791	
0.203017	-0.036578	4217	
-0.453187	0.342372	4226	
-0.525651	0.149839	7434	
0.049955	0.774010	2397	
0.149611	-0.829036	5632	
-0.345112	0.517568	5329	
-0.684092	0.164874	6085	
0.764531	-0.141716	2865	
-0.277853	0.044552	4639	
-0.911143	0.179002	6594	
0.351604	0.633144	6231	
-0.739368	0.073210	5046	
-0.525832	0.620273	3747	
-0.916865	-0.051564	6721	
-0.152677	0.037468	4530	
-0.148168	-0.635263	6384	
-0.168483	-0.948938	621	
-0.195297	0.639725	9080	
0.199804	-0.699734	7425	
0.333192	0.510757	2977	
0.803890	0.099340	5849	
0.224971	-0.145385	8113	
-0.384792	-0.920250	2479	
0.460676	-0.526337	10520	
0.523790	-0.769846	1059	
-0.473484	0.041932	2257	
-0.045294	-0.210667	9636	
0.273074	-0.829893	7457	
-0.726136	-0.589686	9391	
-0.457538	-0.774632	1415	
-0.808666	-0.076098	5825	
0.094598	-0.674066	7798	
-0.144203	-0.988132	2157	
-0.611643	0.465461	10799	
0.648677	0.613792	8140	
-0.446241	-0.148690	8688	
-0.554771	0.544441	6603	
0.413888	-0.179433	8031	
0.230440	0.466823	3687	
-0.114604	-0.604460	11017	
-0.039981	0.907720	8604	
0.499429	0.481485	5406	
-0.176017	-0.160574	4519	
0.528305	0.037533	7506	
-0.127170	-0.416081	9455	
0.204348	0.689917	10474	
-0.297481	0.463187	7014	
0.014760	0.923322	1595	
0.105903	0.372117	10070	
0.677835	0.317459	3880	
-0.285289	-0.438019	7897	
0.077201	0.447146	1852	
-0.706954	-0.409934	10731	
0.525814	-0.693276	5537	
0.033741	0.351652	6205	
0.438782	0.391335	8329	
0.621737	-0.161585	2431	
-0.645835	-0.108935	10027	
0.249747	0.342295	451	
-0.119070	-0.524522	6226	
-0.127347	0.045181	795	
0.570651	0.270990	6787	
0.287442	0.596303	5068	
-0.643221	-0.035226	6643	
-0.327031	-0.320427	5680	
0.793164	0.548350	1035	
0.394121	-0.258066	8350	
-0.776486	0.009762	3746	
-0.344568	0.520756	5329	
0.592523	-0.688732	1065	
-0.294487	0.049407	3472	
-0.525787	-0.418082	4575	
-0.926142	0.328877	6356	
0.208828	0.024358	1085	
0.760241	0.319806	2975	
0.805142	0.270917	6857	
0.263133	0.135682	5217	
-1.003053	-0.231161	6668	
-0.308128	0.099135	4711	
-0.480680	0.137985	3821	
0.190915	0.073010	3762	
0.424395	0.673439	2587	
0.064876	0.708081	6490	
-0.014963	0.368388	6497	
-0.361192	-0.379411	7699	
-0.614517	-0.431212	2600	
0.397037	0.811602	8101	
0.785553	0.324495	6365	
-0.171576	-0.113135	3573	
0.625752	0.668222	6637	
-0.509366	0.718036	5607	
0.398222	0.039022	1195	
0.109708	0.464923	6039	
0.688376	-0.075016	8440	
-0.356967	-0.559079	1729	
-0.453877	-0.395439	9976	
0.399648	0.093055	2864	
-0.001669	-0.534728	1298	
-0.861929	0.368504	2665	
0.082873	0.907216	6130	
0.076981	-0.285743	8698	
0.627526	0.351873	3720	
-0.190704	-0.831716	9317	
0.859422	-0.193874	9231	
0.219021	0.744105	9906	
0.903802	0.281166	1502	
0.316596	0.745926	8841	
0.056912	-0.346118	6665	
0.001065	0.322527	2401	
-0.008976	-0.503577	1545	
0.604058	0.679500	9514	
0.547833	-0.513724	5958	
0.148742	-0.341144	8192	
0.267862	-0.210890	9903	
-0.054662	-0.902585	8224	
0.028882	-0.980156	1700	
0.219274	0.406768	5344	
-0.850222	0.403551	10998	
0.111973	-0.130168	6167	
-0.553033	0.274087	8833	
-0.216794	0.429009	3940	
-0.449558	0.051401	849	
-0.261852	0.748228	8728	
-0.410343	-0.385990	7030	
0.457665	-0.736736	2988	
-0.880808	0.277113	1183	
-0.367861	-0.228504	4097	
0.312266	0.324099	1307	
0.546361	-0.832992	6902	
0.669266	-0.158797	7542	
0.429424	0.486072	7103	
-0.361995	-0.522681	2682	
-0.109254	0.720206	2560	
-0.452448	-0.483424	7855	
0.057527	-0.271766	7296	
0.617273	0.554588	9650	
0.469308	-0.797838	1386	
0.122034	0.440060	8893	
-0.413010	-0.168320	9602	
-0.280394	0.725625	8967	
0.273517	0.683644	10991	
-0.258479	-0.965516	2270	
0.869314	-0.152893	10345	
0.325006	-0.596629	7094	
-0.809239	0.366950	6320	
-0.364878	0.610456	3306	
-0.445989	0.703684	11063	
-0.907248	0.211767	950	
-0.735527	0.639285	4326	
0.244782	-0.728561	8238	
-0.857696	0.313566	4970	
-0.759367	0.071966	6615	
-0.529073	0.479966	839	
0.540099	0.732372	8930	
-0.221997	-0.318424	7040	
-0.262731	0.458650	5756	
-0.676768	0.332888	1124	
0.312005	0.443054	745	
0.144911	0.626648	6235	
0.542061	-0.034262	8495	
0.147232	0.737285	1774	
-0.290539	0.395310	3208	
-0.380260	-0.022942	8928	
0.528379	-0.293980	7222	
-0.037853	-0.458297	3289	
-0.844871	-0.227729	6242	
0.182433	-0.108826	3663	
-0.456559	0.484233	8666	
-0.713778	0.570959	2126	
-0.404606	-0.096051	2863	
-0.071592	0.930028	7908	
-0.666926	0.468530	1899	
-0.921588	-0.369145	7743	
0.092676	-0.698030	641	
-0.627099	-0.012393	6114	
0.669235	0.148081	6829	
0.869455	0.343818	9896	
-0.393799	0.193864	7733	
-0.090841	-0.317525	8593	
0.505242	0.462250	10684	
0.468762	-0.163015	2268	
0.145508	-0.404166	7272	
0.701444	-0.126708	438	
0.197198	-0.838313	1600	
0.885971	-0.284874	1184	
-0.024619	-0.830426	8883	
0.052922	0.475634	3878	
0.468936	0.827561	3344	
-0.269439	-0.035169	8002	
-0.159816	-0.600719	8457	
0.117533	-0.054546	1449	
0.245846	-0.962237	6133	
-0.577105	0.231660	4996	
0.583027	-0.052093	6378	
0.456644	0.500325	7721	
0.417847	0.347086	4956	
-0.322643	-0.835404	9082	
0.896320	0.204845	6285	
0.117618	-0.596096	711	
-0.906439	-0.074402	6582	
0.117292	-0.946316	2390	
0.264951	0.511686	6906	
0.776606	0.305438	5686	
-0.512901	0.262459	8613	
0.299091	-0.362061	3271	
0.437643	0.475217	8785	
0.279189	-0.581120	9496	
-0.166777	0.253829	2752	
0.791876	0.232216	9390	
0.471898	-0.012404	1291	
0.276536	0.126399	6023	
0.039227	-0.111298	6528	
-0.203630	-0.702761	9292	
0.146977	-0.859162	8234	
-0.254073	0.822502	7654	
0.102257	-0.083243	1718	
0.378788	0.731412	8096	
0.117500	0.523349	6472	
0.444106	0.173265	1656	
0.120471	0.537906	6525	
0.114573	0.217808	7986	
0.988259	0.099143	10286	
-0.465818	0.083152	623	
-0.400582	0.451703	6567	
0.243225	-0.394951	2932	
0.296323	0.416534	7250	
-0.066699	0.799916	8371	
-0.280504	0.278145	1316	
-0.892853	-0.147077	974	
0.718575	-0.032042	1715	
0.175715	-0.123977	2634	
-0.231325	-0.267551	8414	
0.734596	-0.430224	5720	
0.354017	-0.473515	5432	
-0.674009	-0.230847	5534	
-0.192764	-0.445253	5710	
-0.346162	0.835131	8249	
0.138932	-0.833970	8003	
0.628219	-0.105109	3517	
-0.203981	0.072884	3526	
0.551808	0.277705	4189	
-0.281365	0.325305	7906	
0.577545	-0.699137	767	
0.598992	0.589636	5184	
0.663075	-0.689142	3814	
0.381935	-0.628738	3305	
0.100198	0.600036	8336	
0.046810	0.363198	5493	
0.159413	0.593445	6710	
-0.304101	-0.074564	4932	
0.263739	0.907826	7193	
-0.631618	0.733205	8765	
0.004282	0.580196	8872	
-0.627240	-0.160866	8134	
0.637927	0.085516	353	
-0.629652	-0.259173	6855	
-0.128602	-0.127287	3842	
0.276228	0.898014	7193	
0.326283	0.778493	10553	
0.088292	0.065342	4865	
0.188026	-0.583366	7625	
-0.395145	-0.467715	2903	
0.183567	0.010118	8473	
0.054450	0.857949	9143	
-0.128454	-0.207067	6628	
-0.318722	-0.400230	7399	
0.516268	0.619551	1769	
-0.683028	0.341139	932	
-0.009117	0.549745	1027	
0.376774	-0.708849	6999	
0.097468	0.320812	9166	
-0.331486	-0.799110	9901	
-0.340813	0.865957	9498	
-0.089519	-0.311223	8593	
0.627700	0.128968	8209	
-0.728025	0.544810	524	
-0.224860	0.080748	5372	
-0.670703	0.739186	4222	
0.683043	0.552157	5086	
0.115814	0.512427	6406	
0.267648	-0.169116	5906	
-0.468828	-0.221704	3777	
0.734556	-0.513690	1314	
-0.972785	0.108794	4333	
0.934844	0.139245	10780	
-0.731615	0.360482	3905	
0.637563	-0.016607	10215	
0.544485	0.291316	6281	
-0.423526	-0.415912	8306	
0.131990	0.437521	8606	
0.590349	0.806424	3132	
0.345297	0.674238	2208	
0.470922	0.546552	2791	
-0.097597	-0.763997	3418	
-0.402581	0.118101	5520	
-0.132740	0.119776	996	
-0.573980	0.544068	7668	
0.038938	-0.381299	6579	
0.195248	0.813216	8520	
0.555997	0.597306	6198	
0.166042	0.696107	7325	
0.970454	0.038578	9170	
-0.011729	-0.919124	1596	
0.000410	0.685011	1121	
-0.135662	-0.161929	1249	
-0.545869	0.644788	6183	
-0.213054	0.910106	2423	
0.882948	0.400457	6187	
0.564855	0.214761	1382	
0.741512	0.662704	6483	
-0.162379	-0.600426	8457	
0.698077	0.666497	10393	
-0.698834	0.006398	6574	
-0.697566	0.681791	9428	
0.220609	-0.354726	10080	
0.470091	-0.710176	4170	
0.754929	-0.655337	4325	
0.253405	0.003290	8800	
-0.538405	-0.085329	6750	
-0.149157	-0.910961	4291	
0.274104	-0.047088	4640	
0.813996	-0.007766	4316	
-0.963306	0.165888	7647	
0.588276	0.330565	7185	
0.146897	-0.296042	6257	
0.356246	0.806668	5137	
-0.384213	-0.151050	6960	
0.804215	-0.220978	5383	
-0.704759	-0.441541	1799	
0.171218	-0.025918	8313	
0.597750	0.562408	9044	
0.843058	-0.488755	8583	
-0.572336	-0.453148	3530	
0.658779	0.729819	9093	
-0.968537	0.180557	7647	
-0.472468	0.236095	2287	
0.638045	0.192062	6908	
-0.373769	-0.725658	8095	
-0.030184	0.320256	5581	
0.663700	0.632321	10694	
0.292008	0.508424	1152	
-0.764806	0.078943	6615	
0.738055	0.093234	1918	
0.089628	0.395865	6217	
0.562638	-0.400393	3680	
-0.082771	-0.244665	380	
0.043933	0.413336	633	
-0.888398	-0.386183	6188	
-0.226492	-0.463521	3688	
0.778549	0.481238	10359	
-0.524370	-0.181783	10717	
0.152877	0.826411	9385	
-0.917375	-0.166517	6312	
-0.273164	0.211891	9904	
0.904393	0.137480	987	
-0.248483	-0.475987	6859	
0.214895	-0.045702	7315	
-0.439242	-0.707019	6437	
-0.846558	0.123168	7121	
-0.200767	0.250492	740	
0.912975	0.389172	7702	
-0.786467	-0.465247	10360	
-0.334595	0.473416	5431	
-0.398655	0.820636	8921	
0.283856	0.719436	9202	
-0.321944	-0.892722	1553	
0.228310	0.802998	1707	
0.501104	-0.185392	5251	
-0.558352	0.696249	8029	
-0.408011	0.290122	755	
0.578049	-0.039658	6885	
0.064351	0.372918	10012	
0.467038	0.846642	1302	
0.218215	0.682042	8415	
-0.239665	-0.589733	2243	
-0.299931	0.491772	9865	
0.623188	0.764180	3428	
0.270156	-0.752736	8727	
0.294685	0.725656	9211	
0.102125	0.830374	1941	
0.843065	-0.270332	9289	
0.418386	0.705998	7134	
-0.190833	-0.422634	5418	
0.625439	0.059590	1778	
0.766751	0.088185	2436	
0.685922	-0.318349	2846	
0.818816	-0.134928	4517	
-0.200496	0.385099	10242	
-0.110124	-0.767100	694	
-0.513102	0.854998	6795	
0.509677	0.105504	1125	
0.244122	0.093370	2664	
0.752270	0.459131	5210	
0.066694	0.729308	4227	
-0.553156	-0.668252	10275	
-0.391168	0.026999	2142	
0.760006	0.323677	2975	
0.574908	0.328442	7185	
0.252422	0.374845	1625	
-0.714358	0.409682	2688	
-0.166212	0.457366	1356	
0.139312	0.885724	2422	
0.400617	-0.767924	10045	
-0.910544	0.354290	6432	
-0.207334	0.918934	2423	
-0.611174	-0.586366	6095	
-0.885418	0.362228	9510	
0.590246	0.447137	4026	
-0.130983	0.243385	6495	
-0.221426	-0.662556	4697	
-0.547471	-0.436522	10312	
0.302320	-0.793888	5507	
-0.081673	-0.828762	4557	
0.789957	-0.043467	1366	
0.322703	0.702029	1056	
-0.045730	0.559747	8855	
0.825962	0.256941	6280	
-0.920813	0.148959	2292	
0.454116	0.347084	6553	
-0.074340	0.508806	6913	
0.468270	0.842199	1302	
0.375486	-0.068137	2500	
-0.576698	0.670948	10663	
0.289730	0.923742	5281	
-0.476940	0.309812	4251	
-0.549628	-0.116558	1834	
-0.027746	-0.243939	9779	
-0.394993	0.087408	2247	
0.645678	-0.451577	3196	
-0.473836	0.032229	2257	
0.380455	-0.036147	2141	
-0.347503	-0.445028	2677	
0.497451	0.163679	6334	
0.346972	0.264351	1930	
-0.900966	-0.395150	6188	
0.524008	0.021833	1477	
-0.885026	0.346454	9510	
0.675310	-0.557402	5760	
0.133380	0.465188	10309	
0.259997	0.022343	7990	
0.073379	0.904585	6130	
-0.537632	-0.300936	6282	
0.331755	-0.001951	5430	
0.544443	-0.676372	6649	
0.911213	-0.008907	9329	
0.628575	0.655610	6637	
0.316267	0.557233	412	
0.417920	0.487641	4894	
-0.320570	0.883589	9216	
0.063119	0.127515	4851	
0.250400	-0.527902	8616	
0.392183	0.184813	9957	
0.339471	0.100380	733	
-0.696971	0.605797	2852	
-0.657034	0.271165	7816	
0.142494	-0.215712	9723	
-0.512883	0.159290	5296	
0.010475	-0.521070	1296	
-0.606706	0.442590	9709	
-0.268746	0.565706	7323	
-0.647938	0.132794	4595	
0.199708	0.846618	10232	
0.200361	0.642643	7888	
0.609836	-0.134047	3406	
-0.545487	0.594544	5420	
0.096353	0.336052	9468	
-0.458333	-0.777452	1415	
-0.347452	0.112257	502	
-0.234548	0.848418	7300	
-0.567312	0.163026	1322	
0.002469	0.795227	9938	
0.458517	0.874373	1617	
-0.269364	-0.732086	9295	
-0.259470	0.775905	5940	
0.884327	-0.372908	2666	
-0.562174	0.244369	2621	
-0.538354	0.392836	2185	
0.093988	-0.170510	3795	
0.492450	-0.799754	1888	
-0.154103	0.532084	3019	
0.413110	-0.293547	3230	
-0.629757	0.462385	10799	
0.246971	0.041852	5445	
0.171961	-0.516649	1070	
-0.138532	0.311363	7298	
-0.825612	-0.465353	9716	
0.237631	0.162680	8338	
0.799595	0.593536	6609	
0.518192	0.027120	4353	
-0.459997	0.263882	3655	
0.463004	0.567893	9549	
-0.492092	-0.460909	10683	
0.256080	-0.064940	1706	
-0.313049	0.444421	4441	
-0.612683	-0.269719	6855	
-0.390529	0.508614	2624	
-0.540263	0.220459	6588	
0.381536	-0.334729	834	
0.336449	0.141963	4983	
0.324258	-0.106032	6985	
-0.625850	-0.464653	10161	
0.040868	0.361233	5493	
-0.242295	-0.064135	2738	
0.962261	0.063554	9098	
0.629884	-0.105692	3517	
0.931307	0.211834	476	
0.101806	0.503873	9349	
-0.890148	0.401271	6388	
-0.102699	0.691347	3105	
-0.750525	-0.238245	6351	
-0.142882	-0.923058	545	
0.201778	-0.872334	9466	
0.557953	0.660415	10642	
0.100299	-0.884537	9515	
0.342114	-0.283400	4988	
-0.621178	0.239222	4867	
0.429547	0.042266	2761	
-0.399600	0.686634	6462	
-0.542363	-0.735384	10547	
-0.571997	0.653750	10015	
-0.851017	0.438249	10506	
0.452723	-0.392496	6321	
0.334811	0.922213	2446	
-0.551972	-0.207081	4410	
-0.642635	-0.135202	10689	
0.212884	0.603786	4259	
0.765444	0.194177	7896	
0.423118	-0.617254	7115	
0.823422	0.058869	3150	
0.200552	0.313274	3728	
0.058130	0.842628	9418	
0.764428	-0.616318	10163	
-0.161923	-0.987736	388	
0.033755	-0.438303	3402	
0.528708	-0.237558	8362	
-0.207205	0.805496	7788	
0.495624	0.852546	2418	
0.004168	-0.934168	781	
-0.148161	0.945392	9979	
-0.707077	0.306213	2993	
-0.809494	0.532364	4916	
-0.079858	0.097220	406	
0.799023	0.134489	9638	
0.395067	0.251980	3371	
0.456792	0.076952	4638	
0.481145	0.069960	6532	
0.150169	0.472674	2345	
-0.545691	0.601223	6057	
-0.106726	-0.949967	8401	
-0.045492	0.449388	3024	
-0.304916	-0.517107	4871	
-0.853814	0.165016	7534	
0.807201	0.300000	7822	
-0.138558	-0.303753	2957	
-0.472706	0.454209	6572	
-0.645509	0.753914	10097	
0.032904	0.682543	10055	
0.878931	0.442817	5636	
0.375387	0.606320	8491	
0.638006	-0.497763	2360	
-0.657456	0.407926	3732	
0.851895	0.413581	2148	
0.060149	0.939809	8829	
0.091295	0.305290	7904	
0.171653	-0.203757	8157	
0.006443	0.694026	3061	
0.449171	-0.034852	9054	
-0.274996	0.818598	7458	
-0.823617	0.090034	4471	
0.196956	-0.879024	9466	
-0.375241	0.698932	7000	
-0.519450	-0.409994	3807	
0.849339	-0.354630	2060	
-0.313672	-0.551147	411	
-0.294994	-0.138546	4112	
-0.002048	-0.805377	9494	
0.270972	0.367999	2215	
0.248276	0.968717	1481	
0.372107	0.771527	8586	
0.603892	0.580996	6096	
-0.053200	0.857682	7437	
0.115081	0.713879	2704	
-0.071663	0.217008	3784	
-0.749735	-0.315492	2976	
-0.400231	0.391326	7511	
-0.975022	-0.220405	4253	
-0.185885	-0.185802	6910	
-0.713333	0.542386	524	
0.396636	-0.248679	8318	
-0.244863	0.506948	6591	
0.450293	-0.079762	624	
-0.495860	0.111586	3595	
-0.260828	0.071194	1705	
0.618697	0.278012	6419	
0.088182	0.304833	5705	
0.528966	0.689738	7208	
0.755626	-0.617247	8851	
-0.109152	0.474484	4814	
0.596441	0.545897	9044	
-0.472497	0.806320	1385	
-0.580533	-0.595164	7557	
0.647949	0.272507	1342	
-0.863302	0.002077	7450	
0.894131	0.137537	973	
0.757942	-0.112347	670	
0.756031	0.037850	3626	
-0.527585	-0.200047	10463	
0.066799	0.362885	7921	
-0.286444	0.799471	5508	
0.843181	0.033822	4465	
-0.426843	0.525288	9806	
0.099460	0.126220	2766	
-0.688662	0.080358	8439	
-0.149745	0.048580	4530	
0.074751	-0.437587	7373	
0.204006	-0.209403	1801	
0.727992	-0.222388	1978	
-0.474887	-0.161112	3929	
-0.640080	-0.520352	1512	
-0.305628	0.083814	4522	
-0.654522	0.453157	3195	
-0.425591	0.523500	9806	
0.917624	0.313016	760	
0.239226	0.648691	2824	
-0.604323	-0.350056	4094	
-0.442551	0.660763	1639	
0.124510	-0.027252	10110	
0.082038	-0.671079	7798	
-0.366182	0.138981	3265	
0.749389	-0.436259	7464	
0.609929	-0.098133	439	
-0.423087	-0.775593	10151	
-0.618617	0.240893	4867	
0.246258	-0.790775	7549	
-0.275697	0.370700	376	
0.483525	0.527815	5261	
0.767750	0.437061	6262	
-0.884059	0.367088	2665	
-0.609419	-0.389670	10240	
0.277699	-0.116906	6326	
-0.077917	0.781592	4739	
0.364262	-0.031949	2403	
-0.358037	-0.403781	2361	
0.219548	0.545877	5667	
-0.906160	-0.307410	759	
0.561487	0.199225	3682	
0.217435	0.620885	402	
0.379540	-0.859834	9538	
-0.691425	-0.011492	1280	
-0.386293	0.163398	5701	
-0.169821	-0.340234	1169	
0.477690	0.333871	8307	
-0.865639	0.230379	8916	
0.803954	-0.395906	7689	
0.404794	0.376572	7402	
0.669220	0.203423	7488	
-0.450214	0.621400	812	
0.340405	0.642330	9443	
-0.807539	0.557214	1053	
0.080114	-0.327435	10010	
-0.247189	-0.110480	2463	
-0.803129	0.215907	5384	
0.737672	0.312557	1855	
-0.203147	0.699567	7426	
0.303422	0.858615	9256	
-0.033802	0.534059	1785	
0.617240	0.409569	3575	
-0.196626	0.485874	2782	
0.783795	0.297761	5686	
-0.675370	-0.358815	1690	
0.221575	0.618833	578	
-0.008999	0.404938	8556	
0.805462	0.344092	6386	
0.741756	-0.275673	4113	
-0.054865	-0.840610	9417	
0.171212	-0.874394	7913	
-0.145459	-0.146043	1233	
-0.596914	0.799488	6952	
-0.189315	-0.005492	8474	
-0.453102	-0.212149	2891	
-0.880055	0.387298	9458	
0.934481	0.344297	4279	
-0.358254	0.436267	3815	
0.741474	-0.561345	2209	
-0.738269	0.239315	1977	
0.096462	-0.018240	6149	
0.413566	0.769415	10244	
0.005715	0.490885	7431	
-0.291993	0.761540	9218	
0.587700	0.180907	4463	
0.521908	-0.542071	5236	
-0.787367	0.402825	10682	
-0.299186	0.319906	1646	
0.177755	-0.767865	7951	
-0.186711	0.847573	5307	
0.414577	0.133730	8280	
-0.355681	0.310559	5977	
0.127363	-0.514161	2914	
0.516512	0.457030	6045	
-0.599002	0.781527	6952	
0.826722	0.131111	8845	
0.515912	-0.780666	7849	
-0.220357	-0.752495	3285	
-0.879358	0.080615	6819	
-0.325528	0.779330	7660	
0.390328	-0.631462	4031	
0.377749	0.032631	8927	
0.464194	-0.778076	10608	
0.757886	0.508578	8815	
0.526893	0.479869	2569	
-0.548886	-0.020596	7697	
-0.334590	0.504569	8395	
0.300638	0.664467	10831	
-0.356000	0.834429	8411	
0.711266	0.014273	1447	
-0.332534	-0.038478	4630	
0.815941	0.436928	10985	
0.122643	0.934270	5172	
0.278147	-0.841892	8467	
0.610490	-0.238066	3737	
0.551080	0.215024	4409	
0.025627	0.164807	5173	
0.547767	-0.745002	10183	
-0.391385	0.299979	909	
0.227071	-0.337752	5362	
0.333243	0.093548	419	
0.578198	-0.319414	3861	
0.055511	-0.689470	4610	
0.789600	-0.116496	3749	
0.388269	-0.051261	3708	
0.063143	0.740440	2081	
0.655373	-0.485451	1933	
0.534632	-0.404293	2186	
0.429929	0.402910	8091	
-0.841290	-0.257767	6697	
0.593438	0.527061	8406	
0.387495	-0.027809	2141	
-0.142738	0.195922	7107	
0.129982	0.567286	6477	
-0.926350	0.079371	762	
0.130515	0.339768	10207	
-0.811044	0.008211	4315	
0.716380	0.323160	1855	
0.549503	0.550291	6683	
0.461830	-0.706955	11064	
-0.209177	0.188933	1850	
0.344837	0.903397	9868	
-0.324717	0.292693	3593	
0.081909	0.243770	379	
0.681767	0.625948	11022	
-0.757492	-0.524992	8656	
-0.021512	0.710857	2763	
0.027551	0.813964	9401	
0.757784	-0.273320	3838	
0.765289	-0.089103	1078	
0.673744	-0.107333	5285	
0.438076	0.452270	8775	
0.696968	-0.697329	10647	
0.141018	0.711635	846	
-0.028928	-0.491721	5586	
0.485430	-0.557814	10234	
0.554195	0.079863	6786	
0.276920	0.828680	8036	
-0.447740	0.548309	9925	
0.388351	0.602936	8491	
-0.876241	0.186723	9232	
0.441225	-0.339912	3413	
0.092483	-0.506517	5495	
-0.070588	0.294299	8697	
-0.305516	0.009914	2299	
-0.313434	0.691793	6660	
-0.424782	0.358048	3840	
-0.534223	0.689172	6294	
-0.491372	-0.070707	6981	
-0.248982	-0.143743	9951	
0.238005	0.868717	10171	
-0.450320	0.833331	2523	
0.819366	0.571508	6717	
-0.474774	-0.276062	3140	
0.372400	0.122534	4505	
0.654533	0.291909	671	
-0.327990	0.713908	9448	
-0.534406	0.617918	5346	
0.464905	-0.211457	3706	
0.607877	0.503148	9326	
-0.773887	-0.350463	4201	
0.349025	0.215942	688	
0.765656	0.228470	5222	
0.807775	-0.207282	5383	
-0.083461	0.894088	10931	
-0.017814	0.902690	1898	
0.761675	-0.066515	6616	
0.442477	-0.189167	2598	
0.125671	0.046077	6032	
-0.073459	0.307106	835	
-0.522510	0.491452	8475	
0.485871	0.769899	7574	
-0.901126	0.294799	6883	
-0.326646	-0.831261	9082	
0.757955	0.551014	1035	
-0.857499	0.349608	2059	
-0.478404	0.811743	1385	
-0.177394	0.834590	6641	
-0.656008	-0.252468	617	
-0.310928	0.765577	9218	
0.232767	-0.453978	1860	
-0.803622	0.588987	1658	
0.103189	0.602219	8336	
0.359584	0.438138	2511	
-0.668503	-0.732472	9094	
-0.622764	-0.498236	9325	
0.244331	0.961955	2269	
0.340826	0.885038	10912	
0.975548	0.117182	4346	
0.899715	0.140493	973	
-0.456532	-0.629781	7981	
0.030044	0.095547	2848	
-0.391468	-0.469022	2903	
-0.035278	-0.235412	10703	
0.501162	-0.182961	5251	
0.118399	0.285525	2092	
0.908553	0.244488	1282	
0.046463	0.386858	3690	
-0.243400	0.615542	10014	
0.162158	0.062806	7489	
0.062913	-0.353828	6665	
-0.811661	-0.099017	6493	
0.185399	0.204921	8911	
-0.184630	0.782253	7952	
0.291472	-0.822505	5615	
0.383760	-0.180158	4815	
0.485063	0.390075	1334	
0.230662	0.450038	966	
-0.170415	0.313138	9705	
0.649054	-0.632631	5399	
0.162223	0.093786	4532	
-0.775207	0.378488	7606	
-0.307514	0.270403	1506	
0.714547	0.189077	6890	
0.658493	0.664707	10337	
-0.457462	0.741110	10485	
0.517162	0.413427	4576	
0.755478	-0.257957	3838	
-0.166920	0.842731	6641	
-0.342934	-0.643864	9444	
-0.465678	-0.512527	5997	
-0.349885	0.370926	6984	
-0.158531	0.779463	10881	
0.122811	0.438941	8893	
-0.717735	0.074189	8052	
-0.484938	0.026861	1304	
0.418469	0.579410	8203	
-0.123087	0.025552	1331	
0.790016	0.321846	6365	
0.163747	-0.502913	1070	
-0.529241	0.817680	7417	
0.787130	0.020909	2812	
0.001347	-0.631371	1372	
-0.829203	0.306652	9619	
0.411334	-0.272000	871	
-0.651967	0.228419	7466	
0.687841	0.434707	9520	
0.189673	-0.731178	8108	
0.787030	0.433867	9707	
-0.216927	0.196973	3038	
0.763655	0.040606	3172	
-0.833520	-0.258932	6279	
-0.032655	-0.228825	4643	
-0.688440	0.549256	6373	
-0.586927	0.174514	2648	
-0.259211	-0.865749	10724	
0.469833	0.729667	8601	
-0.656494	-0.000789	6767	
-0.301187	0.453007	7014	
0.431859	0.381730	8329	
0.107921	-0.188573	5398	
0.153383	0.668686	7325	
0.138500	-0.757234	8990	
0.375939	0.035063	1533	
0.109178	-0.679917	2726	
-0.821651	0.397421	9552	
0.102390	0.481625	2222	
0.251590	-0.266008	2849	
0.422879	-0.040704	5326	
0.663814	0.431212	7113	
-0.205209	-0.839608	10231	
0.510544	0.629203	1769	
-0.953148	-0.184677	1434	
0.365704	0.105687	915	
0.595628	0.228607	816	
0.358646	0.527467	4415	
-0.379343	0.809964	6136	
-0.117706	-0.862844	346	
-0.549635	-0.461798	5010	
-0.321963	-0.401466	905	
-0.376377	0.428597	4145	
-0.282605	0.915653	8923	
0.080827	-0.198861	3631	
0.124824	-0.831955	8132	
-0.769250	0.463110	7719	
-0.849999	0.119365	7121	
0.585437	-0.118772	9719	
-0.761157	0.576821	10120	
0.362840	0.164281	6852	
-0.238255	-0.923246	1803	
0.453831	0.760886	1416	
0.050737	0.239358	2319	
0.909772	0.019694	8521	
0.771915	0.464587	6000	
0.436375	-0.541287	4772	
0.187433	-0.604669	7619	
-0.456458	-0.055309	6308	
0.736020	-0.201957	5050	
0.532795	0.592884	7370	
0.602770	-0.169531	2431	
0.267354	-0.195496	2450	
0.667372	-0.184544	9207	
-0.925508	-0.076232	6582	
0.161475	-0.383291	8181	
0.305449	-0.010741	2300	
0.505729	0.680110	7337	
0.173289	0.728316	10984	
-0.495802	0.587828	7547	
-0.088396	0.222840	2037	
0.409458	-0.741040	2195	
-0.345129	-0.546712	1542	
-0.375390	0.124820	3605	
-0.046664	0.888483	8526	
0.807959	-0.095126	543	
0.275076	0.596919	3064	
0.837192	-0.480800	8583	
-0.100525	-0.949032	8401	
-0.145380	-0.629395	6236	
-0.734022	0.425456	5719	
-0.825971	-0.377293	7872	
-0.135268	-0.761826	9908	
0.810135	-0.340887	7944	
-0.367992	0.590901	1367	
0.028744	0.859213	8079	
-0.357119	0.674284	5785	
0.242685	0.075641	2737	
-0.376135	-0.704696	2660	
-0.754633	-0.121309	1955	
-0.086232	-0.187587	8958	
-0.497434	0.407814	4821	
0.002157	0.173181	5914	
0.764115	0.289869	5531	
-0.053240	0.315636	9159	
0.065141	0.241918	9469	
0.265698	0.953728	2061	
0.417160	-0.677955	6461	
-0.688097	0.487389	6862	
-0.780627	0.428595	10682	
0.538382	-0.697142	8030	
0.263138	-0.023927	788	
0.682589	0.681224	10393	
-0.560234	0.811275	5888	
-0.234940	0.698312	6912	
0.032731	0.896168	8223	
-0.226724	-0.087203	5485	
-0.975346	-0.127228	4345	
-0.359174	0.427017	3815	
0.188895	0.647989	8422	
-0.474228	0.393434	10695	
0.313090	-0.191684	11011	
0.699737	0.657387	11059	
-0.413630	-0.811116	8858	
-0.889890	-0.247444	10452	
-0.720880	0.627256	786	
-0.397198	-0.678398	7754	
-0.445267	0.326944	3414	
-0.918272	0.079142	5964	
0.260330	-0.429362	3282	
0.564476	0.102619	4515	
-0.399284	0.142256	5673	
0.663033	0.615639	7755	
0.479427	-0.002515	1303	
0.052202	-0.178471	10038	
-0.817318	0.173457	5297	
0.587098	-0.246813	2872	
0.224500	0.487851	3292	
-0.446342	0.385328	6322	
-0.342767	-0.517188	2657	
-0.557583	0.756942	2780	
0.292458	-0.040369	8906	
0.336191	0.510267	2977	
0.363936	-0.224870	4949	
0.636407	0.659388	7499	
0.324838	0.122354	10787	
-0.003655	0.600793	4099	
0.526368	0.570207	3363	
0.235260	-0.055227	8738	
0.009954	0.165906	5769	
-0.054793	-0.876116	6110	
-0.006047	0.943773	940	
-0.588063	0.488215	7757	
-0.823082	-0.427370	10752	
0.774894	-0.520900	5410	
-0.974393	0.134010	6021	
-0.008269	0.497850	432	
-0.483449	-0.675089	4180	
-0.169210	-0.384924	2715	
0.850383	0.094803	7925	
-0.950170	-0.296822	9343	
0.076322	-0.445750	1797	
0.539903	0.115138	1833	
0.025078	0.284262	1020	
0.958200	0.017842	11014	
0.426339	0.483465	7103	
-0.713185	0.460394	10706	
-0.680446	0.188583	11029	
0.375569	0.337871	10949	
-0.030208	0.183994	10041	
-0.563116	0.288252	8833	
0.249365	-0.023183	6770	
-0.251619	-0.440785	3412	
-0.938666	0.233810	5973	
0.721682	0.539884	8304	
0.782351	-0.453712	6831	
0.446642	-0.549510	9926	
-0.735132	0.210947	1959	
0.584252	0.667850	3070	
0.286538	-0.122432	6278	
0.465114	0.076762	4638	
0.150131	-0.463576	6977	
0.468270	-0.534723	10862	
0.191347	0.407139	3369	
0.139702	-0.886016	889	
-0.188091	-0.726611	9485	
0.100022	0.351768	5879	
-0.178810	0.923822	10306	
0.476765	-0.365504	6328	
0.253822	-0.105866	3396	
-0.177031	0.255942	4425	
-0.714559	0.315659	2993	
0.197475	0.029907	1085	
0.426278	0.735904	10594	
0.677028	-0.693987	3814	
0.156286	0.818664	5289	
-0.340080	0.787871	3792	
0.655544	0.004651	6768	
0.519857	-0.504659	10212	
0.207325	0.701459	10265	
-0.396909	-0.743842	9261	
0.612630	-0.734215	9967	
-0.398900	0.269513	922	
0.150084	0.210510	9280	
0.420478	-0.002887	3459	
0.479611	-0.166176	3502	
0.344108	0.858806	9753	
-0.253900	0.130654	6756	
0.057701	-0.410594	1001	
-0.498660	0.351652	1535	
-0.270156	0.712641	6681	
0.485978	-0.002743	1303	
0.902203	-0.013053	7975	
-0.581688	-0.747476	9574	
0.489558	0.071630	6532	
0.465007	-0.066733	824	
-0.195045	0.793306	7788	
0.213510	-0.482370	3885	
0.483654	0.315188	5696	
-0.037651	0.546876	8599	
0.570843	0.060112	6059	
0.213514	-0.440384	2266	
-0.523165	0.630294	3747	
0.079221	0.353272	7066	
-0.211327	-0.423764	6896	
0.853265	0.300915	7954	
-0.348474	-0.561587	1729	
0.794331	-0.503622	2819	
-0.378523	0.552981	1289	
0.131102	-0.560243	1993	
-0.006817	0.863336	10794	
0.191029	-0.773293	7951	
0.674929	0.155679	6829	
-0.015582	0.918696	1156	
-0.574515	-0.530499	8573	
0.308996	0.863849	9256	
0.849242	0.015089	7035	
-0.525970	-0.207511	10364	
-0.500807	0.474572	839	
-0.409792	0.409619	4184	
-0.425707	0.640422	9580	
0.760419	0.012328	4214	
-0.231757	0.780437	7469	
-0.211394	0.740531	6054	
0.255473	0.074064	3607	
0.368384	0.604182	6303	
-0.059003	0.435056	6481	
-0.921124	0.119227	1336	
0.558696	0.236214	1164	
-0.636723	0.257628	6586	
-0.936369	-0.329159	8827	
0.262820	0.733264	9296	
-0.596216	0.592152	9653	
-0.379592	-0.405700	3649	
-0.053513	-0.402771	6173	
-0.283046	0.921719	9315	
-0.361860	-0.537278	4416	
0.377842	0.614861	8491	
0.560446	-0.248583	2622	
-0.602366	0.067450	10834	
0.352400	-0.838477	8250	
0.198099	0.253217	4035	
0.206446	-0.179571	1970	
-0.326268	-0.233114	2055	
-0.152766	0.603161	5014	
-0.778878	0.463029	6832	
0.069680	0.921222	4700	
0.669738	0.582662	7120	
0.742292	-0.583778	10119	
-0.887943	-0.161393	9885	
0.230662	0.269876	7038	
0.831250	0.118380	6521	
-0.107250	0.540406	4203	
-0.921608	-0.336028	4280	
-0.031623	0.866254	2441	
0.411726	0.817002	8857	
0.096701	-0.468572	3056	
0.395946	-0.086020	3384	
-0.838451	-0.093644	7868	
0.242223	0.911554	1804	
0.042908	-0.179019	10670	
-0.239429	0.086699	7583	
0.749883	-0.387389	5629	
-0.031408	0.815796	10304	
0.565104	-0.547620	6604	
-0.509568	-0.713502	8331	
0.470209	0.533555	5998	
-0.617665	-0.105075	8481	
-0.020928	-0.787021	9339	
-0.040539	-0.505098	5633	
-0.199518	-0.676227	1698	
-0.021537	0.540617	1309	
-0.891304	0.281972	6883	
0.509843	0.292748	6740	
-0.148541	0.426349	7171	
0.522975	-0.184841	6541	
-0.170561	-0.165885	3227	
0.649348	-0.160271	4651	
-0.197446	-0.350550	4058	
0.771268	0.355671	4309	
-0.688448	0.286971	435	
0.133995	-0.776240	3857	
-0.927568	0.285930	6160	
-0.287821	0.511427	9871	
0.665420	0.489106	2160	
0.126789	0.461947	8893	
0.823781	0.537599	5651	
-0.753338	-0.050265	1743	
-0.145066	-0.119770	2139	
0.438347	0.223771	3021	
0.766588	0.226144	7996	
-0.080329	0.533159	3000	
0.477470	0.749482	8601	
0.021886	0.095759	2848	
0.485923	0.437844	9459	
0.203523	0.487153	3724	
-0.403880	-0.786037	2991	
-0.832370	-0.219392	7599	
0.444026	0.624208	992	
-0.105124	0.596451	712	
0.111033	0.820313	1941	
0.083358	0.189541	9915	
0.826531	0.263174	6280	
-0.784116	0.313291	7421	
0.510202	-0.688060	5537	
0.269185	0.860233	422	
0.751141	-0.634364	4325	
0.569443	0.154787	3010	
-0.067586	0.929319	8569	
0.466716	-0.778373	10608	
-0.087788	-0.101023	1101	
-0.627853	-0.721617	10249	
0.313409	0.767094	1952	
0.493176	0.731129	8577	
-0.312595	-0.508617	2709	
-0.387822	-0.241533	2053	
0.842255	0.013005	5023	
-0.616388	-0.399556	3376	
0.558756	0.496787	5394	
0.274680	0.859790	422	
-0.302310	0.373469	3567	
-0.585950	0.788901	5922	
-0.270212	0.203301	9904	
0.700818	-0.438125	4011	
-0.788957	0.214846	5384	
0.234737	-0.121510	6711	
-0.892441	0.159294	7244	
0.630197	0.151201	8133	
-0.587638	0.620246	8104	
-0.308274	0.729526	8781	
-0.892424	-0.430085	6835	
-0.405917	0.800460	6207	
0.521455	0.392094	6422	
-0.396617	-0.539284	2707	
0.111257	-0.355148	4493	
0.760458	0.647768	6483	
0.590693	0.555348	8288	
-0.530875	0.115923	4620	
0.515165	-0.814311	10258	
0.856717	0.171264	8718	
-0.940275	0.225143	5052	
-0.341962	-0.681009	2207	
0.433547	0.773717	10152	
0.130597	0.567649	6707	
0.079127	-0.837885	9018	
-0.075772	0.334964	11005	
-0.079431	0.399205	9324	
-0.531384	-0.594501	7369	
0.793923	0.224093	9390	
-0.879135	0.445643	10076	
-0.092423	0.293139	5182	
-0.325610	0.418781	6955	
-0.288913	0.594494	9006	
0.216204	-0.840766	1600	
-0.286500	0.639765	7360	
0.319216	0.485720	514	
0.147126	-0.137220	3486	
-0.648892	0.279258	8608	
-0.578190	-0.753098	9574	
-0.560603	0.417877	5120	
0.262279	0.404285	3159	
0.620530	-0.369014	6535	
0.173435	-0.445588	3293	
0.824644	0.379773	7871	
-0.402266	-0.515775	3006	
-0.482834	0.211206	3477	
0.693700	0.384536	3181	
0.435694	0.836263	8850	
0.479780	-0.700704	3510	
0.549426	-0.633713	6184	
-0.349398	0.568980	1464	
-0.241274	-0.265758	5815	
0.712244	0.158437	6827	
0.442501	0.808167	4301	
-0.578493	-0.771556	9284	
0.259235	0.117480	3462	
0.631557	0.233570	1483	
0.313003	-0.801207	5388	
-0.585759	0.292839	3768	
-0.614783	0.024823	2843	
0.206662	0.658428	381	
-0.321121	0.065675	5359	
-0.908024	0.325109	5228	
-0.535340	0.521022	5235	
0.630477	-0.050126	10343	
0.116444	0.418392	10309	
-0.832545	0.168383	7534	
0.011537	0.557187	9544	
0.271021	0.078661	4850	
-0.459213	-0.294330	3398	
-0.921813	-0.198694	475	
0.196520	-0.036687	1223	
-0.515081	0.174234	5252	
0.144364	0.333666	714	
0.586005	-0.239681	3737	
0.078417	0.921392	4700	
-0.296900	-0.162444	608	
-0.206629	-0.080399	3152	
-0.304944	0.799612	6507	
0.284373	-0.646936	7359	
0.332661	0.551490	1100	
0.252296	0.420072	3866	
0.612719	0.387256	10239	
-0.278658	-0.818857	8035	
-0.616508	0.130303	3962	
-0.235776	0.623760	6019	
0.039945	-0.897036	7832	
-0.891596	0.284425	6883	
0.300031	0.028708	1566	
-0.314451	0.834196	7375	
-0.439056	0.522652	2662	
-0.510431	-0.783822	8451	
0.006322	0.294167	3734	
0.305353	-0.124018	6988	
-0.767360	0.031368	1676	
0.190488	0.079189	5259	
0.982193	0.042197	9259	
-0.378817	0.587763	1015	
0.759881	0.340110	4202	
-0.008594	-0.099682	4050	
0.476551	0.609965	8127	
0.563841	-0.045326	8699	
0.021872	-0.323845	3589	
-0.707969	0.654605	6844	
-0.553798	0.408769	3679	
0.318560	0.126110	6470	
0.175512	0.376305	2112	
0.033594	0.569216	3148	
0.852636	0.139375	1780	
0.614578	0.283868	6419	
-0.801638	-0.575754	7138	
-0.286627	0.584956	10702	
0.623763	0.689705	10656	
-0.606035	0.272342	4896	
0.447751	0.406525	9975	
0.305287	-0.229665	1497	
0.665450	-0.111189	5285	
0.582115	-0.229940	3699	
0.095691	-0.453206	3135	
0.074007	0.166237	3112	
-0.540468	-0.526254	7468	
-0.103982	0.504742	2922	
-0.906469	0.209645	950	
-0.895503	0.148080	2188	
0.739888	-0.158070	2349	
0.385476	0.191824	9657	
-0.198063	0.339303	9893	
-0.352115	0.882842	10205	
-0.956371	0.037230	1530	
-0.651850	-0.164415	5781	
0.589464	0.657513	5595	
-0.389987	-0.550873	5503	
0.085709	0.282725	5139	
-0.452916	0.361309	4401	
-0.558262	0.685704	6650	
0.388923	-0.192783	5741	
0.512091	0.625230	1769	
-0.423042	0.873004	7173	
0.806956	0.018239	3666	
0.628507	-0.050159	10343	
0.130873	-0.012034	7484	
0.539468	-0.458186	7420	
0.006615	0.098501	4049	
0.432512	-0.174828	2052	
-0.310710	0.225159	1498	
-0.802918	-0.259050	5675	
0.388266	-0.113993	3606	
-0.076996	0.231626	2037	
0.927493	-0.062773	761	
0.056800	-0.639547	1781	
0.557196	-0.012696	5437	
0.027704	0.094546	2848	
0.608261	0.062810	8516	
0.586861	0.513129	8406	
-0.626960	0.294530	7966	
0.723387	0.184109	5835	
0.663282	0.210607	7488	
-0.028780	0.246038	7346	
-0.924061	-0.179955	1733	
-0.313272	-0.714304	8692	
0.161159	0.698603	2015	
0.490169	-0.405386	3948	
-0.422407	0.842301	809	
-0.624080	0.584452	6550	
-0.153129	0.302004	8429	
0.123713	0.441511	6219	
0.387287	-0.052603	3708	
-0.262674	0.316270	8253	
-0.418239	-0.852443	10040	
-0.201050	0.843128	1599	
0.477831	-0.711061	4170	
-0.194350	-0.105150	6139	
-0.692820	0.479958	6862	
-0.060108	-0.102840	3685	
-0.327283	0.337250	5110	
0.422555	0.462207	7007	
-0.892004	-0.073486	6460	
-0.202980	-0.440330	6993	
0.677677	-0.017753	6774	
-0.217471	0.919061	2423	
-0.164217	-0.603376	8457	
0.075416	-0.862317	9046	
0.533107	-0.071089	5512	
0.059312	0.721557	9004	
0.855113	0.470346	5565	
-0.006521	0.815199	9167	
-0.733383	-0.041074	4234	
-0.325816	-0.406073	905	
0.517006	0.693176	5733	
-0.770947	0.112894	669	
0.277234	0.540810	10568	
0.302207	0.659402	10831	
-0.770668	-0.576009	448	
0.351665	-0.011620	9536	
-0.223984	-0.589297	6943	
0.201696	0.016006	1405	
0.957372	0.277709	6970	
0.408530	0.821200	8857	
0.683270	0.038464	993	
0.163747	0.489663	907	
-0.181616	0.350637	10153	
0.903377	0.381141	7702	
-0.617482	-0.721095	763	
0.157530	0.682395	5231	
0.350945	-0.211229	3618	
-0.956116	0.152854	7647	
0.214316	0.101962	6725	
0.081761	0.835917	8902	
-0.061484	0.601226	3473	
0.587391	0.493790	6331	
-0.914525	-0.362524	7743	
0.764370	0.292117	5531	
-0.139356	0.534555	2876	
-0.725375	0.217499	1959	
0.387382	-0.308097	948	
-0.617117	0.774051	9303	
-0.267822	0.408728	2855	
-0.237930	0.456546	2278	
0.799228	-0.425944	9839	
-0.359695	-0.590064	3025	
0.125430	-0.168457	4103	
0.224783	-0.120769	7950	
-0.016902	-0.123639	8381	
-0.447115	0.632272	812	
0.097592	0.316606	8594	
0.697684	0.114755	954	
-0.176307	0.377423	9692	
-0.125402	0.185120	6166	
-0.967863	0.093174	6015	
-0.768396	-0.491788	8816	
-0.778276	0.518440	5409	
0.924523	0.115433	972	
-0.027536	-0.188655	10603	
-0.427329	-0.423925	8497	
0.721320	0.353944	2793	
-0.105380	0.212854	5213	
0.192774	-0.083633	3920	
0.599706	0.243415	9357	
-0.213775	0.730031	7611	
0.266330	0.311843	3712	
0.026714	0.381579	4083	
-0.041913	-0.788453	8529	
0.128287	-0.659626	2630	
-0.551219	0.178201	5502	
-0.800116	0.031117	861	
-0.888304	-0.166613	5641	
0.295421	-0.095925	3601	
0.597074	0.406170	10143	
-0.644320	-0.284850	672	
0.664849	0.623254	8140	
0.486092	0.732869	7510	
0.577358	-0.222820	3699	
0.650587	0.680778	6670	
0.307251	-0.130332	6640	
0.226383	0.426116	3870	
-0.337300	0.331693	5110	
-0.276081	0.357397	376	
-0.230861	0.865370	2497	
0.014441	0.874458	10848	
-0.615554	-0.021559	6114	
0.050291	-0.139983	9371	
0.544393	-0.691496	6649	
0.019445	0.941446	1527	
-0.595787	0.336469	4965	
0.543166	-0.033159	8495	
0.650220	0.372840	4495	
0.454457	0.493529	7721	
0.185470	0.920075	453	
-0.409748	0.594398	4016	
-0.042979	0.624669	6487	
-0.395896	-0.419563	4892	
-0.898029	0.224334	950	
0.434994	0.298278	1063	
-0.583773	-0.103415	5423	
0.373635	0.197524	1182	
0.198256	0.953723	829	
0.019054	-0.914919	1155	
0.830572	0.401459	3295	
0.365985	0.126218	3403	
-0.763504	0.197808	4155	
-0.163792	0.761301	10063	
0.429085	0.858869	2653	
0.372183	-0.164305	3494	
-0.941303	0.058559	762	
-0.696094	0.400116	4391	
-0.622660	0.520325	3387	
0.077903	-0.883838	9717	
-0.475549	-0.308019	5695	
0.388500	-0.065316	3708	
-0.930077	-0.053502	6754	
0.872816	-0.080310	6820	
0.516982	0.631739	1769	
-0.144218	-0.929064	545	
0.176593	0.801612	1585	
0.354134	-0.573257	1463	
0.768850	-0.099641	1078	
0.946132	0.316470	10168	
0.202346	0.599894	2971	
-0.277005	0.835161	8468	
0.066913	0.234794	473	
-0.784475	0.343598	7909	
-0.578740	0.773668	2780	
-0.772156	-0.048201	1945	
0.265641	0.256838	7307	
-0.375793	-0.593669	7750	
0.705749	0.215419	2409	
0.698633	0.376817	3181	
-0.064227	0.294976	9531	
0.513177	0.369196	4086	
-0.780179	0.437297	6832	
0.560824	0.506656	7024	
0.743972	-0.595626	2375	
0.372018	0.074358	1457	
-0.736529	0.349210	3905	
-0.512651	-0.173005	9111	
-0.566085	0.803621	4278	
0.295402	0.322646	7071	
-0.466775	0.296816	4251	
-0.263181	0.053502	2561	
0.024132	-0.361144	6631	
0.571284	-0.162409	1321	
-0.460878	0.769309	10607	
-0.484083	-0.123313	936	
-0.477902	0.600292	9332	
-0.089975	0.748812	468	
0.330638	0.357082	7572	
0.578944	0.366416	10529	
0.259596	0.704336	6473	
-0.249792	0.715954	6840	
-0.742374	0.600413	2376	
0.847165	-0.450240	8879	
0.180269	0.657295	8422	
-0.727030	0.214258	1959	
0.805620	-0.119200	4517	
-0.183148	0.574360	7626	
0.437726	0.518917	3676	
-0.302506	0.792324	9738	
-0.646212	0.319107	4021	
-0.190055	0.225021	2379	
-0.078821	0.388575	9324	
0.429099	0.530086	7048	
-0.025558	-0.665896	2161	
-0.253109	-0.848480	10136	
0.916278	0.214812	536	
-0.927996	-0.056187	6754	
0.093644	-0.734890	467	
-0.478774	-0.298835	5695	
0.648873	0.306577	671	
-0.021986	-0.657027	2161	
-0.068888	-0.466863	557	
0.204754	-0.166154	8310	
0.546943	0.315922	7239	
0.460097	0.466799	5763	
-0.692497	0.284684	3096	
0.142841	-0.829506	5632	
0.742823	0.363428	2825	
0.798877	0.428224	876	
0.363908	0.119222	3403	
-0.206614	-0.233884	7169	
0.221808	-0.494033	3487	
0.295718	0.683925	902	
-0.236012	-0.166076	7196	
-0.198023	0.802868	7788	
0.268593	0.356263	4378	
-0.041335	0.178591	10669	
-0.192205	0.348967	10153	
0.661485	0.347968	791	
0.608529	0.190208	6501	
-0.154485	0.385878	7974	
0.585644	0.140760	5301	
-0.246457	0.264149	1791	
0.378231	0.119690	4505	
0.149902	0.221426	7187	
-0.426161	0.399072	4952	
0.290841	0.697976	9146	
-0.121776	-0.930729	5171	
-0.400697	-0.645318	10181	
-0.628709	-0.091109	342	
-0.358248	0.480481	9210	
0.267144	0.820839	9028	
-0.447781	0.589260	6094	
-0.592474	0.569196	5798	
-0.046181	0.784621	8471	
-0.012803	0.476444	3215	
0.861802	0.319245	8106	
0.772101	0.204386	7996	
0.162203	-0.569878	5858	
0.430800	0.707348	6438	
-0.144245	0.619154	5014	
0.690109	-0.254890	418	
0.055056	0.464218	568	
0.405636	0.095547	4054	
-0.380571	-0.449817	1883	
0.299244	0.025392	1318	
-0.345926	-0.075581	5492	
-0.804444	-0.109030	5850	
0.891813	0.443433	5636	
0.624519	-0.219069	4818	
-0.123751	0.898176	890	
0.291789	-0.102546	2639	
0.321743	0.325795	5679	
0.778296	0.084626	4449	
0.357139	-0.678655	5786	
0.110709	0.946256	8402	
-0.406773	0.794482	6207	
0.187412	0.593204	8710	
0.156704	-0.156706	2425	
-0.585636	0.444688	6601	
0.616415	0.649497	8049	
0.308879	0.204747	6155	
-0.437685	0.305768	3547	
0.431944	-0.002293	4500	
0.127981	0.723618	1549	
0.378245	0.215665	1090	
0.082309	-0.870234	9717	
-0.226579	0.930967	9453	
-0.906725	0.192693	6594	
0.620948	-0.043573	7671	
0.754107	-0.424628	7464	
0.129060	-0.222533	9671	
0.789984	0.195669	8772	
0.115830	0.801323	1147	
-0.519714	0.801465	7850	
0.110374	0.830247	5029	
0.798732	-0.188402	4684	
0.207169	0.721332	8821	
-0.112046	-0.845020	346	
-0.528134	0.498430	8475	
-0.895004	0.419280	7200	
0.616617	0.530611	1511	
0.459504	0.674498	5868	
-0.096167	0.860739	8964	
0.643270	0.604946	5927	
0.216037	0.664589	6808	
0.543804	-0.087760	7864	
-0.539071	0.680875	6294	
0.602394	0.044204	6079	
0.226743	0.503917	3751	
-0.747311	0.268824	4114	
0.403900	0.019477	5027	
-0.052021	0.215849	1754	
-0.128460	-0.805510	1532	
-0.017556	-0.797113	9339	
-0.518552	0.709432	6348	
0.307912	-0.451518	4442	
-0.204217	-0.571209	3611	
0.688805	0.242432	4491	
-0.720798	0.444735	5034	
-0.526477	-0.725422	9116	
-0.447293	-0.606808	8164	
0.027676	0.636324	1840	
0.891501	0.140281	973	
0.303939	-0.213112	6050	
-0.084839	0.230948	4456	
0.313255	-0.016643	2300	
-0.343604	0.755823	1358	
0.091096	0.257079	1537	
0.096734	-0.107171	7615	
0.115174	-0.182693	5398	
-0.600177	0.145567	3238	
-0.183383	0.852394	5307	
-0.582980	0.092773	9626	
0.076727	0.117437	5185	
0.746609	-0.040130	1392	
-0.417575	0.684082	10442	
0.904058	0.048480	6722	
-0.209774	0.731085	7611	
0.667950	-0.144407	5349	
-0.811983	0.309444	7715	
0.598874	0.579066	5184	
-0.745262	0.275714	4114	
0.459368	-0.096030	624	
0.536274	-0.103846	5439	
0.456350	0.683862	5868	
0.203302	0.129609	9119	
0.250636	0.523969	4335	
-0.436347	-0.780122	5037	
-0.393771	-0.273655	4403	
0.886268	0.028807	7559	
0.411014	0.597077	4648	
-0.023335	0.823917	10835	
-0.134464	0.204065	8070	
0.141232	0.333437	714	
0.308994	0.421318	348	
0.113359	0.200990	6090	
-0.636214	0.363736	1811	
-0.499895	-0.077752	5249	
-0.836716	0.017597	6192	
-0.075090	0.275972	3311	
0.062084	-0.539552	7176	
0.656380	0.426231	6267	
0.553623	0.159140	5270	
-0.147768	0.216361	9862	
0.550057	0.673211	10276	
0.900627	-0.067712	6671	
0.302997	-0.731463	8782	
0.469245	0.240953	4582	
-0.183985	0.269166	6121	
0.365114	0.202694	5774	
-0.184193	0.250715	716	
0.110520	0.726948	1597	
-0.349602	0.855486	8942	
-0.544344	0.158450	7844	
0.343789	0.291407	368	
-0.026988	0.727654	4803	
0.333223	0.440133	2985	
0.211716	-0.066284	3525	
-0.002024	0.447531	3353	
0.513465	0.183292	10024	
0.414898	0.786353	5038	
-0.857460	0.127427	7515	
-0.115282	0.771214	2204	
-0.482661	0.495183	9581	
0.330952	0.547181	508	
0.618084	-0.599109	6549	
0.938973	0.296248	9344	
0.383010	-0.035809	2141	
0.620752	0.019781	6113	
-0.631288	-0.735435	10249	
0.799587	0.259297	5676	
0.870258	0.399488	2200	
0.444080	-0.040839	9054	
-0.515490	0.442228	8145	
-0.216142	0.915542	2423	
0.268160	-0.641862	2595	
-0.076777	0.333445	11005	
0.335599	0.751163	8949	
-0.017003	0.834370	10835	
-0.796976	0.582071	1658	
-0.679716	0.271125	435	
-0.213484	-0.126290	9130	
0.161391	0.295450	4324	
0.289581	0.006448	3897	
-0.763483	0.285101	4861	
-0.720882	0.341274	2150	
0.015749	0.894641	10848	
-0.619063	0.668464	10445	
-0.020573	0.597646	3903	
0.247086	0.436778	1962	
0.600844	0.220663	1011	
-0.109606	0.681248	2725	
-0.105771	-0.963872	4784	
0.689669	-0.612154	2851	
0.802832	0.072208	3150	
0.210083	-0.620839	9807	
-0.279891	0.182955	1575	
0.072627	0.631175	2506	
0.777716	0.143379	6466	
-0.175932	-0.097316	3083	
0.678370	-0.690303	3814	
-0.489270	0.796242	1887	
0.645406	0.244789	618	
0.788518	-0.029110	1366	
0.362634	0.683901	2487	
0.873097	0.162973	9886	
0.937422	0.215238	476	
0.800942	-0.457910	5901	
0.425214	0.337158	3338	
0.614788	-0.568773	6372	
-0.321705	-0.901436	1553	
-0.068270	0.471724	3242	
-0.392676	-0.809620	8102	
-0.640168	0.129112	3654	
0.558441	0.596421	6198	
0.286221	0.465617	10427	
0.033332	-0.106127	8392	
0.555539	0.314777	7239	
0.244570	0.463510	3918	
-0.515089	0.692108	5538	
-0.505428	0.420100	7771	
0.252672	0.427436	4297	
0.193064	0.870001	8407	
0.396294	0.314192	529	
0.732023	0.457823	3863	
-0.333672	0.669337	4200	
0.655408	0.563817	4977	
-0.216915	0.015113	8100	
0.025027	-0.800461	7838	
0.492189	0.749347	8423	
-0.071067	0.419766	1002	
-0.036715	-0.177841	8721	
0.276613	0.784562	1830	
0.237064	0.011676	4585	
-0.265276	0.791413	5736	
0.466304	-0.098195	3790	
0.100981	0.219627	8172	
-0.866520	-0.168923	9885	
-0.944262	0.274631	7091	
-0.465629	0.430174	9641	
0.268967	-0.387030	1667	
0.680348	0.725668	9943	
0.409295	0.431843	4891	
0.331702	0.649307	10221	
0.196575	0.116836	8175	
0.880528	-0.174878	9377	
0.375755	-0.626645	3305	
0.051200	0.529452	4694	
0.645904	0.622538	8140	
0.066242	0.416813	1262	
-0.715226	0.334901	2150	
-0.447602	0.733733	10976	
-0.247541	0.836917	6131	
0.323909	-0.702653	6659	
0.127637	0.674465	1881	
0.245087	0.528400	4869	
0.017651	0.690064	1306	
0.209257	0.942246	5364	
-0.209648	0.447701	2265	
0.265107	0.691306	9725	
0.234552	-0.034391	4622	
-0.537609	0.663436	5476	
0.837858	0.206068	2063	
0.556833	0.780948	10491	
-0.087998	0.762128	673	
-0.503070	-0.321705	7034	
-0.276746	0.556929	5935	
0.035963	0.767010	2019	
-0.068319	0.478286	3242	
0.892478	0.374628	7744	
0.621766	0.561149	9650	
0.541330	-0.215164	8027	
0.295437	0.230713	6185	
-0.143555	0.374674	5396	
-0.028790	0.940713	782	
0.823272	0.074946	5826	
-0.610581	0.484314	10389	
0.647962	0.024038	6644	
-0.079877	0.262073	7154	
-0.359476	0.439134	3815	
-0.354834	0.805617	6255	
-0.710980	-0.381691	10403	
0.021509	0.168967	5173	
-0.782244	0.562437	2119	
0.343097	0.730920	1584	
-0.500976	0.626733	3638	
-0.349479	0.652750	2501	
0.214717	0.759473	9977	
-0.086355	0.927379	9382	
0.674840	0.147252	6829	
0.339749	-0.055730	9562	
0.099463	0.190438	4882	
0.716710	-0.655421	8802	
0.841897	0.126476	8845	
0.883476	0.372181	10496	
0.348500	-0.706473	10123	
-0.753454	-0.050899	1743	
-0.511520	0.441896	8145	
0.256833	0.620385	3157	
-0.318168	-0.082756	7899	
-0.256377	-0.791870	1452	
0.318552	0.882829	710	
-0.496048	-0.398560	3985	
0.931722	0.104265	972	
0.838578	0.152215	1556	
-0.118657	-0.086830	3447	
0.019577	0.708186	1277	
0.226606	-0.760386	7470	
0.403241	0.276024	7519	
-0.586501	-0.233056	815	
0.242709	-0.617771	2283	
-0.729326	0.456082	5791	
-0.202860	0.008794	522	
-0.779177	-0.412018	458	
-0.426474	0.594818	7472	
0.653526	0.533032	3261	
-0.592029	0.740545	9110	
0.647057	0.621174	8140	
0.568629	0.241248	8043	
0.510439	0.362667	1524	
0.509339	0.361253	1524	
0.693891	0.195927	6930	
0.211530	-0.063403	3525	
0.171689	-0.087471	5969	
-0.315772	0.364547	3567	
0.219104	0.392826	3683	
0.663991	-0.151511	5349	
0.142135	-0.477925	8507	
-0.174140	-0.461486	10623	
0.648123	0.274653	1343	
-0.532139	0.561535	5772	
-0.514583	0.813500	10257	
0.198668	0.553226	2108	
0.752445	0.336176	2975	
0.529514	0.130088	2077	
-0.214661	0.584101	9142	
-0.035152	0.412788	7680	
-0.364984	-0.520176	2682	
-0.534132	0.818265	6901	
0.589976	0.332385	9530	
0.774318	-0.256993	4826	
0.613669	0.779502	5898	
-0.350423	-0.097592	1094	
0.265957	0.597960	2744	
0.580371	-0.104626	9719	
-0.470153	-0.340493	6548	
0.250520	-0.650312	1916	
-0.500272	0.266179	6426	
-0.362620	0.502431	7253	
0.026878	0.369894	3909	
0.400304	0.348779	4956	
0.119067	0.207816	7357	
0.446636	0.681711	5868	
-0.161109	0.447958	1356	
0.425647	-0.203265	2834	
0.438705	0.004175	5312	
0.275138	-0.000674	1214	
-0.859257	0.161093	7555	
0.306971	0.189494	3490	
0.752859	0.442385	4312	
0.761150	0.220051	7996	
0.635998	0.175429	6908	
-0.066443	0.202827	5309	
-0.456186	0.627768	812	
0.183982	0.310909	3633	
0.257545	-0.361708	486	
0.148054	0.001244	3678	
-0.841866	0.298236	9630	
0.417034	0.274979	6223	
0.575043	0.776273	9283	
0.357212	0.294181	3410	
0.298495	0.301648	6893	
0.809743	0.206818	7600	
-0.469286	0.390988	10573	
0.120886	0.836663	5029	
0.736374	-0.036903	3045	
0.574365	0.452999	3529	
-0.261534	0.829904	7654	
-0.657620	0.432659	3739	
0.217489	0.146955	6570	
-0.234814	0.699685	5841	
-0.090770	0.904274	10821	
-0.634712	0.253438	5593	
0.721510	0.542856	8304	
0.494986	0.474182	4934	
0.404153	0.201362	10108	
0.464981	0.278038	1920	
-0.521140	0.454584	779	
-0.040910	0.826419	8960	
-0.006975	0.503448	432	
0.358904	0.792604	5137	
0.084484	0.929412	10449	
0.648735	-0.707079	1543	
-0.260077	0.764411	5940	
0.651972	0.689559	10665	
0.259859	-0.634022	1944	
-0.908631	-0.283686	8746	
0.312873	-0.547757	9157	
0.762660	0.617593	3896	
0.389675	-0.624221	4031	
-0.499525	0.186445	5252	
0.225313	0.268086	7038	
-0.390405	-0.311943	6380	
-0.876648	0.250647	5904	
0.343299	0.482992	1644	
-0.191069	0.287441	7069	
0.334653	0.022253	5470	
-0.016014	-0.130732	2455	
0.019055	0.869016	8079	
0.353642	-0.329960	6947	
0.295291	-0.698050	5821	
0.432657	0.242450	4205	
-0.523048	-0.207181	10364	
0.261542	-0.516391	8636	
0.122712	0.008185	2028	
-0.736812	0.481146	5178	
0.877871	0.236377	7915	
0.057340	-0.133175	8007	
-0.042871	0.546912	8599	
-0.243872	0.352650	7270	
-0.238671	0.354914	7270	
-0.182181	0.383885	10466	
0.744509	0.091029	1712	
0.732403	-0.008725	961	
0.423148	0.072115	2145	
0.119940	-0.084986	5060	
0.067350	0.918397	4700	
-0.779431	-0.151556	6651	
-0.130168	0.131347	996	
0.455315	0.839366	8850	
0.486813	0.619464	10333	
0.856290	0.080413	7925	
0.795213	0.371040	5765	
-0.343039	0.444278	7046	
0.247268	0.086364	4005	
0.245219	-0.148560	4447	
-0.548032	0.473646	5144	
-0.104959	0.135475	6655	
-0.378095	0.879454	10653	
-0.425748	0.372463	2670	
-0.214219	-0.502132	2989	
0.497203	0.853014	2418	
0.117072	-0.856151	8963	
0.757029	0.312903	5531	
0.419173	0.795794	5038	
-0.543941	-0.670142	10275	
-0.108395	0.396303	4244	
-0.839095	0.028057	6192	
0.271971	0.494177	9959	
0.421656	-0.130564	8206	
0.062129	0.548904	5275	
0.341517	-0.173108	10251	
-0.475163	0.483152	9581	
0.491482	0.414332	3156	
0.768973	0.271516	6761	
0.537833	0.080822	6749	
0.648955	0.522803	3261	
-0.412820	0.697481	10442	
0.714395	0.307158	1855	
-0.390285	0.585720	1015	
0.660273	0.584170	5927	
-0.144793	0.383804	6288	
-0.737934	0.489631	5178	
0.668746	0.297588	3880	
-0.080904	0.376815	10618	
0.883502	-0.185532	981	
0.304234	0.752827	9674	
-0.170412	0.756137	10615	
-0.024660	0.546951	1309	
0.082718	0.936041	10449	
0.317518	0.898555	1554	
0.469201	-0.127161	3982	
-0.028127	0.534048	1785	
0.363944	0.262610	3775	
0.105290	0.058038	1880	
-0.422026	0.793671	6207	
0.073039	0.647986	3662	
-0.006128	0.471059	5279	
0.588645	0.358859	10529	
0.550260	0.458049	10587	
-0.030393	0.188674	9603	
0.524765	0.214016	10499	
-0.890737	0.008899	7976	
0.531637	0.165441	9900	
0.312806	0.620104	2783	
0.330415	0.667583	2868	
0.081397	-0.131776	4284	
0.587724	0.502088	7288	
0.665394	0.236841	2489	
-0.520369	0.501668	8475	
0.311124	-0.090914	5367	
0.222660	0.366900	7344	
0.496625	-0.793584	7262	
0.187315	0.217771	6240	
-0.014064	0.672554	801	
-0.215336	-0.272456	2223	
-0.340678	-0.885411	10911	
0.058004	-0.145593	10391	
0.006605	0.930028	1527	
0.159885	-0.598584	6452	
-0.734849	-0.470466	3864	
0.579643	-0.079381	10457	
-0.366689	-0.835565	1260	
0.187078	0.919418	453	
-0.099671	0.798953	2514	
-0.183759	0.582713	7626	
0.254269	0.802510	2042	
0.691153	-0.068928	8440	
0.146123	-0.146225	2341	
0.290155	-0.600615	9005	
-0.180304	-0.192736	1442	
-0.364005	0.835185	8411	
0.077053	-0.447802	1797	
-0.554763	-0.113036	4516	
0.536494	0.043235	7506	
0.366889	0.305388	3410	
0.174395	0.615804	398	
0.505662	-0.054573	3889	
-0.843083	0.324671	8255	
-0.848808	0.223404	9634	
-0.848361	0.219656	9634	
-0.851060	0.274891	9290	
0.701216	0.639634	11059	
0.882411	0.242111	10451	
0.057234	0.314992	9450	
0.690522	-0.039486	6169	
-0.202107	0.814688	561	
-0.612419	-0.064795	8515	
-0.706872	0.108085	8217	
-0.132117	0.778956	3858	
-0.297431	0.333679	1646	
-0.329167	0.599533	574	
-0.224988	0.503722	3488	
0.557537	0.183089	3682	
0.282647	0.870951	466	
0.762232	-0.043315	1675	
0.561226	0.548445	8579	
-0.692734	0.125005	10801	
0.042967	0.961518	2153	
0.295188	0.199280	6063	
-0.589528	0.024172	1907	
0.010507	-0.242062	7478	
0.603859	-0.627728	8734	
-0.320751	0.456710	5517	
0.199419	0.004712	491	
-0.212925	-0.150162	6569	
-0.711484	0.409733	4391	
-0.950509	0.159213	5087	
0.657747	0.487974	2160	
0.300857	0.819338	10377	
-0.435385	0.282255	5795	
0.799473	0.232338	9390	
0.633626	0.414037	5458	
0.589027	-0.217916	3922	
-0.184840	0.477968	2782	
0.733286	0.376545	7745	
-0.649636	0.547567	6335	
0.672563	0.352800	791	
-0.335871	0.468716	5431	
-0.748738	0.313698	3218	
-0.744537	0.500935	5178	
-0.788077	0.338681	7909	
0.410928	0.110613	6876	
-0.351623	0.442616	7046	
-0.599761	0.511922	5338	
0.460660	-0.743269	4178	
-0.436882	0.529154	2662	
0.094631	0.184475	4196	
-0.467247	0.412625	10735	
0.272366	0.536513	9047	
-0.137880	0.636076	4536	
0.173254	0.831254	10160	
-0.651917	0.554590	6335	
0.312716	0.599615	2804	
0.375875	0.367711	7602	
0.025790	0.646632	1840	
-0.491952	0.515870	9572	
-0.542704	0.438355	3935	
-0.482507	0.356606	6327	
0.094899	0.716743	7770	
-0.620390	0.305991	5624	
-0.132986	0.336281	5291	
-0.957378	0.143456	6021	
-0.124619	0.806855	5661	
-0.609538	0.638936	8733	
0.273832	0.588186	2919	
0.688891	-0.112419	6533	
-0.434050	0.412909	7280	
-0.208136	0.447201	2265	
0.580865	0.528771	8574	
0.651473	0.630551	8140	
0.365976	-0.196882	4878	
0.739097	0.507065	5162	
0.473798	0.015276	9616	
0.360318	-0.090658	2927	
-0.599222	0.041018	9987	
-0.420843	-0.374888	5467	
0.672706	-0.167666	6086	
0.403755	0.361617	4173	
-0.438536	0.011236	5328	
0.347425	-0.617351	4680	
0.335289	0.831543	1765	
-0.086733	-0.096807	1615	
0.447483	0.506654	5664	
0.173301	0.282551	6073	
0.440430	-0.013856	5327	
0.270890	0.015209	1426	
0.817263	0.359966	6738	
-0.124174	0.917283	10219	
-0.322391	-0.399007	905	
0.522662	-0.215215	8129	
0.175563	0.729760	10984	
0.701814	-0.425408	4011	
-0.707933	-0.613987	9253	
0.524626	0.737911	9115	
0.357607	0.472569	896	
0.154459	0.463182	3142	
-0.374984	0.716123	9286	
-0.204870	0.721635	7595	
-0.212805	0.705195	7595	
-0.211587	0.704830	7595	
-0.208884	0.714527	7595	
-0.128347	0.792884	2822	
-0.116795	0.798558	2822	
0.069975	0.441962	4248	
0.815824	0.375764	7351	
-0.405350	0.575016	4758	
-0.798903	-0.475182	10728	
-0.852934	-0.240537	6242	
0.165044	0.364122	2193	
-0.844022	0.204478	7564	
-0.128873	0.894855	890	
0.529553	0.134576	2077	
-0.028301	0.471792	3621	
-0.136018	0.561798	1994	
0.905155	0.210604	9409	
-0.491669	0.383129	1837	
-0.848577	-0.241246	6242	
-0.100145	0.939761	9400	
0.699883	0.162127	6827	
-0.385573	-0.827173	8889	
0.571622	-0.232733	4995	
-0.452020	-0.305600	2558	
0.562419	0.187633	3682	
0.756388	0.183153	7896	
-0.095662	-0.040153	5739	
0.520307	0.188092	10363	
-0.859135	0.444240	8880	
-0.454139	0.638913	812	
0.278901	-0.067789	4182	
-0.826248	0.105866	5168	
-0.081993	0.497425	3804	
-0.444336	0.462316	6992	
0.845077	0.122498	7867	
0.320855	0.087307	419	
-0.339548	0.543786	1931	
0.533882	0.336957	3374	
-0.392948	0.482104	7956	
0.601395	0.220779	1011	
0.331110	0.273118	2237	
0.282544	0.432790	7281	
0.314546	0.336991	8885	
0.312693	0.567623	6005	
0.554388	0.191837	3682	
0.543982	0.523394	7467	
-0.435979	-0.334777	3337	
0.610789	0.149776	6196	
0.459268	-0.207379	3706	
0.395745	0.650662	9965	
0.664471	0.453882	9336	
0.445533	-0.204387	7304	
0.245102	-0.107482	6559	
0.517768	0.318209	7241	
-0.008225	0.688447	801	
0.071657	0.886803	6130	
-0.842314	0.331811	8255	
0.625194	0.464288	10162	
0.606605	0.343262	4093	
0.256121	0.370891	1625	
0.330130	0.394820	6216	
-0.508200	0.693621	5538	
-0.677360	0.433515	3739	
-0.899498	0.371490	4486	
-0.062576	0.232417	938	
-0.281878	0.773148	5508	
0.664587	0.448670	9336	
0.835854	0.284825	7796	
0.498930	0.171826	6334	
0.293555	0.152827	766	
-0.474526	0.437874	9985	
-0.436299	0.660705	1639	
0.799416	0.169017	8860	
-0.257432	0.568445	7283	
0.013436	0.732619	450	
0.351853	0.796792	5137	
-0.470407	-0.778856	10643	
-0.250658	0.268482	3075	
0.861808	0.169881	8718	
-0.086133	0.433571	7374	
-0.086747	-0.692567	9477	
0.488292	-0.674587	2788	
0.211693	-0.043260	4217	
0.542255	-0.216545	8027	
-0.039925	0.437615	4836	
-0.104217	0.342157	4262	
0.077928	0.692258	2537	
0.680361	0.501000	3709	
-0.043557	0.496840	3233	
0.592361	0.552878	9044	
-0.314825	-0.691064	9584	
0.816405	0.207378	2063	
0.165427	0.298638	4324	
-0.495644	-0.250662	6253	
-0.443228	-0.488530	7855	
0.218266	0.188665	3385	
0.028655	0.490794	5585	
-0.020258	0.330130	3590	
-0.024121	0.297937	4034	
-0.008967	0.206699	5187	
-0.006955	0.199732	4328	
-0.003763	0.195131	4271	
-0.008878	0.203608	5187	
-0.019912	0.236476	8137	
-0.018991	0.235415	8137	
0.003145	0.424899	2369	
0.069402	0.581316	9424	
0.093056	0.622264	2829	
-0.457553	-0.410778	9976	
-0.394043	-0.539496	2707	
0.030271	0.235444	7380	
-0.218940	0.706649	7404	
0.435317	0.537857	7048	
0.729907	0.576268	1979	
-0.532921	0.537809	5235	
0.446563	0.081074	6879	
0.103391	0.913513	7695	
0.368136	0.138657	6209	
-0.346076	-0.656846	4126	
-0.053734	0.747509	9482	
-0.035009	0.521329	3845	
-0.194143	-0.152915	6922	
0.835116	0.075624	6399	
-0.178622	0.238625	1328	
-0.124657	0.407430	6213	
-0.073546	0.481307	3091	
-0.233911	0.308933	7423	
0.453166	-0.055998	850	
-0.669898	0.681312	3813	
0.660406	0.388428	5460	
0.755574	0.331335	2975	
-0.792587	0.493617	5902	
-0.871176	0.265787	1221	
0.634537	0.340521	1045	
-0.022177	0.881823	1898	
0.395894	0.758927	8609	
0.113293	-0.091226	8290	
-0.329930	0.360605	5116	
0.637184	0.257662	1342	
-0.184016	0.350480	10153	
0.289731	0.771800	8040	
0.537557	0.647208	10372	
0.336663	0.759190	9762	
0.050654	0.670092	5684	
-0.124920	0.406199	6213	
-0.221209	0.326580	5361	
-0.205537	0.254701	740	
0.038315	0.548867	8057	
0.792564	0.292719	6874	
0.450887	-0.057824	850	
-0.386229	0.606546	3306	
0.789565	0.308160	6365	
0.770575	0.064024	1946	
-0.287793	0.369238	376	
0.370957	0.029865	8927	
0.220360	0.223153	6125	
-0.213316	0.725650	7404	
0.460257	-0.212004	3706	
-0.423670	0.389031	4952	
0.603373	0.039580	6079	
0.358702	0.639980	3639	
0.512484	0.374162	4086	
0.537583	0.277784	4189	
-0.765044	0.590485	10120	
-0.620720	0.371700	6536	
-0.334556	0.674199	4200	
-0.388875	0.619006	4032	
0.457043	-0.048965	4368	
0.443366	0.823829	8850	
0.717792	0.257050	4161	
0.609711	0.300442	6468	
0.664208	0.250063	2489	
0.450959	-0.056190	850	
-0.185006	0.275844	6121	
0.367993	0.025743	8927	
0.282504	-0.037032	8906	
-0.192162	-0.150781	6922	
-0.748221	0.275739	4114	
0.064029	0.675806	4632	
-0.716438	0.438704	5034	
0.529114	-0.586965	5716	
-0.472928	-0.550287	2792	
0.758059	0.136441	6466	
0.824573	0.179000	2509	
-0.541346	0.524885	5235	
-0.631517	0.482203	10263	
-0.645790	0.529986	8720	
-0.630274	0.570210	5730	
-0.657550	0.502597	8867	
-0.414548	0.589552	4016	
-0.386087	-0.514072	3185	
0.061153	0.567367	9879	
-0.015766	0.373992	7340	
-0.127092	0.183831	6166	
-0.258033	0.220308	3367	
-0.412383	0.271112	872	
-0.544328	0.269369	1414	
-0.579294	0.268149	3797	
-0.586160	0.270517	3797	
-0.605203	0.274952	4896	
-0.609512	0.278209	4896	
-0.610762	0.275280	4896	
-0.607965	0.278976	4896	
-0.598820	0.276544	3797	
-0.598408	0.273599	3797	
-0.561657	0.271479	8833	
-0.526102	0.273370	1738	
-0.474284	0.276865	4303	
-0.350226	0.262790	5869	
-0.276048	0.233282	4246	
-0.078840	0.184712	2959	
-0.017992	0.205945	5965	
-0.000271	0.434923	2685	
0.374445	0.709565	2659	
0.511801	0.606406	1589	
0.119115	0.687492	8266	
0.071250	0.594454	3002	
0.202839	0.750778	8562	
-0.409958	-0.435609	6742	
0.348429	0.497178	1644	
-0.686398	0.481411	6862	
0.496810	-0.214971	5203	
0.857314	0.429384	10714	
-0.694752	0.327163	1772	
-0.793081	0.341389	7909	
-0.792286	0.362037	7191	
-0.762344	0.310087	5548	
0.033896	0.736579	894	
-0.309170	0.869266	9216	
-0.401410	0.503523	2192	
-0.309754	0.490566	10933	
-0.312418	0.787913	7660	
-0.338883	0.766463	1358	
-0.414501	0.424654	4972	
-0.612350	0.622674	8733	
0.215108	0.080806	6141	
0.687764	-0.046405	6169	
-0.880637	0.322806	9190	
-0.293186	0.424388	3469	
-0.783584	0.324379	7421	
-0.781630	0.410559	7731	
-0.777778	0.427124	7731	
-0.782906	0.411085	7731	
-0.787463	0.391937	7606	
-0.791429	0.344317	7909	
-0.776538	0.311738	5548	
-0.712226	0.321507	1772	
-0.549686	0.371031	4101	
-0.184506	0.487223	2782	
0.035571	0.737979	894	
-0.162140	0.600004	6451	
-0.212556	0.485454	3886	
0.828085	0.486400	5985	
-0.890653	0.288407	6883	
0.113744	0.741984	4373	
-0.293264	0.318460	2434	
-0.029378	0.223007	8202	
0.630952	0.226679	1483	
0.453796	-0.014088	9150	
0.720962	0.574429	8356	
0.023725	0.506029	9676	
-0.233310	0.345844	6244	
-0.249954	0.387823	1176	
-0.565940	0.758479	2780	
0.402741	0.169266	9559	
-0.118211	0.619576	3164	
-0.163248	0.599202	6451	
0.029435	0.730503	894	
-0.132089	0.538381	2876	
-0.224801	0.457117	1859	
-0.376249	0.398622	1722	
-0.260271	0.437730	3281	
0.035370	0.736319	894	
-0.700522	0.366923	1379	
0.125456	0.757188	9850	
0.710460	0.456342	1548	
0.502637	-0.211953	5203	
0.254209	0.426357	3866	
-0.663195	0.515574	8019	
0.471165	0.250696	3730	
-0.449791	-0.636264	7981	
-0.056456	-0.512814	3781	
0.342963	0.718741	1584	
0.352672	0.717458	3810	
0.520518	0.593106	7370	
0.578212	0.425343	10357	
0.556015	0.374560	5723	
0.535549	0.351508	3812	
0.560848	0.361205	6590	
0.075295	0.610672	2025	
-0.288998	0.241741	8460	
-0.534131	0.277816	2495	
-0.577437	0.293755	2484	
-0.683970	0.249471	8565	
-0.752700	0.187105	5049	
-0.815342	0.095273	4471	
-0.853180	0.033342	5874	
-0.869457	0.029304	6341	
-0.879209	0.030731	6341	
-0.895926	0.036185	6341	
-0.903945	0.041949	6686	
-0.901599	0.040809	6686	
-0.905474	0.043619	6686	
-0.893063	0.036889	6341	
-0.888146	0.034854	6341	
-0.862887	0.034461	5874	
-0.848382	0.047286	5874	
-0.833800	0.072055	5156	
-0.794125	0.138319	3992	
-0.762072	0.180193	2472	
-0.660482	0.272127	417	
-0.612808	0.297121	5624	
-0.569373	0.311187	3862	
-0.516463	0.322827	1905	
-0.497897	0.322163	10193	
-0.532787	0.307314	1905	
-0.540883	0.294045	5205	
-0.501284	0.285383	9181	
-0.317357	0.258346	470	
-0.030404	0.309370	6012	
0.525765	0.294906	7692	
0.810251	0.223236	9390	
0.285995	0.907029	7193	
0.337192	0.227724	9961	
0.299030	0.368070	5639	
0.296787	0.378325	3847	
0.323359	0.297124	532	
0.378914	0.011630	1193	
-0.218933	0.834453	7577	
0.615024	0.168514	6292	
0.597446	0.179741	6292	
0.649326	0.187905	6908	
0.647738	0.185325	6908	
0.544101	0.199487	9828	
0.437825	0.303930	1063	
0.725228	0.171713	5835	
0.809442	0.389593	7351	
-0.525738	0.737103	9278	
0.355682	0.103494	1093	
0.317474	0.323025	1307	
0.297686	0.387173	3847	
0.292934	0.400148	5909	
0.291950	0.398045	4296	
0.294778	0.388774	4296	
0.303772	0.360130	5657	
0.317704	0.314562	1307	
0.336016	0.241208	9313	
0.348209	0.157384	9853	
0.356428	0.081614	1219	
0.378052	0.010764	1193	
0.426303	-0.024080	4514	
0.444500	0.104860	461	
0.230142	0.920594	5364	
-0.532186	0.733276	10184	
-0.817610	0.365315	6320	
-0.811806	0.236899	7598	
-0.608765	0.320462	5670	
-0.160289	0.447911	1356	
0.424355	0.733414	8730	
-0.073673	0.539917	6822	
-0.558501	0.334564	4207	
-0.825354	0.253855	7598	
-0.733913	0.542478	524	
-0.353617	0.829447	8249	
0.337103	0.524691	3126	
0.459053	0.030040	7646	
0.425643	-0.025089	4514	
0.375366	0.014289	1193	
0.358144	0.064922	7530	
0.353878	0.091583	1093	
0.350366	0.119323	1552	
0.352206	0.098206	1093	
0.375097	0.012513	1193	
0.397159	0.247027	2054	
-0.755576	0.508616	1313	
-0.406183	0.646565	4828	
0.807440	0.244495	6693	
0.699540	0.219270	2409	
0.544547	0.335601	7239	
0.009840	0.466942	6575	
-0.214664	0.207971	4138	
-0.362947	0.273697	5869	
-0.475528	0.290558	5054	
-0.506417	0.301299	9181	
-0.489206	0.313684	10193	
-0.440754	0.329566	3414	
-0.375493	0.343722	833	
-0.325846	0.355380	5116	
-0.388057	0.348880	863	
-0.545390	0.322093	4105	
-0.768378	0.176407	2472	
-0.855772	0.051234	5874	
-0.904912	0.059709	5964	
-0.933941	0.130468	9586	
-0.932899	0.194269	9878	
-0.924167	0.247204	5052	
-0.914081	0.294324	6883	
-0.905221	0.321031	5228	
-0.896604	0.340868	9510	
-0.889025	0.362664	9510	
-0.883931	0.374665	9458	
-0.883039	0.375719	9458	
-0.880660	0.381092	9458	
-0.882306	0.374297	9458	
-0.883350	0.370742	2665	
-0.889386	0.352712	9510	
-0.895080	0.335249	9190	
-0.900546	0.317136	5228	
-0.906805	0.292038	6883	
-0.913352	0.267928	9502	
-0.918221	0.235714	5052	
-0.921211	0.211072	7248	
-0.923610	0.172862	9198	
-0.922269	0.142423	2292	
-0.914376	0.104730	1336	
-0.898897	0.078098	6672	
-0.878749	0.066522	6819	
-0.849238	0.076156	5156	
-0.781695	0.167919	2472	
-0.589238	0.312681	4917	
-0.258682	0.383094	1176	
-0.080903	0.516306	6913	
0.026934	0.658102	3349	
0.291989	0.775677	8760	
0.439878	0.719127	8621	
0.440685	0.717821	8621	
0.322051	0.765576	9762	
0.103746	0.732789	2115	
-0.019485	0.572385	8494	
-0.099634	0.439399	4812	
-0.140821	0.380306	6288	
-0.154683	0.360726	7427	
-0.152678	0.360869	7427	
-0.135928	0.380026	5396	
-0.112869	0.411390	1178	
-0.075795	0.471410	2329	
-0.032998	0.545363	1785	
0.032987	0.646525	1377	
0.162625	0.770740	8348	
0.334313	0.760708	9762	
0.414756	0.729420	8558	
0.446809	0.712937	7860	
0.462088	0.704383	8445	
0.444227	0.715264	6438	
0.402531	0.736930	9396	
0.349077	0.758269	9769	
0.286800	0.774974	1830	
0.219789	0.782427	11065	
0.149909	0.767892	1695	
0.103377	0.735151	2115	
0.072640	0.704475	6490	
0.050254	0.678826	6823	
0.032611	0.657116	3349	
0.024066	0.646314	1840	
0.013461	0.632591	1825	
0.008136	0.625714	1825	
0.002572	0.618268	2539	
-0.000044	0.614836	2539	
-0.001681	0.612741	2539	
-0.000723	0.614058	2539	
0.001799	0.617626	2539	
0.009068	0.627737	1825	
0.017008	0.638437	2014	
0.026957	0.651479	1377	
0.039766	0.667935	8147	
0.053933	0.685044	6823	
0.071928	0.705519	6490	
0.104891	0.738169	2115	
0.138642	0.763148	9607	
0.162111	0.774385	1569	
0.192620	0.781961	943	
0.171428	0.777943	10157	
0.103705	0.739020	7491	
0.041767	0.675973	8625	
0.010118	0.637652	1371	
-0.028703	0.587158	7075	
-0.092828	0.502190	5496	
-0.190014	0.414797	3974	
-0.345652	0.361819	6984	
-0.564702	0.321536	3862	
-0.726218	0.232296	1977	
-0.800143	0.149973	4592	
-0.844543	0.095193	5156	
-0.871834	0.085071	6034	
-0.887621	0.094029	6464	
-0.903610	0.114543	6464	
-0.908866	0.147383	2188	
-0.909534	0.191690	6594	
-0.905263	0.244983	9196	
-0.894800	0.299876	6883	
-0.879157	0.349353	9510	
-0.857871	0.405533	11004	
-0.829587	0.462703	5526	
-0.799577	0.517001	4916	
-0.768143	0.563223	8523	
-0.740263	0.598353	2376	
-0.716185	0.626106	786	
-0.697212	0.644769	6844	
-0.681886	0.658844	6376	
-0.670993	0.668660	870	
-0.663784	0.674929	554	
-0.659684	0.677843	554	
-0.656167	0.680620	554	
-0.655145	0.679987	554	
-0.654783	0.679472	554	
-0.657961	0.674859	554	
-0.661830	0.670045	1014	
-0.666798	0.664060	870	
-0.675170	0.654872	870	
-0.685342	0.643646	870	
-0.695043	0.631717	786	
-0.704440	0.620240	786	
-0.715627	0.604871	550	
-0.725299	0.591949	550	
-0.736193	0.576544	2210	
-0.747362	0.560459	5194	
-0.759155	0.541791	8523	
-0.770526	0.522629	5409	
-0.780066	0.504094	5409	
-0.788150	0.486526	5902	
-0.795652	0.469460	5902	
-0.802051	0.453831	9840	
-0.808414	0.437245	9760	
-0.813369	0.421538	2758	
-0.816075	0.406199	9552	
-0.817659	0.392552	7690	
-0.817206	0.378847	6320	
-0.814225	0.366998	6320	
-0.804578	0.360539	7943	
-0.789701	0.355609	7191	
-0.771803	0.358674	7191	
-0.759507	0.363641	5559	
-0.756237	0.368102	4912	
-0.760709	0.372738	4912	
-0.766349	0.377755	6447	
-0.773745	0.382514	7606	
-0.779595	0.387861	7606	
-0.784554	0.393015	7606	
-0.790646	0.395765	7690	
-0.796942	0.396004	7690	
-0.802025	0.396387	7690	
-0.807087	0.396053	7690	
-0.810802	0.395814	7690	
-0.815151	0.391796	7690	
-0.819365	0.386250	6320	
-0.823340	0.379434	6320	
-0.827012	0.372493	6320	
-0.830717	0.365674	6320	
-0.834405	0.358301	10086	
-0.837659	0.351638	8255	
-0.840728	0.345325	8255	
-0.843408	0.339338	8255	
-0.846058	0.333732	8255	
-0.847786	0.330326	8255	
-0.849651	0.326932	8255	
-0.851085	0.324997	5926	
-0.852090	0.323586	5926	
-0.852737	0.322743	5926	
-0.853096	0.322383	5926	
-0.853143	0.322682	5926	
-0.852732	0.324300	5926	
-0.851935	0.327459	5926	
-0.850885	0.331049	8255	
-0.849449	0.335955	8255	
-0.847706	0.341708	8255	
-0.845357	0.348666	8255	
-0.842739	0.356584	2059	
-0.839554	0.365794	10086	
-0.835798	0.375737	10086	
-0.831386	0.386820	10086	
-0.826235	0.398765	3522	
-0.820471	0.411391	2758	
-0.813872	0.425181	2758	
-0.806676	0.439292	9760	
-0.798392	0.453939	6832	
-0.789378	0.468692	5902	
-0.779629	0.484415	6598	
-0.769329	0.500876	6598	
-0.758328	0.517471	4389	
-0.746222	0.534804	1313	
-0.733266	0.552071	2210	
-0.719299	0.569789	2126	
-0.704791	0.587735	2126	
-0.690036	0.605587	2852	
-0.674185	0.623496	1112	
-0.658305	0.641275	870	
