time = 28.647	Re = 4	rotation = 35.5504
-0.488364	0.659613	5868	
-0.687406	0.519915	8033	
-0.387669	0.615675	9632	
-0.653992	0.338813	2586	
-0.370255	0.627591	9549	
-0.495291	0.259361	4550	
-0.397427	0.127544	8550	
-0.384279	0.115106	7680	
-0.388321	0.111873	7680	
-0.287650	0.058905	7461	
-0.247554	0.059241	3583	
-0.146283	0.036817	5990	
-0.149973	0.009320	10974	
-0.106540	-0.193248	3391	
-0.136102	-0.254747	8905	
-0.139339	-0.251246	4639	
-0.228124	-0.305499	404	
-0.324640	-0.276656	4877	
-0.353465	-0.260936	5839	
-0.456728	-0.177172	6099	
-0.660182	0.015063	9073	
-0.773300	-0.003865	8984	
-0.801699	-0.043938	8806	
-0.819213	-0.062193	1602	
-0.841919	-0.074581	3792	
-0.876900	-0.056789	5253	
-0.910805	-0.018186	8485	
-0.951309	0.025613	9789	
-0.966372	0.106032	4612	
-0.958617	0.180219	3984	
-0.945611	0.247600	571	
-0.936245	0.284243	1197	
-0.921376	0.325471	1058	
-0.932575	0.294691	1197	
-0.925223	0.316316	1699	
-0.932627	0.294424	1197	
-0.934393	0.288513	1197	
-0.903536	0.375570	3871	
-0.899786	0.384511	1953	
-0.901189	0.380815	1953	
-0.900084	0.383391	1953	
-0.900784	0.382655	1953	
-0.906863	0.366341	3871	
-0.918699	0.333315	1058	
-0.933400	0.292215	1197	
-0.945528	0.247455	571	
-0.946126	0.246210	571	
-0.955109	0.204383	637	
-0.964092	0.132624	4360	
-0.961288	0.056248	9315	
-0.951485	0.026863	9789	
-0.920792	-0.014979	9498	
-0.896103	-0.036530	8249	
-0.857267	-0.063985	3792	
-0.839669	-0.066299	3792	
-0.823044	-0.072597	933	
-0.804671	-0.049692	1602	
-0.781749	-0.019482	8967	
-0.647173	0.007602	9073	
-0.468976	-0.160906	5095	
-0.350542	-0.260742	5839	
-0.305695	-0.294983	4816	
-0.196492	-0.298111	9508	
-0.121623	-0.234705	616	
-0.127832	-0.083096	2590	
-0.225756	0.065748	8137	
-0.424665	0.156088	3353	
-0.499087	0.597727	7753	
-0.456699	0.202015	5634	
-0.412297	0.142888	3115	
-0.401636	0.120818	9820	
-0.420637	0.153630	3353	
-0.545225	0.324337	8948	
-0.575258	0.359624	10074	
-0.601917	0.594679	9441	
-0.741848	0.319978	8689	
-0.042864	0.827418	2975	
0.507593	0.655658	5463	
0.250576	0.817413	5828	
0.255465	0.815459	6403	
-0.155553	0.824320	4212	
-0.543365	0.595047	2659	
-0.630357	0.637927	9067	
-0.214083	0.824358	7876	
-0.046879	0.854526	5587	
0.118073	0.850965	6118	
0.299257	0.814848	7449	
0.443732	0.757046	10345	
0.511569	0.716779	8915	
0.517661	0.712899	7632	
0.518248	0.712488	7632	
0.504841	0.720873	8915	
0.387918	0.783703	7429	
0.354613	0.795915	6485	
0.248670	0.828791	6403	
0.043078	0.857021	6280	
-0.098864	0.848223	393	
-0.237849	0.819891	3709	
-0.573210	0.676687	1106	
-0.016917	0.732164	3424	
-0.363627	0.552504	2609	
-0.031598	0.843703	6365	
0.408869	0.760480	7122	
0.076038	0.844211	7600	
-0.215189	0.794824	1390	
-0.038817	0.827758	2975	
-0.720492	0.311877	4061	
-0.487846	0.660189	5868	
-0.668502	0.477792	1084	
-0.399719	0.124186	9820	
-0.295213	0.062453	7289	
-0.308309	0.063520	9159	
-0.215704	0.067555	5039	
-0.150293	0.042015	5382	
-0.118666	-0.120791	4980	
-0.122840	-0.238513	616	
-0.164117	-0.279117	4546	
-0.191473	-0.294788	7924	
-0.259028	-0.301266	3265	
-0.370400	-0.244137	5869	
-0.507465	-0.130663	5066	
-0.725689	0.043572	7813	
-0.762199	0.014298	6840	
-0.814736	-0.059904	1602	
-0.835865	-0.063625	1358	
-0.855846	-0.072360	3792	
-0.896008	-0.036381	8249	
-0.937986	0.003059	9216	
-0.957199	0.049312	9315	
-0.963247	0.141671	4360	
-0.951854	0.216907	637	
-0.938466	0.279218	827	
-0.938313	0.275057	827	
-0.937450	0.276874	827	
-0.939745	0.269958	827	
-0.928510	0.307770	1699	
-0.924078	0.316861	1699	
-0.907275	0.365219	3871	
-0.907310	0.363833	3871	
-0.906983	0.364765	3871	
-0.904838	0.370691	3871	
-0.905690	0.369190	3871	
-0.921231	0.325443	1058	
-0.936407	0.280742	827	
-0.935524	0.283403	1197	
-0.937602	0.278444	827	
-0.951389	0.220025	637	
-0.955124	0.195655	3052	
-0.962000	0.149070	4360	
-0.965841	0.104933	4612	
-0.958316	0.044754	8923	
-0.925492	-0.011511	9498	
-0.902041	-0.028021	8485	
-0.874846	-0.053520	6255	
-0.853371	-0.066896	3792	
-0.832469	-0.067710	3792	
-0.797455	-0.035680	8781	
-0.798285	-0.043589	8781	
-0.690299	0.037511	7143	
-0.533702	-0.100551	7435	
-0.364319	-0.246510	4990	
-0.301384	-0.285019	4816	
-0.216339	-0.304024	404	
-0.130748	-0.229260	616	
-0.131823	-0.087078	3211	
-0.156401	0.066679	5769	
-0.363117	0.085798	7317	
-0.456406	0.191336	6917	
-0.433138	0.167037	6813	
-0.345404	0.075554	6666	
-0.350253	0.071991	6666	
-0.352491	0.078748	6666	
-0.433935	0.169579	6813	
-0.410771	0.142749	3115	
-0.402507	0.625862	9813	
-0.250014	0.758141	9326	
-0.195129	0.772925	9336	
-0.381348	0.673684	1895	
0.150577	0.819586	8845	
0.006501	0.829967	6874	
0.269727	0.794860	5023	
-0.569631	0.579052	1584	
-0.328830	0.775620	6096	
-0.128917	0.830546	8531	
-0.051794	0.842585	4202	
0.123579	0.839766	1556	
0.264239	0.813861	7203	
0.344361	0.786806	5873	
0.351009	0.784202	6485	
0.369807	0.776952	6033	
0.354168	0.783042	6485	
0.344891	0.786463	5873	
0.321008	0.795084	6191	
0.231467	0.821687	6399	
0.213103	0.824857	7925	
0.072685	0.844466	7600	
-0.106893	0.834617	8531	
-0.168121	0.822207	1800	
-0.412120	0.742877	6119	
-0.548280	0.217380	8271	
-0.611793	0.271848	8147	
-0.122032	0.815394	7745	
0.195210	0.811889	6494	
0.024119	0.831076	6761	
-0.238224	0.760658	10162	
-0.165896	0.779622	9520	
-0.720810	0.468745	9318	
-0.396783	0.627747	9813	
-0.437162	0.174612	6575	
-0.336704	0.066672	10051	
-0.225347	0.067237	6607	
-0.233492	0.060493	8514	
-0.157376	0.060181	5717	
-0.133022	-0.074193	6157	
-0.112946	-0.182879	4218	
-0.146104	-0.263999	3785	
-0.196852	-0.293729	7924	
-0.220555	-0.298562	404	
-0.295785	-0.288669	4816	
-0.421364	-0.201483	5110	
-0.577551	-0.061965	8635	
-0.761027	0.015244	6840	
-0.783475	-0.014373	8967	
-0.828053	-0.066066	1602	
-0.850183	-0.056076	3792	
-0.870535	-0.063919	5253	
-0.916457	-0.016067	9498	
-0.949771	0.023832	9789	
-0.962150	0.083433	9453	
-0.958015	0.177230	3984	
-0.948404	0.231872	387	
-0.926015	0.314066	1699	
-0.925038	0.313527	1699	
-0.924487	0.314484	1699	
-0.927495	0.306444	1699	
-0.914358	0.345594	2358	
-0.909723	0.357222	3871	
-0.903370	0.372721	3871	
-0.893277	0.395315	1048	
-0.893216	0.395526	1048	
-0.890456	0.401817	1048	
-0.888892	0.405935	1048	
-0.907384	0.362908	3871	
-0.923518	0.317497	1058	
-0.922011	0.321633	1058	
-0.924556	0.316468	1699	
-0.943676	0.257491	571	
-0.946818	0.240391	387	
-0.955406	0.192293	3052	
-0.962943	0.137935	4360	
-0.963003	0.071580	9315	
-0.942011	0.008989	10577	
-0.920487	-0.012931	9498	
-0.894461	-0.034811	8249	
-0.867011	-0.062047	5253	
-0.846608	-0.059654	3792	
-0.816849	-0.054513	1602	
-0.815079	-0.058381	1602	
-0.744332	0.033551	5841	
-0.613454	-0.021572	7929	
-0.414242	-0.206094	5977	
-0.345059	-0.259413	4950	
-0.251496	-0.300534	3265	
-0.158364	-0.260041	2692	
-0.120942	-0.162855	1320	
-0.142014	-0.039148	5617	
-0.300681	0.049099	9588	
-0.389794	0.093957	9858	
-0.371321	0.090896	7096	
-0.279819	0.048062	8818	
-0.284564	0.042119	8638	
-0.287484	0.047256	8818	
-0.372962	0.093561	5414	
-0.352058	0.081585	8150	
-0.461326	0.201580	9676	
-0.352010	0.636237	2791	
-0.349070	0.630625	2791	
-0.649787	0.333664	2586	
-0.062276	0.797294	2309	
-0.135191	0.785383	6266	
0.026153	0.801735	5875	
-0.577612	0.158984	3357	
-0.297149	0.769165	1511	
-0.150221	0.810977	4212	
-0.095281	0.821250	2825	
0.012541	0.831014	6874	
0.101407	0.826285	2509	
0.154510	0.819206	8845	
0.158440	0.818457	8845	
0.169490	0.816756	8845	
0.158966	0.818305	8845	
0.157235	0.818615	8845	
0.138016	0.821532	8860	
0.080016	0.827906	9390	
0.063274	0.829137	9390	
-0.023730	0.829264	5686	
-0.140403	0.812871	4212	
-0.182938	0.803181	1800	
-0.360480	0.745577	7558	
-0.666443	0.255512	2797	
-0.615331	0.512314	1810	
-0.194907	0.772218	9336	
-0.042838	0.798383	1855	
-0.125627	0.788614	3181	
-0.356616	0.628365	2791	
-0.344749	0.629381	2791	
-0.484289	0.603575	7753	
-0.461605	0.199778	9676	
-0.375160	0.096426	6580	
-0.266326	0.045014	6227	
-0.158097	0.068672	6002	
-0.166599	0.066438	5914	
-0.142784	-0.045594	4982	
-0.117282	-0.156117	1432	
-0.128012	-0.226812	616	
-0.176778	-0.285437	6676	
-0.231867	-0.298316	502	
-0.258574	-0.294670	3265	
-0.342857	-0.259319	4950	
-0.481795	-0.145949	3208	
-0.652628	0.013625	9808	
-0.784665	-0.013793	8967	
-0.801156	-0.037975	8806	
-0.843101	-0.061549	3792	
-0.862901	-0.055825	5253	
-0.890172	-0.040899	8249	
-0.934792	-0.000581	9216	
-0.957405	0.053298	9315	
-0.963145	0.111349	4612	
-0.950450	0.222623	637	
-0.940833	0.265329	827	
-0.919009	0.330615	1058	
-0.912014	0.349221	2358	
-0.911501	0.349286	2358	
-0.912271	0.347330	2358	
-0.899904	0.381648	1953	
-0.898223	0.386236	1953	
-0.888903	0.404391	1048	
-0.876172	0.430239	4783	
-0.874434	0.433869	4783	
-0.873257	0.435875	4783	
-0.872755	0.437842	4783	
-0.893791	0.392934	1048	
-0.908081	0.359566	3871	
-0.907429	0.361247	3871	
-0.910436	0.355006	3871	
-0.932587	0.293652	1197	
-0.937546	0.276074	827	
-0.948053	0.232687	387	
-0.957171	0.180853	3984	
-0.965071	0.107062	4612	
-0.953439	0.033016	9789	
-0.939303	0.007079	9216	
-0.914745	-0.013057	9498	
-0.887190	-0.048763	6255	
-0.860805	-0.060132	5253	
-0.831200	-0.059022	1358	
-0.826488	-0.067511	1602	
-0.772621	0.004072	8237	
-0.686702	0.039342	5950	
-0.473234	-0.152298	2260	
-0.391364	-0.224642	5851	
-0.290703	-0.287512	3493	
-0.191281	-0.278658	7508	
-0.132256	-0.211638	9131	
-0.120563	-0.137785	8259	
-0.226502	0.053554	8202	
-0.332022	0.046041	11005	
-0.308814	0.050062	9531	
-0.201337	0.067276	4328	
-0.207479	0.058745	5802	
-0.210378	0.061707	5802	
-0.311571	0.052005	1153	
-0.288271	0.049712	8818	
-0.392580	0.099966	10583	
-0.477101	0.222117	5613	
-0.499392	0.260273	9505	
-0.607042	0.541629	9674	
-0.325302	0.636728	5261	
-0.342440	0.626660	9204	
-0.319796	0.631644	5261	
-0.695021	0.352014	989	
-0.280576	0.748349	8664	
-0.205302	0.771475	9336	
-0.178088	0.778386	7113	
-0.125450	0.788872	3181	
-0.083222	0.795576	2793	
-0.059640	0.797918	2309	
-0.057507	0.797772	2309	
-0.052565	0.798278	2309	
-0.057481	0.797745	2309	
-0.059716	0.797568	2309	
-0.065920	0.797506	2309	
-0.094820	0.793718	4289	
-0.104940	0.792013	3181	
-0.144208	0.785433	10408	
-0.199194	0.773084	9336	
-0.220783	0.767067	10162	
-0.318634	0.734105	8288	
-0.735775	0.393868	5029	
-0.196926	0.672213	9060	
-0.351876	0.625124	2791	
-0.328704	0.629954	5261	
-0.331113	0.639493	2373	
-0.499375	0.262252	9505	
-0.510659	0.275841	10514	
-0.445650	0.173553	7431	
-0.393544	0.097054	9858	
-0.314178	0.053661	1153	
-0.188107	0.067982	4271	
-0.143829	-0.031688	4283	
-0.148042	-0.029939	4283	
-0.124614	-0.140880	8259	
-0.124997	-0.206811	9131	
-0.154507	-0.257883	2692	
-0.210748	-0.295875	2928	
-0.269574	-0.291215	2814	
-0.298773	-0.279972	3493	
-0.393041	-0.221894	5851	
-0.550258	-0.081273	7406	
-0.714827	0.047445	7813	
-0.802365	-0.037246	8806	
-0.816838	-0.052309	1602	
-0.857529	-0.058731	3792	
-0.880502	-0.049227	6255	
-0.909899	-0.014465	8485	
-0.948603	0.021652	9789	
-0.961625	0.077158	9315	
-0.958983	0.153944	4360	
-0.942290	0.258508	571	
-0.929117	0.301521	1197	
-0.901453	0.377693	1953	
-0.897253	0.384796	1953	
-0.896288	0.385931	1953	
-0.898849	0.380549	1953	
-0.883996	0.415168	6635	
-0.881883	0.420214	6635	
-0.867058	0.447083	2158	
-0.859585	0.458932	3468	
-0.858500	0.461282	3468	
-0.856675	0.464322	3468	
-0.855211	0.467378	3468	
-0.877286	0.427117	4783	
-0.893463	0.392806	1048	
-0.893217	0.393422	1048	
-0.896533	0.388093	1953	
-0.918422	0.331743	1058	
-0.927380	0.306073	1699	
-0.940128	0.265945	827	
-0.949966	0.221130	637	
-0.961826	0.142261	4360	
-0.960092	0.059395	9315	
-0.951134	0.029442	9789	
-0.932903	-0.002021	9216	
-0.905253	-0.019228	8485	
-0.876183	-0.053765	6255	
-0.842159	-0.055294	1358	
-0.843761	-0.059911	3792	
-0.792340	-0.023398	8781	
-0.737703	0.046269	7595	
-0.541710	-0.088122	8015	
-0.447871	-0.175344	5116	
-0.333798	-0.264693	4950	
-0.227939	-0.284766	502	
-0.157850	-0.245339	2467	
-0.122866	-0.194081	5451	
-0.166050	0.043330	6613	
-0.264715	0.030010	6440	
-0.236455	0.047751	923	
-0.156595	0.033435	5990	
-0.161718	0.027740	6203	
-0.159865	0.037284	7353	
-0.237930	0.048188	923	
-0.210702	0.063528	5802	
-0.334608	0.050097	11005	
-0.402904	0.102674	9681	
-0.410770	0.121927	9820	
-0.438110	0.166042	6813	
-0.507385	0.267021	9505	
-0.535811	0.309994	8336	
-0.561656	0.342581	10558	
-0.571223	0.564531	1584	
-0.356024	0.637676	2791	
-0.343190	0.639198	2065	
-0.338668	0.639615	2065	
-0.330379	0.640862	2373	
-0.324268	0.641754	2373	
-0.322132	0.640261	2373	
-0.324407	0.637289	5261	
-0.323925	0.636900	5261	
-0.324696	0.636810	5261	
-0.324571	0.637333	5261	
-0.322556	0.640601	2373	
-0.326115	0.641106	2373	
-0.328085	0.640265	2373	
-0.333598	0.640029	2373	
-0.342345	0.638891	2065	
-0.345906	0.638724	2065	
-0.362963	0.636656	9549	
-0.522453	0.588663	3805	
-0.624112	0.418711	433	
-0.523588	0.294870	2035	
-0.544521	0.320254	10332	
-0.488383	0.237161	8312	
-0.410353	0.127221	3389	
-0.414748	0.125358	3389	
-0.382688	0.085365	7096	
-0.335403	0.046851	11005	
-0.241236	0.047725	923	
-0.156043	0.010712	10974	
-0.121810	-0.133791	8259	
-0.128627	-0.132008	6782	
-0.129979	-0.195753	4580	
-0.148157	-0.243702	4639	
-0.187204	-0.278170	5359	
-0.246722	-0.295076	3265	
-0.311191	-0.273528	3465	
-0.343453	-0.254879	4950	
-0.447310	-0.174357	5116	
-0.633514	0.002242	9142	
-0.755672	0.028604	5841	
-0.818364	-0.050888	1602	
-0.831096	-0.057138	1358	
-0.873667	-0.051050	6255	
-0.902338	-0.023101	8485	
-0.929606	-0.002881	9216	
-0.956673	0.051500	9315	
-0.962779	0.117062	3546	
-0.952326	0.198935	3052	
-0.931194	0.295361	1197	
-0.912665	0.345081	2358	
-0.887409	0.407321	1048	
-0.881539	0.418053	6635	
-0.877563	0.424816	4783	
-0.882108	0.416260	6635	
-0.867088	0.446146	2158	
-0.864835	0.450637	2158	
-0.853868	0.467827	3468	
-0.842489	0.485726	5778	
-0.842273	0.486313	5778	
-0.839792	0.490832	829	
-0.840476	0.490525	829	
-0.859833	0.457776	3468	
-0.877337	0.425969	4783	
-0.875888	0.428688	4783	
-0.880115	0.421839	6635	
-0.903752	0.370495	3871	
-0.909786	0.354183	3871	
-0.927704	0.304009	1699	
-0.942294	0.254741	571	
-0.956333	0.179791	3984	
-0.962598	0.094538	4612	
-0.958342	0.059472	9315	
-0.947126	0.020201	9789	
-0.928204	-0.005354	9216	
-0.895502	-0.033214	8249	
-0.864230	-0.050040	5253	
-0.855458	-0.059380	3792	
-0.808457	-0.040601	8806	
-0.771540	0.012417	8237	
-0.621072	-0.009744	9142	
-0.511830	-0.116119	4065	
-0.381652	-0.230591	4987	
-0.267803	-0.279353	1950	
-0.191745	-0.267554	5368	
-0.143356	-0.233316	658	
-0.148071	-0.062163	10421	
-0.192671	0.050723	5317	
-0.170880	0.046153	10753	
-0.137836	-0.080661	7147	
-0.141568	-0.084667	7147	
-0.141791	-0.074454	7147	
-0.170323	0.048596	6613	
-0.158805	0.041276	7353	
-0.267339	0.031971	6440	
-0.347035	0.047950	8116	
-0.352819	0.060477	8116	
-0.376796	0.085245	7096	
-0.415780	0.112959	8444	
-0.420482	0.136108	3231	
-0.424739	0.148488	4013	
-0.438472	0.163942	6813	
-0.470466	0.208100	9676	
-0.477488	0.218978	5613	
-0.480430	0.223780	5613	
-0.485362	0.230818	4694	
-0.489395	0.236867	8312	
-0.496857	0.249541	9438	
-0.506054	0.264820	9505	
-0.508730	0.268910	10514	
-0.507808	0.267616	9505	
-0.505962	0.264758	9505	
-0.494973	0.246511	9438	
-0.489119	0.236967	8312	
-0.489458	0.237974	8312	
-0.484523	0.230091	4694	
-0.479024	0.221859	5613	
-0.476377	0.217469	5613	
-0.467720	0.203899	9676	
-0.441719	0.164981	6813	
-0.429235	0.154690	4013	
-0.417616	0.134859	3231	
-0.422356	0.133433	3231	
-0.409392	0.103714	9681	
-0.352142	0.066071	6666	
-0.357510	0.061718	9503	
-0.324398	0.041451	2256	
-0.269393	0.028816	6440	
-0.172039	0.052987	10611	
-0.132444	-0.103802	3264	
-0.123162	-0.191419	4580	
-0.132996	-0.189608	4580	
-0.152700	-0.233402	4181	
-0.179622	-0.267392	4522	
-0.223338	-0.285872	502	
-0.285941	-0.283852	3493	
-0.357051	-0.245134	4990	
-0.393391	-0.217946	4985	
-0.512632	-0.114416	4065	
-0.701621	0.049099	5950	
-0.785274	-0.002053	8984	
-0.833019	-0.054125	1358	
-0.847453	-0.051555	1358	
-0.892382	-0.034122	8249	
-0.921256	-0.007023	9498	
-0.944943	0.019710	9789	
-0.961265	0.081585	10605	
-0.958757	0.151044	4360	
-0.944537	0.238293	387	
-0.916057	0.336532	1058	
-0.898211	0.380936	1953	
-0.872302	0.435292	4783	
-0.862634	0.451427	2158	
-0.861948	0.451565	2158	
-0.863122	0.449609	2158	
-0.850747	0.472191	3468	
-0.845761	0.480499	3468	
-0.833462	0.500038	829	
-0.825044	0.512813	829	
-0.824886	0.513111	829	
-0.822125	0.517616	1481	
-0.823425	0.516623	1481	
-0.843829	0.482990	5778	
-0.859157	0.457653	3468	
-0.858719	0.458474	3468	
-0.862767	0.452243	2158	
-0.887088	0.407777	1048	
-0.895816	0.387205	1953	
-0.912066	0.346327	2358	
-0.930720	0.293109	1197	
-0.948253	0.225396	637	
-0.961693	0.127808	4360	
-0.961979	0.090151	4612	
-0.956052	0.049362	9315	
-0.941385	0.015346	10577	
-0.914815	-0.009388	9498	
-0.872302	-0.046385	6255	
-0.870010	-0.054239	5253	
-0.823724	-0.052032	1602	
-0.794175	-0.014607	8967	
-0.694577	0.048089	5950	
-0.587812	-0.043556	7444	
-0.435694	-0.184576	5116	
-0.311669	-0.262169	3465	
-0.229231	-0.275210	6986	
-0.173566	-0.259784	3432	
-0.140387	-0.146608	2338	
-0.163032	-0.014571	3817	
-0.151484	-0.054968	4669	
-0.129039	-0.161637	1320	
-0.137238	-0.160081	3919	
-0.134056	-0.154971	3852	
-0.151874	-0.049448	4982	
-0.141600	-0.070408	10507	
-0.194244	0.052979	5965	
-0.284843	0.024341	3311	
-0.290601	0.032136	8590	
-0.316905	0.043344	835	
-0.361753	0.050257	3597	
-0.362393	0.068381	5983	
-0.365334	0.077797	7317	
-0.377354	0.082346	7096	
-0.400852	0.094757	10583	
-0.404817	0.096933	9681	
-0.406253	0.098396	9681	
-0.408908	0.099950	9681	
-0.410980	0.100827	9681	
-0.413163	0.105751	9681	
-0.415503	0.111481	8444	
-0.416161	0.113345	8444	
-0.415826	0.112841	8444	
-0.415397	0.111682	8444	
-0.412606	0.104785	9681	
-0.410482	0.101612	9681	
-0.410326	0.102570	9681	
-0.408147	0.100542	9681	
-0.405325	0.098220	9681	
-0.404035	0.097096	9681	
-0.399254	0.093166	9858	
-0.380379	0.080305	7096	
-0.369132	0.080751	7317	
-0.359427	0.069227	5983	
-0.365285	0.064657	9503	
-0.355516	0.045841	3597	
-0.287966	0.036791	8590	
-0.295240	0.031196	8697	
-0.256110	0.030413	4479	
-0.197170	0.049259	5965	
-0.152857	-0.041637	5617	
-0.128768	-0.172277	4294	
-0.143457	-0.232171	658	
-0.155553	-0.228934	1705	
-0.185477	-0.258521	4522	
-0.215461	-0.278762	7723	
-0.262367	-0.281804	1950	
-0.329820	-0.261926	4950	
-0.408421	-0.205182	4985	
-0.449486	-0.169232	3254	
-0.589274	-0.041163	7444	
-0.749140	0.039911	7404	
-0.803422	-0.022851	8806	
-0.849382	-0.047468	1358	
-0.862168	-0.048029	6255	
-0.911980	-0.010340	8485	
-0.936957	0.010771	9216	
-0.953775	0.047990	8923	
-0.961941	0.113133	4612	
-0.951268	0.201458	637	
-0.934071	0.279746	1197	
-0.901479	0.372613	3871	
-0.882308	0.415019	6635	
-0.850384	0.472924	3468	
-0.844851	0.479801	3468	
-0.841426	0.484700	5778	
-0.844517	0.479690	3468	
-0.833230	0.499040	829	
-0.827442	0.508086	829	
-0.817569	0.523833	2352	
-0.806430	0.540895	2352	
-0.806348	0.541039	2352	
-0.804093	0.544752	2352	
-0.805504	0.543390	2352	
-0.825258	0.511535	829	
-0.841686	0.485267	5778	
-0.840297	0.487807	829	
-0.845065	0.480596	3468	
-0.869767	0.440134	4783	
-0.878724	0.422823	4783	
-0.897865	0.380651	1953	
-0.914883	0.337154	1058	
-0.940176	0.259852	571	
-0.955781	0.175509	3984	
-0.962065	0.121241	3546	
-0.960932	0.079357	10605	
-0.952247	0.042234	8923	
-0.934434	0.001941	9216	
-0.890230	-0.033752	8249	
-0.887118	-0.040823	8249	
-0.840265	-0.047902	1358	
-0.812163	-0.034126	8806	
-0.745211	0.046439	7404	
-0.667830	0.034885	9080	
-0.495390	-0.130041	3469	
-0.359640	-0.233620	3512	
-0.270947	-0.269774	2810	
-0.208640	-0.273711	7508	
-0.154431	-0.195982	7979	
-0.147482	-0.114060	3436	
-0.143741	-0.141122	4848	
-0.142954	-0.208561	8737	
-0.153774	-0.206615	7979	
-0.147965	-0.203778	6746	
-0.142250	-0.138606	4848	
-0.131688	-0.152801	3852	
-0.163042	-0.007413	10392	
-0.213407	0.039068	963	
-0.216984	0.044475	963	
-0.245223	0.037512	2068	
-0.304691	0.020648	4733	
-0.300958	0.034838	8697	
-0.303514	0.041441	9531	
-0.317722	0.040848	835	
-0.346082	0.042193	10009	
-0.350920	0.042182	8539	
-0.352622	0.042885	8539	
-0.355836	0.042803	8539	
-0.358549	0.042669	8539	
-0.360157	0.045547	8539	
-0.361775	0.049103	3597	
-0.362158	0.050353	3597	
-0.361856	0.050137	3597	
-0.361591	0.049354	3597	
-0.359685	0.045171	8539	
-0.357617	0.043440	8539	
-0.357083	0.044615	8539	
-0.354606	0.043770	8539	
-0.351410	0.043144	8539	
-0.349937	0.042777	8539	
-0.344373	0.041533	10009	
-0.322311	0.038118	2256	
-0.307815	0.042503	9531	
-0.297024	0.036495	8697	
-0.305790	0.030683	4733	
-0.297075	0.019215	5182	
-0.212525	0.051122	6979	
-0.222602	0.040468	587	
-0.186474	0.048126	5317	
-0.164800	-0.009695	3817	
-0.141266	-0.134264	4848	
-0.145652	-0.216409	2561	
-0.173232	-0.258103	3432	
-0.187182	-0.251725	3924	
-0.221877	-0.268464	6986	
-0.255067	-0.277384	800	
-0.305632	-0.266162	3465	
-0.378305	-0.228668	4987	
-0.466246	-0.153866	3567	
-0.510574	-0.113355	4065	
-0.667834	0.036004	9080	
-0.781261	0.010800	8237	
-0.821154	-0.035471	1602	
-0.864209	-0.044692	6255	
-0.877788	-0.042664	6255	
-0.930171	0.001068	9216	
-0.949254	0.036658	8923	
-0.959514	0.075839	9315	
-0.957935	0.154845	4360	
-0.942253	0.245645	571	
-0.920927	0.317204	1058	
-0.884163	0.410790	1048	
-0.862878	0.449244	2158	
-0.832500	0.500525	829	
-0.825731	0.510023	829	
-0.821345	0.516213	1481	
-0.825615	0.509028	829	
-0.813757	0.528665	2352	
-0.806182	0.540042	2352	
-0.792311	0.561170	2061	
-0.782853	0.573126	2061	
-0.782200	0.574225	2061	
-0.780030	0.577407	2061	
-0.782585	0.574738	2061	
-0.805179	0.542042	2352	
-0.821856	0.516343	1481	
-0.821626	0.516769	1481	
-0.826527	0.509053	829	
-0.851007	0.471230	3468	
-0.855286	0.463969	3468	
-0.881496	0.416039	6635	
-0.899568	0.375390	3871	
-0.928099	0.297974	1197	
-0.947616	0.221185	637	
-0.956717	0.165463	3984	
-0.961101	0.112855	4612	
-0.958219	0.068833	9315	
-0.947689	0.027193	9789	
-0.918601	-0.003318	9216	
-0.912872	-0.008885	9498	
-0.856306	-0.040825	7660	
-0.828410	-0.044761	1358	
-0.777554	0.019994	8237	
-0.728485	0.061819	7426	
-0.569172	-0.060517	8635	
-0.412518	-0.192720	4910	
-0.316228	-0.251964	3617	
-0.249434	-0.275852	800	
-0.182830	-0.228092	4561	
-0.156036	-0.174024	5372	
-0.157708	-0.191335	7583	
-0.170697	-0.241103	8541	
-0.183087	-0.235653	3924	
-0.175644	-0.235600	8541	
-0.154883	-0.190854	7979	
-0.144101	-0.202899	6746	
-0.144716	-0.111338	3058	
-0.172332	-0.002207	9825	
-0.170406	0.012368	10658	
-0.177880	0.045239	10753	
-0.238613	0.022821	938	
-0.228087	0.040235	1185	
-0.229174	0.044854	1185	
-0.248044	0.033866	4715	
-0.285252	0.019955	3311	
-0.291909	0.018104	3043	
-0.294050	0.017870	3043	
-0.298559	0.016672	5182	
-0.302569	0.015694	5182	
-0.304049	0.017394	5182	
-0.305094	0.019841	4733	
-0.305250	0.020612	4733	
-0.304890	0.020506	4733	
-0.304768	0.020013	4733	
-0.303389	0.017368	5182	
-0.300915	0.016575	5182	
-0.299732	0.017676	5182	
-0.296415	0.017935	5182	
-0.292227	0.018790	3043	
-0.290495	0.018836	3043	
-0.283065	0.020145	3311	
-0.254307	0.028663	4479	
-0.234516	0.042681	923	
-0.223002	0.044745	1185	
-0.235442	0.032703	1402	
-0.230733	0.025693	1402	
-0.166342	0.017883	10658	
-0.172967	0.014960	8703	
-0.161341	-0.028221	4445	
-0.147944	-0.110672	3436	
-0.152336	-0.187973	5372	
-0.174641	-0.245940	3924	
-0.208476	-0.272555	7508	
-0.225078	-0.263032	6986	
-0.263915	-0.265977	2810	
-0.298212	-0.263969	2333	
-0.352982	-0.238532	3512	
-0.431827	-0.183674	3254	
-0.534575	-0.090726	7435	
-0.588292	-0.039631	7444	
-0.730347	0.063231	7426	
-0.802878	-0.010707	9218	
-0.838421	-0.035185	7660	
-0.880288	-0.039404	6255	
-0.899135	-0.020371	8485	
-0.946828	0.027190	9789	
-0.957510	0.071500	9315	
-0.960227	0.111728	4612	
-0.950311	0.203449	637	
-0.931241	0.285806	1197	
-0.903726	0.361981	3871	
-0.865232	0.444540	4783	
-0.843320	0.481285	3468	
-0.813366	0.529282	2352	
-0.803882	0.542733	2352	
-0.797157	0.551514	2061	
-0.800151	0.546850	2352	
-0.790073	0.561824	2061	
-0.782656	0.572070	2061	
-0.764177	0.596686	2314	
-0.761562	0.598650	5281	
-0.760312	0.600467	5281	
-0.758863	0.602822	5281	
-0.762205	0.599551	2314	
-0.783479	0.571489	2061	
-0.800185	0.548805	2269	
-0.800277	0.548858	2269	
-0.805525	0.540718	2352	
-0.834559	0.495747	829	
-0.842062	0.483533	5778	
-0.861325	0.451368	2158	
-0.882837	0.411804	1048	
-0.911243	0.343384	2358	
-0.939136	0.256943	571	
-0.948783	0.211882	637	
-0.957145	0.155213	4360	
-0.960523	0.101828	4612	
-0.955727	0.056980	9315	
-0.935969	0.013139	9216	
-0.931090	0.002109	9216	
-0.871975	-0.037705	6255	
-0.846653	-0.033807	7660	
-0.801771	-0.005410	8728	
-0.768622	0.035453	7611	
-0.651548	0.022977	9808	
-0.471355	-0.141296	2260	
-0.364863	-0.221784	3449	
-0.292533	-0.263973	2333	
-0.220172	-0.243308	6987	
-0.181646	-0.209862	1636	
-0.186170	-0.222593	4561	
-0.205969	-0.258462	4711	
-0.220463	-0.249265	6987	
-0.211853	-0.251932	6276	
-0.182662	-0.223386	4561	
-0.171187	-0.235150	8541	
-0.151087	-0.173278	4524	
-0.155668	-0.099305	2275	
-0.149909	-0.091769	2275	
-0.156890	-0.044954	5256	
-0.184636	0.020247	10669	
-0.173881	0.022725	8703	
-0.171241	0.031800	8993	
-0.180991	0.044302	10049	
-0.216339	0.033664	587	
-0.224893	0.027703	1754	
-0.227227	0.026474	1754	
-0.233121	0.022472	1402	
-0.238603	0.018756	938	
-0.239347	0.019779	938	
-0.239549	0.021662	938	
-0.239317	0.022427	938	
-0.238963	0.022749	938	
-0.239090	0.021983	938	
-0.238651	0.020176	938	
-0.236153	0.020758	938	
-0.234156	0.022716	1402	
-0.230060	0.025053	1754	
-0.224025	0.029208	1754	
-0.222726	0.029521	1754	
-0.214021	0.034891	963	
-0.186669	0.044772	10041	
-0.173065	0.036291	8993	
-0.170905	0.022000	10658	
-0.178925	0.025585	10669	
-0.181870	0.010240	9187	
-0.145234	-0.090903	3211	
-0.152402	-0.087392	6780	
-0.150336	-0.121686	3436	
-0.155891	-0.171586	5372	
-0.179053	-0.222171	4561	
-0.210371	-0.261299	6276	
-0.248085	-0.274106	800	
-0.267205	-0.259089	2810	
-0.309312	-0.250076	9842	
-0.345294	-0.239252	3512	
-0.404658	-0.200011	3593	
-0.493538	-0.128051	3240	
-0.617081	-0.009614	7386	
-0.669056	0.039940	9080	
-0.770784	0.034726	8441	
-0.821996	-0.023310	9218	
-0.856571	-0.029802	5387	
-0.899517	-0.018323	8485	
-0.916875	-0.000553	9216	
-0.954278	0.056402	9315	
-0.959093	0.099768	9453	
-0.956332	0.155347	4360	
-0.941665	0.243535	571	
-0.916507	0.327158	1058	
-0.886782	0.400892	1048	
-0.847196	0.474109	3468	
-0.822136	0.514516	829	
-0.789615	0.562588	2061	
-0.778241	0.576140	2061	
-0.770615	0.584340	5281	
-0.773450	0.580417	5281	
-0.763473	0.593283	5281	
-0.762602	0.594680	5281	
-0.743914	0.618521	9868	
-0.739592	0.622397	9868	
-0.739564	0.622711	9868	
-0.736353	0.626518	9868	
-0.741556	0.621847	9868	
-0.758113	0.601509	5281	
-0.773987	0.582596	2314	
-0.773762	0.583297	2314	
-0.780629	0.574397	2061	
-0.813828	0.527701	2352	
-0.822227	0.514360	829	
-0.841526	0.483500	5778	
-0.863036	0.447138	2158	
-0.895409	0.380388	1953	
-0.926320	0.299270	1197	
-0.940088	0.251406	571	
-0.949576	0.204047	637	
-0.958417	0.141532	4360	
-0.959556	0.085164	9453	
-0.944234	0.031832	8923	
-0.944538	0.025497	9789	
-0.890518	-0.027132	8485	
-0.863189	-0.030024	5387	
-0.821471	-0.018356	9218	
-0.797077	0.006464	8728	
-0.717481	0.062119	7576	
-0.541830	-0.077437	7406	
-0.418720	-0.179784	1913	
-0.338809	-0.240474	2366	
-0.262816	-0.243399	1254	
-0.217430	-0.228636	6277	
-0.223793	-0.237555	6987	
-0.245709	-0.261911	8068	
-0.263007	-0.248692	1254	
-0.253332	-0.254028	9270	
-0.219631	-0.239210	6987	
-0.206400	-0.253663	4711	
-0.175646	-0.210997	1636	
-0.164207	-0.160635	4677	
-0.153378	-0.160040	3524	
-0.149117	-0.132981	4848	
-0.163064	-0.068990	6954	
-0.153261	-0.078923	8629	
-0.151458	-0.071313	10549	
-0.158819	-0.042502	5256	
-0.175386	-0.004838	2303	
-0.179684	0.002860	9825	
-0.180746	0.005583	9825	
-0.183888	0.010710	9187	
-0.186843	0.015962	10037	
-0.186437	0.018116	10037	
-0.185375	0.020481	10669	
-0.184862	0.020803	10669	
-0.184679	0.020733	10669	
-0.185122	0.020094	10669	
-0.186128	0.017435	10037	
-0.185452	0.014181	10037	
-0.184055	0.012665	9187	
-0.181935	0.008639	9187	
-0.178923	0.003124	9825	
-0.178565	0.001094	2303	
-0.174285	-0.006864	3539	
-0.161805	-0.033314	4445	
-0.153378	-0.063443	4669	
-0.150240	-0.082610	8629	
-0.157749	-0.070269	10679	
-0.162539	-0.080034	996	
-0.145505	-0.161701	3919	
-0.156127	-0.156253	3524	
-0.162185	-0.177185	5372	
-0.181176	-0.208054	1636	
-0.215510	-0.239668	6987	
-0.251572	-0.262824	9270	
-0.291469	-0.262671	2175	
-0.313720	-0.242534	9842	
-0.358581	-0.222270	3449	
-0.397640	-0.201134	3593	
-0.462309	-0.149780	3567	
-0.568579	-0.057874	8635	
-0.691039	0.051821	5950	
-0.731684	0.067370	7595	
-0.794778	0.013530	8728	
-0.840201	-0.022292	7660	
-0.872523	-0.026020	5387	
-0.919605	0.001721	9216	
-0.934377	0.013841	9216	
-0.958765	0.085645	9453	
-0.957280	0.145988	4360	
-0.948420	0.205515	637	
-0.930850	0.283322	1197	
-0.900413	0.366378	3871	
-0.866435	0.438685	4783	
-0.827627	0.504403	829	
-0.795737	0.552829	2061	
-0.763215	0.593605	5281	
-0.751728	0.606458	1554	
-0.746110	0.611624	9868	
-0.747722	0.609325	1554	
-0.739954	0.619001	9868	
-0.735982	0.623999	9868	
-0.721835	0.639776	1388	
-0.717959	0.643766	1388	
-0.717812	0.643966	1388	
-0.715035	0.647203	1388	
-0.721280	0.640846	1388	
-0.735150	0.625841	9868	
-0.748700	0.611464	9868	
-0.749421	0.610979	9868	
-0.755076	0.604443	5281	
-0.787089	0.564636	2061	
-0.795456	0.553284	2061	
-0.821258	0.514727	829	
-0.843510	0.479121	3468	
-0.875889	0.421933	4783	
-0.908117	0.346933	2358	
-0.928315	0.291425	1197	
-0.940556	0.244646	571	
-0.951664	0.190649	3984	
-0.958803	0.126214	4360	
-0.951925	0.065709	9315	
-0.953883	0.056869	9315	
-0.911953	0.001045	8018	
-0.880564	-0.023531	6507	
-0.840384	-0.018325	9738	
-0.817777	-0.009046	9218	
-0.763294	0.045468	7611	
-0.626592	0.005753	9142	
-0.478943	-0.127913	3240	
-0.390468	-0.204539	3593	
-0.309554	-0.229293	10733	
-0.259549	-0.231137	9684	
-0.266922	-0.236792	1580	
-0.289833	-0.251601	2175	
-0.310272	-0.234154	10733	
-0.299344	-0.241849	9606	
-0.262321	-0.240039	1254	
-0.246618	-0.257841	8068	
-0.210232	-0.231692	6277	
-0.189724	-0.197084	3395	
-0.175512	-0.201059	6560	
-0.163230	-0.184525	7583	
-0.166694	-0.139070	2742	
-0.154507	-0.151508	3524	
-0.149489	-0.148764	2338	
-0.151436	-0.130413	2604	
-0.160291	-0.097016	2275	
-0.162638	-0.087302	996	
-0.162616	-0.084706	996	
-0.164421	-0.077096	996	
-0.165656	-0.069983	6954	
-0.164889	-0.068587	6954	
-0.163667	-0.067742	6954	
-0.163250	-0.067844	6954	
-0.163036	-0.068484	6954	
-0.163423	-0.068454	6954	
-0.164683	-0.069690	6954	
-0.164794	-0.072809	10679	
-0.164141	-0.075591	10679	
-0.163008	-0.081165	996	
-0.161815	-0.088130	6780	
-0.161923	-0.089780	6780	
-0.159442	-0.099275	2275	
-0.152765	-0.123741	3193	
-0.150164	-0.143824	4848	
-0.150873	-0.155142	3919	
-0.159090	-0.144160	2742	
-0.169105	-0.145812	5196	
-0.165401	-0.204842	2093	
-0.178372	-0.197165	6560	
-0.189756	-0.210265	4039	
-0.216719	-0.227339	6277	
-0.257475	-0.241808	1254	
-0.296555	-0.250599	9606	
-0.338403	-0.239355	2366	
-0.363957	-0.213596	3449	
-0.411917	-0.182151	4910	
-0.455141	-0.152056	3567	
-0.530849	-0.088110	7435	
-0.652736	0.027743	9398	
-0.744544	0.056738	7595	
-0.772508	0.038669	7611	
-0.817206	-0.003525	9218	
-0.859137	-0.015304	5387	
-0.891076	-0.015457	7375	
-0.936273	0.017980	9216	
-0.947026	0.041799	8923	
-0.958856	0.129548	4360	
-0.949886	0.195835	3052	
-0.938989	0.247912	571	
-0.914865	0.329358	1058	
-0.882346	0.407270	1048	
-0.846185	0.472059	3468	
-0.800938	0.544120	2352	
-0.768827	0.585766	5281	
-0.739526	0.619612	9868	
-0.729889	0.629266	9868	
-0.721374	0.636944	1388	
-0.724680	0.633029	10912	
-0.716313	0.642334	1388	
-0.713693	0.645578	1388	
-0.699191	0.661296	1388	
-0.695543	0.665119	10527	
-0.695414	0.665232	10527	
-0.693548	0.667573	10527	
-0.698761	0.662150	8173	
-0.713991	0.646464	1388	
-0.726563	0.633714	10912	
-0.727105	0.633417	10912	
-0.732679	0.627689	9868	
-0.759547	0.596649	5281	
-0.768552	0.586107	5281	
-0.795146	0.552169	2061	
-0.822949	0.509648	829	
-0.854901	0.456592	3468	
-0.890693	0.386704	1048	
-0.911345	0.338160	1058	
-0.929625	0.284001	1197	
-0.941742	0.235676	387	
-0.952777	0.178299	3984	
-0.956435	0.101298	9453	
-0.958793	0.087332	9453	
-0.928793	0.013040	9216	
-0.898858	-0.006253	7375	
-0.859385	-0.010557	6507	
-0.836702	-0.014320	9738	
-0.793346	0.020465	8477	
-0.699706	0.062904	7525	
-0.552110	-0.062860	6290	
-0.446642	-0.157509	3272	
-0.359673	-0.202098	1506	
-0.305965	-0.218899	10940	
-0.313946	-0.221789	10940	
-0.338182	-0.229035	2366	
-0.359892	-0.206406	470	
-0.348755	-0.216857	3449	
-0.309203	-0.225980	10940	
-0.291698	-0.247734	9606	
-0.252043	-0.236144	9684	
-0.225310	-0.214646	7044	
-0.209194	-0.223571	6277	
-0.192118	-0.215262	3161	
-0.188749	-0.180005	6712	
-0.175129	-0.194426	7818	
-0.167639	-0.194620	7583	
-0.165762	-0.182035	7583	
-0.170254	-0.156974	6705	
-0.171064	-0.149706	5196	
-0.170468	-0.148169	5196	
-0.171000	-0.142134	5196	
-0.170753	-0.137364	4320	
-0.169318	-0.137243	4320	
-0.167350	-0.137810	2604	
-0.166801	-0.138365	2604	
-0.166652	-0.138706	2742	
-0.167155	-0.138410	2742	
-0.169351	-0.137988	4320	
-0.170190	-0.139882	5196	
-0.170080	-0.141807	5196	
-0.170115	-0.145700	5196	
-0.170120	-0.150816	5196	
-0.170549	-0.151818	5196	
-0.169586	-0.159195	6211	
-0.166218	-0.177231	5372	
-0.167337	-0.191094	7583	
-0.171079	-0.198495	7818	
-0.179721	-0.187376	7818	
-0.192961	-0.183785	6712	
-0.197374	-0.230471	2640	
-0.211844	-0.219534	7044	
-0.226906	-0.225815	8242	
-0.258649	-0.230274	9684	
-0.303913	-0.229347	10940	
-0.345496	-0.225948	3512	
-0.390115	-0.203569	3593	
-0.417012	-0.172064	1913	
-0.471835	-0.131405	3208	
-0.521656	-0.093339	7435	
-0.614090	-0.007324	7386	
-0.719360	0.067960	7576	
-0.780939	0.030245	8441	
-0.801527	0.012728	5940	
-0.837367	-0.009397	9738	
-0.876953	-0.011569	6507	
-0.911944	0.011899	8018	
-0.948041	0.046584	8923	
-0.953375	0.076943	10605	
-0.952225	0.179585	3984	
-0.939980	0.238568	387	
-0.927078	0.289956	1197	
-0.897557	0.369951	3871	
-0.861076	0.445155	4783	
-0.821807	0.509905	829	
-0.774144	0.578062	5281	
-0.743739	0.613418	9868	
-0.716907	0.641678	1388	
-0.705592	0.652648	1388	
-0.697579	0.659480	848	
-0.698390	0.658141	848	
-0.692187	0.664847	10527	
-0.689207	0.668569	10527	
-0.676814	0.680995	10527	
-0.673126	0.684563	10039	
-0.672877	0.684806	10039	
-0.671294	0.686638	10039	
-0.677378	0.680856	10527	
-0.691708	0.667120	10527	
-0.703027	0.656284	1388	
-0.703928	0.655682	1388	
-0.709572	0.649824	1388	
-0.735806	0.622300	9868	
-0.741146	0.617046	9868	
-0.768489	0.584551	5281	
-0.793309	0.553121	2061	
-0.829386	0.496381	829	
-0.869925	0.427206	4783	
-0.893429	0.379234	1953	
-0.913030	0.331333	1058	
-0.931298	0.275209	827	
-0.943332	0.225524	637	
-0.954692	0.148444	10327	
-0.957758	0.123608	4360	
-0.942857	0.040757	8923	
-0.918972	0.017031	8018	
-0.877704	-0.007861	6507	
-0.856406	-0.006415	5616	
-0.817228	0.003712	8728	
-0.752307	0.060729	7595	
-0.639199	0.024359	9808	
-0.511884	-0.100310	4065	
-0.412376	-0.163163	1646	
-0.355467	-0.193447	1506	
-0.364249	-0.194040	2564	
-0.390118	-0.193889	3593	
-0.413194	-0.166805	1646	
-0.401411	-0.179435	1868	
-0.359001	-0.199441	1506	
-0.340398	-0.224693	2366	
-0.297897	-0.225983	11012	
-0.266996	-0.216492	8054	
-0.250183	-0.229643	9684	
-0.230130	-0.229234	7987	
-0.221694	-0.201600	7226	
-0.207704	-0.218675	6325	
-0.198739	-0.221634	3161	
-0.194843	-0.212363	4039	
-0.196560	-0.191389	7259	
-0.196257	-0.185570	7259	
-0.195198	-0.184741	7259	
-0.194649	-0.180258	6712	
-0.193382	-0.176882	6712	
-0.191340	-0.177566	6712	
-0.189158	-0.178917	6712	
-0.188624	-0.179550	6712	
-0.188703	-0.179723	6712	
-0.189047	-0.179448	6712	
-0.191762	-0.177977	6712	
-0.193169	-0.178894	6712	
-0.193423	-0.180327	6712	
-0.194234	-0.183170	6712	
-0.195278	-0.186849	7259	
-0.195954	-0.187434	7259	
-0.196117	-0.193231	3395	
-0.194643	-0.208541	4039	
-0.197815	-0.218903	3161	
-0.203393	-0.223329	2640	
-0.212212	-0.211168	6325	
-0.227181	-0.202917	6794	
-0.236989	-0.240113	6639	
-0.252712	-0.225571	9684	
-0.269667	-0.225306	8054	
-0.304709	-0.218477	10940	
-0.353542	-0.203907	470	
-0.397912	-0.189058	5722	
-0.446498	-0.156664	3272	
-0.477247	-0.121441	2855	
-0.542556	-0.069086	6290	
-0.603023	-0.016820	6801	
-0.690534	0.059266	7525	
-0.765312	0.051269	7611	
-0.807137	0.010474	5940	
-0.823857	0.001099	9738	
-0.858323	-0.001356	5616	
-0.896318	0.000992	7375	
-0.929781	0.026499	1475	
-0.954087	0.081439	10605	
-0.956195	0.115373	4612	
-0.942864	0.226218	637	
-0.928468	0.281969	1197	
-0.909291	0.339022	1058	
-0.877604	0.411776	1048	
-0.836177	0.484661	829	
-0.793039	0.551630	1641	
-0.747400	0.608267	1554	
-0.720453	0.636714	1388	
-0.692112	0.665158	10527	
-0.682157	0.673761	10527	
-0.672793	0.681222	10039	
-0.673620	0.679896	10527	
-0.667845	0.685877	10039	
-0.665168	0.689079	2653	
-0.653101	0.700327	2653	
-0.648765	0.704390	2653	
-0.648365	0.704847	2653	
-0.647303	0.706112	2653	
-0.653691	0.700319	2653	
-0.667711	0.687737	10039	
-0.680362	0.676350	10527	
-0.680947	0.676236	10527	
-0.686111	0.671178	10527	
-0.710780	0.646475	1388	
-0.719081	0.638217	1388	
-0.741449	0.614449	9868	
-0.766370	0.585826	5281	
-0.800933	0.539881	5364	
-0.843435	0.471310	3468	
-0.871722	0.422538	4783	
-0.894094	0.375512	3871	
-0.914715	0.324809	1058	
-0.932995	0.268831	827	
-0.944037	0.213464	637	
-0.951480	0.178902	3984	
-0.950545	0.081550	10605	
-0.934218	0.036861	1475	
-0.897378	0.005037	8370	
-0.875566	-0.002254	6507	
-0.838509	-0.001721	5508	
-0.788655	0.037406	8477	
-0.711241	0.074162	7576	
-0.595038	-0.023609	5198	
-0.471337	-0.115490	2855	
-0.407333	-0.156794	1646	
-0.417367	-0.154795	7906	
-0.448937	-0.146208	3567	
-0.472512	-0.118256	2855	
-0.459165	-0.132400	2130	
-0.411696	-0.161042	1646	
-0.392455	-0.189054	5722	
-0.346850	-0.202738	470	
-0.313052	-0.203073	6049	
-0.295578	-0.220690	11012	
-0.273505	-0.227252	8054	
-0.261907	-0.206076	7009	
-0.248184	-0.226021	9684	
-0.238236	-0.231959	7987	
-0.233018	-0.225621	8242	
-0.232382	-0.207563	8094	
-0.231290	-0.202900	6794	
-0.230030	-0.202609	6794	
-0.228754	-0.199058	6794	
-0.226717	-0.197134	6794	
-0.224441	-0.198500	7226	
-0.222148	-0.200468	7226	
-0.221521	-0.201322	7226	
-0.221716	-0.201279	7226	
-0.222073	-0.200934	7226	
-0.225025	-0.198658	7226	
-0.226915	-0.198579	6794	
-0.227362	-0.199669	6794	
-0.228608	-0.201833	6794	
-0.230309	-0.204402	6794	
-0.231184	-0.204643	6794	
-0.232216	-0.209231	8094	
-0.232384	-0.222380	8242	
-0.236988	-0.230021	7987	
-0.243584	-0.231699	7987	
-0.252308	-0.218180	9666	
-0.268169	-0.204910	1575	
-0.281509	-0.234282	10898	
-0.298068	-0.216282	11012	
-0.316513	-0.210461	10778	
-0.354095	-0.193473	1506	
-0.406108	-0.166245	1646	
-0.455221	-0.141548	2260	
-0.512362	-0.099341	4065	
-0.551437	-0.057205	5226	
-0.629897	0.016447	9484	
-0.682848	0.058401	5950	
-0.746840	0.067561	8107	
-0.797017	0.025536	8477	
-0.829193	0.000574	5508	
-0.845642	0.003474	5508	
-0.877359	0.003741	6507	
-0.916913	0.027354	8018	
-0.941459	0.054775	8923	
-0.955993	0.122144	4360	
-0.951760	0.169754	9979	
-0.931226	0.272217	827	
-0.910902	0.332585	1058	
-0.889297	0.384945	1048	
-0.851667	0.456562	3468	
-0.807304	0.529574	5364	
-0.763021	0.588459	5281	
-0.722280	0.633822	1388	
-0.695061	0.660575	2000	
-0.669058	0.684863	10039	
-0.654712	0.696670	2653	
-0.643839	0.704929	2653	
-0.645303	0.703184	2653	
-0.640289	0.708002	8850	
-0.638617	0.710242	8850	
-0.628796	0.719059	3344	
-0.625507	0.721993	3344	
-0.625169	0.722507	3344	
-0.624895	0.723094	3344	
-0.630418	0.718176	6274	
-0.640905	0.709602	8850	
-0.654880	0.697473	2653	
-0.655613	0.697259	2653	
-0.661577	0.691918	2653	
-0.686047	0.668962	10527	
-0.690604	0.665265	10527	
-0.715861	0.639718	1388	
-0.739463	0.615032	9868	
-0.771490	0.577197	7193	
-0.814630	0.516951	5364	
-0.843861	0.469417	3468	
-0.871795	0.419762	4783	
-0.895103	0.370257	3871	
-0.916775	0.317255	1058	
-0.932431	0.261225	571	
-0.941092	0.228449	387	
-0.953890	0.126269	10327	
-0.944584	0.070406	10605	
-0.917836	0.031382	1475	
-0.894286	0.007720	8370	
-0.859996	0.007699	5616	
-0.815860	0.020360	5940	
-0.761481	0.063621	6933	
-0.676823	0.057617	7246	
-0.544739	-0.054787	5226	
-0.464593	-0.112146	1668	
-0.476811	-0.107224	2855	
-0.516462	-0.088447	5756	
-0.545910	-0.056563	5226	
-0.528626	-0.073793	4964	
-0.470428	-0.114282	2855	
-0.450065	-0.141427	2130	
-0.398467	-0.167213	2434	
-0.361458	-0.177101	1316	
-0.344460	-0.198202	470	
-0.320768	-0.210841	1498	
-0.306589	-0.195712	6049	
-0.293141	-0.218284	10878	
-0.282551	-0.226921	10898	
-0.276335	-0.223019	8054	
-0.274283	-0.207320	7708	
-0.272649	-0.203510	1575	
-0.271246	-0.203792	1575	
-0.269476	-0.201155	1575	
-0.267010	-0.200217	1575	
-0.264651	-0.202276	1575	
-0.262311	-0.204867	7009	
-0.261687	-0.205720	7009	
-0.261834	-0.205878	7009	
-0.262286	-0.205280	7009	
-0.265293	-0.202207	1575	
-0.267269	-0.201544	1575	
-0.268010	-0.202163	1575	
-0.269692	-0.203563	1575	
-0.271715	-0.205240	1575	
-0.272679	-0.205114	1575	
-0.274182	-0.208913	7708	
-0.275353	-0.220509	8054	
-0.281135	-0.225587	10898	
-0.288526	-0.224703	11012	
-0.297354	-0.209279	10178	
-0.313166	-0.192658	6624	
-0.329676	-0.214992	1498	
-0.346785	-0.193360	1506	
-0.366148	-0.182806	2564	
-0.405791	-0.157095	1646	
-0.463982	-0.120057	1668	
-0.523283	-0.082922	5756	
-0.593846	-0.023825	5198	
-0.640929	0.032139	9398	
-0.704622	0.074326	7576	
-0.742747	0.076367	8107	
-0.785702	0.045627	8441	
-0.821701	0.013015	5736	
-0.851854	0.010935	5616	
-0.866924	0.013029	5616	
-0.897169	0.014600	8370	
-0.932110	0.048542	1475	
-0.947865	0.095017	9453	
-0.950237	0.177343	9979	
-0.940725	0.222678	637	
-0.913851	0.323978	1058	
-0.889236	0.382634	1048	
-0.863882	0.434163	4783	
-0.822057	0.504796	453	
-0.777806	0.568253	1641	
-0.734606	0.618624	9868	
-0.695717	0.658681	2000	
-0.671536	0.681051	10039	
-0.641588	0.707073	8850	
-0.628212	0.717061	6274	
-0.617680	0.724196	3344	
-0.618719	0.722812	3344	
-0.614458	0.726878	3344	
-0.614367	0.727972	3344	
-0.606657	0.735520	1443	
-0.604369	0.737833	1443	
-0.604267	0.738327	1443	
-0.604284	0.738639	1443	
-0.608507	0.734703	3344	
-0.617640	0.726829	3344	
-0.629265	0.717166	6274	
-0.630573	0.716597	6274	
-0.635498	0.712596	8850	
-0.659281	0.692009	2653	
-0.666299	0.686311	10039	
-0.689577	0.663734	10527	
-0.710699	0.643218	1388	
-0.740562	0.611085	9868	
-0.782675	0.560708	1641	
-0.813758	0.517071	5364	
-0.843873	0.467063	3468	
-0.871493	0.418878	8402	
-0.895583	0.366649	3871	
-0.916340	0.313256	1058	
-0.929495	0.273499	827	
-0.948457	0.177653	9979	
-0.949725	0.112172	9453	
-0.932404	0.054066	1475	
-0.914744	0.034325	1475	
-0.879673	0.013827	8468	
-0.839103	0.013708	5508	
-0.796492	0.040351	8477	
-0.739958	0.084123	6363	
-0.636515	0.035021	7620	
-0.536433	-0.054992	6290	
-0.552591	-0.045138	5226	
-0.597007	-0.014545	5198	
-0.637457	0.033387	8713	
-0.617545	0.010097	9142	
-0.543692	-0.054198	5226	
-0.517165	-0.084721	5756	
-0.455241	-0.122362	2130	
-0.412267	-0.141528	9788	
-0.395536	-0.163746	2434	
-0.370639	-0.181716	2110	
-0.353336	-0.172598	1316	
-0.341682	-0.196434	470	
-0.330572	-0.207886	424	
-0.323650	-0.206193	1498	
-0.319980	-0.192823	6624	
-0.317765	-0.189938	6624	
-0.316215	-0.190822	6624	
-0.314095	-0.188809	6624	
-0.311252	-0.188871	6624	
-0.309004	-0.191491	6624	
-0.306931	-0.194387	6624	
-0.306318	-0.195453	6049	
-0.306465	-0.195609	6049	
-0.306906	-0.194890	6624	
-0.309670	-0.191225	6624	
-0.311730	-0.189951	6624	
-0.312657	-0.190193	6624	
-0.314609	-0.190698	6624	
-0.316970	-0.191807	6624	
-0.318018	-0.191341	6624	
-0.320057	-0.194280	6624	
-0.322420	-0.204315	424	
-0.328870	-0.207157	424	
-0.336936	-0.203970	424	
-0.345429	-0.187247	2916	
-0.359998	-0.167952	1316	
-0.380910	-0.183257	2110	
-0.397552	-0.159107	2434	
-0.418506	-0.144762	7906	
-0.462776	-0.112802	1668	
-0.535132	-0.061978	6290	
-0.607920	-0.004420	7386	
-0.676866	0.058578	7246	
-0.714007	0.083268	5304	
-0.758085	0.069654	6933	
-0.784786	0.054678	6054	
-0.815056	0.029113	5940	
-0.844587	0.013167	5508	
-0.873211	0.019459	7458	
-0.887315	0.018478	8468	
-0.917507	0.041069	1475	
-0.940732	0.085136	10605	
-0.948861	0.140306	10327	
-0.938823	0.229400	387	
-0.927166	0.275444	1197	
-0.892167	0.373823	3871	
-0.861982	0.435424	4783	
-0.835001	0.481254	771	
-0.790421	0.550015	1641	
-0.746720	0.603278	1554	
-0.705287	0.647099	1388	
-0.669443	0.681762	10039	
-0.641328	0.705698	8850	
-0.616007	0.725788	3344	
-0.603091	0.735408	1443	
-0.592847	0.742685	1453	
-0.592821	0.741986	1453	
-0.590613	0.744629	1453	
-0.591188	0.745566	1453	
-0.586100	0.750809	1453	
-0.583268	0.753490	1453	
-0.583755	0.753489	1453	
-0.583836	0.753749	1453	
-0.587919	0.750086	1453	
-0.595093	0.743968	1453	
-0.605254	0.734831	1443	
-0.607146	0.733701	1443	
-0.611245	0.730401	3344	
-0.632484	0.712559	6274	
-0.638566	0.708339	8850	
-0.662434	0.687393	10039	
-0.682686	0.668637	10527	
-0.709511	0.641844	1388	
-0.750414	0.597883	5281	
-0.781580	0.560723	1641	
-0.811834	0.518084	5364	
-0.842028	0.468635	622	
-0.870903	0.417612	8402	
-0.891249	0.371819	2153	
-0.910841	0.327985	1058	
-0.936430	0.233523	387	
-0.947631	0.162158	10032	
-0.940056	0.092789	9453	
-0.930030	0.058558	1578	
-0.899005	0.026831	8468	
-0.862315	0.024470	7458	
-0.824496	0.030222	5736	
-0.783752	0.063672	7129	
-0.712725	0.092687	6360	
-0.629118	0.032919	8252	
-0.645839	0.048210	8713	
-0.681774	0.069564	7730	
-0.712683	0.089028	6360	
-0.697892	0.080709	7730	
-0.636185	0.036143	7620	
-0.602242	-0.007098	6801	
-0.524325	-0.067272	4964	
-0.468909	-0.099003	2931	
-0.450789	-0.121056	2130	
-0.423584	-0.142675	7906	
-0.401739	-0.140027	9788	
-0.392213	-0.163130	2434	
-0.381205	-0.176535	2110	
-0.373267	-0.176958	2110	
-0.367509	-0.166320	1714	
-0.364578	-0.164691	1714	
-0.362997	-0.165465	1714	
-0.360326	-0.164484	1316	
-0.357225	-0.165343	1316	
-0.355461	-0.167946	1316	
-0.353446	-0.171427	1316	
-0.353002	-0.172445	1316	
-0.353192	-0.172513	1316	
-0.353548	-0.171777	1316	
-0.355962	-0.167836	1316	
-0.358094	-0.166054	1316	
-0.359030	-0.166109	1316	
-0.361112	-0.166254	1714	
-0.363983	-0.166378	1714	
-0.365066	-0.165630	1714	
-0.367813	-0.167604	1714	
-0.371750	-0.175589	2110	
-0.379174	-0.176208	2110	
-0.387843	-0.170791	1868	
-0.395120	-0.154272	7067	
-0.408645	-0.134477	9788	
-0.435697	-0.141148	1752	
-0.452425	-0.117211	1668	
-0.477569	-0.099192	4393	
-0.534142	-0.056393	6290	
-0.626052	0.024688	8252	
-0.689743	0.072029	7730	
-0.740145	0.085454	6363	
-0.765867	0.074636	6933	
-0.795330	0.048332	7469	
-0.816299	0.039291	7643	
-0.839680	0.023609	5736	
-0.866719	0.023891	7458	
-0.893208	0.027709	8468	
-0.907296	0.038182	1578	
-0.931273	0.069176	10503	
-0.944738	0.127112	3187	
-0.942189	0.192578	10707	
-0.924231	0.283965	1197	
-0.907530	0.332617	1058	
-0.865503	0.427157	8402	
-0.830654	0.486968	453	
-0.802061	0.531977	5364	
-0.757371	0.589623	5281	
-0.714299	0.635690	1388	
-0.676491	0.672841	10527	
-0.639765	0.705580	8850	
-0.614014	0.725722	3344	
-0.591721	0.743882	1453	
-0.580693	0.751613	1453	
-0.571221	0.757762	10091	
-0.570406	0.757435	10091	
-0.568513	0.759742	10091	
-0.569187	0.760686	8470	
-0.564776	0.765352	8470	
-0.562151	0.767615	8470	
-0.562912	0.767665	8470	
-0.562878	0.767803	8470	
-0.566470	0.764932	8470	
-0.573481	0.759249	8470	
-0.583492	0.750742	1453	
-0.585376	0.749846	1453	
-0.589006	0.747021	1453	
-0.605180	0.732405	1443	
-0.611678	0.727845	3344	
-0.632550	0.710774	8850	
-0.653868	0.693055	2653	
-0.681445	0.666871	10527	
-0.715865	0.632620	1388	
-0.747513	0.599820	1554	
-0.778467	0.562653	1641	
-0.807302	0.523427	5364	
-0.839926	0.470405	622	
-0.865285	0.425663	8402	
-0.886373	0.383595	1228	
-0.920459	0.290681	1197	
-0.937463	0.219110	637	
-0.943303	0.135216	10327	
-0.937887	0.096615	9453	
-0.919773	0.052812	1578	
-0.883687	0.031730	8468	
-0.849812	0.035515	7654	
-0.817339	0.049984	7643	
-0.767408	0.087613	10571	
-0.709032	0.099700	6360	
-0.721147	0.102001	9569	
-0.744883	0.094300	9995	
-0.766550	0.082711	10571	
-0.755148	0.086504	10571	
-0.712554	0.094701	6360	
-0.686170	0.074703	7730	
-0.613806	0.014375	7544	
-0.542316	-0.042954	3488	
-0.518539	-0.068203	4964	
-0.484073	-0.095866	4393	
-0.455151	-0.101408	1176	
-0.446646	-0.121628	376	
-0.435317	-0.135502	376	
-0.426077	-0.138079	1752	
-0.417342	-0.131104	9756	
-0.413473	-0.130579	9756	
-0.411709	-0.131668	9756	
-0.408298	-0.131658	9788	
-0.404792	-0.133161	9788	
-0.403294	-0.135698	9788	
-0.401649	-0.139020	9788	
-0.401342	-0.140000	9788	
-0.401601	-0.139904	9788	
-0.401835	-0.139261	9788	
-0.403857	-0.135493	9788	
-0.405975	-0.133528	9788	
-0.407102	-0.133315	9788	
-0.409616	-0.132845	9788	
-0.413073	-0.132098	9756	
-0.414264	-0.131194	9756	
-0.417965	-0.132094	9756	
-0.424104	-0.137385	1752	
-0.432916	-0.135788	376	
-0.442446	-0.128781	376	
-0.449127	-0.114045	1176	
-0.463244	-0.095238	2931	
-0.499635	-0.089889	3281	
-0.520474	-0.064643	4964	
-0.553926	-0.038296	6591	
-0.626601	0.030576	8252	
-0.705396	0.091046	6360	
-0.749698	0.087504	9995	
-0.784253	0.065681	7129	
-0.802831	0.053461	7469	
-0.824561	0.038972	7550	
-0.842570	0.035200	7550	
-0.863969	0.035403	7654	
-0.887814	0.032093	8468	
-0.913430	0.050040	1578	
-0.924477	0.066758	10065	
-0.937058	0.110923	2423	
-0.940884	0.179293	9979	
-0.927663	0.256529	571	
-0.903278	0.340340	1058	
-0.882059	0.389774	1228	
-0.833579	0.480390	771	
-0.796880	0.537583	5364	
-0.767024	0.576434	7193	
-0.723014	0.625000	10912	
-0.682609	0.664318	10527	
-0.646934	0.697320	2653	
-0.611769	0.725939	3344	
-0.588463	0.744689	1453	
-0.569310	0.759373	10091	
-0.558616	0.766022	8470	
-0.549404	0.771066	8470	
-0.549540	0.769935	8470	
-0.547050	0.772608	10491	
-0.548799	0.772765	8470	
-0.543165	0.777901	10491	
-0.540695	0.779826	10491	
-0.540773	0.780380	10491	
-0.541156	0.780348	10491	
-0.544699	0.777888	10491	
-0.552093	0.772554	8470	
-0.561867	0.765168	8470	
-0.563632	0.764409	8470	
-0.566950	0.762028	8470	
-0.581468	0.749539	1453	
-0.589721	0.743142	1453	
-0.602967	0.732425	1443	
-0.623711	0.715615	6274	
-0.649104	0.694149	2653	
-0.682748	0.662671	2000	
-0.711963	0.635185	1388	
-0.742044	0.603592	1554	
-0.772075	0.569144	7193	
-0.805334	0.524342	5364	
-0.831359	0.483111	453	
-0.857015	0.439496	8402	
-0.898112	0.349891	2153	
-0.921496	0.280677	1197	
-0.938113	0.190850	10707	
-0.941104	0.139067	10327	
-0.931302	0.089835	10503	
-0.903405	0.049078	1578	
-0.874120	0.049024	7300	
-0.845418	0.049952	7654	
-0.807212	0.069800	5843	
-0.766680	0.098339	10615	
-0.775206	0.093157	10571	
-0.790207	0.078701	5843	
-0.805225	0.062882	7129	
-0.796754	0.069249	7129	
-0.767945	0.090194	10571	
-0.748497	0.095084	9995	
-0.697475	0.092459	5576	
-0.638102	0.049417	8713	
-0.607643	0.010934	7544	
-0.562205	-0.032329	5258	
-0.522975	-0.052632	2278	
-0.512869	-0.070647	5756	
-0.498852	-0.085879	4064	
-0.486816	-0.091679	4393	
-0.474258	-0.089969	3119	
-0.468966	-0.090818	3119	
-0.466817	-0.092094	2931	
-0.462234	-0.093383	2931	
-0.457678	-0.095751	1176	
-0.456237	-0.097998	1176	
-0.454806	-0.100767	1176	
-0.454609	-0.101527	1176	
-0.454933	-0.101376	1176	
-0.455237	-0.100562	1176	
-0.456951	-0.097672	1176	
-0.459422	-0.095560	1176	
-0.460947	-0.095004	2931	
-0.464246	-0.093718	2931	
-0.468695	-0.092046	3119	
-0.470100	-0.091054	3119	
-0.475241	-0.090394	3119	
-0.483970	-0.092040	4393	
-0.495932	-0.087142	3281	
-0.508150	-0.077679	4064	
-0.515671	-0.064009	4964	
-0.534074	-0.043644	3488	
-0.582194	-0.019201	5198	
-0.610170	0.014906	7544	
-0.649068	0.057184	8627	
-0.707216	0.099178	6360	
-0.762332	0.090744	10571	
-0.792648	0.071276	7129	
-0.818088	0.053252	7643	
-0.832317	0.047983	7643	
-0.851061	0.044939	7654	
-0.867689	0.047972	6131	
-0.885796	0.042828	8538	
-0.908293	0.052175	1578	
-0.927789	0.083043	10503	
-0.932601	0.111001	2423	
-0.938064	0.159691	10032	
-0.927771	0.244598	571	
-0.909064	0.317251	940	
-0.877015	0.398983	1228	
-0.849669	0.449340	622	
-0.798570	0.533021	5364	
-0.759885	0.583173	5281	
-0.731276	0.614525	9868	
-0.689069	0.656337	2000	
-0.650663	0.691164	2653	
-0.616049	0.720091	3344	
-0.585221	0.744833	1453	
-0.565759	0.759871	10091	
-0.547839	0.772443	8470	
-0.536363	0.778521	10491	
-0.527451	0.782305	10491	
-0.527603	0.781190	10491	
-0.525588	0.783249	10491	
-0.526533	0.784341	10491	
-0.522139	0.788213	9283	
-0.519344	0.790390	9573	
-0.519646	0.790834	9283	
-0.520183	0.790783	9283	
-0.523731	0.788291	9283	
-0.529875	0.784548	10491	
-0.540190	0.777622	10491	
-0.542064	0.777017	10491	
-0.545558	0.774746	10491	
-0.559118	0.763983	8470	
-0.566628	0.758847	10091	
-0.578680	0.749384	1453	
-0.593753	0.736915	1443	
-0.617266	0.717858	6274	
-0.649679	0.690202	2653	
-0.676976	0.666695	10527	
-0.704623	0.640054	1388	
-0.734806	0.609672	1554	
-0.767930	0.572621	7193	
-0.795359	0.536590	5364	
-0.821025	0.498685	453	
-0.868285	0.413972	10281	
-0.899390	0.341918	1527	
-0.922424	0.260637	7908	
-0.935470	0.198149	2389	
-0.935538	0.136668	3187	
-0.920835	0.082257	10503	
-0.895130	0.063802	7300	
-0.871799	0.067836	6131	
-0.839228	0.070091	8517	
-0.808769	0.082953	7788	
-0.815161	0.080667	7788	
-0.825870	0.071491	8517	
-0.836177	0.060570	8517	
-0.830385	0.064699	8517	
-0.808295	0.073308	5843	
-0.793377	0.080778	5843	
-0.758279	0.102437	10615	
-0.717273	0.110767	9569	
-0.694155	0.095471	5576	
-0.656887	0.064715	8694	
-0.615448	0.028530	8252	
-0.601023	0.005701	7544	
-0.581968	-0.015969	5198	
-0.566125	-0.027466	5258	
-0.549636	-0.033384	2228	
-0.541968	-0.037269	3488	
-0.539097	-0.039362	3488	
-0.532534	-0.042987	3488	
-0.526313	-0.047104	3886	
-0.524323	-0.049427	2278	
-0.522595	-0.052104	2278	
-0.522321	-0.052837	2278	
-0.522780	-0.052543	2278	
-0.523078	-0.051888	2278	
-0.525420	-0.048823	2278	
-0.528738	-0.046003	3886	
-0.530929	-0.044657	3886	
-0.535411	-0.041977	3488	
-0.541692	-0.038305	3488	
-0.543586	-0.036810	3488	
-0.551009	-0.032994	2228	
-0.562365	-0.029284	5258	
-0.578088	-0.018764	5198	
-0.594229	-0.003552	5198	
-0.605217	0.013344	7544	
-0.629245	0.044296	7620	
-0.673124	0.075076	7941	
-0.696208	0.097781	5576	
-0.725238	0.112207	9463	
-0.765645	0.098970	10615	
-0.803309	0.072297	5843	
-0.826737	0.064227	8517	
-0.846723	0.055528	6131	
-0.860500	0.062646	6131	
-0.875885	0.059357	7300	
-0.890045	0.061189	7300	
-0.906042	0.061179	1578	
-0.924572	0.087027	10503	
-0.932826	0.132840	3187	
-0.934932	0.161332	10032	
-0.928510	0.225905	2389	
-0.907671	0.311799	940	
-0.881852	0.381803	1228	
-0.843454	0.458701	622	
-0.810241	0.512776	2789	
-0.760739	0.580117	5281	
-0.722648	0.621917	10912	
-0.694493	0.648958	848	
-0.655074	0.684926	10039	
-0.617959	0.715589	6274	
-0.585789	0.740771	1453	
-0.561834	0.760077	10091	
-0.543827	0.773118	10491	
-0.526005	0.783565	10491	
-0.513660	0.789398	9573	
-0.504604	0.793178	9573	
-0.503683	0.792794	9573	
-0.502660	0.794307	9573	
-0.504561	0.794461	9573	
-0.499631	0.798795	9573	
-0.496778	0.800828	9573	
-0.497301	0.801139	9573	
-0.498085	0.801000	9573	
-0.501580	0.798623	9573	
-0.507244	0.795481	9573	
-0.518415	0.788042	9573	
-0.520223	0.787723	9283	
-0.523752	0.785591	9283	
-0.536821	0.776608	10491	
-0.544785	0.771825	10491	
-0.557789	0.762198	8470	
-0.569207	0.752950	8452	
-0.586213	0.738801	1453	
-0.616022	0.715358	6274	
-0.643491	0.693872	2653	
-0.667735	0.672364	10039	
-0.696579	0.645847	848	
-0.728953	0.614171	9868	
-0.756353	0.584285	5281	
-0.784561	0.549717	1641	
-0.830297	0.479866	771	
-0.868033	0.410003	10281	
-0.901181	0.327372	940	
-0.918399	0.270104	8009	
-0.931480	0.198784	2389	
-0.927529	0.135499	3187	
-0.912595	0.091832	10923	
-0.893995	0.085203	2323	
-0.867935	0.090417	1925	
-0.842198	0.086489	7577	
-0.847279	0.083583	7577	
-0.856393	0.083827	7577	
-0.864805	0.079201	7577	
-0.859521	0.080015	7577	
-0.840566	0.075103	7577	
-0.829093	0.075760	8517	
-0.802394	0.086467	5843	
-0.774712	0.107296	10881	
-0.757417	0.110572	10063	
-0.731755	0.117282	9463	
-0.702246	0.111534	9030	
-0.689963	0.096516	5576	
-0.674097	0.080083	7941	
-0.660991	0.070658	8694	
-0.646758	0.062739	8627	
-0.638940	0.055664	8627	
-0.635615	0.051882	8713	
-0.628014	0.044241	7620	
-0.620213	0.036307	8252	
-0.617537	0.032580	8252	
-0.615090	0.028797	8252	
-0.614651	0.027921	7626	
-0.615200	0.028470	8252	
-0.615676	0.029319	8252	
-0.618885	0.033896	8252	
-0.622880	0.038592	7620	
-0.625697	0.041389	7620	
-0.630919	0.046781	7620	
-0.638410	0.054321	8713	
-0.640569	0.056848	8627	
-0.647970	0.063476	8627	
-0.657828	0.068605	8694	
-0.671011	0.078203	7941	
-0.683976	0.089087	5576	
-0.693967	0.103027	5576	
-0.712023	0.116356	9569	
-0.742022	0.112144	9463	
-0.758966	0.110692	10063	
-0.779846	0.102468	7952	
-0.807971	0.083580	5843	
-0.836217	0.071593	8517	
-0.856638	0.076163	7577	
-0.873430	0.073397	7300	
-0.884338	0.076373	2497	
-0.897129	0.075581	2497	
-0.908357	0.085766	10065	
-0.921502	0.098539	10923	
-0.929309	0.142259	10828	
-0.930241	0.194504	10707	
-0.924902	0.230913	9382	
-0.908211	0.299046	8009	
-0.878830	0.382406	1228	
-0.847591	0.446935	546	
-0.802721	0.521800	5364	
-0.770742	0.565227	7193	
-0.720805	0.621554	10912	
-0.684112	0.657274	2000	
-0.657225	0.679953	10039	
-0.621930	0.710050	6274	
-0.586527	0.736590	1453	
-0.562864	0.754710	10091	
-0.539729	0.772568	10491	
-0.521723	0.783920	10491	
-0.503152	0.794335	9573	
-0.490089	0.800566	9573	
-0.482738	0.802436	10293	
-0.481885	0.802037	10195	
-0.481099	0.803367	2214	
-0.483004	0.803818	8869	
-0.480655	0.806568	764	
-0.477390	0.808911	764	
-0.477801	0.809094	764	
-0.478908	0.808648	764	
-0.481287	0.807071	764	
-0.485213	0.805299	8869	
-0.494962	0.799288	9573	
-0.497553	0.798334	9573	
-0.500802	0.796405	9573	
-0.514133	0.787491	9573	
-0.522291	0.783125	10491	
-0.536551	0.773503	10491	
-0.547355	0.765695	8470	
-0.562748	0.752810	10091	
-0.583853	0.736677	1453	
-0.609237	0.718962	6274	
-0.634044	0.698658	8850	
-0.658646	0.677644	10039	
-0.688765	0.651483	848	
-0.716034	0.625596	10912	
-0.743488	0.597231	1554	
-0.790003	0.538383	1804	
-0.826918	0.481818	771	
-0.869295	0.400964	1228	
-0.894941	0.339740	1527	
-0.913575	0.274670	8009	
-0.925352	0.199668	2389	
-0.920738	0.142945	10828	
-0.909235	0.116450	10857	
-0.890324	0.112373	9465	
-0.871144	0.110397	1925	
-0.874805	0.107855	1925	
-0.881814	0.104822	1925	
-0.888381	0.097517	2323	
-0.884220	0.098013	2323	
-0.869507	0.095499	1925	
-0.859462	0.092341	1599	
-0.837659	0.089079	7577	
-0.816939	0.099433	561	
-0.803203	0.097007	7952	
-0.785052	0.106573	9246	
-0.765285	0.120693	10063	
-0.755499	0.119125	8989	
-0.743818	0.118092	8085	
-0.735154	0.121587	8085	
-0.725419	0.122116	8085	
-0.719308	0.118827	9569	
-0.716825	0.118152	9569	
-0.711467	0.117887	9030	
-0.706176	0.116034	9030	
-0.704207	0.114528	9030	
-0.702056	0.112190	9030	
-0.701667	0.111455	9030	
-0.702026	0.111597	9030	
-0.702452	0.112272	9030	
-0.705078	0.114521	9030	
-0.707866	0.115920	9030	
-0.709857	0.116525	9030	
-0.713373	0.117795	9569	
-0.718688	0.117635	9569	
-0.720336	0.118487	9569	
-0.726278	0.122104	8085	
-0.733179	0.122083	8085	
-0.741470	0.118440	8085	
-0.750911	0.117649	8989	
-0.758885	0.120167	10063	
-0.772512	0.117599	10881	
-0.791644	0.101531	9246	
-0.804405	0.096976	5843	
-0.820686	0.097462	561	
-0.841544	0.087182	7577	
-0.865338	0.091519	1599	
-0.881883	0.094425	2323	
-0.895224	0.092299	2323	
-0.902948	0.099575	10857	
-0.913146	0.107525	10923	
-0.919275	0.131653	10828	
-0.925223	0.158634	10306	
-0.924993	0.208861	2389	
-0.913119	0.271005	8569	
-0.902568	0.307941	782	
-0.878541	0.375712	8829	
-0.840193	0.456104	622	
-0.803139	0.516173	5364	
-0.761073	0.574832	7193	
-0.726785	0.612671	9868	
-0.679647	0.659065	2000	
-0.648763	0.685279	2653	
-0.623103	0.705819	6274	
-0.589653	0.731753	1443	
-0.561278	0.751243	10091	
-0.539416	0.767701	10930	
-0.516478	0.783880	10293	
-0.497823	0.795289	9573	
-0.481711	0.803505	650	
-0.468863	0.808491	650	
-0.461959	0.809899	650	
-0.460585	0.809812	650	
-0.460807	0.810502	650	
-0.463237	0.810458	650	
-0.462100	0.812725	650	
-0.459092	0.814835	650	
-0.459723	0.814764	650	
-0.460444	0.814551	650	
-0.462677	0.813376	650	
-0.466468	0.811882	650	
-0.473720	0.807707	650	
-0.476497	0.806776	650	
-0.479606	0.805421	650	
-0.490494	0.798731	10293	
-0.498088	0.794930	9573	
-0.512298	0.785742	10293	
-0.524414	0.777730	10930	
-0.537897	0.766969	10930	
-0.557250	0.751844	10091	
-0.576887	0.739028	1453	
-0.599668	0.722837	1443	
-0.621735	0.705459	6274	
-0.650392	0.682279	10039	
-0.674704	0.662480	2000	
-0.702293	0.636949	1388	
-0.746232	0.590303	1554	
-0.782882	0.544610	1804	
-0.825169	0.479949	771	
-0.859537	0.416600	8402	
-0.887915	0.348770	2153	
-0.906893	0.279487	8009	
-0.918020	0.212150	2389	
-0.913891	0.171208	1008	
-0.903080	0.151317	7706	
-0.890766	0.141659	7706	
-0.893416	0.139748	7706	
-0.898585	0.137342	7706	
-0.903747	0.130577	7706	
-0.901013	0.128736	7706	
-0.890899	0.119851	9465	
-0.884411	0.112467	8268	
-0.867480	0.112426	8268	
-0.850291	0.107857	793	
-0.839259	0.103710	793	
-0.825583	0.104594	561	
-0.811038	0.111021	5793	
-0.803323	0.109020	5793	
-0.794139	0.109296	9246	
-0.788384	0.113103	9246	
-0.781982	0.115486	10881	
-0.777644	0.117092	10881	
-0.775977	0.117603	10881	
-0.772451	0.120039	10881	
-0.768569	0.121374	10063	
-0.767073	0.121763	10063	
-0.765327	0.121786	10063	
-0.765008	0.121207	10063	
-0.765186	0.120987	10063	
-0.765566	0.121258	10063	
-0.767555	0.120606	10063	
-0.769586	0.119474	10063	
-0.771081	0.119151	10063	
-0.773718	0.118702	10881	
-0.777024	0.115746	10881	
-0.778306	0.115731	10881	
-0.782487	0.114427	10881	
-0.787088	0.113579	9246	
-0.792452	0.109410	9246	
-0.799565	0.107265	9246	
-0.805944	0.109888	5793	
-0.816375	0.111020	561	
-0.830508	0.102529	561	
-0.840165	0.104103	793	
-0.853630	0.109422	793	
-0.870615	0.111406	8268	
-0.888571	0.113250	9465	
-0.899936	0.122157	9465	
-0.908847	0.128020	7706	
-0.913121	0.143527	10828	
-0.918214	0.163656	10306	
-0.919615	0.196996	2389	
-0.917040	0.233242	9382	
-0.904694	0.289088	8009	
-0.886256	0.349367	2153	
-0.869444	0.389388	1228	
-0.835441	0.458849	622	
-0.792314	0.527614	5364	
-0.757545	0.574323	7193	
-0.715697	0.621799	10912	
-0.682808	0.653004	2000	
-0.641080	0.689133	8850	
-0.612734	0.711916	6274	
-0.588510	0.729148	1443	
-0.558053	0.749954	10091	
-0.534472	0.766801	10930	
-0.515196	0.780463	10548	
-0.492130	0.795391	10293	
-0.475950	0.804133	650	
-0.461316	0.810712	650	
-0.445027	0.818088	10656	
-0.436477	0.820536	10656	
-0.434776	0.820598	10656	
-0.434897	0.821446	10656	
-0.437805	0.821068	10656	
-0.437902	0.822491	10656	
-0.436061	0.824104	10656	
-0.437093	0.823735	10656	
-0.437632	0.823606	10656	
-0.439380	0.822783	10656	
-0.443951	0.820574	10656	
-0.452390	0.815601	650	
-0.456142	0.813791	650	
-0.459328	0.812399	650	
-0.468932	0.806841	650	
-0.475504	0.804181	650	
-0.489244	0.796099	10293	
-0.499081	0.789880	10293	
-0.512991	0.780198	10548	
-0.527817	0.769120	10930	
-0.547407	0.755857	10091	
-0.566836	0.742424	8452	
-0.586508	0.728837	1443	
-0.612087	0.710496	6274	
-0.635410	0.692821	8850	
-0.661524	0.671003	10039	
-0.700733	0.634656	1388	
-0.735946	0.598135	1554	
-0.776638	0.548137	1641	
-0.811119	0.497655	453	
-0.847807	0.432415	5172	
-0.875757	0.366638	8829	
-0.897174	0.294698	782	
-0.905830	0.245059	7908	
-0.904165	0.210873	9400	
-0.897490	0.195760	890	
-0.899522	0.193429	890	
-0.903143	0.191175	500	
-0.907852	0.184970	1008	
-0.906496	0.179508	500	
-0.902285	0.161649	500	
-0.899250	0.149662	7706	
-0.888145	0.141983	8168	
-0.876738	0.137859	7914	
-0.868581	0.131468	5307	
-0.857393	0.123080	5307	
-0.846142	0.122036	6641	
-0.840170	0.119235	793	
-0.833421	0.115464	793	
-0.828847	0.115042	793	
-0.823954	0.115236	561	
-0.820479	0.114701	561	
-0.819142	0.113698	561	
-0.816638	0.114455	561	
-0.813882	0.114806	5793	
-0.812759	0.113790	5793	
-0.811284	0.112890	5793	
-0.810987	0.111841	5793	
-0.811059	0.111613	5793	
-0.811450	0.112281	5793	
-0.813014	0.112970	5793	
-0.814443	0.113056	5793	
-0.815553	0.113086	561	
-0.817528	0.113318	561	
-0.819859	0.112056	561	
-0.820897	0.113287	561	
-0.824270	0.114006	561	
-0.827783	0.114632	793	
-0.831837	0.114564	793	
-0.837268	0.116388	793	
-0.842194	0.120817	6641	
-0.850254	0.121960	6641	
-0.861641	0.125509	5307	
-0.869187	0.132257	5307	
-0.879127	0.139051	7914	
-0.890233	0.142715	8168	
-0.901556	0.152607	8168	
-0.906950	0.170127	1008	
-0.911947	0.184837	1008	
-0.912967	0.207843	9400	
-0.910764	0.236932	9382	
-0.902180	0.279483	8009	
-0.891610	0.318684	940	
-0.872004	0.376225	8829	
-0.844529	0.436495	5172	
-0.820177	0.479514	771	
-0.783252	0.535211	1804	
-0.742268	0.587679	1554	
-0.709979	0.622660	10912	
-0.670807	0.660658	2000	
-0.639846	0.686613	8850	
-0.603652	0.715917	1492	
-0.579994	0.732309	1453	
-0.553420	0.749850	10091	
-0.527906	0.767459	10930	
-0.507812	0.780893	10293	
-0.489271	0.792257	10293	
-0.469669	0.803896	650	
-0.452732	0.813186	650	
-0.435726	0.821210	10656	
-0.420165	0.827882	6670	
-0.410786	0.830027	7499	
-0.408271	0.830488	7499	
-0.409010	0.831087	7499	
-0.412173	0.831043	7499	
-0.413437	0.831561	7499	
-0.411456	0.833085	7499	
-0.412159	0.833091	7499	
-0.412950	0.832788	7499	
-0.414701	0.832188	7499	
-0.418908	0.830385	6670	
-0.426203	0.826502	6670	
-0.429921	0.824695	6670	
-0.433896	0.822889	10656	
-0.442970	0.817828	10656	
-0.451975	0.813570	650	
-0.465460	0.805258	650	
-0.474882	0.799369	2214	
-0.487379	0.791590	10293	
-0.500953	0.783226	10293	
-0.517926	0.772271	10548	
-0.533971	0.761484	10930	
-0.550239	0.750442	10091	
-0.578016	0.731916	1453	
-0.597983	0.719030	8887	
-0.620147	0.701648	8850	
-0.654858	0.672880	9989	
-0.686672	0.644854	848	
-0.724900	0.605615	710	
-0.759113	0.565584	7193	
-0.793412	0.517160	5364	
-0.825837	0.464296	622	
-0.860213	0.388064	1228	
-0.874257	0.344832	1527	
-0.884217	0.303088	782	
-0.888278	0.275674	8569	
-0.890164	0.273198	8569	
-0.892900	0.269905	8569	
-0.896975	0.262996	8569	
-0.900599	0.248942	7908	
-0.901252	0.226485	9382	
-0.901827	0.208587	9400	
-0.896041	0.195075	890	
-0.890564	0.182807	890	
-0.886416	0.170727	500	
-0.880634	0.159681	8168	
-0.873399	0.155965	7914	
-0.868899	0.151040	7914	
-0.863917	0.144331	7914	
-0.860008	0.139459	5307	
-0.856390	0.134466	5307	
-0.853522	0.130808	6641	
-0.852332	0.128361	6641	
-0.850491	0.126705	6641	
-0.848542	0.125867	6641	
-0.847672	0.124490	6641	
-0.846482	0.123919	6641	
-0.846165	0.123159	6641	
-0.846206	0.122712	6641	
-0.846570	0.123137	6641	
-0.847835	0.123252	6641	
-0.848903	0.123743	6641	
-0.849703	0.124263	6641	
-0.851105	0.125778	6641	
-0.852936	0.127290	6641	
-0.853819	0.129473	6641	
-0.856577	0.133182	5307	
-0.859197	0.137488	5307	
-0.862608	0.141602	5307	
-0.866758	0.146868	7914	
-0.870400	0.152761	7914	
-0.876154	0.156986	7914	
-0.882961	0.162123	8168	
-0.886673	0.172532	500	
-0.891773	0.185773	890	
-0.897051	0.196648	10219	
-0.902855	0.212505	9400	
-0.903297	0.236575	9382	
-0.899669	0.263049	8569	
-0.892806	0.295918	782	
-0.882221	0.332030	1527	
-0.867145	0.374150	8829	
-0.850884	0.413107	10281	
-0.820882	0.471791	771	
-0.787794	0.523452	5364	
-0.763724	0.555421	7193	
-0.728104	0.598620	710	
-0.688424	0.640001	848	
-0.657655	0.667344	9989	
-0.624322	0.695229	8850	
-0.598442	0.715499	1492	
-0.568877	0.737040	8452	
-0.542817	0.754190	10945	
-0.521768	0.767739	10930	
-0.500573	0.781421	10293	
-0.482774	0.791828	10195	
-0.463552	0.803246	2214	
-0.442711	0.815641	10656	
-0.426577	0.824135	6670	
-0.409888	0.831140	7499	
-0.393793	0.836548	10337	
-0.384591	0.837910	10694	
-0.381245	0.838484	10694	
-0.383718	0.838383	10694	
-0.387201	0.838434	10337	
-0.388467	0.839044	10337	
-0.388279	0.840241	10337	
-0.388765	0.840506	10337	
-0.388573	0.840844	10337	
-0.389793	0.840494	10337	
-0.391975	0.840001	10337	
-0.397505	0.837401	10337	
-0.402816	0.834914	7499	
-0.407995	0.832681	7499	
-0.417232	0.828246	6670	
-0.425694	0.824447	6670	
-0.437858	0.817362	10656	
-0.446842	0.811922	10656	
-0.459344	0.804103	650	
-0.475495	0.794207	10195	
-0.490378	0.785310	10293	
-0.504140	0.777147	10293	
-0.518181	0.768587	10548	
-0.539706	0.754699	10945	
-0.561769	0.741149	8452	
-0.583354	0.725351	8887	
-0.609299	0.705567	6274	
-0.638032	0.682653	7964	
-0.671273	0.653677	2000	
-0.700472	0.626669	1388	
-0.733961	0.588783	710	
-0.763665	0.549985	7193	
-0.798094	0.496650	2789	
-0.820583	0.455420	622	
-0.837582	0.417321	8814	
-0.845915	0.393171	10449	
-0.849004	0.388132	10449	
-0.853399	0.381764	8299	
-0.859533	0.371244	8299	
-0.868648	0.348291	1527	
-0.877234	0.321412	1527	
-0.883976	0.297907	782	
-0.888191	0.273669	8569	
-0.888748	0.254488	8097	
-0.888863	0.236313	10821	
-0.887832	0.218720	10931	
-0.884647	0.210479	10219	
-0.883002	0.202195	10219	
-0.881376	0.191650	890	
-0.879776	0.184163	890	
-0.878269	0.177629	890	
-0.877133	0.171745	7206	
-0.876684	0.167381	7914	
-0.875948	0.164154	7914	
-0.874891	0.161896	7914	
-0.874373	0.159592	7914	
-0.873598	0.158341	7914	
-0.873318	0.157392	7914	
-0.873341	0.156919	7914	
-0.873602	0.157185	7914	
-0.874490	0.157837	7914	
-0.875181	0.159114	7914	
-0.875683	0.160478	7914	
-0.876416	0.162972	7914	
-0.877267	0.165592	7914	
-0.877523	0.169302	7914	
-0.878607	0.175427	890	
-0.879729	0.181194	890	
-0.881067	0.187210	890	
-0.882481	0.195920	890	
-0.883476	0.205305	10219	
-0.885978	0.212898	10219	
-0.888756	0.223451	10821	
-0.888536	0.239240	10821	
-0.889124	0.258038	8097	
-0.887711	0.276997	8569	
-0.882840	0.304377	782	
-0.874511	0.335169	1527	
-0.863699	0.366185	8829	
-0.850823	0.401593	10449	
-0.833842	0.437984	546	
-0.810664	0.478815	771	
-0.787538	0.514701	2789	
-0.757067	0.557730	7193	
-0.728914	0.592284	710	
-0.700101	0.623218	10912	
-0.669390	0.651937	2000	
-0.636321	0.680772	7964	
-0.608694	0.702412	1492	
-0.582992	0.722074	8887	
-0.560080	0.739074	8452	
-0.531251	0.758322	10945	
-0.510075	0.771315	10548	
-0.493646	0.781260	10293	
-0.472750	0.793887	10195	
-0.453544	0.805103	650	
-0.435421	0.815306	10656	
-0.416530	0.825778	6670	
-0.399526	0.833814	7499	
-0.384867	0.838469	10694	
-0.369417	0.843116	10694	
-0.357877	0.845307	11022	
-0.354884	0.845521	8910	
-0.357176	0.845725	11022	
-0.360877	0.845755	11022	
-0.363664	0.845888	10694	
-0.364338	0.846522	10694	
-0.365322	0.846552	10694	
-0.365445	0.846784	10694	
-0.366800	0.846425	10694	
-0.369792	0.845383	10694	
-0.373502	0.843881	10694	
-0.378416	0.841824	10694	
-0.384368	0.839407	10694	
-0.391308	0.836638	10337	
-0.398881	0.833751	7499	
-0.410284	0.827856	7499	
-0.419679	0.822597	6670	
-0.431795	0.815661	10656	
-0.445858	0.807619	10656	
-0.460731	0.799250	2214	
-0.475224	0.790625	10195	
-0.492494	0.780175	10293	
-0.508060	0.770712	10548	
-0.524540	0.761491	10930	
-0.544702	0.748475	10945	
-0.569116	0.730874	7574	
-0.593603	0.712204	1492	
-0.618780	0.692782	8850	
-0.643897	0.672329	9989	
-0.670341	0.647792	2000	
-0.696094	0.620697	9055	
-0.720634	0.591072	710	
-0.740152	0.564193	1582	
-0.757793	0.537982	9250	
-0.770481	0.518957	2231	
-0.776663	0.511988	6237	
-0.784481	0.503303	1709	
-0.796409	0.487344	1709	
-0.809771	0.467415	771	
-0.825544	0.438908	546	
-0.837140	0.415099	8814	
-0.846430	0.391002	10449	
-0.855255	0.365628	8299	
-0.862866	0.341581	1595	
-0.869578	0.315998	1539	
-0.873745	0.298350	1156	
-0.877817	0.281564	8604	
-0.879685	0.267202	8097	
-0.880954	0.255716	8097	
-0.881926	0.245418	9310	
-0.882856	0.236441	10821	
-0.883829	0.229377	10821	
-0.884156	0.224242	10821	
-0.884250	0.219918	10931	
-0.884331	0.216579	10931	
-0.884268	0.214303	10931	
-0.884335	0.213073	10931	
-0.884366	0.212533	10219	
-0.884503	0.212934	10219	
-0.884859	0.213806	10931	
-0.884913	0.215964	10931	
-0.884838	0.218520	10931	
-0.884769	0.222164	10931	
-0.884521	0.226950	10821	
-0.883894	0.233177	10821	
-0.882899	0.241322	10821	
-0.881898	0.250813	9310	
-0.880674	0.261162	8097	
-0.879342	0.272818	8097	
-0.876459	0.287428	1156	
-0.872592	0.303587	1156	
-0.867901	0.323476	1595	
-0.861627	0.345402	1595	
-0.853825	0.370187	8299	
-0.845091	0.394454	10449	
-0.834823	0.421134	8814	
-0.820544	0.450580	546	
-0.802221	0.482492	771	
-0.781924	0.513857	2789	
-0.759509	0.544725	1582	
-0.736729	0.573681	892	
-0.713224	0.601387	10919	
-0.689105	0.627034	9055	
-0.663773	0.651393	10270	
-0.638589	0.673057	8857	
-0.613042	0.693443	7964	
-0.587972	0.712539	8887	
-0.565614	0.729478	7574	
-0.544805	0.744304	10945	
-0.523584	0.758535	10930	
-0.501441	0.772390	10548	
-0.482111	0.784584	10195	
-0.462812	0.795980	2214	
-0.444095	0.806590	10656	
-0.425411	0.816625	10656	
-0.408367	0.825447	7499	
-0.390735	0.833942	10337	
-0.374808	0.840513	10694	
-0.358359	0.846053	11022	
-0.344487	0.849264	8910	
-0.334183	0.850684	8177	
-0.330741	0.850981	8177	
-0.333248	0.851111	8177	
-0.336759	0.851436	8910	
-0.339218	0.851902	8910	
-0.340129	0.852531	8910	
-0.340690	0.852978	8910	
-0.340984	0.853150	8910	
-0.342301	0.852880	8910	
-0.344674	0.852152	8910	
-0.348045	0.850940	8910	
-0.352430	0.849244	8910	
-0.357809	0.847033	11022	
-0.365425	0.843877	10694	
-0.374121	0.840250	10694	
-0.383431	0.836045	10694	
-0.393730	0.831041	7499	
-0.405241	0.825273	7499	
-0.417139	0.819086	6670	
-0.431539	0.811593	10656	
-0.445936	0.803738	2214	
-0.461562	0.794943	2214	
-0.477889	0.785459	10195	
-0.495379	0.774979	10293	
-0.513558	0.763563	10548	
-0.532345	0.750988	10945	
-0.552106	0.737262	7574	
-0.572012	0.722572	10644	
-0.591339	0.707060	1492	
-0.610238	0.690970	4301	
-0.627919	0.674644	7964	
-0.643349	0.658001	9989	
