time = 35.117	Re = 4	rotation = -36.4703
0.257320	0.573990	10806	
0.171157	0.728472	10233	
-0.783257	0.430389	5766	
0.152584	0.661862	2662	
-0.615218	0.671064	5313	
-0.524778	0.728940	7976	
-0.051009	0.730078	1267	
0.601173	0.535022	8371	
0.386963	0.502202	7620	
-0.524530	0.686673	7036	
0.407567	0.721564	1602	
0.718391	0.306528	9817	
-0.088226	0.773637	2023	
0.428697	0.284895	9676	
0.327648	0.237660	8988	
0.335698	0.243403	8956	
0.085523	0.173944	5106	
0.030769	0.300613	3038	
0.011806	0.335776	7841	
-0.021231	0.409244	2366	
-0.012002	0.477295	6863	
0.068418	0.529685	1603	
0.101521	0.580263	4343	
0.063308	0.642564	9985	
-0.356918	0.663574	669	
-0.615078	0.508227	7870	
-0.723984	0.388623	2310	
-0.808355	0.271215	7875	
-0.886102	0.133156	7528	
-0.936597	0.073109	649	
-0.952544	0.083066	11047	
-0.960272	0.098462	11047	
-0.963812	0.121164	9944	
-0.962366	0.102457	9812	
-0.964038	0.118955	9944	
-0.962002	0.102142	9812	
-0.959787	0.099613	11047	
-0.960084	0.173235	5180	
-0.958443	0.186457	5180	
-0.958863	0.180900	5180	
-0.958498	0.183251	5180	
-0.958703	0.185974	5180	
-0.961557	0.160818	10454	
-0.964299	0.129077	9944	
-0.961188	0.101242	11047	
-0.952328	0.083120	11047	
-0.952823	0.083357	11047	
-0.946825	0.071207	763	
-0.905809	0.109594	6638	
-0.843941	0.206548	5085	
-0.809450	0.269176	7875	
-0.748384	0.355633	7746	
-0.683521	0.438016	6301	
-0.471644	0.614464	3399	
-0.240442	0.690444	10903	
-0.028200	0.678278	4101	
0.104827	0.589574	4343	
0.074456	0.546930	3893	
-0.008428	0.469168	6863	
-0.009239	0.402990	8246	
0.018418	0.326980	7841	
0.023385	0.300610	3279	
0.132718	0.144307	9603	
0.358834	0.258789	3353	
0.562347	0.308509	2492	
-0.125252	0.816852	4974	
0.513673	0.705697	6131	
0.228181	0.713840	7472	
0.455291	0.448449	2746	
-0.517836	0.726017	7517	
-0.617064	0.647617	5335	
-0.250933	0.832453	7715	
0.141690	0.853343	8733	
0.662210	0.015434	2708	
0.687575	0.353370	9907	
0.409663	0.496687	6368	
0.490095	0.751862	7375	
0.712947	0.106834	9443	
0.907138	0.165620	8857	
0.905269	0.150969	7964	
0.026441	0.890997	6373	
0.233246	0.711851	7116	
-0.661755	0.510453	9389	
-0.147426	0.887635	9552	
0.245287	0.862180	8059	
0.558745	0.722097	10065	
0.896339	0.284535	710	
0.861655	0.046376	8375	
0.774587	0.030673	992	
0.768557	0.027879	992	
0.767643	0.026979	992	
0.782025	0.032019	2594	
0.899898	0.090993	8695	
0.912599	0.131448	4301	
0.827666	0.446004	546	
0.412747	0.801288	7232	
0.088671	0.891385	888	
-0.222139	0.874996	9751	
-0.805082	0.362469	6261	
0.237575	0.747077	812	
0.414483	0.526611	8694	
0.357917	0.824231	6246	
0.765008	0.036434	992	
0.599919	0.690384	7706	
-0.087024	0.884690	7719	
0.502266	0.745673	8370	
0.671211	0.054009	3203	
0.254468	0.577406	10806	
-0.626036	0.644941	10111	
-0.718786	0.513282	6697	
-0.474230	0.722840	6486	
0.079721	0.830847	6371	
-0.097230	0.819746	4391	
0.078596	0.777235	7278	
0.545378	0.310045	2802	
0.342883	0.242924	5672	
0.242331	0.198468	3604	
0.148177	0.154307	963	
0.066942	0.216633	6166	
0.016471	0.337853	7841	
-0.027440	0.432316	5839	
0.019795	0.497107	947	
0.050019	0.519494	863	
0.078050	0.627628	5803	
-0.136897	0.696988	7966	
-0.510517	0.588792	1945	
-0.681280	0.441203	6301	
-0.774564	0.320648	3283	
-0.828607	0.242260	5122	
-0.911358	0.103376	7500	
-0.946368	0.073821	763	
-0.962081	0.098250	11047	
-0.958287	0.094243	11047	
-0.957575	0.093643	11047	
-0.957409	0.092568	11047	
-0.963788	0.113809	9944	
-0.962401	0.113998	9944	
-0.961640	0.159037	10454	
-0.961523	0.155029	10454	
-0.961493	0.155549	10454	
-0.961001	0.161964	10454	
-0.961066	0.162106	10454	
-0.963524	0.120857	9944	
-0.958067	0.096164	11047	
-0.958729	0.095868	11047	
-0.959603	0.093901	11047	
-0.948727	0.074401	10249	
-0.936099	0.074872	649	
-0.913672	0.100726	7500	
-0.882238	0.140633	8139	
-0.831884	0.234021	5122	
-0.760905	0.334593	3283	
-0.703038	0.415155	5532	
-0.589648	0.531267	6651	
-0.453132	0.624289	3399	
-0.113789	0.695748	1489	
0.097747	0.568417	4376	
0.094553	0.578182	4343	
0.010412	0.478995	8575	
-0.011410	0.429017	3512	
0.023662	0.327112	3367	
0.049073	0.265596	6833	
0.094404	0.153983	2303	
0.388876	0.276088	6575	
0.600778	0.322072	651	
0.223310	0.737744	812	
0.111511	0.839567	8823	
0.263895	0.597358	5892	
-0.675929	0.565997	5611	
-0.606299	0.644925	5335	
-0.182873	0.838080	7191	
-0.314854	0.808840	7598	
-0.651491	0.566071	8717	
-0.629779	0.636894	974	
0.235322	0.608736	516	
-0.159301	0.872476	7690	
0.210363	0.857050	6650	
-0.471961	0.652814	861	
0.870936	0.095248	1106	
0.663969	0.631136	10219	
0.718160	0.032664	4648	
0.591181	0.104359	9047	
-0.534709	0.739471	9330	
0.079842	0.888633	888	
0.311266	0.841014	4975	
0.725545	0.577097	1156	
0.906091	0.147148	7964	
0.830605	0.053580	7860	
0.820545	0.049024	5868	
0.809706	0.046783	2888	
0.818849	0.048495	5868	
0.827383	0.052259	5868	
0.852370	0.059487	8445	
0.908003	0.212787	848	
0.902301	0.244091	9753	
0.590154	0.697784	10857	
0.146480	0.875572	4948	
-0.000073	0.891974	524	
-0.831866	0.420765	10752	
0.505472	0.647740	8517	
0.730262	0.079060	753	
0.234481	0.857224	8029	
0.829116	0.063602	7860	
0.701739	0.596225	8097	
-0.061270	0.881081	6346	
0.401940	0.789923	5288	
0.804044	0.215282	1620	
0.031491	0.704433	9183	
0.196790	0.828254	6183	
-0.569216	0.624755	6400	
-0.161198	0.812085	4912	
0.108283	0.808033	6759	
0.239431	0.732390	9743	
0.590226	0.317208	4968	
0.465781	0.296922	9347	
0.290020	0.215311	6696	
0.148271	0.156360	963	
0.101823	0.148964	9825	
0.049431	0.261711	6833	
0.004601	0.371724	6624	
-0.018668	0.450242	5839	
0.046982	0.519969	863	
0.076030	0.545076	3893	
-0.036211	0.681892	4239	
-0.321071	0.675714	3454	
-0.605697	0.515851	7870	
-0.727640	0.385606	2826	
-0.801579	0.284191	7726	
-0.856820	0.190131	5968	
-0.930812	0.075108	10655	
-0.946157	0.077641	10249	
-0.964247	0.119095	9944	
-0.961562	0.110209	9944	
-0.961150	0.109751	9944	
-0.961331	0.107987	9944	
-0.962840	0.143202	10454	
-0.961691	0.148137	10454	
-0.960656	0.161333	10454	
-0.956807	0.186551	5180	
-0.956856	0.186391	5180	
-0.955624	0.193197	5180	
-0.954180	0.203174	6484	
-0.961496	0.149272	10454	
-0.961602	0.112687	9944	
-0.961918	0.114329	9944	
-0.963332	0.117183	9944	
-0.956773	0.085412	11047	
-0.949701	0.081976	11047	
-0.934374	0.073946	649	
-0.906381	0.110072	6638	
-0.855715	0.190057	5968	
-0.787987	0.297628	1547	
-0.742006	0.365953	2826	
-0.666518	0.458188	6762	
-0.569131	0.547498	5830	
-0.276286	0.685659	3054	
0.082267	0.624858	5803	
0.079812	0.626268	5803	
0.040612	0.502865	833	
-0.002587	0.451651	5869	
0.010093	0.363229	6624	
0.032141	0.308963	3279	
0.074186	0.202566	4801	
0.311053	0.231149	6612	
0.500917	0.312096	3326	
0.646392	0.321972	7852	
0.199319	0.808169	5476	
0.092439	0.695265	10301	
0.670332	0.440802	7655	
-0.383250	0.771104	6299	
-0.024938	0.838862	6862	
-0.134371	0.833870	5630	
-0.501321	0.711885	7517	
-0.463523	0.745836	6819	
-0.130302	0.731007	1124	
-0.104799	0.873837	7719	
0.185457	0.854659	9153	
-0.669295	0.530125	7599	
0.892507	0.168423	8101	
0.604338	0.673456	7706	
0.731584	0.055617	9911	
0.227226	0.715466	7472	
-0.425221	0.793196	9950	
0.116090	0.877835	5400	
0.319872	0.832997	4177	
0.669626	0.625693	10219	
0.895261	0.255090	10919	
0.870608	0.094477	1106	
0.863814	0.086481	8991	
0.854415	0.076315	8991	
0.861572	0.083916	8991	
0.864917	0.087439	8991	
0.886138	0.109702	1416	
0.871296	0.338305	9250	
0.845697	0.395788	1709	
0.545647	0.720863	10065	
0.153546	0.870260	9393	
0.022809	0.885782	6373	
-0.765287	0.522726	8779	
0.650537	0.017884	4415	
0.811637	0.138297	8096	
0.229509	0.853236	6650	
0.871391	0.111044	1106	
0.620390	0.662265	8168	
-0.049283	0.875973	8974	
0.385010	0.790020	5288	
0.763506	0.402013	631	
-0.481421	0.653704	4315	
0.226607	0.807158	4152	
-0.536961	0.661756	6404	
0.226173	0.736156	812	
0.636148	0.184844	2178	
0.654510	0.322797	859	
0.498474	0.305828	9420	
0.395234	0.277893	7431	
0.202920	0.187514	7536	
0.094104	0.163927	3542	
0.077455	0.202640	4801	
0.035784	0.303331	3038	
-0.002567	0.402393	1498	
-0.004269	0.468722	6863	
0.079625	0.544407	3893	
0.098218	0.576488	4343	
-0.243761	0.690460	10903	
-0.486445	0.605973	3171	
-0.661471	0.462628	5876	
-0.763980	0.336646	3283	
-0.829547	0.241056	5122	
-0.877107	0.154344	7756	
-0.946782	0.074395	10249	
-0.956754	0.088666	11047	
-0.963397	0.121792	9944	
-0.962085	0.138434	10454	
-0.962190	0.134676	9174	
-0.962344	0.133255	9174	
-0.958626	0.175656	5180	
-0.957917	0.182312	5180	
-0.955285	0.193504	5180	
-0.950441	0.219190	5082	
-0.949968	0.221700	5082	
-0.949692	0.224148	5082	
-0.949616	0.229833	5082	
-0.956953	0.180072	5180	
-0.961258	0.144426	10454	
-0.961180	0.144194	10454	
-0.961892	0.147115	10454	
-0.960694	0.101644	11047	
-0.957282	0.093716	11047	
-0.945971	0.078442	11047	
-0.928702	0.077707	10655	
-0.880837	0.144526	8139	
-0.816596	0.253776	3710	
-0.778134	0.315497	4211	
-0.718966	0.398023	2976	
-0.666098	0.456698	6762	
-0.492430	0.601656	3171	
-0.029465	0.680661	4101	
-0.029747	0.679633	4101	
0.069848	0.524383	2171	
0.014730	0.473831	8747	
0.002242	0.394496	424	
0.017410	0.345913	5101	
0.056210	0.248212	8428	
0.220593	0.197544	2815	
0.425485	0.297116	1079	
0.529829	0.312419	2025	
0.312001	0.750527	10442	
-0.404516	0.698587	544	
0.557308	0.652356	793	
-0.085698	0.820934	4012	
0.131833	0.804519	6629	
0.069068	0.814606	3387	
-0.247542	0.803291	6435	
-0.222486	0.820285	7421	
-0.456168	0.671449	861	
-0.054193	0.869967	8974	
0.196512	0.845774	9153	
-0.664598	0.542428	2064	
0.872076	0.302710	466	
0.573672	0.687111	2323	
0.821076	0.100420	8558	
0.638189	0.151832	3157	
-0.350092	0.819987	9634	
0.132929	0.869680	8733	
0.306786	0.830922	4177	
0.616689	0.664928	8168	
0.844297	0.390812	1709	
0.892562	0.167550	8101	
0.889384	0.151246	2992	
0.886515	0.137430	5038	
0.889287	0.150815	2992	
0.891029	0.161779	8101	
0.895405	0.198708	8890	
0.807687	0.458427	8814	
0.760965	0.524048	8680	
0.514459	0.732835	8468	
0.175253	0.861994	10951	
0.044861	0.879017	6373	
-0.671766	0.624650	6312	
0.756203	0.139016	2104	
0.723707	0.107926	9443	
0.243605	0.843225	6348	
0.888208	0.205862	1259	
0.584489	0.679938	9465	
-0.007336	0.869096	853	
0.384419	0.783119	5288	
0.594327	0.538587	2394	
-0.663423	0.547880	2064	
0.259821	0.779523	7495	
-0.302091	0.778096	5384	
0.661222	0.321110	859	
0.708810	0.308456	1681	
0.531870	0.314718	2198	
0.425629	0.290540	9678	
0.322597	0.239170	9222	
0.121704	0.142141	10966	
0.073601	0.214864	6166	
0.059614	0.248339	8428	
0.019983	0.343793	5101	
-0.001357	0.427562	3512	
0.017713	0.489263	947	
0.101095	0.576681	4343	
0.083028	0.622543	7393	
-0.436237	0.632767	1676	
-0.608329	0.515562	7870	
-0.716310	0.399389	2976	
-0.797265	0.290860	7726	
-0.851289	0.201487	5968	
-0.904438	0.116682	6638	
-0.953077	0.087116	11047	
-0.960565	0.104279	11002	
-0.959676	0.168433	4000	
-0.957981	0.172306	5180	
-0.957868	0.169251	4000	
-0.958844	0.164911	10454	
-0.952768	0.208247	5082	
-0.951936	0.214535	5082	
-0.946956	0.243159	3895	
-0.944189	0.252337	5175	
-0.943754	0.255125	5175	
-0.942896	0.258618	5175	
-0.941648	0.265630	5175	
-0.950765	0.213662	5082	
-0.956937	0.177748	5180	
-0.956725	0.177712	5180	
-0.957620	0.179545	5180	
-0.963161	0.122922	9944	
-0.960368	0.107506	11002	
-0.954247	0.089061	11047	
-0.942460	0.076960	649	
-0.905297	0.113013	6638	
-0.839110	0.216789	5085	
-0.806767	0.275503	10017	
-0.757998	0.346548	8532	
-0.702103	0.417260	5532	
-0.598913	0.523347	6651	
-0.176526	0.696616	435	
-0.237003	0.691515	10903	
0.098000	0.551264	4846	
0.037580	0.495868	8499	
0.001724	0.421905	3449	
0.006013	0.380815	8460	
0.039288	0.293638	4138	
0.131692	0.151394	9660	
0.353743	0.268252	3353	
0.451156	0.299224	10772	
0.380151	0.670850	6660	
-0.539819	0.659652	5827	
0.383427	0.689472	7395	
0.242633	0.733139	9743	
0.306919	0.708563	5732	
0.290619	0.714631	5732	
0.109948	0.787053	6603	
0.021647	0.819309	1973	
-0.635969	0.584178	1555	
-0.000284	0.861658	853	
0.212131	0.832355	6294	
0.705007	0.401297	1704	
0.804605	0.440644	10737	
0.531948	0.705094	7300	
0.862898	0.157734	2312	
0.641481	0.389258	3087	
-0.276959	0.838318	9656	
0.147137	0.861334	8733	
0.290996	0.829853	4169	
0.568262	0.691399	2323	
0.761080	0.515431	8680	
0.872083	0.303086	466	
0.877544	0.280396	892	
0.884318	0.249118	9753	
0.878598	0.276097	892	
0.874618	0.292946	892	
0.857317	0.345058	2231	
0.733457	0.547031	1539	
0.693014	0.589698	8097	
0.484807	0.742346	7375	
0.189265	0.853940	9153	
0.071301	0.870135	888	
-0.569899	0.705072	8522	
0.798711	0.385860	7937	
-0.566320	0.690850	8522	
0.231575	0.837658	6294	
0.847231	0.356561	6237	
0.534782	0.703614	7300	
0.057125	0.856970	6335	
0.349430	0.788942	3972	
0.567733	0.405625	3061	
-0.657149	0.576017	8717	
0.327747	0.721712	7000	
0.160775	0.758282	3027	
0.537394	0.312957	2025	
0.552442	0.317307	2506	
0.452054	0.301945	8057	
0.353297	0.261628	2685	
0.230484	0.200731	4034	
0.088120	0.181892	3937	
0.056988	0.260860	8158	
0.043215	0.293528	4138	
0.009482	0.377435	8460	
0.008498	0.451778	4987	
0.046108	0.509825	833	
0.084390	0.623094	7393	
-0.021223	0.677776	3679	
-0.570048	0.547950	5830	
-0.692501	0.428402	5532	
-0.754257	0.350704	7746	
-0.826010	0.247511	3710	
-0.879725	0.150621	7756	
-0.926295	0.084225	10655	
-0.959334	0.101882	10666	
-0.961956	0.128936	9944	
-0.954242	0.199251	6484	
-0.952207	0.206235	6484	
-0.951128	0.206524	5082	
-0.952693	0.201926	6484	
-0.947446	0.239010	3895	
-0.945990	0.246803	3895	
-0.942251	0.260606	5175	
-0.934255	0.287875	7138	
-0.933932	0.289323	7138	
-0.932205	0.294814	7138	
-0.931409	0.299134	7138	
-0.944170	0.249108	5175	
-0.951050	0.209214	5082	
-0.950438	0.212222	5082	
-0.951528	0.211108	5082	
-0.960737	0.155607	10454	
-0.961600	0.135977	10454	
-0.959190	0.106135	11002	
-0.951116	0.086974	11047	
-0.926694	0.080272	10655	
-0.862491	0.176439	4978	
-0.834045	0.230921	5122	
-0.790810	0.301621	7726	
-0.757414	0.344510	8532	
-0.665945	0.459110	5876	
-0.465926	0.618724	3399	
-0.423080	0.638130	1676	
0.110301	0.584527	4343	
0.068451	0.519566	2171	
0.009178	0.446151	4987	
0.002379	0.409636	3449	
0.024122	0.334212	3367	
0.093935	0.186378	3520	
0.265799	0.213480	4431	
0.380890	0.277623	6575	
0.699894	0.315205	821	
-0.306779	0.777181	5384	
0.475711	0.481982	5323	
0.628271	0.326005	8944	
0.642351	0.328456	2706	
0.649848	0.326453	2706	
0.457418	0.494308	2629	
0.276160	0.720035	10627	
-0.530502	0.683059	7036	
0.045324	0.848715	5759	
0.239325	0.813619	3691	
0.342707	0.687442	6626	
0.723590	0.534623	1539	
0.487671	0.721137	7458	
0.861657	0.219827	695	
0.569043	0.433180	3345	
-0.201564	0.849966	7909	
0.172569	0.850105	8104	
0.281948	0.825029	4169	
0.529342	0.707187	7300	
0.692996	0.580558	8097	
0.800621	0.447681	10737	
0.807190	0.436005	7454	
0.821593	0.409664	6234	
0.809827	0.431353	7454	
0.803978	0.441678	10737	
0.779213	0.478247	4700	
0.659453	0.612008	10931	
0.629499	0.637604	890	
0.459517	0.748114	5387	
0.208828	0.843404	6650	
0.113492	0.857677	6550	
-0.430668	0.777830	7670	
0.655578	0.536973	2441	
-0.585518	0.616017	7868	
0.240723	0.825731	5538	
0.767317	0.480352	6130	
0.498896	0.715173	7458	
0.099660	0.842028	6550	
0.338994	0.781600	10399	
0.362913	0.535002	9808	
-0.502447	0.705181	7450	
0.457882	0.534361	5576	
0.601500	0.326832	651	
0.457487	0.299885	8057	
0.467955	0.305583	9347	
0.381381	0.280661	6575	
0.268901	0.209708	4431	
0.137049	0.154373	10410	
0.068855	0.230559	7107	
0.040542	0.304650	3173	
0.028284	0.334905	3367	
0.004863	0.407790	470	
0.026705	0.474742	8543	
0.080428	0.537542	1603	
-0.022245	0.678676	3679	
-0.228165	0.692868	10349	
-0.650874	0.475283	5221	
-0.735935	0.375261	2826	
-0.787269	0.305317	1547	
-0.852127	0.200814	5968	
-0.900420	0.120896	6638	
-0.939006	0.080984	6669	
-0.962200	0.122316	9944	
-0.958644	0.165152	10454	
-0.949884	0.215397	5082	
-0.945672	0.240480	3895	
-0.946302	0.236117	3895	
-0.946448	0.236220	3895	
-0.940061	0.270828	5175	
-0.935624	0.284007	6610	
-0.924989	0.316302	6718	
-0.920426	0.326222	5652	
-0.920250	0.326839	5652	
-0.918555	0.330890	5652	
-0.917426	0.335813	5652	
-0.935578	0.282800	6610	
-0.944131	0.247383	5175	
-0.943836	0.247995	5175	
-0.945451	0.244914	3895	
-0.954211	0.199076	6484	
-0.957556	0.171533	5180	
-0.961885	0.129743	9944	
-0.957619	0.101084	10666	
-0.941137	0.077982	10655	
-0.885878	0.139012	8139	
-0.858821	0.186244	5968	
-0.822296	0.254663	3710	
-0.781860	0.310932	4211	
-0.710908	0.409039	2976	
-0.532066	0.576199	4450	
-0.555540	0.558199	6446	
0.074722	0.636597	5803	
0.100575	0.546116	1722	
0.026666	0.470329	8747	
0.006123	0.435375	3543	
0.012242	0.370168	6624	
0.074825	0.237817	6853	
0.167937	0.177802	923	
0.303443	0.229484	7446	
0.539398	0.323985	3360	
0.146748	0.763366	5715	
0.458260	0.550077	6360	
0.509094	0.319625	3624	
0.514651	0.324219	3334	
0.521089	0.321518	3334	
0.096141	0.722754	10211	
0.647740	0.325653	2706	
-0.210645	0.803830	5548	
0.125653	0.825006	9653	
0.262309	0.790868	10413	
0.753177	0.294791	11065	
0.638621	0.599952	7482	
0.449225	0.728868	5387	
0.816803	0.375190	2805	
0.228340	0.662042	1015	
-0.122540	0.855029	7463	
0.196862	0.836144	10015	
0.282686	0.814418	4169	
0.486383	0.722683	7458	
0.624427	0.630154	7206	
0.713590	0.545544	1898	
0.726520	0.531163	1539	
0.737547	0.517639	8647	
0.725270	0.532665	1539	
0.717572	0.541477	2939	
0.690748	0.569938	7831	
0.597222	0.650464	7914	
0.577459	0.663727	8268	
0.431118	0.752099	6255	
0.220808	0.831189	6294	
0.149564	0.843588	8104	
-0.304617	0.820061	7631	
0.650831	0.486970	9493	
0.112508	0.825461	6759	
0.256389	0.808639	3691	
0.673653	0.569531	8526	
0.456717	0.725100	6507	
0.165583	0.816595	6057	
0.335259	0.766064	4078	
0.073100	0.713813	8475	
-0.167701	0.812231	5559	
-0.080688	0.768759	2023	
0.495194	0.319182	3326	
0.384323	0.278767	6575	
0.394480	0.286589	7431	
0.298442	0.228897	7446	
0.174733	0.177071	7346	
0.095224	0.181490	3520	
0.051971	0.277171	7503	
0.025109	0.345379	4246	
0.016716	0.371634	8460	
0.008764	0.433885	3543	
0.052371	0.498057	8499	
0.105723	0.564589	4376	
-0.225771	0.693381	10349	
-0.423459	0.638877	1676	
-0.704396	0.416360	5532	
-0.762025	0.342742	8532	
-0.816604	0.260050	7875	
-0.875182	0.158819	7756	
-0.924808	0.087243	10655	
-0.950217	0.096000	10666	
-0.960199	0.151964	10454	
-0.953041	0.196662	5180	
-0.939252	0.273516	6610	
-0.937430	0.275878	6610	
-0.936208	0.278029	6610	
-0.938411	0.272032	5175	
-0.927466	0.308862	6718	
-0.923343	0.317888	6718	
-0.917045	0.334424	5652	
-0.907260	0.359057	5682	
-0.907215	0.359771	5682	
-0.906463	0.361282	5682	
-0.905221	0.365901	5682	
-0.922017	0.321360	5652	
-0.935427	0.281425	6610	
-0.934318	0.284864	7138	
-0.936144	0.281567	6610	
-0.949327	0.221725	5082	
-0.951302	0.206189	5082	
-0.958528	0.162798	10454	
-0.961498	0.120967	9944	
-0.950427	0.088260	10666	
-0.915619	0.102496	7500	
-0.882234	0.145502	8139	
-0.848390	0.209272	5085	
-0.810652	0.270174	7875	
-0.761585	0.340733	3283	
-0.625030	0.500957	8919	
-0.632318	0.493212	7995	
-0.066947	0.690610	5758	
0.115578	0.581971	4343	
0.051469	0.493781	8499	
0.019487	0.459461	5851	
0.005950	0.400240	424	
0.058333	0.284715	7503	
0.106575	0.171359	2959	
0.212676	0.197413	7585	
0.454381	0.313738	9544	
0.584629	0.334785	575	
0.551021	0.326039	4188	
0.432226	0.306298	1049	
0.434214	0.312736	4690	
0.440282	0.309444	4690	
0.555191	0.325498	4188	
0.522300	0.319591	3334	
0.197352	0.749044	9332	
0.215037	0.784168	4152	
0.300027	0.756240	10956	
-0.171423	0.765012	2150	
0.552860	0.645326	793	
0.416048	0.730229	1358	
0.689495	0.530002	1460	
0.168671	0.769144	3027	
-0.037101	0.851423	7766	
0.210081	0.821367	5476	
0.286851	0.800579	3509	
0.445196	0.731704	5387	
0.562302	0.660032	1925	
0.627105	0.609562	7482	
0.639735	0.599295	9516	
0.647339	0.592847	9718	
0.639610	0.599338	9516	
0.632650	0.604927	7482	
0.613832	0.620120	8233	
0.534397	0.679576	7577	
0.527621	0.683082	6131	
0.399365	0.756010	3792	
0.239279	0.814215	3691	
0.183773	0.826194	6183	
-0.169663	0.840430	7191	
0.549192	0.430009	2225	
-0.301435	0.772283	5384	
0.283889	0.783322	11063	
0.582455	0.623981	5631	
0.413672	0.732461	1358	
0.244364	0.774490	2675	
0.349239	0.735992	9286	
-0.366173	0.733167	5234	
0.204497	0.747183	9332	
0.560826	0.325874	3662	
0.419796	0.304886	1079	
0.311811	0.235207	9222	
0.323535	0.247309	8556	
0.210081	0.198843	6298	
0.110263	0.159340	2477	
0.075541	0.233590	6853	
0.035752	0.320396	2996	
0.015301	0.380329	8460	
0.012030	0.401028	470	
0.021626	0.457892	5851	
0.084708	0.523687	1603	
0.100665	0.608915	6565	
-0.426559	0.637818	1676	
-0.554911	0.560310	5850	
-0.747470	0.362017	7746	
-0.798339	0.292810	7726	
-0.842812	0.213718	5085	
-0.900854	0.120798	6638	
-0.941791	0.083934	6669	
-0.955613	0.109122	11002	
-0.954913	0.186585	5180	
-0.946434	0.232736	5082	
-0.925383	0.314265	6718	
-0.924239	0.314310	6718	
-0.923180	0.315823	6718	
-0.926391	0.308220	6718	
-0.914106	0.342720	5652	
-0.909963	0.351284	4194	
-0.898794	0.382373	6763	
-0.893598	0.392506	5566	
-0.893428	0.392867	5566	
-0.891197	0.397998	5566	
-0.890933	0.399288	5566	
-0.908549	0.354550	5682	
-0.920955	0.322260	5652	
-0.921014	0.322183	5652	
-0.923641	0.316745	6718	
-0.940313	0.268487	5175	
-0.943093	0.251485	5175	
-0.953116	0.195922	5180	
-0.959911	0.151655	10454	
-0.956652	0.102418	10666	
-0.932836	0.081148	10655	
-0.906921	0.113943	6638	
-0.873070	0.165354	7756	
-0.835149	0.230242	6029	
-0.792482	0.299534	7726	
-0.716505	0.403796	2976	
-0.705907	0.414737	5532	
-0.282599	0.685406	3300	
0.077897	0.636836	5803	
0.079978	0.517451	2171	
0.041005	0.482803	6948	
0.008027	0.427302	3449	
0.043354	0.328311	2202	
0.087038	0.226532	7998	
0.122389	0.154275	10988	
0.382169	0.292778	3215	
0.476828	0.330634	5523	
0.461911	0.316846	9544	
0.360546	0.279794	2459	
0.365482	0.287685	5279	
0.369651	0.285437	5279	
0.464385	0.315985	9544	
0.441752	0.307272	4690	
0.594043	0.333475	575	
0.335241	0.698330	5785	
0.370056	0.678910	6660	
0.374255	0.588828	1915	
0.478686	0.667613	7550	
0.401013	0.710865	1602	
0.545540	0.621877	5793	
0.431489	0.496178	4536	
0.061134	0.834292	5730	
0.246002	0.796541	2787	
0.305006	0.777806	10990	
0.408053	0.735468	1358	
0.497320	0.684431	7654	
0.549521	0.647881	793	
0.554622	0.644155	793	
0.561181	0.639777	6641	
0.554809	0.644037	793	
0.549554	0.647703	793	
0.535634	0.657571	1599	
0.474037	0.698792	5508	
0.466112	0.703250	5508	
0.377646	0.749667	1025	
0.268747	0.789292	10413	
0.221591	0.803123	4152	
-0.031636	0.839660	6862	
0.293681	0.614773	7093	
0.205349	0.735567	10382	
0.314846	0.749913	10442	
0.498733	0.654135	7643	
0.404704	0.710379	1602	
0.349228	0.689520	6626	
0.389060	0.668025	7395	
0.008338	0.787057	10799	
0.592345	0.334859	575	
0.469002	0.316910	5481	
0.348915	0.274109	4013	
0.219955	0.200610	7585	
0.228733	0.207300	6012	
0.124810	0.159434	9660	
0.088323	0.213974	6663	
0.059886	0.279840	7503	
0.022800	0.358342	4246	
0.012511	0.410423	470	
0.014727	0.429085	3543	
0.043594	0.482361	6948	
0.112857	0.552085	1722	
0.017350	0.667484	2069	
-0.556643	0.559440	6446	
-0.648295	0.480045	5221	
-0.787099	0.308464	7726	
-0.833222	0.237227	5122	
-0.868329	0.173271	5928	
-0.923135	0.091020	6669	
-0.950986	0.097196	10666	
-0.958492	0.129222	11002	
-0.948531	0.219644	5082	
-0.938262	0.271771	5175	
-0.913234	0.344622	4194	
-0.910150	0.349626	4194	
-0.909155	0.351397	4194	
-0.911408	0.345057	4194	
-0.901803	0.373096	5682	
-0.896917	0.383954	6763	
-0.875996	0.426840	5635	
-0.877756	0.422567	4119	
-0.877456	0.423049	4119	
-0.875017	0.427827	5635	
-0.875117	0.428518	5635	
-0.896523	0.384966	6763	
-0.907173	0.356820	5682	
-0.907162	0.356815	5682	
-0.910017	0.351078	4194	
-0.931781	0.293838	7138	
-0.936320	0.277882	6610	
-0.945950	0.234184	5082	
-0.954728	0.184179	5180	
-0.959836	0.120478	11002	
-0.944482	0.085598	10666	
-0.927283	0.085304	10655	
-0.898268	0.126577	7528	
-0.862803	0.179375	4978	
-0.822716	0.254491	3710	
-0.757112	0.351487	8532	
-0.747873	0.361950	7746	
-0.471976	0.616358	3399	
-0.060962	0.690653	5758	
0.111903	0.546579	1722	
0.068807	0.506635	8450	
0.018015	0.452437	5851	
0.032339	0.367265	5061	
0.072588	0.272918	1263	
0.094353	0.202482	4397	
0.308406	0.245534	9722	
0.404672	0.316847	459	
0.390569	0.298045	2979	
0.281411	0.225524	6416	
0.291222	0.235545	7340	
0.293296	0.233432	7340	
0.392355	0.297092	2979	
0.372680	0.284647	5279	
0.483160	0.329585	5523	
0.614487	0.336216	9712	
0.648494	0.331568	2706	
-0.098019	0.778282	2023	
0.443606	0.636498	8441	
0.411121	0.654441	8967	
0.480530	0.610208	6933	
0.140431	0.698905	9830	
0.179736	0.793838	3747	
0.287236	0.761675	10990	
0.325936	0.746934	9518	
0.395324	0.715178	1602	
0.443030	0.689443	9218	
0.472600	0.671734	5736	
0.479919	0.666959	7643	
0.483824	0.664593	7643	
0.482322	0.665416	7643	
0.477809	0.668217	7550	
0.469819	0.673568	5736	
0.431979	0.695594	9218	
0.426535	0.698728	9218	
0.376366	0.724467	933	
0.298413	0.757674	10956	
0.274181	0.765924	1557	
0.122441	0.807347	6759	
-0.252190	0.747383	1927	
0.696448	0.210218	363	
0.377126	0.673680	6660	
0.454873	0.627495	7611	
0.410801	0.657728	8967	
0.646146	0.330335	2706	
0.661073	0.330659	7928	
0.566551	0.334791	2100	
0.480584	0.331859	5523	
0.396299	0.298707	432	
0.268091	0.221328	4431	
0.130219	0.156093	9660	
0.139792	0.167134	1754	
0.097949	0.208096	4397	
0.070454	0.263777	1145	
0.043371	0.324425	3928	
0.015033	0.391942	424	
0.018765	0.437339	3543	
0.027040	0.454670	5851	
0.071956	0.507054	8450	
0.118790	0.593196	5823	
-0.194218	0.697030	417	
-0.644493	0.484171	7995	
-0.704833	0.418343	5532	
-0.816937	0.264463	7875	
-0.855636	0.197984	5968	
-0.890183	0.137573	8139	
-0.938299	0.082510	6669	
-0.955842	0.114846	11002	
-0.955737	0.166982	10454	
-0.941464	0.257142	5175	
-0.923767	0.314526	6718	
-0.899613	0.379304	5682	
-0.898012	0.379835	5682	
-0.895677	0.385060	6763	
-0.898022	0.378879	5682	
-0.887349	0.405056	5566	
-0.883251	0.412696	5566	
-0.863020	0.450999	5635	
-0.861734	0.452622	5635	
-0.861786	0.452466	5635	
-0.858956	0.457888	6835	
-0.859436	0.457876	6835	
-0.877682	0.421464	4119	
-0.893443	0.390420	5566	
-0.893475	0.390518	5566	
-0.897137	0.383686	6763	
-0.914362	0.340758	5652	
-0.923778	0.314536	6718	
-0.937806	0.272100	5175	
-0.947788	0.220748	5082	
-0.958591	0.152605	10454	
-0.954240	0.097721	10666	
-0.941730	0.085946	6669	
-0.921405	0.096845	6669	
-0.885322	0.144053	8139	
-0.847022	0.213909	5085	
-0.777222	0.323093	3283	
-0.782028	0.314427	3283	
-0.597013	0.527919	6651	
-0.288432	0.685158	3300	
0.122958	0.585456	6567	
0.102224	0.534522	1722	
0.038027	0.476210	6948	
0.028823	0.400474	1506	
0.056902	0.318320	2202	
0.076729	0.251509	10324	
0.212988	0.209378	7289	
0.339866	0.284245	3231	
0.318672	0.255170	8556	
0.184808	0.191973	6227	
0.194036	0.201268	7388	
0.196536	0.199493	7388	
0.320625	0.255605	8556	
0.294331	0.232296	7446	
0.409236	0.316262	1295	
0.490787	0.336505	5523	
0.510341	0.332100	4732	
0.556969	0.331755	3662	
0.658246	0.334444	7928	
0.689825	0.323087	2890	
0.707727	0.313552	1768	
-0.088936	0.782551	4940	
0.320156	0.705972	6509	
0.362266	0.685446	6626	
0.379103	0.676217	7395	
0.406271	0.660800	8967	
0.428810	0.647249	8237	
0.441184	0.638926	8441	
0.444316	0.636207	8441	
0.446878	0.634393	8441	
0.445982	0.634909	8441	
0.443672	0.636562	8441	
0.439910	0.639835	8237	
0.422404	0.651201	8984	
0.420243	0.652421	8984	
0.398126	0.665387	8967	
0.367870	0.682271	6660	
0.356951	0.688188	6626	
0.300035	0.714568	5732	
-0.049951	0.787762	3739	
0.651694	0.429370	4061	
0.678058	0.326135	1774	
0.697629	0.320559	821	
0.633329	0.337402	5370	
0.512496	0.328676	4732	
0.514074	0.333560	4732	
0.465956	0.329992	7001	
0.407733	0.318941	1295	
0.324333	0.258177	8556	
0.168848	0.184971	4715	
0.097301	0.197552	3168	
0.104247	0.202643	4397	
0.080245	0.259692	10324	
0.054574	0.309389	3173	
0.032326	0.363208	5061	
0.015383	0.421120	3449	
0.034022	0.462634	4985	
0.048591	0.479696	6948	
0.096935	0.530812	2002	
0.062082	0.650082	9985	
-0.400722	0.650172	6615	
-0.709625	0.413404	2976	
-0.749154	0.363434	7746	
-0.842224	0.221852	5085	
-0.883275	0.148480	8139	
-0.915861	0.106759	7500	
-0.948400	0.094804	10666	
-0.957804	0.130418	11002	
-0.948991	0.205368	5082	
-0.929956	0.297020	7138	
-0.909442	0.350151	4194	
-0.885720	0.408234	5566	
-0.882427	0.412203	5566	
-0.880271	0.415232	5566	
-0.882782	0.410890	5566	
-0.869183	0.438651	5635	
-0.864323	0.446823	5635	
-0.844348	0.481142	6188	
-0.844400	0.480302	6188	
-0.844436	0.480431	6188	
-0.842369	0.484113	6188	
-0.842562	0.484658	6188	
-0.861362	0.452211	5635	
-0.877225	0.421490	4119	
-0.877318	0.421512	4119	
-0.878444	0.419702	4119	
-0.901333	0.373490	5682	
-0.909159	0.350987	4194	
-0.926314	0.306690	7138	
-0.940374	0.259993	5175	
-0.953227	0.188064	5180	
-0.957361	0.117979	11002	
-0.950553	0.100485	10666	
-0.936823	0.083083	6669	
-0.911278	0.112400	7500	
-0.874125	0.162968	7756	
-0.809275	0.279554	10017	
-0.815203	0.268100	7875	
-0.673063	0.454983	6762	
-0.478245	0.614034	4213	
0.077222	0.641471	5803	
0.123747	0.567170	4145	
0.065753	0.500656	8572	
0.033954	0.430332	2671	
0.046162	0.359209	4219	
0.060851	0.298714	3967	
0.130692	0.178836	5309	
0.266319	0.232759	6098	
0.225491	0.215870	6012	
0.116766	0.172799	3505	
0.120704	0.182322	3632	
0.121889	0.175396	3505	
0.226872	0.215216	6012	
0.197790	0.198495	7388	
0.343987	0.285178	3231	
0.414793	0.326330	1297	
0.429389	0.322519	1027	
0.462062	0.324986	5481	
0.505705	0.341578	5592	
0.526050	0.332618	5728	
0.536451	0.329408	3360	
0.556369	0.333565	3662	
0.604510	0.338581	9478	
0.614678	0.338697	9712	
0.619682	0.338476	9712	
0.627005	0.338632	7220	
0.632924	0.338737	5370	
0.643521	0.337307	2704	
0.656723	0.334829	7928	
0.660118	0.334233	7928	
0.660255	0.334159	7928	
0.656815	0.334727	7928	
0.642461	0.337369	2704	
0.632490	0.338421	5370	
0.633822	0.337901	5370	
0.625995	0.338271	7220	
0.617894	0.338110	9712	
0.613394	0.338478	9712	
0.600828	0.338462	575	
0.558803	0.335855	3662	
0.543760	0.330020	3360	
0.523530	0.330709	4732	
0.525305	0.335828	5728	
0.494816	0.341512	2343	
0.431941	0.318176	1049	
0.432164	0.324918	1027	
0.395791	0.314380	459	
0.343389	0.287876	3231	
0.233002	0.216469	6516	
0.110114	0.183481	3505	
0.079138	0.248352	10324	
0.086399	0.256243	9862	
0.064625	0.307018	3967	
0.042252	0.350942	2173	
0.027315	0.397314	1506	
0.024894	0.447499	5851	
0.057507	0.487332	8499	
0.076614	0.504715	8450	
0.121458	0.563030	4145	
-0.116276	0.698860	1489	
-0.550999	0.566052	4450	
-0.755821	0.354651	8532	
-0.788257	0.310467	3864	
-0.874231	0.165275	7756	
-0.905618	0.120447	6638	
-0.933358	0.087161	6669	
-0.954893	0.113884	11002	
-0.954980	0.165350	10394	
-0.941654	0.245141	5175	
-0.915523	0.334650	5652	
-0.895981	0.384163	6763	
-0.868094	0.441310	5635	
-0.864894	0.444477	5635	
-0.860575	0.451433	5635	
-0.864274	0.444972	5635	
-0.851946	0.468640	6188	
-0.847475	0.475247	6188	
-0.828523	0.504648	7743	
-0.827857	0.505111	7743	
-0.827806	0.505237	7743	
-0.825427	0.509282	7743	
-0.827316	0.507233	7743	
-0.844122	0.480194	6188	
-0.860403	0.452969	5635	
-0.860439	0.452937	5635	
-0.861319	0.452142	5635	
-0.889140	0.399700	5566	
-0.895859	0.384442	6763	
-0.910976	0.344531	5652	
-0.928838	0.298123	7138	
-0.946016	0.225994	5082	
-0.957826	0.145788	10394	
-0.956089	0.118406	11002	
-0.947618	0.094502	10666	
-0.930286	0.088260	6669	
-0.899525	0.123796	6638	
-0.840161	0.229168	6029	
-0.842887	0.221477	5085	
-0.718783	0.404274	2976	
-0.592191	0.533984	6651	
-0.077657	0.694935	5758	
0.107869	0.614418	6565	
0.096245	0.526349	2002	
0.048775	0.457912	5977	
0.042135	0.394911	2916	
0.047882	0.341300	2173	
0.108979	0.230826	8066	
0.168453	0.197397	4479	
0.137831	0.182004	5309	
0.096561	0.228585	7998	
0.102855	0.236832	9672	
0.101375	0.230360	7545	
0.138493	0.180365	5309	
0.121930	0.171787	3013	
0.269999	0.232869	6098	
0.353608	0.300243	2729	
0.363942	0.298666	2729	
0.391846	0.307757	459	
0.424996	0.335886	1027	
0.440886	0.324620	4807	
0.449210	0.320751	1894	
0.460621	0.327590	5481	
0.482974	0.339419	8271	
0.486481	0.341449	8271	
0.488572	0.341838	7441	
0.490926	0.343268	7441	
0.492515	0.344486	7441	
0.497838	0.343572	2343	
0.504243	0.342174	2343	
0.505845	0.341727	5592	
0.506143	0.341586	5592	
0.504578	0.341943	5592	
0.497462	0.343444	2343	
0.493240	0.343567	7441	
0.494234	0.342805	2343	
0.491316	0.342194	7441	
0.488504	0.340763	8271	
0.486385	0.340772	8271	
0.480552	0.338958	8271	
0.460665	0.331337	7001	
0.453919	0.321822	9544	
0.439691	0.321752	4807	
0.439398	0.329218	4807	
0.418091	0.334188	1309	
0.364209	0.293497	2459	
0.367096	0.302185	3621	
0.331299	0.278585	3389	
0.272016	0.236004	6098	
0.141754	0.179538	1754	
0.091616	0.239302	9724	
0.063243	0.295982	2379	
0.072746	0.302246	3967	
0.052145	0.350624	2850	
0.035872	0.387217	2916	
0.031344	0.427166	2671	
0.044133	0.472546	5977	
0.087442	0.512889	6984	
0.109395	0.532681	1722	
0.111383	0.609182	6565	
-0.352445	0.668934	2866	
-0.643512	0.488411	7995	
-0.791994	0.305954	7726	
-0.820357	0.263730	7875	
-0.896380	0.132142	7528	
-0.923756	0.095768	6669	
-0.944989	0.096427	10666	
-0.957518	0.133020	9852	
-0.948442	0.204047	5082	
-0.932259	0.282787	7138	
-0.901342	0.369970	5682	
-0.882279	0.411072	5566	
-0.855110	0.462609	6188	
-0.846743	0.474204	6188	
-0.844265	0.477232	6188	
-0.846243	0.474015	6188	
-0.835666	0.492596	7743	
-0.828202	0.503209	7743	
-0.812596	0.527718	8827	
-0.811724	0.528668	8827	
-0.811655	0.528781	8827	
-0.808870	0.533267	8827	
-0.811540	0.530175	8827	
-0.828732	0.502955	7743	
-0.842366	0.481372	6188	
-0.842105	0.481975	6188	
-0.845024	0.478204	6188	
-0.870901	0.434414	5635	
-0.875752	0.423451	4119	
-0.897348	0.378696	5682	
-0.913389	0.337666	5652	
-0.938065	0.264356	5175	
-0.952584	0.182505	5180	
-0.957815	0.141235	10394	
-0.954389	0.111985	11002	
-0.942095	0.093730	10666	
-0.921305	0.100042	6669	
-0.866555	0.182283	5968	
-0.864334	0.182706	5968	
-0.764526	0.344609	8532	
-0.672684	0.457981	6762	
-0.317190	0.679705	2350	
0.003559	0.675962	2185	
0.122669	0.557827	4145	
0.073267	0.484269	6082	
0.047645	0.426061	2564	
0.040484	0.378879	2916	
0.094554	0.282565	2144	
0.123511	0.213929	4417	
0.113737	0.229831	6870	
0.080558	0.280044	1328	
0.087696	0.288268	1328	
0.085880	0.282113	2144	
0.113120	0.226444	6870	
0.100519	0.226219	7545	
0.171915	0.197697	4715	
0.288557	0.250125	8118	
0.296148	0.249189	9680	
0.324505	0.268070	9820	
0.365703	0.315212	3621	
0.374025	0.303415	7111	
0.380061	0.300278	3215	
0.391120	0.310776	459	
0.409978	0.329601	1295	
0.412421	0.333089	3845	
0.413855	0.333889	3845	
0.415446	0.336228	1785	
0.416466	0.338413	1309	
0.420155	0.337786	1309	
0.424158	0.336538	1309	
0.425220	0.336081	1027	
0.425084	0.336006	1027	
0.424433	0.336208	1309	
0.419533	0.337628	1309	
0.416905	0.337132	1309	
0.417647	0.336079	1309	
0.415724	0.334721	1309	
0.413762	0.332341	1295	
0.412360	0.332068	1295	
0.408394	0.328795	1295	
0.392101	0.315622	459	
0.384508	0.302557	3215	
0.372247	0.299712	3215	
0.374619	0.309208	7111	
0.359326	0.311387	3621	
0.292675	0.242138	7340	
0.300677	0.254144	9126	
0.254872	0.229831	6162	
0.174676	0.201491	7295	
0.113509	0.221681	4417	
0.075426	0.289142	2003	
0.049870	0.339359	2173	
0.061521	0.345823	2850	
0.047814	0.387016	1316	
0.036888	0.418891	2564	
0.045092	0.454644	4985	
0.070796	0.497477	8450	
0.118024	0.541084	6182	
0.130380	0.566574	4145	
0.011297	0.673551	2185	
-0.520133	0.588907	3315	
-0.709505	0.418289	5532	
-0.823349	0.260539	3710	
-0.849132	0.214354	5085	
-0.919038	0.104444	7500	
-0.940748	0.094557	10666	
-0.952220	0.112618	11002	
-0.954159	0.168366	10582	
-0.940517	0.245509	5175	
-0.918922	0.321252	5652	
-0.886198	0.403880	5566	
-0.863441	0.445486	5635	
-0.834652	0.494710	7743	
-0.828203	0.502246	7743	
-0.824166	0.507748	7743	
-0.827144	0.502728	7743	
-0.818321	0.517255	7743	
-0.810756	0.528378	8827	
-0.794258	0.553391	8746	
-0.792135	0.555574	8746	
-0.791993	0.555873	8746	
-0.789031	0.560265	8746	
-0.792282	0.556880	8746	
-0.810539	0.529313	8827	
-0.824501	0.508328	7743	
-0.824126	0.509060	7743	
-0.827042	0.505047	7743	
-0.853245	0.465698	6188	
-0.861638	0.449442	5635	
-0.879599	0.415153	5566	
-0.898879	0.373668	5682	
-0.925791	0.304176	7138	
-0.945020	0.222617	5082	
-0.953302	0.176330	5180	
-0.956449	0.135441	9852	
-0.951484	0.108366	10666	
-0.937468	0.087431	6669	
-0.898899	0.132984	7528	
-0.888572	0.144090	8139	
-0.803690	0.291936	7726	
-0.730439	0.391847	4310	
-0.502510	0.600984	3171	
-0.221241	0.698045	8565	
0.118679	0.602004	5823	
0.103236	0.510808	8197	
0.063091	0.455463	4910	
0.039625	0.413590	2564	
0.081503	0.329054	7866	
0.108456	0.268462	8739	
0.099222	0.282353	2752	
0.064441	0.328203	1134	
0.074645	0.333888	2048	
0.071903	0.328205	1134	
0.098146	0.279257	2752	
0.084443	0.277899	2144	
0.121456	0.207841	4129	
0.193661	0.216173	8818	
0.199342	0.213739	8818	
0.239289	0.223856	6516	
0.308463	0.273315	7680	
0.307343	0.257544	7680	
0.310389	0.254623	8556	
0.325495	0.272134	9820	
0.350512	0.303253	2729	
0.354161	0.308614	2729	
0.355611	0.310023	3621	
0.358120	0.313796	3621	
0.359972	0.316914	3855	
0.362589	0.316805	3855	
0.365237	0.316000	3621	
0.366024	0.315465	3621	
0.365738	0.315444	3621	
0.365316	0.315609	3621	
0.361978	0.316445	3855	
0.359571	0.315370	3855	
0.359685	0.314042	3621	
0.357563	0.311581	3621	
0.354912	0.307868	2729	
0.353633	0.307123	2729	
0.348767	0.301663	3024	
0.328943	0.279181	3389	
0.315509	0.258893	8550	
0.303260	0.251821	9680	
0.311403	0.265840	8550	
0.301583	0.267239	7680	
0.196313	0.207912	7461	
0.205952	0.217902	9588	
0.158803	0.194237	4479	
0.124774	0.211450	4417	
0.098073	0.275068	2752	
0.061671	0.333853	1134	
0.041786	0.378082	2916	
0.056596	0.384618	1316	
0.051301	0.419930	2110	
0.048693	0.447617	3593	
0.068123	0.481088	6082	
0.102118	0.523845	2002	
0.130853	0.578725	5872	
0.110023	0.617378	6565	
-0.204711	0.699302	417	
-0.625571	0.507429	8771	
-0.758547	0.357238	8532	
-0.852918	0.209191	5085	
-0.874456	0.170321	7756	
-0.937430	0.089493	6669	
-0.949326	0.110175	11002	
-0.954565	0.138037	10394	
-0.947217	0.209017	5082	
-0.929750	0.288016	7138	
-0.901643	0.363232	5682	
-0.867971	0.437463	5635	
-0.844717	0.476061	6188	
-0.819140	0.516018	7743	
-0.809304	0.529510	8827	
-0.802538	0.538388	759	
-0.805372	0.533779	759	
-0.797518	0.546193	759	
-0.790337	0.556859	8746	
-0.774433	0.579711	9343	
-0.771972	0.582562	6969	
-0.771969	0.582857	6969	
-0.769761	0.586089	5917	
-0.773499	0.582384	6969	
-0.789718	0.558423	8746	
-0.806507	0.534318	8827	
-0.805731	0.535647	759	
-0.810045	0.529444	8827	
-0.836159	0.490814	7743	
-0.837956	0.488117	7701	
-0.862514	0.446540	5635	
-0.882611	0.408588	5566	
-0.909626	0.343648	5652	
-0.936891	0.262484	5175	
-0.945614	0.217714	5082	
-0.953199	0.169536	10582	
-0.955062	0.131040	9852	
-0.946912	0.100721	10666	
-0.922609	0.103583	6669	
-0.913406	0.114358	7500	
-0.837809	0.238007	5122	
-0.775156	0.332689	3283	
-0.614904	0.518346	7870	
-0.428939	0.641960	1676	
0.034335	0.665415	7771	
0.132215	0.540275	3815	
0.087864	0.482981	5116	
0.050923	0.442101	5722	
0.075566	0.370649	4381	
0.095936	0.317175	6175	
0.087109	0.328984	6175	
0.056162	0.369129	5078	
0.068948	0.374676	4381	
0.064478	0.369299	4381	
0.085108	0.326419	6175	
0.070912	0.323952	1134	
0.105945	0.262893	9369	
0.134902	0.214533	4456	
0.129726	0.201112	2037	
0.147358	0.189222	938	
0.231787	0.233318	7052	
0.213944	0.219890	9860	
0.215783	0.216669	9860	
0.243843	0.226768	6162	
0.289414	0.254890	6580	
0.296059	0.262734	9126	
0.297948	0.264756	9126	
0.302209	0.270497	7680	
0.305576	0.275275	10583	
0.307262	0.275333	10583	
0.308666	0.274477	7680	
0.308935	0.273970	7680	
0.308649	0.273611	7680	
0.308467	0.273912	7680	
0.306625	0.274719	10583	
0.304319	0.272896	10583	
0.303462	0.270977	7680	
0.300316	0.267202	7680	
0.296062	0.261595	9126	
0.294621	0.260530	9126	
0.286961	0.252785	8118	
0.253262	0.231121	6162	
0.222992	0.219189	7289	
0.207318	0.215323	9860	
0.225874	0.226580	7052	
0.219179	0.230289	9159	
0.125091	0.192255	3784	
0.133006	0.201847	2037	
0.124013	0.223574	5331	
0.109894	0.266183	8739	
0.084700	0.322670	6175	
0.054652	0.373504	5078	
0.041993	0.411344	2564	
0.060812	0.418451	1868	
0.065701	0.449830	4910	
0.070206	0.474837	6082	
0.097618	0.507298	8197	
0.128484	0.554964	3815	
0.089946	0.636013	5803	
-0.010968	0.682193	3679	
-0.429701	0.642114	1676	
-0.699338	0.433624	5532	
-0.799078	0.303376	7726	
-0.878510	0.163829	7756	
-0.899688	0.134056	8139	
-0.946962	0.104703	10666	
-0.952725	0.130497	9852	
-0.952020	0.170028	10582	
-0.939131	0.250306	5175	
-0.914428	0.329999	5652	
-0.886252	0.398855	5566	
-0.849374	0.468655	6188	
-0.827356	0.501995	7743	
-0.798727	0.544452	759	
-0.785180	0.562263	8746	
-0.776473	0.573003	8746	
-0.779818	0.568260	8746	
-0.770489	0.581051	6969	
-0.764855	0.589319	5917	
-0.753755	0.604682	5917	
-0.748922	0.609360	5917	
-0.749114	0.609541	5917	
-0.747613	0.611641	5917	
-0.752607	0.606544	5917	
-0.766061	0.589053	5917	
-0.783072	0.566243	8746	
-0.783023	0.566540	8746	
-0.788031	0.559960	8746	
-0.815593	0.520940	7743	
-0.819568	0.515040	7743	
-0.843579	0.477068	6188	
-0.863884	0.442647	5635	
-0.893785	0.382187	6763	
-0.924391	0.302418	7138	
-0.937462	0.258247	5175	
-0.946276	0.210082	5082	
-0.954023	0.159093	10394	
-0.953521	0.120404	11002	
-0.936360	0.098154	6669	
-0.932411	0.093540	6669	
-0.865224	0.189695	5968	
-0.813995	0.281139	10017	
-0.693602	0.441409	5685	
-0.574145	0.554206	6446	
-0.170428	0.701348	663	
0.140650	0.580334	5872	
0.118528	0.509773	8109	
0.071465	0.469999	6082	
0.078582	0.407468	7067	
0.089780	0.360406	7552	
0.081794	0.370973	4381	
0.056895	0.402825	1714	
0.072080	0.410961	7067	
0.066337	0.405653	1714	
0.079285	0.368414	3075	
0.062465	0.365385	5078	
0.092903	0.312340	740	
0.120443	0.267753	8874	
0.113764	0.255331	9651	
0.120716	0.230055	6870	
0.149787	0.209677	4268	
0.135602	0.198057	1424	
0.134405	0.190472	1424	
0.150753	0.192319	938	
0.196848	0.220637	9588	
0.209931	0.227390	9860	
0.213505	0.228705	9860	
0.223577	0.233149	9159	
0.232160	0.236085	8155	
0.233411	0.235483	8155	
0.233323	0.234247	8155	
0.232908	0.233696	8155	
0.232239	0.233455	7052	
0.232458	0.233800	7052	
0.232172	0.235230	8155	
0.228382	0.234596	7052	
0.225090	0.233193	9159	
0.218756	0.230763	9159	
0.208674	0.226291	9588	
0.206416	0.225611	9588	
0.193260	0.218756	8818	
0.158348	0.196392	4479	
0.138178	0.189732	1424	
0.131278	0.195226	1424	
0.143195	0.201398	2908	
0.146416	0.214244	4268	
0.107470	0.248322	9651	
0.117130	0.255531	6495	
0.109897	0.277336	8739	
0.097442	0.315266	6175	
0.078059	0.365129	3075	
0.055132	0.408462	2110	
0.052611	0.440968	5722	
0.076095	0.449097	1913	
0.089544	0.478471	5116	
0.100005	0.501718	6984	
0.127929	0.535944	6182	
0.124593	0.599581	6567	
-0.070229	0.695459	5758	
-0.244803	0.696188	10903	
-0.577064	0.552697	6446	
-0.754406	0.368036	7746	
-0.833568	0.252809	5122	
-0.902569	0.131307	7528	
-0.922079	0.106409	6669	
-0.953054	0.124615	11002	
-0.952686	0.160734	10394	
-0.944895	0.213040	5082	
-0.928595	0.288869	7138	
-0.898103	0.368871	5682	
-0.866735	0.435270	5635	
-0.828332	0.499766	7743	
-0.802919	0.537069	759	
-0.771036	0.580529	9343	
-0.758906	0.594702	5917	
-0.751469	0.602760	2579	
-0.753197	0.600044	2579	
-0.746476	0.608968	2579	
-0.742481	0.614593	475	
-0.730344	0.629568	475	
-0.726482	0.632954	475	
-0.726437	0.633402	475	
-0.725689	0.634650	475	
-0.730790	0.630067	475	
-0.744294	0.613296	2579	
-0.758022	0.597707	5917	
-0.758696	0.597246	5917	
-0.763469	0.591734	5917	
-0.794279	0.549702	759	
-0.798310	0.544906	759	
-0.822130	0.508834	7743	
-0.843667	0.476405	6188	
-0.875408	0.417851	4119	
-0.906922	0.346346	4194	
-0.925867	0.297397	7138	
-0.937738	0.252782	5175	
-0.947934	0.198216	5180	
-0.953699	0.147851	10394	
-0.943715	0.114168	11002	
-0.942684	0.104590	10666	
-0.891848	0.145667	8139	
-0.848062	0.226474	6029	
-0.751842	0.373139	2826	
-0.667549	0.471092	5876	
-0.398221	0.655252	6615	
0.088140	0.642103	5895	
0.145397	0.541016	7046	
0.099364	0.496964	6984	
0.092660	0.439701	1646	
0.092269	0.398561	8253	
0.086178	0.407690	7067	
0.066809	0.434778	5722	
0.086514	0.442717	1913	
0.078593	0.437838	1646	
0.082534	0.405570	7067	
0.062442	0.401811	1714	
0.085541	0.356154	7552	
0.109558	0.316495	6121	
0.100861	0.305817	4425	
0.106610	0.283011	2752	
0.132529	0.255681	7777	
0.118275	0.250400	6495	
0.115068	0.243024	6495	
0.123200	0.231106	6870	
0.140173	0.220300	4681	
0.144759	0.218239	4268	
0.145487	0.216922	4268	
0.149713	0.215875	4268	
0.152852	0.214504	6398	
0.152396	0.212739	4268	
0.150993	0.210297	4268	
0.150422	0.209644	4268	
0.150067	0.209675	4268	
0.150426	0.210120	4268	
0.151805	0.212908	4268	
0.150966	0.214549	4268	
0.149564	0.214593	4268	
0.146867	0.215477	4268	
0.143735	0.217392	4456	
0.143489	0.218536	4456	
0.138643	0.220630	4681	
0.126215	0.227824	5331	
0.117645	0.239455	6870	
0.114137	0.249047	9651	
0.125025	0.250300	6495	
0.131426	0.262686	7217	
0.093188	0.299066	716	
0.104712	0.305736	4425	
0.098410	0.325085	6175	
0.090921	0.358829	7552	
0.080146	0.402505	7067	
0.067008	0.439786	5722	
0.073030	0.469031	6082	
0.100888	0.477491	6099	
0.119415	0.505785	8109	
0.131375	0.530178	8169	
0.141538	0.573485	5872	
0.044769	0.662813	8145	
-0.307508	0.683642	3309	
-0.463716	0.627329	3746	
-0.670615	0.468952	5876	
-0.799505	0.308635	3864	
-0.863247	0.201930	5968	
-0.924105	0.105492	6669	
-0.936072	0.101371	6669	
-0.954046	0.150335	10394	
-0.946501	0.203106	5082	
-0.935760	0.256782	5175	
-0.912615	0.332041	5652	
-0.881330	0.405247	5566	
-0.845191	0.471225	6188	
-0.804598	0.533199	759	
-0.775422	0.573582	8746	
-0.747360	0.608071	2579	
-0.736515	0.619599	475	
-0.730421	0.625045	475	
-0.731190	0.623725	475	
-0.724195	0.632120	475	
-0.720764	0.636459	475	
-0.710584	0.648120	1864	
-0.706098	0.652541	1864	
-0.705785	0.653417	1864	
-0.705708	0.653674	1864	
-0.710522	0.648686	1864	
-0.721923	0.636407	475	
-0.734047	0.623758	475	
-0.734925	0.623104	475	
-0.740785	0.616747	475	
-0.766039	0.585451	5917	
-0.770733	0.580177	9343	
-0.798406	0.542035	759	
-0.822160	0.508262	7743	
-0.854534	0.456072	6188	
-0.889594	0.386974	5566	
-0.908814	0.341192	5652	
-0.926780	0.291736	7138	
-0.938797	0.244339	5175	
-0.948291	0.188330	10582	
-0.950125	0.139890	10394	
-0.950053	0.122372	11002	
-0.915994	0.119001	7500	
-0.875992	0.179317	8178	
-0.798494	0.311972	3864	
-0.736334	0.395213	4310	
-0.561021	0.565419	5850	
-0.088180	0.699771	6536	
0.147865	0.584470	7079	
0.130060	0.525948	8169	
0.116680	0.468955	3567	
0.105985	0.431741	7906	
0.101538	0.439924	7906	
0.087052	0.464056	3254	
0.110857	0.471808	3567	
0.100434	0.467149	3254	
0.096558	0.437840	7906	
0.072780	0.434143	2434	
0.086394	0.394882	6038	
0.105081	0.359660	7423	
0.092797	0.350346	8320	
0.095275	0.329984	6175	
0.122178	0.305062	7064	
0.105519	0.301285	4425	
0.101540	0.294687	4425	
0.109554	0.283915	2752	
0.126777	0.271544	8874	
0.130857	0.267680	7217	
0.131279	0.265958	7217	
0.134357	0.262633	7777	
0.136158	0.259211	7777	
0.135254	0.257463	7777	
0.133519	0.255577	7777	
0.132901	0.255199	7777	
0.132789	0.255521	7777	
0.133137	0.255775	7777	
0.134939	0.258061	7777	
0.134786	0.260341	7777	
0.133891	0.261313	7777	
0.132100	0.263786	7217	
0.129780	0.267252	7217	
0.129629	0.268467	8874	
0.125211	0.272325	8874	
0.112708	0.281019	2752	
0.104253	0.291552	2650	
0.100718	0.300040	4425	
0.113206	0.301026	4425	
0.121655	0.311378	7064	
0.082963	0.343840	7866	
0.097088	0.350130	8320	
0.094079	0.367298	6101	
0.093343	0.397167	8352	
0.093008	0.435219	1646	
0.088688	0.468795	5116	
0.100881	0.496156	6099	
0.130711	0.505073	6067	
0.147603	0.535421	6845	
0.147299	0.566999	7079	
0.102184	0.631603	6715	
-0.165384	0.702678	663	
-0.501249	0.604523	3171	
-0.599173	0.536235	6651	
-0.738570	0.393932	4310	
-0.838219	0.251279	5122	
-0.890730	0.156550	8139	
-0.937396	0.103542	6669	
-0.944735	0.119329	11002	
-0.948058	0.192058	10582	
-0.936764	0.249451	5175	
-0.923987	0.297531	7138	
-0.895089	0.373918	5682	
-0.859427	0.445938	5635	
-0.821278	0.507264	7743	
-0.779149	0.567678	8746	
-0.749425	0.604230	2579	
-0.724929	0.631271	475	
-0.714269	0.641911	1733	
-0.705687	0.649305	1864	
-0.708351	0.645958	1864	
-0.701336	0.654128	1864	
-0.701596	0.654422	1864	
-0.687976	0.669110	10779	
-0.684619	0.672497	10815	
-0.683666	0.673764	10815	
-0.683302	0.674303	10815	
-0.688109	0.669511	10779	
-0.701156	0.655942	1864	
-0.713364	0.644102	1864	
-0.714181	0.643495	1864	
-0.718863	0.638707	1733	
-0.742097	0.612609	535	
-0.753065	0.599361	2579	
-0.771730	0.576797	8746	
-0.797485	0.541084	759	
-0.827664	0.496183	10535	
-0.868867	0.427065	5635	
-0.890667	0.383782	5566	
-0.910552	0.334577	5652	
-0.928131	0.283623	7138	
-0.939982	0.234764	5082	
-0.948476	0.170949	10582	
-0.951835	0.150201	10394	
-0.932216	0.106161	6669	
-0.901321	0.143088	8139	
-0.838686	0.252442	5122	
-0.787318	0.329069	4311	
-0.662912	0.478718	5876	
-0.340133	0.676865	3454	
0.079501	0.651179	6572	
0.149029	0.561199	6941	
0.146352	0.496793	5076	
0.129535	0.461302	2260	
0.126234	0.469199	2260	
0.115211	0.491721	5095	
0.140402	0.499668	5076	
0.129650	0.494919	6067	
0.120493	0.467238	3567	
0.093628	0.463842	3254	
0.098128	0.428388	7906	
0.109396	0.397277	8264	
0.093373	0.389708	7019	
0.091762	0.371588	6101	
0.116608	0.348754	7414	
0.096979	0.346042	8320	
0.091562	0.339784	7866	
0.098617	0.330766	6175	
0.116792	0.319499	6121	
0.121265	0.315769	7064	
0.121693	0.314238	7064	
0.124972	0.310908	7064	
0.126619	0.307707	7064	
0.125386	0.306268	7064	
0.123257	0.304841	7064	
0.122552	0.304601	7064	
0.122441	0.304889	7064	
0.123075	0.305218	7064	
0.125102	0.306827	7064	
0.125170	0.308826	7064	
0.124312	0.309797	7064	
0.122481	0.312224	7064	
0.119989	0.315520	7064	
0.119791	0.316541	7064	
0.115186	0.320250	6121	
0.101883	0.328317	7050	
0.093749	0.337429	7866	
0.091274	0.345007	8320	
0.105699	0.345691	7414	
0.117495	0.354419	7252	
0.080815	0.383856	6038	
0.097434	0.389459	8352	
0.098959	0.404468	8253	
0.106881	0.430420	7906	
0.116206	0.464868	3567	
0.117679	0.496354	6067	
0.131739	0.524346	8169	
0.157916	0.535678	6845	
0.153878	0.577377	7079	
0.114927	0.623446	6715	
-0.055661	0.695140	4994	
-0.410264	0.651982	5392	
-0.623864	0.514752	8771	
-0.688968	0.451970	6873	
-0.790132	0.327317	4311	
-0.868852	0.199983	7119	
-0.915302	0.130169	10338	
-0.945918	0.121648	11002	
-0.949173	0.145560	10394	
-0.939272	0.236257	5082	
-0.925578	0.289232	7138	
-0.906568	0.343025	5652	
-0.875747	0.412903	5566	
-0.833422	0.487124	10495	
-0.795013	0.543156	759	
-0.752935	0.598592	2579	
-0.727632	0.627025	475	
-0.702691	0.652548	1864	
-0.691137	0.663479	10779	
-0.682236	0.671123	10815	
-0.684066	0.668709	10779	
-0.678789	0.674599	10815	
-0.675967	0.677911	10815	
-0.665366	0.688531	957	
-0.661499	0.692396	957	
-0.661091	0.693014	957	
-0.660430	0.693825	957	
-0.665576	0.688789	957	
-0.678576	0.676492	10815	
-0.690975	0.664952	10779	
-0.691848	0.664406	10779	
-0.696533	0.659481	1864	
-0.718961	0.636123	1733	
-0.729761	0.624450	475	
-0.747149	0.605041	2579	
-0.770535	0.576855	8746	
-0.801809	0.532045	759	
-0.840483	0.473842	2199	
-0.869139	0.425163	5635	
-0.891530	0.379454	5682	
-0.912102	0.328636	5652	
-0.929473	0.277789	6610	
-0.940308	0.221053	10636	
-0.946816	0.191353	10582	
-0.941175	0.125045	9852	
-0.921186	0.126455	10338	
-0.870433	0.199132	7119	
-0.830669	0.268887	5161	
-0.736120	0.399712	4201	
-0.528314	0.590263	3315	
-0.126652	0.704812	4021	
0.122791	0.616889	6715	
0.173030	0.527337	5517	
0.158623	0.488973	3469	
0.155739	0.497027	5066	
0.145239	0.520214	6955	
0.167416	0.529985	5517	
0.158915	0.524408	6845	
0.149860	0.495281	6070	
0.122240	0.491647	6067	
0.119861	0.458509	3567	
0.124601	0.429920	485	
0.105102	0.423800	9788	
0.097691	0.408209	8253	
0.120072	0.387071	7255	
0.097147	0.385901	7019	
0.089557	0.380388	7019	
0.095626	0.372329	6101	
0.113728	0.361890	7252	
0.118136	0.358236	7252	
0.118154	0.356923	7252	
0.121124	0.353708	7252	
0.122343	0.350749	7252	
0.120844	0.349598	7252	
0.118065	0.348603	7252	
0.117146	0.348405	7414	
0.117054	0.348650	7414	
0.117790	0.348861	7252	
0.120444	0.350141	7252	
0.120926	0.351826	7252	
0.120239	0.352818	7252	
0.118642	0.355074	7252	
0.116514	0.358179	7252	
0.116625	0.359068	7252	
0.112114	0.362639	7423	
0.098815	0.370077	6101	
0.091545	0.378240	7019	
0.090424	0.385011	7019	
0.106871	0.385074	8264	
0.122630	0.391886	8264	
0.088702	0.418948	2434	
0.109084	0.423640	9788	
0.115154	0.436571	1752	
0.130092	0.460323	2260	
0.145306	0.492470	5076	
0.147350	0.525302	6955	
0.150998	0.559432	6941	
0.156650	0.582382	7079	
0.095797	0.642626	5895	
-0.029024	0.690487	5083	
-0.306188	0.686152	3309	
-0.576223	0.556456	6446	
-0.708126	0.431751	5685	
-0.754896	0.376583	4310	
-0.834243	0.265549	6028	
-0.896277	0.157479	8139	
-0.929403	0.123984	10338	
-0.949320	0.149473	10394	
-0.946280	0.186039	10582	
-0.928421	0.279743	7138	
-0.908045	0.336431	5652	
-0.886783	0.388197	5566	
-0.847831	0.461030	2199	
-0.807387	0.523535	585	
-0.767763	0.578755	8746	
-0.728782	0.624584	475	
-0.702553	0.651689	1864	
-0.678834	0.674760	10815	
-0.667137	0.684593	957	
-0.656427	0.693104	957	
-0.657402	0.691608	957	
-0.653618	0.695691	957	
-0.652708	0.697353	8623	
-0.641709	0.707792	8623	
-0.638292	0.711250	10149	
-0.638233	0.711614	10149	
-0.638125	0.712000	10149	
-0.642994	0.707283	8623	
-0.654824	0.696375	957	
-0.666750	0.685877	957	
-0.667506	0.685533	10815	
-0.672820	0.680593	10815	
-0.694762	0.659099	1864	
-0.705212	0.648388	1864	
-0.724335	0.629093	475	
-0.744882	0.606053	2579	
-0.773735	0.570328	8746	
-0.813176	0.513461	10535	
-0.840322	0.472980	2199	
-0.867639	0.425414	5635	
-0.891633	0.376466	5682	
-0.913559	0.323490	5652	
-0.928135	0.270442	5175	
-0.937045	0.240292	5175	
-0.946057	0.152998	10394	
-0.933254	0.129187	10338	
-0.897303	0.158527	8139	
-0.865750	0.210986	7119	
-0.791230	0.329362	4311	
-0.648127	0.496956	8919	
-0.380980	0.665381	1077	
-0.010380	0.686240	3679	
0.174169	0.572565	10176	
0.184591	0.519048	7014	
0.180205	0.528522	5517	
0.162686	0.556458	6941	
0.168582	0.575371	9210	
0.168534	0.564415	5431	
0.176138	0.525748	5517	
0.151971	0.520367	6955	
0.148556	0.486364	3208	
0.148886	0.458699	1668	
0.126766	0.454046	2130	
0.114501	0.440114	1752	
0.133952	0.420275	485	
0.107686	0.420549	9788	
0.097797	0.415875	9788	
0.102268	0.408669	8253	
0.119953	0.398633	8216	
0.124019	0.395201	8216	
0.123663	0.394076	8216	
0.126168	0.391187	8264	
0.127158	0.388471	7255	
0.125039	0.387535	7255	
0.121716	0.386836	7255	
0.120622	0.386738	7255	
0.120566	0.386943	7255	
0.121471	0.387075	7255	
0.124701	0.388027	7255	
0.125758	0.389406	7255	
0.125166	0.390379	8264	
0.124373	0.392355	8264	
0.122125	0.395262	8216	
0.122470	0.396024	8216	
0.118263	0.399380	8216	
0.105171	0.406559	8253	
0.099411	0.413978	9788	
0.100080	0.419858	9788	
0.118366	0.419416	9756	
0.137910	0.424255	9354	
0.107198	0.450082	3272	
0.130981	0.453770	2130	
0.140116	0.465510	2260	
0.159299	0.487891	3469	
0.172939	0.522241	4441	
0.161249	0.563394	6941	
0.125413	0.615263	7946	
0.084633	0.651750	6572	
-0.097571	0.703238	1811	
-0.281984	0.692486	3309	
-0.508544	0.603853	3171	
-0.675363	0.468917	5876	
-0.768750	0.359256	8532	
-0.807054	0.309656	3864	
-0.868834	0.208715	7119	
-0.917690	0.141773	10693	
-0.937455	0.142518	9852	
-0.944697	0.193823	10582	
-0.935260	0.240871	5175	
-0.911786	0.326641	5652	
-0.886052	0.386607	5566	
-0.860208	0.438321	10713	
-0.819467	0.503240	10535	
-0.778778	0.562390	8746	
-0.741015	0.608489	535	
-0.702694	0.649804	1864	
-0.678385	0.673850	10815	
-0.653435	0.696124	957	
-0.640232	0.706662	8623	
-0.628812	0.715234	10149	
-0.629411	0.714128	10149	
-0.626659	0.717109	10149	
-0.625965	0.718661	10149	
-0.620838	0.724061	6754	
-0.616903	0.728138	6754	
-0.617145	0.728162	6754	
-0.617354	0.728388	6754	
-0.620772	0.724829	10149	
-0.630411	0.716457	10149	
-0.641510	0.706577	8623	
-0.643244	0.705542	8623	
-0.647668	0.701501	8623	
-0.670154	0.680846	10815	
-0.680574	0.671183	10815	
-0.700760	0.651190	1864	
-0.719718	0.631833	475	
-0.744783	0.603238	2579	
-0.784292	0.553406	8746	
-0.811568	0.514897	10535	
-0.838690	0.472912	2199	
-0.866733	0.425256	5635	
-0.891126	0.375258	5986	
-0.912932	0.320433	5652	
-0.925439	0.284900	7138	
-0.942180	0.199802	10910	
-0.940390	0.149302	10394	
-0.918114	0.145023	10693	
-0.893030	0.168439	8178	
-0.836895	0.265875	6028	
-0.731289	0.410714	4201	
-0.558825	0.572169	5850	
-0.264192	0.696337	8895	
0.105623	0.644711	6992	
0.187471	0.563299	10176	
0.176848	0.576301	9210	
0.134897	0.613960	7958	
0.100847	0.645946	5895	
0.122045	0.629122	6715	
0.176944	0.571128	10176	
0.167289	0.557783	5431	
0.177430	0.515554	4441	
0.177364	0.485787	4065	
0.154848	0.481938	3240	
0.140258	0.468863	2260	
0.156699	0.449278	1668	
0.128878	0.450920	2130	
0.115695	0.447582	1752	
0.119736	0.440335	376	
0.136615	0.430431	485	
0.140054	0.427149	9354	
0.139581	0.426112	9354	
0.141668	0.423340	9354	
0.142016	0.420813	9354	
0.139144	0.420257	9354	
0.135581	0.419889	9354	
0.134327	0.419918	9354	
0.134353	0.420104	485	
0.135333	0.420135	9354	
0.139172	0.420664	9354	
0.140694	0.421773	9354	
0.140054	0.422777	9354	
0.140030	0.424468	9354	
0.138139	0.427277	485	
0.138741	0.427927	9354	
0.134947	0.431224	485	
0.122327	0.438347	376	
0.117676	0.445310	1752	
0.120223	0.450620	1752	
0.139878	0.449527	2130	
0.161636	0.452634	1668	
0.134525	0.478445	3208	
0.158718	0.481554	3240	
0.169336	0.492993	3469	
0.184944	0.517968	7014	
0.178152	0.565201	10176	
0.123426	0.624071	6715	
-0.005372	0.685199	3679	
-0.131140	0.706765	4021	
-0.357461	0.674066	2866	
-0.498372	0.611660	2811	
-0.638924	0.507332	8919	
-0.748325	0.388843	4310	
-0.819666	0.294390	10017	
-0.850532	0.245422	5122	
-0.896202	0.167348	8178	
-0.928739	0.148477	10693	
-0.940888	0.172858	11060	
-0.932914	0.249073	366	
-0.920740	0.292426	7138	
-0.887515	0.382032	9716	
-0.857006	0.441754	10713	
-0.830274	0.485561	10495	
-0.790700	0.543927	759	
-0.749872	0.596271	2579	
-0.712293	0.637703	1733	
-0.678827	0.671576	10815	
-0.652733	0.695100	957	
-0.626667	0.717429	10149	
-0.614887	0.726227	6754	
-0.604278	0.733607	9404	
-0.603801	0.733326	9404	
-0.601755	0.735998	10610	
-0.603784	0.735495	10610	
-0.600498	0.739560	10610	
-0.595688	0.743937	10610	
-0.596212	0.743865	10610	
-0.596522	0.744004	10610	
-0.600587	0.740120	10610	
-0.608883	0.733065	9404	
-0.616704	0.725965	6754	
-0.619390	0.724122	6754	
-0.622538	0.721288	10149	
-0.644065	0.702369	8623	
-0.653832	0.694040	957	
-0.674230	0.675407	10815	
-0.692690	0.657240	1864	
-0.716350	0.632502	1733	
-0.753375	0.590645	2579	
-0.782047	0.555085	8746	
-0.809928	0.514655	10535	
-0.836353	0.475151	2199	
-0.865043	0.426559	5635	
-0.887084	0.380488	9716	
-0.906133	0.336912	5652	
-0.929784	0.255168	366	
-0.940073	0.189760	10582	
-0.927662	0.155916	11021	
-0.914478	0.153223	10693	
-0.870800	0.212335	8355	
-0.791168	0.335977	4311	
-0.672782	0.476208	5876	
-0.489024	0.618820	2811	
-0.111232	0.708200	1489	
0.125212	0.635957	6715	
0.095289	0.652634	5895	
-0.004070	0.687557	2185	
-0.115573	0.707654	1489	
-0.055050	0.699945	4994	
0.108645	0.643699	6992	
0.133863	0.617957	7946	
0.186140	0.556451	10176	
0.200550	0.516293	7607	
0.182525	0.510717	7014	
0.169386	0.496504	3469	
0.184165	0.475525	3281	
0.156946	0.478732	3240	
0.143716	0.475357	3208	
0.145893	0.468806	3208	
0.161252	0.458517	2855	
0.164401	0.455058	2855	
0.163639	0.454181	2855	
0.165403	0.451428	1668	
0.165313	0.449040	1668	
0.162202	0.448839	1668	
0.158400	0.448781	1668	
0.156960	0.448989	1668	
0.156978	0.449119	1668	
0.158260	0.449017	1668	
0.162313	0.449219	1668	
0.164103	0.450075	1668	
0.163663	0.451081	1668	
0.163856	0.452625	1668	
0.162362	0.455387	2855	
0.163104	0.455989	2855	
0.159594	0.459395	2855	
0.148151	0.466795	3208	
0.144656	0.473616	3208	
0.148308	0.478590	3208	
0.167893	0.476792	3240	
0.189213	0.478660	3281	
0.163761	0.506839	5066	
0.185844	0.510367	7014	
0.191707	0.525128	7607	
0.188787	0.561714	10176	
0.121527	0.634506	6715	
-0.033445	0.694404	5860	
-0.258564	0.697600	8895	
-0.394674	0.662633	6615	
-0.546737	0.581753	4450	
-0.636360	0.512242	8771	
-0.727774	0.417926	4201	
-0.803728	0.318633	3864	
-0.859672	0.234235	6029	
-0.880741	0.197559	7119	
-0.915815	0.158405	11021	
-0.934722	0.171434	11060	
-0.934098	0.223259	10636	
-0.918685	0.297992	7138	
-0.900191	0.348554	5986	
-0.859978	0.434525	10713	
-0.825776	0.490460	10535	
-0.800530	0.527330	759	
-0.759663	0.582650	2579	
-0.720734	0.626585	475	
-0.685132	0.662987	10779	
-0.650997	0.695184	957	
-0.624459	0.717386	10149	
-0.602770	0.735468	10610	
-0.591484	0.743607	10610	
-0.580253	0.751540	10102	
-0.579621	0.751294	10102	
-0.578069	0.753381	10102	
-0.580039	0.753231	10102	
-0.577705	0.756345	10102	
-0.573775	0.759688	10102	
-0.574336	0.759644	10102	
-0.574915	0.759591	10102	
-0.578331	0.756526	10102	
-0.584532	0.751276	11013	
-0.594588	0.742339	10610	
-0.596791	0.740982	10610	
-0.600043	0.738269	10610	
-0.615919	0.723929	6754	
-0.625147	0.716670	10149	
-0.645977	0.699076	8623	
-0.665624	0.681138	957	
-0.686943	0.659895	10779	
-0.721538	0.624148	475	
-0.750304	0.592814	2579	
-0.777896	0.558511	8746	
-0.805483	0.519098	7365	
-0.833617	0.477860	2199	
-0.859561	0.433504	10713	
-0.880467	0.394297	9716	
-0.913941	0.307659	1036	
-0.930078	0.243647	366	
-0.933009	0.180311	10582	
-0.925007	0.163307	11021	
-0.898777	0.171474	8909	
-0.840750	0.268045	6028	
-0.753665	0.389228	4310	
-0.635683	0.515532	8771	
-0.389346	0.667334	1077	
-0.085795	0.707797	6536	
-0.143721	0.710408	1727	
-0.270085	0.697980	1959	
-0.388438	0.666628	1077	
-0.329805	0.684793	3454	
-0.109677	0.708520	1489	
-0.017003	0.691824	5083	
0.138834	0.623890	7946	
0.197507	0.563770	10470	
0.192764	0.550519	10933	
0.191011	0.529269	7607	
0.208082	0.504063	7435	
0.184655	0.507127	7014	
0.172115	0.503853	5066	
0.174698	0.496387	3469	
0.189042	0.484989	4065	
0.191819	0.481150	4065	
0.191230	0.480136	4065	
0.192815	0.477083	3281	
0.192500	0.474639	3281	
0.189736	0.474593	3281	
0.185844	0.474879	3281	
0.184618	0.475179	3281	
0.184535	0.475333	3281	
0.185800	0.475126	3281	
0.189703	0.475068	3281	
0.191390	0.475839	3281	
0.191045	0.476930	3281	
0.191144	0.478626	3281	
0.189936	0.481593	4065	
0.190651	0.482202	4065	
0.187501	0.486003	4065	
0.176685	0.494320	3469	
0.173543	0.501496	5066	
0.177025	0.506902	4441	
0.194112	0.505236	7408	
0.211327	0.508253	8015	
0.182476	0.542109	6189	
0.195002	0.550796	10933	
0.184870	0.574940	10176	
0.128422	0.633997	7946	
-0.077413	0.705122	6536	
-0.299906	0.691250	3309	
-0.489496	0.618981	2811	
-0.577275	0.562818	6446	
-0.668616	0.482827	6694	
-0.729771	0.419598	4201	
-0.791357	0.339825	4311	
-0.850148	0.252377	5122	
-0.889954	0.186998	8178	
-0.904669	0.171640	8909	
-0.924208	0.174967	11021	
-0.931629	0.214694	10636	
-0.919903	0.278355	1036	
-0.896625	0.355677	5986	
-0.874094	0.404351	9716	
-0.828135	0.485109	10495	
-0.794588	0.534353	759	
-0.768351	0.570102	1501	
-0.727201	0.617844	475	
-0.689102	0.656242	10779	
-0.656312	0.688201	957	
-0.621196	0.718377	6754	
-0.598867	0.736408	10610	
-0.578976	0.752996	10102	
-0.567262	0.760791	10102	
-0.556218	0.767725	9118	
-0.555097	0.767625	9118	
-0.553433	0.769674	9118	
-0.555817	0.769350	9118	
-0.553101	0.772465	9118	
-0.549115	0.775400	7480	
-0.549445	0.775535	7480	
-0.549974	0.775568	7480	
-0.553883	0.772639	9118	
-0.561174	0.767233	9118	
-0.571289	0.759087	10102	
-0.573931	0.757567	10102	
-0.576774	0.755319	10102	
-0.591180	0.742365	10610	
-0.598734	0.736234	10610	
-0.615767	0.722285	6754	
-0.633959	0.707035	10149	
-0.657791	0.685545	957	
-0.688384	0.655280	10779	
-0.716930	0.627409	475	
-0.744731	0.597052	2579	
-0.771878	0.564635	8746	
-0.801635	0.522708	585	
-0.826223	0.486154	10495	
-0.850483	0.448273	2147	
-0.890684	0.365875	5986	
-0.914394	0.298877	1036	
-0.928584	0.225640	10636	
-0.930532	0.187602	10910	
-0.915520	0.171505	11021	
-0.874763	0.217113	8355	
-0.813744	0.314419	3864	
-0.734740	0.417768	4201	
-0.584371	0.561588	9637	
-0.377113	0.673854	1077	
-0.424034	0.655429	5392	
-0.505178	0.613297	2811	
-0.579669	0.563408	6446	
-0.540288	0.590491	3315	
-0.391408	0.667059	1077	
-0.289105	0.694971	3309	
-0.044611	0.701349	5860	
0.123198	0.642017	6992	
0.150395	0.616864	7958	
0.181037	0.580585	9210	
0.211567	0.546892	10498	
0.196305	0.545816	9037	
0.189539	0.539487	9037	
0.194748	0.529830	7607	
0.209600	0.516307	7873	
0.212743	0.511583	8015	
0.212550	0.510256	8015	
0.214582	0.506393	8015	
0.214942	0.503218	8015	
0.212723	0.503094	8015	
0.209514	0.503352	7435	
0.208539	0.503635	7435	
0.208417	0.503844	7435	
0.209459	0.503627	7435	
0.212507	0.503743	8015	
0.213682	0.504759	8015	
0.213179	0.506124	8015	
0.212857	0.508300	8015	
0.211158	0.512034	7873	
0.211552	0.512853	7873	
0.208002	0.517514	7873	
0.196975	0.527293	7607	
0.191739	0.536592	9037	
0.191444	0.544316	9037	
0.202879	0.545304	10933	
0.209768	0.554309	10498	
0.161157	0.598745	7956	
0.149901	0.618314	7958	
0.097537	0.654438	5895	
-0.079101	0.707106	6536	
-0.360336	0.677564	2866	
-0.519835	0.603086	3149	
-0.637449	0.514831	8771	
-0.693082	0.461373	6873	
-0.753635	0.392335	4310	
-0.796604	0.338127	4311	
-0.842141	0.271405	6028	
-0.882406	0.203936	7119	
-0.909820	0.175477	8909	
-0.917214	0.181753	8909	
-0.926892	0.205208	10910	
-0.918578	0.271677	448	
-0.901116	0.335607	2534	
-0.869741	0.410986	9716	
-0.841100	0.461157	2199	
-0.795561	0.530474	759	
-0.760681	0.577704	1281	
-0.734195	0.608323	535	
-0.693868	0.649647	1864	
-0.657886	0.683937	957	
-0.624012	0.713755	6754	
-0.593990	0.738472	10610	
-0.573936	0.754761	10102	
-0.554691	0.769156	9118	
-0.541308	0.776986	7480	
-0.530334	0.782644	1530	
-0.528698	0.782877	1530	
-0.527234	0.784506	1530	
-0.530163	0.784107	1530	
-0.527753	0.786944	1530	
-0.523920	0.789651	1530	
-0.524524	0.789626	1530	
-0.525141	0.789656	1530	
-0.528689	0.787096	1530	
-0.535874	0.782327	7480	
-0.546403	0.774941	7480	
-0.549038	0.773655	7480	
-0.553353	0.770420	9118	
-0.566402	0.759991	10102	
-0.573920	0.754333	10102	
-0.588803	0.742063	10610	
-0.602255	0.730193	9404	
-0.624394	0.712132	6754	
-0.655983	0.683793	957	
-0.682536	0.659375	10779	
-0.708011	0.634256	1733	
-0.736614	0.604437	535	
-0.767184	0.568698	1501	
-0.792264	0.534614	759	
-0.815672	0.500445	10535	
-0.860130	0.426076	10713	
-0.891084	0.360169	5986	
-0.913065	0.286567	1036	
-0.925221	0.233268	1980	
-0.922618	0.193598	9253	
-0.898844	0.190680	8909	
-0.857282	0.256742	7098	
-0.802970	0.335960	4311	
-0.706342	0.454517	6873	
-0.583165	0.565649	9637	
-0.611523	0.543404	8961	
-0.656788	0.502838	9389	
-0.699739	0.458494	6873	
-0.675567	0.483190	6694	
-0.587302	0.560234	9637	
-0.519027	0.605607	3149	
-0.335415	0.686462	3454	
-0.112813	0.712028	1489	
-0.022968	0.698101	5083	
0.083400	0.661586	6572	
0.157661	0.619870	2624	
0.158945	0.610390	7956	
0.166454	0.597369	6957	
0.180662	0.583382	9210	
0.201516	0.566561	10470	
0.207545	0.560024	10470	
0.208704	0.557825	10933	
0.212894	0.552341	10498	
0.215460	0.547491	10498	
0.214352	0.546813	10498	
0.212850	0.546089	10498	
0.212030	0.546342	10498	
0.211870	0.546594	10498	
0.212496	0.546572	10498	
0.213911	0.547589	10498	
0.213700	0.549525	10498	
0.212445	0.551506	10498	
0.210607	0.554718	10498	
0.206353	0.560233	10470	
0.205688	0.561657	10470	
0.199741	0.567944	10470	
0.184638	0.579923	9210	
0.170957	0.593450	6957	
0.159929	0.606142	7956	
0.160526	0.612620	2624	
0.142967	0.632106	7738	
0.036257	0.679009	8145	
-0.029043	0.699816	5083	
-0.153037	0.712188	597	
-0.372933	0.675284	669	
-0.565962	0.575144	5850	
-0.662733	0.495406	9389	
-0.736693	0.417060	4201	
-0.774023	0.371734	394	
-0.816072	0.315324	3864	
-0.847012	0.271353	6028	
-0.877711	0.218223	8355	
-0.904345	0.184835	8909	
-0.917976	0.195452	9253	
-0.921936	0.210725	10910	
-0.917752	0.258347	366	
-0.898316	0.334335	2534	
-0.872617	0.398680	9716	
-0.834814	0.469801	2199	
-0.804793	0.513195	7365	
-0.760173	0.576197	1281	
-0.725454	0.616132	475	
-0.697944	0.643339	1864	
-0.660909	0.678627	957	
-0.624012	0.711005	6754	
-0.590978	0.737490	9404	
-0.567630	0.757157	10102	
-0.548677	0.771210	7480	
-0.528325	0.784333	1530	
-0.514822	0.790990	762	
-0.503350	0.796215	762	
-0.501838	0.796088	762	
-0.500706	0.797613	762	
-0.504009	0.797238	762	
-0.501340	0.800063	762	
-0.497986	0.802308	430	
-0.499233	0.802211	762	
-0.499522	0.802349	762	
-0.503094	0.800011	762	
-0.509794	0.796222	762	
-0.520253	0.789210	1530	
-0.523230	0.788051	1530	
-0.526982	0.785538	1530	
-0.540278	0.776221	7480	
-0.548471	0.770858	7480	
-0.562602	0.760163	10102	
-0.573904	0.750731	10102	
-0.590232	0.736485	9404	
-0.621141	0.711272	6754	
-0.648794	0.688591	957	
-0.671653	0.666935	10815	
-0.698587	0.641716	1733	
-0.730089	0.609970	535	
-0.755837	0.580415	1281	
-0.781098	0.548762	8746	
-0.822506	0.486344	10495	
-0.858754	0.424350	10713	
-0.891271	0.350156	5986	
-0.908360	0.297061	1036	
-0.919278	0.238170	366	
-0.910080	0.206187	9253	
-0.885731	0.222792	8355	
-0.851164	0.277164	6028	
-0.788099	0.363961	458	
-0.711247	0.454233	5685	
-0.729547	0.434744	6366	
-0.756177	0.402301	3016	
-0.778397	0.372347	394	
-0.766776	0.387431	3016	
-0.709067	0.453153	5685	
-0.665229	0.496213	6694	
-0.556736	0.584512	5850	
-0.410534	0.663515	5392	
-0.319909	0.691809	2350	
-0.180364	0.711850	435	
-0.039694	0.704666	5860	
-0.003280	0.693962	3679	
0.038118	0.679788	8145	
0.075582	0.665833	520	
0.114627	0.649502	6992	
0.129958	0.641227	1510	
0.135080	0.637863	7738	
0.146794	0.630355	7738	
0.156480	0.623245	2192	
0.157948	0.621187	2192	
0.159317	0.619061	2624	
0.158824	0.619057	2624	
0.158320	0.619451	2624	
0.158388	0.619744	2624	
0.156473	0.622375	2192	
0.152587	0.625765	7738	
0.148652	0.628627	7738	
0.141896	0.633389	7738	
0.129774	0.640874	7738	
0.126435	0.643034	8666	
0.111535	0.650928	6992	
0.084479	0.662286	6572	
0.047547	0.676610	8145	
0.011164	0.688916	3935	
-0.013198	0.697657	5083	
-0.081430	0.710811	6536	
-0.239678	0.705859	10349	
-0.328129	0.689976	2350	
-0.440573	0.650869	1365	
-0.579681	0.568229	6446	
-0.694937	0.466365	6873	
-0.758671	0.396579	3016	
-0.806325	0.333621	4311	
-0.832482	0.300988	6062	
-0.859705	0.258559	7098	
-0.879624	0.230260	8135	
-0.899582	0.199412	9253	
-0.913079	0.206035	9253	
-0.917227	0.236846	1980	
-0.913152	0.265479	448	
-0.897052	0.326761	2534	
-0.868121	0.401244	9716	
-0.837914	0.460148	2199	
-0.797087	0.522863	585	
-0.766909	0.564735	1501	
-0.722412	0.616843	475	
-0.687385	0.651896	10779	
-0.660817	0.675457	957	
-0.625723	0.706899	6754	
-0.588621	0.735982	9404	
-0.563270	0.756461	10102	
-0.541717	0.773427	7480	
-0.521899	0.786090	1530	
-0.501953	0.797370	762	
-0.486575	0.804632	430	
-0.474182	0.809851	676	
-0.472067	0.810217	676	
-0.471856	0.811186	676	
-0.475990	0.810215	676	
-0.474675	0.812155	676	
-0.472012	0.814095	676	
-0.473360	0.813989	676	
-0.474206	0.813888	676	
-0.477645	0.811702	676	
-0.483305	0.808457	676	
-0.493397	0.802114	430	
-0.496620	0.801089	762	
-0.500306	0.798908	762	
-0.513447	0.790404	762	
-0.521565	0.785989	1530	
-0.536531	0.775966	7480	
-0.547242	0.767947	7480	
-0.561561	0.755828	10102	
-0.584834	0.737132	9404	
-0.612577	0.716342	6754	
-0.636522	0.696294	8623	
-0.660396	0.674877	957	
-0.689883	0.648155	10779	
-0.717345	0.621313	475	
-0.743362	0.593286	2579	
-0.784341	0.539990	759	
-0.817855	0.489729	10535	
-0.857917	0.419115	8804	
-0.883836	0.363467	5986	
-0.901367	0.306875	1276	
-0.910685	0.246598	366	
-0.898927	0.228825	9391	
-0.878829	0.249934	8303	
-0.840981	0.304975	6062	
-0.793707	0.363981	458	
-0.804822	0.349068	6261	
-0.821920	0.326874	5209	
-0.837710	0.302595	6062	
-0.828443	0.316175	5209	
-0.791325	0.361976	458	
-0.763775	0.395558	3016	
-0.694500	0.471535	6858	
-0.610004	0.549136	8961	
-0.552658	0.589561	6493	
-0.464728	0.640830	3746	
-0.353483	0.685317	2866	
-0.304225	0.696547	3309	
-0.243819	0.706377	10349	
-0.196229	0.711669	435	
-0.142606	0.714316	1727	
-0.114447	0.713774	1489	
-0.102871	0.712866	1811	
-0.077451	0.710749	6536	
-0.053217	0.707742	5860	
-0.045338	0.706188	5860	
-0.037563	0.704487	5860	
-0.037220	0.704275	5860	
-0.038410	0.704476	5860	
-0.039674	0.704831	5860	
-0.049338	0.706827	5860	
-0.060392	0.708603	6536	
-0.070003	0.709779	6536	
-0.086654	0.711563	1811	
-0.112323	0.713404	1489	
-0.120192	0.713913	4021	
-0.147139	0.714211	597	
-0.183792	0.712530	435	
-0.230831	0.708311	10349	
-0.281155	0.700690	5049	
-0.320911	0.693479	2350	
-0.392764	0.672114	1077	
-0.499527	0.621379	2811	
-0.558360	0.585954	5850	
-0.625807	0.535675	2510	
-0.709397	0.456217	6873	
-0.780701	0.373784	394	
-0.823049	0.321254	5209	
-0.853605	0.276664	6028	
-0.868653	0.256941	8303	
-0.885911	0.231290	8135	
-0.895806	0.227380	8355	
-0.907630	0.222760	9391	
-0.910904	0.252709	366	
-0.900234	0.305666	1276	
-0.889656	0.338814	5006	
-0.865647	0.398719	9716	
-0.829615	0.468669	2199	
-0.794664	0.521399	585	
-0.757893	0.573746	1281	
-0.726824	0.609376	535	
-0.681220	0.655089	10779	
-0.649652	0.683839	957	
-0.623871	0.705337	6754	
-0.589583	0.732834	9404	
-0.557635	0.756195	10102	
-0.536183	0.772453	7480	
-0.513963	0.788394	762	
-0.493979	0.799493	762	
-0.473122	0.810831	676	
-0.456927	0.818449	1336	
-0.445504	0.822349	2292	
-0.442500	0.823033	2292	
-0.444125	0.823098	2292	
-0.448248	0.822260	2292	
-0.449334	0.823256	2292	
-0.446589	0.825037	2292	
-0.447786	0.824759	2292	
-0.448879	0.824249	2292	
-0.451424	0.822850	2292	
-0.456327	0.820677	1336	
-0.464190	0.815881	676	
-0.468136	0.814262	676	
-0.472186	0.811938	676	
-0.484441	0.804197	430	
-0.493588	0.799473	430	
-0.508600	0.790412	762	
-0.520907	0.782584	1530	
-0.532851	0.772699	7480	
-0.551278	0.758637	7480	
-0.574749	0.742680	9646	
-0.599522	0.723617	9404	
-0.621681	0.705622	6754	
-0.649386	0.682503	957	
-0.675708	0.659403	10779	
-0.701894	0.634921	1733	
-0.742956	0.589837	2579	
-0.776217	0.547297	8746	
-0.814367	0.489557	10535	
-0.847025	0.435754	10713	
-0.873895	0.377948	8262	
-0.891598	0.319896	2534	
-0.900535	0.266037	448	
-0.888071	0.263975	8303	
-0.867188	0.286129	8656	
-0.840576	0.318706	5209	
-0.847333	0.308100	6062	
-0.858007	0.291974	8816	
-0.868130	0.274165	7098	
-0.863241	0.280082	7098	
-0.842026	0.306922	6062	
-0.827392	0.323503	5209	
-0.783553	0.377577	394	
-0.732665	0.438621	6366	
-0.696218	0.473719	6858	
-0.642563	0.523658	2510	
-0.580694	0.574004	9637	
-0.548252	0.594904	5825	
-0.506440	0.619349	2811	
-0.478088	0.635315	3665	
-0.443175	0.652425	1365	
-0.420494	0.661552	5392	
-0.410937	0.665312	5392	
-0.391177	0.673164	1077	
-0.370973	0.680429	669	
-0.362510	0.683020	2866	
-0.353047	0.685662	2866	
-0.351963	0.685857	2866	
-0.352915	0.685540	2866	
-0.354817	0.685083	2866	
-0.365737	0.681865	2866	
-0.376252	0.678393	1077	
-0.384515	0.675461	1077	
-0.398293	0.670320	1077	
-0.417519	0.662455	5392	
-0.424401	0.659720	5392	
-0.446437	0.650888	1365	
-0.470903	0.639061	3746	
-0.498950	0.623444	2811	
-0.531602	0.604554	3149	
-0.559395	0.588085	6493	
-0.603723	0.556841	8961	
-0.662265	0.505642	9389	
-0.699755	0.470452	6858	
-0.742622	0.427432	5588	
-0.792555	0.365643	458	
-0.837048	0.310593	6062	
-0.861484	0.279343	7098	
-0.878180	0.257034	8303	
-0.886187	0.251190	8303	
-0.895524	0.246857	448	
-0.901568	0.255428	448	
-0.901538	0.277715	1036	
-0.889396	0.328240	5006	
-0.871359	0.379715	8262	
-0.854627	0.414463	8804	
-0.822290	0.473933	10495	
-0.782079	0.535028	585	
-0.751702	0.576226	1281	
-0.714207	0.620245	475	
-0.682044	0.651176	10779	
-0.639869	0.689615	957	
-0.611807	0.712933	6754	
-0.584961	0.733117	10640	
-0.550930	0.757598	7480	
-0.526898	0.774146	7480	
-0.507377	0.787747	762	
-0.484059	0.802513	430	
-0.463663	0.814014	1336	
-0.445218	0.822951	2292	
-0.426337	0.830398	2292	
-0.414157	0.834156	6594	
-0.410992	0.835055	6594	
-0.412672	0.835014	6594	
-0.417588	0.833854	6594	
-0.419925	0.834047	9198	
-0.418845	0.835144	9198	
-0.420421	0.834624	9198	
-0.421030	0.834426	9198	
-0.423033	0.833582	5087	
-0.428157	0.831551	9586	
-0.435879	0.827496	2292	
-0.439972	0.825981	2292	
-0.444266	0.823849	2292	
-0.454293	0.818372	2292	
-0.462779	0.814510	1336	
-0.477565	0.805374	676	
-0.489088	0.798430	430	
-0.503110	0.788791	762	
-0.518100	0.777484	762	
-0.538175	0.764730	7480	
-0.558425	0.751029	9646	
-0.581617	0.734259	10640	
-0.609035	0.713282	6754	
-0.633517	0.694181	8623	
-0.659333	0.671865	957	
-0.697163	0.635362	1733	
-0.731129	0.599759	535	
-0.767642	0.553266	1501	
-0.798064	0.509402	7365	
-0.832524	0.454314	2199	
-0.857831	0.399323	7412	
-0.876807	0.346092	5006	
-0.883191	0.310355	1276	
-0.873733	0.307568	8816	
-0.857911	0.320237	9799	
-0.861806	0.314264	8816	
-0.869425	0.303441	8816	
-0.877890	0.287568	8656	
-0.875173	0.289505	8656	
-0.865890	0.293697	8656	
-0.859226	0.296270	8816	
-0.834863	0.326973	5999	
-0.806601	0.358466	6261	
-0.784482	0.383301	394	
-0.752737	0.419932	5588	
-0.716458	0.459514	5685	
-0.695891	0.478394	6858	
-0.669751	0.501887	9389	
-0.652639	0.517678	9389	
-0.632668	0.534481	2510	
-0.619708	0.544963	8859	
-0.614309	0.549094	8859	
-0.603844	0.557512	8961	
-0.591975	0.566368	9637	
-0.586844	0.570089	9637	
-0.580835	0.574319	9637	
-0.579643	0.574934	6446	
-0.580651	0.574192	9637	
-0.581567	0.573630	9637	
-0.588462	0.568626	9637	
-0.594593	0.564041	9637	
-0.599467	0.560407	9637	
-0.607653	0.554328	8961	
-0.617634	0.545996	8859	
-0.621417	0.543160	8859	
-0.634175	0.532913	2510	
-0.648262	0.521372	7599	
-0.664422	0.506551	9389	
-0.685518	0.487176	5675	
-0.702796	0.472303	6858	
-0.729927	0.446080	6366	
-0.764746	0.405706	3016	
-0.786523	0.381213	458	
-0.812625	0.351881	6261	
-0.839819	0.319979	5209	
-0.864172	0.291039	8656	
-0.875694	0.283759	8656	
-0.886014	0.275194	7098	
-0.891187	0.278493	1036	
-0.891447	0.294538	1276	
-0.883164	0.328682	5006	
-0.872291	0.362390	8262	
-0.854533	0.407064	8804	
-0.828326	0.458662	2199	
-0.804991	0.494854	7365	
-0.770144	0.545506	1501	
-0.734582	0.591898	2579	
-0.703193	0.626622	1733	
-0.666691	0.662851	10779	
-0.635881	0.689681	971	
-0.599032	0.720137	9404	
-0.571259	0.741169	9646	
-0.541635	0.760522	9527	
-0.515892	0.777643	762	
-0.494203	0.791837	762	
-0.472650	0.804967	676	
-0.451448	0.817631	2292	
-0.433264	0.826557	2292	
-0.414012	0.834700	6594	
-0.394725	0.842533	6594	
-0.380157	0.846977	950	
-0.376714	0.847756	950	
-0.379060	0.847691	950	
-0.384986	0.846311	982	
-0.387750	0.846308	6594	
-0.386532	0.847302	982	
-0.388322	0.846769	6594	
-0.389053	0.846534	6594	
-0.391174	0.845672	6594	
-0.396625	0.843310	6594	
-0.404991	0.839146	6594	
-0.408906	0.837445	6594	
-0.413265	0.835416	6594	
-0.422339	0.830929	7244	
-0.431624	0.827187	2292	
-0.445321	0.819905	2292	
-0.454741	0.814518	1336	
-0.467989	0.806184	1336	
-0.483396	0.796344	430	
-0.501941	0.784991	762	
-0.519678	0.773148	1530	
-0.537328	0.761949	9527	
-0.566850	0.742551	9646	
-0.591830	0.724771	9404	
-0.614085	0.706778	6754	
-0.649541	0.676532	971	
-0.681421	0.647027	2984	
-0.717224	0.609919	535	
-0.747462	0.574033	1281	
-0.776291	0.533252	585	
-0.806604	0.486421	10495	
-0.835697	0.430873	3296	
-0.847016	0.398930	7412	
-0.852016	0.376442	10986	
-0.851998	0.364319	10728	
-0.855810	0.358400	10728	
-0.861467	0.350726	10360	
-0.868619	0.339301	9799	
-0.872926	0.327716	9799	
-0.870025	0.319934	9799	
-0.868762	0.312517	8816	
-0.854711	0.324237	9799	
-0.841470	0.335735	5999	
-0.830747	0.344268	5999	
-0.816238	0.355697	8560	
-0.797398	0.376393	458	
-0.784839	0.390035	394	
-0.770011	0.405312	3016	
-0.759273	0.417114	6385	
-0.747775	0.429467	5588	
-0.739512	0.437845	5588	
-0.735868	0.441275	6366	
-0.730231	0.447152	6366	
-0.723741	0.453732	6366	
-0.720953	0.456087	6366	
-0.717014	0.459641	5685	
-0.715967	0.460226	6873	
-0.716544	0.459680	5685	
-0.717360	0.459033	5685	
-0.721618	0.455060	6366	
-0.725046	0.451777	6366	
-0.727765	0.449060	6366	
-0.732165	0.444760	6366	
-0.737871	0.438598	6366	
-0.740480	0.436236	5588	
-0.748617	0.428019	5588	
-0.756877	0.419503	6385	
-0.766487	0.408835	5766	
-0.778789	0.395673	3016	
-0.789068	0.385777	458	
-0.805006	0.367511	458	
-0.822140	0.350493	8560	
-0.831711	0.343740	5999	
-0.844395	0.333222	5999	
-0.857235	0.321596	9799	
-0.871321	0.311337	8816	
-0.876437	0.316883	9799	
-0.874329	0.331947	9799	
-0.869130	0.353167	8262	
-0.858730	0.381098	7412	
-0.844597	0.414995	8804	
-0.828892	0.446855	2147	
-0.800702	0.495095	7365	
-0.769817	0.539851	8779	
-0.747748	0.568880	1281	
-0.716927	0.606417	535	
-0.680156	0.644910	2984	
-0.649588	0.673119	971	
-0.615024	0.703151	6754	
-0.588016	0.724744	9404	
-0.556175	0.749043	9646	
-0.527380	0.767023	9527	
-0.503559	0.782073	762	
-0.479739	0.796829	676	
-0.458873	0.809255	1336	
-0.438319	0.820185	2292	
-0.418490	0.830577	6594	
-0.401510	0.838770	6594	
-0.380853	0.847161	982	
-0.359687	0.854555	950	
-0.344274	0.858377	4874	
-0.339927	0.859330	5904	
-0.343617	0.858803	4874	
-0.349863	0.857718	4874	
-0.353528	0.857245	950	
-0.355132	0.857551	950	
-0.356797	0.857246	950	
-0.357312	0.857069	950	
-0.359286	0.856367	950	
-0.363400	0.854801	950	
-0.369944	0.851907	950	
-0.374740	0.850082	950	
-0.380099	0.847997	950	
-0.389870	0.843666	6594	
-0.399751	0.839484	6594	
-0.412255	0.832686	6594	
-0.420570	0.828064	7244	
-0.431970	0.821682	2292	
-0.446962	0.813813	2292	
-0.464479	0.803985	1336	
-0.480101	0.794599	1336	
-0.497433	0.784348	762	
-0.521839	0.768954	9527	
-0.547818	0.753627	9527	
-0.569384	0.738117	9646	
-0.597546	0.715652	9404	
-0.627281	0.691775	6582	
-0.660218	0.662090	988	
-0.690288	0.632681	6312	
-0.718457	0.600959	535	
-0.742107	0.569900	1281	
-0.768634	0.529006	8779	
-0.786922	0.499212	7365	
-0.799477	0.474029	10429	
-0.803990	0.460129	10429	
-0.808548	0.454398	6938	
-0.815392	0.445923	7872	
-0.824886	0.432897	3296	
-0.834577	0.415731	10752	
-0.842977	0.395091	7412	
-0.849224	0.377701	10986	
-0.851391	0.363966	10728	
-0.847895	0.359866	10728	
-0.844319	0.356221	10360	
-0.839297	0.354268	5999	
-0.830678	0.360662	8560	
-0.825974	0.362283	8560	
-0.820154	0.364944	9708	
-0.815463	0.366678	9708	
-0.811146	0.368518	875	
-0.808073	0.369678	458	
-0.806796	0.369338	458	
-0.804721	0.370502	458	
-0.801660	0.373478	458	
-0.800141	0.374426	458	
-0.797936	0.376692	458	
-0.797246	0.377130	458	
-0.797447	0.376700	458	
-0.798026	0.376241	458	
-0.800441	0.373443	458	
-0.802280	0.371635	458	
-0.803868	0.370116	458	
-0.805900	0.368641	458	
-0.808069	0.367346	458	
-0.808956	0.367774	458	
-0.811945	0.366797	8560	
-0.814927	0.366011	8560	
-0.819054	0.364252	8560	
-0.823580	0.362659	8560	
-0.827411	0.361965	8560	
-0.834067	0.357897	8560	
-0.842073	0.353026	10360	
-0.844181	0.357576	10728	
-0.849440	0.359562	10728	
-0.851060	0.365874	10728	
-0.848966	0.380823	10986	
-0.842852	0.400427	8804	
-0.832029	0.424632	10752	
-0.822908	0.445923	3296	
-0.806423	0.475313	10429	
-0.782852	0.511641	585	
-0.761293	0.541610	7764	
-0.735431	0.577208	1281	
-0.710327	0.607984	535	
-0.685234	0.633845	6312	
-0.654487	0.663749	971	
-0.620856	0.693699	6582	
-0.591578	0.716708	9404	
-0.564740	0.738053	9646	
-0.541505	0.754720	9527	
-0.508970	0.775563	5964	
-0.482922	0.791065	5964	
-0.464373	0.802208	1336	
-0.441451	0.814676	2292	
-0.422544	0.824252	2188	
-0.402890	0.834216	6594	
-0.384385	0.843800	982	
-0.366216	0.851547	950	
-0.345698	0.858444	4874	
-0.325145	0.864659	5904	
-0.308475	0.867781	1221	
-0.302768	0.868674	1221	
-0.308042	0.868037	1221	
-0.315045	0.867224	1221	
-0.319883	0.866723	5904	
-0.321929	0.866930	5904	
-0.323512	0.866804	5904	
-0.324088	0.866840	5904	
-0.325706	0.866472	5904	
-0.328976	0.865671	5904	
-0.334179	0.863532	5904	
-0.340005	0.861269	5904	
-0.346194	0.858922	4874	
-0.354381	0.855729	950	
-0.364308	0.852013	950	
-0.376952	0.846157	950	
-0.384792	0.842113	982	
-0.396181	0.836010	6594	
-0.411181	0.828107	6594	
-0.427265	0.820100	2188	
-0.441485	0.812766	2292	
-0.458623	0.804140	1336	
-0.477230	0.792986	6464	
-0.499229	0.780570	5964	
-0.523029	0.765601	9527	
-0.548548	0.748202	9330	
-0.572621	0.730161	10640	
-0.599487	0.708483	6754	
-0.625868	0.687566	5313	
-0.651228	0.663127	971	
-0.671991	0.641006	2984	
-0.689188	0.617409	6312	
-0.701079	0.600048	6286	
-0.711928	0.583685	9410	
-0.721509	0.570119	10452	
-0.729097	0.562648	10452	
-0.739960	0.551909	7764	
-0.753774	0.537220	7764	
-0.769793	0.516519	8779	
-0.785770	0.493323	9895	
-0.796832	0.475207	10429	
-0.803931	0.459302	6938	
-0.810419	0.443799	7872	
-0.816723	0.428470	3296	
-0.822530	0.412535	10752	
-0.825816	0.402599	945	
-0.829774	0.392008	875	
-0.830126	0.385579	9708	
-0.830322	0.380482	9708	
-0.830358	0.375999	9708	
-0.830716	0.371899	9708	
-0.831659	0.367666	9708	
-0.831566	0.365598	9708	
-0.831004	0.364464	9708	
-0.830678	0.363369	9708	
-0.830178	0.362888	9708	
-0.830135	0.362303	9708	
-0.830263	0.361950	9708	
-0.830537	0.361766	9708	
-0.831583	0.361086	9708	
-0.832038	0.361491	9708	
-0.832209	0.362379	9708	
-0.832629	0.363577	9708	
-0.832874	0.365273	9708	
-0.832524	0.368244	9708	
-0.831723	0.372890	9708	
-0.831287	0.377392	9708	
-0.830885	0.382061	9708	
-0.830729	0.387479	9708	
-0.828476	0.395676	945	
-0.824905	0.405628	945	
-0.821381	0.416631	10752	
-0.815393	0.431234	7872	
-0.809597	0.446275	7872	
-0.802482	0.462222	10429	
-0.795634	0.478492	10429	
-0.782772	0.500319	7365	
-0.764934	0.525869	8779	
-0.745942	0.552409	1501	
-0.725417	0.577677	10452	
-0.705351	0.601848	9410	
-0.686354	0.623287	6312	
-0.664064	0.647860	2984	
-0.641193	0.669789	971	
-0.614992	0.692375	6582	
-0.588973	0.713100	10640	
-0.561784	0.734404	9646	
-0.538859	0.750989	9527	
-0.515873	0.766703	6686	
-0.491511	0.782210	5964	
-0.465551	0.797987	1336	
-0.445674	0.808832	2292	
-0.426367	0.818577	2188	
-0.405628	0.829166	6594	
-0.386284	0.838605	982	
-0.368498	0.846833	950	
-0.349130	0.855373	4874	
-0.330642	0.862367	5904	
-0.310853	0.867739	1221	
-0.289803	0.872530	1183	
-0.271527	0.875641	4970	
-0.265868	0.876402	4970	
-0.270856	0.875948	4970	
-0.278897	0.875039	4970	
-0.285288	0.874385	1183	
-0.288449	0.874300	1183	
-0.290595	0.874089	1183	
-0.291491	0.874084	1183	
-0.293663	0.873638	1183	
-0.296519	0.872853	1183	
-0.300677	0.871634	1183	
-0.305600	0.870121	1221	
-0.311724	0.868162	1221	
-0.319626	0.865617	5904	
-0.328546	0.862772	5904	
-0.339672	0.858073	5904	
-0.349896	0.853718	4874	
-0.361717	0.848304	950	
-0.374651	0.842214	982	
-0.389810	0.835321	6594	
-0.404658	0.827961	6594	
-0.421902	0.819244	2188	
-0.439429	0.810469	2292	
-0.456578	0.801992	1336	
-0.476841	0.790202	6464	
-0.498556	0.776317	5964	
-0.521265	0.761270	9527	
-0.542314	0.746478	9330	
-0.561565	0.731900	9646	
-0.579118	0.716807	10640	
-0.594960	0.701603	6582	
-0.605100	0.689411	6582	
-0.610447	0.680317	6582	
-0.611599	0.674263	5313	
-0.615449	0.668320	5313	
-0.626766	0.660324	5313	
-0.642894	0.648869	988	
-0.659946	0.634891	988	
-0.675823	0.620433	6312	
-0.692015	0.603235	5641	
-0.707454	0.586553	9410	
-0.721569	0.569495	10452	
-0.734206	0.552644	7994	
-0.746741	0.535706	7764	
-0.758701	0.517717	8779	
-0.768587	0.502759	7953	
-0.777946	0.487983	9895	
-0.785873	0.474577	10429	
-0.793063	0.462188	6938	
-0.799345	0.450910	6938	
-0.804819	0.440927	7872	
-0.809578	0.432425	7872	
-0.813495	0.425179	7872	
-0.816855	0.418878	10752	
-0.819717	0.413569	945	
-0.821684	0.409841	945	
-0.822959	0.407494	945	
-0.823500	0.406605	945	
-0.823396	0.406972	945	
-0.822619	0.408655	945	
-0.821067	0.411704	945	
-0.818704	0.416053	945	
-0.815746	0.421605	3296	
-0.812226	0.428229	7872	
-0.807916	0.436191	7872	
-0.802858	0.445407	7872	
-0.797056	0.455889	6938	
-0.790353	0.467399	10429	
-0.783067	0.479616	9895	
-0.774748	0.493217	8105	
-0.765631	0.507354	7953	
-0.755291	0.523048	8779	
-0.744325	0.538894	7764	
-0.732406	0.555315	7916	
-0.719260	0.572240	10452	
-0.705269	0.589600	9410	
-0.690637	0.606777	5641	
-0.675098	0.623988	6312	
-0.658636	0.641367	988	
