time = 408.55	Re = 90
0.575292	-0.719633	5188	
0.559274	-0.354133	4831	
0.828919	-0.471335	2046	
0.267212	-0.111559	5373	
0.379840	0.707380	1973	
0.150226	0.802517	4749	
0.467520	0.066442	3712	
0.419924	0.898241	3313	
0.477046	-0.583490	2054	
0.767647	-0.196955	2073	
0.211748	0.412057	1294	
-0.575129	-0.481564	598	
-0.408544	0.634105	2879	
0.611933	-0.061324	1121	
0.754130	-0.032840	2360	
0.686396	0.390529	1884	
0.545009	0.042848	2560	
-0.433262	-0.812114	5661	
-0.950470	0.078680	1628	
-0.553156	-0.776501	642	
-0.049263	0.359976	5291	
0.247102	-0.656446	896	
-0.558525	-0.068131	2573	
0.142265	-0.387445	316	
-0.125642	-0.154912	1908	
0.407293	-0.168977	4439	
-0.048651	0.425513	975	
-0.455629	0.222440	1980	
0.803810	0.337106	2372	
0.070588	0.313989	2883	
0.245197	0.067523	907	
-0.828611	0.264178	2896	
-0.194971	-0.508681	496	
-0.592907	0.747235	729	
0.352189	0.344199	976	
-0.647723	0.581088	2800	
0.054650	-0.816543	1545	
0.423641	-0.535398	4012	
0.403068	-0.195535	5216	
-0.591505	0.539182	2902	
0.098323	0.950288	5353	
-0.407224	-0.904037	3702	
0.220523	0.541877	1719	
0.466287	0.284772	1882	
0.295952	0.436806	1074	
0.991232	0.028198	4843	
0.631944	0.192970	4110	
0.036435	-0.243524	5698	
0.622582	0.007686	3711	
-0.337948	0.469507	1379	
0.544894	0.029660	2496	
0.713607	0.364151	2650	
0.441419	0.038533	4608	
-0.798354	0.521393	5184	
0.121483	-0.580300	3372	
0.801305	-0.020370	2576	
0.013225	0.274631	5302	
-0.137017	-0.307416	4645	
-0.536179	-0.649451	404	
-0.098636	-0.852721	3961	
-0.214766	-0.820969	4204	
0.919023	0.371999	1898	
0.238040	-0.129870	269	
0.539432	0.202073	2735	
-0.801393	0.095252	2559	
-0.095000	-0.339391	3076	
-0.148196	-0.686114	5148	
-0.864529	0.133087	2929	
0.839131	-0.527840	3870	
0.841551	0.002182	1818	
0.210537	-0.165603	1900	
0.853592	-0.504109	2227	
-0.101675	0.500194	5489	
0.493602	-0.042947	2355	
0.621508	-0.014193	3711	
-0.200688	0.355343	5593	
0.725718	0.208284	1590	
0.255432	-0.170892	5328	
-0.717356	0.355004	2776	
-0.715005	0.630892	4453	
0.345836	-0.044299	2138	
0.550588	0.314829	2784	
-0.809033	0.330636	2526	
0.123165	0.501604	5732	
0.732185	-0.182632	1963	
-0.509181	0.619563	2890	
-0.149412	0.414370	3453	
-0.271674	0.469749	1571	
0.842411	-0.208338	307	
0.499182	0.455992	1926	
0.800690	0.260430	2475	
0.178236	-0.682051	4895	
0.704904	0.079346	2058	
0.405987	0.628260	5350	
0.601378	-0.115662	897	
0.373573	0.474128	2327	
0.346729	0.888804	5458	
-0.073243	-0.221169	4514	
-0.721101	0.359217	3127	
0.508580	0.151670	2340	
0.736256	0.466269	302	
-0.731606	-0.035788	2055	
0.697481	-0.116024	2052	
0.031441	-0.603892	3560	
0.462729	0.241009	3037	
-0.287670	0.259468	3374	
0.795171	0.592475	3534	
0.386700	0.189275	2404	
0.068912	-0.607485	5242	
-0.441459	0.291819	1330	
-0.104773	-0.341797	3923	
0.770081	-0.624058	3791	
-0.611339	0.581208	2835	
-0.124785	-0.155498	1908	
-0.723388	0.376997	3127	
0.149898	-0.906177	647	
0.297790	0.095666	3026	
0.286303	-0.034657	714	
0.469286	0.127319	4386	
0.838201	-0.112633	2348	
0.142454	-0.801082	5551	
-0.052202	-0.990563	3640	
0.126064	0.873927	4623	
0.920371	0.034063	2320	
-0.655060	0.573191	2800	
0.239174	-0.728402	3235	
0.190139	0.502196	998	
0.202764	0.060271	780	
-0.740005	0.467021	2865	
-0.222722	-0.770260	3916	
0.742012	0.138966	1657	
0.498233	-0.716650	1217	
0.296721	-0.283449	3519	
0.523735	0.395190	3103	
-0.637880	0.264731	2870	
0.456386	-0.668143	3227	
0.115239	0.495278	4206	
0.282216	0.218221	5232	
-0.018238	0.758321	4538	
0.415082	-0.519631	2043	
0.321694	-0.534647	646	
0.378414	-0.916478	1702	
-0.902763	-0.307171	3768	
0.466306	-0.652915	3227	
0.185290	0.936883	1377	
0.647866	-0.581797	3403	
0.152323	-0.802022	4717	
0.002682	-0.244776	5725	
0.568597	-0.660261	4763	
-0.449542	0.408303	3326	
-0.830807	-0.288639	2598	
0.112913	0.490343	4206	
0.524449	0.662856	3071	
0.393569	0.405619	1608	
0.225941	0.776943	2625	
0.437264	-0.057079	3938	
0.263443	-0.955924	3609	
0.637139	-0.398977	722	
0.831634	-0.184275	307	
0.374693	-0.392071	1611	
-0.531861	-0.507848	3809	
0.725772	-0.445079	2934	
0.030934	-0.816230	1040	
-0.006995	0.779176	4192	
0.134819	0.360045	900	
0.548197	0.826276	1569	
-0.084375	0.245036	5036	
-0.011148	-0.453939	4650	
0.179996	0.119467	773	
0.766579	0.566941	285	
0.861504	0.324172	3775	
-0.136276	0.246608	5544	
0.528245	-0.134535	2358	
0.302491	-0.199032	3273	
0.577737	0.552406	2988	
-0.695794	-0.475460	2689	
-0.010512	0.317431	327	
0.715554	0.370025	2491	
0.419670	-0.256586	1384	
0.746090	0.080834	1756	
-0.791535	-0.198229	2577	
0.677545	-0.141603	2172	
-0.491758	0.281988	1388	
0.812047	0.322135	2372	
-0.239529	-0.924201	5164	
0.132655	-0.587395	3122	
0.445083	-0.119532	1349	
0.081755	0.855495	4208	
0.208301	-0.259510	475	
0.749093	-0.301560	2096	
0.115123	-0.852703	1622	
0.078167	0.182258	692	
0.436114	0.024771	4629	
0.652989	0.366586	1991	
-0.622239	-0.384898	2876	
0.149421	-0.747734	3530	
-0.516237	-0.544790	4835	
-0.084752	0.384076	4971	
-0.076327	-0.860642	4539	
0.898150	0.201959	2593	
-0.763293	0.571357	4238	
0.464662	-0.028105	4339	
-0.577724	0.490001	1126	
0.191879	0.096588	409	
0.986974	-0.092630	4475	
0.288727	-0.346239	1486	
0.920115	0.042452	2320	
0.800905	-0.076519	2332	
-0.823443	-0.185645	2489	
-0.217174	0.230037	740	
-0.083846	0.315300	1173	
0.375486	0.052954	2097	
-0.162608	-0.327524	840	
0.095137	0.950711	5353	
0.785992	-0.124464	2466	
0.049015	0.377314	4445	
0.568686	0.812348	1569	
0.206049	0.369931	2442	
0.449062	-0.093494	1422	
0.203004	-0.378014	4321	
0.121212	0.501975	4206	
0.460545	0.064446	4403	
-0.793183	0.108929	2628	
-0.469008	0.596978	4354	
-0.560786	0.464910	2738	
0.586865	-0.280798	1949	
-0.879396	0.368482	4870	
0.661272	0.449652	5379	
0.819713	-0.291962	864	
-0.345363	-0.338634	3139	
-0.321313	-0.898500	4715	
0.118218	-0.375039	1609	
-0.122913	0.540573	4551	
0.226320	0.700450	3861	
-0.374389	0.765856	3945	
0.697506	0.704740	1552	
0.541642	0.830595	4001	
-0.507815	-0.624677	3557	
0.047462	-0.463068	5034	
-0.032451	0.548076	4740	
-0.080805	-0.707700	4664	
0.711337	0.367912	2650	
-0.123792	-0.156209	1908	
0.377911	0.057980	2097	
-0.484723	0.367102	3238	
0.808298	-0.031574	2159	
0.799970	0.053853	2725	
-0.151767	0.569845	3946	
0.502399	0.854877	2362	
0.266876	0.061154	4791	
-0.222960	-0.895913	605	
-0.120085	-0.159049	1908	
-0.920670	0.000902	363	
-0.278788	-0.674029	3963	
-0.482394	-0.261423	3047	
-0.501667	0.157520	1726	
-0.707404	-0.038489	2136	
-0.321254	-0.427035	1543	
0.285234	-0.320198	1529	
-0.371149	0.407866	3002	
-0.918789	-0.372651	3807	
-0.246947	-0.767388	758	
0.650543	0.644231	1051	
0.704712	-0.264782	1998	
0.365931	-0.596356	257	
0.880236	0.366708	5081	
0.238363	0.328487	4404	
-0.024918	0.822581	3883	
0.549202	-0.093749	3992	
0.507342	-0.325677	3447	
-0.605205	0.519056	2830	
0.135070	-0.867870	1769	
0.427028	0.852828	1098	
0.235076	0.824769	3894	
-0.549283	0.187312	2509	
0.121691	-0.807946	5456	
-0.157666	-0.910619	373	
0.097567	0.730353	550	
0.053741	-0.532347	3839	
-0.256381	-0.752599	758	
0.548649	0.299148	2784	
-0.104641	0.299210	3527	
0.263712	0.609370	328	
0.604351	-0.600899	3046	
0.966762	0.219722	5287	
-0.560143	-0.730002	1392	
0.518263	0.470513	1926	
0.612530	-0.282811	2558	
-0.686013	-0.610508	3587	
0.021347	0.343502	4183	
0.418667	-0.184598	1700	
0.875686	-0.284563	1468	
0.316308	0.651446	3450	
0.676163	0.017427	2062	
-0.366986	0.334346	4279	
0.468100	-0.442272	3432	
-0.065077	0.953007	493	
0.759418	0.414715	2249	
-0.107932	0.404545	4992	
-0.102717	-0.986593	2790	
-0.845638	0.055259	2406	
-0.715692	-0.358241	2672	
0.036996	-0.313424	5425	
0.313555	0.015672	2322	
-0.426310	-0.551388	4109	
0.194952	0.531483	2200	
0.122707	0.499394	5732	
0.362301	-0.448447	1397	
0.228653	-0.592639	3767	
0.696423	-0.398286	4440	
0.145750	0.686855	5105	
0.067359	0.448760	733	
-0.664622	-0.635186	255	
-0.174039	-0.751343	418	
-0.105233	0.325317	1645	
0.101790	0.814112	1000	
0.605809	0.620244	4631	
0.054248	-0.878605	3410	
-0.266622	0.763103	4647	
0.414733	-0.504410	2847	
0.606454	0.784546	1602	
0.292813	0.431640	1074	
-0.725292	-0.227518	2528	
0.355484	-0.368792	1729	
-0.704175	-0.270640	2739	
-0.598791	0.602625	2835	
0.534725	0.077533	2617	
0.362090	-0.097191	458	
0.345149	-0.161005	3082	
0.512866	-0.430611	3150	
0.786812	0.298907	3279	
-0.250191	0.328960	5334	
0.797483	0.299537	1633	
-0.358684	0.533291	2108	
0.169309	-0.414196	375	
-0.487397	-0.437910	2709	
0.788497	0.017378	2423	
0.145831	-0.400877	266	
0.716737	-0.379097	1154	
-0.035722	0.858420	4021	
0.365641	0.582045	3783	
0.477763	0.020895	4288	
0.614478	-0.041608	1091	
-0.613232	0.436745	2656	
0.107723	-0.244545	511	
0.476239	0.578996	3436	
-0.455044	-0.334389	3816	
-0.771152	-0.181535	2485	
0.727485	0.319100	2887	
-0.183586	-0.937288	5013	
-0.813015	-0.430975	5074	
0.516035	0.518428	4274	
0.186196	0.746952	1285	
-0.895330	-0.213161	1539	
0.171318	-0.907355	430	
-0.522367	0.235528	2125	
0.954514	-0.268345	383	
0.338050	-0.282623	4246	
-0.789773	0.472425	5608	
0.979260	0.155430	3868	
0.752206	-0.022815	2360	
0.730460	0.426082	2243	
0.346039	0.437580	1761	
-0.067678	0.519303	2683	
-0.800028	0.339827	2526	
-0.845924	0.439826	1119	
0.458160	-0.879336	1553	
0.707531	0.473247	358	
-0.091328	-0.278983	5559	
0.798942	0.064804	2742	
0.143874	0.679560	5105	
0.715387	-0.358468	4456	
0.650615	-0.231439	1485	
0.653823	-0.367032	1861	
0.084780	-0.768527	5310	
-0.299411	0.505981	3129	
-0.124117	-0.155973	1908	
-0.508634	0.707775	727	
0.217382	0.929666	5311	
0.687195	-0.408340	4477	
-0.882645	0.361102	4870	
0.514968	0.802625	676	
0.609203	-0.617772	3341	
-0.157398	-0.485421	5380	
-0.254174	-0.579671	274	
0.869325	-0.303255	468	
0.206350	-0.094772	779	
-0.752862	0.057303	2147	
0.240165	-0.367201	2137	
-0.520243	-0.710450	3848	
0.586589	0.550256	2949	
-0.166117	0.456990	1438	
-0.063716	-0.953052	5226	
-0.474436	0.233643	1647	
-0.597241	-0.162134	2653	
0.033191	-0.488896	1181	
-0.465393	0.344017	1797	
-0.871175	-0.386991	3735	
0.569314	-0.564397	2017	
0.115021	0.236781	5440	
-0.515158	0.549769	1965	
0.662249	0.686090	5061	
-0.123990	0.245774	5544	
-0.049185	0.228557	1207	
-0.883606	0.358576	4870	
-0.265780	0.767601	3289	
0.242965	-0.243797	506	
0.790164	0.088083	2478	
-0.167122	0.940166	728	
0.321142	0.059160	2564	
-0.546958	0.781501	272	
0.701093	-0.214797	1864	
-0.737932	0.302746	2780	
0.336525	-0.021988	2351	
-0.340477	0.371746	2708	
-0.148912	-0.677382	774	
-0.209181	0.777140	4101	
0.246330	0.185040	4722	
0.435519	-0.037602	4625	
0.199873	-0.433860	3890	
-0.073450	0.595218	1201	
-0.061075	0.282621	1115	
0.752577	0.585446	250	
-0.625314	0.130810	1820	
0.661877	-0.311522	2030	
-0.790080	-0.131698	4137	
-0.180515	-0.750542	418	
0.295529	-0.218811	3384	
0.496387	0.814404	856	
0.428745	0.438345	3249	
-0.656171	0.218190	3370	
-0.617375	0.227028	2679	
0.493141	0.776637	3237	
-0.701207	0.365102	3127	
-0.450206	-0.587243	3584	
-0.709632	0.503742	3787	
0.542237	-0.377902	4985	
-0.759305	0.274141	2610	
0.627202	-0.181537	2010	
-0.659938	-0.535932	2268	
0.768711	0.221795	2630	
0.330688	0.472510	1152	
-0.868576	0.047851	2454	
0.169993	-0.615668	253	
-0.611739	0.352666	1785	
0.127762	0.809161	4268	
0.755693	0.026956	2304	
-0.513262	-0.540892	4835	
-0.689815	0.406082	2971	
0.377046	0.475615	2327	
0.638207	-0.498334	3208	
-0.488269	0.378870	3136	
0.457050	0.221873	2541	
0.690074	0.530563	2985	
0.140576	0.683972	5105	
-0.797285	0.068867	2651	
0.495166	-0.623015	3131	
-0.087970	-0.920357	3707	
-0.194644	-0.351288	3710	
-0.158763	-0.939238	5361	
-0.868716	-0.299596	3777	
-0.462925	0.337752	1462	
0.427245	0.122553	3842	
0.319923	0.172232	2702	
0.513349	0.203012	3156	
-0.012202	-0.864029	4096	
0.204717	0.373518	2442	
-0.906430	-0.160588	4424	
-0.402205	0.865425	2566	
0.672278	0.343676	2022	
-0.091103	-0.822541	3687	
-0.318756	-0.810797	3673	
-0.050775	-0.990639	3424	
0.045103	-0.508261	3455	
0.193838	0.176870	928	
-0.390662	0.698443	4713	
0.134798	0.386678	5507	
-0.434407	-0.811481	5661	
-0.573851	-0.363115	1177	
0.610891	-0.780919	988	
0.468927	0.152912	4386	
0.191875	-0.343718	1943	
-0.719236	-0.382858	3022	
-0.164447	0.538220	5245	
0.197306	0.144422	5005	
0.302645	-0.074201	5268	
0.079019	-0.355582	4299	
-0.458126	0.592427	4354	
-0.287932	-0.663386	3963	
-0.690419	-0.657730	330	
0.366613	0.359041	778	
-0.254933	-0.886701	5030	
-0.122125	-0.157457	1908	
0.317448	0.530731	1317	
-0.297181	-0.422069	1084	
-0.136604	-0.418961	4854	
-0.205740	0.235956	4732	
0.782278	-0.545155	3897	
-0.768389	-0.626524	4793	
0.380425	0.411061	3531	
-0.493132	0.206920	1548	
-0.640580	-0.756699	3448	
0.483184	-0.695930	1393	
0.774052	0.208082	2728	
0.054865	0.315192	4229	
0.122622	0.503331	4206	
-0.560587	0.771757	320	
0.558046	0.435415	2812	
0.717954	0.355175	2650	
-0.318269	-0.671452	501	
-0.195837	0.934406	818	
0.371318	-0.001333	2182	
-0.577889	-0.194455	2106	
-0.517292	0.119486	2366	
-0.603509	-0.278589	2515	
0.118877	0.499612	4206	
0.663223	0.533158	2982	
0.088213	-0.851509	2408	
0.181798	0.749463	5718	
0.217522	0.725168	4086	
-0.191309	0.819707	1643	
0.951131	0.026985	3041	
0.491491	0.230376	2541	
0.636141	0.405893	3031	
-0.545254	0.290329	4579	
0.900881	-0.190944	1932	
-0.842268	-0.369993	4792	
0.652465	-0.695682	1752	
-0.340579	0.891702	3292	
-0.348439	0.647207	1816	
0.256999	-0.241337	1017	
0.319942	-0.005865	2322	
-0.260471	-0.884722	5030	
0.053973	-0.440411	5679	
0.245530	-0.608058	357	
0.431978	-0.082851	3938	
-0.035385	-0.303175	4352	
-0.564478	0.393277	2978	
-0.036121	-0.706381	3245	
-0.131110	-0.414420	391	
0.457819	0.145252	4386	
0.015700	-0.817787	1040	
0.387649	0.125482	2589	
0.833202	-0.463707	2046	
-0.455633	-0.653793	1506	
-0.065331	0.558095	1402	
-0.103795	0.321034	1565	
0.330447	0.644401	1874	
0.440590	0.158587	4124	
-0.118882	-0.159930	719	
0.149582	0.298079	5470	
-0.473905	0.413710	3576	
-0.748080	-0.591195	1962	
0.555093	0.231714	2547	
-0.721349	0.124369	681	
0.918781	-0.255951	517	
-0.430585	0.443883	2445	
0.301843	0.487539	372	
-0.865672	-0.089834	2126	
-0.095456	-0.987346	2790	
-0.856015	-0.337608	5666	
0.843745	-0.247107	2255	
-0.664220	0.684223	2433	
-0.628251	-0.489056	977	
0.442094	0.743517	3528	
0.854841	-0.339402	2094	
-0.948190	-0.103868	5384	
-0.751907	-0.045848	2078	
0.288354	-0.373540	557	
0.832848	-0.153556	348	
0.450475	0.197933	3697	
0.206118	-0.969983	4177	
-0.497887	-0.560822	4383	
-0.051375	-0.862383	3966	
-0.199449	0.441870	4553	
-0.116422	-0.450833	4135	
0.293949	0.149649	4568	
0.276578	-0.253602	1017	
0.991403	0.013863	347	
-0.449771	0.751212	5282	
0.560638	0.228747	2547	
0.189183	0.404206	971	
-0.919807	-0.035720	1713	
0.756210	0.277065	2911	
-0.761138	-0.237942	2540	
0.484411	-0.420643	3128	
0.194996	-0.430691	3890	
0.137300	0.367883	900	
0.446209	0.017853	4629	
-0.501821	0.620536	3106	
0.934102	0.191909	4017	
-0.049596	-0.777637	4058	
0.352614	0.219714	2928	
0.399583	-0.830732	3257	
-0.076524	-0.239393	4514	
0.834019	0.461936	842	
-0.557528	0.160991	2509	
0.678210	-0.324907	1868	
-0.300322	-0.742407	1280	
0.597674	-0.130006	897	
0.618343	0.576636	3229	
-0.577888	-0.225727	2936	
0.890082	-0.342241	617	
0.145173	-0.343413	1568	
0.385928	-0.837133	4333	
-0.308539	0.903215	4287	
-0.941035	0.153881	546	
0.536791	-0.591488	2940	
0.694524	0.146078	2059	
0.243369	0.491798	1196	
0.217263	0.011327	1137	
0.486105	0.570924	3382	
0.790194	0.470613	2772	
0.934406	-0.331331	2228	
-0.425208	-0.673761	4329	
0.486268	-0.299135	1741	
-0.379714	-0.348504	3226	
-0.844612	-0.103997	5055	
0.449169	-0.453931	3432	
0.385715	-0.524359	1697	
0.012224	-0.924725	5273	
0.796210	0.023011	2686	
0.280029	-0.125461	2661	
0.247679	-0.152595	764	
-0.332707	-0.805378	4181	
0.833159	0.257599	2601	
0.366440	0.075659	1967	
0.866955	-0.057373	2354	
-0.729802	-0.328875	3567	
-0.247061	0.304670	1835	
-0.750439	0.063363	2147	
0.251765	0.365657	5029	
0.940361	-0.159196	788	
0.460925	-0.088135	1422	
0.198123	0.153731	1504	
0.459873	0.177302	3508	
0.972300	0.194013	4676	
-0.054924	0.544641	1402	
-0.655100	-0.118082	5247	
-0.346388	0.722957	4541	
0.694233	0.135803	2059	
0.208279	0.043941	2084	
0.010715	-0.695111	477	
-0.572141	0.414645	2843	
-0.680309	-0.419933	1983	
-0.614011	0.134641	1820	
0.142125	0.681567	5105	
-0.631221	-0.559683	1982	
-0.515226	0.093246	2405	
0.412263	0.196643	2950	
0.460935	0.655221	812	
0.703866	0.591825	4374	
-0.937944	-0.172965	1004	
0.529242	0.424273	3103	
-0.723930	0.620668	4931	
-0.316731	0.819319	2088	
-0.220659	0.472552	1534	
0.167455	0.380124	473	
-0.495388	-0.620763	3557	
0.315041	-0.375760	1170	
-0.512134	0.131685	2366	
0.794964	-0.090942	2399	
-0.124548	-0.155665	1908	
0.694392	0.299383	2874	
-0.389283	0.507131	2841	
-0.275417	0.759867	386	
0.836787	-0.239651	1370	
0.163694	-0.542717	1474	
-0.153077	0.336080	5464	
-0.308753	-0.427084	1543	
0.457528	0.088649	4561	
0.391175	0.224933	3367	
0.953056	-0.033369	882	
0.203163	0.204845	4765	
0.651684	0.202895	1404	
-0.794756	-0.526305	246	
-0.424748	-0.592942	1351	
-0.356771	0.368286	3270	
-0.119207	0.673428	4522	
0.754427	-0.000214	2306	
0.579337	-0.398115	4434	
0.597218	-0.791339	988	
0.540883	-0.020552	2440	
0.117146	0.491416	5732	
0.305309	-0.405451	1712	
0.491021	0.391809	3091	
-0.629018	-0.716914	4529	
0.045015	-0.953840	1190	
0.508493	0.806817	650	
0.390565	0.870370	306	
0.731358	-0.502661	855	
0.755998	0.007589	2369	
0.229239	0.507696	3353	
0.474374	0.003901	4327	
-0.518610	0.119009	2366	
0.041159	0.244156	516	
-0.289834	-0.661170	3963	
-0.099652	0.764479	3401	
0.747746	-0.106673	2053	
0.174846	-0.418402	375	
-0.113061	0.811321	1554	
-0.363554	0.481711	2359	
-0.798271	-0.003512	2303	
0.288098	0.668936	4271	
-0.460076	-0.590120	3606	
-0.419437	0.310322	1406	
0.786297	0.539155	905	
0.710506	0.525985	2985	
0.044755	-0.314717	5425	
0.771359	0.217291	2516	
-0.295122	0.476122	1213	
0.498953	-0.572719	1710	
-0.393637	0.778024	2394	
0.949026	0.093056	3629	
0.690605	0.255233	2701	
-0.291388	0.829236	2083	
0.832910	-0.537589	3879	
0.518651	-0.071205	2411	
-0.765119	0.511592	1521	
0.545389	-0.782632	5050	
0.785684	0.371359	3073	
-0.693309	0.654697	993	
0.825448	0.476751	3304	
0.146272	0.686801	5105	
0.028103	0.245928	672	
0.137282	0.368299	900	
0.264078	-0.053943	673	
-0.455374	-0.799862	2768	
-0.410056	0.546850	2966	
0.325235	-0.532336	646	
0.215154	0.776618	2625	
-0.415427	0.257929	2044	
0.341247	0.722699	1296	
0.119570	0.493937	5732	
-0.197854	-0.480939	1448	
0.487321	0.631932	2629	
0.796590	0.284820	2937	
-0.368348	-0.844125	1291	
0.581701	-0.614577	3421	
0.221970	-0.028526	2066	
0.344505	-0.371745	1478	
0.295367	-0.071830	5268	
0.041306	-0.501178	1323	
0.186531	0.792315	1428	
0.627748	0.031501	1133	
0.250654	0.921017	4929	
0.141642	0.687095	5105	
0.277734	-0.698715	2975	
-0.067918	-0.335697	4328	
0.063543	-0.772008	313	
-0.064942	-0.335594	4446	
0.297412	-0.757188	950	
0.750760	-0.083107	2312	
0.565374	0.267923	2437	
0.275788	-0.761910	950	
0.190835	-0.554290	2719	
0.892165	0.226831	360	
0.605706	0.785186	1602	
0.495691	-0.034954	2355	
0.395305	-0.417640	1792	
0.157273	-0.247626	423	
-0.563745	0.123951	2080	
-0.565254	-0.346267	2893	
-0.267304	0.380345	1210	
-0.551641	0.350657	3203	
-0.612376	-0.166227	2653	
0.024162	0.704622	5356	
-0.137429	-0.441762	4945	
0.261476	0.956602	1463	
0.201292	0.675123	1458	
0.949981	-0.082486	5323	
-0.453846	0.534535	5011	
0.624858	-0.506377	3208	
-0.404945	0.610710	2518	
0.615448	-0.685294	667	
-0.416421	0.674451	3215	
0.148791	0.676887	720	
0.284731	-0.138842	3833	
0.700003	-0.361164	4456	
0.374591	0.352744	778	
0.182294	0.202889	4893	
0.463588	0.705778	1743	
0.701341	-0.700585	3834	
0.374648	0.304626	4785	
0.720645	0.357440	2650	
-0.032956	0.991303	3155	
0.817119	-0.423714	5613	
-0.229928	-0.519574	4272	
0.348595	-0.669873	2962	
-0.041727	-0.863313	3553	
0.543471	0.371731	3104	
-0.285575	0.799135	3529	
0.518021	-0.112106	2412	
0.239659	0.515731	4370	
-0.926623	0.224831	492	
-0.396021	0.366669	2740	
-0.424146	-0.662536	4329	
-0.134699	0.294008	3470	
-0.179439	-0.237085	4041	
-0.151007	-0.681373	774	
0.257551	0.013658	560	
-0.471049	0.442686	3016	
0.575962	0.001199	3929	
-0.200663	-0.257988	3753	
0.462319	-0.210766	1276	
0.075682	0.817660	3806	
0.601373	0.633833	4698	
0.142856	0.687131	5105	
0.708210	-0.693643	3876	
0.797099	0.083408	2478	
-0.190206	0.511127	1424	
0.411762	-0.150159	5565	
0.729114	-0.428218	2934	
-0.310956	0.264605	3286	
-0.540700	-0.521152	2201	
0.625883	-0.597647	3341	
0.144396	-0.246292	4072	
0.693117	0.605804	5260	
0.101296	0.426288	5719	
-0.706095	-0.353464	2672	
-0.288951	-0.948643	336	
0.731579	0.611408	5561	
0.685510	0.006767	2062	
-0.057778	-0.811655	730	
-0.085957	-0.337939	3076	
-0.741787	0.286498	2780	
0.601620	0.197518	4411	
0.122959	0.500293	5732	
0.035660	0.364679	4123	
0.321024	0.863712	5496	
-0.912760	0.276100	4178	
0.481746	-0.288043	1439	
0.304708	-0.540800	2079	
0.425436	-0.817992	3795	
0.415110	0.595895	1092	
-0.133535	0.506106	419	
-0.466907	-0.874664	4166	
0.266490	-0.444650	4150	
0.162764	0.277643	4454	
0.457004	-0.305804	1302	
0.668908	-0.557818	3536	
0.482987	0.689425	1566	
0.460334	-0.186842	1708	
-0.489015	-0.686932	2753	
0.145986	0.677852	5105	
0.036641	0.878758	3264	
0.745172	0.540091	2713	
-0.828817	0.471457	1103	
-0.202382	0.391088	3820	
0.346366	-0.260791	4523	
-0.601514	-0.236687	2999	
-0.313025	0.341466	3986	
0.646680	0.469578	2164	
0.305244	0.334659	3607	
0.301788	-0.117365	2661	
-0.156745	0.469420	693	
-0.335348	-0.529682	1592	
0.013305	0.348641	825	
0.498757	0.338197	2849	
0.242087	-0.116254	269	
0.512485	0.542215	4198	
0.566462	-0.027714	4628	
-0.226229	-0.777637	4160	
0.117027	-0.575008	3372	
0.610820	-0.732527	4129	
-0.725831	-0.174842	2246	
0.468322	0.233294	3037	
0.177724	-0.318091	3314	
-0.095793	-0.987302	2790	
0.133823	0.358598	900	
0.529218	-0.034004	2429	
0.915578	0.266186	4955	
-0.723125	-0.343157	2888	
0.800203	-0.518614	5457	
0.487484	0.151205	2340	
0.049218	-0.923134	4560	
-0.709745	-0.201932	2149	
0.588462	-0.161261	3614	
0.227394	-0.820841	323	
0.114320	0.493833	4206	
-0.402771	0.626367	2518	
-0.387539	-0.750391	3294	
0.736928	-0.426856	3032	
0.718792	-0.566582	5538	
-0.678749	-0.621366	3587	
-0.183511	0.736262	2909	
0.349842	0.598235	3875	
0.379936	0.536055	1334	
0.918563	-0.256772	517	
0.278311	0.128111	5474	
0.924639	-0.233661	292	
0.040596	-0.641595	3973	
0.500164	-0.856158	1405	
-0.824411	0.275374	2896	
-0.795347	-0.177249	2463	
-0.870405	0.080629	2345	
-0.568723	-0.156593	2550	
0.360330	-0.515277	1159	
-0.224818	0.476122	1534	
-0.792724	0.110861	2628	
-0.249017	0.380751	4088	
-0.139941	0.802312	4070	
-0.472743	-0.580513	3606	
-0.411295	0.328666	3543	
0.626886	0.016176	3711	
0.663105	-0.639406	5573	
0.436973	0.506949	4094	
0.682527	-0.320034	1868	
-0.119047	-0.159877	1908	
-0.514826	0.125495	2366	
0.603898	0.268248	3152	
0.251054	0.364599	5029	
-0.142283	0.413639	5014	
-0.138713	-0.813823	3183	
0.119869	-0.734811	3551	
0.681138	0.085720	2041	
0.469832	-0.108402	974	
-0.221854	0.779351	4101	
0.343365	0.139145	2955	
0.388373	-0.085232	2254	
0.207559	0.734334	2198	
-0.953440	-0.028042	5070	
-0.149798	0.466530	1060	
0.284093	-0.575786	5155	
0.675479	0.429970	1829	
0.443073	-0.520164	3739	
0.531221	-0.069952	2424	
0.699467	-0.218425	1864	
-0.151344	-0.466595	5625	
-0.713751	0.632300	4453	
0.196815	0.512434	935	
0.633649	-0.248384	1828	
0.549919	-0.652056	5562	
0.601505	0.065375	3884	
0.571591	-0.095633	3992	
-0.672657	-0.627947	695	
-0.529728	-0.222230	2458	
-0.890607	-0.231296	342	
0.906160	0.402490	4699	
0.827498	-0.202103	507	
0.582944	-0.193354	983	
-0.284888	-0.625505	1936	
0.238884	0.025116	4513	
0.112918	0.489677	4206	
-0.495235	0.563885	1965	
-0.245218	-0.834209	4554	
0.570930	0.165970	2599	
-0.189056	0.514413	1332	
0.284549	0.107891	2979	
0.887653	-0.242238	292	
-0.645115	-0.656318	255	
-0.876397	0.375620	5632	
0.819722	0.557914	1604	
0.214094	0.535654	4956	
-0.865007	0.401321	5543	
0.251058	0.123949	422	
-0.136653	-0.305963	4645	
0.164213	0.171305	5132	
0.573847	0.556634	2988	
-0.602436	-0.739401	1960	
-0.316042	-0.678248	501	
-0.084002	0.331941	932	
-0.048668	-0.218504	5168	
-0.508883	0.207262	1548	
0.177793	0.313816	4179	
0.000970	-0.460115	5110	
0.400569	-0.198304	5246	
0.585649	-0.644790	2169	
0.387070	-0.620241	963	
-0.471163	-0.349301	2901	
0.335200	0.244274	1773	
-0.214467	0.669798	1333	
0.828509	0.471439	3304	
0.754643	0.001134	2306	
0.748231	0.285080	3196	
0.091045	0.273776	4218	
0.369814	0.721516	1400	
-0.372263	0.486685	2984	
0.764245	-0.631185	4120	
0.258851	-0.133072	764	
0.123170	0.503452	5732	
-0.261951	0.811742	803	
-0.774064	-0.166637	5003	
0.409575	-0.641292	3146	
-0.860632	0.326488	2913	
-0.911670	0.127379	4239	
0.012933	-0.416307	5441	
0.442392	0.844957	1222	
-0.533618	-0.592851	5490	
-0.316489	0.285676	2642	
-0.408349	-0.767184	4775	
-0.587958	-0.707724	5340	
0.298635	0.093286	3026	
-0.076248	0.952174	493	
-0.381469	0.306807	1953	
0.368720	0.496933	1313	
-0.797793	-0.072338	403	
0.757729	-0.522736	855	
-0.277781	-0.696574	4874	
0.422998	-0.072042	3938	
-0.210229	-0.931196	1158	
0.319892	0.151189	2472	
-0.510761	-0.238817	2951	
0.831848	0.247388	2601	
0.124203	-0.631552	4322	
-0.173155	0.938904	728	
-0.759448	0.576413	1457	
-0.765307	0.223029	2476	
0.521449	0.757912	3562	
0.727765	-0.198839	1963	
-0.729610	-0.160853	5248	
0.731159	0.074360	1756	
0.787494	-0.322528	1300	
-0.378780	0.875935	3797	
-0.423435	0.818506	4824	
-0.148301	0.666056	702	
0.312167	0.020817	2258	
0.407623	0.463899	3588	
0.373892	-0.051835	2269	
-0.033435	-0.924352	5564	
0.033488	0.732612	1386	
-0.888146	-0.240438	2334	
0.296599	0.071515	2704	
-0.527259	-0.368635	3198	
0.304650	0.035413	2532	
0.217212	-0.012389	796	
0.297659	0.486047	530	
0.193284	-0.902766	3642	
-0.641409	0.588351	2800	
0.774706	-0.202137	504	
-0.874075	-0.287190	4111	
-0.654922	0.174460	3487	
-0.057014	-0.853320	3966	
0.401385	-0.529282	2474	
-0.151799	0.615494	3525	
-0.633695	-0.250323	2145	
0.832016	0.391750	3661	
-0.589637	-0.453210	2908	
0.280369	-0.448884	1672	
0.332496	0.376809	4231	
-0.397587	0.775966	2394	
-0.240301	-0.579605	5254	
0.615077	0.402094	5420	
-0.920423	0.013480	392	
-0.141507	-0.686476	5148	
0.938273	0.170405	1815	
0.508288	0.267153	2793	
-0.353106	-0.421461	4675	
0.262983	-0.710746	2886	
0.310500	0.297201	5403	
0.504768	0.145384	2340	
0.206104	-0.097333	779	
-0.862849	0.405638	899	
0.826544	-0.272261	561	
0.795496	0.098645	2478	
0.687473	0.533370	2985	
-0.063542	-0.733549	601	
0.273708	0.330202	4059	
-0.029363	0.771755	4214	
-0.817277	0.423271	3471	
0.431924	-0.221761	1303	
-0.148460	0.666019	702	
-0.770937	0.402477	3210	
-0.562419	0.194376	1145	
-0.340156	0.776157	3613	
0.398227	0.079661	2492	
0.231934	0.550053	3271	
0.265351	0.530406	5415	
0.509402	0.356035	2954	
0.078785	0.352541	4838	
-0.953880	-0.010393	4771	
-0.159305	-0.978999	1246	
-0.932530	0.199701	1307	
0.155865	-0.251025	4072	
-0.726803	-0.430274	2700	
0.416726	-0.233738	984	
0.408672	0.417669	2995	
0.491866	-0.540374	3909	
0.456529	0.512459	4795	
0.410454	0.097941	2195	
-0.181395	0.424185	3603	
0.051273	-0.552704	3458	
0.503296	-0.711877	3064	
-0.458990	0.318730	1228	
0.314077	0.671857	2323	
-0.836906	-0.382335	2707	
0.045717	0.990859	1793	
0.124737	0.452126	5027	
-0.767494	-0.352018	3520	
0.837656	0.455266	842	
0.176839	0.842735	4589	
0.052320	-0.860783	3410	
0.275306	-0.276209	3398	
0.223850	0.457956	1090	
-0.009777	-0.991884	1464	
0.424451	-0.394567	1935	
-0.386849	0.872295	2938	
0.164372	0.940832	1500	
0.547888	0.585820	2933	
-0.093516	0.395351	4410	
-0.581556	-0.136617	2591	
0.197892	-0.344294	1943	
-0.311218	0.393582	1419	
0.094814	0.755696	1430	
0.223886	-0.261957	506	
-0.752309	-0.436041	2774	
-0.864090	-0.103720	2190	
0.244429	0.196393	3556	
0.185535	0.861138	4589	
0.016243	0.240983	672	
-0.723346	0.317351	3060	
0.540194	-0.605938	2940	
-0.565082	-0.249131	2520	
0.514747	-0.468229	3010	
0.342619	-0.565795	1465	
-0.859660	0.160718	3174	
0.720654	-0.680683	1855	
-0.150781	-0.358751	4826	
-0.401586	-0.324345	4203	
-0.528580	0.438495	3033	
0.845962	0.439389	365	
0.846274	0.196504	2906	
0.301890	-0.609750	4121	
0.663994	0.522659	2982	
0.611017	-0.096524	3616	
0.271248	0.046510	745	
0.107086	0.812415	1481	
0.761418	-0.416218	2861	
-0.492219	0.264786	1630	
0.288686	-0.256779	3476	
-0.735853	0.413360	3668	
-0.274406	0.830516	2083	
-0.499812	0.633995	3012	
0.210055	0.039113	2084	
0.227657	0.445892	821	
0.334866	-0.064059	456	
-0.578142	0.657483	2267	
-0.662655	-0.049697	4558	
0.289320	0.230466	5283	
0.130099	-0.587234	3122	
0.324589	-0.457467	1242	
-0.574227	0.273531	3722	
0.059851	-0.815674	1545	
-0.543312	0.200778	2338	
-0.371127	-0.335350	3361	
0.257486	0.388191	1198	
0.244679	-0.922297	343	
-0.730483	-0.062217	2055	
0.318319	0.568034	739	
0.117333	0.497872	4206	
0.292406	-0.081346	4779	
0.354299	-0.089751	458	
0.980757	0.145726	3880	
-0.583613	-0.210731	2862	
-0.485835	0.506343	4906	
0.799737	0.275006	2937	
0.633837	-0.307278	1969	
-0.860459	-0.326061	4761	
-0.158015	-0.684514	3112	
-0.445675	-0.597938	3584	
-0.282661	0.314106	3360	
-0.770264	-0.217901	2572	
0.628234	0.383211	1991	
0.003781	-0.864109	3936	
0.281166	-0.448982	1672	
-0.799486	0.051688	2519	
-0.917331	-0.260428	503	
0.254119	0.098725	831	
-0.137526	0.275045	4519	
0.493870	-0.346938	2986	
0.379647	0.702039	3213	
0.723577	-0.569453	5538	
-0.055728	0.881453	3700	
0.515308	-0.763857	2638	
0.069582	-0.441008	5389	
0.296841	-0.747577	4556	
-0.614718	0.616388	3126	
-0.145418	-0.912754	373	
-0.499527	0.470274	5388	
0.417203	-0.095036	1255	
0.640719	-0.613061	3253	
0.122625	-0.915632	666	
0.038112	0.923974	495	
-0.780516	0.336100	2526	
0.892560	0.431480	4171	
-0.029439	0.526885	4580	
-0.820069	-0.290187	3917	
0.070426	0.817890	3806	
0.470299	-0.496873	2313	
0.439998	0.034246	4608	
0.328552	-0.261719	2402	
0.282010	-0.462044	1638	
0.297558	0.390809	4233	
-0.585384	-0.615943	1800	
-0.565502	0.047669	4481	
-0.424335	-0.896126	1589	
0.159592	0.255605	4195	
0.066682	0.857385	4208	
-0.463944	0.594004	4354	
0.541641	-0.521141	874	
0.488757	-0.781444	3260	
0.679764	0.278269	2760	
0.239782	0.143281	276	
0.030455	-0.991463	3206	
-0.008098	0.300431	1897	
0.731617	0.070877	1940	
0.335505	0.664880	1874	
0.308350	-0.178757	3191	
-0.590233	0.436521	2942	
-0.029919	0.877344	3821	
-0.285548	-0.799064	3659	
0.042765	-0.503850	1323	
-0.159031	0.279813	4061	
0.818894	0.216904	2773	
-0.772000	-0.500885	3258	
-0.275822	0.369244	1375	
-0.532608	-0.660953	3563	
-0.330836	0.680184	2910	
0.112992	0.490879	4206	
-0.007773	-0.812362	1471	
0.729706	-0.186968	1963	
0.144808	0.678857	5105	
0.207037	-0.090862	779	
0.490641	0.340151	2849	
-0.946393	-0.295099	497	
-0.374267	0.620872	1873	
0.640087	-0.590156	3403	
0.544655	0.676081	2948	
-0.798000	-0.455726	4849	
-0.162327	-0.839673	4213	
-0.734451	0.171066	2387	
-0.514399	0.803587	5705	
-0.863449	-0.487119	1889	
-0.554180	-0.330913	2893	
-0.341217	-0.413564	4590	
-0.173019	-0.976629	2183	
-0.123262	-0.156599	1908	
0.285749	0.011302	2258	
-0.123880	-0.420665	450	
-0.196238	-0.830416	4814	
0.427731	-0.007184	4607	
0.825136	-0.549478	3879	
-0.536501	-0.060376	2597	
-0.217256	0.295853	610	
0.184864	0.455483	3059	
0.581094	0.346681	3727	
0.225018	0.384125	1156	
0.539661	0.108727	2722	
0.339607	-0.805301	2606	
-0.669201	-0.188559	3691	
0.305427	-0.870416	5193	
0.268237	-0.117643	5373	
0.218483	0.520669	3353	
-0.241309	0.269687	5276	
0.243873	-0.108924	269	
0.053500	0.953811	1277	
-0.208353	-0.668576	1606	
0.414376	-0.520014	2043	
0.324950	-0.616503	1627	
-0.619885	-0.608543	2804	
0.549515	0.707108	3300	
0.463394	-0.031191	4339	
0.827485	-0.269291	561	
0.479030	-0.742233	3788	
0.905533	0.167035	3976	
0.329112	0.301910	5403	
0.044394	0.239161	516	
0.143797	0.469657	4380	
-0.667892	0.440424	3214	
0.966381	0.221319	5287	
0.453649	-0.342710	1956	
-0.529090	-0.752629	3380	
-0.443287	-0.345348	737	
0.155817	0.428737	5660	
-0.217453	0.785439	3974	
0.109849	0.985798	2128	
0.685192	-0.505735	2972	
0.796052	-0.090367	2399	
0.808339	-0.268057	561	
0.643067	-0.389469	722	
-0.350521	-0.554259	834	
0.095054	0.819812	3182	
0.689993	0.166395	1698	
-0.334972	0.340577	3877	
0.113730	0.724184	591	
-0.590540	0.010267	880	
0.561290	0.429947	2812	
-0.615568	-0.683917	5488	
-0.619076	0.609504	3063	
0.253949	-0.714549	2886	
0.057553	0.823186	3806	
-0.405880	0.434743	2202	
-0.905691	0.164697	4358	
-0.840229	-0.375414	2707	
0.735348	0.177326	2285	
-0.812514	-0.308383	3759	
-0.355533	0.556710	438	
0.936176	-0.181472	788	
0.280164	0.120745	5474	
-0.845095	0.364760	5541	
0.344410	-0.775629	1586	
-0.456170	-0.799277	2768	
0.663931	-0.087182	1762	
-0.084202	0.227498	487	
-0.531894	0.575076	2462	
-0.426689	0.676176	3215	
0.621622	0.054083	1133	
0.339849	-0.589980	3559	
0.765916	0.248848	2459	
0.406583	0.202946	2950	
0.466197	0.162065	3948	
-0.169390	0.487181	956	
0.109360	-0.563400	653	
-0.056709	0.221004	707	
0.657876	-0.009065	2289	
-0.063659	0.853442	5591	
0.455456	-0.289460	1642	
-0.855035	0.340227	2913	
0.362381	-0.547296	1578	
0.922660	0.240644	534	
-0.199089	-0.736254	5348	
-0.548015	0.185706	2509	
-0.105417	-0.311709	4303	
0.306146	0.040534	2532	
0.438459	0.030168	4608	
-0.547176	-0.233536	2520	
0.118856	0.499537	4206	
-0.466291	-0.793473	2768	
0.352596	-0.191639	2796	
0.324337	0.670901	2323	
0.952863	0.034746	4934	
0.170413	0.175298	5132	
-0.012348	-0.402082	4903	
0.335884	0.020296	2279	
0.152822	-0.224619	4982	
-0.939216	0.165364	546	
-0.272753	-0.605568	1362	
0.314839	0.118589	2694	
-0.055767	-0.708951	4219	
0.668729	-0.633154	5573	
-0.556266	0.774965	320	
-0.384005	-0.347313	4479	
-0.142799	-0.686821	5148	
0.309501	-0.538947	646	
-0.070096	0.227988	487	
-0.444478	0.844348	3998	
-0.369618	-0.787551	3849	
0.677580	-0.516118	3274	
0.224543	0.578344	4013	
-0.398134	0.831323	5065	
-0.747268	-0.276732	2410	
0.123199	0.501580	5732	
-0.741762	0.453482	2917	
0.637142	-0.482452	2899	
0.372010	0.221685	3093	
-0.660956	0.360391	2127	
-0.783369	-0.163846	5003	
-0.039474	0.371951	4196	
-0.088261	0.876364	4060	
0.597841	0.460555	5158	
0.146863	-0.325303	3826	
-0.513214	-0.480387	1852	
-0.767917	0.183802	2603	
-0.532238	0.503136	5332	
0.356058	0.594027	3814	
-0.088301	0.391150	4410	
0.457436	0.006315	4266	
-0.626110	0.105506	2103	
0.347589	0.577797	3814	
0.491364	-0.019821	2479	
0.208279	0.232824	3725	
0.745640	0.081293	1756	
-0.781191	-0.179606	2463	
0.420358	0.762636	3043	
0.465464	-0.795519	3854	
-0.543695	-0.187832	2696	
0.377515	-0.545122	1578	
0.399706	0.208830	3367	
0.689731	-0.712040	3834	
-0.360603	-0.424361	4675	
0.545121	0.519832	5349	
-0.830924	-0.145832	2070	
-0.661299	-0.087551	5256	
-0.266217	-0.882934	4897	
0.675619	-0.196148	1837	
0.319685	0.784819	354	
-0.741042	0.079965	4584	
-0.524765	-0.587658	5675	
0.561217	-0.817416	634	
0.268976	0.529950	5415	
0.125099	-0.631497	4322	
-0.024604	0.819799	3883	
-0.385172	-0.577295	3800	
0.561271	-0.144324	3830	
0.565268	-0.659042	4763	
-0.021296	0.819273	3883	
0.277325	0.258138	5484	
-0.428823	0.507856	3362	
0.660582	0.365461	2199	
-0.652644	-0.238997	2467	
-0.080450	0.224800	487	
-0.221466	-0.702118	3952	
0.990625	0.044336	4778	
-0.319234	-0.610198	3932	
-0.702642	0.381701	3158	
-0.133003	0.912503	638	
-0.829949	0.260599	2896	
-0.423212	-0.587261	3461	
-0.103874	0.809729	4467	
0.354094	-0.280603	4915	
0.732708	-0.034634	2272	
-0.821916	-0.221253	2777	
0.289579	-0.350274	1486	
0.546631	0.388192	3104	
0.741660	0.303209	3166	
0.399501	0.631412	5350	
0.863264	-0.128125	759	
0.481947	0.314479	2736	
-0.757053	-0.245809	2540	
0.343861	-0.039439	2134	
0.486372	0.256134	3074	
-0.208553	0.931606	515	
0.612815	0.513882	5190	
0.883137	-0.045799	2384	
0.144272	0.679316	5105	
-0.136586	0.428674	4275	
0.517680	-0.382969	4985	
0.306811	-0.128387	2743	
-0.549452	0.589429	3069	
0.302595	0.212377	5486	
0.319599	0.648609	3450	
0.679846	-0.511709	3274	
0.331133	0.512031	1260	
-0.294830	-0.736734	1280	
0.537763	-0.225181	4692	
0.726264	0.482645	315	
0.009263	0.821060	4161	
0.143760	0.679667	5105	
0.386397	-0.105582	460	
0.663636	-0.736484	4470	
0.035346	0.954765	3651	
0.063248	-0.684300	1341	
-0.904075	0.302892	622	
-0.077595	-0.921533	690	
0.141937	0.332863	4887	
-0.683093	0.406239	2787	
-0.873220	-0.290025	4111	
0.284596	0.513552	279	
-0.411517	-0.541870	3611	
0.670954	-0.201759	1837	
0.279768	0.212811	5232	
-0.302434	-0.564134	4997	
-0.471973	-0.478225	3851	
-0.085068	0.388394	4410	
0.367094	-0.210198	5270	
0.165446	0.502051	5161	
0.337103	-0.022644	2351	
0.748759	0.285660	3196	
-0.413971	-0.388984	4904	
-0.081673	-0.337900	4328	
-0.782396	0.327707	2493	
-0.596828	0.744062	729	
0.228512	0.775384	2625	
-0.007182	0.819859	3883	
0.064347	0.243289	4596	
0.253406	0.258346	3597	
-0.532743	-0.590637	5490	
0.114823	0.494545	4206	
0.617905	-0.060764	4684	
-0.536997	-0.258753	2706	
0.177873	0.301924	4179	
0.198184	-0.836006	1075	
0.743815	0.596606	250	
0.388553	0.216210	3367	
0.382101	-0.219822	5270	
-0.065495	0.404911	1605	
0.632164	0.600999	4755	
-0.243194	0.327283	5334	
-0.565153	0.273009	4685	
-0.259004	0.384201	267	
0.230405	-0.556402	4314	
-0.700048	0.647378	993	
0.024602	-0.954702	1190	
0.276053	0.468992	1141	
-0.691078	0.149034	5576	
0.268473	0.056244	4791	
0.159417	-0.352034	1279	
-0.581295	0.091528	2061	
0.199405	-0.785723	3664	
0.043272	0.954400	495	
-0.736079	-0.552188	5447	
0.114650	0.489615	5732	
-0.701659	-0.233584	2286	
0.107394	-0.808548	4681	
0.239392	0.145157	276	
-0.677058	0.286784	3094	
0.042315	0.302165	962	
0.796758	-0.349213	937	
0.420789	-0.013929	4607	
-0.648070	-0.384794	1844	
0.538516	0.224301	2530	
-0.589419	-0.706556	5340	
0.351277	0.801789	4245	
0.200335	-0.733016	2436	
-0.168454	-0.320396	840	
-0.694579	0.396377	3158	
0.301884	-0.795537	4128	
-0.153438	0.528544	4276	
-0.034188	-0.857562	3553	
0.846491	0.099409	2422	
0.165577	-0.628026	314	
0.404468	-0.154469	4439	
0.916807	-0.086317	1102	
-0.628637	-0.599858	2804	
0.825393	-0.477497	2046	
0.498298	0.019953	2501	
0.462115	-0.441882	3432	
0.029234	-0.484038	4003	
0.333317	0.205938	2431	
0.180056	0.505770	827	
-0.801995	-0.004596	2444	
0.241369	-0.122787	269	
-0.926187	-0.227254	1539	
0.797336	-0.589022	2215	
-0.189591	-0.383437	5307	
0.824843	-0.408723	5017	
0.242261	-0.192216	5651	
-0.382627	0.707511	4713	
0.914095	0.111273	5504	
-0.224981	0.784374	3974	
-0.210464	0.733140	2909	
-0.624457	-0.508120	706	
0.664921	0.683279	5061	
-0.585924	-0.799877	3513	
0.345065	0.356332	4567	
0.023502	-0.509989	4881	
0.404757	0.863673	1098	
-0.547302	0.076196	2391	
0.241635	-0.191805	5651	
0.330374	-0.373772	1478	
-0.176823	0.743747	2468	
-0.049213	-0.990715	3424	
0.283698	0.249762	5691	
0.886831	0.350080	4533	
-0.666422	-0.363563	2179	
0.231462	-0.925602	396	
0.486270	-0.037229	2355	
0.651633	0.340706	1918	
-0.586603	0.388479	3417	
0.594657	0.077075	3884	
-0.452082	-0.652762	1506	
0.111575	0.798169	1481	
0.470767	-0.078111	974	
-0.800586	0.518003	5184	
-0.027799	-0.924577	5564	
-0.364968	-0.761625	3324	
0.366506	-0.165125	5449	
0.888924	-0.238780	292	
0.507635	0.609528	3216	
0.567825	-0.812833	634	
0.071142	0.817653	3806	
-0.138415	0.699377	3510	
-0.460639	0.835536	5134	
0.417909	-0.054386	3938	
0.411702	0.683449	867	
0.316573	-0.939700	1570	
0.415360	0.192817	2950	
0.299622	-0.748878	950	
0.740823	0.600361	749	
-0.638939	0.559410	2000	
0.460564	-0.597313	1348	
-0.424684	-0.670073	4329	
0.113785	0.492979	4206	
0.744416	0.111690	1601	
0.262479	-0.275667	3017	
-0.450615	0.803586	4083	
0.400459	-0.103033	4278	
-0.309975	0.740146	4649	
0.581987	-0.177712	1456	
0.941433	0.152655	5367	
0.475840	0.133489	4452	
0.167869	-0.660006	5363	
0.584327	-0.190797	983	
-0.420352	0.739900	1734	
0.372985	-0.275800	4889	
-0.859776	-0.412445	5667	
0.406705	-0.566115	770	
0.331486	0.355121	4567	
-0.677762	0.670709	416	
0.276546	-0.704794	3277	
0.902294	0.308364	968	
0.621527	-0.018341	3711	
-0.561010	0.162546	2509	
0.065141	-0.596695	5102	
0.485311	0.488674	3669	
-0.043971	0.818170	3223	
-0.717900	0.346821	2776	
0.251530	-0.119261	269	
-0.651470	-0.371485	1995	
0.259527	-0.884309	5581	
-0.337573	0.317757	4438	
0.419480	-0.199468	1700	
0.397882	0.908203	3313	
0.430941	-0.666156	3383	
-0.058149	-0.708981	4219	
-0.074723	0.952219	493	
-0.724546	0.329850	3060	
-0.787184	0.145854	2649	
0.801377	0.019374	2686	
-0.037862	-0.924145	5564	
0.617280	0.046273	1133	
-0.532131	-0.104321	2554	
0.543623	0.004801	2460	
-0.095110	0.849248	1484	
0.444453	0.125965	4097	
-0.335248	0.340568	3877	
0.418254	0.735601	1987	
0.192286	-0.837074	1075	
-0.496889	0.538371	1673	
0.587177	-0.010239	3929	
0.389404	0.085431	1967	
0.409172	0.564439	3400	
0.192113	0.430808	538	
0.253620	-0.605328	357	
-0.387561	0.583571	1320	
0.211479	0.572690	1511	
0.920114	0.037325	2320	
-0.592418	0.231758	4149	
-0.401939	0.702071	3858	
-0.686110	-0.310485	2757	
0.474022	-0.747952	3788	
0.281034	0.168184	1231	
0.373754	-0.918397	1702	
0.019619	0.921514	5523	
0.316278	0.900260	1161	
0.656377	-0.056103	2144	
-0.294495	-0.746621	1280	
-0.620617	-0.182601	3698	
0.392373	-0.758771	5452	
-0.814478	-0.428113	5153	
-0.581735	0.247466	4149	
0.142491	0.382771	4657	
0.060453	0.780134	338	
0.446773	0.111640	4097	
0.265246	0.883809	5657	
0.069481	-0.613320	1319	
-0.350131	-0.389364	4186	
0.452546	0.651582	691	
-0.679043	-0.001467	2367	
0.849718	-0.059886	2354	
0.070914	-0.489887	5000	
0.246077	-0.821624	1925	
0.439043	-0.847421	1045	
0.252145	-0.147735	764	
0.501887	0.439867	2952	
0.447130	-0.062933	4247	
-0.567756	-0.812889	3513	
0.931716	-0.202917	556	
-0.163510	0.489569	956	
0.043043	0.902497	3622	
0.633524	-0.418566	722	
0.215167	0.096485	409	
0.233908	0.819718	3894	
-0.264335	0.365475	1375	
0.453878	0.742454	1662	
-0.674095	0.674413	416	
0.368542	0.115740	1854	
0.402134	-0.331671	3148	
-0.945570	-0.125033	5595	
0.066618	0.176419	1240	
-0.256220	-0.381454	1197	
0.076393	-0.616784	1319	
0.834373	0.173120	2958	
0.856252	-0.499549	2227	
0.492900	0.323990	2736	
-0.401221	-0.405215	4904	
-0.520468	0.423297	3825	
0.165172	0.233634	421	
-0.935214	-0.187375	1259	
-0.598064	0.124682	1871	
-0.524867	-0.658424	3563	
0.000179	-0.924793	5662	
-0.682514	-0.416532	1983	
-0.692596	-0.293772	2889	
0.419625	0.277115	1804	
-0.783066	0.168291	2603	
-0.689673	-0.406777	2208	
0.383120	-0.162889	4409	
-0.864736	-0.093992	2126	
0.224419	-0.776312	1048	
0.453915	-0.220448	1276	
0.246028	0.310448	1843	
-0.219178	-0.703549	3970	
0.376970	-0.529886	1682	
0.518078	-0.229111	2737	
-0.618767	0.429247	2711	
0.399107	0.483527	2327	
0.658468	-0.245520	1690	
-0.075947	-0.921585	4847	
-0.793029	0.154021	2649	
-0.622074	-0.606500	2804	
0.598580	-0.045226	1091	
-0.181025	-0.377372	5307	
0.339893	-0.287917	4136	
-0.558898	0.371131	3575	
0.346248	0.713369	1296	
0.430019	-0.407095	1935	
-0.446169	-0.518227	4822	
-0.857520	0.170255	3174	
-0.743646	0.297853	2780	
-0.084348	0.612650	1150	
0.144759	0.243826	5066	
0.470168	0.123067	4386	
-0.495985	0.815054	5685	
0.383372	0.753344	1684	
0.511059	0.116192	2562	
0.587546	0.216333	3481	
-0.428921	0.478815	3278	
0.874847	0.286041	1659	
-0.548783	-0.673085	420	
-0.563285	0.058663	4481	
0.335894	-0.678407	3062	
0.867223	-0.308974	468	
-0.848829	0.192045	3180	
-0.141621	0.698563	3510	
-0.532472	0.001441	2456	
0.235632	-0.824973	1780	
0.363567	0.132664	2955	
0.250954	0.813888	3894	
-0.660741	0.025047	2341	
0.404346	-0.082941	2371	
-0.124629	-0.155620	719	
0.645144	-0.203773	1913	
-0.519981	0.800059	1541	
0.582887	-0.552146	3028	
-0.836060	-0.157802	2070	
0.299150	0.871901	4576	
-0.908886	-0.145703	2350	
0.334151	-0.593145	3559	
-0.401622	-0.440090	4401	
-0.678115	-0.622034	3587	
0.367351	0.247424	2574	
0.137574	0.797512	4749	
0.762061	0.247709	2459	
0.695145	-0.524103	3566	
-0.567049	0.251837	5012	
-0.405559	-0.321673	4203	
-0.783023	0.422194	3507	
-0.278280	0.258238	3125	
-0.003701	0.288230	1897	
0.794102	-0.465400	3173	
0.279448	-0.191563	3988	
-0.121547	0.273056	4519	
0.065034	-0.594940	5102	
-0.036070	-0.445820	1305	
0.782154	-0.415524	2863	
0.183315	-0.904832	377	
0.496130	-0.567571	1710	
-0.259108	0.528657	4078	
0.616995	-0.587216	3341	
-0.376084	0.330797	4279	
0.432922	-0.240893	1384	
-0.244173	-0.384774	1197	
0.569929	-0.811367	634	
-0.120284	0.473432	1023	
-0.368927	0.880165	3797	
-0.478093	0.321604	1462	
0.050413	-0.923153	4560	
0.800782	-0.082741	2399	
0.291799	-0.076400	5268	
0.341318	-0.718984	4782	
0.336963	-0.373550	1478	
-0.332802	0.713720	5198	
-0.945730	-0.123703	5595	
0.589165	-0.616500	3421	
-0.806923	0.294589	2553	
-0.239545	-0.962404	1493	
0.285378	-0.352550	1486	
0.783812	-0.332155	1239	
0.774633	0.218605	2728	
0.505609	0.309206	2872	
-0.140002	-0.695713	5305	
0.343066	-0.855975	5375	
0.433219	0.394676	1475	
-0.249300	0.249767	3496	
-0.769354	-0.563434	4528	
0.237085	0.692671	3861	
-0.161308	-0.365125	5010	
0.033348	0.446795	1696	
-0.121266	-0.158120	1908	
-0.953690	-0.021349	5070	
0.170427	-0.400407	375	
-0.480653	0.824316	3962	
0.118976	0.493283	5732	
0.629739	-0.565250	3222	
0.568031	-0.547119	2417	
-0.828070	0.472720	1585	
0.240411	0.310174	1843	
0.679225	0.282172	2760	
-0.628686	0.112393	2103	
0.341017	-0.720201	4782	
-0.153980	0.426144	3453	
-0.762125	0.515834	1521	
0.174320	-0.743379	3715	
0.354579	-0.668038	2962	
0.345444	0.182491	2996	
0.347867	0.120563	2945	
0.161192	0.701379	3169	
0.986589	-0.096690	618	
-0.788131	0.166724	2603	
-0.143554	0.277401	4061	
-0.275833	-0.312369	4964	
-0.457392	-0.276080	1885	
0.579693	-0.716227	5188	
0.893771	-0.428847	2237	
0.818671	0.235971	2525	
0.041823	-0.317202	4936	
-0.014478	-0.819035	2257	
0.338807	0.487347	1152	
0.403892	-0.101980	1255	
-0.724022	0.210013	3185	
0.034608	-0.916789	4686	
-0.608554	-0.267698	2999	
0.493980	-0.777967	3260	
-0.048360	-0.890442	4500	
-0.183096	-0.510666	367	
0.970019	0.205021	5287	
0.647670	-0.750610	4989	
-0.000929	0.820753	4161	
0.177681	0.686641	5338	
-0.256900	-0.569149	274	
0.381611	-0.586492	334	
-0.142166	-0.694915	5148	
0.347324	-0.047301	2138	
-0.114691	0.948060	558	
0.307768	-0.259991	3519	
0.728304	0.190118	1845	
-0.090597	0.428711	1557	
-0.522977	-0.311407	2795	
0.577652	0.644851	3657	
0.990990	0.035253	4778	
-0.527838	-0.276585	2769	
0.448287	0.080488	4412	
-0.709647	0.173438	2244	
0.796076	-0.089422	2399	
0.046042	-0.990846	1549	
0.563979	-0.177831	1456	
0.052597	-0.528395	3839	
-0.121458	-0.157883	719	
0.500301	0.053547	2382	
-0.008353	0.955211	1273	
-0.536998	-0.256558	2706	
-0.194523	0.263034	5467	
-0.586407	0.474234	486	
-0.564658	-0.191401	2106	
0.342753	-0.720001	4782	
0.240982	0.149500	276	
0.347274	-0.094241	458	
-0.708075	-0.237091	2665	
0.520633	-0.699103	5487	
0.439646	0.215011	3697	
0.309244	0.813342	4857	
0.135261	0.451273	4944	
0.706957	0.384260	2491	
-0.278123	-0.406214	1740	
-0.505810	-0.467224	1852	
-0.804393	-0.510454	1693	
0.288805	-0.806457	4128	
-0.017158	-0.820594	1200	
-0.533528	-0.068838	2337	
0.719504	-0.492150	3318	
0.852079	0.024260	2848	
-0.263526	-0.883796	5030	
0.333625	0.933775	1550	
-0.086472	-0.988173	1560	
0.348506	0.294948	884	
-0.870945	-0.296833	3777	
-0.288415	-0.874914	1961	
-0.619127	0.105138	2103	
0.603140	-0.129301	3497	
0.231466	-0.826545	1780	
0.384196	0.836611	301	
-0.295756	0.422048	668	
-0.096970	0.244856	5036	
-0.701200	-0.481094	2689	
-0.343259	-0.854876	3578	
0.117531	-0.947568	4415	
0.798793	-0.081879	2399	
0.722377	0.679192	3492	
-0.200119	-0.842848	5121	
-0.575557	-0.168906	2321	
-0.580157	0.757222	1122	
0.781363	-0.325438	1239	
0.065293	0.818873	3806	
0.143567	0.363350	4657	
0.793844	-0.278985	1264	
-0.559928	0.731304	649	
0.549869	-0.479915	5635	
0.373626	0.428696	3531	
0.649363	0.698337	4387	
0.921109	0.008603	5492	
-0.516330	-0.170041	3097	
-0.503097	-0.770471	3228	
-0.406241	-0.694965	5717	
0.070601	-0.489822	5000	
-0.725019	-0.351433	2672	
-0.559092	-0.133593	2591	
0.276367	-0.144557	3833	
0.350650	0.848887	5127	
-0.534280	0.431819	3033	
-0.518583	-0.245217	2951	
-0.256197	0.816744	803	
0.471508	0.026934	4288	
0.566638	0.563568	2988	
0.710535	0.691632	3492	
-0.828203	0.280398	2761	
0.810014	0.263985	2475	
0.385941	-0.274348	4885	
0.136705	0.312736	5448	
-0.461253	0.303399	1330	
-0.626609	0.056849	844	
0.330609	-0.154262	2977	
-0.005019	-0.880173	4096	
0.236323	-0.265525	506	
-0.182040	0.480581	956	
-0.320674	-0.406951	4350	
0.484008	-0.652901	4599	
-0.733998	-0.175824	2206	
-0.736141	0.605080	717	
-0.208416	0.826426	4758	
0.157882	-0.408149	266	
0.895859	-0.326837	617	
0.060541	-0.568477	4846	
0.688414	-0.407685	4477	
0.193625	0.163433	928	
0.403753	0.085848	1876	
-0.701719	0.259596	2930	
0.250973	-0.135957	764	
-0.595885	-0.792493	1796	
-0.397348	-0.830653	4981	
0.367372	0.231710	2574	
0.557273	0.636691	3308	
0.383563	0.423717	3660	
-0.294801	0.291333	3291	
0.530746	0.288563	2815	
-0.953448	-0.028950	5070	
0.554702	0.415533	2812	
-0.616754	-0.611417	2375	
-0.048911	-0.421590	3107	
-0.275667	0.336054	3105	
0.451634	0.497612	4922	
0.935202	-0.329213	2228	
0.502643	0.711364	2161	
0.150792	0.682759	720	
0.388793	0.681037	2627	
0.138249	-0.323878	3371	
0.103973	0.218130	5694	
-0.949973	0.084352	1628	
0.011672	-0.298399	4363	
-0.863879	0.107398	2791	
0.434758	0.848972	1784	
0.295383	-0.393747	982	
0.448870	-0.805018	3854	
-0.530713	-0.155397	2688	
0.470680	-0.872713	1553	
-0.410194	-0.406168	4542	
0.805715	-0.067031	2377	
-0.869592	-0.025971	814	
0.432468	-0.241259	1384	
0.448645	-0.343446	1956	
0.239836	0.143194	276	
-0.906527	0.295602	4118	
0.372606	0.221592	3093	
-0.874101	0.381273	5632	
-0.102832	0.427050	3472	
-0.708955	-0.693109	3475	
0.385858	0.836621	301	
-0.840491	0.111746	2557	
-0.365492	0.376860	3490	
0.802058	0.286752	2937	
-0.465039	-0.635633	1899	
-0.276393	0.685627	1163	
0.211740	-0.846962	2450	
-0.465025	0.833153	5134	
0.440737	-0.237186	1384	
-0.453432	0.787548	3335	
-0.862728	-0.114295	2190	
-0.311509	0.390482	1419	
-0.550509	0.187021	2509	
-0.578058	-0.381611	1374	
0.277296	0.699340	4341	
-0.295194	-0.415462	1084	
0.114258	0.489374	5732	
0.498998	0.560347	3382	
-0.548068	0.167383	2509	
0.560120	-0.228820	1378	
-0.286839	-0.454636	1072	
0.221622	0.966725	3639	
0.606022	-0.525989	2797	
-0.437921	-0.666300	3142	
-0.231106	0.525105	1525	
-0.469619	-0.304087	4563	
0.549702	-0.779610	5050	
0.509189	-0.052256	2355	
0.293943	0.746312	1917	
-0.358285	0.336810	4725	
0.377564	0.876006	4502	
0.348616	0.852630	5127	
0.269934	0.250167	5691	
-0.574942	-0.458185	2908	
0.068063	0.350857	4770	
0.880512	-0.366120	2242	
0.216127	-0.737930	3199	
0.200242	-0.122150	444	
0.433333	-0.684015	3383	
-0.225961	-0.293428	4242	
0.455072	0.592821	3436	
0.450287	0.416289	3243	
-0.848749	-0.192183	2555	
0.599096	0.535846	2669	
-0.888198	-0.234392	2334	
0.123232	0.501785	5732	
-0.766234	0.173556	2418	
0.172539	-0.628367	314	
-0.949722	-0.089284	5336	
0.269484	-0.580986	3693	
0.716632	0.347454	2845	
-0.148312	-0.676880	774	
0.160672	-0.398243	266	
-0.790253	0.297873	2553	
0.969898	-0.205841	335	
-0.565117	0.768687	1122	
0.781370	-0.546641	3897	
0.612007	0.515170	5190	
0.193390	0.174502	928	
-0.890430	-0.341826	5598	
0.031225	-0.594308	3560	
0.105202	-0.986240	4418	
-0.437105	0.724878	4165	
0.257051	0.525986	4564	
0.810815	0.434247	3036	
0.009137	0.781153	3390	
0.710280	-0.389255	312	
-0.783698	0.162680	2603	
0.740501	0.451571	302	
0.170668	-0.836617	1075	
-0.777215	0.493217	4642	
-0.706942	-0.505551	2594	
-0.858157	0.415626	899	
-0.151119	0.358433	4414	
-0.174881	-0.907060	5079	
0.318503	-0.794691	4979	
0.616461	-0.016911	3910	
-0.573049	-0.638109	2379	
0.990331	-0.045082	2239	
-0.041377	0.954343	402	
-0.205119	0.735065	2909	
-0.418534	-0.771413	581	
-0.626557	-0.335101	1714	
0.625287	-0.624595	3253	
0.795635	-0.124438	2466	
-0.655169	-0.111708	5247	
-0.450752	0.259668	1639	
-0.727987	0.307365	2827	
-0.170596	-0.907946	5079	
0.696347	-0.481058	3318	
0.744940	-0.288926	2096	
0.795946	0.353652	3073	
0.309541	0.029810	2532	
0.628680	-0.603696	3341	
-0.838502	-0.251402	3620	
-0.447277	0.722183	4165	
0.328416	-0.395555	847	
0.527264	-0.755645	2638	
-0.866939	-0.075896	2126	
-0.658628	-0.366958	1844	
-0.346681	0.387148	1856	
0.100980	-0.986665	4418	
0.323016	-0.457745	1242	
0.477955	-0.257749	1425	
-0.916809	0.083845	2415	
0.478278	-0.050103	4606	
-0.699784	-0.478411	2689	
0.510887	-0.218741	1706	
0.293420	-0.032489	714	
0.455294	-0.601102	1348	
0.643037	0.754847	1715	
-0.382369	0.784658	2394	
-0.823900	-0.211954	2777	
0.459872	-0.368603	1667	
0.498944	0.053602	2382	
0.850949	0.351328	4898	
-0.605213	-0.504903	939	
0.991172	-0.017084	574	
0.527516	0.391729	3103	
0.460260	0.159550	3948	
0.078096	0.359943	4802	
0.154043	0.505787	910	
0.659655	0.369257	1981	
0.116905	0.491198	5732	
-0.480582	0.642470	3012	
0.343891	0.215374	2431	
0.389128	-0.084944	2254	
-0.588650	-0.365924	1177	
-0.032189	0.396199	1082	
0.919652	0.047194	2320	
-0.340670	-0.780562	3261	
0.589007	-0.633108	2169	
0.427789	0.383193	1572	
0.284059	0.407213	3758	
0.312794	0.227088	5405	
0.129052	0.915075	278	
0.729494	0.427169	2243	
-0.854439	0.341918	2913	
0.805763	0.445560	3036	
0.217149	-0.015928	796	
-0.318531	0.340386	3986	
0.666544	-0.351954	1861	
0.165160	-0.538290	735	
0.504619	0.621813	3216	
0.122113	0.237841	5440	
0.459186	0.293400	1882	
-0.729544	0.329423	3060	
0.583374	-0.315806	1748	
0.406858	0.202515	2950	
-0.859727	-0.135044	2110	
-0.016526	-0.701401	5339	
0.212673	-0.060526	2153	
0.649929	-0.233293	1485	
0.248921	0.336459	4404	
0.479112	0.166002	3508	
0.047519	-0.814352	4810	
-0.781170	0.154310	2603	
0.078209	0.379450	3913	
0.459254	0.376839	2710	
-0.599925	-0.697554	5519	
0.487329	-0.781195	3260	
0.428279	0.672902	1532	
0.271494	0.066000	4791	
0.949343	0.089233	1101	
-0.373410	0.379489	3490	
0.350483	0.105060	2810	
0.758758	0.239559	2459	
-0.002419	-0.432396	5057	
0.125825	-0.583548	3372	
0.400342	-0.211720	5246	
-0.531489	-0.537772	4835	
-0.263790	-0.759778	991	
-0.114094	0.289940	4295	
0.661401	0.363108	2022	
-0.750793	-0.532190	4703	
0.721952	0.371363	2491	
0.470307	0.644408	2629	
0.430212	-0.668819	3383	
-0.673706	0.627324	3334	
-0.676089	0.109210	2213	
-0.070600	0.814986	5659	
0.154659	0.909163	3705	
0.406569	0.089011	1876	
0.145508	-0.630470	4385	
0.134494	-0.393114	316	
-0.041033	0.355301	5291	
0.227856	0.391630	879	
-0.402561	0.337042	3624	
-0.492023	-0.407582	2976	
0.461842	-0.526664	4738	
0.279849	-0.372694	893	
-0.655257	0.367875	2127	
-0.185824	-0.748124	5348	
0.646865	0.390354	1849	
0.953483	-0.014114	574	
-0.486363	-0.696771	2753	
0.140794	0.401943	960	
-0.105756	0.949041	558	
-0.615606	0.230410	4384	
0.558652	0.067287	2595	
0.432951	0.213637	3365	
-0.274495	-0.829069	4636	
0.339471	-0.066075	455	
-0.259210	-0.770892	758	
0.115340	0.495345	4206	
0.292924	-0.028520	714	
0.290139	-0.030125	714	
0.375993	-0.053439	2269	
0.647445	0.386436	1849	
0.388894	0.871054	4502	
0.848103	-0.080526	2386	
0.448321	0.292062	1774	
0.205550	0.125369	341	
0.312092	0.085239	2615	
0.690469	0.304688	2874	
0.245479	0.295115	2036	
0.381661	0.167213	2404	
0.277292	0.913257	4899	
0.157244	-0.532700	735	
-0.813412	0.237347	2822	
-0.441225	-0.663384	1506	
-0.727166	0.477241	2865	
0.115337	0.495377	4206	
0.426489	0.132368	3842	
0.140932	0.683201	5105	
-0.025879	0.777501	4214	
0.395117	-0.909417	1702	
-0.073227	0.710277	3438	
0.109967	0.209211	1453	
0.738309	-0.411729	300	
-0.281022	0.388315	1210	
0.745932	-0.593945	1235	
0.618710	0.122497	1292	
0.777153	-0.552259	3897	
-0.029360	0.692314	731	
0.397945	-0.756142	4265	
-0.783240	0.036032	2316	
-0.551129	0.640062	3363	
-0.301675	0.391298	1419	
0.753884	-0.023671	2360	
0.320506	0.026980	2564	
0.378238	0.097262	1695	
0.161849	-0.551147	1474	
-0.608193	-0.529302	939	
0.606790	0.361964	2453	
0.561329	-0.253115	1109	
-0.171822	-0.843128	4213	
0.809632	0.437741	3036	
-0.545731	-0.423904	2840	
-0.086708	0.317208	1565	
0.367066	0.075152	1967	
0.159230	-0.312186	3826	
0.565509	-0.131451	3830	
-0.455184	-0.740465	4051	
0.848902	-0.192473	307	
-0.281247	-0.602665	1362	
0.247490	0.767704	3776	
0.825148	-0.549493	3879	
0.349111	0.506180	1367	
0.465443	0.207014	3887	
-0.193741	-0.789203	2973	
0.122419	0.498804	5732	
0.832865	-0.176740	262	
0.218617	-0.788615	522	
0.612243	0.406188	5420	
0.447531	-0.323901	1302	
-0.085055	0.334925	932	
-0.614447	-0.684788	5488	
0.555234	-0.160903	1204	
-0.186108	-0.862975	4273	
0.306795	-0.691029	3269	
-0.175616	0.434881	3177	
-0.778812	0.386796	2324	
0.957876	-0.256062	2220	
0.218560	0.093152	409	
0.335507	0.090992	2785	
0.854263	-0.423416	5680	
0.414858	-0.096828	1255	
0.298560	0.688230	408	
0.312983	0.049117	2532	
0.202637	0.674046	1458	
-0.727728	0.196021	2244	
-0.135958	-0.913138	281	
0.708672	0.199750	1590	
0.402016	-0.513249	2043	
0.664061	-0.532026	3615	
-0.219833	0.847449	2575	
-0.731788	0.296788	2780	
0.304481	-0.281730	3519	
-0.119925	-0.159176	1908	
0.470386	-0.067329	4863	
-0.371523	-0.919216	5135	
0.560687	-0.468967	5683	
0.262328	0.500289	3263	
0.350285	0.325184	640	
0.428026	-0.067240	3938	
0.685575	0.413968	1829	
0.308641	-0.539271	2079	
-0.120385	-0.158706	719	
0.792939	0.061610	2725	
0.133099	-0.809995	5456	
-0.054757	0.244250	1321	
0.565627	-0.506401	4369	
-0.121087	0.387807	5652	
0.139324	-0.381766	316	
-0.354686	0.337624	3877	
0.666086	0.357333	2022	
0.490658	0.542598	4987	
-0.317763	-0.610756	3932	
0.575671	0.552792	2988	
-0.201039	0.781062	3882	
0.377945	-0.104604	460	
0.575326	0.046061	4459	
0.454237	0.647937	691	
0.422855	-0.498135	2847	
-0.583731	0.548673	3143	
-0.202796	-0.673172	1606	
-0.141535	-0.683088	5148	
0.569851	-0.723944	2150	
0.217089	-0.002262	796	
-0.259128	-0.384867	1197	
0.619992	0.262653	2733	
0.406278	-0.153446	5565	
-0.855998	0.334681	2913	
0.195051	-0.223877	926	
0.695701	0.651902	3431	
-0.279677	0.912663	4790	
0.769586	-0.563067	5075	
0.197208	-0.675564	4977	
-0.914430	-0.105225	5204	
-0.122664	-0.156998	719	
0.766263	-0.369393	414	
0.568897	-0.627311	3501	
-0.319363	-0.728916	4290	
-0.012963	-0.428655	4557	
-0.766378	-0.232326	2540	
0.466651	0.729276	1662	
0.341855	0.292381	884	
0.269021	0.473642	1141	
0.169774	-0.249472	423	
0.133213	-0.295592	4073	
0.170042	0.255085	4195	
0.777226	0.552316	905	
-0.071330	-0.810522	388	
-0.400432	0.438056	2202	
0.730108	-0.081946	2098	
-0.171004	-0.510207	367	
-0.123378	-0.775577	465	
-0.124161	-0.155942	719	
0.654825	0.375073	1849	
0.715665	0.170178	1691	
0.436181	0.304288	2015	
-0.829904	-0.156559	2070	
-0.157053	-0.746044	769	
0.246818	-0.157823	764	
0.460520	-0.040434	4863	
0.847388	0.436940	365	
0.626185	0.073789	3571	
-0.161212	0.615385	379	
0.673249	0.552590	3366	
0.831599	0.394586	1836	
0.432742	0.607505	804	
0.618449	-0.206556	2010	
0.247903	0.208150	3218	
0.450629	0.350816	1575	
-0.398522	-0.830057	4981	
0.182427	0.202749	4893	
0.835861	0.533315	3928	
0.300165	0.532491	481	
-0.339860	-0.780859	3261	
-0.066373	0.564957	1086	
0.725415	0.618748	5561	
0.210059	-0.556952	4314	
0.458240	0.183195	3508	
-0.476087	0.646101	3454	
-0.352863	0.558323	438	
-0.121334	-0.158068	1908	
-0.390695	-0.703572	1407	
0.384962	-0.872932	1830	
-0.128247	0.443992	2419	
-0.144808	-0.679375	5148	
0.309469	0.223084	5405	
-0.899475	-0.316480	3768	
0.342891	0.000026	2279	
-0.403506	0.710515	715	
-0.270516	-0.915432	743	
0.192490	-0.358809	1535	
-0.532089	0.751917	2699	
0.075792	-0.988964	5018	
-0.507706	-0.264858	2951	
-0.085571	-0.818979	3687	
-0.639972	-0.475374	977	
0.482279	0.721319	1634	
-0.474597	0.647069	3454	
0.750208	0.085507	2294	
-0.157177	0.420574	3453	
0.295533	-0.804009	4128	
0.842275	-0.078931	2386	
0.264703	-0.104772	5373	
-0.143098	0.693352	3510	
-0.522543	0.445428	4115	
-0.123716	-0.156264	1908	
0.241434	0.812406	3894	
0.498099	-0.131368	2374	
-0.725125	0.207387	3185	
-0.289087	0.759862	386	
0.736571	0.172392	2285	
-0.574862	-0.358811	1177	
-0.203260	0.450925	4465	
-0.330869	0.341127	3877	
0.402771	0.288939	1640	
-0.444678	-0.599954	1351	
-0.174110	0.476505	956	
-0.212402	-0.820668	4204	
0.657851	0.366372	2022	
0.632976	0.489434	4255	
-0.234184	0.823959	4758	
0.126670	0.946966	1522	
-0.101324	-0.295705	5650	
0.482122	0.720763	1634	
0.281228	-0.756554	4556	
0.403020	-0.490500	2957	
-0.371620	-0.765826	3324	
-0.665419	0.124823	5244	
-0.391730	-0.776400	4601	
0.138984	-0.383170	316	
0.339026	-0.189529	2409	
0.316945	-0.939570	1570	
0.040063	-0.456915	5034	
-0.495604	-0.538862	4498	
0.249822	0.222872	3218	
0.341012	-0.646163	4441	
0.576984	0.127199	2612	
-0.122953	-0.916184	3707	
0.439563	0.145133	4286	
0.650392	0.371684	1991	
-0.630213	0.606332	3063	
0.403847	-0.021288	2271	
-0.170125	-0.701766	850	
0.822289	-0.221903	507	
-0.562897	-0.816257	3513	
-0.531181	-0.249433	2769	
0.780414	0.611569	1853	
-0.046094	0.265738	1115	
0.799344	-0.012664	2576	
-0.187038	-0.747449	5348	
-0.586994	-0.089398	2747	
0.202759	0.827548	3554	
0.257583	-0.554340	4632	
-0.132560	0.415207	5014	
0.909580	-0.144009	4014	
-0.579510	-0.804519	3513	
0.183113	0.113640	341	
0.379361	-0.279882	4889	
-0.729781	0.328897	3060	
-0.795810	0.086455	2559	
0.700010	-0.101183	1846	
-0.753082	0.006672	2154	
0.353831	0.714745	1296	
0.747681	0.651272	4050	
-0.130342	-0.768930	465	
-0.121271	-0.158117	1908	
0.722592	-0.484650	3346	
-0.787241	0.079270	2559	
-0.293811	-0.598199	1826	
-0.472049	0.829116	3962	
0.022498	-0.297971	4515	
0.693049	-0.485864	2972	
0.649168	-0.455128	2089	
0.139728	0.719166	600	
0.346860	0.141435	2955	
0.142145	0.681529	5105	
0.232858	-0.591604	3767	
0.838563	0.070651	2001	
-0.236615	-0.302457	4941	
0.677896	0.071740	2058	
-0.306098	0.904013	4287	
0.599459	-0.606013	3046	
0.311682	0.901830	1161	
0.576270	-0.557348	2017	
0.795714	-0.301260	864	
0.215798	0.013307	1137	
0.413653	-0.859740	1003	
-0.086790	-0.988141	1560	
-0.918833	-0.039127	1713	
0.419572	0.218490	3439	
0.456017	0.001984	4266	
-0.530415	0.382767	3085	
0.326899	-0.557494	1465	
0.142272	0.687120	5105	
-0.219314	0.779731	4101	
0.600908	0.006946	3711	
-0.742855	-0.451995	2546	
-0.402776	-0.372802	5199	
0.327089	0.861359	5496	
0.770219	0.193940	2728	
-0.466132	-0.430257	3160	
0.541425	0.409823	3103	
-0.336321	-0.803609	4181	
0.345986	0.401667	4020	
0.700325	0.701928	2416	
-0.076725	0.283485	1472	
0.161565	0.941346	1500	
-0.292966	0.315922	3360	
-0.275183	0.409915	267	
-0.038842	-0.336011	4047	
-0.221088	-0.966908	1493	
-0.650798	0.697056	626	
-0.073052	0.282989	1472	
-0.610078	0.689517	3070	
0.198355	0.348327	4815	
0.896075	0.325695	4495	
0.842795	0.445874	365	
-0.584827	0.221406	5012	
-0.700363	-0.276375	2739	
0.948797	0.096886	3629	
-0.347545	-0.928530	5376	
0.312241	-0.538601	646	
0.031524	0.273595	5378	
0.871630	-0.472208	3881	
0.061342	0.185690	1240	
-0.160017	-0.682132	3112	
0.635162	-0.557819	3222	
0.824276	0.551102	1604	
