time = 381.45	Re = 90
0.004557	-0.991380	4310	
0.047430	-0.990174	5473	
0.116632	-0.984514	5151	
0.306392	-0.942881	4615	
0.569524	-0.811571	3864	
-0.298143	0.905907	5323	
-0.337129	0.892107	882	
-0.423766	0.854258	1327	
-0.551683	0.777770	883	
-0.716110	0.629591	4114	
-0.876362	0.375939	2146	
-0.764537	-0.572164	4858	
-0.479816	-0.867647	1596	
-0.044515	-0.990329	2238	
0.290380	-0.947999	5207	
0.505230	-0.853065	3855	
0.710326	-0.691777	3812	
0.793127	0.473928	666	
0.778885	0.496416	430	
0.666046	0.638071	4510	
0.950663	-0.017578	461	
0.380173	-0.874449	4771	
0.919017	0.260273	1189	
0.569369	0.765446	800	
0.183879	0.935755	3897	
-0.220801	0.927837	1220	
-0.626599	0.718748	931	
-0.927673	0.221441	575	
-0.490574	-0.861529	1596	
0.175999	-0.975643	2216	
-0.799321	0.454895	2713	
-0.807167	0.440815	4374	
-0.909017	0.142381	3237	
-0.839208	-0.387737	402	
-0.438403	-0.809774	908	
0.058198	-0.918645	4611	
0.558845	-0.731127	342	
0.881888	-0.262518	5340	
0.866055	0.324763	5564	
-0.310387	0.900226	5555	
0.706567	0.641210	5402	
0.060167	0.951648	5680	
-0.514832	0.802808	5296	
-0.923896	0.236772	595	
-0.282571	-0.950128	5454	
0.395904	-0.909079	2133	
0.732696	-0.466843	2689	
0.716671	-0.491265	2587	
0.818654	-0.289802	2379	
0.870547	0.063847	4636	
0.658996	0.574869	2912	
-0.015523	0.870071	1515	
-0.744156	-0.469904	3612	
0.108099	0.874478	3032	
0.400070	0.828896	667	
-0.491568	-0.778870	2699	
0.501257	-0.771904	4424	
0.920554	-0.025391	1291	
0.470191	0.792641	2434	
0.650805	0.697632	1830	
-0.150063	0.941869	556	
-0.769632	0.562760	1421	
-0.986542	-0.100248	3207	
0.706044	-0.696098	3812	
-0.810798	-0.284681	4313	
-0.836828	-0.182005	3960	
-0.759664	-0.398379	5549	
-0.402143	-0.746181	4254	
0.287695	-0.796670	2604	
0.781669	0.362815	3545	
-0.698544	0.485879	302	
-0.580717	-0.629116	1623	
0.294053	-0.818330	2454	
0.508070	0.708927	4511	
-0.697383	-0.534208	2575	
0.118064	0.905843	3173	
-0.603953	-0.696328	4824	
0.664902	-0.636022	4792	
0.844427	0.376942	5273	
0.827782	-0.472688	5100	
0.012376	0.953481	2242	
-0.727296	0.616456	616	
-0.984615	0.117003	3397	
0.438342	-0.889347	3856	
-0.454182	-0.664097	3618	
-0.754507	-0.324560	3883	
-0.464611	-0.657004	3215	
0.347516	-0.724936	2300	
0.785190	0.253947	3599	
-0.793656	-0.231584	3182	
0.335589	0.767030	3421	
0.717353	0.461584	1071	
-0.734526	-0.440101	2853	
0.807970	-0.251241	404	
-0.844971	0.098124	1987	
-0.402850	-0.770298	3935	
0.397633	0.775385	5025	
0.178387	-0.856663	3174	
-0.544746	0.741196	2593	
0.383301	-0.837004	1713	
0.900297	0.208404	373	
0.566576	-0.766565	1539	
-0.086194	0.949782	823	
-0.838933	0.453288	749	
-0.245916	-0.960355	2218	
0.644576	-0.753195	287	
-0.730400	-0.362420	3223	
-0.798219	-0.035223	4970	
-0.746444	-0.331532	3883	
0.101907	-0.791121	2476	
0.052189	0.797656	4456	
-0.173569	-0.781098	2693	
0.777538	0.264936	730	
-0.048734	0.799132	2119	
0.467212	-0.653914	2463	
-0.652040	-0.494297	3827	
0.619877	-0.569643	3520	
-0.728251	-0.449628	1881	
0.597273	0.610313	3498	
-0.558242	-0.648416	5169	
0.819381	0.320648	3949	
-0.591958	-0.645973	2111	
0.075624	0.916524	5613	
0.455370	-0.799967	5204	
0.824675	0.417564	4560	
0.869911	0.394371	1190	
-0.402843	0.864259	4934	
-0.954089	-0.006587	5253	
0.360114	-0.923814	3859	
-0.164622	-0.734458	2656	
-0.475109	-0.587286	2903	
-0.038672	-0.751895	2714	
0.737554	-0.118038	1444	
0.076246	0.750038	1861	
0.684133	0.373196	463	
0.353557	-0.707709	4169	
-0.720737	0.334342	4309	
0.394543	0.696855	3131	
0.764348	-0.227089	3514	
-0.060150	0.798392	2119	
0.779005	-0.187006	2596	
0.318563	0.750743	2919	
-0.517959	0.667606	2773	
0.784622	-0.315714	2049	
-0.728338	-0.459517	3601	
0.798103	0.369185	3886	
-0.159061	-0.859271	2865	
-0.918794	0.055297	5369	
0.791841	-0.468700	5447	
0.469920	0.792733	2434	
0.108284	0.947355	2046	
-0.818982	0.488251	285	
-0.100011	-0.986328	4850	
-0.714242	-0.264187	3804	
-0.741899	-0.154010	3798	
-0.380296	-0.623912	3866	
0.735316	0.213032	1563	
-0.754964	-0.157457	4224	
0.255503	-0.707434	1957	
-0.538663	0.528448	2874	
0.729262	-0.164681	1351	
-0.249216	-0.713573	2981	
0.209355	-0.762546	2559	
-0.776636	-0.256000	2193	
-0.745338	-0.340911	2040	
0.405452	0.692084	5185	
0.278915	-0.753300	2519	
0.813511	0.014901	1359	
-0.506055	0.676593	2773	
0.849619	0.060664	3659	
0.564111	0.651910	2121	
0.299278	0.817609	3403	
-0.623308	0.626810	3644	
0.019747	-0.920122	2913	
0.877500	0.292175	4847	
0.852087	0.431158	245	
-0.589074	0.749818	4955	
-0.538698	-0.787748	5705	
0.690354	-0.711703	2217	
-0.666753	0.052183	1168	
-0.666773	0.052698	1651	
0.664416	-0.123785	3740	
0.316420	0.621904	3739	
0.571614	0.414551	4895	
-0.682719	-0.313961	4660	
-0.098023	-0.724423	2004	
-0.034144	0.744412	1892	
0.492786	-0.568355	2680	
-0.755971	-0.064928	4950	
0.309677	0.687018	5206	
-0.238045	0.751826	2385	
-0.525342	0.597617	2911	
-0.777631	0.175560	812	
0.380970	0.705526	2894	
0.614793	-0.516828	3022	
-0.789860	0.206333	3322	
-0.728095	-0.449593	1881	
-0.667303	0.527994	2249	
0.501789	-0.709568	2555	
-0.741175	-0.473143	3612	
-0.906224	0.158493	3237	
0.889757	-0.234140	1392	
-0.107272	0.945807	517	
-0.378381	0.875313	5492	
-0.937701	-0.181315	1377	
0.626156	-0.768590	5037	
0.670290	0.232183	3170	
0.226106	0.647011	3010	
0.559442	-0.409521	1649	
0.569401	-0.419379	2876	
-0.662500	0.231932	4656	
-0.588884	0.435444	1991	
0.594242	0.446187	1822	
-0.712276	0.224338	3162	
-0.549285	0.517186	2724	
0.526775	0.545531	2975	
-0.273376	0.739855	2535	
-0.770496	0.185877	2629	
-0.432061	-0.676054	3547	
-0.081855	0.796538	504	
0.210780	0.777485	2899	
0.832846	0.191469	4402	
0.687874	-0.492478	2700	
0.006649	-0.852091	2493	
0.000508	0.869990	1300	
-0.685754	-0.612193	5266	
0.695297	-0.602627	5516	
0.356282	0.849448	4626	
-0.227727	0.926070	1220	
-0.953897	-0.020850	5253	
0.594912	-0.793126	2224	
-0.502890	-0.080152	5732	
0.682455	0.128287	5148	
-0.689366	-0.132769	5105	
0.574644	0.369246	1909	
-0.620510	0.304432	2658	
0.522727	0.463687	304	
0.676686	0.271928	4325	
0.119604	-0.718986	5163	
0.707313	-0.161620	954	
-0.603541	0.447199	1849	
-0.712694	0.232775	3382	
0.023921	0.753496	1942	
0.020717	-0.789406	2780	
0.243980	-0.759603	2651	
0.793521	0.205476	4269	
-0.087921	-0.796762	3158	
-0.314293	0.753876	2235	
-0.407076	-0.743178	4254	
-0.845852	-0.157916	3965	
0.591179	0.642258	1910	
-0.567639	0.676504	2480	
0.462389	-0.795862	5437	
0.505995	0.770256	2638	
-0.163574	0.939590	556	
-0.954040	-0.000956	4502	
0.622972	-0.771220	5037	
-0.505888	-0.083545	4206	
-0.494681	-0.084440	5732	
-0.510911	-0.080285	5732	
-0.501743	-0.084864	4206	
-0.503240	-0.084408	4206	
0.681389	0.124800	774	
0.262739	0.632061	2313	
0.485552	0.475954	357	
0.715272	0.169543	1094	
0.549477	-0.480284	2727	
0.540345	0.503151	1625	
0.236230	-0.713861	2147	
0.010053	-0.752895	3094	
0.728689	-0.193262	3606	
-0.247864	0.755191	2548	
-0.483711	-0.641558	4646	
-0.388958	0.701119	2478	
-0.598712	-0.552791	394	
-0.792561	0.288789	3699	
-0.719124	0.454453	2998	
0.842688	0.251370	5414	
0.869866	-0.095837	581	
0.337961	-0.856236	392	
0.515719	0.763828	2331	
-0.202288	0.931965	788	
-0.949046	-0.102694	4899	
0.704257	-0.697924	3812	
0.959377	-0.250501	1796	
-0.503742	-0.079999	5732	
-0.509098	-0.082359	4206	
0.230454	0.633664	3204	
-0.136381	-0.658519	2978	
0.397504	-0.553744	3626	
-0.543601	-0.335772	1542	
-0.500001	-0.085196	4206	
-0.500823	-0.085068	4206	
0.464868	0.496420	3522	
0.691302	0.169798	4659	
0.589256	0.393064	2749	
-0.726322	-0.032781	1911	
0.053599	0.742548	1779	
-0.174608	0.732595	2053	
0.161099	0.736100	5729	
0.615848	-0.494973	2179	
0.487108	0.637324	857	
0.091992	0.795034	4371	
0.115719	0.796994	4477	
-0.030739	0.843109	1264	
-0.371059	0.766298	2162	
0.865240	-0.079887	4775	
0.781139	-0.392717	3184	
0.379721	-0.838586	1713	
0.445402	0.806542	2150	
-0.344687	0.889188	882	
-0.890561	-0.346094	3651	
0.499633	0.079549	5736	
-0.511866	-0.080783	5732	
-0.543104	-0.337310	1542	
0.505902	0.042762	5380	
-0.641355	0.050566	294	
-0.419420	-0.164950	5314	
-0.440053	-0.088785	2155	
0.495936	0.272509	4846	
0.035840	-0.675689	2679	
-0.509934	-0.079960	5732	
0.362790	0.577399	1934	
0.458132	0.525021	3144	
-0.463459	-0.525864	3306	
0.681015	-0.259475	1395	
0.427207	-0.619134	904	
0.715187	-0.222363	3240	
-0.768511	0.159991	696	
0.430706	-0.671470	4137	
0.424770	0.680648	3227	
0.621062	0.525006	3331	
0.398990	0.744648	4960	
-0.170256	0.833479	262	
0.870877	0.031898	3673	
0.854668	0.228150	5261	
0.580559	-0.713738	3414	
0.178905	0.903065	2006	
-0.549563	0.779235	883	
-0.207647	-0.930997	4238	
-0.500398	-0.080895	5732	
-0.496596	-0.082814	5732	
-0.194671	-0.641849	3033	
0.357229	0.556664	1578	
0.487312	0.295127	615	
0.193453	-0.641629	873	
0.551027	-0.380708	1177	
0.595897	-0.296438	2932	
0.299119	-0.601500	4496	
0.425168	0.226939	4019	
0.608200	0.025543	1385	
-0.688099	-0.124579	720	
-0.611211	0.324602	2842	
0.679558	0.267304	1581	
-0.530154	-0.508085	3369	
0.551110	0.514903	2886	
-0.075703	-0.748725	2127	
0.037917	-0.782773	2449	
-0.210432	-0.768348	946	
0.539727	0.597381	1112	
0.673326	0.462218	4442	
0.175942	0.825003	2972	
-0.596886	0.606627	3474	
0.713278	0.508215	1771	
-0.886008	0.018914	3515	
0.825539	-0.406367	3587	
-0.686526	-0.661754	3292	
-0.777292	0.552085	551	
0.213039	-0.968264	4975	
-0.494903	-0.084164	5732	
-0.503550	-0.084319	4206	
0.200416	-0.649450	873	
-0.546553	-0.035486	656	
0.004451	-0.665938	2664	
0.469204	0.359875	5704	
-0.390847	-0.113733	4463	
-0.436209	-0.335790	4276	
-0.442980	-0.351268	4946	
-0.381568	-0.172052	260	
0.627660	-0.059684	4997	
0.516032	0.345016	3634	
0.533007	0.365421	4385	
0.494945	0.466209	259	
0.073291	0.697662	1840	
0.684742	0.312417	3891	
-0.744341	-0.030295	4341	
-0.649532	-0.409964	3526	
0.465083	0.603410	3161	
-0.257433	-0.754020	2902	
0.438286	0.672260	3227	
0.349664	0.726384	2940	
-0.571143	0.622136	2937	
-0.846756	0.079725	1684	
0.230609	0.839181	3615	
0.913371	-0.099816	3521	
0.916406	0.105179	5030	
0.527840	0.794521	4342	
-0.940388	0.158868	676	
0.672486	-0.728685	2217	
0.982021	-0.137055	3619	
0.500275	0.079478	5736	
-0.652084	0.021386	449	
0.643974	-0.061752	4997	
0.441776	0.252883	3832	
0.401315	-0.539704	3907	
-0.378963	-0.185856	1520	
0.305913	-0.583998	4558	
0.609628	-0.204840	3192	
0.592312	-0.045566	350	
0.580708	-0.032534	350	
0.615234	-0.165609	3194	
-0.408062	-0.467051	5181	
0.612715	-0.021346	275	
0.496329	0.423164	3336	
-0.503460	-0.080037	5732	
0.679846	0.100852	5355	
-0.482282	0.523932	2613	
0.541788	0.517042	2886	
-0.699814	-0.335475	5156	
-0.676335	0.363726	5158	
0.189933	-0.774445	2457	
0.096536	0.794505	4440	
-0.747510	0.298954	2988	
-0.700660	-0.488379	1841	
-0.568085	-0.639857	3945	
-0.547406	0.676823	2525	
-0.691340	-0.610453	5266	
0.641118	0.662668	4754	
-0.302913	0.904204	5323	
-0.836973	-0.460087	558	
-0.511127	-0.080381	5732	
-0.497384	-0.082308	5732	
-0.518455	-0.283090	1010	
-0.613175	0.280591	1906	
0.049518	-0.665248	3242	
-0.512732	-0.006300	1467	
0.289848	-0.591808	1129	
0.614898	-0.115429	1295	
0.398015	0.385587	1166	
0.373219	0.453551	4250	
0.346199	0.488646	3719	
0.334159	0.504058	2838	
0.391030	0.435438	4707	
0.558235	-0.017756	4734	
-0.436732	-0.327293	750	
0.434464	0.483180	3693	
-0.495513	-0.085054	4206	
-0.637677	-0.279504	499	
0.686101	-0.075604	3904	
0.274696	0.690608	874	
-0.426246	-0.621869	2879	
0.367745	0.696155	2894	
0.800787	0.133918	2973	
-0.358070	0.717374	2725	
0.791438	0.252263	3599	
0.389382	-0.751301	1426	
-0.693743	-0.529050	2575	
0.116957	-0.865977	3358	
0.556766	-0.732594	342	
-0.074259	0.917931	823	
-0.769981	0.562238	1421	
0.271410	-0.953577	4603	
-0.498804	-0.081555	5732	
-0.506876	-0.079687	5732	
-0.507727	-0.079655	5732	
-0.495878	-0.046445	5599	
0.536338	0.332036	1266	
-0.427013	-0.479423	5358	
-0.614290	0.220556	3345	
0.099809	-0.647246	5136	
0.615140	-0.122461	619	
0.391336	0.392003	1166	
0.356443	0.447691	1527	
0.351761	0.431974	1169	
0.348185	0.433845	1169	
0.335897	0.460716	1527	
0.292578	0.516074	1510	
0.228175	0.572849	2270	
0.377064	0.461924	4250	
0.538384	-0.377280	2893	
0.632992	-0.097824	3595	
0.474246	0.229715	920	
-0.682059	-0.207983	4671	
-0.369290	0.608461	2174	
-0.361154	-0.653165	3416	
0.536734	-0.529821	2889	
0.186113	-0.767910	2457	
-0.789333	-0.222247	1000	
-0.794238	-0.202915	4268	
0.379796	-0.750778	1426	
0.478938	0.703672	1687	
0.664287	0.568323	1925	
0.844556	0.347330	4980	
0.915056	0.118005	5086	
0.299841	0.905050	462	
-0.952316	-0.060866	1161	
0.844227	-0.519889	1597	
0.526910	-0.430175	2034	
0.516830	-0.442631	2515	
0.550081	0.038293	324	
0.540278	0.028065	367	
-0.108014	-0.653849	3575	
-0.609778	0.053769	4505	
0.112537	-0.645423	5136	
0.363586	0.122298	4344	
0.385300	0.376823	1537	
0.358881	0.382160	2781	
0.339728	0.326290	4809	
0.318994	0.201014	3766	
0.331690	0.116680	1144	
0.329351	0.123580	3646	
0.317819	0.229063	4968	
0.345228	0.393827	1247	
0.264693	0.536195	1916	
0.199566	0.590844	2497	
0.520673	-0.004200	3079	
0.567859	0.011291	2283	
0.294236	0.604628	3113	
-0.299043	-0.615956	5011	
0.713601	0.258035	303	
-0.745192	0.007246	408	
0.397680	0.640768	1223	
0.043465	0.791545	4456	
0.803153	0.056894	758	
0.662165	0.476187	4986	
-0.768557	0.347556	2925	
-0.646517	-0.563659	1528	
-0.631668	0.598620	3073	
-0.273441	-0.878643	3368	
0.332216	0.859029	5573	
-0.637315	0.709150	4495	
-0.650896	-0.748103	1556	
0.015798	-0.665973	2679	
-0.113429	-0.652746	3203	
0.399811	0.236612	4294	
-0.623112	0.114024	1317	
-0.387591	-0.486273	1205	
0.444837	-0.487006	3467	
0.364597	0.280347	961	
0.369588	0.368636	1537	
0.339197	0.309223	4789	
0.331225	0.122884	3646	
0.502587	-0.051225	371	
0.565006	-0.224781	3373	
0.322969	-0.534683	2809	
0.330351	-0.530263	2809	
0.408988	-0.473101	3396	
0.561590	-0.122489	1927	
0.319936	0.162788	251	
0.324593	0.467406	1516	
0.106422	0.616026	3447	
0.406099	0.066736	943	
0.550818	0.015369	1108	
-0.499697	-0.081192	5732	
-0.671982	0.164300	3696	
-0.140172	-0.716752	3115	
0.492648	0.571134	3062	
-0.714794	0.231614	3382	
-0.067277	-0.793376	3127	
-0.195871	0.776748	2484	
0.804150	-0.081370	1407	
0.632999	-0.561078	2993	
0.249991	-0.831931	2791	
0.513566	0.713153	4511	
0.906097	-0.160091	3228	
0.816538	0.494415	1750	
-0.953869	0.013934	4502	
0.842584	-0.522606	1597	
0.337207	-0.566518	5256	
0.300817	-0.586133	4558	
0.383233	-0.536962	2582	
0.415870	0.033689	479	
0.356991	0.262617	1410	
0.361219	0.328481	3231	
0.333007	0.275061	4731	
0.334558	0.114722	1144	
0.544441	-0.079896	860	
0.422825	-0.461334	2862	
0.053346	-0.612419	1145	
-0.314036	-0.377950	4381	
-0.306150	-0.312444	1067	
-0.304421	-0.156832	5514	
-0.297545	-0.221514	5401	
-0.310651	-0.417431	4733	
0.315235	-0.538750	5279	
0.520634	-0.068491	5052	
0.341788	0.378092	4965	
0.077927	0.618279	830	
0.400495	0.075100	943	
0.632552	-0.092449	3595	
-0.511320	-0.080506	5732	
0.643935	0.319658	3297	
0.293871	0.670936	5206	
-0.606185	-0.463260	2909	
-0.574726	-0.550415	4458	
-0.737591	-0.355521	3223	
-0.022813	-0.800963	3060	
0.557078	0.637521	5452	
-0.852937	-0.024803	4857	
-0.289903	0.820983	2354	
-0.614157	-0.687289	5065	
0.349202	0.852261	4626	
-0.656985	0.690870	4533	
-0.446656	-0.885114	3558	
0.988512	-0.076438	4166	
0.346512	0.094471	5051	
0.330209	0.163147	251	
0.327951	0.181094	536	
0.328786	0.160135	251	
0.349830	0.078781	4446	
0.505153	-0.050130	505	
0.565752	-0.233990	3268	
0.137390	-0.603505	1871	
-0.111556	-0.592708	3577	
-0.300076	-0.246081	5478	
0.078480	0.578288	3541	
0.296166	0.111692	1808	
0.509448	-0.107176	1084	
0.456495	-0.391140	2706	
0.486049	-0.349376	2631	
0.381428	-0.023080	840	
0.276432	0.396903	5033	
-0.304432	-0.439094	1479	
0.533439	-0.312570	3119	
0.337195	0.352274	4743	
0.027792	0.626085	1109	
0.507062	0.000129	1008	
0.511500	0.368704	3840	
0.111151	0.678859	428	
-0.093217	-0.697937	1785	
0.623951	0.435007	3530	
0.228505	0.717724	5683	
-0.704349	0.365879	5190	
0.258586	0.757696	3028	
-0.557323	-0.591457	1081	
0.372750	-0.759671	1517	
-0.016076	-0.867511	2526	
0.594278	0.648158	1910	
0.919682	-0.042681	1290	
0.510023	0.806050	5050	
-0.938819	-0.174500	5227	
-0.200414	-0.557394	2064	
-0.049435	-0.606932	4579	
0.021369	-0.613130	5133	
-0.076859	-0.601768	3283	
-0.142317	-0.583074	1797	
-0.314378	-0.367073	4194	
-0.303465	-0.178720	5329	
-0.454541	0.412947	2695	
0.313128	0.067695	4830	
0.477707	-0.363983	2795	
-0.240726	-0.457849	1856	
-0.416863	0.056199	2442	
-0.457052	0.382167	2793	
-0.196309	0.555553	1091	
-0.234787	0.542754	3910	
-0.527196	0.237290	1475	
-0.258336	-0.281259	5464	
0.526046	-0.134712	1142	
-0.475237	0.381127	2884	
0.522398	-0.333792	2875	
0.341604	0.389081	1247	
0.010702	0.633242	1212	
-0.121192	-0.638001	3203	
0.463417	0.064299	4999	
0.665024	-0.115293	3800	
0.075773	-0.727991	2767	
-0.402562	0.637904	1601	
0.401671	-0.673693	1427	
-0.474284	0.644932	2728	
-0.526484	-0.609660	4541	
0.592396	0.605858	3498	
-0.835389	-0.215415	4623	
-0.530597	0.690064	2525	
-0.073745	-0.917223	3479	
0.103302	0.914778	3186	
-0.827210	0.474129	250	
0.539625	-0.831759	3865	
0.427029	-0.427281	2520	
0.539931	-0.170693	4774	
0.494702	-0.090560	1740	
0.506206	-0.100803	1084	
0.540294	-0.202266	4401	
0.349529	-0.491807	2605	
-0.187089	-0.518003	2740	
-0.280183	-0.133403	346	
-0.471492	0.363488	2815	
0.110331	0.547300	1302	
0.260947	0.183866	5444	
0.506940	-0.279089	3816	
0.090077	-0.569669	2080	
-0.058968	-0.557334	1630	
-0.044555	-0.560739	1630	
0.249997	-0.530717	5255	
0.275432	0.118214	4363	
-0.352517	0.480349	2612	
0.012117	-0.581905	2792	
0.100278	0.569486	1741	
0.559249	-0.242971	3244	
0.289979	0.505868	1510	
0.134303	0.617626	3433	
0.433891	0.068576	1125	
-0.508421	-0.079699	5732	
0.293225	0.636382	4395	
-0.680565	0.301203	5349	
0.531477	0.541044	2975	
-0.651902	0.453861	1829	
0.148863	0.786344	5433	
0.097134	-0.802375	2476	
0.753776	-0.382494	1982	
0.843905	-0.203236	3848	
0.058309	-0.890082	2761	
0.806336	0.451114	3975	
-0.300019	0.905161	5323	
-0.709391	-0.638621	3677	
0.985472	-0.109155	1544	
0.450045	-0.382522	2769	
0.411553	-0.059539	2481	
0.342553	-0.007885	4645	
0.298927	0.058831	4619	
0.326003	0.011780	4241	
0.334179	0.001414	4241	
0.523612	-0.209052	4904	
0.093340	-0.570052	2080	
-0.197626	-0.479822	3393	
-0.300204	-0.039206	4218	
0.223588	0.324411	3653	
0.265668	0.099423	4583	
0.302807	-0.491532	2608	
-0.201998	-0.404542	1888	
-0.194230	-0.427573	3986	
0.465502	-0.117097	3752	
0.213922	0.405764	1486	
-0.009137	-0.566818	2125	
0.211641	0.473939	1611	
-0.157811	-0.533085	1354	
-0.489644	0.360087	2884	
0.469035	-0.040890	1165	
0.076835	0.613706	830	
0.392184	0.090248	1866	
-0.420048	-0.170910	5314	
-0.681325	-0.210454	4671	
-0.180036	-0.707497	2942	
-0.503979	0.561269	2678	
0.277355	0.735777	2417	
-0.662963	-0.468592	4031	
0.732181	-0.324016	1767	
-0.751397	0.383310	3262	
-0.291463	-0.801021	2800	
-0.358620	-0.795734	3021	
0.765516	-0.510371	3258	
-0.158013	-0.939583	4682	
-0.953944	-0.006713	5253	
0.897988	-0.420239	1823	
-0.271014	0.504213	4459	
-0.474710	0.314857	2736	
-0.357292	0.053436	4179	
-0.258782	-0.097462	5302	
-0.220274	-0.247656	3470	
-0.215443	-0.290987	3748	
-0.228591	-0.202165	4244	
-0.269198	-0.066372	5378	
-0.471126	0.130080	3990	
-0.494448	0.265780	1361	
-0.245253	0.515412	2398	
0.211344	0.267767	606	
-0.188544	-0.328590	610	
-0.279893	-0.005666	4834	
-0.256187	-0.060712	516	
0.226251	-0.513941	4516	
-0.501326	0.232892	2832	
-0.194734	-0.424320	3986	
-0.390849	0.433343	2735	
0.236419	0.431261	982	
0.216104	-0.554896	880	
-0.231213	-0.528650	1954	
0.333538	0.343655	4743	
-0.073038	0.633659	3967	
-0.567426	0.004549	3353	
-0.500394	-0.085124	4206	
0.103803	0.695817	5285	
0.647033	-0.372015	2908	
-0.207566	0.726150	2098	
-0.304412	-0.736202	2878	
-0.493778	0.631484	2728	
-0.380908	0.745065	2001	
-0.112880	0.842407	507	
-0.113724	0.862769	1370	
-0.747318	-0.541411	3721	
0.193105	0.900115	855	
-0.818231	0.489511	285	
0.540857	-0.830930	3865	
0.158585	-0.516429	2420	
0.449677	-0.306439	3478	
0.393307	-0.112623	4964	
0.212852	0.131707	1093	
0.139522	0.419360	4246	
-0.349713	0.431878	2697	
-0.154684	-0.394400	3291	
0.018087	0.529333	1706	
-0.235718	-0.075065	672	
-0.209251	0.505278	2460	
0.141259	0.413364	4246	
0.185572	0.201270	511	
0.249750	0.024044	4514	
0.277069	-0.030546	4799	
0.258053	0.002668	4772	
0.174593	0.231858	4072	
-0.446291	0.321461	2839	
-0.237222	-0.116225	1083	
-0.266314	-0.071658	5378	
-0.206127	0.537467	3929	
-0.094947	0.572752	3830	
0.278416	0.175298	3604	
0.566095	-0.208021	3373	
0.117091	0.602283	2986	
0.371554	0.180087	5330	
0.385563	0.537482	1465	
0.664373	-0.124530	3740	
0.677452	-0.267800	1053	
-0.380137	-0.650018	4354	
0.794562	0.091511	3916	
0.701689	0.415314	5456	
-0.716965	0.366876	2821	
0.476373	-0.699129	2539	
0.551338	-0.670763	3620	
-0.716360	-0.529731	1984	
0.764214	0.517973	377	
-0.441343	0.845306	1101	
-0.434950	-0.849005	5426	
0.991146	0.024522	5376	
-0.448907	0.181662	4567	
-0.262844	0.047325	655	
-0.178667	-0.162617	487	
0.428771	-0.140762	3637	
0.125652	0.429231	4915	
-0.065344	0.521069	2358	
-0.301940	0.459805	2617	
-0.466751	0.259331	1839	
-0.459027	0.174530	4567	
-0.470083	0.211398	778	
-0.447839	0.310538	1882	
-0.381902	0.398702	3156	
-0.260227	0.481588	2595	
-0.129995	0.518430	2411	
-0.185627	0.507959	2440	
-0.438522	0.327501	2839	
-0.261506	0.012144	5440	
0.243960	0.039421	747	
-0.427498	0.112882	4598	
-0.252380	-0.113271	1036	
-0.121962	-0.533275	1228	
-0.313073	-0.039809	3750	
-0.500803	0.083840	572	
0.328261	0.327052	375	
-0.118111	0.629286	3497	
0.406459	0.122052	3107	
0.343012	0.589916	2474	
-0.694311	-0.022726	5210	
0.699763	0.332199	5672	
0.179860	0.737636	4455	
-0.715388	0.355447	4309	
0.629182	-0.496957	2935	
-0.785421	0.306588	3656	
-0.146794	-0.839083	2917	
0.152996	-0.859691	3180	
0.895112	-0.212533	3380	
0.787414	0.539042	2425	
-0.892023	-0.342004	3651	
0.220888	0.036408	5168	
0.228580	0.030325	4514	
-0.274322	0.058188	421	
-0.166045	-0.189773	5460	
-0.138150	-0.281029	4732	
-0.137317	-0.288174	740	
-0.152113	-0.221899	5542	
-0.245317	0.021331	1453	
0.132711	0.292828	5176	
-0.086005	-0.451399	4837	
-0.174425	-0.162616	487	
0.193859	0.127442	566	
-0.134330	-0.323190	3496	
-0.328190	0.442921	2722	
-0.057024	-0.494804	2044	
-0.340367	0.059408	3925	
-0.121894	-0.507898	1406	
0.289633	0.071337	4032	
0.492005	-0.095282	1740	
0.566764	-0.150243	1399	
-0.021644	0.623619	983	
0.610138	-0.082003	1258	
-0.583752	0.357251	3104	
0.526472	0.464709	304	
-0.620967	-0.434608	1191	
-0.252647	0.712090	2360	
0.071066	-0.793188	2581	
-0.705566	0.377371	5190	
0.599740	-0.589296	3734	
-0.852860	-0.035434	4857	
-0.637548	0.592124	3073	
0.371229	-0.842252	1713	
-0.356766	0.849247	4597	
-0.951369	0.068439	1784	
0.903254	-0.408789	1823	
0.273750	-0.066131	5317	
0.143546	0.211961	4982	
0.123011	0.308173	5176	
0.129637	0.252765	1002	
0.240554	-0.029460	4691	
-0.187141	-0.030218	1240	
0.192037	-0.053287	1908	
-0.120996	0.175132	2084	
-0.000821	0.225129	779	
-0.091491	0.196214	1137	
0.191332	-0.056511	1908	
-0.169561	-0.172568	913	
0.146547	0.370934	3398	
0.390056	-0.112248	4964	
0.337455	-0.454491	2531	
-0.061517	0.559883	1986	
-0.341881	0.001462	5448	
-0.293591	-0.454780	1452	
0.319010	0.466081	1188	
0.328287	0.520646	2838	
-0.529918	-0.354698	4367	
0.566038	-0.399942	1177	
0.703375	0.288319	4357	
0.583806	-0.476522	2021	
-0.304116	0.733670	2576	
0.001750	0.800304	2096	
0.701051	0.434062	5364	
0.726396	0.454331	1769	
0.163002	0.854297	3346	
-0.920394	-0.036534	5496	
0.138805	0.909967	4908	
-0.874765	0.379412	3391	
0.714592	-0.687306	3812	
0.193863	-0.046642	1908	
0.192461	-0.051630	1908	
0.192956	-0.049808	1908	
-0.191645	-0.032578	1240	
-0.432878	0.285768	2015	
-0.079036	0.228938	389	
-0.225897	0.464180	2501	
-0.110899	0.215109	4513	
-0.087567	0.229188	5118	
0.023156	0.449010	5216	
0.088310	0.341752	3068	
0.008969	0.490882	1276	
-0.429787	0.341337	3074	
-0.089238	0.524698	2374	
-0.211879	-0.300112	1594	
0.246415	0.329825	1535	
0.274394	0.375945	2623	
0.310626	0.206593	4398	
-0.225103	0.601536	2289	
0.403434	0.134113	4674	
-0.162517	0.673409	1846	
-0.618112	-0.410718	1110	
-0.738675	0.105613	4996	
0.329653	-0.717925	2156	
0.800833	0.008066	1280	
-0.571147	0.569341	3166	
0.570322	-0.624516	4093	
0.798610	-0.339572	2804	
-0.381472	0.828969	2320	
0.528341	0.755060	3260	
-0.721414	0.623293	4114	
-0.357078	-0.924874	1833	
0.191519	-0.055646	719	
-0.186262	-0.025797	1240	
-0.168126	0.134409	341	
-0.091171	0.196751	1137	
0.034471	0.273910	269	
0.061400	0.364585	3273	
-0.060938	0.469463	4147	
-0.064077	0.457563	1349	
-0.250102	0.437835	2382	
-0.058916	0.284456	5235	
-0.361476	0.145584	3267	
-0.180005	0.119705	773	
0.143501	0.237813	4982	
-0.168435	-0.242973	4026	
0.151931	-0.533124	2391	
-0.155762	-0.513046	3543	
0.101254	-0.579432	2085	
0.560173	-0.122870	1927	
-0.142171	0.613856	1584	
-0.312278	-0.557306	2841	
-0.497792	-0.085442	4206	
0.450169	-0.547770	3691	
0.721620	0.291313	3133	
-0.773793	0.082856	2627	
-0.498005	-0.630754	4713	
0.684034	0.446527	5551	
-0.378141	-0.757414	3363	
-0.864710	0.008867	354	
0.282841	0.830355	3364	
0.793154	0.473335	666	
-0.476851	0.825856	4154	
-0.352828	-0.886039	344	
0.977605	0.167239	1493	
0.193262	-0.048450	719	
-0.073815	0.204628	796	
-0.264750	0.108033	4765	
-0.201458	0.138428	341	
-0.108640	0.474334	974	
-0.205702	0.453402	2501	
-0.414339	0.257687	4869	
-0.179800	0.206913	4112	
-0.285528	0.143793	3218	
-0.413857	0.229212	3466	
-0.216668	0.138125	5005	
0.191256	-0.056951	1908	
0.155857	0.301052	475	
-0.409972	0.119257	4059	
0.232409	0.214638	4620	
-0.388181	0.041006	4210	
-0.077904	-0.595049	3283	
0.074871	0.610413	830	
0.382729	0.113764	4634	
-0.388799	0.566386	1985	
0.198859	0.673285	3211	
-0.469743	0.586503	1590	
-0.758105	-0.070947	4950	
0.205410	0.771808	2899	
0.237341	-0.765981	2559	
-0.780494	0.318675	3581	
0.037812	-0.850997	2553	
0.594854	-0.639841	3917	
0.912538	0.138056	605	
-0.062751	0.951523	823	
-0.668100	-0.681571	3797	
-0.088340	0.197905	1137	
-0.180741	0.152479	409	
-0.361027	0.148555	5484	
-0.021017	0.438378	5565	
-0.390865	0.321156	2964	
-0.069465	0.445118	1349	
-0.053567	0.360909	458	
-0.048570	0.379304	460	
0.003140	0.371185	3082	
-0.403334	0.201556	884	
0.024737	0.448740	5216	
0.157978	0.201503	2266	
0.318146	-0.069480	3753	
-0.215364	-0.263852	3470	
0.117912	0.541524	1302	
-0.348770	0.498162	4330	
0.295196	0.496339	1510	
0.415608	0.320785	440	
0.528742	0.293493	5242	
0.298937	-0.642268	2136	
-0.733658	-0.251205	338	
-0.596727	0.463644	1981	
0.716495	-0.344974	1767	
-0.792827	-0.209517	4268	
0.120824	0.834185	2934	
-0.315395	-0.791910	2835	
-0.175155	-0.854173	3787	
0.908481	-0.146033	3228	
0.635386	0.711521	1003	
-0.782363	-0.547201	818	
0.989320	0.065304	332	
-0.141624	0.157767	2093	
-0.188849	0.144387	341	
-0.127206	0.222154	470	
-0.107944	0.464356	1422	
-0.094914	0.277002	283	
-0.052557	0.363980	458	
-0.076594	0.423283	1255	
-0.127120	0.438386	4863	
-0.113043	0.436454	4247	
-0.000142	0.354017	2743	
-0.032563	0.464105	3959	
0.193035	-0.049219	719	
-0.228495	-0.078094	672	
-0.249676	0.512721	3789	
0.359533	-0.029722	840	
0.248806	0.465856	847	
0.335827	0.403336	1247	
-0.001834	0.639893	3774	
-0.499222	-0.281759	1086	
-0.710310	-0.128215	3169	
-0.171019	-0.718635	2942	
-0.060684	0.751591	1977	
0.168257	-0.778658	2649	
-0.778666	0.174510	812	
0.768428	0.375115	1423	
-0.608152	-0.602705	5008	
-0.674769	-0.559148	2014	
0.858230	-0.331482	5531	
0.921480	-0.243807	1203	
-0.837153	-0.459693	558	
0.990997	0.030480	5376	
-0.069153	0.233668	4602	
0.041220	0.364120	3273	
-0.180361	0.459308	2479	
-0.127964	0.288817	2322	
-0.054344	0.401383	460	
-0.258311	0.196868	1231	
-0.189970	0.249301	2615	
-0.221397	0.222068	2979	
-0.112049	0.436374	4247	
-0.322380	0.148489	3464	
-0.108602	0.185410	2084	
-0.407647	0.370867	2857	
-0.195890	-0.259737	3977	
0.338931	-0.481907	2591	
0.270519	0.225425	3694	
0.323779	0.329636	401	
-0.251371	0.595531	3760	
0.303259	0.585719	2847	
0.562461	0.385843	2836	
-0.474136	0.565803	1590	
0.375800	0.653322	1348	
-0.268532	-0.749423	3143	
-0.730106	0.326028	2669	
0.788219	-0.289555	2049	
-0.727956	-0.459246	3601	
-0.871174	-0.065244	3829	
0.800618	-0.453375	2897	
0.241406	-0.921764	970	
-0.863260	-0.408903	290	
-0.137367	0.160933	2093	
0.041433	0.283466	764	
-0.372083	0.354460	3887	
-0.313079	0.149387	3464	
-0.067229	0.341718	455	
-0.323331	0.187747	5486	
-0.143424	0.418311	4625	
-0.266765	0.394716	4561	
-0.226924	0.410794	3712	
-0.278303	0.403389	4080	
-0.025341	0.315393	4779	
-0.201515	0.472224	2551	
0.225590	-0.487196	2486	
-0.483662	0.179352	4283	
-0.218441	-0.440613	1923	
0.434185	-0.060424	1162	
0.309231	0.217198	4398	
-0.319757	0.562435	3655	
-0.051263	0.669518	1485	
0.620619	-0.299887	1852	
-0.049858	0.732461	1892	
0.508230	0.561312	3062	
-0.437660	-0.667041	3618	
-0.710329	0.368085	5190	
0.654498	-0.527134	3077	
-0.767280	-0.394718	5591	
-0.865660	0.085854	3043	
0.789523	-0.472301	4703	
-0.658450	-0.689263	3797	
-0.862495	-0.410515	493	
0.991264	0.019495	5376	
0.020179	0.229356	781	
-0.429426	0.270317	1640	
0.015198	0.383695	3082	
-0.012518	0.365913	4723	
-0.051155	0.369030	458	
-0.102296	0.398326	3938	
-0.164653	0.309554	2279	
-0.169358	0.400631	4607	
-0.169444	0.300080	2564	
-0.118474	0.311048	2351	
-0.099542	0.308609	2351	
-0.278544	0.438740	2343	
-0.144681	-0.244816	3678	
-0.279703	0.028334	5440	
-0.471052	0.336265	2872	
0.526639	-0.144828	1766	
0.313881	0.161651	251	
-0.347597	0.546100	1233	
-0.091994	0.666114	1775	
0.653284	-0.198787	4211	
-0.173952	0.714680	2007	
0.446962	0.608468	2943	
-0.343233	-0.718802	2856	
-0.731140	0.323504	2949	
0.751442	-0.375192	1982	
-0.714261	-0.479019	3793	
-0.869666	-0.093610	4071	
0.825222	-0.406809	3587	
0.171418	-0.937202	1283	
-0.838885	-0.456528	558	
0.989616	0.060227	332	
-0.036592	0.217646	2153	
-0.364474	0.151507	5484	
-0.026330	0.441536	5565	
-0.139992	0.279486	2258	
-0.364240	0.209543	5229	
-0.257847	0.227339	2472	
-0.349001	0.279251	3367	
-0.312769	0.226432	2431	
-0.292122	0.365132	4097	
-0.330135	0.348944	3948	
-0.167125	0.438770	4327	
0.027646	0.422456	5449	
-0.390930	0.377230	2506	
-0.448307	0.151132	3607	
-0.466070	0.344269	2872	
0.484229	-0.091421	1740	
0.310734	0.258156	5072	
-0.348972	0.545911	1233	
0.165936	0.644453	3485	
0.188986	0.659660	3092	
-0.715115	0.145335	1092	
0.091032	0.747993	1861	
0.058032	-0.793868	2581	
-0.786992	0.131126	867	
0.804115	0.294202	3553	
-0.546721	-0.657206	3994	
-0.651032	-0.585521	2083	
0.887551	-0.241915	1392	
0.940636	-0.154573	1705	
-0.780653	-0.549596	818	
0.982843	0.132461	2308	
-0.355479	0.136156	3267	
0.022470	0.418741	5449	
-0.338408	0.157757	5691	
-0.076822	0.332039	455	
-0.095211	0.383326	2269	
-0.283012	0.364621	4097	
-0.316979	0.227432	2431	
-0.238575	0.252737	2694	
-0.255771	0.240771	2472	
-0.346729	0.209099	1716	
-0.264814	0.410565	4080	
-0.028579	0.462662	3959	
-0.452018	0.188855	976	
-0.233381	-0.079683	672	
-0.226593	-0.416463	1923	
0.289954	0.117906	3333	
0.331075	0.381118	4965	
-0.268267	0.589608	4526	
-0.530180	-0.309447	1315	
-0.416956	0.571453	1698	
0.735505	-0.011877	3963	
-0.456338	0.603114	2285	
0.633164	-0.482654	2208	
-0.792962	-0.208846	4268	
0.169751	0.825647	3318	
-0.226812	-0.821143	2542	
-0.072996	-0.868783	3210	
0.920981	0.008172	3578	
0.529907	0.793039	4342	
-0.672667	-0.677035	3797	
0.967367	0.219099	2183	
0.073578	0.410262	2194	
-0.418722	0.188566	3635	
0.014505	0.363755	2977	
-0.231888	0.202032	5474	
-0.382176	0.271177	2529	
-0.153637	0.325018	2184	
-0.349224	0.263172	3093	
-0.326334	0.282856	2950	
-0.305643	0.252763	2996	
-0.212557	0.275266	2785	
-0.145783	0.321287	2184	
-0.297047	0.392019	4452	
0.021689	0.429735	5270	
-0.124466	-0.387005	3286	
-0.255793	-0.060921	516	
0.434612	-0.396735	2706	
0.251010	0.460247	847	
0.308848	0.475828	1242	
0.432530	0.401791	2719	
0.542895	0.323392	1266	
0.525976	0.465209	304	
0.682986	-0.296049	2201	
-0.753135	-0.025052	4349	
0.488043	0.635673	447	
-0.114625	-0.792531	2787	
-0.759048	0.366820	3262	
0.183695	-0.832111	3083	
0.660058	-0.571601	3317	
0.860126	0.339750	4969	
-0.278811	0.911857	757	
-0.506718	-0.808312	272	
0.081394	0.391233	2483	
-0.433774	0.257895	1640	
-0.004182	0.294883	2770	
-0.394458	0.311617	2964	
-0.113359	0.301095	2322	
-0.096180	0.366309	2269	
-0.300155	0.352284	3842	
-0.304439	0.325991	4286	
-0.228339	0.313642	1695	
-0.214490	0.311543	1967	
-0.174936	0.314674	2097	
-0.140663	0.326404	2184	
-0.256445	0.414600	4022	
0.064906	0.364287	3273	
0.401656	-0.133833	4029	
-0.156928	-0.444620	4725	
0.268864	0.132094	4515	
-0.177849	0.573085	1121	
0.148227	0.587896	2295	
0.405127	0.300372	3731	
-0.502348	0.468424	2687	
-0.358220	0.612390	2041	
0.390709	-0.642289	1221	
0.435683	0.622832	3146	
-0.744562	-0.341800	2040	
0.718828	0.393643	1297	
-0.359262	-0.766137	3363	
-0.595349	0.620673	2372	
0.384814	0.788196	4763	
0.643087	0.660630	5375	
-0.683001	0.665249	5475	
-0.084555	-0.949829	995	
0.900695	0.415503	1869	
-0.146499	0.154792	2093	
-0.035123	0.258000	673	
0.008073	0.345225	2743	
-0.276780	0.178740	5335	
-0.344075	0.343820	3887	
-0.169442	0.307357	2564	
-0.339929	0.241868	3093	
-0.252592	0.288032	2955	
-0.254350	0.339715	2195	
-0.237218	0.343999	1876	
-0.167094	0.324251	2160	
-0.351998	0.212592	1773	
-0.049298	0.363195	458	
0.067617	0.326088	3988	
-0.245243	-0.027650	4935	
-0.247624	-0.127831	1036	
-0.352050	0.478644	2612	
0.103346	-0.603085	2085	
-0.254229	0.578537	3760	
0.424325	-0.507919	3757	
0.684058	0.132081	5148	
-0.571419	-0.421667	1760	
-0.429488	0.619864	1657	
-0.488318	-0.623327	5318	
0.764542	-0.225851	3514	
-0.482821	0.645833	2728	
0.654059	-0.535329	3077	
0.817362	-0.290234	2379	
0.895563	0.129211	5109	
0.275420	0.878513	5584	
-0.882011	0.362073	2146	
-0.028648	-0.990962	2238	
-0.381474	0.141445	5337	
-0.410936	0.318975	2964	
0.017890	0.315467	3833	
-0.286604	0.417955	3955	
-0.158886	0.264267	2532	
-0.119078	0.330049	2134	
-0.239546	0.385204	4412	
-0.255044	0.359756	1876	
-0.240540	0.304682	1695	
-0.269112	0.310015	2589	
-0.221518	0.354196	2492	
-0.178016	0.310858	2097	
-0.071314	0.389802	2254	
-0.108213	0.259708	283	
0.191612	-0.055111	1908	
0.176630	-0.511384	2441	
0.358922	-0.450696	2550	
-0.255218	-0.387081	267	
0.401994	-0.002621	5010	
-0.483769	0.417354	2437	
0.440582	0.276776	4282	
-0.613435	0.319925	2842	
0.527538	-0.509111	2662	
-0.089257	-0.746787	2127	
0.057351	0.789503	4456	
-0.134543	0.789304	2401	
0.696615	-0.408175	977	
0.623309	0.580815	4128	
-0.094937	0.864626	1370	
-0.913854	-0.124760	4816	
-0.191329	0.900773	1932	
-0.953459	0.027355	306	
0.910023	-0.393529	3205	
0.116137	0.366795	3476	
-0.195934	-0.001876	1240	
-0.100740	0.190790	4513	
0.042710	0.286473	764	
-0.075163	0.279326	714	
-0.106033	0.279717	2258	
-0.134018	0.429323	4339	
-0.354533	0.296165	3367	
-0.258933	0.377597	4561	
-0.315492	0.304892	2404	
-0.273897	0.301137	2589	
-0.301566	0.287265	2404	
-0.217622	0.301058	1695	
-0.348649	0.238127	2574	
-0.386437	0.227651	3466	
0.021591	0.366223	2977	
0.138103	0.256242	345	
-0.249478	-0.031791	4596	
-0.232681	-0.352429	5574	
0.274076	0.185854	5444	
0.327679	0.420108	1027	
-0.412606	0.501938	4411	
0.641334	-0.107147	834	
-0.706676	-0.183401	550	
-0.734031	-0.037303	4341	
0.096922	0.747130	4345	
-0.131533	-0.784444	2787	
-0.771047	0.206332	2629	
0.345315	-0.766209	5082	
-0.818760	-0.275257	4253	
-0.809499	0.316819	4631	
0.646901	-0.654031	5666	
-0.665768	0.635686	5552	
-0.889401	-0.348879	3651	
0.991003	-0.028443	3702	
0.431143	-0.159223	3637	
0.452410	-0.268274	1026	
0.214170	-0.491138	2456	
-0.436021	0.163036	3473	
-0.351753	0.410811	2340	
0.057303	0.240991	1900	
-0.102209	0.218056	1137	
-0.077367	0.278080	714	
-0.273825	0.406822	4080	
-0.180245	0.429188	4327	
-0.307982	0.215599	3005	
-0.238011	0.385655	4403	
-0.218157	0.366264	2063	
-0.300408	0.284086	2404	
-0.196981	0.348902	2063	
-0.153075	0.346476	2182	
-0.327377	0.199914	5405	
-0.056842	0.347362	455	
0.070700	0.358927	3384	
-0.268404	0.023949	5440	
-0.365232	0.060542	3925	
-0.092805	0.572779	3830	
-0.313981	-0.079729	4420	
-0.075323	0.617645	3967	
0.400225	0.290379	5423	
0.652268	-0.144556	3680	
-0.342853	0.621016	2058	
-0.396236	-0.637074	3356	
-0.444762	-0.611141	2879	
-0.278787	0.749702	2576	
0.462010	-0.655092	2463	
-0.806343	0.244247	2980	
0.203774	-0.827403	3083	
0.380319	-0.785339	2250	
0.899664	0.210465	373	
0.470692	0.829492	665	
-0.622571	-0.723222	4932	
-0.161500	0.514777	2424	
0.161365	0.273586	345	
0.458658	-0.178314	3139	
0.075348	-0.523118	2366	
-0.153870	-0.341445	3496	
0.276960	-0.059412	5317	
-0.268563	0.464625	2617	
0.007362	0.228939	779	
-0.004825	0.297268	2770	
-0.408430	0.225745	884	
-0.070518	0.393071	2254	
-0.237141	0.398090	4403	
-0.171721	0.389540	4607	
-0.194397	0.331933	2097	
-0.193573	0.340113	2160	
-0.150482	0.371943	2280	
-0.314068	0.348779	4124	
-0.373289	0.206216	5229	
-0.286310	0.143506	3218	
0.105276	0.407158	2402	
0.100379	0.465820	4885	
0.190635	0.452111	1729	
-0.099305	-0.556956	1699	
0.343508	0.067032	4446	
-0.528105	0.355569	3328	
0.490350	0.345520	3122	
-0.453842	0.527710	1404	
-0.360804	-0.633513	3667	
-0.693772	-0.344616	4959	
0.693120	-0.374639	977	
0.723453	0.380532	1545	
-0.666695	0.452102	2143	
0.683331	-0.497042	2700	
0.700657	-0.511173	2546	
-0.555232	-0.692218	3072	
0.395335	0.831978	667	
-0.797344	0.522574	502	
-0.011646	-0.953567	5632	
0.850998	0.509271	4399	
0.316190	-0.479145	2608	
-0.093521	-0.521076	1330	
0.181404	0.395543	2514	
-0.015663	-0.531458	1548	
-0.356335	0.089961	2036	
0.258518	-0.482928	2573	
0.200275	0.115726	5183	
0.191890	-0.053892	1908	
-0.015591	0.255988	657	
-0.013915	0.318556	2770	
-0.265722	0.182590	1231	
-0.243627	0.218442	4568	
-0.284806	0.219042	3005	
-0.149679	0.369589	2280	
-0.150152	0.354334	2271	
-0.274395	0.378039	4561	
-0.071194	0.369763	460	
-0.022878	0.312017	4779	
-0.215264	0.088748	1825	
-0.238172	-0.049519	4596	
0.157895	0.463733	3685	
0.243438	0.290721	1562	
-0.149659	0.578834	3628	
0.173670	0.576930	2295	
0.410087	0.452496	4632	
0.258696	0.615412	2313	
-0.618767	0.336293	2842	
-0.337327	-0.655951	4499	
0.049748	0.751804	1868	
-0.338180	-0.720805	2856	
-0.740976	0.299417	2988	
-0.818362	-0.067657	986	
-0.230224	0.817564	2348	
-0.463848	0.736408	3663	
-0.474059	-0.789283	2699	
-0.334995	0.857910	4597	
-0.952865	-0.049670	5570	
0.896392	-0.423560	1823	
-0.392324	0.444532	3654	
0.225628	0.434124	1170	
0.514153	-0.169675	4675	
-0.500070	0.271864	1361	
0.107996	-0.550338	2050	
-0.093709	-0.502049	1848	
0.241508	0.042034	747	
0.232230	0.020109	4514	
0.193493	-0.047915	1908	
-0.331018	0.399663	2340	
-0.238733	0.439336	2380	
-0.256921	0.186598	1231	
-0.171894	0.429889	4327	
-0.242123	0.219600	4568	
-0.306255	0.196690	5486	
-0.312122	0.176368	5232	
-0.081004	0.456463	1422	
-0.101298	0.219206	1137	
-0.074588	-0.464870	4837	
-0.320755	0.066595	4540	
-0.247706	0.521769	3789	
0.043122	-0.580887	2509	
0.338960	0.075910	4446	
-0.519715	0.365569	3328	
-0.324646	-0.550923	2841	
-0.684666	-0.134103	5105	
-0.435163	0.562302	1698	
0.294538	0.690260	5116	
-0.364844	0.668617	2294	
-0.797703	-0.176887	3686	
0.760362	-0.245631	3514	
-0.831329	0.136719	1432	
0.187363	-0.831227	3083	
0.078823	-0.868338	2896	
0.920887	0.020779	3578	
0.337002	-0.891439	1250	
-0.748009	-0.592907	5386	
-0.414613	0.441125	3654	
0.243954	0.456802	847	
0.462688	-0.374397	2794	
-0.266160	-0.161824	678	
0.242759	0.264588	3826	
0.212326	0.376195	1486	
0.288335	-0.483858	2597	
0.188835	0.184544	563	
0.409550	-0.139565	3329	
0.084884	0.303621	5651	
-0.426308	0.249196	4869	
0.012601	0.392276	3082	
-0.391132	0.263689	2529	
-0.368893	0.201397	5229	
-0.321214	0.374422	4386	
-0.083647	0.274597	283	
-0.079564	0.231555	389	
0.197985	0.117423	5183	
0.161743	0.279120	1342	
-0.117395	-0.508817	1494	
-0.495218	0.318354	2849	
-0.329141	-0.047501	2883	
0.036495	0.613900	1109	
0.410317	0.452274	4632	
-0.212778	0.645489	2131	
-0.632348	-0.322589	2378	
-0.364406	0.640535	1756	
0.747135	0.231372	4225	
-0.664705	0.432633	5379	
-0.301432	0.742615	2576	
0.314473	-0.744189	2444	
0.846742	0.091866	3954	
0.855535	0.194396	4712	
0.056020	-0.885681	2761	
0.294538	0.872345	5028	
-0.822022	0.482943	285	
-0.140096	-0.943285	1585	
0.835064	0.534886	1577	
0.204054	0.553857	1935	
0.307928	0.315092	375	
0.484116	-0.057061	371	
-0.528849	0.272004	2710	
0.514027	-0.282197	2783	
-0.324102	0.495438	2588	
-0.484151	0.310750	1551	
0.474555	-0.283141	737	
0.303015	-0.059341	4307	
0.457512	-0.238532	4203	
-0.040412	0.215504	2153	
0.059685	0.394979	2194	
-0.020955	0.288543	2770	
-0.274683	0.144134	3556	
-0.150175	0.474914	2355	
-0.435941	0.276294	2015	
-0.295515	0.073953	718	
0.463070	-0.266457	736	
-0.215174	-0.263682	3470	
0.246251	0.242810	3371	
0.237631	0.477085	1652	
0.323938	0.351176	3890	
-0.584261	0.238956	3249	
0.491492	0.351905	3714	
0.682500	0.124059	774	
-0.625627	-0.352749	3438	
0.444664	0.606630	1860	
0.353157	0.671499	2019	
-0.261716	0.755647	2377	
-0.304205	-0.741365	3124	
0.137986	0.831180	3056	
-0.452449	-0.723497	3285	
-0.857827	0.141320	1662	
0.550516	-0.737196	342	
-0.570878	0.722112	1353	
-0.924344	-0.240940	1187	
0.959295	-0.250696	1796	
-0.347041	-0.093690	4123	
-0.479572	0.034638	1118	
-0.488662	0.396993	2784	
0.261947	0.513641	1397	
0.519530	-0.324867	2875	
0.263572	0.310812	4321	
-0.526989	0.181193	3531	
-0.474012	0.329790	2736	
0.412285	-0.385328	2786	
0.162345	0.271666	345	
0.174568	0.170741	563	
-0.286984	0.074832	718	
0.193350	-0.048167	719	
0.193659	-0.047339	1908	
-0.435488	0.168246	3473	
0.113880	0.445996	4915	
0.106931	0.458830	4889	
-0.215801	-0.258722	3470	
0.375873	-0.043326	1272	
0.451356	-0.072408	1197	
0.319998	0.128909	3646	
-0.501529	0.388752	2784	
0.373448	0.201983	4209	
0.429670	0.190696	4113	
0.695363	0.238330	772	
0.132537	-0.728088	5163	
0.405048	0.635860	1039	
-0.760218	0.217538	3216	
-0.312122	0.738185	2576	
-0.289673	-0.753538	3124	
0.810933	-0.234749	3563	
0.592505	-0.633042	3917	
0.152979	0.862488	3254	
0.595028	0.703928	3795	
-0.315672	0.899730	5555	
-0.475032	-0.827261	1122	
-0.354254	0.556590	3539	
-0.366823	-0.102474	4445	
-0.339834	-0.189188	2118	
-0.443797	0.014924	469	
-0.209271	0.587191	3933	
0.502984	-0.067610	371	
0.265080	0.388651	2623	
-0.526524	0.222784	2995	
-0.448034	0.369200	2793	
0.192644	0.337313	299	
-0.393928	0.389440	2506	
-0.024341	-0.507828	1980	
-0.162248	-0.270955	4732	
-0.157778	-0.303620	5111	
0.463567	-0.190113	3477	
0.473418	-0.236831	4203	
-0.095868	-0.520252	1330	
0.288804	0.069258	4619	
0.531393	-0.222337	4542	
0.521711	-0.324871	2875	
-0.329430	0.539362	1292	
0.400310	0.466603	5040	
-0.368206	-0.548892	2356	
-0.533212	-0.423937	525	
0.598018	-0.421861	3117	
-0.758691	-0.168926	3484	
-0.025302	0.785237	1938	
-0.653350	-0.480327	4031	
0.332239	-0.729489	2300	
-0.125959	0.833562	507	
-0.453449	-0.722851	3285	
-0.835265	0.240363	2948	
0.197777	-0.898751	4358	
-0.451609	0.802509	5504	
-0.950531	-0.085123	2222	
0.398559	-0.907901	2133	
0.714979	0.687039	3409	
-0.205624	0.637756	2131	
0.553383	-0.360997	3201	
0.279232	0.571203	2957	
-0.410517	-0.036060	5622	
-0.379579	-0.040899	308	
-0.243495	0.576116	3711	
0.539685	-0.100602	945	
0.264140	0.241001	4016	
-0.516547	0.267218	1572	
-0.505388	0.166552	4020	
-0.049354	-0.537814	1441	
0.484704	-0.247081	4203	
-0.122707	-0.482249	1953	
0.183691	-0.525347	3763	
-0.179305	-0.450247	3877	
-0.351943	0.463406	2612	
-0.120325	0.568434	3898	
0.296970	0.089339	4117	
0.535556	-0.295742	2976	
-0.212996	0.590392	3933	
-0.448214	0.472081	3023	
0.400164	0.157011	4557	
-0.531701	0.448153	1724	
-0.056147	0.704136	1857	
0.386513	-0.644649	5288	
-0.755531	-0.200457	613	
0.392923	-0.692610	400	
-0.760096	0.244758	3216	
0.685388	0.453941	4717	
0.804316	0.303864	3553	
0.843415	-0.200996	3848	
-0.273094	0.833612	2413	
0.583509	0.713475	3795	
-0.061212	0.951537	823	
-0.542547	-0.784818	5705	
0.929698	0.345819	1464	
-0.595755	0.324281	3103	
-0.034650	-0.672508	2060	
0.479581	0.320777	3372	
0.620955	-0.132760	361	
-0.568139	0.046426	3263	
-0.421570	-0.001562	473	
-0.025714	0.613383	983	
0.455373	-0.417848	2706	
0.276054	0.158612	4936	
-0.360559	0.024179	3927	
0.262266	0.151879	5425	
-0.339935	0.028490	3941	
-0.511585	0.205533	1398	
0.225010	-0.538265	621	
0.237195	0.401949	893	
-0.245904	-0.426331	1419	
-0.039353	0.587975	1456	
0.308759	0.197416	4299	
-0.329823	0.538587	1292	
-0.537897	0.360738	3328	
0.474711	0.314877	352	
-0.690346	-0.127261	3169	
-0.550449	0.447038	1724	
-0.750232	-0.187522	594	
0.315291	0.683856	3909	
-0.461808	0.645090	2521	
0.377772	0.706952	3114	
-0.103391	0.797865	504	
-0.548467	-0.647165	5169	
0.238781	-0.817882	2668	
-0.773088	-0.418661	4060	
0.673996	-0.626021	2707	
-0.572468	0.720809	1353	
-0.938920	-0.173859	5227	
0.298806	-0.945350	5207	
0.687966	0.714043	1702	
-0.498129	-0.081899	5732	
-0.498806	-0.081565	5732	
0.334920	0.574784	2474	
-0.602948	-0.011628	1858	
0.505809	0.004269	1008	
-0.404949	-0.038856	5622	
-0.553315	0.078416	530	
0.287948	0.487800	1242	
0.418623	-0.455714	2862	
0.146824	0.545020	1956	
0.282304	-0.524645	2731	
-0.239842	-0.440787	1419	
-0.242275	-0.435121	1419	
0.267128	-0.532162	5255	
0.186955	0.522678	2586	
0.340229	-0.517338	2782	
0.323879	0.419013	1027	
-0.537745	0.329324	2954	
-0.274943	0.588945	4526	
0.475097	0.315413	653	
-0.509888	-0.079960	5732	
-0.066926	0.702531	1837	
-0.743458	-0.182005	594	
0.513541	-0.551939	2665	
0.553231	-0.562566	2824	
-0.161440	-0.783288	2693	
0.024857	-0.800300	2670	
0.768971	0.372827	1423	
-0.668259	0.524417	2249	
-0.339656	0.801094	2047	
-0.882557	-0.255107	366	
0.213491	0.895423	5312	
-0.707005	0.639519	4114	
-0.383803	-0.872969	2433	
0.883948	0.449948	1549	
0.462773	0.248659	3455	
0.437739	0.466145	3693	
0.243433	0.590366	3432	
-0.377000	-0.063112	4802	
-0.547792	0.301563	3091	
0.286466	0.489769	1242	
0.528111	-0.086524	1072	
0.270191	-0.554399	5611	
-0.321635	-0.058077	2883	
-0.207718	-0.529553	2210	
0.555434	-0.234958	3244	
0.321754	0.342748	3890	
-0.179577	0.599348	4684	
-0.580749	0.104994	1583	
0.422887	0.431086	3931	
0.504460	-0.443405	2515	
-0.688105	-0.134919	5105	
-0.113098	0.697235	2024	
-0.492316	0.548227	2349	
-0.140730	-0.738504	3116	
0.506273	0.604398	3251	
-0.012230	0.798095	2096	
-0.772830	-0.278859	2974	
-0.370808	0.724328	2742	
0.764282	0.390268	1737	
0.606017	-0.619689	3759	
0.875416	0.022470	3993	
0.863991	0.329568	5564	
-0.886862	0.247082	3300	
-0.830439	-0.471466	558	
0.966525	-0.221094	3513	
-0.506564	-0.083346	4206	
0.284448	0.596239	3113	
0.511487	-0.420808	2034	
-0.566229	0.313331	3178	
-0.411086	-0.015634	4657	
-0.574951	0.220527	3355	
-0.183939	0.597133	4684	
0.086827	0.600564	3541	
0.135847	0.586425	1751	
-0.010066	0.615772	1378	
-0.404427	0.486103	4411	
-0.582122	0.124478	1152	
-0.582716	0.267508	2755	
0.369380	-0.550364	2533	
-0.483767	-0.048645	4380	
-0.633851	0.271228	1906	
-0.547333	0.450876	1724	
-0.721131	0.092639	5371	
-0.233816	-0.714593	1126	
-0.602563	0.464793	1981	
0.730064	0.363854	4810	
-0.792220	0.094645	3213	
0.305428	-0.747574	2444	
0.623768	-0.570079	3520	
0.579959	-0.623436	3917	
-0.498360	-0.716502	5282	
0.583096	-0.711407	3414	
-0.477368	0.787401	5614	
-0.953861	0.006555	4502	
0.094680	-0.948872	4178	
-0.502350	-0.080309	5732	
-0.448851	0.514129	1404	
0.425577	0.479940	5155	
0.435713	0.365919	1474	
-0.604088	0.176973	2327	
-0.461376	0.006106	1219	
-0.492100	0.030810	821	
-0.540532	0.057840	1141	
-0.537012	0.052909	1141	
-0.550045	0.046324	3263	
-0.483116	0.436638	2633	
0.386845	0.106389	4492	
0.400560	0.186200	5684	
-0.503271	-0.080084	5732	
-0.334108	-0.596635	2966	
0.713018	0.184341	549	
0.398684	0.625912	1039	
0.306725	-0.688713	2056	
-0.786058	-0.127507	5137	
0.799478	0.136507	2973	
-0.752363	0.268236	2933	
-0.801864	-0.184340	3686	
-0.168486	-0.827846	4280	
0.129082	-0.841923	2926	
-0.841181	0.218653	1787	
-0.770278	0.501570	502	
-0.002090	0.920515	2094	
-0.736036	0.605798	365	
-0.403769	-0.864038	626	
0.919489	0.372157	1464	
0.498828	0.856890	988	
-0.509014	-0.079756	5732	
0.531770	0.364997	4385	
-0.626862	0.021481	3836	
-0.536606	0.400182	2648	
0.436174	0.038515	4854	
0.388721	0.481795	2079	
0.320189	0.543727	1697	
0.370996	0.500549	646	
0.419539	0.324608	3412	
-0.157414	-0.632028	2855	
0.496287	-0.452834	2515	
0.640166	-0.036568	1679	
-0.661557	0.162242	3630	
0.438084	0.545815	1627	
0.471821	-0.560830	2032	
-0.701665	0.254817	4987	
0.617321	0.451301	3430	
-0.768303	-0.257985	2193	
0.492065	0.631895	447	
-0.775955	0.185874	2629	
-0.800459	0.069989	3213	
-0.575204	-0.624101	1623	
-0.280421	-0.804313	2000	
-0.635000	0.594298	3073	
0.893794	0.098719	4897	
0.396700	0.831303	667	
0.949100	0.094965	743	
-0.693134	-0.656091	3292	
0.988743	-0.073240	4482	
-0.504884	-0.079770	5732	
-0.443772	-0.124110	878	
-0.140387	0.663553	1947	
-0.333155	0.589718	4366	
0.618204	-0.031202	321	
0.472806	0.312551	352	
0.402170	0.140898	4674	
-0.534810	0.415093	1635	
0.177575	0.646504	3485	
-0.494712	-0.084615	4206	
-0.667304	0.069686	1651	
-0.685927	-0.025856	3617	
-0.706274	-0.218745	4917	
-0.745825	-0.155487	5020	
-0.682436	0.313366	5349	
-0.709897	0.246608	3382	
0.446939	0.654641	3383	
-0.733496	0.313885	2988	
-0.803772	-0.108062	1505	
-0.637633	-0.508464	3974	
-0.472163	-0.703006	1226	
-0.359249	-0.772839	3363	
-0.500232	0.711779	2906	
-0.599988	-0.651847	2111	
0.642668	0.660957	4754	
-0.907651	0.154557	3237	
-0.841914	-0.450754	527	
0.926229	-0.228669	642	
-0.498859	-0.081528	5732	
-0.504998	-0.083893	4206	
-0.498402	-0.081761	5732	
-0.497680	-0.082163	5732	
-0.496218	-0.083049	5732	
-0.494730	-0.084323	5732	
0.687420	0.123957	774	
-0.667371	0.073865	1651	
0.042077	-0.690033	3370	
0.075651	0.699832	1840	
-0.625670	-0.351683	3438	
-0.112431	0.724788	2038	
0.706388	-0.240090	4383	
0.752496	0.032589	5139	
0.175263	0.737591	5431	
-0.555890	-0.575491	4649	
0.731658	-0.318061	580	
-0.549407	-0.589888	1081	
0.739818	-0.319306	580	
0.113656	-0.837449	2926	
-0.142078	-0.839347	2917	
-0.549775	0.674041	2601	
-0.879399	0.028830	3515	
0.728876	0.565637	4034	
-0.825386	0.407081	5260	
-0.904101	-0.308593	1277	
0.277502	-0.912477	1059	
-0.510989	-0.080338	5732	
-0.684667	-0.134096	5105	
-0.664100	0.010158	918	
-0.694724	-0.156200	4663	
-0.191362	-0.659781	3033	
-0.340614	-0.605771	4757	
-0.238644	0.666741	2105	
0.384424	-0.595721	4702	
0.352374	-0.642482	2045	
-0.664666	-0.358728	4023	
0.729562	-0.143832	1114	
0.449595	-0.605258	2246	
-0.563073	-0.511689	3316	
0.464675	0.642449	3383	
0.443987	0.665082	3585	
-0.522903	0.607198	2459	
0.800401	-0.018507	1014	
-0.800367	-0.230150	3968	
0.800318	-0.267799	404	
0.353170	-0.775119	806	
-0.728149	0.474868	315	
-0.453725	-0.759670	727	
0.690548	0.611231	5073	
-0.814307	0.428680	4374	
-0.924275	-0.241137	1187	
0.095677	-0.948738	4178	
0.374252	0.917969	3834	
0.689925	0.129588	5148	
-0.545196	-0.409205	1930	
-0.714214	-0.132101	424	
-0.626645	0.325570	2842	
0.453152	0.534054	1627	
0.672531	-0.278282	3809	
-0.532536	0.508147	2685	
0.668495	0.373273	5310	
-0.614045	0.435532	3031	
0.761131	0.126581	418	
-0.457546	-0.601966	3121	
0.776348	-0.115559	4914	
0.702399	-0.370932	706	
0.803452	0.104498	3916	
-0.666689	-0.464929	3737	
-0.790752	0.138484	1532	
-0.148951	0.829431	262	
0.420671	0.736463	5395	
0.780217	-0.338612	2804	
-0.871573	-0.031006	4857	
0.090785	0.900824	3186	
0.530596	0.753337	3260	
-0.862081	0.322537	716	
-0.913140	-0.280741	5006	
0.081597	-0.950080	4118	
0.785411	0.605226	3609	
-0.688170	-0.135195	5105	
0.295705	-0.628687	2077	
-0.651906	0.264653	4232	
-0.729191	-0.218602	406	
-0.358526	0.642393	1756	
0.735658	-0.067827	698	
-0.216120	0.720787	2312	
0.413563	-0.630306	904	
-0.600630	0.457931	1849	
0.237221	0.719336	5272	
0.237123	0.753990	1976	
0.757006	-0.236236	3514	
0.737292	-0.304391	452	
-0.800996	-0.156104	624	
0.258202	0.760727	2797	
-0.801364	0.129945	867	
0.309205	-0.786689	5096	
-0.681785	-0.521107	4758	
0.862233	-0.091521	537	
-0.050278	-0.869364	2324	
-0.920162	-0.032921	5496	
0.209570	0.896291	5312	
-0.921275	0.014926	5325	
-0.863767	-0.407648	290	
0.159641	-0.940079	492	
0.764024	0.632144	3217	
0.636135	-0.259766	3851	
0.523514	0.434388	5372	
0.688515	0.017386	1065	
0.293684	-0.647799	2212	
-0.695203	0.222938	3162	
0.669423	-0.334247	451	
0.074254	-0.748821	3185	
-0.350379	0.669589	2294	
-0.119853	-0.743994	2939	
0.494078	-0.614756	2572	
-0.586336	-0.545931	4458	
0.134228	0.786164	5433	
0.553421	0.585258	4486	
-0.751915	-0.328380	3883	
0.479696	0.646888	857	
0.394102	0.709004	5185	
-0.829176	-0.213234	4334	
0.204527	0.821653	3274	
0.700388	-0.483259	2546	
-0.718797	0.488828	358	
0.664884	0.574501	2912	
0.826327	-0.404242	3587	
-0.268998	0.880673	1102	
0.916288	0.268559	1501	
-0.735994	-0.607659	4790	
0.402057	-0.865076	3987	
0.688800	0.713232	1702	
0.676761	0.330548	4049	
-0.028387	0.731571	2074	
-0.743671	-0.040562	4349	
-0.354140	0.665003	2294	
0.689930	0.351648	703	
-0.371666	-0.656454	4354	
-0.771166	-0.247478	2193	
-0.791432	-0.180789	4749	
0.647610	0.482582	3664	
0.584544	-0.545789	3567	
-0.723285	0.340730	2669	
-0.360014	-0.716548	3100	
-0.377340	0.711311	2742	
-0.508766	0.633858	2816	
-0.842099	-0.126416	3554	
0.487923	0.694399	1211	
0.338521	-0.781567	5090	
0.502398	0.711414	4511	
-0.083415	-0.866713	3210	
0.779790	-0.481669	4703	
0.614482	0.686985	4333	
-0.722085	0.570566	3036	
-0.876742	0.374441	2146	
-0.500845	-0.811885	320	
0.945931	-0.124685	3542	
0.565474	0.814499	1805	
0.221737	0.719159	5683	
-0.683941	0.315076	5349	
-0.126604	-0.742838	3116	
-0.677794	0.397344	4255	
-0.793819	-0.160079	624	
0.613226	0.521944	3331	
0.640225	-0.478497	2208	
-0.739119	0.303775	2988	
-0.446437	-0.667628	3618	
0.343022	0.726410	2940	
0.280405	-0.756784	2519	
0.838793	-0.042329	3324	
0.102293	-0.838565	2822	
0.089615	0.841649	300	
0.441030	-0.728400	2190	
0.802386	0.357109	3843	
-0.736382	-0.477374	3793	
-0.818991	-0.344533	5252	
0.917091	-0.076108	5661	
-0.243448	0.888014	5342	
-0.912871	-0.139226	5560	
-0.886347	-0.356216	3651	
-0.104710	-0.947756	1103	
0.968750	0.212841	3565	
0.737879	0.347880	1040	
-0.159998	0.781907	2466	
0.199456	-0.774935	2628	
-0.144459	0.787460	2401	
-0.767317	-0.292888	4651	
0.014411	-0.800426	2780	
-0.326484	0.735631	2686	
0.730388	-0.339219	1767	
0.804716	-0.233552	3563	
-0.425750	-0.731020	490	
0.675136	0.521489	323	
-0.773397	-0.381279	4021	
0.816435	-0.237228	404	
-0.159626	0.854841	307	
-0.562352	-0.668245	2394	
-0.867713	0.130077	3528	
0.789969	-0.471312	5447	
0.044174	0.919333	5017	
-0.861207	0.324677	1047	
-0.922465	0.241304	595	
-0.519111	-0.800312	272	
0.462036	-0.834538	5384	
0.724788	0.676651	3409	
0.453054	0.664516	3585	
-0.333475	0.732337	2686	
-0.803775	-0.167124	3686	
0.800387	0.203097	4269	
-0.785517	-0.325451	4927	
-0.830857	0.135230	1432	
0.735176	-0.414627	2268	
0.178338	0.827390	3318	
-0.378385	-0.763409	2112	
0.807652	-0.265481	412	
0.762055	0.432981	3580	
-0.868944	-0.098164	4071	
0.803336	-0.336440	2375	
0.756769	0.488002	3590	
0.920473	-0.019436	1291	
-0.038768	0.919720	2390	
-0.854092	0.342867	1047	
-0.536013	0.788457	4017	
-0.677274	-0.672312	3797	
0.102953	-0.947868	4178	
0.957243	0.259897	1312	
0.399050	0.907482	3834	
0.785272	0.347359	3545	
0.548089	0.648711	5452	
-0.011264	0.846277	1239	
-0.761993	0.370796	3262	
0.179752	-0.832241	3030	
0.818981	-0.227894	3275	
0.675005	-0.541122	3077	
-0.630517	0.598683	3073	
-0.748768	-0.458547	3612	
0.848049	-0.198383	3848	
0.262495	-0.845693	2345	
0.447335	-0.804124	5204	
0.476176	0.788626	2434	
-0.460736	0.797166	5504	
-0.912492	0.122273	4697	
-0.811763	0.499819	905	
-0.661321	-0.687955	3797	
0.029746	-0.953020	4871	
0.715104	-0.686748	3812	
0.511813	0.849205	988	
-0.747277	0.443251	2985	
-0.848279	0.187416	1634	
-0.866756	-0.122323	3918	
-0.623902	-0.612548	2088	
0.405540	-0.770888	2126	
0.723752	0.499969	1771	
-0.144913	-0.870709	2865	
-0.919195	0.036989	301	
0.917833	0.086139	1961	
0.269810	0.880103	5584	
-0.479985	0.785669	5614	
-0.891078	0.230691	3452	
0.456928	-0.835997	5336	
-0.903264	-0.310889	1277	
-0.444747	-0.843770	5426	
0.212987	-0.929457	546	
0.869257	-0.476738	5026	
0.144386	0.980769	2227	
0.800428	-0.453218	2897	
0.902858	-0.175821	3344	
0.881710	0.277822	801	
0.586466	0.710880	3795	
0.193651	0.899775	855	
-0.245017	0.887550	5342	
-0.648110	0.653404	3728	
-0.880938	0.266759	3568	
-0.899813	-0.211486	3705	
-0.203971	0.931329	788	
-0.855965	-0.423599	493	
-0.466940	-0.831793	729	
0.030435	-0.953029	4871	
0.623764	-0.721251	3027	
0.353229	0.926230	1855	
-0.796140	-0.469416	638	
-0.761025	-0.523455	390	
-0.534850	-0.750938	5480	
0.806765	0.509347	1750	
-0.807308	0.506904	905	
-0.895839	-0.331587	495	
-0.670854	-0.678654	3797	
-0.387353	-0.871377	2433	
-0.066956	-0.951073	1119	
0.336074	-0.892605	1250	
0.803403	-0.513750	246	
0.850676	0.509786	4399	
0.413943	0.900794	4470	
0.295792	-0.906686	1628	
0.306761	-0.903020	1591	
0.370484	-0.879010	4771	
0.482675	-0.822715	5595	
0.627603	-0.717872	4111	
0.815970	-0.493626	4528	
0.513914	-0.847848	3855	
0.724073	0.677410	3409	
0.428589	0.893841	4470	
0.149811	0.979965	2227	
-0.032033	0.990862	1340	
-0.194533	0.972270	335	
0.002729	0.991336	4074	
0.007186	0.991307	4188	
-0.013450	0.991279	1340	
-0.114561	0.984887	383	
-0.258849	0.957003	4744	
