time = 233.4	Re = 90
0.761808	0.635093	3549	
0.733100	0.668006	1793	
0.684542	0.717704	1689	
0.528897	0.838826	4018	
0.258926	0.957150	4873	
-0.720758	-0.626808	1376	
-0.691775	-0.658679	5211	
-0.620670	-0.725782	245	
-0.497065	-0.814627	396	
-0.302785	-0.904885	1003	
-0.016292	-0.953950	1752	
0.745020	-0.598259	3629	
0.974656	0.181098	1569	
0.792753	0.595871	1245	
0.541597	0.830641	4018	
0.331359	0.934618	2236	
0.076655	0.988502	3558	
-0.225445	0.892775	5608	
-0.258460	0.883710	5044	
-0.400390	0.829460	4611	
-0.895795	-0.259118	2768	
0.531119	0.790510	728	
-0.662201	0.684699	329	
-0.934270	0.185877	246	
-0.929817	-0.209085	1268	
-0.766393	-0.569447	1531	
-0.410051	-0.861560	5402	
0.146208	-0.942646	5075	
0.976312	0.171773	1414	
0.638308	0.759032	1497	
-0.457140	-0.798210	3482	
-0.445124	-0.804862	4034	
-0.163378	-0.904189	2638	
0.311256	-0.864042	5017	
0.734346	-0.552866	5504	
0.912099	-0.112154	2713	
0.835677	0.386879	5496	
0.433217	0.814387	5398	
-0.111759	0.913662	3368	
-0.125654	-0.935280	3538	
-0.885829	0.349933	4413	
-0.894143	-0.330177	435	
-0.529277	-0.794076	377	
0.132529	-0.944594	5075	
0.913028	0.386022	3299	
0.445619	0.885917	2621	
-0.293924	-0.820957	1910	
-0.322809	-0.810370	2606	
-0.117011	-0.862825	5487	
0.196735	-0.846860	3254	
0.571031	-0.657197	2354	
0.866379	-0.082361	3366	
0.200558	0.854005	2503	
-0.787878	-0.405629	4636	
-0.883780	0.235179	4849	
0.703505	-0.591432	4335	
0.858377	0.331570	301	
0.206493	0.897820	5480	
-0.603140	0.696211	4518	
-0.911047	0.277661	5262	
-0.802067	-0.517005	1158	
-0.210205	-0.930531	765	
0.715911	-0.684748	347	
0.080738	0.988110	3558	
0.244364	0.811256	3994	
0.311394	0.789185	3613	
0.153664	0.832002	1226	
-0.228317	0.812952	3668	
-0.680756	0.501500	5055	
-0.780409	-0.334228	1994	
0.354865	-0.773616	864	
0.851387	0.022103	3581	
-0.668620	-0.568717	4539	
0.698144	-0.520258	3652	
0.112617	0.869121	727	
0.687237	-0.574404	2397	
0.617372	-0.680633	5381	
0.765394	0.515956	685	
-0.164792	0.905496	1629	
-0.035230	0.950791	993	
-0.875351	-0.377398	938	
-0.271274	-0.914572	786	
0.553572	-0.821306	335	
0.401314	0.906802	1709	
0.785819	-0.170666	2143	
0.695945	-0.402737	2728	
0.788197	-0.158607	2143	
0.737435	0.327981	395	
0.049791	0.806465	3100	
-0.721054	-0.386496	3736	
-0.117355	0.821387	838	
0.460566	-0.702108	262	
0.100586	0.839375	4254	
-0.842253	-0.066372	404	
0.637365	-0.566058	2162	
-0.846625	-0.173560	2947	
0.763887	-0.417373	2525	
-0.545412	0.686812	2791	
-0.709128	-0.587526	3707	
0.894516	0.212379	3237	
-0.017419	0.920233	344	
0.325287	0.894404	2566	
-0.831526	-0.467290	5385	
-0.085783	-0.950009	4973	
0.897331	0.421194	1550	
0.164473	0.977766	3500	
-0.481677	0.625252	2628	
-0.331823	0.714946	2780	
-0.484375	0.623029	2559	
-0.783612	0.088025	977	
0.187876	-0.772409	4477	
0.363866	0.720847	4647	
-0.794993	0.074966	706	
-0.341668	-0.732144	4556	
0.681069	0.457765	1428	
-0.600966	-0.573537	1490	
-0.240870	-0.805172	4265	
0.076728	0.841619	4254	
-0.661001	-0.551726	4539	
0.848359	0.071494	2980	
0.426094	-0.758045	1370	
-0.022100	0.875385	3063	
-0.911942	-0.071150	5519	
0.872778	0.290155	5274	
-0.212287	0.895546	4642	
-0.759071	0.575155	5595	
-0.621743	-0.724486	245	
0.368145	-0.879969	2242	
0.477660	0.868913	1617	
-0.710964	-0.222057	698	
-0.748619	0.029471	451	
-0.678991	-0.326262	5139	
0.034654	-0.751644	874	
0.751779	-0.059233	1442	
-0.756198	-0.028189	4835	
0.521398	-0.586336	2548	
-0.135438	0.775804	946	
-0.036200	-0.794009	2940	
-0.633733	0.488517	400	
-0.330884	-0.736601	4556	
0.323320	0.745732	386	
0.756967	-0.311268	3377	
0.802320	0.251479	1684	
-0.842673	-0.057112	404	
0.840868	-0.135810	2998	
0.471366	-0.730873	307	
-0.357900	0.799412	2860	
-0.038538	-0.917235	667	
0.612588	0.691620	290	
-0.621516	0.679482	5387	
-0.906042	-0.295316	5585	
-0.114493	-0.946932	665	
0.824026	0.551367	3639	
0.548225	-0.481921	2102	
0.482376	-0.546755	2272	
0.717816	-0.127799	5420	
0.266572	0.680724	1656	
0.647266	-0.362724	1845	
0.371871	-0.648592	1963	
-0.160111	0.732132	3116	
0.020797	-0.751983	874	
-0.199401	0.730105	2939	
0.458622	-0.635746	2251	
-0.509630	0.602217	2330	
0.759433	0.234814	3213	
-0.693321	-0.423847	2973	
0.720548	0.371240	3776	
0.463177	-0.671838	2527	
0.800912	0.255716	1684	
-0.784459	-0.320364	3261	
-0.129347	0.849275	1298	
0.811235	-0.314813	3574	
-0.407501	-0.789454	3838	
0.910594	-0.121364	2713	
-0.097951	0.914998	3368	
-0.783961	0.540462	1004	
-0.439859	-0.846468	5545	
0.905850	-0.301704	4114	
0.102531	0.986077	1596	
-0.682519	-0.049221	4822	
-0.682935	-0.046254	4822	
0.686957	-0.091183	2812	
0.250973	-0.655708	1969	
-0.694939	0.126507	3835	
0.527373	0.534601	3445	
0.706259	0.140385	4039	
0.075304	-0.731133	684	
0.557147	-0.501519	2304	
-0.603778	0.448409	5288	
0.711352	-0.255271	2724	
-0.776796	0.053246	598	
0.000734	0.787553	2878	
0.783897	-0.141728	5379	
-0.680137	-0.450317	2192	
0.533602	0.626356	5493	
0.714800	0.421257	1489	
0.037285	0.843713	3363	
0.357224	-0.771984	864	
-0.458108	-0.743931	1771	
0.058954	0.873588	2112	
-0.127157	-0.909191	2434	
0.394530	0.833313	5266	
-0.129931	-0.931313	3538	
-0.638953	-0.709333	1190	
0.517183	-0.801709	556	
0.187622	0.973530	1806	
0.582176	0.409719	4663	
0.138483	0.668355	644	
0.566030	-0.404440	2174	
0.136680	0.687055	1320	
-0.092676	-0.694652	969	
0.111067	-0.716400	5701	
0.047769	0.726289	2232	
-0.679586	-0.296869	4874	
-0.200551	0.722092	2004	
0.608075	-0.448975	1601	
-0.777917	0.008678	580	
-0.304100	0.726276	2827	
0.554363	0.601230	2040	
-0.298150	-0.748984	4486	
-0.564139	0.578188	2444	
0.370640	-0.751985	1264	
-0.842494	0.057355	1982	
0.639708	0.583411	4313	
0.868866	-0.036804	4755	
0.797616	0.428888	3899	
0.730183	0.565668	366	
-0.709226	0.587362	5130	
-0.746256	-0.595328	1189	
0.389115	-0.870815	617	
0.226134	0.965259	4638	
0.425546	0.270032	4206	
-0.580519	-0.385433	5148	
0.584141	0.388807	5105	
0.461733	0.515701	996	
-0.648485	0.249137	2145	
-0.004029	-0.698128	4395	
-0.597951	0.380941	4702	
-0.180910	0.700878	2918	
0.362096	0.640121	1573	
-0.719779	-0.161018	1660	
-0.442659	0.606833	681	
0.751698	0.025699	4198	
0.382917	-0.683119	2207	
-0.776410	-0.121461	1899	
-0.792137	0.100905	977	
0.765862	0.237324	3213	
0.810425	0.100253	3322	
-0.304053	0.787061	1798	
0.778156	-0.346738	1633	
0.679223	-0.543735	2992	
-0.368429	-0.807316	3310	
0.867090	0.306643	5369	
-0.601814	0.696706	4518	
-0.786286	-0.540725	5013	
0.372964	-0.877774	2242	
0.191828	0.972712	1806	
0.434866	0.267904	5732	
0.440487	0.270696	5732	
0.430149	0.267282	5732	
0.436638	0.268434	5732	
0.435391	0.268036	5732	
-0.580591	-0.385890	5148	
0.161547	0.662687	438	
0.372697	0.572204	702	
-0.508462	0.493159	2212	
-0.538963	0.488470	2136	
-0.050824	0.726207	4323	
0.406620	-0.627423	2051	
-0.643063	-0.431907	339	
-0.713422	0.260575	2757	
0.151574	0.773855	3215	
0.586713	0.571277	4161	
0.001260	-0.801175	2919	
-0.449233	-0.689569	4717	
0.568598	0.639045	4021	
0.439387	-0.728602	507	
0.398765	-0.772380	561	
-0.876317	-0.049198	2379	
0.900228	0.185173	3562	
-0.594685	0.702735	2415	
-0.763941	-0.572216	1531	
0.457266	-0.837175	1468	
0.082036	0.987907	3558	
-0.422632	0.896731	5473	
0.424496	0.269194	4206	
-0.459893	-0.436635	4939	
-0.047354	0.673867	4159	
0.375155	0.466090	1010	
0.351663	0.542665	5571	
0.366880	0.262101	733	
-0.257632	0.633868	2664	
0.436413	0.268371	5732	
0.350451	0.584895	1930	
0.586444	0.334667	3552	
-0.688544	0.160666	2876	
0.516153	-0.515167	1996	
0.169331	-0.715394	4345	
0.090417	0.743971	4354	
0.750073	-0.077187	5158	
0.719908	-0.312393	3153	
-0.011568	-0.793547	2017	
-0.426077	-0.690804	4986	
-0.632968	0.501744	400	
0.835903	-0.077944	2982	
0.093110	-0.844953	3536	
0.156435	-0.854428	3318	
-0.867005	0.131799	2414	
0.890092	0.229274	3741	
-0.658945	0.643052	363	
-0.661472	-0.688383	4942	
0.645142	-0.702756	5555	
-0.438567	-0.269495	5736	
0.598722	0.257188	252	
0.375508	0.254546	2155	
-0.337457	0.587681	3487	
-0.341453	-0.438462	4901	
-0.327201	-0.554234	3840	
-0.355251	-0.526920	4322	
-0.642070	-0.140081	331	
0.384384	0.490010	1315	
0.428700	0.267326	5732	
0.260517	0.628855	608	
0.172015	-0.679406	5285	
0.661414	-0.261276	2685	
0.361249	0.640115	1573	
0.553381	-0.505084	2304	
0.018772	-0.751690	874	
-0.559993	-0.576880	1471	
-0.736878	-0.278217	4290	
-0.693954	-0.422211	2973	
-0.277556	0.756994	3060	
0.747020	-0.383678	2475	
-0.049078	-0.849146	3426	
0.249190	-0.832015	2861	
-0.840156	-0.257673	581	
0.808861	0.441098	5657	
-0.810235	0.436684	3414	
-0.473262	-0.828093	343	
0.954967	0.024453	5061	
0.427246	0.270690	4206	
0.652705	0.150329	3783	
0.365596	0.453526	1124	
-0.537686	-0.255882	1106	
0.377829	0.239723	5693	
-0.615839	-0.165138	3658	
-0.446810	-0.215856	1867	
-0.393143	-0.221977	5209	
-0.578033	-0.213148	275	
0.525058	0.244266	1929	
-0.129608	0.660132	2978	
0.580334	0.378561	5105	
-0.640764	0.268839	2273	
-0.591947	0.390155	4702	
0.719680	-0.112630	4091	
-0.371028	0.644809	2767	
-0.659982	-0.388088	5348	
0.567770	0.563192	3915	
-0.782321	0.088773	792	
-0.741240	-0.299835	4290	
-0.231560	0.772138	3158	
0.810871	-0.217542	2243	
0.324402	-0.785650	1239	
0.592294	-0.637007	2302	
0.050291	-0.884673	3364	
0.541770	0.747250	638	
0.947245	-0.026586	3391	
-0.177284	-0.937030	4342	
0.606916	0.783987	5041	
0.441068	0.271188	5732	
0.612127	0.235396	252	
0.381762	0.503282	1150	
-0.363490	-0.477841	5192	
-0.661314	-0.014236	3387	
-0.298295	-0.443919	4306	
0.548318	-0.378937	3539	
0.655814	0.007294	1725	
0.644202	0.071943	3175	
0.626897	-0.227600	2687	
-0.298429	-0.324853	5684	
0.306105	0.361686	4476	
-0.398189	-0.482012	288	
0.379223	0.568353	4522	
0.523828	-0.474123	1877	
-0.685775	-0.200043	4585	
0.696237	-0.251940	2499	
-0.739593	0.124837	1314	
-0.680545	-0.350262	4798	
-0.780332	0.105253	792	
-0.699452	-0.409991	3916	
-0.516439	0.620520	2559	
0.755944	0.377612	1648	
0.699762	-0.485397	3663	
0.839562	-0.226959	2353	
-0.462870	0.784223	4488	
0.056778	0.918599	2682	
-0.945761	0.110160	1962	
0.234700	-0.924195	4958	
0.126191	0.983322	2641	
-0.524325	0.841335	2216	
-0.439171	-0.270077	5736	
0.351115	-0.586345	1775	
0.116266	0.653815	2356	
0.503977	0.239211	656	
-0.545716	-0.228566	3582	
0.566395	-0.351048	1907	
0.279279	0.304695	260	
0.263806	0.474489	419	
0.250021	0.532977	1350	
0.243276	0.543248	2100	
0.265265	0.493434	4276	
0.538658	0.210490	3353	
-0.292034	-0.359007	5034	
-0.386429	-0.245075	5064	
0.425287	0.269874	4206	
0.601255	0.278365	732	
-0.450665	0.551184	4483	
-0.007906	-0.732877	5206	
-0.726985	0.187423	1844	
-0.497870	-0.602261	463	
-0.764004	-0.180349	4329	
-0.432577	-0.687182	4986	
-0.761012	-0.269756	1331	
-0.061715	0.841270	2000	
0.843737	0.109816	1524	
0.733170	0.482974	4589	
0.564416	-0.724115	5342	
-0.485498	0.781885	4488	
-0.686743	-0.663087	4969	
0.727305	-0.617279	1327	
0.430505	0.267280	5732	
0.435573	0.271886	4206	
0.545045	0.261634	1511	
-0.314312	-0.354563	4003	
-0.655267	-0.053820	3172	
0.332222	-0.570732	1775	
0.287169	0.287442	387	
0.261332	0.498218	5245	
-0.089258	0.627121	3136	
-0.244674	0.591723	4149	
-0.322473	0.556460	3723	
-0.364389	0.532222	1820	
-0.238320	0.596411	3940	
0.226999	0.561051	3293	
0.628376	0.121077	1334	
0.342095	0.468091	3756	
0.440306	0.270505	5732	
-0.545179	-0.457786	5240	
0.484725	0.540140	2732	
0.157883	-0.717184	5711	
-0.731483	-0.138498	1114	
-0.674788	0.390368	2485	
-0.287243	-0.743319	4909	
-0.020443	-0.800912	3145	
0.673397	-0.461380	2505	
-0.792772	0.290055	3520	
-0.846095	-0.167923	3325	
-0.616748	0.621879	4270	
0.818781	0.421394	4600	
-0.894718	0.216911	4849	
-0.184885	-0.935481	4342	
0.556332	0.820625	4180	
0.432040	0.271675	4206	
0.424885	0.267993	5732	
-0.387651	-0.386949	5007	
0.536055	-0.421995	2041	
-0.672778	0.052176	2932	
-0.406663	0.532252	597	
0.006163	-0.648433	3432	
0.362601	0.213327	4998	
0.260848	0.488275	4276	
-0.086826	0.626194	3136	
-0.244342	0.585213	4149	
-0.287252	0.562155	1229	
-0.320759	0.544249	5094	
-0.380109	0.507693	3647	
-0.462879	0.439829	5249	
-0.491127	0.421571	1129	
-0.308369	0.566896	3723	
0.266812	0.448940	4577	
-0.306613	-0.303879	5057	
0.412432	0.455312	660	
-0.591921	-0.388323	2439	
-0.404317	0.585007	5621	
0.687425	0.250500	3450	
-0.215366	-0.722884	2962	
0.548310	-0.560415	2576	
0.756962	0.239874	3213	
0.741857	-0.305375	3166	
-0.259613	-0.797740	4265	
-0.369255	-0.768597	2912	
0.648755	-0.579384	2848	
0.804425	-0.384201	2158	
0.041889	0.919275	3070	
-0.943104	-0.132604	1203	
0.438609	-0.846850	823	
-0.143641	0.980805	2218	
0.331862	0.558018	5142	
0.336117	0.554819	5142	
-0.157794	0.654395	3575	
0.665698	-0.114554	3104	
-0.659671	0.110156	3201	
0.124180	-0.641353	4985	
0.363929	0.212069	4998	
0.222940	0.539844	3388	
-0.037677	0.626817	3576	
-0.156216	0.605018	3645	
-0.130339	0.605353	3577	
-0.060954	0.605810	3238	
-0.015700	0.600617	1971	
-0.032988	0.601589	2064	
-0.140699	0.597613	3577	
-0.350989	0.522400	1820	
-0.518144	0.374017	2809	
-0.537388	0.364692	2533	
0.200204	0.581286	5181	
-0.296464	-0.410900	5015	
-0.239440	0.636712	2048	
-0.224218	-0.642219	4121	
-0.687876	-0.192716	4460	
-0.522031	-0.565631	5708	
0.710561	-0.256064	2724	
0.249158	0.749587	4541	
-0.770982	0.210156	2208	
-0.280361	0.755631	3060	
0.557181	0.647929	5591	
0.850323	0.028769	3656	
0.660288	0.583106	3264	
0.843252	-0.363261	3728	
-0.737874	0.550316	5437	
-0.367020	-0.880163	5077	
0.990522	-0.020315	3492	
-0.663695	0.022240	1890	
-0.657729	0.123785	3201	
-0.363462	-0.231800	1125	
0.032698	-0.648234	3204	
0.638749	0.075780	3221	
0.262578	0.346159	543	
0.125818	0.596698	1783	
-0.036568	0.621483	3576	
-0.052767	0.612444	3326	
0.030245	0.596493	2202	
0.130008	0.542748	1213	
0.154587	0.502246	1722	
0.178373	0.390699	1717	
0.176225	0.397743	1067	
0.167036	0.437692	4028	
0.098489	0.556235	1379	
-0.100521	0.600517	2997	
-0.470824	0.425843	1129	
-0.587287	0.272234	3396	
0.102143	0.622666	2108	
-0.299723	-0.423101	4282	
0.371297	0.310781	319	
-0.660184	0.242737	2537	
0.664577	0.272191	1958	
0.530272	0.563410	4214	
0.279740	0.705715	3035	
-0.781630	-0.076131	3232	
-0.151279	-0.788099	3585	
0.598895	-0.553759	2383	
-0.842638	0.040128	1982	
-0.473775	-0.732503	1075	
-0.636412	-0.620737	4096	
0.297926	0.871691	5065	
-0.828830	0.467848	503	
0.373796	-0.877160	2242	
-0.141760	0.981032	2218	
0.289012	0.279804	5131	
0.299285	0.265135	4457	
0.275490	0.305725	260	
0.238993	0.489173	1179	
0.148054	0.585218	1732	
0.053184	0.611847	2646	
0.018214	0.607193	2445	
0.070642	0.586996	1990	
0.154855	0.514560	1492	
0.176019	0.416143	2293	
0.243989	0.245417	825	
0.521691	0.125089	1063	
0.576795	0.076166	1394	
0.606539	-0.030251	3243	
0.590670	0.043087	3660	
0.437722	0.136832	879	
0.173534	0.403502	2293	
0.044790	0.580664	1990	
-0.387574	0.495004	3647	
-0.613654	0.187189	2818	
0.090046	0.625970	2841	
-0.305868	-0.305524	5057	
0.430461	0.267266	5732	
-0.641809	0.300607	2467	
-0.392562	0.615762	5163	
-0.747718	0.018663	651	
0.009987	-0.781994	2017	
0.721720	0.345138	4970	
0.699078	0.418078	1505	
0.709630	-0.447793	2869	
0.759573	-0.384467	2475	
0.829718	0.261628	3621	
0.645534	-0.653019	4597	
-0.731841	0.558270	5437	
-0.338393	-0.891486	1830	
0.965859	0.221293	3957	
-0.576514	0.806529	4975	
0.150893	0.550038	1503	
0.129316	0.568558	1488	
0.114748	0.576525	1488	
0.109482	0.577015	1488	
0.119670	0.565908	1488	
0.154363	0.523393	1492	
0.177930	0.446626	4028	
0.224611	0.276942	811	
0.342811	0.162684	4119	
0.608439	-0.029178	3243	
0.209026	-0.555373	3014	
-0.117974	-0.451278	5033	
-0.156777	-0.336688	964	
-0.229655	-0.216379	1808	
-0.204689	-0.248600	4936	
-0.121432	-0.431935	1325	
0.043222	-0.565620	2583	
0.388876	0.142480	881	
0.138319	0.511287	1571	
-0.362464	0.510885	1820	
-0.625286	0.140431	3427	
0.186584	0.589979	5540	
0.310813	0.397905	3583	
0.024625	0.684579	4361	
0.680551	0.148935	3783	
-0.370846	0.644175	2767	
0.749544	-0.079191	5158	
-0.356221	0.701256	2584	
-0.556771	-0.601163	1040	
-0.276965	-0.766842	1112	
-0.794819	0.283747	3688	
-0.587893	-0.647993	3886	
-0.656844	-0.598466	3964	
0.184497	0.901937	5054	
-0.948622	0.080371	1257	
0.533953	-0.790236	788	
0.461432	0.142788	1118	
0.331117	0.170274	308	
0.288125	0.199690	4770	
0.340145	0.165135	900	
0.389972	0.149414	473	
0.564205	0.097877	1152	
0.602144	-0.143007	2666	
0.326805	-0.511052	897	
-0.133910	-0.409564	4321	
-0.264900	-0.180997	4830	
-0.586667	0.039659	1443	
-0.291093	0.508647	2509	
-0.054970	0.549538	3543	
0.039946	0.510453	1856	
0.022740	0.521811	1856	
-0.173033	0.545777	1630	
-0.575979	0.156865	2794	
-0.138170	-0.375997	1282	
0.585969	-0.180958	2437	
0.140634	0.506698	1571	
-0.428742	0.461085	635	
-0.628093	0.153051	2893	
0.306478	0.271118	5304	
-0.482304	0.480347	2367	
0.686896	-0.091789	2812	
0.623140	0.424109	3798	
-0.179709	0.726746	2939	
0.254625	0.737423	5198	
0.677546	-0.417373	2720	
0.796160	0.077076	3216	
0.700967	-0.460884	2869	
0.817319	-0.237187	2249	
0.728531	0.490047	4589	
0.900979	-0.176556	356	
-0.849749	0.353141	5666	
-0.074583	-0.950510	4129	
0.289750	0.948052	1791	
-0.392239	-0.122813	3914	
-0.258308	-0.191100	4379	
-0.208163	-0.252134	4936	
-0.209909	-0.249212	4936	
-0.250329	-0.198241	4379	
-0.383312	-0.122935	3710	
-0.586726	0.028488	1443	
-0.407979	0.433917	880	
-0.023982	0.544396	2740	
0.116330	0.382979	5686	
0.373995	0.108574	4210	
0.577873	-0.061191	2898	
0.433881	-0.394499	3789	
0.329078	-0.474812	3992	
0.351888	-0.460507	3992	
0.534876	-0.251343	3654	
0.312430	0.126145	5448	
-0.050303	0.546806	3624	
-0.338915	-0.129760	4604	
0.339643	-0.495130	897	
0.116493	0.536126	1479	
-0.563254	0.294620	3698	
-0.600631	0.249607	3058	
-0.318319	-0.477646	653	
0.426490	0.267586	5732	
-0.632119	-0.271834	828	
0.679311	-0.291644	2760	
0.655137	-0.376131	1845	
-0.307291	0.723558	2827	
-0.457590	-0.672394	5551	
0.154631	-0.797158	3025	
-0.831161	-0.142539	3302	
0.133201	-0.857489	3236	
0.684753	-0.566249	2992	
-0.271229	0.879073	3471	
-0.682508	-0.667237	4969	
0.846745	-0.439047	5076	
-0.549099	0.825457	4437	
0.485236	-0.338984	2588	
0.579771	-0.049729	1572	
0.554140	0.039058	3531	
0.500746	0.085751	3758	
0.539630	0.058662	3320	
0.547443	0.049107	3320	
0.572383	-0.145580	2815	
0.373991	-0.446711	3922	
0.129115	-0.538233	1439	
-0.084289	-0.409362	4875	
-0.539284	-0.025915	4284	
-0.530885	0.236595	2671	
-0.170206	0.520184	1441	
0.034623	0.447973	1888	
0.018704	0.467057	3154	
-0.413487	0.399801	4516	
-0.408126	-0.086216	4131	
0.409162	-0.416430	3929	
0.107305	0.392878	5593	
-0.429204	-0.110213	1162	
0.599004	-0.112012	2849	
-0.034362	0.594288	2064	
-0.626683	0.092670	3119	
0.062534	0.632345	2646	
-0.269940	-0.593210	569	
-0.589766	-0.393811	5148	
0.661631	0.280870	1958	
-0.277569	0.695719	2808	
-0.733710	0.261302	2888	
0.667592	0.466330	4749	
0.193525	0.784616	4646	
0.558801	0.646166	4021	
0.759349	0.396026	3392	
-0.429267	0.762125	3347	
0.625529	0.679440	402	
0.804487	0.505033	5311	
0.396300	-0.867214	617	
-0.255726	0.957767	3784	
0.555278	-0.138953	2872	
0.505392	0.050512	4231	
0.284724	0.113211	5419	
0.191783	0.202010	1897	
0.120787	0.294727	3527	
0.100127	0.328606	2677	
0.132101	0.277677	4295	
0.176470	0.219280	1036	
0.324356	0.094424	3941	
0.449286	0.071517	3716	
0.558017	-0.112944	2736	
0.129879	-0.510722	1642	
-0.149475	-0.230710	5278	
-0.389134	-0.066953	5019	
-0.330192	-0.077657	3863	
-0.017960	-0.435085	2514	
0.386288	0.080256	4559	
-0.000792	0.483353	3877	
-0.084709	-0.389025	3653	
0.130255	0.340342	5464	
-0.231609	-0.209719	4117	
0.243976	0.233337	4183	
-0.381467	0.496394	3647	
-0.639245	0.053611	2976	
0.537367	-0.397043	4366	
0.436895	0.268519	5732	
-0.599384	-0.423970	886	
0.146856	0.726652	2518	
0.693319	0.286412	408	
-0.785634	0.006953	580	
0.155830	-0.784956	4532	
-0.734679	0.384406	2814	
0.049342	-0.847224	3222	
0.861340	0.115708	1787	
0.525512	-0.752157	1932	
-0.816339	0.424323	3414	
-0.089542	-0.949165	4973	
0.288863	0.948262	1791	
-0.493544	-0.016115	3139	
-0.337794	-0.058939	4024	
-0.232593	-0.111060	4772	
-0.076475	-0.282341	4072	
0.050800	-0.458595	4915	
0.449446	-0.324620	2617	
0.132658	0.232127	1321	
-0.121733	0.500238	2044	
0.301489	0.072917	4454	
0.384272	-0.390399	2440	
0.072191	-0.469232	4889	
-0.032861	-0.348014	475	
-0.070623	-0.288060	4072	
-0.088245	-0.266558	3405	
-0.067689	-0.291450	4072	
-0.006680	-0.393781	3398	
0.537313	-0.121874	1882	
-0.273843	-0.100984	4756	
0.114349	0.298611	3527	
-0.105828	-0.341144	3314	
0.016993	0.522143	1856	
-0.036413	-0.537347	1611	
0.098626	0.549706	1607	
-0.625363	0.089545	3119	
-0.053541	0.641038	3123	
-0.320501	-0.336292	4666	
0.686426	-0.096266	2812	
0.198212	0.699650	1816	
-0.702535	-0.244247	4693	
0.734557	0.266088	5320	
-0.788572	-0.111604	3015	
-0.749558	-0.301869	1373	
-0.826697	0.167746	2278	
-0.203838	-0.843809	4511	
0.492240	-0.737082	2310	
-0.342863	0.853770	5541	
-0.564540	-0.768969	1750	
0.944678	-0.133537	285	
-0.655689	0.743551	2233	
0.438202	-0.316542	2343	
0.501098	-0.013498	976	
0.242938	0.068110	754	
0.025176	-0.420295	4081	
0.408079	0.045546	4724	
0.208335	0.128206	4935	
0.099562	0.245910	4926	
0.034210	0.331768	5467	
0.012510	0.371596	3496	
0.020791	0.355970	5276	
0.042303	0.317531	4732	
0.066427	0.282835	5067	
0.109700	0.235116	5036	
0.168936	0.173170	5251	
0.140525	0.203761	1037	
0.043785	0.314699	4732	
-0.126153	0.477274	2044	
-0.037945	-0.335650	475	
-0.515886	-0.015851	3995	
0.097503	0.325777	3470	
0.369825	-0.446528	3922	
-0.514973	0.303746	2591	
0.563341	0.080645	1761	
-0.373430	0.501479	3647	
-0.636983	0.001729	1763	
-0.321318	-0.501253	3372	
0.248710	0.633709	608	
-0.706015	0.069641	2846	
0.664132	0.361759	4086	
-0.454591	-0.628923	4422	
0.785774	-0.120596	2164	
0.279169	0.760099	1081	
0.478929	0.703708	3601	
0.677314	0.536536	4709	
-0.699824	0.525610	2190	
0.341361	0.855643	4913	
-0.858064	0.411248	3768	
0.661920	-0.686558	882	
0.509061	-0.174521	3037	
-0.200669	-0.110303	5168	
0.506341	-0.022102	778	
0.216851	0.093830	5694	
0.126526	0.196343	1207	
0.117341	0.205078	487	
0.183133	0.135621	633	
0.425272	0.030941	4059	
-0.018119	-0.301399	926	
-0.517057	0.070340	1026	
-0.277393	0.435467	2366	
-0.080364	-0.230494	563	
0.079965	0.238970	5460	
0.081355	0.264844	5544	
-0.392346	-0.048225	5019	
-0.438273	-0.058567	4468	
-0.103138	0.519036	1330	
0.246435	0.171938	4362	
-0.110340	-0.446989	2623	
0.067605	0.567113	1990	
-0.621286	-0.020088	3373	
0.248483	0.546491	2100	
-0.651584	-0.132106	331	
-0.702512	0.012182	1788	
0.708751	0.177259	5409	
0.678793	0.333521	3892	
-0.746238	-0.243719	2189	
0.428078	-0.676921	2401	
0.020416	-0.835558	3099	
0.781920	-0.335588	2372	
0.620007	0.625271	5252	
0.883477	0.252417	4697	
-0.917569	-0.073221	5519	
0.336516	-0.891908	4332	
-0.267119	0.954634	3784	
0.442916	-0.303417	2343	
0.305525	0.036691	4375	
0.212834	0.080668	5162	
0.242819	0.052576	754	
0.519090	-0.108023	1882	
0.185834	0.068545	692	
-0.197190	-0.028203	719	
0.210294	-0.047151	341	
0.140467	-0.166752	796	
0.196380	-0.082402	2093	
-0.197182	-0.028950	1908	
-0.328905	0.408997	2420	
0.483510	0.020277	4567	
-0.073600	-0.280462	4072	
0.072253	-0.496094	2921	
-0.126094	-0.302966	4612	
-0.501702	0.323886	2605	
0.275502	0.196060	4293	
-0.566322	0.281704	3396	
-0.514338	0.406434	5256	
0.412894	-0.536924	1762	
0.578896	-0.386067	1985	
-0.154809	0.710530	3115	
-0.111388	-0.743517	1348	
-0.069527	0.782435	2830	
-0.319273	-0.740672	4556	
0.788302	-0.207570	2067	
-0.444677	-0.729140	457	
0.864723	-0.083178	3366	
0.125576	-0.907888	5538	
-0.843240	0.367914	4761	
0.034833	-0.952484	5572	
0.064168	0.989069	3558	
-0.198020	-0.023120	1908	
-0.198115	-0.022693	719	
-0.198389	-0.021287	1908	
0.134010	0.131859	1240	
0.173505	-0.437837	1700	
0.063752	-0.330430	3988	
0.443122	-0.003165	5403	
0.182924	-0.162808	5118	
0.166810	-0.184219	389	
0.494825	-0.169772	3037	
0.035689	-0.255606	1900	
0.061726	0.239809	5690	
0.045384	0.311870	4732	
0.394388	-0.381103	2496	
0.031755	0.446098	1888	
0.142381	0.312234	2524	
0.131712	-0.563732	1741	
-0.313745	0.535277	5119	
-0.616526	-0.083363	2298	
-0.320719	-0.506911	3122	
-0.227361	0.651332	2060	
0.721410	-0.096254	4091	
-0.625312	0.416119	904	
0.674670	-0.399446	2516	
-0.767053	0.223156	3022	
-0.788796	-0.158574	1506	
-0.841739	0.046812	1982	
0.093862	-0.861842	3536	
0.870896	0.199094	3385	
-0.610394	0.688630	4518	
-0.244062	-0.921605	871	
0.938689	0.317006	1576	
-0.197459	-0.026767	1908	
0.173244	0.089763	1240	
0.234308	0.004311	1825	
0.237386	0.001384	928	
0.153504	-0.423446	5216	
0.096645	-0.263730	269	
0.339692	-0.003061	3464	
0.138845	-0.371241	2796	
0.226445	-0.399021	4147	
0.138824	-0.256376	2770	
0.174727	-0.418694	5216	
0.340647	0.019630	3730	
-0.017290	-0.299268	926	
-0.448216	0.318436	2597	
0.054202	-0.488601	3179	
0.379220	-0.438825	3922	
-0.223820	-0.216322	3333	
0.041134	0.577038	1790	
-0.593441	-0.101031	872	
0.318534	0.259000	4463	
0.438494	0.269269	5732	
0.554499	0.487432	434	
0.667661	0.348334	4950	
0.766066	0.056523	3350	
0.496333	0.643959	4467	
-0.347168	0.727023	2610	
-0.449927	0.713121	2626	
-0.860436	-0.001877	2804	
-0.375167	-0.799996	3502	
-0.307129	0.867081	3479	
-0.524601	-0.796344	377	
0.953018	-0.043015	3431	
-0.755193	0.642410	3856	
-0.197846	-0.024141	1908	
0.189769	-0.094250	2093	
0.142145	-0.200391	4602	
0.241651	-0.050299	5005	
0.353484	-0.001988	3597	
0.196374	-0.398099	5565	
0.382292	-0.324072	2501	
0.417717	-0.019251	5664	
0.482443	-0.082625	1640	
0.416285	-0.289203	4022	
0.291519	-0.397900	3885	
-0.197279	-0.028155	1908	
0.532562	-0.083306	2015	
0.420523	0.050033	4059	
-0.498061	-0.061125	4223	
-0.485119	0.346521	2747	
0.174436	0.364671	5453	
-0.618887	-0.014979	3373	
0.017516	0.639476	3278	
-0.674201	0.106359	3201	
-0.616599	-0.346350	4593	
-0.701650	-0.222192	698	
-0.033692	0.753191	2328	
0.392561	-0.688375	2207	
0.479877	0.662066	1554	
0.459765	0.715218	1643	
0.528521	0.681902	1484	
-0.854251	0.189663	2546	
0.000195	0.919825	3330	
-0.823985	-0.479439	5164	
0.874252	-0.380849	4533	
0.198076	-0.079697	2093	
0.083438	-0.253339	269	
0.088384	-0.340379	3191	
0.125583	-0.343313	2977	
0.326122	-0.364828	2355	
0.246289	-0.147036	4791	
0.265578	-0.362588	4247	
0.306027	-0.350407	4339	
0.238894	-0.148625	4791	
0.442861	-0.252752	4452	
0.494940	-0.057816	4869	
-0.028203	-0.281906	345	
-0.040805	-0.326867	1342	
0.042806	0.428675	3105	
0.064813	0.475853	1210	
0.595684	-0.117356	2849	
-0.600055	0.195034	2487	
-0.352187	0.552192	5136	
-0.555763	-0.257064	3219	
0.294917	0.636375	1335	
0.721632	0.120339	3512	
0.445782	0.627487	3754	
-0.396685	-0.694808	1048	
0.769210	-0.225047	2491	
0.837479	-0.024545	2925	
0.751933	0.411189	3894	
-0.599011	0.637451	4270	
0.263757	0.882161	4300	
-0.928895	0.206671	1693	
0.797755	-0.522504	4017	
-0.686822	0.714977	3859	
0.220298	-0.019066	1825	
0.088400	-0.248078	277	
0.203103	-0.416048	3959	
0.150386	-0.379912	4409	
0.397607	-0.017818	5484	
0.266604	-0.361375	4247	
0.406047	-0.272792	4080	
0.457007	-0.182586	3887	
0.451458	-0.198821	3508	
0.244414	-0.136031	4791	
0.251840	-0.060871	5005	
-0.197780	-0.024552	1908	
-0.238748	0.465210	1726	
0.509053	0.042784	4283	
0.286832	0.137484	2637	
0.273734	-0.526430	1456	
-0.515682	0.362454	2809	
-0.641897	0.065876	3167	
0.069014	-0.664755	3092	
-0.659859	-0.179367	3901	
-0.449278	-0.596981	3551	
0.718034	0.206779	5715	
-0.709988	-0.352835	1711	
0.596632	-0.535578	2686	
0.644828	-0.534848	2001	
0.834774	0.160094	1566	
-0.313058	0.814710	2113	
0.443507	0.808000	5465	
-0.340125	0.887492	5543	
0.741768	-0.599330	3629	
-0.659592	0.740089	2233	
0.063736	-0.305932	3988	
0.470885	-0.215383	2751	
0.178978	-0.393862	4439	
0.186759	-0.332407	458	
0.345196	-0.327412	4266	
0.326156	-0.070164	1470	
0.280858	-0.138050	3026	
0.294901	-0.109325	5474	
0.453858	-0.193624	3508	
0.486815	-0.119810	2301	
0.221635	-0.020145	1825	
0.051868	0.301865	4026	
-0.142044	-0.236454	3075	
0.574599	-0.053293	1572	
0.048212	-0.560900	2583	
-0.459836	0.427388	5249	
-0.600015	-0.121977	1295	
0.348092	0.510553	4360	
0.455018	0.520198	996	
-0.724914	0.073905	2715	
0.737536	-0.157795	3031	
-0.775856	-0.112707	1899	
0.487642	-0.635581	2399	
0.305752	-0.777358	2652	
0.849886	0.013846	3581	
0.025443	0.871995	3021	
0.554513	0.737432	638	
0.523346	0.792912	390	
0.711563	-0.634629	4934	
0.219327	-0.021748	1825	
0.102621	-0.395925	2194	
0.338778	-0.006310	3464	
0.406543	-0.295872	4022	
0.227203	-0.360954	1255	
0.388370	-0.047131	5696	
0.230991	-0.279186	2134	
0.244710	-0.326050	2254	
0.235444	-0.318748	2269	
0.422445	-0.045984	5229	
0.253728	-0.112516	4112	
0.367117	0.010655	3267	
-0.111392	0.458211	4837	
-0.521723	-0.005627	3226	
0.329083	-0.471123	3992	
-0.077016	-0.499413	1408	
-0.377957	0.493838	3647	
-0.575400	-0.152711	1415	
0.261590	0.590580	3632	
0.628703	-0.298569	1895	
-0.667787	0.297916	2665	
0.690812	-0.304611	2701	
-0.784977	0.001709	452	
0.457621	-0.657248	2466	
0.148100	-0.821654	2972	
0.849088	-0.040629	3229	
0.140453	0.861524	5271	
0.571100	0.724874	3896	
0.937971	0.122159	595	
0.711700	-0.634467	4934	
-0.652901	0.745954	2233	
0.133736	-0.173401	2066	
0.486699	-0.044489	4785	
0.133533	-0.290044	2661	
0.352597	-0.025391	5283	
0.271313	-0.359383	4247	
0.248464	-0.230227	2279	
0.396014	-0.249736	4561	
0.395911	-0.077532	1716	
0.432009	-0.194710	4124	
0.236238	-0.227013	2322	
0.213807	-0.370642	4278	
0.159166	-0.418484	5216	
0.137901	0.184446	1207	
0.269121	0.084044	5440	
-0.024088	-0.480231	1170	
-0.099570	-0.463588	5033	
-0.332816	0.521910	1871	
-0.562740	-0.162953	1415	
0.244551	0.599855	4405	
0.669584	-0.186562	1635	
-0.695162	0.225345	1914	
0.719484	-0.227638	2022	
-0.780334	-0.078089	3232	
0.497746	-0.627707	2399	
0.267743	-0.790831	414	
0.848977	0.039095	3699	
-0.005561	0.872191	3404	
0.508502	0.769303	4263	
0.568810	0.760866	861	
0.742861	-0.597898	3629	
-0.682508	0.719098	3859	
0.265958	0.011201	5132	
0.092480	-0.299112	3833	
0.126769	-0.341154	2977	
0.186559	-0.320423	458	
0.433639	-0.063293	1773	
0.307866	-0.313712	4607	
0.324848	-0.128762	2694	
0.288827	-0.204339	2609	
0.319092	-0.124779	2472	
0.274198	-0.333815	4633	
0.467012	-0.111730	2529	
0.276766	-0.025026	5455	
0.421223	-0.334921	2560	
0.431150	0.047861	4059	
-0.023121	-0.480794	1170	
-0.083448	-0.490143	663	
-0.427063	0.455266	635	
-0.559985	-0.165353	3878	
0.327753	0.541634	3525	
0.094499	0.676897	2967	
-0.695378	-0.187108	4460	
0.741899	0.104193	3436	
-0.718849	-0.326707	1711	
0.626691	-0.500108	2478	
0.633916	-0.547111	2001	
0.819685	0.226078	1987	
-0.366173	0.792152	2860	
0.351197	0.851461	5093	
-0.422858	0.851180	622	
0.802856	-0.514399	4017	
-0.732395	0.668274	2133	
0.175823	-0.162136	1137	
0.475652	-0.201806	3508	
0.340357	-0.351744	2479	
0.213671	-0.355316	4278	
0.263201	-0.198276	2564	
0.385059	-0.086126	2431	
0.291476	-0.198339	2609	
0.275603	-0.266263	2271	
0.274979	-0.255673	2184	
0.381599	-0.277926	3712	
0.426219	-0.047044	5229	
0.246309	-0.070825	422	
0.517302	-0.156044	3074	
0.196581	0.152482	672	
0.335754	-0.466534	3992	
0.013812	-0.552886	2469	
-0.531332	0.338358	2452	
-0.589511	-0.139186	1295	
0.295405	-0.606419	1485	
0.695437	0.059813	4656	
0.099766	-0.724478	709	
0.554437	0.549543	3390	
-0.426682	-0.678478	4986	
0.774299	-0.205724	1884	
0.837120	-0.021208	2925	
0.696096	0.509517	4334	
-0.679250	0.550710	2126	
0.113216	0.912979	649	
-0.948590	0.075242	1257	
0.874978	-0.378877	4533	
-0.788018	0.601548	3845	
0.038073	-0.255078	1900	
0.496617	-0.071480	1640	
0.146386	-0.269100	4779	
0.205831	-0.256022	2351	
0.459946	-0.128677	3439	
0.389973	-0.253264	4561	
0.317657	-0.141465	2694	
0.402275	-0.193831	4286	
0.410414	-0.136374	2950	
0.280124	-0.282169	2280	
0.444058	-0.116605	3439	
0.403542	-0.039155	5707	
0.270098	-0.031463	1504	
0.034773	0.287265	3678	
-0.274813	-0.099288	4756	
0.543125	0.042894	3320	
0.316378	-0.504954	925	
-0.599357	0.192813	2487	
-0.555942	0.354652	2582	
-0.483223	-0.244198	324	
-0.702441	0.009526	1788	
-0.022148	0.739384	2328	
-0.000307	0.753948	1974	
0.274939	-0.741707	2151	
0.635500	0.521619	3182	
0.456228	0.716803	1643	
0.389524	0.765075	803	
-0.872252	0.064889	3184	
-0.186731	0.900427	1521	
-0.685019	-0.664285	4969	
0.934964	-0.187348	551	
0.033758	-0.283221	5436	
0.210717	-0.104559	780	
0.237636	-0.409631	4147	
0.221266	-0.393373	1349	
0.192147	-0.333542	460	
0.279654	-0.163595	2615	
0.376232	-0.088452	2431	
0.370427	-0.237075	1876	
0.375000	-0.134646	2996	
0.354971	-0.136580	3039	
0.303942	-0.292913	4607	
0.439360	-0.100810	2574	
0.428543	-0.047816	5229	
0.074521	-0.332395	4431	
-0.447568	0.305754	2554	
-0.033935	-0.399534	299	
0.168503	0.265135	1096	
0.581048	-0.182695	2695	
-0.607301	-0.045323	3499	
-0.316699	0.572541	3723	
-0.671739	-0.051480	4211	
-0.335021	-0.619005	4977	
0.648503	-0.374082	1845	
-0.487980	-0.606470	313	
0.674803	0.451939	624	
-0.382721	0.708657	2691	
-0.507153	0.673387	2557	
-0.857055	0.039519	3029	
-0.325724	-0.819748	2606	
-0.510595	0.765209	4427	
-0.285234	-0.909521	1045	
0.927213	0.225537	650	
-0.894134	0.428379	287	
0.473360	-0.238156	2340	
0.252372	-0.041531	5005	
0.162214	-0.247603	5268	
0.227096	-0.217296	2322	
0.438175	-0.213002	3948	
0.360068	-0.280596	4403	
0.307194	-0.163679	2810	
0.395597	-0.147392	2404	
0.338709	-0.191715	1695	
0.335012	-0.184223	1695	
0.313562	-0.292208	4607	
0.390618	-0.269921	4080	
0.314675	-0.351525	4339	
0.435269	-0.290145	2562	
-0.189094	0.476120	2571	
0.079516	0.356522	1594	
-0.231248	0.527020	2792	
0.146746	0.460455	4194	
-0.497334	-0.158510	5641	
0.281585	0.482798	4946	
-0.581195	-0.387967	5148	
-0.627905	-0.318675	1230	
-0.300874	0.685536	3094	
0.239845	-0.743557	5477	
-0.686478	0.408710	2577	
-0.791429	-0.141458	1506	
-0.834373	-0.114896	3275	
0.241061	-0.831521	2861	
0.885620	0.081352	3315	
-0.789423	0.472358	1539	
0.066502	-0.950548	462	
0.777417	0.614774	1245	
0.406953	-0.331265	2380	
0.220491	-0.083507	409	
0.250900	-0.405954	1422	
0.168387	-0.382214	4409	
0.189791	-0.302913	455	
0.315388	-0.098646	4568	
0.417028	-0.099572	3093	
0.333435	-0.256674	2063	
0.386072	-0.146211	2404	
0.364107	-0.184954	2589	
0.325315	-0.196603	1695	
0.301008	-0.293462	4607	
0.211552	-0.323470	2254	
0.269210	-0.071042	276	
-0.196880	-0.031466	719	
-0.204125	-0.135591	747	
-0.495689	0.294182	2591	
-0.468741	-0.100689	959	
-0.170300	0.582747	3283	
-0.408352	-0.169307	741	
-0.239012	-0.591091	3767	
-0.644506	0.259546	2145	
0.245045	0.685398	1567	
-0.546453	-0.552434	3133	
0.068137	0.782540	2890	
-0.174135	-0.783431	3383	
0.678966	-0.448314	2720	
-0.248981	-0.811753	4265	
0.848862	0.183637	2123	
0.244767	-0.882530	3173	
-0.918756	0.048704	3587	
0.387957	-0.870571	617	
-0.285666	0.949076	4850	
0.080524	0.221731	913	
0.196539	0.027308	692	
0.210604	-0.048641	341	
0.074355	-0.348854	3384	
0.241617	-0.125266	4112	
0.455180	-0.215861	3508	
0.282408	-0.347351	4247	
0.250769	-0.265920	2182	
0.406036	-0.092120	3093	
0.370162	-0.230177	1876	
0.375906	-0.183249	2589	
0.359409	-0.219408	2195	
0.340504	-0.144876	2955	
0.267203	-0.240374	2184	
0.295259	-0.092156	4568	
0.126836	-0.378959	2796	
0.005638	-0.339698	5176	
0.215077	0.131395	4596	
0.359635	-0.449926	3922	
0.080437	-0.561849	1956	
-0.585580	0.230880	2936	
-0.518163	-0.180150	4947	
0.573184	0.240510	3675	
-0.640984	-0.227205	2204	
-0.650496	-0.337330	3952	
0.736571	0.131683	804	
-0.739627	-0.262270	2189	
0.596061	-0.535857	2686	
-0.021443	-0.834467	3501	
0.844942	-0.090232	2982	
0.315331	0.815466	2111	
0.731609	0.562372	278	
-0.813921	-0.434174	1961	
0.677417	-0.670805	291	
-0.619539	0.773832	4603	
-0.459064	0.289110	2717	
-0.359379	0.392584	2441	
-0.139292	0.463158	3189	
0.473332	0.010982	3473	
-0.045501	0.402513	2455	
0.073301	-0.216833	2031	
0.092343	-0.250251	269	
0.243919	-0.120667	4112	
0.368705	-0.033259	5283	
0.315628	-0.335095	4339	
0.260515	-0.294369	2311	
0.418493	-0.101805	3093	
0.318031	-0.247541	2063	
0.363376	-0.217360	2195	
0.315395	-0.211152	1967	
0.342579	-0.281900	4608	
0.418183	-0.234855	4386	
0.303121	-0.358723	4863	
0.491893	-0.182308	2541	
-0.130031	0.477342	2044	
0.150459	0.245785	1115	
-0.047385	0.541811	3624	
0.279276	0.182877	2644	
-0.528769	-0.147144	4859	
-0.301139	0.580671	3723	
0.424100	0.460307	5557	
-0.351868	-0.610907	4895	
0.163835	-0.726287	722	
-0.577161	0.488026	5024	
0.696057	-0.381635	2516	
0.219000	0.776500	715	
0.331577	0.778249	5008	
0.354501	0.780827	3529	
-0.836992	0.252853	2754	
-0.082332	0.915758	3108	
-0.951391	0.003730	330	
0.900374	-0.313603	4114	
0.494633	0.018430	4567	
0.339818	-0.418171	2424	
-0.020840	-0.352753	506	
-0.208983	-0.128569	747	
-0.525162	0.045918	4203	
-0.518020	0.058160	4203	
-0.024884	0.370889	3125	
0.386118	0.016511	2946	
0.177829	-0.409665	4439	
0.216723	-0.391092	1349	
0.216340	-0.341118	2254	
0.272046	-0.202008	2564	
0.425584	-0.179415	4124	
0.311738	-0.196025	2810	
0.315532	-0.197800	1695	
0.387725	-0.244723	4561	
0.289971	-0.174550	2785	
0.283497	-0.112910	5474	
0.472391	-0.054769	3466	
0.077645	0.224958	5460	
0.322892	-0.431633	2411	
-0.191014	-0.210872	4515	
-0.238415	-0.195160	4117	
-0.265831	0.553275	1145	
-0.357539	-0.182796	479	
-0.055759	-0.650492	2847	
-0.495632	0.486506	2277	
0.662621	0.276197	1958	
-0.746112	-0.017536	4835	
0.778044	0.060852	3350	
-0.787007	-0.118738	3015	
-0.731687	-0.348576	991	
-0.825079	-0.168760	2970	
0.143094	-0.853248	3318	
0.733388	-0.496719	3623	
-0.720957	0.571639	4937	
-0.103446	-0.947394	665	
0.905998	0.299773	1784	
-0.934476	0.330933	4813	
-0.557766	0.091978	4563	
-0.332517	0.453344	2016	
0.287045	0.098567	5501	
0.099328	-0.496867	3822	
0.239217	0.104923	2042	
-0.130234	-0.214635	1391	
-0.303868	-0.046298	4185	
-0.197113	-0.028829	719	
0.072455	-0.283841	764	
0.195801	-0.203664	283	
0.229354	-0.216970	2322	
0.447789	-0.100605	1803	
0.265340	-0.295328	2271	
0.384317	-0.249021	4561	
0.356024	-0.273912	4403	
0.295538	-0.158570	2615	
0.206710	-0.308186	455	
0.215118	-0.177274	2552	
0.080331	-0.393310	2194	
-0.216434	0.471077	1814	
0.529050	0.015145	4690	
0.104951	0.383894	5730	
0.587931	-0.152680	2884	
-0.603544	-0.050466	3499	
-0.628109	0.196855	2034	
-0.332693	-0.410865	3455	
0.636314	0.251553	918	
-0.384575	-0.632269	1304	
0.725102	0.180177	4996	
-0.765732	-0.163415	1355	
0.533690	-0.597620	2377	
0.077900	0.816443	3379	
0.369323	-0.762253	864	
0.712318	0.513571	5413	
0.784101	-0.475381	2593	
-0.915574	-0.090162	5340	
0.456498	-0.836813	1468	
-0.255452	0.957680	3784	
-0.463546	0.365764	2731	
-0.032789	0.530823	3624	
0.221285	0.190165	5186	
0.093276	-0.524606	1686	
-0.486534	0.305248	2531	
0.039165	-0.476635	3420	
0.083463	-0.466170	4885	
-0.422633	-0.031061	4029	
-0.198130	-0.022528	1908	
0.164247	-0.208453	389	
0.141839	-0.349716	3082	
0.226432	-0.223119	2322	
0.303141	-0.339625	4339	
0.448700	-0.105084	2529	
0.438018	-0.198116	3948	
0.253847	-0.172320	2704	
0.146872	-0.290859	4746	
0.118011	-0.228668	657	
-0.001265	0.350740	3496	
0.283520	0.076233	4195	
-0.062657	-0.423672	1721	
-0.174742	-0.279930	4289	
-0.284179	0.545128	1145	
-0.336590	-0.189996	1380	
0.285451	0.319053	1520	
0.582760	0.389665	5105	
-0.663904	0.256169	2662	
0.238156	0.711837	2910	
0.052574	-0.757354	5272	
0.703791	0.387978	2625	
-0.116811	0.795407	491	
0.223423	0.813700	3994	
0.359480	0.778564	3529	
-0.780639	0.392818	1754	
0.086203	0.915671	5495	
0.400306	0.860583	3677	
0.835198	-0.459573	4955	
0.401039	0.122030	1278	
0.562392	-0.221901	2547	
-0.034688	-0.520157	1652	
-0.471977	-0.095232	3752	
0.075720	0.438881	4884	
-0.134053	-0.279742	4620	
0.299468	-0.458994	4741	
0.173530	-0.477890	1276	
-0.464792	0.280582	2717	
0.039204	-0.245932	1900	
0.126158	-0.250157	5373	
0.148276	-0.275784	4779	
0.303366	-0.077154	1231	
0.277517	-0.122989	2979	
0.368838	-0.036972	5283	
0.252569	-0.103448	1007	
0.106194	-0.239608	657	
-0.025413	-0.282820	926	
0.162113	-0.480610	1276	
-0.240471	0.497742	1753	
-0.389960	0.440954	4521	
0.261963	0.196882	4420	
-0.548218	-0.132872	860	
-0.629998	0.190803	2034	
-0.375158	-0.476995	5242	
-0.608283	-0.362240	5355	
-0.725907	-0.007539	3809	
0.531669	-0.534569	2306	
-0.508022	0.599619	2330	
-0.007643	-0.800571	2919	
0.515858	-0.626797	2332	
-0.567473	-0.642627	1737	
0.562012	-0.660555	2354	
0.872055	-0.158167	270	
-0.781090	0.485821	5243	
-0.053141	-0.951447	1382	
0.934948	0.189430	676	
-0.943734	0.303610	4182	
-0.466449	-0.141731	4127	
-0.606977	0.011492	3244	
-0.375645	0.485999	4506	
0.339679	0.138124	4883	
-0.016500	-0.531278	1611	
-0.371063	0.452174	4481	
0.065096	-0.520636	2003	
0.463405	-0.323164	2618	
0.017931	-0.417365	3519	
-0.361496	0.391177	2441	
0.168658	-0.133662	4513	
0.104979	-0.392597	2194	
0.141108	-0.395256	5449	
0.456119	-0.034587	884	
0.211967	-0.141816	745	
0.040767	-0.304155	5328	
0.426703	0.029888	5290	
-0.065852	-0.285437	423	
0.029418	0.446044	1888	
0.113421	0.362263	5225	
0.418008	-0.432997	3910	
-0.568945	0.263195	2862	
-0.332400	-0.206507	620	
-0.018447	-0.654726	3460	
-0.580459	-0.380991	5148	
-0.622661	-0.352903	4593	
0.351292	0.668957	3066	
-0.354550	-0.680365	2703	
0.708537	-0.357089	2459	
0.701011	0.409279	1505	
0.831950	0.085605	2980	
0.773909	0.359842	4857	
0.132770	0.862061	727	
0.793089	0.468089	4816	
-0.855950	-0.339909	1291	
0.606380	-0.735432	757	
-0.426091	0.894765	5473	
-0.149595	-0.550718	1527	
-0.174136	-0.505464	2632	
-0.202604	-0.343541	4957	
-0.536461	-0.125662	945	
-0.157167	0.577003	3283	
0.410213	-0.435462	3910	
-0.520351	0.286481	2550	
0.052700	-0.517753	3148	
0.390088	-0.399802	4628	
0.241412	-0.465339	1730	
-0.258600	-0.060253	3042	
-0.206100	0.455289	1814	
-0.197884	-0.023909	1908	
-0.198074	-0.022823	1908	
-0.082741	0.436868	5053	
0.321257	0.055953	4540	
0.364033	-0.404363	2440	
0.029555	0.445547	1888	
0.229922	0.185191	5186	
-0.020486	-0.536764	1611	
-0.349756	0.509704	1871	
-0.316417	-0.199704	723	
-0.161144	0.629874	4678	
-0.400303	-0.512906	1128	
-0.582294	0.404114	5157	
-0.149101	-0.714844	963	
0.743891	-0.119659	5108	
-0.634949	0.463383	1389	
0.005963	-0.800459	2017	
0.192285	-0.786289	4477	
-0.745603	-0.407619	3954	
0.110679	-0.857553	3615	
-0.076417	-0.876932	5025	
-0.566070	0.725095	4239	
-0.642195	-0.705290	1190	
0.942593	-0.143801	905	
-0.284357	-0.286703	1322	
-0.222585	-0.513259	1641	
-0.191925	-0.544462	4707	
-0.180434	-0.502806	2632	
-0.279313	-0.214382	4047	
-0.341478	0.508748	1871	
0.467500	-0.379674	3884	
-0.490623	0.333577	2747	
0.029297	-0.510078	3548	
0.451313	0.062189	3716	
0.498125	0.017062	4567	
-0.276042	-0.071325	5628	
-0.506810	0.216387	2426	
-0.527887	0.141734	2802	
-0.042312	-0.318818	1342	
-0.445934	0.331998	2597	
-0.280743	0.481737	2314	
0.155056	0.282590	1173	
-0.070311	-0.498058	1712	
-0.025700	0.584273	2064	
-0.372252	-0.167582	738	
-0.640546	0.146549	2893	
0.673941	-0.046875	2658	
-0.429086	-0.535831	1341	
0.129592	0.714026	2518	
-0.743918	0.078628	2908	
-0.758353	-0.151353	1491	
0.527221	0.620221	5078	
0.261544	0.763554	936	
0.788948	0.282138	3051	
0.768120	0.373400	3555	
0.215200	0.845946	1734	
0.907963	0.132782	3452	
-0.893544	-0.219534	1862	
0.491337	-0.816774	292	
0.435770	0.890120	3459	
-0.984564	0.116357	5026	
0.648687	0.088305	1939	
0.153581	0.617441	273	
-0.603773	-0.148297	1592	
-0.231178	-0.478107	1100	
-0.182139	-0.515464	1157	
-0.282418	-0.212161	4047	
-0.279486	0.541193	1145	
0.323071	-0.496116	925	
-0.457456	0.375518	2443	
0.143681	-0.525498	1439	
-0.345505	0.445970	2391	
0.455859	-0.333505	2617	
0.005614	-0.451978	3375	
0.194541	-0.495148	1538	
-0.142621	0.516651	1639	
-0.029815	-0.470440	1446	
-0.164765	0.540912	1630	
0.098136	-0.560311	1447	
-0.047918	0.586417	2064	
-0.408595	-0.157574	5107	
-0.478657	-0.182845	1329	
-0.317726	-0.518595	3714	
-0.567962	0.401056	5586	
-0.582719	0.408940	5157	
0.681876	-0.307990	2701	
-0.185230	0.730378	2939	
-0.470770	-0.651234	4920	
0.581534	-0.551315	2686	
0.805407	0.103431	3322	
-0.412759	-0.745200	323	
0.402435	-0.766348	561	
0.187281	-0.859851	3254	
-0.580978	0.713037	4239	
-0.809227	-0.503521	483	
0.928959	-0.213882	551	
-0.860386	0.492388	4480	
-0.294110	-0.582786	3336	
0.534801	0.255119	1227	
-0.093764	-0.644349	1697	
0.059000	0.641241	3362	
-0.240372	-0.386950	961	
-0.189744	-0.494859	2781	
-0.363137	-0.161201	1310	
-0.068520	0.584180	1688	
0.246337	-0.531117	4692	
-0.579631	0.053736	1443	
0.116211	0.351666	4157	
0.305761	-0.478357	3830	
0.099893	-0.526101	1686	
0.540423	0.041801	3320	
0.051238	0.481649	1419	
-0.339644	-0.122324	4604	
0.588037	-0.146013	2884	
-0.431063	0.448192	2180	
-0.348373	-0.175193	1087	
-0.393491	-0.185275	5427	
-0.129592	-0.635597	648	
0.587683	0.384194	5105	
-0.170904	-0.678578	480	
0.661645	0.321918	3892	
0.751493	-0.013385	5349	
-0.388452	0.681942	2512	
-0.617580	-0.540389	730	
-0.800290	0.083208	706	
-0.421309	0.728868	2926	
0.292068	0.804675	1623	
-0.329640	0.806553	2526	
0.689055	0.614023	3706	
-0.851955	-0.349758	3991	
0.561324	-0.770306	1220	
0.527916	0.838567	4018	
-0.988327	0.077993	4037	
0.431055	0.271515	4206	
0.431242	0.271525	4206	
0.457941	-0.507524	2131	
-0.600167	0.313748	3684	
-0.098844	0.644053	2855	
-0.229523	-0.474995	1100	
-0.193944	-0.441100	4809	
-0.575975	-0.089827	1309	
-0.033352	0.581841	2064	
0.571614	-0.201240	2695	
-0.104940	-0.429830	1655	
-0.295344	-0.142750	4303	
-0.307758	-0.135671	4241	
-0.113633	-0.409374	1535	
0.521038	-0.310633	4330	
0.058121	0.558545	1790	
-0.614051	0.088948	3119	
-0.265366	-0.247974	5435	
-0.551282	-0.182836	694	
-0.128802	-0.635802	648	
0.428428	0.267328	5732	
-0.498045	-0.525916	4107	
-0.547721	-0.525441	686	
-0.047213	-0.748759	1710	
0.780613	-0.033641	4309	
0.087885	0.792969	3106	
0.468342	0.667579	4070	
0.745782	-0.378216	2475	
0.661052	-0.531916	2567	
0.756307	0.438891	4071	
0.318734	0.839789	2801	
-0.824529	0.407173	4111	
-0.232005	-0.924247	800	
0.952816	-0.034920	3431	
-0.910051	0.393315	2217	
-0.644848	-0.134126	331	
0.368067	-0.558052	1947	
-0.594454	-0.159649	1258	
-0.222105	-0.482315	1100	
-0.205416	-0.352559	4957	
-0.578183	-0.087328	1309	
-0.280759	0.541278	1145	
0.054838	0.557925	1790	
0.196407	0.277701	4716	
0.127925	0.478519	4381	
-0.109645	0.585640	1797	
-0.579376	0.235252	2936	
-0.393469	-0.157634	5099	
-0.230845	-0.327176	1749	
-0.620901	0.222004	2673	
-0.461794	-0.218607	4461	
0.582566	0.389711	5105	
-0.472518	-0.542126	3297	
-0.693310	-0.189531	4460	
-0.509042	-0.581148	703	
-0.750363	0.199445	1968	
0.667877	-0.426933	2521	
0.788530	-0.138193	5379	
0.468281	0.683202	3770	
-0.330150	-0.782886	4979	
0.177518	-0.845800	3346	
-0.728122	-0.499705	4069	
-0.208782	0.895268	4642	
-0.500863	-0.776115	377	
0.767107	-0.565926	5367	
-0.454097	0.880813	2068	
0.484236	0.457759	997	
0.339044	0.531896	5571	
0.213686	0.588820	5181	
-0.303327	-0.248572	4634	
-0.204951	-0.474070	1473	
-0.205171	-0.365183	4731	
-0.352919	-0.167241	1310	
-0.489808	-0.146318	505	
-0.519128	-0.140831	5677	
-0.472297	-0.148919	4127	
-0.279588	-0.222944	4752	
-0.221252	-0.341025	1749	
-0.328123	-0.215200	620	
0.282171	0.518418	1650	
-0.209665	-0.623036	4573	
-0.660088	0.215137	2537	
-0.164822	-0.680041	480	
-0.620694	-0.433719	405	
-0.567786	-0.532346	4747	
0.341988	-0.678444	1977	
0.248990	-0.749365	4456	
0.676634	-0.429427	2720	
0.586904	-0.560485	2383	
-0.826501	-0.158590	2753	
-0.067085	0.850053	2000	
-0.599949	0.633019	4270	
0.762902	0.517089	685	
-0.885352	-0.250739	2768	
0.419983	-0.855401	468	
0.860287	0.413385	5570	
0.426236	0.270280	4206	
-0.360068	-0.531890	4237	
0.394645	-0.540499	1533	
-0.570382	0.335527	3907	
-0.275080	-0.279601	1275	
-0.228276	-0.428559	1058	
-0.207283	-0.432298	3231	
-0.207310	-0.406079	2963	
-0.210891	-0.399028	2963	
-0.235240	-0.360335	4949	
-0.426368	-0.185435	5114	
-0.091908	0.641680	2961	
-0.310278	-0.532546	3714	
-0.487272	-0.277912	2635	
-0.259119	-0.628623	679	
-0.032423	0.703945	5590	
0.633700	-0.374660	1691	
-0.201800	-0.724619	5476	
0.607619	0.513607	1146	
0.151316	-0.774595	2089	
0.573625	-0.559424	2423	
-0.275453	-0.764442	1112	
-0.685236	0.489709	2070	
0.367321	0.774675	1528	
0.176174	0.854332	5282	
-0.223325	-0.887521	3351	
-0.894565	0.213512	2851	
-0.186850	-0.934344	4342	
0.951656	-0.057337	5382	
-0.873429	0.468715	5037	
-0.978958	-0.157323	3513	
0.426920	0.267518	5732	
-0.369721	-0.257926	4829	
-0.530393	0.420487	4558	
0.663202	-0.080218	3103	
-0.073282	0.644862	2961	
-0.651064	0.058698	2932	
-0.637082	-0.066044	3194	
-0.650584	0.025845	2709	
-0.452078	0.480235	2341	
0.281408	0.433916	5604	
-0.461644	-0.218904	4461	
-0.041002	0.669124	4159	
-0.685472	0.089587	2840	
-0.676318	-0.149908	3800	
0.171706	0.705356	1873	
-0.443508	-0.616254	3551	
0.685061	-0.315636	2678	
0.051913	-0.778449	5272	
0.459861	-0.643326	2251	
0.627013	-0.499040	2478	
-0.438695	-0.691399	4442	
-0.428756	0.724139	2926	
0.658086	0.559128	4208	
0.518646	0.707944	3546	
0.780183	0.433060	4249	
-0.729743	0.559850	5204	
-0.656372	0.687098	329	
0.874100	-0.379871	4533	
-0.582983	0.801435	4429	
0.424300	0.268862	4206	
-0.336325	-0.355759	1794	
-0.379103	-0.483918	1319	
0.077788	0.655038	3081	
-0.292410	-0.364775	5034	
-0.132491	-0.634829	1465	
-0.319665	-0.513308	3714	
-0.123038	0.655815	2855	
-0.350023	-0.437400	4846	
-0.461692	-0.431961	1113	
-0.685664	-0.023063	4963	
0.501463	0.519911	3971	
-0.620408	-0.367999	1387	
-0.489168	-0.568970	4049	
-0.626283	0.412792	904	
0.159669	0.737657	2879	
0.204091	0.759726	5318	
0.769656	0.177933	867	
0.765377	-0.235572	2491	
-0.018033	-0.808812	3145	
-0.514913	0.666131	2557	
0.701943	0.499070	3960	
0.643897	0.599278	3264	
0.825599	-0.316565	3574	
-0.532192	0.749877	4358	
-0.405946	-0.828782	5073	
0.760767	-0.574276	4154	
-0.000659	0.955849	2433	
0.430855	0.271518	4206	
0.434071	0.267736	5732	
0.452042	0.435002	807	
-0.426925	-0.435237	4151	
-0.462730	-0.264085	1802	
0.440821	0.270929	5732	
-0.583599	-0.377400	774	
-0.685404	-0.025867	4963	
0.075538	-0.681944	3092	
-0.582074	-0.451339	431	
-0.552691	-0.491994	772	
-0.723165	-0.037386	1395	
0.724345	0.152022	5350	
0.480806	-0.579274	2312	
-0.150699	-0.744342	2923	
-0.767664	-0.148474	1491	
-0.687070	0.405663	2577	
0.770006	0.209243	867	
0.788941	-0.191325	1829	
-0.796995	0.271489	2993	
0.551181	0.663416	5549	
0.593861	0.648241	3821	
0.705451	-0.530863	3437	
-0.437356	0.808681	4491	
-0.612975	-0.692104	4560	
0.665712	-0.682018	574	
0.762992	0.575318	1187	
0.430730	0.267301	5732	
0.580275	0.386351	5105	
-0.672722	-0.099895	3611	
-0.585586	-0.329894	4312	
-0.136972	-0.667580	1598	
-0.339528	-0.608003	5439	
-0.405417	-0.582373	3456	
0.421458	0.575248	1069	
0.226837	0.690600	1777	
-0.372554	-0.636454	1822	
0.701744	0.232032	1874	
-0.046676	-0.748361	1710	
-0.501534	0.564693	2147	
0.193372	0.762189	5318	
0.537621	-0.580459	2535	
0.256375	-0.757495	4456	
-0.417681	0.686678	2645	
-0.204295	0.792164	2971	
-0.718903	-0.458687	4814	
0.147012	0.841063	1226	
0.380304	0.787482	2083	
0.859973	-0.205500	2020	
-0.483870	0.781872	4488	
-0.628682	-0.678035	4686	
0.618313	-0.725123	5323	
0.856429	0.421178	1161	
-0.948098	-0.290157	4166	
-0.587868	-0.380452	3112	
-0.441356	-0.527669	889	
0.416223	0.572035	1069	
-0.046885	-0.698880	4738	
-0.500833	0.504203	2277	
-0.107574	0.717731	3045	
-0.654145	-0.313961	1912	
-0.639227	0.376873	2246	
-0.581613	0.473165	4199	
0.552695	-0.512059	2369	
-0.585498	0.477593	5024	
0.686439	0.399410	1505	
-0.086797	-0.784792	3131	
-0.795531	0.028795	1767	
0.795392	0.069603	3216	
-0.462240	-0.677106	4717	
0.740746	0.402891	3894	
0.083165	-0.841436	3241	
-0.384863	0.760641	2820	
-0.074790	0.867449	3048	
0.526160	0.725942	3612	
-0.641406	0.659051	392	
-0.537290	-0.751343	647	
0.648549	-0.698219	916	
0.863218	0.406838	5570	
-0.966437	0.220940	3040	
0.581886	0.389536	5105	
0.307419	-0.618507	1485	
0.012126	-0.701086	3415	
0.724748	-0.013515	4811	
-0.669904	-0.259603	5146	
-0.467419	0.574436	4584	
-0.288727	0.689371	3094	
-0.043796	-0.748317	1710	
0.306519	0.694292	3050	
-0.075259	-0.754304	2019	
-0.022253	0.783330	2878	
0.035115	-0.787844	2417	
-0.705875	0.371355	2572	
0.776233	-0.195833	1884	
-0.774593	0.217923	2935	
-0.073470	0.814088	2830	
-0.836785	0.088147	2268	
0.816284	0.232690	1987	
0.587403	-0.635523	2302	
-0.823424	0.286505	3317	
0.275853	-0.871949	5004	
-0.832957	0.389202	3777	
-0.271713	-0.881332	3795	
0.733554	-0.608388	1101	
0.825036	0.480478	4929	
-0.973469	0.187777	3602	
0.646556	-0.257143	2871	
0.409306	0.549924	1396	
-0.554523	0.439351	5174	
0.015764	-0.706759	4762	
-0.519030	-0.546830	5173	
0.727276	0.137068	1092	
-0.274605	-0.702066	2975	
0.506244	0.586712	4959	
-0.743494	0.123565	1314	
0.779286	0.029739	3301	
-0.757046	-0.193830	4914	
0.702848	-0.364161	2630	
-0.707595	-0.387471	3736	
0.798081	-0.048449	4309	
-0.735683	0.325898	2410	
0.669163	0.491562	4268	
-0.171193	0.822423	2262	
0.278667	-0.797973	414	
-0.263094	0.810400	3665	
0.372258	0.790969	2083	
-0.305121	-0.824653	1910	
0.453096	0.801713	5465	
-0.918099	-0.052562	5488	
-0.769921	0.556701	5459	
0.853058	-0.424817	5076	
0.670423	0.681012	1273	
-0.988249	0.078829	4037	
-0.568516	0.457320	2045	
-0.703841	-0.146493	954	
0.524357	0.551518	4538	
-0.410772	0.625510	4729	
0.679985	-0.325015	2678	
-0.667120	0.354288	2149	
0.158463	-0.763164	4532	
-0.782544	0.013189	580	
0.488448	-0.620944	2361	
-0.587003	0.539419	2300	
0.532227	-0.598437	2377	
0.693412	0.424473	1626	
-0.765866	-0.242074	1407	
0.204638	0.792892	3858	
-0.127391	0.830253	1248	
0.057162	-0.843388	3222	
0.128303	0.843626	490	
0.850314	-0.166321	358	
-0.822520	0.288217	2811	
-0.685681	0.587912	4100	
-0.572981	0.719058	4239	
-0.739355	-0.554382	373	
0.086142	-0.948426	3248	
0.942019	-0.144979	905	
-0.130957	0.946392	1457	
-0.988195	-0.079291	3448	
0.720607	0.192104	5068	
0.143870	0.740052	3356	
-0.744917	0.113186	1314	
-0.282523	-0.731243	5443	
-0.782342	0.000076	452	
0.537987	-0.578961	2535	
-0.642983	0.471051	1389	
0.564928	-0.567843	2576	
0.727722	0.340090	4970	
-0.781924	0.187078	1983	
0.674917	-0.448876	2521	
0.716731	-0.427379	2773	
-0.812639	0.217610	3054	
0.384673	-0.752944	813	
0.025545	0.852179	3126	
0.769770	-0.396198	2601	
-0.447795	0.746927	3358	
0.841932	-0.264582	3053	
0.133048	0.909561	2699	
-0.918750	-0.038646	5531	
-0.127575	-0.913054	2434	
0.706495	-0.639267	4934	
0.919777	0.251689	856	
-0.785694	0.604158	2214	
0.474546	-0.630957	2167	
0.784781	-0.091869	4255	
-0.337129	0.720690	2780	
-0.104232	-0.794104	5185	
0.796952	-0.064944	5190	
0.376696	0.716990	4101	
-0.762377	-0.252848	1345	
0.809090	-0.034485	2669	
0.665582	-0.502706	2570	
-0.614867	0.573987	4285	
-0.103767	-0.839576	4960	
0.824157	0.198458	1432	
-0.493888	0.694929	3083	
0.796315	0.350119	565	
-0.616403	0.615711	411	
0.775840	-0.418409	2525	
0.507860	0.768534	4263	
-0.889039	0.234253	4849	
-0.520360	-0.762686	430	
0.224112	-0.925747	5457	
0.939090	-0.162329	905	
0.613281	0.732505	493	
-0.983147	0.126818	5026	
-0.785879	0.165930	1983	
-0.750734	-0.289082	1014	
-0.133792	-0.797757	3227	
0.752271	0.305843	2287	
-0.300821	-0.777295	3498	
0.004177	0.839801	3126	
-0.739718	-0.416964	4204	
0.356591	-0.766104	864	
0.642526	0.576069	4313	
-0.480360	0.704181	3008	
0.812608	-0.297394	3073	
-0.159894	0.855331	3787	
-0.759894	-0.442455	5365	
0.457351	0.767699	1984	
0.077674	0.915701	5495	
-0.906588	0.152834	4703	
-0.535222	-0.752523	647	
-0.414279	-0.857768	5402	
0.888684	-0.344014	5475	
0.844239	0.444996	2222	
-0.814775	0.564369	4248	
-0.954906	-0.266600	3619	
-0.201951	-0.821940	1624	
0.076433	-0.841122	3241	
0.506573	-0.677045	2365	
0.838155	-0.116214	2998	
0.204257	0.828704	4165	
-0.520605	0.674984	2557	
0.466483	-0.726840	307	
0.454870	0.748026	2575	
-0.452017	0.744039	3358	
-0.688186	-0.554210	5414	
0.819815	0.336533	5327	
0.811055	0.432181	5269	
-0.695366	0.601559	5130	
-0.881439	-0.263110	3521	
-0.329800	-0.860949	4333	
-0.037834	-0.951669	1752	
0.897198	-0.320867	4114	
0.874484	0.381040	5253	
0.057464	0.988937	3558	
-0.981131	-0.142738	1796	
0.271164	0.829048	2394	
0.032184	0.869711	2267	
-0.228106	0.839269	3893	
-0.594599	0.636134	4270	
-0.855772	-0.163500	3325	
-0.262215	-0.837929	2121	
0.854947	0.223248	3528	
0.296844	-0.863877	5017	
-0.034804	0.917906	3334	
-0.816664	0.421452	3414	
-0.874582	-0.285306	5673	
-0.428266	-0.816923	5581	
0.137874	0.936273	320	
0.679596	-0.667719	5492	
0.950044	-0.074970	5561	
0.788371	0.539021	1377	
-0.200550	0.970239	4262	
-0.850023	-0.510855	1493	
0.453664	0.800451	5465	
0.196277	0.897726	5054	
-0.212514	0.893578	4642	
-0.618482	0.679836	5387	
-0.849779	0.349896	5666	
-0.917725	-0.053206	5488	
-0.789840	-0.476634	5086	
-0.458223	-0.800736	3482	
-0.019142	-0.920982	2766	
-0.686134	-0.661662	5211	
0.754826	-0.581442	4154	
0.947939	-0.097494	749	
0.872526	0.385369	5253	
0.439857	0.847339	4287	
-0.940431	-0.313823	4482	
0.216430	-0.894880	4908	
0.270229	-0.880243	5004	
0.501967	-0.773067	1932	
-0.899001	0.304873	5667	
-0.031047	-0.951649	1752	
0.699671	-0.646323	4934	
0.896257	-0.323017	4114	
0.952890	-0.008453	2146	
0.904223	0.302400	1784	
0.699740	0.650377	495	
0.185132	0.936319	1541	
-0.935483	0.327263	4813	
-0.959079	-0.251182	3619	
0.725005	0.621831	1277	
0.716618	0.631512	1277	
0.670525	0.680264	5450	
0.576648	0.761084	861	
0.426010	0.854193	4287	
0.157088	0.941255	272	
0.306289	0.941743	1556	
-0.983024	0.126926	5026	
-0.961828	-0.240156	3619	
-0.852771	-0.506131	2308	
-0.743912	-0.656106	3640	
-0.625077	-0.770104	4418	
-0.766311	-0.629695	2790	
-0.770054	-0.625143	2790	
-0.756769	-0.641221	1560	
-0.685574	-0.716844	3206	
-0.569916	-0.811568	1140	
