time = 456.75	Re = 90
-0.905298	-0.405280	3549	
-0.886647	-0.444714	1793	
-0.852647	-0.506731	3155	
-0.735818	-0.664867	4643	
-0.506266	-0.852583	4638	
-0.632046	-0.715194	3292	
-0.603093	-0.739615	3797	
-0.525412	-0.796442	3998	
-0.393528	-0.868925	1122	
-0.176957	-0.936968	717	
0.126981	-0.945079	4871	
0.877079	-0.374510	1962	
-0.987297	0.092267	1569	
-0.924452	-0.359487	1245	
-0.746984	-0.652250	515	
-0.571705	-0.810214	1556	
-0.338289	-0.931933	3558	
0.895242	-0.213542	5488	
0.898623	-0.198175	5519	
0.920243	-0.024171	2768	
-0.335545	0.891530	5706	
0.581697	0.756225	1830	
-0.679794	0.668616	5076	
-0.943455	0.138998	609	
-0.911356	-0.285563	1377	
-0.692203	-0.657328	4858	
-0.304222	-0.903791	626	
0.287253	-0.909287	1307	
-0.985667	0.107588	1569	
-0.819891	-0.558061	3912	
-0.242894	0.888084	556	
-0.258293	0.883724	1932	
-0.545453	0.741617	5614	
-0.859272	0.328987	5260	
-0.893993	-0.230351	5560	
-0.603947	-0.697233	5147	
-0.101409	-0.914949	1521	
0.464250	-0.795249	1713	
0.843720	-0.367771	2897	
-0.677107	-0.671981	4790	
-0.899591	0.316011	3431	
-0.863587	-0.408516	1277	
-0.429884	-0.851654	272	
0.274820	-0.913158	1307	
-0.984039	-0.121868	3299	
-0.667283	-0.733685	3459	
0.866592	-0.059216	4051	
0.864803	-0.081476	2947	
0.860349	0.146069	4636	
0.693262	0.537376	2464	
0.241050	0.836728	3341	
-0.491535	0.718663	2992	
-0.176319	-0.854066	2756	
-0.876617	0.064742	2123	
0.890426	0.243185	483	
-0.907267	-0.164923	5269	
-0.174218	-0.903929	3368	
0.655190	-0.646224	3414	
0.895175	0.225879	605	
-0.922420	0.241614	4387	
-0.743561	-0.598942	728	
-0.093049	-0.949043	5184	
-0.497273	0.857895	4843	
-0.344396	-0.929693	3558	
0.175102	0.828171	3241	
0.269091	0.803205	3421	
0.066347	0.843493	3056	
-0.429890	0.730081	2162	
-0.838274	0.112613	898	
0.270953	-0.806229	3083	
0.441132	0.731005	1624	
-0.666391	0.530724	3474	
0.635091	-0.593467	3917	
0.045821	0.868753	2831	
-0.111167	-0.864691	4805	
0.901929	0.178756	1961	
-0.920365	-0.027897	5274	
0.038866	-0.919722	3479	
0.862551	-0.321024	3587	
0.002631	0.953556	4586	
-0.839023	-0.456887	1273	
-0.164959	-0.939062	524	
-0.299712	0.945140	584	
-0.632414	-0.763864	1709	
-0.672782	0.435990	2067	
-0.301952	0.742640	2399	
-0.662067	0.452223	2491	
-0.623565	-0.524320	3550	
0.576851	-0.560429	2540	
-0.716949	0.369355	5379	
-0.269821	-0.796170	3006	
-0.174203	-0.826914	2315	
0.019641	0.845810	2934	
-0.448659	-0.724132	1734	
0.011903	0.851126	2861	
-0.078808	-0.865341	3787	
-0.080242	0.866218	1300	
0.807294	-0.331206	2759	
0.151044	0.907956	5538	
-0.306935	-0.868200	3070	
0.793025	-0.467001	2851	
0.393566	0.868909	665	
-0.785153	-0.543651	558	
0.038281	-0.952699	1119	
-0.978567	-0.160232	1550	
-0.422644	-0.896922	3500	
0.042146	0.797619	4477	
0.360848	0.714630	3227	
0.084005	0.794258	2089	
-0.771830	0.201881	2933	
0.768315	-0.214051	509	
-0.745841	0.288524	1251	
0.180655	-0.780046	2476	
0.796484	-0.035214	5717	
-0.522277	-0.617851	386	
-0.798516	0.096383	812	
-0.839275	0.071420	1743	
0.014847	0.845828	2861	
0.530808	-0.664235	2070	
-0.678814	0.514496	2983	
0.516121	0.703768	2718	
0.039404	-0.870826	2324	
0.726365	0.569831	647	
-0.228369	-0.891837	3334	
0.875598	-0.283364	255	
-0.766768	0.566698	4114	
-0.544169	-0.783873	4932	
0.499338	-0.812835	3987	
-0.695985	-0.706513	1617	
0.022019	0.753021	1861	
0.379721	0.652196	2943	
-0.106928	0.746050	1998	
-0.747118	-0.065766	408	
0.162777	-0.736674	3185	
0.179108	-0.738948	2387	
-0.578308	0.547197	2459	
0.707762	0.409809	1040	
0.587360	-0.543296	2563	
-0.301019	-0.743238	2890	
0.796944	-0.024402	5717	
0.105846	-0.796074	2670	
0.189115	0.791056	3028	
0.843360	-0.029297	296	
-0.558236	-0.645799	3529	
-0.501992	0.688678	2422	
0.477700	0.729898	3011	
0.557507	-0.670995	2555	
-0.613436	0.686048	2593	
0.250242	-0.886029	4427	
0.896713	0.218690	5086	
-0.884609	-0.360855	5353	
-0.007483	-0.953420	1103	
-0.943531	-0.305648	2789	
-0.639130	0.364089	1991	
-0.576062	0.458618	2685	
-0.719641	-0.258838	594	
0.723044	0.260674	593	
0.592724	-0.459445	2757	
-0.129265	0.741129	1977	
0.568774	-0.495094	2665	
-0.747778	-0.008732	4670	
-0.175870	0.734605	1963	
-0.416788	0.678121	2725	
0.181846	0.777761	3028	
-0.207827	0.773103	2401	
0.639827	-0.480917	3567	
-0.720810	-0.394686	3883	
0.795188	-0.139939	3557	
0.842276	-0.048695	1610	
-0.111232	-0.842043	1248	
0.851535	0.132500	4027	
-0.184792	0.850397	1370	
-0.319354	-0.824477	1850	
-0.636836	-0.667690	5234	
0.831318	-0.394966	4703	
-0.788275	0.536251	365	
-0.347387	-0.888330	5426	
0.949949	-0.085791	793	
-0.365530	-0.921599	3558	
0.129537	-0.679423	3370	
0.121276	-0.680809	3370	
0.007917	0.688579	5285	
0.098472	-0.696425	3086	
0.321069	-0.631178	2277	
-0.114616	0.720209	2074	
-0.524642	-0.524622	1460	
-0.654706	-0.406539	4959	
-0.391968	0.644518	2304	
0.746385	0.141231	4798	
-0.093685	-0.747662	2656	
0.092803	-0.785372	2780	
0.794351	-0.005640	5228	
0.289043	0.747302	3114	
0.658705	-0.454525	2672	
-0.345518	-0.726275	3454	
-0.763265	-0.338871	4175	
0.027883	0.845406	2934	
0.494120	0.697172	5452	
0.769276	-0.403590	2587	
-0.223192	-0.842790	3063	
-0.531446	0.751774	5504	
0.486604	-0.781699	5130	
-0.825085	-0.479935	1273	
-0.567167	-0.767394	2566	
0.636219	-0.710521	5104	
-0.444330	-0.886424	3500	
-0.662310	0.187136	3669	
-0.618935	-0.327052	4503	
0.280797	0.622012	2474	
-0.576702	-0.419103	3007	
0.465115	0.525306	259	
0.146965	0.715896	5683	
0.550483	0.507459	1822	
0.595596	-0.459495	2757	
0.575242	-0.487449	2739	
-0.363883	-0.661701	2879	
0.128631	-0.780457	2584	
0.603092	0.539634	4986	
-0.593500	0.538288	2911	
0.797564	-0.003769	1407	
0.792303	0.192275	3916	
-0.456139	-0.714274	3994	
-0.746220	-0.428265	4728	
-0.849874	-0.064930	4245	
-0.467630	0.734373	2397	
-0.886037	0.244089	1047	
0.085035	-0.916676	5541	
0.857094	0.347281	3707	
-0.691019	-0.658488	4858	
0.508417	-0.807131	4948	
-0.479103	-0.868139	1806	
-0.495327	-0.128945	5732	
0.666307	0.190788	774	
-0.673600	-0.198244	5105	
-0.654023	-0.114982	5062	
-0.147715	-0.670473	4115	
-0.249278	-0.652608	5011	
0.054177	-0.702878	2549	
-0.719815	-0.120604	3861	
0.632117	-0.380424	1995	
0.378286	-0.650435	2056	
0.726297	-0.184075	4498	
0.208815	-0.725275	2296	
-0.174046	0.775050	2207	
-0.792564	0.079144	691	
0.123223	-0.790928	2581	
-0.795015	0.074968	691	
-0.535108	0.615230	2720	
-0.400412	0.746354	1902	
-0.232316	0.819397	307	
0.169268	0.853640	3536	
-0.485326	-0.739014	3072	
-0.222375	-0.893310	2994	
0.905661	0.174067	1961	
-0.734807	-0.609588	390	
0.490839	-0.817922	3987	
-0.448054	-0.884558	3200	
-0.489252	-0.133809	4206	
-0.485570	-0.131444	5732	
-0.501225	-0.131015	4206	
-0.486010	-0.133654	4206	
-0.487676	-0.133832	4206	
0.668275	0.190155	774	
-0.628706	-0.316423	5356	
-0.679770	-0.191940	3169	
-0.078294	-0.698935	2978	
-0.498449	-0.539815	3717	
0.494697	0.555987	1625	
-0.088673	0.746706	1998	
-0.136410	0.741280	1977	
-0.477375	-0.596534	3035	
0.708749	-0.362728	1547	
-0.547160	0.585488	2728	
0.751596	0.331720	730	
-0.802257	0.052610	867	
0.714041	0.474052	2408	
0.415661	0.745406	1211	
0.575098	0.657657	2028	
0.432585	0.762689	4511	
-0.356019	-0.849419	908	
0.907677	0.162291	2750	
-0.708339	-0.639940	554	
0.577304	-0.759341	5459	
-0.346864	-0.928764	3558	
0.167467	-0.977052	2068	
-0.496305	-0.128992	5732	
-0.490209	-0.133725	4206	
0.492051	0.305439	3049	
0.646814	0.002445	4997	
0.486892	0.094336	5144	
0.136190	-0.663468	3242	
-0.485236	-0.133424	4206	
-0.485863	-0.133675	4206	
-0.679007	-0.209687	5239	
-0.583915	0.377194	1635	
0.285794	-0.647612	4520	
-0.401252	0.616386	1940	
-0.728042	-0.268524	613	
0.181848	-0.730971	2244	
0.062256	-0.751202	2808	
-0.749704	0.261808	4309	
0.487923	-0.634302	4137	
0.777412	-0.179333	286	
0.766295	0.303231	3687	
0.637579	-0.554001	4053	
0.785033	0.360049	3966	
0.799498	0.367066	4500	
0.718574	0.511351	3321	
-0.313902	-0.865729	3070	
0.892467	0.236232	483	
-0.596467	-0.744967	3797	
0.745102	-0.595171	4413	
0.485458	0.129024	4164	
-0.494175	-0.133037	4206	
0.148357	-0.661106	4090	
0.503587	0.352791	1319	
-0.500498	-0.374342	1150	
-0.168244	-0.646025	3969	
-0.319752	-0.578046	438	
0.289249	0.597196	1578	
0.614944	0.075646	5592	
-0.501470	-0.130569	5732	
-0.657499	-0.276022	4671	
-0.201455	-0.669425	4906	
-0.514072	0.489452	1738	
0.497120	-0.545981	3902	
-0.296733	0.692649	2312	
-0.745778	0.062419	5350	
0.756585	-0.224594	452	
-0.793445	-0.126276	4970	
0.620323	-0.505908	3537	
0.721568	-0.351743	1978	
0.229884	-0.812941	3008	
0.845214	0.114033	3673	
0.732451	0.484947	3580	
0.108666	0.868497	3236	
-0.079589	-0.917047	4642	
0.761246	0.523978	3975	
-0.395859	-0.867855	1122	
0.913081	0.280225	5013	
-0.493237	-0.129041	5732	
-0.489094	-0.129880	5732	
0.653558	-0.039119	834	
-0.601795	-0.081880	1227	
-0.574112	-0.079191	1929	
-0.290937	0.604513	2095	
-0.604569	0.289441	3104	
-0.634202	0.200384	1842	
-0.389762	0.548376	4366	
-0.651514	0.065510	1143	
0.465219	0.318397	4846	
-0.670346	-0.190556	720	
-0.163099	-0.666641	4115	
0.047186	-0.703305	2549	
-0.723779	0.059452	1092	
-0.743639	-0.149501	4086	
-0.042731	0.752080	1868	
0.481891	0.629730	5443	
-0.578061	0.552968	2459	
0.515729	-0.612574	5003	
0.674162	-0.436603	2935	
0.466185	-0.704526	4153	
0.594916	0.616579	1925	
0.347863	0.798774	4426	
0.494099	-0.735082	2240	
0.315094	-0.865088	4358	
0.896320	-0.324253	922	
-0.083895	-0.949848	5184	
-0.797414	-0.589615	4015	
-0.486084	-0.131132	5732	
-0.487637	-0.133888	4206	
0.568819	0.092703	3764	
-0.434473	-0.484840	3255	
-0.107864	0.657574	1485	
-0.125133	-0.640917	2961	
0.314821	0.545060	648	
-0.209676	0.622808	1533	
-0.269159	0.601336	2131	
0.276491	0.571682	1682	
-0.623339	-0.022678	548	
-0.426374	-0.124317	2155	
-0.157631	0.658847	1775	
-0.677418	-0.184309	3246	
0.336895	-0.620539	2277	
0.383954	-0.624651	2055	
0.449495	-0.600456	5288	
0.606053	0.472695	3465	
0.471560	-0.597389	1221	
-0.534298	0.595410	2728	
0.607204	-0.521660	2824	
0.801379	0.001682	1407	
0.844100	0.016128	3294	
0.019478	0.850716	3032	
-0.248724	0.834031	307	
0.531430	-0.751003	5204	
0.735830	-0.552592	2707	
-0.949119	0.092980	676	
0.346540	-0.888473	1059	
-0.388575	-0.912150	1596	
0.280252	-0.951032	4437	
0.486266	0.128434	5736	
0.346279	-0.595115	2077	
0.429146	0.285342	3455	
-0.637489	-0.011808	294	
-0.485003	0.467395	1404	
0.195790	0.610097	3332	
-0.352781	-0.215930	1520	
-0.395352	-0.397586	5245	
-0.382051	-0.466119	3293	
-0.374729	-0.477838	4507	
-0.397079	-0.408345	5245	
-0.576308	0.321703	2648	
-0.601602	-0.051645	4133	
-0.488289	0.476728	1404	
-0.496358	-0.128945	5732	
-0.455219	0.526383	1985	
0.351456	0.606584	257	
-0.643654	0.381774	1849	
0.663536	0.403041	5672	
-0.747021	0.199570	1955	
-0.780500	0.161563	3216	
0.777004	-0.181344	286	
-0.221112	0.774918	2401	
0.008880	0.845556	300	
-0.663122	0.534534	3474	
-0.827270	0.267017	4582	
-0.915387	0.095296	3562	
0.920537	-0.001786	3521	
-0.632250	-0.714947	3292	
0.812827	-0.498576	4916	
-0.497965	-0.132044	4206	
-0.489598	-0.129755	5732	
-0.248802	-0.618307	3362	
-0.483605	-0.342453	1201	
-0.154082	0.649520	1775	
0.396872	0.454343	3794	
-0.353595	-0.208157	387	
-0.395854	-0.428962	1350	
0.590134	-0.247998	3120	
0.604154	-0.076297	872	
0.582754	-0.024369	1683	
0.568287	-0.005215	5653	
0.614315	-0.116143	2298	
-0.361096	-0.495786	5181	
-0.114724	0.644940	2010	
-0.413606	-0.290326	3583	
-0.484990	-0.131777	5732	
0.671792	-0.025355	5527	
-0.301140	-0.632930	3259	
-0.740092	0.014992	5715	
0.348049	0.668717	1039	
-0.595459	-0.536383	4031	
-0.084229	-0.795168	2693	
0.766416	0.292762	4269	
0.807379	0.019753	1345	
-0.843575	0.054107	1432	
-0.561034	-0.667442	2088	
0.724350	-0.484919	3077	
-0.111109	-0.913740	1629	
0.569757	0.725170	4754	
-0.093216	-0.949011	5184	
-0.759965	-0.637145	4018	
-0.491474	-0.129293	5732	
-0.499638	-0.129613	5732	
-0.500174	-0.129844	5732	
-0.502903	-0.346622	1052	
-0.534557	0.422107	2733	
0.360961	0.532711	664	
0.369452	0.300734	901	
-0.399206	-0.105141	955	
-0.395494	-0.428599	1350	
0.593295	-0.227782	3160	
0.600717	-0.146470	3586	
0.575775	-0.248995	3120	
0.568363	-0.266022	3119	
0.588618	-0.197115	3244	
0.584312	-0.059732	1927	
0.472311	0.029017	1148	
0.608237	-0.061575	1295	
-0.374733	-0.338012	5200	
-0.635835	0.010738	1019	
0.443510	-0.523571	4993	
0.645005	-0.243835	2654	
0.472451	0.520844	304	
0.742269	0.161010	3444	
-0.627054	0.421153	2022	
-0.315033	0.729822	2548	
-0.092206	0.794807	2096	
-0.139274	0.788452	2119	
-0.726064	0.427915	1878	
0.595877	-0.605608	4155	
0.282836	0.823507	2169	
0.328143	-0.854120	4239	
0.743953	-0.541711	2829	
-0.940774	-0.159708	1161	
0.539178	-0.786854	5384	
-0.127132	-0.983270	4336	
0.422372	0.148190	3080	
0.424280	0.144663	3080	
0.497400	0.345089	5242	
-0.367080	0.568783	1819	
0.004421	0.663238	2253	
0.403397	0.387618	2039	
-0.392869	-0.112535	955	
0.109980	-0.632951	1229	
0.573311	-0.279900	3119	
0.515673	-0.369037	2487	
0.347347	-0.526623	1186	
0.077355	-0.614330	5133	
-0.050238	-0.607674	3577	
-0.048268	-0.607485	3577	
0.106891	-0.610741	1145	
0.461765	-0.430340	3396	
0.573157	-0.041373	1683	
0.428461	0.051085	5427	
-0.337311	-0.520717	1205	
-0.547515	-0.069875	2200	
0.429801	0.251009	2260	
0.643778	0.297513	3170	
0.286644	-0.674012	4584	
0.700352	-0.266256	451	
-0.220032	-0.720796	1974	
0.457905	-0.652384	400	
-0.013168	-0.800154	3158	
0.670046	-0.442542	3022	
0.767318	0.385973	3553	
-0.589008	0.615594	2773	
-0.855090	0.156078	2948	
-0.831534	-0.404758	495	
0.846813	0.371981	4847	
-0.288751	-0.908893	2433	
-0.946428	0.295700	3492	
-0.132051	0.653728	1913	
0.008760	0.663064	2253	
-0.391172	-0.487704	4641	
0.393846	0.363598	440	
-0.620102	0.199078	1842	
-0.359351	-0.296768	1138	
0.408618	-0.500879	2533	
0.536343	-0.344138	2818	
0.342179	-0.531355	1186	
-0.025456	-0.612370	3649	
-0.261519	-0.497939	1379	
-0.287066	-0.353084	2293	
-0.334199	-0.102718	4770	
-0.331714	-0.106501	4770	
-0.303468	-0.167510	658	
-0.288403	-0.404784	4465	
-0.023353	-0.609178	3649	
0.575025	-0.240044	2976	
0.378934	0.081987	1380	
-0.225579	-0.595073	3256	
-0.528156	-0.071398	998	
-0.493078	-0.129033	5732	
0.316456	-0.627932	1922	
-0.630467	-0.413673	4043	
-0.535620	-0.540450	3319	
0.747307	-0.002047	698	
-0.663930	0.445191	2491	
0.796089	0.097690	1280	
0.713399	-0.379117	1978	
-0.810433	-0.282899	4334	
0.554729	-0.668829	2555	
-0.477702	0.734497	2992	
0.546668	-0.740670	5437	
-0.823788	0.479846	1421	
0.477325	-0.825910	5070	
-0.130247	-0.982862	4336	
-0.351260	-0.240619	975	
-0.351970	-0.220189	1029	
-0.353016	-0.265251	543	
-0.030018	-0.635321	3645	
0.378951	-0.521396	5279	
0.471859	-0.431955	3396	
0.288363	-0.561401	2180	
-0.026080	-0.612826	3649	
-0.278971	-0.474850	1479	
-0.297465	-0.188729	811	
-0.513286	0.011640	374	
-0.092421	0.599974	983	
0.040827	0.595142	3541	
0.227014	0.505090	1127	
0.184743	0.539894	1792	
-0.177385	0.585449	897	
-0.341942	-0.090923	2644	
-0.281950	-0.447954	1571	
0.412237	-0.476967	2452	
0.380749	0.074008	1380	
-0.214848	-0.600025	3278	
-0.633886	0.004134	1019	
-0.495630	-0.132689	4206	
0.145033	-0.691118	3287	
0.249951	0.694336	3909	
0.563022	0.516319	2436	
0.583605	0.551459	1048	
-0.212697	0.771752	2401	
-0.797478	0.036857	867	
0.012503	-0.844140	3665	
-0.089582	0.846408	1300	
-0.686212	0.534904	3073	
-0.920605	-0.010146	5274	
0.856129	0.349606	3707	
-0.263584	-0.916441	344	
-0.990016	0.055075	3957	
0.337234	-0.932238	2142	
-0.003612	-0.617441	4579	
0.110330	-0.614981	1229	
0.133673	-0.611203	5094	
0.080974	-0.616768	5133	
-0.060014	-0.608216	2997	
-0.250122	-0.518498	1379	
-0.291630	-0.373107	4028	
-0.446634	-0.014639	971	
-0.583519	0.108632	3168	
0.130137	0.570626	2072	
0.109597	-0.584527	4217	
-0.296259	-0.109847	4420	
-0.556028	0.132221	3660	
-0.328954	0.501010	3884	
-0.369063	0.474104	2588	
-0.465864	0.026361	992	
-0.234068	-0.419025	284	
-0.227549	0.570516	3628	
-0.283052	-0.288278	5652	
0.345437	-0.525394	1186	
0.351553	0.110339	4489	
-0.329502	-0.527961	295	
-0.402335	-0.167073	1931	
-0.590029	-0.360994	996	
-0.692212	0.057140	3783	
-0.743550	-0.007490	4670	
-0.030209	-0.752769	2939	
0.773689	0.258177	1001	
0.719865	-0.347591	1978	
-0.803024	0.033694	867	
-0.841476	0.078957	1566	
0.284492	-0.821077	2929	
-0.366040	0.795816	2413	
0.637289	-0.663890	2334	
-0.950790	0.073439	676	
0.623608	-0.721508	5104	
-0.578052	0.209488	3188	
-0.562587	0.050296	599	
-0.525582	0.017376	1038	
-0.573586	0.070797	1152	
-0.586001	0.135050	3523	
-0.080406	0.601265	1378	
0.189869	0.540006	1792	
0.543374	-0.067648	1142	
-0.313551	-0.081297	2883	
-0.406788	0.445044	4330	
0.230205	0.314006	1279	
0.473849	-0.361442	2520	
0.003183	-0.569783	1630	
-0.181782	-0.479435	1856	
-0.168918	-0.494326	1856	
0.143892	-0.565218	2080	
0.376247	0.006600	840	
-0.543963	0.236971	2898	
0.562484	-0.160591	4401	
-0.283362	-0.272735	5478	
0.429807	-0.461072	2452	
0.333627	0.161156	5435	
-0.575524	-0.033844	4370	
0.507702	0.361876	1319	
-0.013904	0.688892	1723	
-0.479395	-0.560638	3369	
0.392735	-0.643680	2078	
0.129735	0.776982	2205	
0.747054	0.340815	730	
-0.556574	0.577010	2516	
-0.043143	-0.843082	2917	
-0.258986	0.811160	348	
-0.819004	0.291456	4755	
-0.710076	-0.590345	4263	
0.709894	0.590459	377	
0.011458	-0.953397	995	
-0.537395	-0.833361	4873	
-0.388467	0.461790	4330	
-0.559229	0.162629	2995	
-0.522605	0.057931	1074	
-0.535899	0.073297	1131	
-0.550848	0.220208	2710	
-0.257772	0.538389	3910	
0.221042	0.417306	2623	
0.505410	-0.059761	1740	
0.048514	-0.573545	2125	
-0.223581	-0.308200	4157	
-0.541042	0.211511	1572	
0.130651	0.513070	3548	
0.225687	0.242943	4620	
0.274321	0.109646	4352	
0.268814	0.121342	4352	
0.209250	0.338406	1943	
-0.458683	0.376161	2530	
-0.113625	-0.534444	3624	
0.168129	0.504129	1611	
-0.001614	-0.582928	2517	
-0.283897	-0.327485	1067	
0.590347	-0.163892	3373	
0.384121	0.091624	705	
-0.410872	-0.128214	2681	
-0.500400	-0.129950	5732	
0.645587	-0.283594	2840	
0.006924	-0.747341	2127	
-0.385530	-0.649729	2879	
0.790995	0.129928	991	
0.761674	-0.238917	452	
-0.442144	-0.679478	715	
-0.681213	-0.520223	1881	
0.849627	0.209239	4974	
0.013358	0.897976	3186	
0.884621	-0.253631	839	
-0.633955	-0.713480	3292	
0.901903	-0.309540	330	
0.306208	-0.942957	4975	
0.142404	0.507666	1736	
-0.295741	0.510607	3789	
-0.391431	0.446818	2612	
-0.468349	0.365991	2547	
-0.418383	0.422476	2599	
-0.404772	0.435205	2612	
0.029261	0.557578	1439	
0.220650	0.268563	3371	
0.411792	-0.023169	4146	
0.132320	-0.558720	2314	
-0.064124	0.553343	4011	
0.151693	0.464405	1729	
0.513770	-0.121390	4186	
-0.103701	-0.497961	4279	
-0.078854	-0.513579	1406	
0.215861	0.218943	744	
-0.211592	0.530967	2395	
0.256665	0.149372	4363	
-0.282379	-0.105182	5186	
0.221571	0.391400	2623	
0.562114	-0.153251	4401	
-0.269392	-0.476188	1479	
0.422540	0.037969	5099	
-0.198334	-0.607189	3141	
-0.208554	-0.632772	4610	
0.649946	-0.228167	1852	
-0.667113	-0.365354	3445	
0.502617	-0.562148	2206	
-0.532246	-0.593729	5001	
-0.326513	0.731512	2377	
-0.202911	-0.776187	3143	
0.792676	0.329401	3961	
-0.812749	0.251307	3581	
0.247150	-0.835768	3180	
0.198650	-0.898905	3171	
0.913660	0.276860	1158	
0.490740	-0.817904	3987	
-0.013952	-0.991314	3784	
-0.412168	0.402398	2697	
-0.521423	0.162832	1608	
-0.279219	-0.058849	4548	
-0.200113	-0.245557	3527	
-0.173260	-0.378358	5334	
-0.163307	-0.416964	1888	
-0.181402	-0.328830	1594	
-0.213713	-0.204026	1472	
-0.403704	0.040296	5085	
-0.512667	0.125347	4283	
-0.385617	0.427019	2612	
0.183138	0.297844	311	
-0.425289	0.064233	4598	
-0.304924	0.471772	2595	
-0.377659	0.421022	2511	
-0.136419	-0.421107	3801	
-0.501574	0.104975	4283	
-0.093994	-0.504115	1406	
-0.287607	-0.063377	4548	
-0.328698	-0.038249	5524	
0.036683	0.566428	1741	
-0.432313	0.445878	4200	
0.295249	-0.551778	5249	
0.320306	0.219346	1097	
0.408685	0.368630	868	
-0.486100	-0.133747	4206	
0.689987	-0.081873	3461	
-0.209683	0.720344	2051	
0.411558	-0.633415	5024	
-0.455052	0.657644	2478	
0.680578	0.453016	1545	
0.427920	-0.722425	1517	
0.849317	0.007857	4775	
-0.554783	0.670706	3623	
-0.902307	0.180679	3568	
0.771097	0.509674	3975	
-0.006394	-0.953494	995	
-0.536777	-0.833703	4873	
-0.024162	0.505769	1276	
-0.360973	0.417254	2722	
-0.484782	0.146157	976	
-0.226199	-0.090732	672	
-0.096374	-0.432943	2705	
0.457722	-0.306704	3047	
0.048002	0.483517	4885	
0.196899	0.201550	777	
0.176755	0.200016	1105	
0.308927	-0.455404	2573	
-0.108246	-0.407843	2642	
-0.196714	-0.153264	1037	
-0.312531	0.031317	4454	
-0.392495	0.069352	4404	
-0.345053	0.048474	4085	
-0.185163	-0.175411	5280	
0.488270	-0.226094	736	
-0.432058	0.366093	2735	
-0.223064	-0.178224	1115	
-0.430674	0.042686	5029	
-0.212503	-0.388895	5429	
-0.292994	-0.111887	4420	
-0.284802	-0.345078	2293	
0.483204	0.011010	1165	
-0.066429	-0.642986	3085	
-0.636810	0.227665	2658	
0.009698	0.688525	5285	
0.345238	-0.651242	2297	
0.312849	0.685222	1348	
-0.700509	-0.416900	3223	
0.311721	-0.737831	2559	
-0.112902	0.797244	2119	
-0.845451	-0.038819	2924	
0.776749	-0.388309	2594	
0.835270	-0.292987	3147	
0.901442	-0.184563	5340	
-0.508916	-0.807105	5134	
0.953503	0.026276	5585	
0.430155	-0.893288	2233	
-0.260393	0.015753	754	
-0.182893	-0.142555	1207	
-0.107267	-0.305828	740	
-0.392144	0.388423	2697	
-0.132677	-0.294088	4732	
-0.083507	-0.443752	4525	
0.045181	-0.511333	2571	
0.263785	-0.476325	2486	
0.361173	-0.415858	2717	
0.314892	-0.448988	2597	
0.207934	-0.497227	2421	
0.115717	-0.513985	2347	
0.013481	-0.504701	1980	
-0.058393	-0.469439	4787	
-0.031561	-0.487001	1848	
0.190032	-0.502168	2420	
0.457617	-0.112023	3637	
-0.319956	0.036037	4540	
-0.061386	0.531279	1538	
-0.209317	-0.213952	1472	
0.336349	0.021848	4645	
0.535350	-0.236763	2901	
0.354027	0.043855	4252	
0.228635	-0.578734	3647	
0.318944	0.248275	1749	
-0.386706	-0.179674	4527	
-0.652437	-0.286427	2438	
-0.323415	0.631857	2120	
-0.742591	-0.219409	4224	
0.681902	-0.333601	1314	
0.476458	0.648553	4782	
-0.428907	-0.681403	715	
0.748809	0.419607	3936	
-0.843723	0.106369	1566	
0.713186	-0.500431	3317	
0.502475	-0.771532	5130	
-0.847520	0.436605	905	
0.737844	-0.604007	5510	
0.332119	-0.061449	3406	
0.148722	0.199277	563	
-0.192561	-0.125310	1252	
-0.102664	-0.331061	5276	
-0.064999	-0.436011	4988	
-0.059624	-0.442761	4988	
-0.095167	-0.367513	3125	
-0.166302	-0.171820	487	
0.066427	0.426817	4523	
0.045229	-0.497654	2571	
-0.148652	-0.197759	5460	
0.120586	0.250142	4982	
-0.025318	-0.472151	5043	
0.063910	-0.513505	2571	
0.110024	0.383257	3398	
-0.171632	0.522300	4741	
0.051002	-0.546662	1548	
-0.333566	0.485541	3884	
-0.549335	0.211765	1572	
-0.286854	-0.378478	4028	
0.361026	0.086446	1184	
-0.395799	-0.435782	1350	
0.545667	0.346804	3973	
0.410335	-0.577990	5174	
0.698605	-0.263155	451	
0.449697	-0.606956	5288	
-0.725929	0.332763	2164	
0.425532	0.681951	447	
-0.822497	0.178784	3308	
-0.084080	0.846789	1300	
-0.855246	0.154925	2948	
-0.328388	-0.860352	2284	
0.318482	0.864570	667	
0.427170	-0.852833	1250	
-0.001531	-0.991384	4850	
0.446190	-0.299934	3047	
0.199562	0.103069	5179	
0.125871	0.226030	2266	
0.166935	0.161611	566	
0.475343	-0.208314	4203	
-0.186728	-0.026805	1240	
0.195914	-0.038003	1908	
-0.087331	0.199548	796	
0.019275	0.236769	444	
-0.056936	0.212285	2153	
0.197104	-0.029155	719	
-0.145771	-0.202459	5460	
-0.153917	-0.233310	5544	
-0.481266	0.251908	1774	
-0.122746	-0.445551	3801	
-0.523768	0.127769	1398	
0.501108	-0.316983	2794	
-0.205395	0.575895	3628	
0.554066	-0.290397	3198	
0.571089	0.008119	5676	
0.649095	-0.155874	4963	
0.265943	0.628909	4012	
0.727145	-0.008951	4585	
-0.658092	0.369720	3031	
0.702992	-0.372871	1547	
0.790827	-0.100298	1506	
0.802662	0.131666	991	
0.157583	-0.833503	2820	
-0.291420	0.819967	348	
-0.671785	0.628738	1659	
0.737692	0.555952	351	
0.118736	-0.946117	4871	
-0.333188	-0.933747	4766	
0.196497	-0.033133	1908	
0.196027	-0.036659	1908	
0.196169	-0.035425	1908	
0.196649	-0.034298	1908	
-0.291550	0.069773	718	
-0.165495	0.167234	780	
-0.178204	0.469149	3885	
-0.120384	0.210832	5118	
-0.098007	0.226145	389	
0.030819	0.383909	2409	
-0.025003	0.464630	1700	
0.078376	0.394501	3519	
0.174267	-0.505849	2405	
0.094050	-0.516777	1726	
-0.171355	-0.376098	5334	
-0.523382	0.088956	4359	
-0.237358	-0.361079	3852	
-0.033242	-0.604971	3649	
0.318539	0.299889	3428	
-0.383995	-0.191045	4433	
-0.508252	-0.454689	702	
-0.671117	0.295738	4695	
0.742007	-0.082493	1114	
-0.418965	0.675586	2725	
-0.067329	-0.797450	3214	
0.163817	0.788202	2797	
-0.836420	-0.157700	3392	
0.868398	0.040649	3849	
0.698271	0.598749	3642	
0.911041	0.139722	3950	
-0.174365	-0.937386	717	
-0.990623	-0.043184	2092	
0.197307	-0.028452	1908	
-0.196320	0.007170	1240	
-0.136255	0.163808	2084	
-0.050112	0.215114	2153	
-0.039953	0.249897	657	
-0.027716	0.448115	5216	
-0.242193	0.119061	5005	
-0.107347	0.266933	714	
-0.040107	0.320941	2661	
-0.436787	0.194682	4869	
-0.190208	0.155035	1007	
-0.146024	0.153298	780	
0.094071	0.353216	1017	
0.229507	0.079221	4966	
-0.156603	-0.338984	610	
0.397416	-0.017675	3762	
0.138116	0.525091	2469	
-0.287136	-0.394543	4553	
0.315418	0.175233	3646	
-0.629914	0.155249	3345	
-0.484495	-0.133056	4206	
-0.635363	-0.352017	3971	
-0.745690	-0.160382	4086	
0.298734	-0.726570	2330	
-0.524464	0.605877	2720	
0.609240	-0.522785	2824	
-0.388267	0.752231	1902	
-0.862230	0.053779	1662	
-0.661903	0.573343	1633	
0.890451	-0.232311	5531	
-0.475126	-0.827357	5685	
0.946893	0.117023	1149	
0.553752	-0.822432	2214	
0.196656	-0.032141	1908	
-0.040401	0.218427	779	
-0.428640	0.135811	5403	
-0.203170	0.129108	341	
-0.210134	0.153056	1007	
-0.050496	0.310309	2770	
-0.024004	0.388288	3082	
-0.341764	0.377149	3955	
-0.119969	0.450408	1349	
-0.027769	0.398152	5449	
-0.062421	0.258107	673	
0.197347	-0.028033	719	
-0.196552	-0.149217	1037	
0.379884	-0.062499	4941	
0.128801	0.486443	2023	
0.439278	-0.402254	2106	
-0.563142	0.243438	2956	
0.469123	0.014614	1148	
-0.171393	-0.617454	3016	
0.531953	0.322172	369	
0.678428	-0.174810	4627	
0.130260	-0.739371	3185	
0.706468	0.336583	4058	
0.688670	-0.405392	1983	
-0.785068	-0.218737	1428	
0.763005	0.393862	4096	
-0.849230	-0.073997	354	
0.871427	0.045544	3849	
0.752050	-0.530297	5516	
-0.800780	-0.520571	493	
0.918810	-0.254836	4531	
-0.053843	0.213519	2153	
-0.252221	0.084705	928	
-0.105588	0.239185	389	
-0.140238	0.241970	2258	
-0.021232	0.367021	3082	
-0.056388	0.341124	4767	
-0.094911	0.341835	455	
-0.087068	0.360929	458	
-0.184622	0.210045	4791	
-0.034868	0.409874	4409	
0.034553	0.368631	3384	
0.102489	0.309745	5176	
-0.487612	0.158251	778	
-0.177493	-0.341833	631	
-0.232480	-0.244042	1565	
0.457956	-0.397491	2106	
0.579112	-0.219266	3160	
0.273627	-0.597539	3926	
0.131991	0.656714	3150	
-0.700254	-0.206106	424	
0.566839	-0.490260	2665	
0.707723	-0.254131	451	
-0.600166	-0.544590	4031	
-0.143786	0.787658	2119	
0.474961	-0.698156	4153	
-0.801499	0.285165	3229	
0.420240	-0.763430	814	
0.556817	-0.733025	2350	
-0.926004	0.227416	4387	
0.858846	-0.414474	4528	
0.466492	-0.874941	3859	
-0.109744	0.186670	1137	
-0.263029	0.082305	4893	
0.009765	0.375355	3273	
-0.083480	0.284152	5268	
-0.378892	0.133783	5655	
-0.093056	0.345409	455	
-0.104943	0.406130	1255	
-0.147161	0.422200	4247	
-0.134794	0.419787	3938	
-0.214182	0.176790	831	
-0.324896	0.100116	3464	
0.196722	-0.031744	1908	
0.357737	-0.056091	4242	
-0.353786	0.451776	2618	
-0.156756	0.555590	3830	
-0.216607	-0.462719	947	
0.397919	-0.484661	2782	
0.340246	0.176453	5316	
0.287661	-0.614534	3926	
0.634008	-0.298181	3819	
0.611547	-0.425400	2021	
0.267524	-0.705960	2245	
-0.758537	0.246688	2988	
0.228277	0.767930	2017	
-0.346975	-0.771041	490	
-0.604306	0.600073	2475	
-0.201511	-0.847415	2800	
0.389155	-0.834373	4518	
-0.237210	0.923695	556	
0.811862	-0.500135	4916	
0.435972	-0.890491	3850	
-0.156288	0.176661	907	
-0.436479	0.166104	697	
-0.057219	0.304369	4779	
-0.172846	0.258472	2532	
-0.088422	0.383985	460	
-0.223920	0.218593	3026	
-0.165513	0.279923	2279	
-0.192549	0.251368	2532	
-0.133602	0.419555	3938	
-0.083178	0.442374	3959	
-0.069281	0.207343	2066	
0.143545	-0.511214	2366	
-0.507445	0.158193	778	
0.204684	0.371463	4875	
-0.280761	-0.135648	795	
0.189333	-0.589766	1871	
0.328930	0.318122	1410	
-0.453262	-0.336821	3756	
-0.654395	-0.129300	5669	
-0.610533	0.422391	2022	
-0.210451	-0.723519	1974	
-0.463808	0.651256	2478	
0.376409	0.709138	3585	
-0.827200	-0.197575	1489	
-0.468345	0.711599	2567	
-0.658456	-0.579008	1841	
0.261855	-0.882571	4427	
0.703791	0.644260	396	
0.781158	-0.546912	5558	
-0.104811	0.189875	1137	
-0.003581	0.271104	269	
-0.045248	0.304197	2770	
-0.134529	0.450048	1422	
-0.109885	0.321864	455	
-0.276976	0.170209	1231	
-0.352992	0.326096	3948	
-0.390391	0.197234	2574	
-0.398298	0.229586	2529	
-0.284682	0.393506	4022	
-0.311149	0.115197	3218	
-0.081872	0.471331	4147	
0.475869	-0.169190	3361	
0.032620	0.511792	1384	
0.530981	-0.126939	4774	
-0.554449	0.159465	2995	
-0.030626	-0.604976	3649	
0.332145	0.348029	3231	
-0.479470	-0.401695	4367	
0.176155	0.662027	1905	
-0.048846	0.737073	2030	
-0.365352	-0.660732	2879	
-0.273892	0.750368	2484	
0.416724	0.687136	857	
-0.834383	0.109060	898	
-0.408636	0.747455	1902	
-0.765234	-0.434605	4728	
0.237657	-0.889438	5087	
0.905069	-0.298605	330	
0.783096	-0.544161	5558	
0.425746	-0.895373	2233	
0.032867	0.245060	1900	
-0.455642	0.201533	4869	
-0.210022	0.174046	831	
-0.143539	0.259029	2258	
-0.090506	0.351084	458	
-0.266807	0.386233	3712	
-0.248471	0.378123	4608	
-0.358645	0.192928	1716	
-0.214593	0.385462	4629	
-0.117629	0.336720	2138	
-0.153048	0.276531	2322	
-0.454008	0.197945	4869	
-0.088018	-0.391859	3286	
0.261465	0.022413	4772	
-0.257720	-0.119282	5302	
-0.477196	0.364149	2547	
-0.101683	-0.589717	1688	
0.334305	0.359648	1558	
-0.476386	-0.411051	5571	
0.090086	0.680998	4434	
-0.222476	0.706054	2051	
-0.294330	-0.694148	3416	
-0.380163	0.703139	2576	
0.376499	0.709083	3585	
-0.839990	-0.084029	835	
-0.487682	0.698493	2422	
-0.639909	-0.598643	2575	
0.311207	-0.866473	4358	
0.753020	0.586443	1750	
0.809162	-0.504448	5298	
0.461945	-0.877336	3859	
0.002163	0.231839	781	
-0.084847	0.253977	673	
-0.134338	0.246816	283	
-0.183587	0.247794	2532	
-0.317604	0.155295	5232	
-0.165948	0.361643	2311	
-0.195499	0.310423	2160	
-0.186063	0.355209	2280	
-0.261538	0.219290	2694	
-0.352059	0.168432	5405	
-0.181239	0.423596	4863	
-0.425884	0.147048	5403	
-0.402059	0.087565	5145	
0.453196	-0.104341	3637	
-0.261842	-0.110225	5186	
-0.535786	0.256173	2803	
0.031098	-0.609627	4888	
0.336212	0.360453	1558	
-0.475078	-0.361945	1262	
-0.612130	-0.334910	499	
-0.735267	-0.175811	5553	
0.108283	-0.746052	2930	
-0.704811	0.375575	5394	
0.184439	0.779289	3028	
-0.428004	-0.730239	4165	
-0.663650	0.533519	3474	
-0.177064	-0.852695	2756	
0.473889	-0.789435	1713	
-0.324783	0.896594	5706	
0.859611	-0.412835	4528	
0.524539	-0.841407	3856	
-0.445674	0.263955	2301	
-0.296156	0.102623	3831	
-0.141924	0.448278	1422	
-0.120150	0.310914	2351	
-0.224548	0.399268	4266	
-0.245072	0.245598	2785	
-0.185247	0.353093	2280	
-0.231680	0.371860	4629	
-0.215732	0.371829	4607	
-0.237081	0.219707	3026	
-0.271028	0.400265	3712	
-0.330873	0.101144	3597	
-0.271183	0.025618	655	
0.199379	0.151737	1093	
0.534133	-0.196481	3930	
-0.380341	-0.011249	4210	
0.310912	-0.541136	5624	
0.333752	0.323216	2963	
0.516584	-0.441906	2999	
0.648944	-0.268136	2846	
0.060017	0.742357	5711	
0.612516	-0.440912	2544	
-0.733424	-0.367129	4651	
-0.143195	0.787767	2119	
0.422522	-0.731234	1517	
-0.826246	0.201278	3699	
0.504847	-0.710053	2190	
0.670444	-0.630210	4111	
-0.948318	0.100118	585	
0.916479	-0.262983	4531	
0.596868	-0.791738	3855	
-0.170230	0.478108	3885	
-0.390276	0.112439	5337	
-0.234349	0.148309	276	
-0.269861	0.163044	1231	
-0.375542	0.167206	5229	
-0.288623	0.360978	4412	
-0.189943	0.321058	2184	
-0.239275	0.341923	2063	
-0.280503	0.336927	1876	
-0.262684	0.365116	4403	
-0.220695	0.387396	4629	
-0.302080	0.383618	4080	
-0.413427	0.135512	5403	
0.065394	-0.501580	1814	
-0.362722	0.433026	2511	
0.193598	0.424888	893	
-0.222820	-0.445787	267	
0.537539	-0.318465	2631	
0.521189	-0.403306	3058	
-0.097325	0.668802	1288	
0.411340	-0.577291	5174	
-0.260218	0.703952	2053	
0.731781	0.275413	612	
0.447316	-0.663360	403	
-0.778399	0.179221	3149	
0.796890	0.317777	3961	
-0.828950	-0.228871	3965	
0.866620	0.112920	3673	
0.845934	-0.362385	2897	
-0.654443	-0.694685	4287	
0.952027	-0.057867	1705	
-0.111754	0.482458	4173	
-0.301853	0.424002	2382	
-0.304037	0.412574	2382	
-0.026664	0.387120	3082	
-0.156943	0.274232	2322	
-0.187814	0.402407	4625	
-0.234342	0.257909	2785	
-0.225951	0.326082	2187	
-0.312630	0.242911	3039	
-0.341740	0.232826	2996	
-0.323384	0.330086	4097	
-0.221239	0.388317	4629	
-0.262568	0.403991	4288	
0.022880	0.394082	2409	
0.236935	0.023756	1107	
-0.281122	-0.028513	4834	
-0.379841	0.452206	4330	
0.247592	-0.546363	632	
0.548298	-0.023984	860	
0.202286	-0.623623	2103	
0.541715	0.331641	288	
0.685655	0.269710	592	
-0.192204	0.727293	1963	
0.394353	-0.649831	2078	
-0.183211	0.779052	504	
0.522791	-0.608857	2463	
-0.393942	0.749160	1902	
-0.270327	0.818287	348	
-0.543182	0.686687	3623	
0.920406	-0.010000	3521	
-0.232266	-0.924840	993	
0.870574	0.393875	5226	
0.745290	-0.654016	2217	
-0.102149	0.191760	1137	
0.007957	0.296797	764	
-0.260532	0.127638	4722	
-0.316780	0.145290	5232	
-0.406608	0.216837	1803	
-0.259010	0.373836	4403	
-0.184431	0.337122	2271	
-0.329191	0.253860	2404	
-0.260999	0.297159	1695	
-0.267185	0.281356	1695	
-0.338049	0.316267	4124	
-0.242966	0.213533	3026	
-0.094331	0.340686	455	
0.012352	0.280333	764	
0.414701	-0.082277	4029	
-0.206156	-0.222493	4244	
-0.158789	-0.499996	3490	
-0.567727	0.077564	1089	
0.302446	0.213466	536	
-0.354278	-0.240982	1029	
0.666737	0.195219	5148	
-0.691741	0.107989	4099	
0.397548	-0.640603	2078	
0.548812	0.582167	3331	
-0.310476	-0.739377	3106	
0.314297	0.741968	3131	
-0.812910	-0.273393	3960	
0.867062	0.068112	4181	
-0.262403	-0.872860	3330	
0.822850	0.422361	4969	
0.134044	-0.944009	641	
-0.918633	-0.374085	2128	
-0.232708	0.062435	5132	
-0.239872	0.453285	2551	
-0.421403	0.294078	3037	
-0.029205	0.342133	2743	
-0.200667	0.230317	2704	
-0.142465	0.387909	3938	
-0.273408	0.218193	2694	
-0.235945	0.293961	1967	
-0.316764	0.246518	3039	
-0.294770	0.284030	2589	
-0.261638	0.270581	2810	
-0.317381	0.334993	4097	
-0.135658	0.405703	3938	
-0.431541	0.252935	1804	
0.196402	-0.033498	719	
0.026345	0.486774	1384	
0.512387	-0.234994	3816	
0.294775	0.089391	4619	
-0.246546	-0.505888	1607	
0.317997	0.393577	4038	
-0.418412	-0.327718	3844	
-0.166579	-0.665700	5620	
-0.071561	-0.729434	3115	
0.019809	0.752665	1861	
0.350628	-0.715155	2519	
0.797686	0.027323	1345	
0.297845	-0.750560	2559	
0.265205	-0.805382	3083	
-0.518018	0.699301	3652	
-0.724686	0.566845	5552	
0.481376	0.786080	3854	
0.462401	-0.834337	4771	
0.015402	-0.991253	5160	
0.126783	0.220088	2266	
-0.197816	-0.009581	692	
-0.063374	0.209720	2066	
0.004106	0.277578	269	
-0.433720	0.185371	3466	
-0.290497	0.131080	3556	
-0.251746	0.400757	4288	
-0.227410	0.251350	2785	
-0.260230	0.229944	2694	
-0.235300	0.333912	2063	
-0.300580	0.281032	2589	
-0.296432	0.308308	2195	
-0.351884	0.243256	2996	
-0.183318	0.312237	2184	
-0.414470	0.214958	1803	
-0.249027	0.133335	276	
0.090073	0.369825	3476	
0.230307	0.085408	4966	
0.424160	-0.405217	2106	
-0.328693	-0.053499	2637	
0.395852	-0.484916	2782	
0.346331	0.384849	1473	
0.151318	0.646476	2990	
0.658642	-0.231535	1852	
-0.636505	-0.419452	5258	
0.090877	-0.748206	3094	
-0.568637	0.561806	2459	
0.261821	0.757439	2940	
-0.655169	0.529791	3474	
-0.288556	0.801045	2365	
-0.857281	-0.170398	4249	
0.002153	-0.920452	3471	
-0.053880	0.919074	5221	
0.744746	-0.595555	4413	
0.379363	-0.915914	5207	
0.249788	-0.001086	4691	
0.302866	-0.044287	4185	
0.478270	-0.185090	3462	
-0.265312	0.020918	655	
-0.026056	0.487018	1303	
0.052388	0.290323	5594	
-0.151318	0.183985	470	
-0.434815	0.189345	3466	
-0.270682	0.400799	3712	
-0.309432	0.371587	4080	
-0.168910	0.340459	2271	
-0.274461	0.217376	2472	
-0.259084	0.261812	2810	
-0.301221	0.305234	2195	
-0.304552	0.226102	3039	
-0.366193	0.275668	3524	
-0.221713	0.235867	2615	
-0.107712	0.321711	456	
0.025400	0.298212	5497	
0.470797	-0.127866	3139	
-0.313274	-0.014458	5501	
-0.212848	-0.386662	5429	
0.257487	0.242853	4365	
0.374530	0.066482	1087	
0.168981	-0.632601	5136	
-0.459338	-0.276466	1308	
0.688726	0.261188	431	
0.594755	0.481666	3357	
0.227192	0.718619	5116	
0.796499	0.064630	4290	
-0.664101	-0.475345	4467	
0.727387	0.453590	1737	
-0.824440	-0.248145	4589	
0.810813	-0.316910	3184	
0.788235	-0.474817	4849	
-0.953098	0.031964	856	
0.932674	-0.198734	4529	
0.027394	-0.509000	1980	
-0.202550	-0.138181	1037	
-0.355086	0.420874	2722	
0.077602	0.446547	4915	
0.165833	0.207638	563	
0.191032	0.129204	5183	
0.019485	0.466492	4296	
0.037335	0.250508	1900	
-0.354301	0.375314	4452	
-0.085876	0.436631	5565	
-0.135899	0.406443	3938	
-0.328180	0.181137	3005	
-0.336891	0.195078	2431	
-0.330768	0.221368	2928	
-0.319394	0.221405	3039	
-0.371597	0.221789	3093	
-0.252778	0.226526	2694	
-0.407007	0.188840	3466	
-0.115437	0.449949	1349	
0.108118	0.260156	926	
-0.104013	-0.413340	2642	
-0.217444	0.527599	3922	
0.218518	0.393110	2623	
-0.194753	-0.548407	1954	
0.318618	0.420211	2781	
-0.455047	-0.403043	5295	
-0.354705	-0.582423	1403	
-0.722268	-0.052367	5140	
0.689949	0.363348	3133	
-0.746832	0.266803	4309	
0.268671	-0.754441	2457	
0.043113	0.803264	4477	
-0.797384	-0.320239	4397	
0.839529	-0.219147	1800	
0.869946	-0.157137	420	
0.876661	0.292180	373	
-0.048513	-0.952318	1585	
0.836422	0.461751	4942	
0.809701	-0.572054	4813	
0.447199	-0.360563	2458	
0.030692	-0.543935	1728	
0.267710	0.053529	5636	
-0.195356	-0.204626	4244	
0.431320	-0.089704	4029	
-0.015727	0.502727	1276	
0.113315	0.270806	345	
0.195931	-0.037908	719	
-0.061169	0.243493	673	
-0.319383	0.114398	3464	
-0.303552	0.147850	5335	
-0.163149	0.301341	2279	
-0.169277	0.355642	2271	
-0.373172	0.226765	3093	
-0.372095	0.259505	3367	
-0.283394	0.200242	2472	
-0.114435	0.390476	2254	
-0.338140	0.116750	3464	
-0.171802	0.128411	409	
0.390400	-0.070499	5019	
0.151180	0.421347	1446	
-0.531597	0.236018	2898	
0.190680	-0.565053	2061	
0.570557	-0.054074	1927	
0.598220	-0.264075	3167	
-0.657748	0.073689	1143	
0.683338	0.033723	2204	
0.344143	-0.660690	2154	
0.135636	-0.741660	3185	
-0.361520	0.712627	2576	
0.354506	0.719953	3227	
-0.765277	-0.328328	3806	
0.847851	0.056645	3324	
-0.779191	0.385704	3102	
-0.905773	-0.173050	5269	
0.345191	0.854314	5188	
0.526684	-0.795210	5336	
-0.018424	-0.991229	3784	
-0.180534	-0.466381	2708	
-0.485793	0.058315	3758	
0.147075	0.494068	2023	
-0.249147	-0.137411	1897	
0.263660	-0.504181	621	
-0.231202	-0.123567	5251	
-0.386614	0.067763	1843	
0.141064	0.212684	511	
0.196341	-0.034166	1908	
-0.193727	0.164480	831	
-0.033810	0.347583	2743	
-0.293711	0.150913	5335	
-0.300960	0.376906	4080	
-0.161917	0.302863	2279	
-0.206181	0.252713	2564	
-0.351912	0.147762	5696	
-0.072985	0.300493	4779	
-0.143068	0.191269	470	
0.237891	-0.477431	2441	
0.322099	-0.035155	3753	
-0.427412	0.041828	5029	
0.189807	0.473587	1652	
-0.188754	-0.551971	1954	
0.314309	0.405024	3638	
-0.612882	0.237307	2952	
-0.669130	-0.201625	5105	
0.560392	0.436593	3456	
-0.374614	-0.653842	2879	
0.751972	0.190512	3349	
-0.031978	0.799275	4456	
-0.199371	-0.776569	2902	
0.648672	0.554471	1075	
-0.829407	-0.226607	3965	
0.611403	-0.620092	3620	
0.678816	-0.621198	3777	
0.634113	0.712748	5554	
0.878633	-0.370351	1962	
0.370028	-0.475488	2747	
-0.229963	-0.347520	3852	
-0.071647	0.572568	4692	
0.533499	-0.234774	2901	
-0.482001	0.339783	2793	
0.040305	0.532832	1686	
-0.146304	-0.382811	1893	
-0.257330	-0.020892	4624	
0.240362	0.015971	1107	
0.025128	0.426663	5178	
-0.134866	0.219752	560	
-0.197131	0.188926	4112	
-0.409172	0.258193	3439	
-0.404141	0.183522	1324	
-0.323893	0.368978	4080	
-0.436801	0.199919	4869	
-0.122075	0.207935	1137	
0.131259	0.227626	2266	
-0.182095	-0.179101	5280	
0.006824	-0.540682	1441	
-0.048207	-0.557144	1462	
0.267998	0.195200	3604	
0.469787	0.012146	1165	
0.597699	-0.265511	3167	
-0.547124	-0.093246	656	
0.682832	-0.010610	3904	
-0.371399	0.641628	2304	
-0.686431	-0.370469	4192	
0.793091	0.060672	4290	
0.787213	0.202707	2973	
-0.289637	-0.753967	3100	
-0.282005	-0.799690	3363	
0.654297	0.581443	1771	
0.595641	0.662478	3502	
0.832792	0.402423	5564	
-0.004133	-0.953461	995	
0.894266	0.336015	1189	
0.826590	-0.547383	1834	
0.573648	-0.219336	2976	
-0.020420	-0.600333	3649	
-0.275257	-0.378338	4553	
0.533742	-0.268580	2875	
-0.187277	0.556184	3898	
-0.191414	-0.449970	1419	
-0.263048	-0.106300	5186	
-0.075488	-0.491876	1953	
-0.490674	0.176840	3570	
0.284572	-0.034013	5317	
-0.011623	0.227340	779	
0.014690	0.411463	2194	
-0.311396	0.407127	2382	
-0.128157	0.451262	1422	
-0.251062	0.108080	1504	
-0.265493	0.064312	4893	
-0.210494	-0.086467	604	
-0.267818	0.473816	2496	
-0.177942	-0.338452	631	
-0.491176	0.326555	2793	
-0.220506	-0.446776	1419	
0.204789	-0.584459	4506	
0.311428	0.484542	3195	
-0.454137	-0.409836	5295	
0.669677	0.190193	774	
-0.632388	0.320709	3872	
-0.525335	-0.549029	3066	
0.466518	-0.600008	1221	
0.796874	0.041661	1014	
-0.705132	0.379379	2143	
0.434134	-0.724077	1517	
-0.723612	0.447941	2249	
-0.800451	-0.366074	3264	
-0.123519	-0.912132	5165	
0.077459	0.917330	2006	
0.671020	-0.677392	3027	
0.166477	-0.977200	2068	
0.000132	0.616388	830	
0.217065	0.545824	1916	
0.288994	0.308353	4769	
0.530384	-0.326093	2795	
-0.322940	-0.103003	4770	
-0.283000	-0.121731	962	
0.077890	-0.570298	2338	
-0.270672	-0.090765	5378	
-0.118571	-0.449505	4725	
-0.195917	-0.151751	1037	
0.102422	0.313560	5176	
-0.471034	0.154394	976	
0.196689	-0.031942	1908	
0.196418	-0.033650	1908	
-0.385101	0.381542	2667	
-0.129002	-0.309176	5467	
-0.111122	-0.394156	3291	
-0.178791	-0.333284	1594	
-0.086351	0.563550	4011	
-0.534692	0.257039	2803	
-0.143968	-0.574258	2064	
0.307285	0.378532	4743	
-0.044473	-0.646183	3203	
0.511472	0.368959	1266	
0.006586	-0.704332	3282	
0.718607	-0.176102	4498	
-0.261842	-0.706665	1965	
0.745342	0.337938	730	
0.785766	0.212096	2973	
-0.786154	-0.235486	1428	
-0.595895	-0.610706	803	
0.766154	-0.407387	2587	
-0.709651	0.511780	2813	
0.919401	0.051138	1291	
-0.626049	-0.720333	3292	
0.953522	-0.023108	1915	
0.350986	0.248949	4595	
-0.110170	0.628688	1896	
-0.238460	0.590079	4684	
0.172328	0.572373	2270	
0.366743	0.065308	1087	
-0.275043	-0.365865	3603	
-0.239770	-0.260048	5231	
0.033807	-0.570020	2125	
-0.288191	-0.060185	4218	
0.281651	0.034228	3352	
0.331411	-0.439618	2597	
0.105333	0.396869	3519	
0.212279	0.117043	5725	
0.188429	0.164239	1391	
-0.352336	0.423076	2722	
-0.425545	0.081035	4059	
0.034468	-0.544424	1728	
-0.263972	0.521303	3929	
-0.336085	0.493193	3884	
-0.299622	-0.157384	825	
0.296760	0.237954	3766	
0.610083	-0.228749	2709	
0.564238	0.088120	766	
0.660379	0.153851	4312	
0.020200	-0.732997	2122	
0.746101	0.159547	3444	
-0.313834	-0.725689	3106	
-0.326104	0.731613	2377	
-0.766101	-0.293689	1000	
0.644792	-0.544373	3734	
-0.722540	0.449680	2249	
-0.840402	-0.252215	4589	
-0.496130	-0.776777	4083	
0.222694	0.893612	5028	
0.555290	-0.775489	5595	
-0.665760	-0.735025	3459	
0.917120	-0.376703	4037	
0.339023	-0.579430	2209	
-0.359488	-0.259924	543	
0.614181	-0.021242	1258	
0.003591	0.633935	830	
0.054216	0.611416	3447	
0.341523	0.095668	4328	
-0.273649	-0.327801	1067	
-0.340244	-0.038168	5448	
-0.006679	-0.565819	1630	
-0.212968	-0.236311	3527	
0.091793	-0.545817	1753	
-0.050336	-0.506509	1494	
-0.249508	-0.083984	516	
-0.156409	-0.336458	610	
-0.092336	-0.503634	1406	
-0.349573	0.001832	4179	
-0.213427	-0.359957	5724	
-0.469462	0.033182	1198	
-0.292139	-0.179412	811	
0.319893	0.145985	1144	
0.356200	0.393833	1100	
-0.381125	-0.211981	5213	
-0.279473	-0.623967	2966	
0.686459	0.127288	1606	
-0.165315	0.733549	1963	
0.644741	0.428926	313	
-0.794045	0.049568	867	
0.305266	0.741461	3114	
0.805543	0.019181	1345	
-0.086243	-0.842558	4280	
0.859727	0.145503	4636	
-0.872630	0.062756	1662	
0.918442	0.067900	1291	
-0.804619	-0.514524	493	
0.948268	-0.101590	793	
0.694399	-0.707577	5037	
-0.407561	-0.191330	4640	
0.418487	0.147548	4689	
-0.449464	-0.371774	3781	
-0.396175	-0.370915	419	
0.227504	0.575936	2319	
0.121358	0.594659	1880	
0.505721	-0.007772	371	
-0.376061	-0.043475	4119	
-0.429713	0.016396	1156	
0.367815	-0.465379	2747	
-0.355975	0.469233	2588	
-0.181496	-0.401083	1375	
-0.222970	-0.205482	1472	
0.220974	0.250831	4620	
-0.501723	0.068800	4233	
0.274214	0.129139	4352	
0.031276	-0.582734	1921	
-0.072796	-0.596739	1797	
0.296943	0.232923	3766	
0.352588	0.438894	1593	
-0.446318	-0.366390	1887	
-0.671590	-0.191026	720	
0.585231	0.408743	3532	
0.463095	-0.588897	1221	
-0.159489	-0.736150	1126	
0.740577	-0.287285	939	
0.647822	-0.469742	2888	
0.720645	0.397153	1612	
-0.145340	0.832775	561	
-0.816357	-0.277459	3960	
-0.388746	-0.780572	5271	
0.039646	-0.919587	3479	
0.077759	0.917308	2006	
0.625299	-0.720097	5104	
-0.740908	-0.659168	554	
0.930470	-0.342302	3636	
-0.490236	-0.129521	5732	
-0.491757	-0.129226	5732	
-0.549790	0.404263	2687	
0.191115	-0.646096	5244	
-0.370300	-0.490791	4507	
-0.017808	0.631983	841	
0.265796	0.505625	1516	
0.493844	-0.382594	2936	
-0.407928	-0.023057	1496	
-0.177579	-0.505906	3002	
0.084664	0.548585	1343	
0.266450	0.147143	4363	
0.270221	0.137894	4583	
0.087504	0.547826	1343	
-0.195066	-0.488738	1856	
-0.452981	-0.003590	879	
0.361414	-0.509304	4565	
0.306596	0.396057	3638	
0.340295	0.317021	961	
-0.446843	-0.367487	3781	
-0.501275	-0.130419	5732	
0.684971	0.057435	1936	
-0.582417	-0.479203	1110	
-0.573067	0.492332	2701	
-0.577961	0.544642	2459	
-0.739034	0.305439	5190	
-0.795849	0.056285	1532	
-0.394315	-0.748121	1226	
0.582777	0.626504	2912	
-0.692811	0.525610	3073	
-0.578266	0.713094	3976	
0.788414	0.482807	4560	
-0.200246	-0.932237	4931	
0.951011	0.073145	461	
0.769875	-0.624817	3812	
0.415704	0.507578	357	
-0.376249	-0.520391	5358	
0.598764	0.006944	350	
-0.052809	0.626934	1212	
0.300905	0.383275	4743	
0.498152	-0.376782	2706	
-0.274465	-0.345590	2293	
-0.524666	0.030045	1063	
0.276244	0.164806	1692	
-0.098447	0.588235	1456	
-0.281435	-0.221628	5582	
0.177268	-0.591909	1871	
0.335874	0.112236	4446	
0.259651	0.527502	1510	
0.569961	-0.326874	2893	
-0.562312	0.369259	2002	
-0.671500	-0.202017	5105	
0.683625	0.084320	1065	
-0.469192	0.574321	1657	
0.096472	0.746286	5729	
-0.778025	-0.188556	1505	
0.762650	-0.232489	452	
-0.202363	0.774894	2401	
-0.256229	0.769262	2466	
-0.005890	-0.846800	3668	
0.766342	-0.406681	2587	
0.466984	0.740073	2381	
0.839593	-0.376738	5447	
-0.488838	0.780545	2173	
0.815354	-0.494270	4916	
0.196311	-0.971741	4544	
-0.489421	-0.133825	4206	
-0.455437	-0.338665	3756	
-0.357210	-0.244277	543	
0.359402	0.445954	4256	
0.058481	0.614492	2986	
0.302424	0.425074	1247	
0.349929	0.087003	3076	
0.562189	-0.049954	1104	
0.579894	-0.092381	1309	
0.478832	0.004938	1165	
0.293136	0.278537	4957	
0.277300	0.503394	1516	
0.341309	0.471429	4820	
-0.363481	-0.179477	4457	
-0.451787	-0.466840	2368	
-0.117838	-0.676966	3033	
0.587072	0.406682	3532	
-0.731115	-0.070956	4271	
0.191370	0.727625	874	
0.601762	0.487091	3465	
0.043720	-0.797916	2776	
0.154282	0.785680	2797	
-0.326727	-0.738854	3012	
-0.830612	-0.194063	1489	
-0.561555	-0.647342	3529	
-0.004502	-0.870364	3507	
-0.088963	-0.916052	1521	
0.194094	0.900119	5584	
0.478672	-0.825068	5070	
0.775158	0.557846	4415	
-0.495127	-0.128938	5732	
-0.449476	-0.114495	4373	
-0.360966	-0.533477	4801	
0.409020	-0.517806	5247	
0.324779	0.501379	4250	
0.070265	0.619623	3433	
0.162491	0.583501	2270	
0.223036	0.549740	1916	
0.209751	0.560068	1916	
0.180108	0.586513	2270	
0.360840	0.405177	748	
-0.203450	-0.605743	3278	
-0.381630	-0.239660	5113	
-0.496098	-0.128921	5732	
0.652521	0.283704	5106	
-0.024943	-0.703592	1785	
-0.660407	0.348980	5420	
-0.368126	0.659392	2369	
0.428174	-0.657736	4169	
-0.181581	-0.778602	2902	
0.332896	0.729801	5185	
-0.588677	0.550384	2459	
-0.541958	0.649718	2869	
-0.842616	-0.146550	3392	
-0.834281	-0.274333	5413	
-0.155684	0.906982	468	
0.640722	0.663701	4817	
-0.154296	-0.940923	524	
0.952143	0.056507	461	
0.713779	-0.687932	287	
0.985048	-0.113189	3513	
-0.500379	-0.129873	5732	
-0.279301	0.619818	2131	
0.083578	-0.666163	2870	
0.567461	0.054883	3564	
-0.308811	-0.546760	273	
0.618156	-0.198221	1890	
0.624579	-0.061570	619	
0.625968	-0.151353	3192	
0.269596	-0.599609	873	
-0.631213	0.059752	1367	
-0.555345	0.379979	2473	
0.430840	0.287050	3455	
-0.014564	-0.689003	1785	
0.533855	-0.466004	2467	
-0.235899	-0.692606	1673	
0.472743	-0.584689	904	
-0.527176	-0.549402	3066	
0.786809	0.037219	2326	
0.401102	-0.692154	2300	
0.250757	0.760977	3145	
-0.362039	0.719636	2235	
-0.094901	0.839754	1239	
-0.802194	0.282261	3229	
-0.849098	0.184665	3230	
-0.653275	-0.633745	5465	
0.877276	0.290267	373	
-0.543133	0.783772	3629	
0.907801	-0.291498	330	
0.340236	-0.931166	2142	
-0.497140	-0.129033	5732	
-0.105661	0.672784	1485	
-0.582044	-0.093083	1929	
-0.432279	-0.477800	3255	
-0.612834	-0.040055	3895	
-0.444613	-0.363423	4803	
-0.383129	-0.195817	4433	
-0.322925	-0.570880	438	
-0.650440	0.007658	739	
-0.485937	-0.131218	5732	
0.103726	-0.683391	3086	
0.652966	0.323479	1581	
-0.336527	0.624377	1996	
-0.649498	-0.401573	4959	
0.662198	-0.356825	1011	
0.745740	-0.046839	1444	
-0.232698	-0.760722	2878	
0.469150	0.653286	4782	
-0.044390	0.799152	2151	
-0.762901	0.254414	2949	
-0.228052	0.814166	307	
-0.769163	0.363428	3102	
-0.788838	0.364792	2985	
0.777987	-0.414012	2752	
0.920355	-0.012753	3521	
-0.565519	0.726812	5614	
0.804025	-0.512555	5298	
-0.293672	0.907626	788	
-0.491636	-0.129256	5732	
-0.488671	-0.133835	4206	
-0.490842	-0.129418	5732	
-0.490306	-0.129548	5732	
-0.488519	-0.130071	5732	
-0.486166	-0.131052	5732	
0.674335	0.194743	5148	
0.098381	-0.684095	2870	
0.556998	0.398953	1360	
0.690652	-0.053621	3800	
-0.545322	0.455338	2871	
0.136113	0.722979	684	
-0.609908	0.442616	2499	
-0.746734	-0.142231	4950	
0.601320	-0.463907	2757	
-0.012345	0.797117	1154	
-0.412188	-0.689765	4646	
-0.520493	0.609826	2720	
0.334753	-0.734359	2519	
-0.734180	0.419128	302	
-0.838153	0.141497	1524	
-0.812204	0.308954	3366	
-0.089843	-0.873109	3787	
0.910046	-0.135646	1392	
-0.325708	0.861426	4014	
0.716619	-0.629034	3768	
0.646968	0.701638	5402	
-0.498834	-0.131781	4206	
-0.665625	-0.191838	5105	
0.203729	-0.662232	5621	
0.583822	-0.374868	1646	
0.615046	0.329826	477	
0.623097	0.352493	4473	
0.694102	0.162919	4504	
-0.674761	-0.295186	3906	
-0.375044	-0.629251	1873	
-0.478546	-0.571530	3369	
-0.667753	0.347457	5420	
-0.503798	0.563136	2285	
0.386948	0.648947	2943	
-0.274283	-0.746915	3100	
0.439137	-0.668468	403	
0.668540	0.468622	4681	
0.018297	-0.800739	3127	
-0.724004	-0.408907	4075	
-0.642133	-0.564182	1841	
-0.764660	-0.402861	4984	
-0.868431	0.036323	3528	
0.859284	-0.197776	2498	
0.916661	-0.080591	3228	
-0.301581	0.870186	4014	
0.672150	-0.676361	3027	
0.776606	0.555799	4415	
0.991160	0.026129	4482	
0.673071	0.198982	5148	
0.657114	0.145797	4312	
0.579397	0.409656	3532	
0.524264	0.472445	4895	
0.545949	-0.451683	2273	
0.124724	-0.722866	2799	
-0.421830	0.608790	1756	
-0.720284	0.199684	4198	
0.569281	-0.493651	2665	
-0.739877	-0.241370	3484	
0.244688	0.712957	3909	
-0.788885	0.046562	894	
-0.697697	-0.426331	3223	
0.013364	-0.799996	3127	
-0.381091	0.705333	2576	
-0.277158	0.755752	2484	
0.641958	-0.547215	3734	
0.456632	-0.713587	1426	
-0.240331	-0.817941	2835	
-0.698663	-0.531641	3612	
0.871858	-0.272201	3486	
0.912410	0.129255	4068	
-0.411242	0.824092	882	
0.697829	-0.649707	3768	
0.783300	0.546516	4415	
0.870751	-0.474162	3602	
-0.672729	-0.200458	5105	
0.469654	0.491900	5372	
0.491667	0.502542	2944	
-0.367846	0.635337	1877	
-0.118312	0.727627	1892	
-0.421424	0.621966	1756	
0.113627	-0.743600	2930	
-0.456709	0.601783	1601	
0.695552	-0.286862	1236	
0.488136	-0.581487	904	
-0.004079	-0.794505	3158	
-0.586448	-0.557217	4101	
-0.402024	-0.695399	4646	
-0.091092	0.795292	2096	
0.788773	-0.126863	3015	
-0.804338	0.092092	812	
-0.812296	0.231487	3581	
-0.491830	0.695088	2422	
0.844960	0.227944	5196	
0.460302	-0.739012	2250	
-0.659379	0.641636	1339	
0.787647	0.484018	4560	
-0.669580	0.631681	1659	
0.778299	-0.550845	5558	
0.734740	0.609458	2425	
0.886533	-0.443978	1597	
0.141454	0.671084	3150	
-0.663094	-0.157479	4167	
-0.271721	-0.646242	4757	
-0.385158	-0.588037	1498	
-0.669849	0.312689	4091	
-0.525908	0.540169	1590	
-0.103009	0.745931	1998	
0.495637	-0.569637	4145	
-0.123756	0.744071	1892	
-0.456956	0.648716	2478	
0.072160	0.793644	4532	
0.688345	-0.405252	1983	
0.490535	-0.632902	4137	
-0.238962	0.764517	2466	
0.681151	-0.421459	2208	
0.717857	0.409297	1040	
0.379952	0.756766	1393	
0.641310	-0.553167	3734	
-0.404611	-0.752012	5241	
-0.866680	0.062875	1662	
-0.089992	0.868390	1300	
0.305032	-0.868541	4358	
0.412900	0.823842	2638	
-0.672731	0.675520	4955	
0.885587	-0.353277	1257	
0.543496	0.784304	1003	
0.930068	-0.343385	3636	
0.686207	-0.255054	2029	
0.350909	0.645792	963	
0.237455	-0.709139	4729	
0.257140	-0.707920	2245	
-0.629121	-0.446961	3401	
0.161454	0.735979	5272	
0.785352	-0.026700	5717	
0.487110	0.636894	1112	
0.134878	-0.787664	2581	
-0.635137	-0.508646	3550	
0.409800	0.690945	857	
-0.673429	0.433727	2067	
0.541739	0.602426	4556	
-0.336489	0.737394	2377	
0.456505	0.714258	1901	
0.369142	-0.762526	2604	
-0.777501	-0.377553	4313	
0.131860	0.859416	3566	
0.425589	-0.759567	814	
0.054303	-0.917654	3418	
0.920306	0.020702	5673	
-0.131634	0.911250	2390	
0.116833	-0.946338	4871	
0.952150	-0.055022	1705	
-0.390755	0.870164	5555	
0.972901	-0.190925	3448	
-0.090507	-0.747497	2656	
0.736581	-0.135525	3606	
-0.113283	0.745658	1892	
0.441354	-0.654967	403	
0.521716	0.610462	4556	
0.181294	-0.778422	2476	
-0.571595	-0.573231	4101	
0.373266	0.710571	3227	
-0.613178	0.516117	3166	
0.752205	-0.271579	1767	
-0.395406	-0.705264	3215	
-0.763210	-0.389128	4984	
-0.715487	0.450124	2243	
0.711680	-0.458429	3077	
-0.705222	-0.495908	1484	
0.574352	0.657337	2028	
-0.343375	-0.801026	3935	
0.289262	-0.829471	2929	
0.605605	-0.693032	5243	
0.439452	0.810058	2331	
-0.765153	0.511761	365	
0.745838	-0.594120	4413	
0.881667	0.368000	1376	
0.591604	-0.795658	3855	
-0.051288	-0.797048	2787	
0.786211	-0.126244	3015	
-0.797695	-0.039754	1296	
0.797578	0.024998	1345	
-0.199773	0.775463	2401	
-0.794861	0.069193	691	
0.616457	0.531859	4986	
0.260146	-0.763407	2457	
-0.835451	-0.129713	3555	
-0.256162	0.805603	262	
0.104178	-0.840131	2493	
-0.327106	0.785647	2386	
-0.136274	-0.841007	1298	
-0.545228	0.677836	3623	
-0.101911	-0.864325	3787	
-0.314028	-0.819332	2112	
0.231478	-0.890972	4488	
0.676751	0.627446	3755	
-0.405064	0.827074	916	
0.257768	-0.917989	1283	
0.950371	-0.078972	1268	
0.485695	0.821304	800	
0.911168	-0.390825	5026	
0.675660	-0.429884	2208	
0.625258	0.522251	4717	
-0.517718	0.616736	2521	
0.716833	-0.367860	1978	
0.801419	0.288849	4267	
0.691587	0.502767	1622	
-0.775938	-0.369868	4313	
0.642919	-0.550880	3734	
-0.744959	0.410473	358	
-0.171225	-0.834679	2315	
0.518570	0.700930	2718	
-0.656873	-0.580398	1841	
0.833560	0.280395	4712	
-0.396870	-0.815652	2699	
0.648067	-0.653182	3414	
0.613879	0.688309	5193	
-0.386741	0.835795	5381	
-0.418371	-0.857241	320	
0.913502	-0.272953	255	
0.776266	0.556118	4415	
0.628776	-0.766539	3865	
0.991476	-0.001839	4166	
-0.104143	-0.840083	4280	
0.270872	-0.802415	3083	
0.754149	-0.383651	2689	
0.530456	0.668338	3498	
-0.839615	-0.167071	3894	
-0.134730	-0.841162	1298	
0.756275	-0.422926	2546	
-0.842071	0.213534	3657	
-0.364691	-0.791707	727	
0.761971	0.441768	3886	
0.593998	0.660302	3502	
-0.257953	-0.883643	344	
0.902303	0.191334	5030	
0.218820	0.894492	5028	
-0.585535	0.710571	3976	
-0.028003	-0.953056	1585	
0.919864	-0.250917	4531	
0.818956	0.491665	1190	
-0.332770	-0.933907	4766	
0.983194	-0.128098	3513	
-0.868636	0.025098	3043	
-0.834572	-0.272353	4536	
-0.647121	-0.590784	2575	
-0.188672	-0.849867	3048	
0.776693	-0.391482	2594	
0.089302	0.867594	3346	
0.880788	0.022146	4601	
-0.600853	0.696826	2593	
0.716994	-0.576722	4792	
0.823991	0.420002	5211	
0.197023	0.899442	5028	
-0.495337	0.776388	4335	
0.540739	0.785617	1045	
0.716844	-0.628743	3768	
0.953771	0.008263	5610	
0.700275	0.648426	396	
-0.077804	-0.988372	1999	
0.956516	0.262227	1493	
0.250045	-0.885919	4427	
0.521948	-0.758288	4937	
0.815251	-0.426653	3258	
0.919142	0.054689	1291	
0.779315	0.497029	4560	
0.439129	0.810238	2331	
-0.015687	0.920356	5613	
-0.462168	0.796606	2320	
-0.796610	0.460845	2185	
-0.715885	-0.631402	515	
0.787062	-0.538323	5558	
0.953680	-0.014965	1915	
0.816404	0.495991	1190	
0.303868	0.904234	1752	
0.990344	0.047642	1589	
-0.894101	0.219189	3457	
-0.906367	0.161290	3568	
-0.909720	-0.151279	4576	
-0.823203	0.480562	1421	
-0.037914	-0.952725	1585	
0.728675	-0.615018	5598	
0.915607	-0.265848	4531	
0.951217	0.071094	461	
0.865861	0.404033	5313	
0.607088	0.736166	5407	
0.031114	0.953192	2046	
0.810080	-0.571506	4813	
0.991325	-0.018115	1544	
0.636677	0.710870	5554	
0.631297	0.715579	5554	
0.574212	0.762117	1172	
0.466566	0.832281	4342	
0.299969	0.905518	1752	
0.007872	0.953649	4586	
-0.563701	-0.815775	1556	
0.911547	-0.389935	5026	
0.990707	-0.037229	3619	
0.957964	0.256851	1493	
0.893494	0.430816	3424	
0.807977	0.575217	3594	
0.908379	0.398502	3640	
0.910125	0.394486	1560	
0.901497	0.413857	3640	
0.853577	0.505255	1869	
0.767887	0.627474	1577	
