time = 3.152	Re = 40	rotation = 0.501486
-0.584346	0.730863	538	
0.485305	0.475538	2374	
0.919490	-0.171033	2740	
0.271205	-0.051564	522	
0.372578	0.738021	2256	
-0.592082	0.433848	1442	
0.168920	0.526285	2081	
-0.663831	0.734539	3007	
-0.529177	0.250336	1803	
-0.615899	0.488665	1784	
-0.403601	0.660263	2683	
-0.012407	0.830322	638	
-0.619439	0.544333	2434	
-0.119503	0.685478	3216	
0.753194	-0.116804	1273	
0.773699	-0.009291	1454	
0.255335	-0.188588	1006	
0.517407	0.746542	3379	
-0.851979	0.279461	2359	
0.892369	0.258778	435	
-0.368549	0.544143	967	
0.578641	0.406800	2587	
0.439417	0.446886	1312	
0.052100	0.743430	2989	
0.066350	0.711689	628	
-0.394703	0.483980	1557	
0.375143	0.801640	981	
-0.392680	0.644573	2510	
0.233656	0.101406	415	
0.361262	0.795559	773	
0.358199	-0.277033	1617	
-0.408773	0.856031	3476	
0.305987	-0.135814	895	
0.850244	0.183554	2075	
0.799527	0.023755	1829	
-0.521591	0.629013	948	
0.307062	-0.085347	247	
0.508319	0.608046	1862	
0.165920	0.927539	679	
0.099388	0.958869	385	
-0.098179	0.680947	3209	
-0.213636	0.697158	3048	
0.434078	-0.116515	2763	
0.324097	0.927899	2536	
0.184124	0.728638	2662	
0.255975	-0.177799	1006	
0.337956	0.570733	1760	
-0.451855	0.594529	545	
0.357230	-0.100707	1531	
0.773868	-0.271274	1886	
0.303873	0.236973	2261	
-0.826892	0.261424	2002	
0.642867	0.030631	2245	
0.783380	-0.231391	3167	
0.400818	0.407425	1320	
0.138633	-0.279587	292	
-0.724927	0.450991	2039	
0.825015	0.154626	2478	
0.829919	0.047319	1930	
-0.908851	0.257619	573	
0.404830	0.063875	1525	
0.043626	-0.271653	2527	
0.449496	-0.296809	416	
0.618336	0.535035	2375	
0.530814	0.264089	2058	
0.671141	-0.124823	2788	
-0.808320	0.448487	294	
0.273506	0.929130	2784	
-0.672384	0.595199	2420	
0.136158	0.540534	3369	
0.376342	0.892835	518	
0.586962	-0.093040	2764	
0.234805	0.114467	415	
0.183883	0.703279	2662	
-0.014502	0.985254	2722	
-0.343431	0.668339	1384	
-0.557432	0.639893	2130	
0.400575	0.289201	1279	
-0.613222	0.287815	821	
0.170405	0.939478	679	
0.316685	0.103965	822	
0.157222	-0.342233	1651	
-0.808571	0.411829	3272	
0.364775	0.616154	1957	
-0.602273	0.502508	1351	
-0.610474	0.288333	821	
-0.789411	0.582062	1311	
-0.444892	0.602258	545	
0.084537	0.621109	3004	
0.802262	0.313808	1738	
-0.385721	0.414028	984	
-0.228222	0.843861	2755	
0.707073	-0.030004	761	
0.353270	0.647976	2595	
0.748672	-0.173674	2474	
-0.212312	0.611285	2622	
0.451086	-0.147405	872	
0.900575	0.298914	276	
0.190803	0.628666	542	
0.028765	0.862379	259	
0.206860	-0.113865	323	
0.409972	0.783558	843	
0.305892	0.688592	390	
0.275408	0.702342	513	
0.318931	-0.333516	425	
0.417251	0.145188	1069	
0.348034	-0.084497	1763	
0.276963	0.378819	1467	
-0.442757	0.465168	2635	
0.485036	0.133903	932	
0.551402	0.124607	1831	
-0.799339	0.564314	2829	
-0.645851	0.360367	1723	
0.143114	0.498301	2461	
0.470117	0.683524	2168	
0.890870	-0.047618	2435	
0.245771	0.210655	1338	
0.364972	0.344092	1744	
0.324240	0.372930	1569	
-0.716137	0.437741	2412	
-0.620583	0.457639	2056	
0.826199	0.311395	1954	
0.031194	0.929859	499	
0.842204	-0.245350	1902	
-0.496224	0.222358	1204	
-0.174162	0.599718	3402	
0.383323	0.347304	1621	
0.421547	0.781228	2338	
0.768210	0.092652	2253	
-0.578037	0.506493	1014	
0.861720	0.178434	2075	
0.138008	0.281736	261	
0.559939	0.327768	2330	
0.677645	-0.160628	3014	
0.137529	0.150950	1622	
-0.632875	0.185238	2309	
-0.110793	0.648020	558	
0.382639	0.221870	717	
-0.558430	0.617299	1341	
0.617000	0.016003	1540	
0.978413	0.089043	3157	
-0.429601	0.859217	388	
0.762414	-0.284076	1652	
0.547665	0.767587	3112	
-0.319422	0.844881	3336	
0.819171	-0.062906	1948	
0.461100	0.197606	1241	
-0.757403	0.534725	212	
-0.424239	0.658619	3146	
0.823256	-0.339617	2394	
0.476531	-0.237921	759	
0.308859	0.796855	754	
-0.258591	0.714588	3003	
-0.669173	0.566256	2049	
0.356964	0.145290	1097	
-0.529366	0.383792	1048	
-0.002623	0.885766	669	
0.522305	0.071886	1131	
0.505601	0.533778	2881	
0.373615	0.777994	981	
-0.599031	0.459057	1442	
0.397439	0.653655	2594	
-0.394173	0.562376	2638	
-0.584276	0.795367	3457	
0.317332	-0.146966	895	
0.488924	-0.206510	986	
0.223774	-0.051731	452	
0.680114	0.641793	1548	
-0.845530	0.423311	3299	
0.123997	0.234561	2906	
0.136816	-0.250165	338	
0.058096	0.714971	628	
0.308123	0.756828	711	
-0.648637	0.353877	1723	
-0.341325	0.571926	855	
0.781289	0.233485	3041	
0.292498	0.535218	933	
0.729442	-0.180697	2474	
-0.379696	0.792337	2653	
-0.434656	0.696750	3230	
-0.375063	0.635051	1704	
0.884455	-0.042172	3345	
-0.891691	0.245868	1289	
0.466391	-0.193197	577	
0.232031	0.139903	215	
0.068920	0.978716	708	
-0.661050	0.341517	1723	
-0.688382	0.716862	2932	
-0.637241	0.238715	1192	
-0.681561	0.381673	1899	
0.324647	0.450912	2031	
0.327285	0.244468	809	
-0.288393	0.779223	3166	
0.647094	0.302155	2842	
-0.497453	0.281028	1040	
0.633885	0.407202	1028	
0.512259	0.373899	2288	
0.847349	0.132797	3203	
-0.816024	0.485085	222	
-0.827267	0.251744	2002	
0.288749	0.098484	434	
0.506395	0.576603	2599	
0.216342	-0.114751	323	
-0.323360	0.661521	2778	
0.358989	0.853606	3151	
0.408098	0.713816	1090	
0.259987	0.808940	694	
0.380243	-0.029431	2469	
-0.149647	0.756354	2734	
0.314786	0.258568	809	
0.108759	0.349957	225	
0.939077	-0.195353	600	
0.757330	-0.240457	3143	
0.597572	0.023622	2446	
-0.060994	0.781094	317	
0.245155	0.157540	221	
0.252635	-0.257241	1937	
0.523569	0.456749	2465	
0.337911	0.311146	800	
0.776036	0.151472	2077	
0.752181	0.122104	2046	
0.211179	0.747396	2609	
-0.345060	0.721406	2157	
-0.834911	0.250785	2120	
0.660219	0.421499	1798	
-0.706954	0.302522	1348	
0.360302	-0.064534	1763	
-0.672591	0.699171	2932	
0.413223	0.478780	2164	
0.527457	0.413819	2191	
-0.351080	0.751246	2199	
0.539968	0.654512	2542	
-0.919329	0.265981	3148	
-0.584627	0.795441	3457	
0.715816	0.395007	1788	
0.401901	-0.242948	2116	
0.057534	0.602101	1685	
0.663622	-0.290814	940	
-0.601032	0.317507	1732	
0.162224	-0.153127	1864	
0.267589	0.278103	632	
-0.242796	0.564124	243	
-0.637707	0.256040	1896	
0.734515	-0.357117	2145	
0.487857	0.468589	2195	
-0.915162	0.332925	3024	
0.374823	0.325818	1621	
0.856855	-0.353335	619	
0.396895	0.320231	1324	
0.885734	-0.218676	1721	
-0.467560	0.292436	1040	
0.456226	0.110339	1830	
-0.001041	-0.251441	2217	
-0.250044	0.779506	3056	
0.491074	-0.001854	1208	
-0.184910	0.672973	2753	
0.460399	0.404408	1887	
0.982162	0.047073	3412	
0.092093	0.959578	385	
-0.591279	0.403446	1394	
-0.187009	0.889949	2797	
0.619292	0.413540	2468	
0.639668	0.292791	2842	
0.835368	-0.452890	3508	
0.286187	-0.189455	1434	
-0.620885	0.166945	721	
-0.273153	0.640752	528	
0.561909	0.165929	2296	
0.782057	0.054815	1978	
0.879273	-0.069172	2463	
0.086323	0.935796	2998	
-0.685252	0.281776	1250	
0.380121	0.487284	1846	
0.724075	0.359215	1498	
0.910914	0.129673	3504	
-0.393188	0.356057	1464	
0.654845	0.116327	898	
-0.626321	0.587519	2119	
0.017006	0.785415	3519	
0.126439	0.414428	1613	
-0.469210	0.435107	2393	
0.526381	0.676373	2529	
-0.669979	0.708596	2932	
0.918089	-0.018448	502	
0.522107	0.479547	2465	
0.006211	0.806635	3519	
-0.817417	0.399589	3272	
0.061445	0.359847	1722	
0.240400	0.046085	550	
-0.180880	0.910679	701	
0.315177	0.687852	390	
0.610511	-0.108260	617	
0.413761	0.394359	1120	
0.071827	0.464868	3083	
0.926690	-0.244522	362	
-0.750483	0.410927	1958	
0.588744	0.172123	2292	
0.939156	-0.269541	3042	
-0.680552	0.153593	614	
-0.416600	0.766815	2512	
0.219638	0.657059	2694	
0.198146	0.575500	745	
0.510293	0.498086	2438	
0.363474	0.604931	1957	
0.485762	-0.236360	2585	
0.208766	-0.300196	1527	
0.510176	0.446555	2410	
-0.292539	0.816930	3020	
0.660972	-0.159170	2990	
0.383559	-0.281773	1999	
0.890850	-0.082838	2435	
-0.557848	0.635687	2130	
0.250829	-0.248709	1455	
-0.263591	0.819941	2615	
0.258809	0.835677	805	
0.791143	-0.392212	2413	
-0.653882	0.464476	2249	
0.133809	0.764775	2733	
0.429686	0.443448	1312	
0.557181	0.524822	2790	
0.124278	0.390242	210	
-0.463818	0.260176	1040	
0.339406	0.786516	773	
0.144150	0.215533	2711	
0.199667	0.308122	1298	
0.213807	0.569079	838	
0.648271	-0.044269	1118	
-0.590287	0.672326	2559	
-0.297828	0.636796	528	
-0.688162	0.604362	201	
-0.361114	0.446638	760	
0.477372	-0.078150	700	
0.631696	0.096882	2303	
-0.367862	0.765550	2589	
0.154736	-0.316944	1388	
0.809460	0.154003	2079	
-0.664146	0.367879	1768	
0.351915	0.641922	2595	
0.261868	0.170287	3037	
-0.169672	0.655231	3334	
0.181200	0.974176	3018	
0.291358	0.725310	666	
0.063637	-0.233528	572	
0.016241	0.830902	216	
0.178361	0.673261	2978	
0.732074	-0.300499	1779	
-0.588363	0.633340	2350	
-0.882143	0.406269	3195	
0.810872	0.404638	2302	
0.565449	0.456319	2241	
-0.013156	0.833600	2175	
0.794178	0.431735	3277	
0.682635	0.608492	2656	
-0.207000	0.645503	2705	
0.475785	0.854289	3342	
0.441883	0.096174	1804	
-0.113958	0.906472	3392	
0.082503	0.974514	385	
0.718534	0.146231	2076	
-0.519562	0.729498	3456	
0.306074	0.582267	2100	
-0.163359	0.604702	2593	
-0.783593	0.463610	2916	
-0.844367	0.291838	2359	
0.987849	0.005700	3122	
-0.682032	0.348240	1768	
0.487316	0.192938	1109	
0.384252	0.710447	634	
-0.213757	0.536182	382	
0.278660	0.767721	285	
0.659893	-0.302514	763	
-0.062399	0.828509	2625	
0.548660	0.526685	2790	
0.404617	0.532597	2479	
0.430018	0.145514	1069	
0.789209	-0.380394	2413	
0.018760	0.940834	499	
0.788487	-0.126590	1870	
0.687522	0.669632	3077	
0.366048	0.862771	518	
0.834651	0.218224	2794	
0.478310	-0.214357	577	
0.534348	-0.189684	1856	
-0.666086	0.667838	290	
0.227137	-0.050729	452	
0.760729	-0.108114	1170	
0.186245	-0.267960	3021	
0.872553	-0.180951	3222	
0.730680	0.357392	1925	
0.588893	0.197198	1523	
0.528075	0.763406	3132	
0.394829	0.410755	1320	
0.516563	0.011785	1110	
0.657109	-0.030895	672	
0.523554	0.270687	1844	
0.918671	-0.134116	3408	
-0.612684	0.150666	575	
-0.229344	0.692132	3152	
0.735650	0.150451	1956	
0.948663	0.019554	520	
0.135360	0.499921	2461	
0.250264	0.563418	705	
0.163527	0.943190	679	
-0.630070	0.250755	1192	
0.102935	-0.216522	454	
0.116263	0.820876	3383	
0.895082	0.333459	2826	
0.358652	0.231095	698	
-0.818320	0.503579	2815	
0.727486	-0.064784	1415	
0.743247	-0.296519	1779	
0.310207	0.107493	822	
0.155434	-0.269469	292	
-0.445910	0.407054	2363	
-0.570984	0.241351	1823	
0.352588	0.913931	777	
0.370745	0.304036	941	
0.162598	0.575111	758	
0.402325	-0.171563	1748	
0.644184	-0.053305	1118	
0.077602	-0.271913	3267	
0.793932	0.501107	333	
-0.398792	0.522129	2449	
0.451029	0.578908	2639	
-0.615984	0.232833	766	
0.686269	0.311407	2988	
0.227342	-0.123144	979	
0.949351	-0.069562	2497	
0.548337	0.270598	2357	
0.680924	-0.125071	2788	
0.605395	-0.060262	786	
-0.355290	0.842655	468	
0.772970	0.034308	1978	
0.578028	0.449460	2205	
0.777694	-0.404555	1992	
0.527475	0.417459	2191	
0.756630	-0.346059	2145	
0.618663	0.081758	1559	
0.845317	0.125564	2478	
-0.600535	0.632099	2350	
-0.078004	0.786408	317	
-0.294525	0.847209	2985	
-0.423604	0.433984	2229	
-0.492269	0.357370	977	
0.631147	0.496537	2401	
-0.393631	0.751537	2539	
-0.423099	0.723328	2464	
-0.680270	0.559697	2049	
0.348201	-0.239904	2209	
0.614699	0.543432	2917	
-0.224939	0.759074	3056	
0.307219	-0.042173	213	
-0.436944	0.798163	2999	
0.487193	0.503054	2374	
-0.560915	0.179184	2212	
0.715784	-0.340344	1631	
-0.754208	0.240416	2095	
0.483707	0.333139	1386	
0.926517	0.001076	502	
0.752297	0.473477	2471	
0.107447	0.436721	1613	
0.298647	0.309247	937	
0.192051	0.492455	1703	
-0.126954	0.738802	2745	
0.810075	0.270196	2987	
0.519046	0.028297	1110	
0.886011	-0.225133	2553	
0.505805	0.805728	422	
0.756378	-0.063260	1415	
0.739148	0.350815	1925	
-0.712255	0.374374	2030	
0.199235	0.946040	712	
0.420593	-0.247856	2105	
0.185188	0.226480	2937	
0.729757	0.261564	3081	
0.507754	-0.104525	842	
0.291714	0.864313	230	
0.576240	-0.178351	2347	
0.354797	0.060540	1081	
0.501927	0.106931	1026	
-0.649892	0.406252	2224	
0.066331	0.673169	363	
0.243154	-0.009447	424	
0.180021	0.383109	2382	
-0.276692	0.722707	3060	
0.653976	0.323880	2934	
0.721972	-0.096082	1106	
-0.193778	0.943386	2919	
0.267873	0.565611	907	
0.915909	-0.097414	3366	
0.190521	-0.168693	728	
0.114077	0.767525	3104	
0.413988	-0.124681	2763	
0.572474	-0.087495	2764	
0.336620	0.455311	1857	
0.438128	0.819291	636	
0.921433	-0.286393	3042	
-0.246639	0.719930	3003	
-0.229909	0.710133	3003	
0.845060	-0.477060	2962	
0.042551	0.870843	605	
0.543006	0.587461	2270	
0.353726	0.536615	2265	
-0.284765	0.480425	1929	
-0.820851	0.286978	1961	
0.207255	0.747968	2776	
-0.163186	0.966076	2905	
0.124466	0.831666	3383	
0.372105	0.657768	2595	
-0.107394	0.939519	796	
0.322282	0.333467	1973	
-0.410194	0.627266	2696	
0.253963	0.573779	616	
0.214601	0.712214	2727	
-0.683507	0.353216	1768	
-0.580222	0.684932	2559	
0.757043	-0.012588	1169	
0.572880	0.459888	2205	
-0.683861	0.439048	2272	
0.429667	0.820525	636	
0.124465	-0.220101	454	
0.745251	-0.190044	2474	
-0.328792	0.510859	2331	
-0.683675	0.652330	290	
-0.738855	0.282665	1476	
0.899229	-0.254676	2553	
0.957584	-0.073025	2497	
0.033020	0.819821	353	
0.160451	0.232097	3079	
0.339585	0.348333	1694	
-0.768065	0.346983	2181	
-0.426632	0.502666	2741	
0.656745	0.051173	1083	
0.309218	0.050422	1184	
-0.158892	0.670086	3334	
0.584996	0.365607	2466	
-0.251385	0.495668	2017	
0.347731	-0.267803	1617	
0.183685	0.446580	2284	
-0.063490	0.847753	2936	
0.262687	0.356993	1215	
0.881497	-0.314926	675	
0.795589	0.051123	1978	
0.613146	-0.125172	635	
0.379755	0.481323	1577	
0.357235	0.658521	2595	
0.196019	0.420050	2305	
0.146386	0.482362	3080	
-0.157445	0.678503	2730	
-0.414916	0.525536	2449	
-0.890045	0.282429	521	
0.110950	0.442398	1613	
0.714723	0.042173	1568	
0.872865	-0.350841	339	
-0.083355	0.794556	811	
0.439389	-0.163524	2966	
0.874571	0.046507	2065	
0.018508	0.964051	2693	
0.908221	0.076325	2281	
-0.736018	0.352743	1818	
-0.175248	0.932677	701	
0.489690	0.615769	1908	
-0.695841	0.209785	1152	
-0.395576	0.825259	3367	
-0.782380	0.571810	2829	
0.715236	0.179476	2343	
-0.228153	0.724684	3030	
0.846697	-0.073097	2268	
0.368007	0.305112	941	
0.942956	0.231223	3013	
0.575717	0.490862	1608	
0.449720	0.728377	1007	
-0.264583	0.556054	586	
0.582102	-0.169520	2347	
0.354309	0.161831	1097	
0.420794	0.281401	1497	
-0.809166	0.546415	2858	
-0.480375	0.777818	2633	
0.500861	0.313943	2004	
0.580322	0.089713	2369	
-0.701367	0.621492	472	
0.528918	0.623457	1862	
0.515129	0.591661	1862	
0.615850	0.024280	1540	
0.447542	-0.121092	2720	
0.420511	0.494519	2164	
0.948554	0.225109	3013	
0.320205	0.160836	1214	
0.684435	0.363281	1810	
0.919315	-0.214195	744	
0.734127	0.051045	1585	
0.246865	0.454303	1863	
-0.309309	0.871039	357	
0.457770	0.218356	1167	
0.940924	-0.086190	2497	
0.118414	0.446497	3093	
-0.535327	0.312409	1366	
-0.633454	0.603061	2123	
-0.224334	0.598717	2748	
0.263617	0.815694	694	
0.117916	-0.320695	1078	
0.904356	-0.251067	2553	
0.209470	0.666617	2717	
-0.755683	0.258081	2012	
0.528698	0.788682	3132	
-0.851051	0.282937	2359	
-0.617683	0.471321	1784	
0.458988	0.558797	2710	
0.550113	-0.072716	1681	
-0.102774	0.725661	2724	
-0.586988	0.511064	1351	
0.970144	0.192061	3194	
0.146238	0.892442	2621	
0.330014	0.737821	465	
0.092013	0.754324	3104	
0.026059	-0.234755	3103	
0.853397	0.040690	2065	
0.884870	-0.450756	2959	
0.622788	0.073947	1559	
0.507950	0.448552	2410	
0.807443	0.431516	3277	
0.759630	-0.233167	3153	
0.249379	0.532613	925	
0.232310	0.070738	550	
0.775565	0.403175	2472	
0.606432	0.636683	2377	
0.248784	0.311178	945	
0.867483	0.005158	2089	
-0.639519	0.438842	2249	
0.011541	0.763992	2267	
0.741247	0.047087	1585	
0.205718	0.651906	2694	
0.911382	-0.230670	744	
0.391867	0.136949	1052	
0.357388	-0.028209	1709	
0.306508	0.094925	822	
-0.907971	0.324370	3024	
0.345324	-0.307778	461	
0.111637	0.773174	2282	
0.772126	0.113319	2253	
0.527159	0.475407	2465	
0.396288	0.316247	1324	
0.254635	0.707165	2976	
0.707901	0.071525	1196	
0.470206	-0.282087	650	
0.705918	0.349128	1498	
-0.328244	0.505633	2331	
0.465139	0.526305	2228	
0.710218	0.433351	2406	
0.350748	-0.081933	1763	
0.296510	0.367870	1391	
-0.636829	0.419462	2166	
-0.351694	0.843755	468	
-0.496385	0.822363	601	
-0.101067	0.675396	3209	
-0.395777	0.864379	3357	
0.464725	0.754429	2121	
0.367449	0.560449	2287	
-0.001282	0.788850	3519	
0.165242	0.808329	192	
0.033822	0.768462	3520	
0.137057	0.471895	341	
-0.788963	0.604387	1311	
0.692815	0.362335	1309	
0.195351	-0.126953	456	
-0.556003	0.320559	2185	
0.297218	-0.305474	2458	
0.797515	-0.198849	3178	
-0.778988	0.502257	3273	
0.618378	0.173388	2034	
-0.291475	0.700625	553	
0.120105	-0.300189	3294	
0.349804	0.198303	1751	
0.624668	-0.289553	2484	
0.342130	0.186514	1411	
0.915990	0.185091	667	
0.233531	0.046492	550	
0.025415	0.695193	3439	
0.923787	0.073185	2320	
-0.583128	0.542848	1335	
0.154614	-0.269813	292	
0.664399	-0.225680	3123	
0.483852	-0.261718	1243	
-0.561928	0.494503	1014	
-0.070464	0.817212	899	
0.736759	0.633662	3187	
0.450988	0.164795	1174	
-0.281506	0.482360	1929	
0.528858	0.120283	1427	
0.276093	-0.282377	1759	
-0.094472	0.957058	1739	
-0.057794	0.933797	2672	
0.767677	0.546455	3234	
0.932376	-0.209146	362	
0.867718	-0.208833	1721	
-0.567458	0.471300	1199	
-0.401780	0.479561	1557	
0.252371	0.189033	2923	
0.131704	-0.242976	338	
-0.240461	0.700187	3152	
0.106697	0.797527	825	
-0.250955	0.798795	2935	
0.310946	0.721861	465	
0.371918	-0.198226	2067	
-0.629549	0.252861	1192	
0.284119	0.643112	2606	
0.785904	0.032953	1829	
0.718638	-0.206989	688	
-0.547744	0.305632	2275	
0.343544	-0.156612	1936	
0.483334	0.800253	3376	
-0.638836	0.673025	311	
0.196123	0.677759	2717	
-0.598000	0.410018	1394	
-0.347887	0.521324	830	
-0.585330	0.479754	1351	
-0.434581	0.790691	2544	
-0.161281	0.922152	486	
0.715544	0.093475	1230	
0.545196	0.695693	2610	
0.194902	0.952796	712	
0.221008	0.592307	791	
0.894554	0.130705	3433	
0.886474	0.280760	276	
0.831133	-0.263014	2286	
-0.846778	0.450874	3299	
-0.851659	0.422748	3299	
0.503434	-0.252109	1243	
0.338203	-0.140453	1599	
0.470434	0.431844	2060	
0.267332	-0.037890	848	
0.862619	0.302714	236	
0.674821	-0.155882	2990	
0.348852	-0.258754	1617	
0.600491	0.491489	1608	
0.103833	0.235125	2906	
0.502158	0.630614	2295	
-0.085174	0.808515	1695	
0.425550	0.535972	2440	
-0.661316	0.476217	2538	
-0.735877	0.517541	2892	
0.829124	0.381844	3256	
-0.014873	0.875023	2975	
0.235488	-0.000365	451	
-0.139908	0.683191	2886	
0.303884	0.019881	3052	
0.621837	-0.141597	635	
0.524314	0.612844	1862	
0.453765	-0.133059	2720	
-0.181589	0.921412	701	
-0.254886	0.498164	2017	
0.731566	-0.155724	1982	
0.499390	0.342319	2204	
-0.528282	0.252908	1653	
0.521701	0.292273	1844	
-0.722589	0.499644	2892	
-0.546429	0.260236	2170	
-0.177649	0.763827	2882	
0.759630	0.281168	2779	
0.625374	0.073344	1559	
-0.572198	0.746504	3121	
0.220697	0.150850	215	
-0.353099	0.559616	967	
0.442420	0.216314	735	
0.196732	-0.258234	3165	
0.251049	0.686355	2698	
-0.259644	0.716483	3003	
0.622795	-0.020548	665	
0.074410	0.402062	1589	
0.511864	0.489227	2438	
0.346788	-0.283772	2403	
0.413736	0.600845	2640	
0.319170	0.874552	233	
0.254423	0.717942	2976	
0.816802	0.058227	2106	
-0.509616	0.471765	831	
-0.771507	0.219607	1771	
0.626134	0.441143	1750	
0.640039	0.235428	2563	
0.064558	0.730349	2409	
0.608767	0.463762	2243	
-0.001958	-0.246278	2217	
0.413345	0.065408	1993	
-0.659602	0.232297	997	
0.929909	0.319863	2814	
0.158909	0.645536	278	
-0.240973	0.833404	2650	
0.947771	0.169210	3163	
-0.671003	0.662517	290	
0.366103	0.592911	1957	
0.721815	0.173279	2343	
0.860485	-0.006335	2089	
-0.316894	0.482010	1741	
-0.718720	0.454449	2039	
0.397948	-0.038956	2437	
0.188052	0.723017	2727	
-0.141631	0.944763	1565	
0.074377	0.758779	376	
-0.103436	0.838954	2687	
0.324117	0.512758	1089	
0.433404	0.194833	1367	
-0.470206	0.666377	2805	
0.238621	0.094947	485	
0.379039	-0.252507	1719	
0.391791	0.439019	1444	
-0.126726	0.733397	2745	
0.419308	0.009590	877	
-0.600248	0.225952	835	
0.866710	-0.195150	1721	
-0.386161	0.393290	1952	
0.711146	0.664974	3198	
-0.596323	0.401290	1394	
0.383631	0.561023	2405	
0.145017	0.543177	2081	
0.561505	0.624373	2361	
-0.098047	0.746427	2724	
-0.600232	0.602189	2311	
0.285628	0.824006	805	
0.042046	-0.237870	3103	
-0.335084	0.872230	429	
-0.618508	0.495605	1749	
0.297078	0.885933	233	
0.659830	0.103692	1080	
-0.098519	0.839800	2687	
0.544798	0.210705	2416	
-0.576966	0.259706	2170	
0.225707	-0.303946	1527	
-0.459315	0.673851	2805	
0.554173	-0.040066	1459	
0.894116	-0.096372	3523	
0.625754	0.724754	3466	
0.308527	-0.206964	1434	
0.508391	-0.134621	1148	
0.822738	0.411181	3256	
-0.087003	0.822022	1695	
-0.166313	0.632664	3127	
0.950362	-0.198660	271	
-0.378968	0.573550	2638	
0.364011	0.449313	1857	
0.464331	0.747824	2121	
0.811501	0.179956	2079	
0.140796	0.201969	2711	
0.700798	0.449571	2406	
0.445577	-0.285665	650	
-0.285549	0.474411	1672	
0.722984	0.471000	2411	
-0.856224	0.363483	2373	
-0.293649	0.904258	3493	
0.537147	0.208502	2186	
0.151569	0.223690	2711	
0.082547	0.587293	1685	
0.386746	0.434104	1735	
-0.053974	0.849776	2936	
0.438361	0.114794	1804	
0.363941	0.336482	1744	
0.452276	-0.296250	416	
0.587522	0.226597	2345	
0.614513	-0.024560	2111	
-0.409104	0.895195	2721	
-0.300873	0.721792	727	
0.469330	-0.067012	2011	
0.233127	0.560500	705	
0.668332	0.289119	2752	
0.167811	-0.250621	3265	
0.049704	0.855390	393	
0.547555	-0.133332	1504	
0.617200	0.692870	3173	
0.310759	0.696175	390	
0.236817	-0.080664	3259	
0.171700	-0.259638	3021	
0.111970	0.179890	1882	
0.946813	-0.236271	362	
0.096776	0.396567	210	
0.329720	-0.110801	1531	
0.782890	0.510434	333	
-0.675211	0.465089	2528	
0.827931	0.421467	507	
0.260673	0.083337	332	
-0.183368	0.903040	313	
-0.397214	0.732184	2501	
-0.359652	0.555332	967	
-0.664588	0.610692	201	
-0.370131	0.412030	867	
0.139054	0.790530	2733	
0.835580	-0.133750	2607	
0.855367	0.107253	2381	
0.683062	0.565519	2596	
0.865059	0.288575	3509	
0.011565	0.825696	216	
-0.538860	0.522527	851	
0.581345	0.334426	2109	
0.835645	-0.434689	3501	
0.604344	-0.253569	2037	
0.352952	0.331669	1744	
0.582357	0.725766	3406	
0.506209	-0.211822	2803	
0.292286	0.918460	2735	
-0.725697	0.392538	2063	
-0.639098	0.356757	1723	
-0.719955	0.255343	1476	
0.035050	-0.292372	664	
0.474376	-0.162748	872	
0.391047	0.537681	2479	
-0.181604	0.835028	2761	
0.461263	-0.046399	2517	
0.243516	0.792008	615	
-0.522016	0.254500	1653	
0.118274	0.324873	225	
0.516678	-0.046809	1217	
0.785482	0.483286	3311	
0.642372	-0.067910	786	
-0.565717	0.471897	1199	
0.168747	0.208845	279	
-0.153122	0.734511	2813	
-0.435873	0.525508	1734	
-0.284992	0.621133	547	
0.334573	0.915832	2536	
0.223156	0.682475	2692	
0.811171	0.141320	2453	
-0.154216	0.810221	2889	
0.592723	0.332646	2109	
0.406420	0.115487	1052	
-0.523327	0.703863	732	
0.226195	0.356565	1481	
0.358179	0.123335	987	
0.740798	0.019666	1563	
-0.885297	0.361135	3314	
0.587749	0.230565	2533	
0.638766	0.055877	2276	
0.756237	0.258646	3081	
0.332091	0.653681	2513	
0.447246	0.106831	1830	
0.700910	0.156294	2076	
0.609151	0.762467	2850	
0.549823	0.394494	2500	
-0.675800	0.676771	350	
-0.296441	0.489987	1988	
0.641479	0.201083	1430	
0.767463	0.376583	2096	
0.277798	-0.249053	1937	
-0.268698	0.613796	547	
0.791610	0.444885	3277	
0.098392	0.628081	921	
0.187356	0.889335	3363	
0.327654	0.802235	767	
0.563345	0.107817	1831	
0.698140	-0.164761	1659	
0.412458	0.222940	735	
0.365237	-0.315055	379	
-0.418288	0.300086	876	
0.847149	0.164732	2478	
0.504734	0.211137	1340	
0.127837	0.758575	2630	
0.372373	0.244456	692	
0.269740	0.858302	1701	
0.855310	-0.338678	339	
-0.556284	0.778205	3019	
-0.604145	0.768718	3196	
0.523975	0.802861	422	
0.176605	0.394313	2382	
0.495763	0.085684	1134	
0.400454	0.028431	2057	
0.798456	0.111954	2332	
-0.331410	0.903429	3292	
0.451121	0.618734	2652	
0.106437	0.526798	195	
0.135710	0.195798	279	
0.328762	0.513128	1089	
0.461536	0.322564	1386	
0.570270	-0.170770	2347	
0.458760	-0.295609	416	
0.021997	0.727360	3319	
-0.718353	0.188291	1290	
0.724396	-0.107211	1273	
0.088986	0.313515	223	
0.317381	0.134891	1073	
0.622677	0.338821	1144	
-0.583459	0.744670	3121	
0.256944	0.741202	337	
0.771783	-0.224103	3167	
0.430137	-0.034621	1132	
0.330344	0.768261	711	
-0.042176	0.798421	631	
0.130997	0.584667	3480	
0.627293	-0.179750	2848	
-0.662348	0.321977	975	
0.775486	0.017403	1454	
-0.631091	0.573125	2434	
0.897897	0.117538	3433	
0.892136	0.381768	1305	
0.064376	0.908670	414	
-0.129412	0.793600	2658	
0.932104	0.176763	3163	
-0.644340	0.760183	1370	
0.771524	-0.245167	1706	
-0.711519	0.374533	2030	
0.651269	0.632996	2791	
0.240261	0.222706	1338	
0.927601	-0.240036	362	
-0.218917	0.662021	2705	
0.309254	-0.276898	2455	
-0.698701	0.526865	2893	
-0.705890	0.628731	472	
0.718534	0.176754	2343	
0.359473	0.141003	1097	
0.893621	-0.262571	2553	
0.196870	0.440230	2284	
0.106238	0.263014	3276	
0.545199	0.668961	2608	
-0.524080	0.581349	833	
-0.276821	0.902167	3493	
-0.832122	0.287803	2359	
0.660988	0.407741	2457	
-0.369746	0.836948	418	
-0.553769	0.303390	2275	
0.693592	0.213819	2422	
0.157056	0.777937	2918	
-0.701334	0.402512	1899	
-0.174121	0.928714	701	
-0.687211	0.633858	200	
-0.546883	0.558084	1017	
0.266656	0.482093	935	
0.208514	-0.320374	1527	
0.259113	0.471399	1809	
0.806418	0.432467	3277	
-0.359695	0.381289	1275	
-0.338340	0.852736	3336	
0.350645	0.328579	1744	
0.573847	-0.264241	2041	
0.309775	0.038799	1053	
0.162921	0.181038	279	
0.463955	-0.137617	872	
0.860986	0.322926	307	
0.865606	-0.130105	2507	
0.729915	0.311869	2612	
0.225578	0.879790	3059	
0.512918	-0.202267	2803	
0.796452	0.220528	3065	
0.650671	0.122631	898	
-0.158926	0.611615	2593	
-0.445233	0.470061	2635	
-0.822867	0.408966	2970	
-0.547957	0.505067	851	
-0.414095	0.628311	2696	
0.468884	0.173999	1109	
-0.539047	0.732232	3494	
0.398324	-0.266076	1999	
0.625505	0.359943	1453	
0.254151	0.870043	1701	
-0.142174	0.605472	2961	
0.915569	0.197819	368	
0.119877	-0.262384	3343	
-0.231669	0.622931	2748	
-0.532850	0.312800	1366	
0.165964	0.404318	2366	
0.196588	0.136071	378	
0.222746	0.579421	705	
-0.809529	0.525136	2815	
-0.726516	0.371043	1818	
0.561912	0.567445	2983	
-0.803531	0.437824	2974	
0.702966	-0.132607	1245	
0.032202	0.754610	3520	
-0.486259	0.685443	2805	
0.764304	0.473158	2471	
0.339845	-0.098595	1531	
0.665648	-0.210197	3123	
0.666387	0.551830	2596	
-0.220257	0.743798	2953	
-0.736136	0.481986	2892	
0.225662	0.440961	1928	
-0.089335	0.686700	2769	
-0.067042	0.702417	483	
-0.424828	0.596539	888	
0.517191	0.359150	2204	
-0.530441	0.799437	3026	
0.934572	0.241664	3013	
0.789908	0.546051	3300	
0.643517	0.752729	2851	
0.320315	0.499381	1654	
0.789841	-0.305021	1894	
0.175396	-0.202182	543	
0.537320	0.118620	1831	
0.710323	-0.233656	2806	
0.664334	-0.294803	940	
0.225865	0.425633	1928	
0.157944	-0.165278	455	
0.058488	0.598231	1685	
-0.779029	0.403775	1958	
-0.365942	0.650262	1704	
0.271403	0.722627	2940	
0.184605	0.890835	3363	
-0.893312	0.436411	1347	
0.341566	-0.297340	461	
0.738159	0.382493	2042	
0.779482	0.518924	333	
-0.690060	0.604941	201	
-0.685970	0.600712	201	
0.265327	-0.175371	1276	
0.421794	-0.189694	2082	
0.880830	-0.443685	2959	
-0.787516	0.550551	2829	
0.329230	0.881362	308	
-0.671491	0.452686	2312	
0.587243	0.174706	2292	
0.503744	0.274520	1406	
0.308504	0.552969	1293	
0.385789	-0.149287	2588	
0.115161	0.182565	1882	
0.715065	-0.149836	1659	
0.419475	0.306516	1285	
0.644983	0.583890	463	
0.876940	0.000519	2089	
0.146181	0.550039	914	
0.760127	0.445769	2488	
0.290432	0.528140	933	
0.508330	0.582692	2599	
0.828402	-0.046893	2246	
0.541756	0.186529	2186	
0.693541	-0.113450	1106	
-0.439410	0.456773	2635	
-0.807783	0.407997	3272	
0.701582	0.674017	3198	
0.529890	0.262609	2357	
0.083974	-0.208514	444	
0.653929	-0.298510	940	
-0.834699	0.462221	222	
0.849431	0.166619	2911	
-0.312940	0.436411	854	
-0.657561	0.305563	975	
0.468746	0.418049	2060	
0.318358	0.001308	3458	
-0.445434	0.740105	2110	
0.861752	-0.111320	2602	
0.492732	0.100000	1026	
0.640094	0.529023	2375	
0.870778	0.015777	1849	
0.169080	0.831175	1438	
0.401756	0.295035	1324	
0.497876	-0.103638	842	
0.333483	0.030324	1141	
0.327615	0.828229	767	
0.522278	0.419601	2191	
0.326937	0.394642	1488	
0.376769	0.590825	2378	
0.548475	0.056433	1413	
-0.440024	0.550465	720	
-0.593117	0.238030	766	
0.430516	0.419824	1576	
0.151091	0.200604	279	
-0.294374	0.601078	495	
0.534213	-0.263290	1693	
0.919083	0.136746	3191	
0.711436	0.071511	1196	
0.322857	0.931856	2536	
-0.064039	0.698718	483	
0.535317	-0.271630	1693	
0.183792	0.611718	542	
0.145105	0.628364	998	
-0.537433	0.808646	3023	
0.190352	-0.295868	1307	
0.654671	0.267613	2598	
-0.657128	0.276657	1896	
-0.211091	0.791748	2714	
0.834394	0.353591	2781	
-0.487285	0.658273	2805	
-0.530475	0.339185	1366	
0.318728	0.512859	1089	
0.792517	-0.140144	1870	
0.729076	-0.063706	1415	
0.852199	-0.144091	2507	
-0.411580	0.633720	2696	
-0.148116	0.850649	3204	
-0.669512	0.695719	2932	
0.395375	0.261382	1410	
0.138955	0.334651	2324	
0.353441	-0.220266	1991	
0.653795	0.462359	2088	
0.020495	-0.214686	1786	
0.250771	0.887832	1018	
0.653629	0.591237	743	
-0.765187	0.230649	2095	
0.541799	-0.113902	1710	
-0.470448	0.724164	3284	
0.307174	0.926571	2735	
0.870828	0.042935	2065	
0.695610	0.588995	421	
0.060276	0.804755	815	
0.254258	0.160978	2923	
0.886837	-0.089082	3366	
0.409272	0.818507	3070	
0.885714	-0.171201	3229	
0.558295	0.639652	2361	
0.054719	0.636305	2534	
0.803899	0.336787	2027	
0.795390	-0.011721	1619	
-0.251464	0.492010	2017	
0.311036	0.236858	2261	
-0.167832	0.714422	2709	
0.501299	-0.053535	1157	
0.816466	0.242933	2987	
0.486356	0.132131	932	
0.875266	-0.422739	1313	
-0.218674	0.665352	2705	
-0.556705	0.707211	3251	
0.603008	0.447539	2205	
-0.408770	0.735550	2501	
0.751526	0.531565	1727	
-0.470054	0.305277	882	
0.384301	0.058010	1349	
0.542518	0.798954	2843	
0.081248	0.297879	568	
0.348060	0.662935	2632	
0.483687	0.567420	2647	
0.281154	-0.055351	2956	
0.180187	0.769284	2888	
-0.769019	0.498271	3261	
0.837479	-0.121248	2607	
0.637624	-0.114876	617	
0.302926	0.529899	1089	
0.801697	0.259830	2569	
0.891429	-0.218195	1915	
0.036025	-0.287642	1037	
-0.256444	0.848629	2650	
-0.556656	0.479227	1199	
0.618549	-0.208360	1812	
-0.565079	0.384030	924	
0.547012	0.512512	2751	
0.662410	0.149904	1881	
0.123011	0.599079	3480	
-0.222606	0.620220	2748	
0.961036	-0.008954	520	
-0.500838	0.480732	942	
-0.703918	0.289363	1250	
0.847338	0.181594	1976	
0.670600	0.582470	743	
-0.253737	0.840933	2650	
0.323580	0.706477	465	
0.671786	0.677763	328	
0.371968	0.887066	518	
0.085184	-0.287876	3267	
-0.656108	0.714915	3007	
0.084394	0.685482	482	
0.214304	0.235075	1641	
0.059953	0.687632	363	
0.042186	0.869880	605	
0.229497	0.494201	1036	
0.453822	0.860600	3348	
0.074657	0.220901	407	
0.405966	0.390081	1320	
-0.151696	0.784843	2734	
0.636927	-0.045103	786	
0.914066	0.346902	2857	
-0.311932	0.701681	1970	
0.173581	-0.225978	3262	
0.715538	0.503350	2367	
0.683117	0.051055	1083	
0.819580	0.417311	2809	
0.270756	-0.028650	848	
0.560806	-0.120285	1710	
0.049051	0.713318	3355	
0.394725	0.047682	2057	
-0.312436	0.887766	429	
0.703339	-0.043540	1124	
0.641862	0.173389	2034	
0.695249	0.028138	1568	
-0.438765	0.790962	2544	
0.890022	0.028325	2033	
0.272010	0.135388	3006	
-0.714099	0.219925	1473	
0.531040	0.710750	2529	
-0.293141	0.884838	3239	
0.356148	-0.012482	1429	
0.450258	0.229910	856	
0.778176	-0.210280	3167	
0.121245	0.974750	391	
0.160548	-0.295833	2963	
-0.680836	0.644983	200	
0.149057	0.699742	2798	
-0.398781	0.689485	2674	
-0.310140	0.813912	3310	
-0.841084	0.533840	1265	
0.422433	0.750276	1342	
0.699139	0.376220	1309	
0.126258	0.869144	718	
-0.533377	0.342417	1366	
0.436904	-0.242087	2699	
0.825049	-0.032440	2246	
-0.526059	0.524031	857	
-0.314367	0.651528	1426	
-0.459888	0.347731	1175	
0.116264	0.477797	226	
-0.482265	0.390128	2419	
0.834369	-0.393458	3131	
-0.707550	0.176378	1290	
-0.521946	0.282687	1770	
-0.270092	0.826348	2615	
-0.340284	0.514640	830	
0.905325	0.059407	2320	
0.821692	-0.412488	3131	
-0.553390	0.270104	2165	
-0.694460	0.289549	1250	
0.610060	0.272314	2856	
0.195272	0.912692	3349	
0.149173	0.639057	278	
0.805127	0.401520	2302	
-0.651892	0.332810	1045	
-0.158651	0.905077	2456	
0.222730	0.708774	2692	
0.423399	0.036591	1365	
-0.518760	0.226496	1699	
0.767655	0.136408	2077	
0.259657	0.642372	2421	
0.519151	0.477600	2465	
0.469992	0.671850	2444	
0.187542	0.535656	906	
0.383891	0.244047	692	
0.557644	0.318805	2028	
0.558405	-0.128792	1504	
0.260374	-0.150214	824	
0.553961	0.350112	2462	
0.393238	0.740026	2256	
0.431980	-0.053182	916	
-0.828031	0.404204	2970	
-0.329781	0.455701	854	
0.938072	-0.082031	2497	
-0.538872	0.489186	1199	
-0.056751	0.715487	627	
0.526464	0.163181	1556	
0.131228	0.657609	443	
0.323837	0.244566	2261	
0.074245	0.306600	1116	
0.659250	-0.159022	2990	
0.503994	0.755940	3029	
0.319101	-0.053067	213	
0.666777	0.305036	2934	
0.703958	0.609393	421	
0.200517	0.120920	445	
0.344346	-0.269272	2403	
0.345606	0.167589	1411	
0.043648	-0.223927	3103	
0.510019	0.812833	422	
-0.470263	0.392373	2419	
0.170366	0.532925	2081	
0.688612	0.028874	1568	
-0.606949	0.714727	336	
-0.354055	0.878441	2746	
0.152908	0.764505	2918	
0.480008	-0.158979	872	
-0.363338	0.873470	2746	
-0.761984	0.521129	375	
0.569991	0.639223	2361	
0.061471	0.619705	2534	
-0.623733	0.690300	311	
-0.105780	0.843223	2687	
0.640263	-0.181599	3002	
0.172447	0.865532	611	
0.753040	0.214848	2306	
0.253333	0.446639	1863	
-0.519932	0.673634	3005	
-0.107231	0.847450	2687	
0.590354	0.117642	2053	
-0.599753	0.700320	336	
-0.557625	0.294912	2165	
0.390724	0.454727	1444	
-0.373386	0.736230	2475	
-0.645699	0.548564	2294	
-0.503428	0.433808	657	
0.552311	0.453002	2241	
0.580982	0.203517	2345	
0.171684	0.507551	2293	
-0.400053	0.529015	2449	
-0.456511	0.363026	2307	
0.215362	0.205352	396	
0.209216	0.067707	1740	
0.702418	0.190602	2308	
0.758150	0.276694	2779	
-0.778642	0.506481	375	
0.105975	0.914968	3283	
-0.284454	0.688002	553	
0.589775	0.328289	2109	
0.303678	0.345523	1973	
0.945190	0.287038	3009	
0.517889	0.081962	1134	
-0.509316	0.237524	1803	
-0.738722	0.494798	2892	
0.072229	0.479393	1628	
-0.410256	0.827093	3476	
0.607128	0.350500	2109	
-0.662090	0.368527	1723	
-0.510308	0.430527	657	
0.271581	0.751109	285	
0.907109	0.366514	2826	
0.226466	0.696431	2692	
-0.303512	0.749462	727	
0.805273	-0.154319	2495	
0.714788	-0.062714	1096	
0.459599	-0.030666	2517	
0.861165	0.079235	1945	
0.225755	0.786989	234	
0.300399	-0.014809	433	
0.543510	0.406053	2500	
0.756398	-0.060788	1254	
0.391594	0.600163	2378	
0.712615	-0.207765	688	
-0.369773	0.896678	2627	
-0.488314	0.358567	977	
-0.637554	0.595872	2119	
0.889107	0.070891	2281	
0.643064	0.580308	463	
0.659603	0.272691	2598	
0.580224	0.559023	2902	
0.255897	0.560555	925	
-0.490216	0.319362	882	
0.783238	-0.354204	2348	
0.481295	0.242677	856	
0.120237	0.769692	2630	
0.371169	0.719827	870	
-0.599301	0.519491	1749	
0.879768	0.076332	1945	
-0.556883	0.212194	2201	
0.258636	0.200195	1533	
0.407488	-0.026043	1240	
0.149581	0.934173	3186	
-0.602547	0.305904	1732	
0.073439	0.899764	414	
-0.445062	0.393398	2368	
0.592569	0.163634	2292	
0.529280	-0.107151	1710	
0.146303	0.654760	443	
-0.631242	0.267809	1224	
0.327658	0.137093	1073	
-0.499476	0.417045	2419	
-0.677014	0.213438	1039	
0.519754	-0.108598	1148	
0.768734	-0.176527	2334	
0.404526	0.469591	1577	
0.667913	0.571342	743	
0.071868	0.847211	393	
0.336001	0.643203	2386	
0.259183	0.143954	3006	
0.944544	0.280623	3009	
0.942872	0.140816	2802	
-0.471476	0.412017	2393	
-0.855705	0.293468	2359	
0.892037	0.229416	368	
0.419063	0.459729	1312	
-0.537658	0.207254	1824	
0.808640	0.405778	2302	
0.574744	-0.041584	2616	
-0.539725	0.580026	1017	
0.696073	-0.024583	1124	
0.356291	0.107511	903	
0.601553	-0.128177	2634	
0.355615	-0.296424	461	
0.573281	0.232022	2345	
0.121385	0.691710	2965	
0.514923	0.457486	2465	
0.231735	0.257004	685	
0.699631	0.379941	1309	
0.080979	-0.287988	3267	
0.518175	-0.007842	1110	
-0.410257	0.791377	3266	
-0.745559	0.605185	2835	
0.795478	-0.027818	1619	
-0.453860	0.735754	2427	
0.464688	0.110022	1830	
0.341856	-0.041192	1483	
0.736695	0.254441	3081	
0.587315	-0.215640	2333	
0.563618	0.171684	2296	
0.383833	0.485772	1846	
0.472263	0.229565	1167	
0.848756	-0.169809	3222	
0.898131	0.286529	276	
0.242284	0.468258	1482	
0.170614	0.170084	279	
0.604028	0.080431	2341	
0.738515	0.477420	2227	
0.452929	0.310314	1584	
-0.451701	0.637659	3155	
0.455894	-0.055817	2011	
0.224759	-0.333074	395	
-0.830348	0.289669	2359	
0.378771	0.847582	3105	
0.496148	0.387489	2126	
-0.467607	0.859490	3200	
0.686238	0.169994	2040	
0.375402	0.050830	1349	
0.524225	0.209154	1550	
0.515653	0.222711	1340	
-0.593962	0.354512	2036	
0.790336	0.526961	431	
0.558069	0.712377	3429	
0.665495	0.055287	1083	
0.628316	0.362069	1453	
0.801459	-0.068511	1623	
0.347872	0.000468	1429	
0.048968	0.817299	2535	
0.082488	-0.300153	651	
-0.717485	0.203740	1290	
0.221647	0.505936	990	
-0.579979	0.624348	2350	
0.149058	-0.270454	292	
0.811718	0.410481	2302	
0.881788	0.084300	1945	
0.694982	-0.311826	1291	
0.493454	0.075984	1134	
0.109755	0.830932	2690	
0.840258	0.068485	1930	
-0.161128	0.641917	3334	
-0.741317	0.494293	2892	
-0.007991	0.887001	2921	
0.634442	-0.258164	1615	
-0.023014	0.808901	638	
0.161291	0.461469	3080	
-0.767900	0.277352	2019	
0.244708	0.847812	873	
0.904803	-0.241887	2553	
0.238040	0.133415	221	
0.491451	-0.143675	2773	
0.606642	0.296194	2600	
0.240292	0.461749	1863	
-0.397106	0.417748	984	
0.813103	-0.107525	2211	
0.021464	0.728724	3319	
-0.380539	0.880975	3357	
0.545602	0.189075	2186	
-0.190669	0.907565	313	
-0.113931	0.728562	2737	
-0.586974	0.158824	721	
-0.820235	0.475866	222	
0.760839	-0.334864	2052	
0.716945	0.212129	2422	
-0.288686	0.822289	3020	
-0.459462	0.822210	601	
0.814017	0.514656	3189	
0.143812	0.447630	3093	
0.573421	-0.194037	2329	
0.156299	0.925423	679	
0.134117	0.441587	3093	
0.173887	0.276959	3378	
0.078325	0.680511	482	
-0.542079	0.456900	1199	
0.899997	-0.394315	2863	
0.375692	0.083658	1525	
0.875830	-0.366444	339	
0.195329	0.784182	229	
0.215960	0.905839	3058	
0.195718	0.589763	745	
0.568429	0.451142	2241	
0.561700	0.442527	2241	
-0.226486	0.618115	2748	
0.268524	0.762200	285	
0.590354	0.485969	1608	
0.184260	0.334340	1642	
-0.600135	0.744487	3121	
0.919359	0.050577	2320	
0.582989	0.597976	3031	
0.259787	0.060405	400	
0.833627	-0.333229	2394	
0.695081	0.336268	2623	
0.443027	0.860038	3348	
0.429548	0.670313	902	
0.703910	-0.223745	637	
-0.832763	0.473230	222	
0.166737	0.582653	758	
0.805927	-0.141673	2489	
0.310580	0.324722	1973	
0.802770	-0.032743	1619	
0.947549	0.011418	520	
0.300429	0.804684	754	
0.766434	-0.111734	1697	
-0.635013	0.589954	2119	
-0.458793	0.490517	818	
0.017939	0.826093	216	
0.145011	0.342967	2324	
-0.736678	0.254358	1476	
0.205338	0.297115	590	
0.604436	0.488174	1608	
0.880690	-0.346352	339	
0.107170	0.685020	2954	
0.691652	-0.013833	761	
0.557135	0.064733	1601	
0.308099	0.800537	754	
0.113120	-0.236533	588	
-0.657195	0.708922	2932	
0.698730	-0.075113	1121	
-0.145272	0.732983	2745	
-0.855161	0.309899	2417	
-0.509507	0.271169	1653	
0.921024	-0.214816	744	
0.405984	0.499755	1846	
0.470253	-0.037153	2517	
0.334079	0.635827	2335	
0.230863	0.724263	3133	
0.213829	0.804144	193	
0.787135	-0.092376	1475	
0.201624	0.174627	3341	
0.651267	0.331917	2483	
-0.099495	0.904546	3392	
-0.082429	0.760925	317	
0.215272	0.070260	1740	
-0.570735	0.295322	2275	
-0.466969	0.376536	1625	
0.826242	0.471965	3432	
0.081083	0.832912	1797	
0.793305	-0.127615	1697	
0.795133	0.106785	2332	
0.715563	0.567761	2571	
0.095771	0.571078	3469	
0.133005	0.524356	195	
0.448327	0.110126	1830	
-0.254625	0.837779	2650	
0.311898	0.337927	1973	
-0.304611	0.666879	2778	
0.714664	0.446069	2406	
0.324151	0.798718	767	
-0.569433	0.532852	1027	
0.433245	0.399173	1120	
0.259909	0.391994	1554	
-0.485813	0.467526	2613	
0.483542	-0.134809	2773	
0.597844	0.311673	2162	
0.177141	0.762766	2888	
0.065063	0.575453	1685	
-0.788631	0.329001	2149	
-0.446738	0.558134	720	
0.018007	0.863021	259	
0.748527	-0.087279	1170	
0.784240	0.410001	2472	
0.185536	0.405397	2382	
0.444536	0.881909	3348	
-0.030519	0.907073	3430	
0.936330	0.167246	3163	
0.078349	0.540741	1658	
0.209786	0.810894	193	
-0.063867	0.706439	627	
-0.302135	0.836119	3310	
0.452965	0.783468	2775	
-0.469996	0.604403	1572	
0.516950	-0.087548	1064	
0.729253	-0.263703	3143	
0.316774	0.322452	937	
0.083984	0.985565	708	
-0.822932	0.324821	2252	
0.571900	-0.184828	2329	
0.738400	-0.300382	1779	
-0.470232	0.529305	563	
-0.695844	0.395436	1899	
0.563076	-0.133613	2025	
0.799098	0.303214	1738	
-0.900373	0.260717	573	
0.313831	-0.070164	247	
-0.502136	0.578417	833	
0.271674	0.130581	3006	
0.964461	0.048647	470	
-0.789958	0.538774	212	
0.482090	0.450388	2300	
0.740916	0.485956	2227	
-0.557854	0.399342	1344	
0.234862	0.043292	550	
-0.725944	0.540771	3179	
0.188670	-0.259388	3165	
-0.715387	0.340989	1762	
-0.872568	0.376691	524	
0.283005	0.341632	1211	
0.057121	-0.284022	651	
-0.855546	0.268165	2120	
0.290549	-0.122922	817	
0.500835	0.143361	1556	
0.496717	-0.197924	986	
-0.628300	0.661262	3124	
0.498207	0.254445	1406	
-0.330318	0.586899	1043	
0.485508	-0.216265	2803	
0.440484	0.126640	1135	
0.038928	0.959095	3407	
0.335517	-0.215476	1991	
-0.649345	0.353786	1723	
0.332332	0.852350	3151	
0.799675	-0.050233	1623	
-0.528477	0.344594	1366	
0.279709	-0.037937	848	
0.065039	0.851758	393	
0.650099	0.478781	2401	
0.211200	0.194069	540	
0.149158	0.872483	611	
0.680213	0.382388	1810	
0.425777	0.026974	1365	
0.272332	0.936658	2784	
0.038063	-0.249485	3489	
0.716671	-0.175575	1659	
0.531685	0.414338	2231	
-0.134675	0.758630	2631	
0.723993	0.195242	2422	
0.293958	-0.286112	2458	
0.632211	0.297507	2842	
-0.836775	0.395275	2970	
0.753543	-0.352745	2145	
0.083768	0.886915	427	
0.205831	-0.282802	1307	
0.549453	0.145065	1990	
0.420810	0.346025	1310	
0.556897	0.383708	2500	
0.006866	0.843282	194	
0.339974	-0.228678	2209	
-0.511383	0.633922	948	
-0.749192	0.372643	2178	
0.811686	0.057410	2106	
0.632871	-0.087850	871	
0.278855	-0.176854	1276	
0.297481	0.424047	1848	
0.327898	0.891067	308	
0.178630	-0.095599	1795	
-0.659975	0.248298	1896	
0.185235	0.199986	3464	
-0.209638	0.753092	2713	
0.296752	-0.305472	2458	
-0.854234	0.382667	335	
-0.638095	0.661326	3124	
0.462519	0.295805	1549	
-0.598840	0.504256	1351	
-0.765463	0.267486	2012	
0.835611	0.246652	2685	
0.689652	-0.278851	1231	
0.083876	-0.207427	444	
0.759419	0.387165	2096	
0.288251	0.326182	1211	
0.081939	0.869357	280	
0.526172	-0.137889	1504	
0.357553	0.128483	987	
-0.703964	0.697588	1375	
-0.129695	0.715821	2787	
-0.160991	0.600491	2593	
0.132452	0.838482	3383	
0.802321	0.276791	2554	
0.877285	-0.207328	1721	
0.855028	0.300054	3509	
-0.480597	0.498865	818	
0.455755	-0.100483	834	
0.672901	0.607002	2656	
0.192364	0.407263	2382	
0.770756	0.040554	1978	
-0.662927	0.480067	2538	
0.124216	0.884673	718	
-0.300844	0.522481	2331	
0.166060	-0.192525	366	
0.523273	-0.287069	1693	
-0.738574	0.218284	1473	
0.148149	0.230798	3079	
0.473894	0.028929	1059	
-0.835092	0.362009	2373	
0.291620	0.489355	1809	
0.194232	0.647831	2694	
0.581804	-0.160071	2025	
0.619717	-0.147336	2957	
0.828966	0.315661	3034	
-0.144699	0.911071	2456	
0.565322	0.511162	2751	
-0.129977	0.788553	2658	
-0.283277	0.842843	2615	
-0.016143	0.721811	3394	
0.383847	-0.058515	2437	
-0.276073	0.593611	370	
-0.479576	0.612261	1572	
-0.052219	0.946253	3422	
0.093049	0.350430	223	
0.534674	0.739640	3401	
0.683097	0.438357	1798	
0.387943	0.269328	1410	
-0.570046	0.442021	1146	
-0.355640	0.640015	1704	
-0.505866	0.224030	1699	
0.495069	-0.264862	1243	
-0.512493	0.811836	3026	
0.855024	-0.137870	2507	
0.618946	0.594081	593	
0.903983	0.349764	2826	
0.331458	-0.172101	1677	
0.007400	0.884753	669	
0.142655	0.837024	3159	
0.118976	-0.289644	3294	
0.622080	0.304454	2842	
0.281657	0.874033	230	
0.109551	0.390410	210	
0.104241	0.642018	921	
-0.877568	0.267263	573	
-0.392353	0.343953	1464	
0.521260	0.000490	1110	
-0.450164	0.504489	629	
0.184473	-0.130286	456	
-0.637850	0.721440	2931	
-0.260869	0.729901	3060	
0.729058	0.616426	3068	
0.653646	0.522520	2322	
0.707910	-0.341712	1631	
-0.690527	0.663803	290	
0.142540	0.358457	2059	
0.546245	0.480214	2557	
-0.396002	0.520517	884	
0.128580	0.815786	3159	
0.446051	0.472243	1758	
0.558032	0.703216	3429	
-0.525514	0.428225	2146	
-0.545697	0.388588	924	
0.223107	0.358763	1481	
0.219571	0.398961	1889	
-0.403976	0.715456	2678	
-0.631128	0.210460	2309	
0.195390	-0.238657	3262	
0.262909	0.540486	1441	
-0.018956	-0.212604	565	
0.562564	0.728057	3429	
0.773908	0.608987	3129	
-0.769731	0.474159	2916	
0.506951	0.031668	1149	
0.544094	-0.244843	1893	
0.472919	0.631945	1908	
0.373288	-0.221948	2067	
0.232532	0.209716	1338	
0.463576	0.604278	2522	
0.549551	0.698938	2610	
0.296255	0.652025	2555	
-0.162621	0.909911	486	
0.888982	-0.031967	3345	
0.608891	-0.120554	635	
-0.145634	0.965062	2151	
-0.089502	0.961374	1739	
-0.604375	0.410685	1394	
-0.314685	0.755380	913	
0.560196	-0.154872	1745	
0.708771	-0.082172	1121	
-0.458375	0.411744	2363	
0.308461	0.114271	822	
0.330648	0.884650	308	
0.130200	0.547125	3474	
-0.486885	0.687282	2805	
0.498919	0.428805	2410	
0.161260	0.714737	2662	
-0.671490	0.626217	200	
0.509532	0.256543	1406	
0.322770	0.270524	809	
-0.557867	0.608983	1341	
0.147243	0.823366	1438	
0.972318	-0.081264	3130	
0.226603	-0.273552	1304	
0.602625	0.305145	2162	
0.137573	0.176374	448	
0.192970	0.297450	590	
-0.344217	0.876276	2746	
-0.380817	0.630573	2510	
-0.574391	0.472475	1199	
-0.379030	0.635687	2510	
0.502583	0.592258	2599	
0.504441	-0.280247	1393	
0.224769	0.193383	396	
0.390597	0.173735	1346	
0.539146	0.499618	2751	
-0.702762	0.328992	1586	
0.347076	0.062054	1081	
0.043072	0.887489	605	
-0.310588	0.743561	727	
0.271549	0.788566	753	
0.075156	0.309665	1116	
-0.437401	0.350453	1528	
-0.803380	0.305550	2252	
0.744202	0.415657	2476	
-0.597362	0.269906	878	
0.236110	-0.168490	3453	
0.880033	0.056428	1945	
0.304569	0.813458	767	
-0.553529	0.747563	3494	
0.957795	0.160346	2802	
0.290518	-0.000151	3022	
0.848290	0.320444	3034	
0.893385	0.004228	3033	
-0.187123	0.615746	2618	
0.378628	0.527028	1968	
0.769736	-0.394227	1992	
-0.185288	0.892899	2797	
0.509870	0.307842	2004	
0.135855	0.496738	2461	
0.856286	0.012528	2089	
0.695900	0.585579	440	
0.930152	-0.048303	587	
-0.681851	0.462553	2528	
-0.570533	0.796288	3192	
-0.742986	0.409176	1958	
0.064525	-0.311616	651	
-0.463251	0.828442	601	
0.793836	-0.310846	2154	
0.143991	0.828741	3159	
-0.201944	0.614840	2622	
0.457064	0.695821	2168	
0.886612	-0.186837	1721	
-0.074187	0.821855	899	
-0.332407	0.573750	1043	
0.905813	-0.293542	3492	
0.194240	0.907238	3349	
0.137618	0.227118	2711	
0.245434	0.878495	3059	
0.706482	0.412072	2083	
-0.422803	0.456395	2229	
-0.659546	0.435064	2249	
-0.273889	0.694034	553	
0.298401	-0.068857	247	
0.687093	0.561280	2596	
0.672448	-0.221335	3123	
0.131585	0.346743	225	
0.822247	0.209933	2794	
0.345779	0.327001	1744	
0.079932	0.843609	280	
-0.680453	0.709750	2932	
-0.782197	0.505467	3273	
-0.660761	0.632209	200	
-0.125349	0.699094	2886	
0.506731	0.225484	1340	
0.077659	-0.284745	3267	
0.079940	0.630824	2534	
0.180129	0.957237	3018	
0.080103	0.700393	482	
0.270944	0.842313	805	
0.333247	-0.118386	1838	
0.577871	0.250017	2436	
0.093703	0.634633	921	
0.805275	-0.218097	3205	
-0.548587	0.461443	1199	
0.826784	0.412974	2809	
0.781384	-0.316995	2154	
0.214470	-0.294665	1527	
0.935707	0.010765	502	
0.571488	-0.166175	2025	
-0.597503	0.333293	1068	
0.243473	-0.106710	3259	
0.243408	0.412588	1878	
-0.518196	0.378413	1048	
0.261389	-0.046678	522	
0.964319	-0.041018	3134	
0.880170	0.254245	3397	
0.334593	0.175104	1411	
0.813907	0.230083	2794	
0.089270	0.628947	921	
-0.220272	0.663768	2705	
0.500103	0.317250	2004	
-0.849612	0.263509	2120	
-0.472534	0.474383	2613	
-0.719309	0.384536	2030	
0.336501	-0.289056	2403	
-0.039387	0.768238	295	
0.476250	0.504846	2374	
-0.404309	0.879346	2721	
0.845365	0.485002	2812	
0.440121	-0.281265	2699	
-0.004390	0.900844	669	
0.659071	-0.179592	3014	
-0.565301	0.329540	2185	
0.502012	0.113170	886	
0.147563	0.440176	3109	
-0.616730	0.735500	2931	
0.403490	-0.111648	2581	
0.867613	0.106113	2381	
0.825614	0.459725	2925	
0.057875	0.317586	1116	
-0.702786	0.629021	472	
-0.003317	-0.253671	2217	
0.066039	-0.312721	651	
-0.634000	0.156798	687	
0.525698	0.692819	2529	
0.419699	0.309763	1285	
0.530530	0.123051	1831	
0.363353	0.018349	1567	
-0.190528	0.936063	701	
0.250304	0.451536	1863	
0.732379	0.620813	3187	
0.604035	0.125393	1960	
0.866742	-0.432333	2959	
-0.843345	0.336759	2273	
-0.674168	0.377324	1899	
0.109411	0.332817	223	
-0.690047	0.381396	1899	
0.583520	0.503488	1608	
0.689056	0.212554	2308	
0.782943	-0.375225	2413	
-0.086346	0.944974	783	
0.143667	0.328522	2324	
0.828819	-0.332632	2394	
0.876414	-0.051784	2463	
0.467882	0.351017	1593	
0.521292	0.146673	1556	
0.595504	0.354062	2466	
-0.553282	0.255412	2170	
-0.239771	0.615745	2748	
0.045809	0.641475	2534	
-0.592091	0.515496	1749	
0.342719	-0.169725	1936	
0.093562	0.376431	209	
0.539738	0.071894	1601	
-0.881174	0.444943	2840	
-0.070230	0.861254	2936	
-0.704614	0.494228	2477	
0.303879	0.631976	2555	
0.474193	0.190378	1241	
0.922786	-0.133184	3305	
0.180379	0.165203	3341	
0.605703	0.526683	2032	
0.394085	0.425203	1735	
0.155536	0.926091	679	
0.899088	-0.045914	3075	
0.290931	0.024302	3022	
-0.645929	0.746567	2931	
-0.538201	0.641248	1726	
0.452135	0.458154	2195	
0.851663	-0.401331	3271	
-0.474395	0.711344	3284	
0.174579	0.261553	3378	
-0.632683	0.336891	1045	
0.372517	-0.066776	2062	
0.736542	-0.171357	1982	
-0.349546	0.549215	967	
0.807622	-0.353242	2394	
0.276043	0.786944	753	
0.153752	0.888965	3400	
0.618505	-0.221295	1812	
0.753743	0.129450	1956	
-0.351013	0.730295	2475	
0.101614	0.954502	385	
0.639467	0.107395	980	
0.746777	-0.276515	1652	
-0.158522	0.798087	2742	
0.521162	0.305237	2004	
0.816440	0.174040	2079	
0.114925	0.964935	391	
0.773819	0.560464	3300	
0.927991	-0.094720	3027	
0.730463	0.322580	2612	
0.241619	-0.006017	424	
0.617421	0.734293	3466	
0.592280	-0.189925	2347	
0.600620	0.573459	2902	
0.062899	0.787337	737	
0.249618	0.865672	873	
-0.525976	0.235528	1803	
0.664798	0.479040	2384	
0.513693	0.604196	1862	
0.383761	0.779642	981	
0.366932	0.761484	870	
0.853563	-0.310407	3128	
0.119399	0.880402	718	
0.443295	0.848492	2399	
-0.364197	0.576373	855	
-0.506721	0.777442	3358	
0.858090	0.071863	1945	
0.087406	0.365354	1086	
-0.043574	0.888819	2975	
0.956638	0.038023	470	
0.744025	0.105517	1841	
0.530772	0.710173	2529	
-0.547261	0.528325	851	
0.596288	0.655603	2377	
0.820265	0.033368	2043	
0.618286	0.201552	1509	
-0.300241	0.654168	1426	
0.656761	0.392884	2457	
0.234738	0.884238	3059	
0.841464	-0.118148	2607	
0.416166	0.677193	902	
-0.268444	0.862595	2985	
0.275299	0.469767	1809	
0.749107	0.454042	2488	
-0.012812	0.903950	2921	
-0.750651	0.446194	1558	
-0.236626	0.613711	2748	
-0.754498	0.288276	2019	
0.828121	0.271433	3098	
-0.467191	0.709334	3284	
0.501643	0.267511	1406	
0.923884	0.292499	3009	
0.551241	0.071545	1601	
0.125901	0.329943	225	
0.906776	-0.065211	2435	
0.389167	0.125277	1052	
-0.672004	0.226094	1039	
0.028906	-0.286964	1037	
0.242564	0.156104	221	
-0.627336	0.529861	2370	
-0.868362	0.465406	2872	
0.822808	0.271470	2987	
0.781503	0.328096	2008	
-0.581695	0.786876	3192	
-0.420042	0.598720	888	
0.285231	0.470400	1809	
-0.049385	0.931510	2672	
-0.574925	0.458282	1146	
-0.205162	0.947784	713	
-0.396902	0.463928	880	
0.361462	0.243881	698	
0.565796	-0.005791	2007	
0.636254	0.414492	2468	
0.521104	-0.235356	2803	
-0.588168	0.169613	721	
0.230818	0.476830	1482	
0.316681	0.123282	1073	
-0.547535	0.596880	1341	
0.587970	0.245287	2533	
-0.844475	0.360005	2373	
0.656457	0.539068	2322	
-0.498816	0.754890	3365	
0.116619	0.507441	197	
0.251431	0.616580	2762	
0.313635	0.145165	1067	
-0.132941	0.902296	3449	
-0.662058	0.381379	2224	
-0.714944	0.605868	472	
0.181204	0.910940	938	
0.167746	0.188319	279	
-0.553059	0.279767	2165	
0.312838	-0.286105	2455	
-0.619982	0.144499	575	
0.382270	0.400633	1320	
0.105108	0.719757	2736	
-0.551321	0.688021	2460	
0.499331	0.456261	2410	
0.268205	0.426430	1553	
0.861612	-0.180618	3222	
0.298893	0.676479	390	
0.231888	-0.135687	979	
-0.349975	0.739258	2475	
0.266864	-0.202193	1171	
0.377071	0.085062	1525	
0.503306	-0.296127	1393	
-0.554856	0.203774	2212	
-0.646269	0.498444	2352	
0.597052	0.018656	2446	
0.151361	0.717978	2744	
0.525694	0.738521	3379	
0.198113	0.879114	3264	
0.200838	0.806826	193	
0.185849	0.347780	2094	
-0.545049	0.770543	3253	
0.515896	0.201029	1550	
0.273843	0.260583	632	
0.517210	0.581653	2599	
0.636417	-0.029428	665	
0.543016	-0.136109	1504	
0.273401	-0.121240	841	
0.194302	0.784989	229	
-0.600706	0.436632	1718	
0.481433	0.149017	1174	
0.064614	0.822473	815	
0.818052	-0.422211	3465	
0.510002	0.649542	2503	
-0.593624	0.212546	835	
0.535746	0.560294	2922	
0.851262	-0.313360	3128	
-0.258195	0.767205	3011	
-0.193906	0.838571	2580	
0.891145	0.034407	2033	
0.226264	0.434019	1928	
0.606739	0.291768	2600	
0.437216	-0.129184	2763	
0.062215	0.360807	1722	
0.526280	0.050085	1413	
-0.101614	0.764338	3102	
0.396132	0.611418	2378	
0.302788	0.560290	1293	
0.697012	-0.317822	1291	
0.658203	0.367997	2483	
-0.483089	0.238254	832	
0.296475	0.883203	233	
0.852193	0.085083	2381	
0.610817	0.100513	2303	
-0.842693	0.450346	3299	
0.584459	-0.089179	2764	
0.468484	0.146879	1174	
0.200721	0.560910	838	
0.208782	0.860945	3264	
0.133644	0.646518	443	
0.781726	0.247594	3041	
0.582511	-0.215779	2333	
0.235598	0.175407	2923	
0.285126	0.056459	3332	
0.306190	0.391261	1391	
-0.530945	0.281404	1770	
0.703136	0.628308	3068	
-0.742365	0.531487	3179	
0.347927	0.433241	1857	
0.247094	0.543857	925	
0.359315	0.253600	698	
-0.613800	0.543566	1335	
0.151423	-0.217131	643	
0.257942	0.327706	1123	
0.723426	0.608356	421	
0.476793	-0.167811	2526	
-0.666828	0.333230	1586	
0.183176	0.807790	193	
0.853216	0.174387	2075	
0.670487	0.038729	1083	
0.273940	0.400445	1554	
-0.405963	0.384165	1952	
0.725772	0.180637	2343	
0.985094	-0.033607	1334	
0.166705	0.764622	2888	
0.224409	-0.166114	3453	
0.299870	0.796519	754	
0.517678	0.162827	1556	
0.905083	-0.235474	744	
0.477319	-0.106826	834	
-0.742038	0.600950	3296	
-0.089660	0.813233	1695	
0.421583	0.748312	1342	
-0.564150	0.311226	2275	
-0.151493	0.861405	3212	
0.517920	0.140913	1556	
0.619683	-0.267958	2037	
-0.552238	0.484207	1199	
0.218993	0.288267	659	
0.272295	0.371245	1467	
-0.466807	0.547760	965	
0.804813	0.168026	1972	
0.485187	0.524933	2749	
0.182917	-0.316190	1610	
0.397540	0.759817	843	
-0.829404	0.462527	222	
0.542906	0.450097	2241	
0.428971	0.413875	1576	
0.238487	0.341226	1221	
0.059441	-0.280449	3267	
0.346684	-0.177377	1936	
0.452844	0.750824	2121	
-0.707632	0.292330	1348	
-0.284442	0.762855	3166	
0.281715	0.772221	753	
0.415318	-0.203550	2082	
0.296533	-0.035712	433	
-0.580849	0.203336	2201	
-0.291607	0.756729	3073	
-0.678135	0.353533	1768	
0.731056	0.367604	1925	
0.622913	0.364795	1542	
0.237199	-0.249189	2914	
-0.290028	0.714118	3060	
0.010324	0.916366	602	
0.446309	-0.055546	2011	
-0.708312	0.605421	472	
-0.605515	0.537953	1335	
-0.307949	0.721130	727	
0.494186	0.714656	2383	
-0.294576	0.923983	491	
0.178537	0.627206	503	
0.234791	0.301575	945	
0.232288	0.903085	1018	
0.287548	0.085025	332	
-0.555033	0.259020	2170	
0.265128	0.175369	3037	
0.706766	0.037451	1568	
-0.581053	0.499793	1351	
-0.188326	0.890617	2797	
0.717227	0.082108	1196	
0.636139	0.036703	2245	
-0.683567	0.172496	614	
0.696818	0.509721	2487	
0.216378	0.777815	229	
0.112010	-0.235076	588	
0.119340	0.607771	3522	
0.342108	0.027648	1141	
0.910021	0.324511	2814	
0.725267	-0.109095	1273	
0.460920	-0.161602	2526	
0.285779	-0.121808	841	
0.333401	0.123758	987	
0.761020	-0.306011	2052	
0.487930	-0.151910	2773	
0.282955	0.512413	933	
0.402112	0.675060	2174	
-0.388696	0.786055	2653	
-0.233918	0.673246	3072	
-0.558376	0.426762	1604	
0.083793	0.375677	1086	
-0.383950	0.662638	2510	
0.238270	0.610057	791	
-0.627149	0.516159	2370	
0.729218	-0.046989	1415	
0.669394	-0.303220	763	
-0.537310	0.684027	3251	
0.261231	0.762133	285	
0.243322	0.176545	2923	
-0.336538	0.642368	755	
-0.520632	0.688139	732	
0.636619	0.045332	2245	
-0.692394	0.489238	2528	
0.425412	0.584590	2640	
0.669373	-0.136975	2788	
-0.819160	0.467390	222	
-0.659306	0.718664	3007	
0.158947	0.152056	1622	
0.156148	-0.274238	292	
0.020230	0.800836	723	
0.114237	0.648977	921	
0.821820	0.340836	2781	
0.430801	0.101670	1804	
0.128589	0.927945	2679	
0.912277	0.287963	442	
0.927754	0.069278	464	
0.707837	-0.062179	1096	
-0.431438	0.812878	2999	
-0.678413	0.209192	1039	
0.682166	0.483637	2153	
-0.578849	0.367144	1792	
0.388036	-0.254900	1719	
-0.618269	0.240821	766	
-0.781256	0.450055	1854	
0.126790	0.620321	998	
0.519919	-0.067687	1064	
0.098511	-0.232957	588	
0.129899	0.404743	210	
0.391799	0.383627	1114	
0.890113	0.306471	276	
0.067920	0.832075	2535	
-0.333076	0.515614	1283	
0.726474	-0.016332	837	
0.644326	-0.106878	2543	
0.218018	0.774058	229	
0.146443	-0.175568	455	
0.560631	0.498519	2314	
0.535814	0.492334	2314	
-0.008329	-0.229979	2026	
0.727954	0.400641	1788	
0.292679	0.705933	513	
0.307350	-0.087776	1140	
0.389757	0.172484	1346	
0.875487	-0.370533	619	
0.308197	-0.258391	2297	
-0.047415	0.707095	3062	
0.216635	0.864549	3264	
-0.620017	0.711633	490	
0.110804	0.804651	825	
0.604201	0.002610	1540	
0.152055	0.522426	2461	
0.454968	0.334617	1386	
0.875629	0.268628	3397	
0.230845	-0.063140	371	
0.389607	0.558341	2405	
0.579901	0.622801	2356	
0.628393	-0.102079	617	
0.259733	0.899442	403	
0.583899	-0.063769	2731	
0.262471	0.496800	935	
-0.518163	0.708706	732	
0.566182	0.368035	2462	
0.097081	0.665869	408	
0.504009	0.651826	2503	
0.885382	0.282128	276	
0.600468	0.155312	1960	
-0.151950	0.592937	2961	
0.327360	0.133969	1073	
-0.869899	0.274991	521	
0.333703	0.338170	1694	
-0.273628	0.829519	2615	
-0.891835	0.373885	3314	
0.587653	0.677590	2661	
0.974287	-0.043549	3134	
-0.161317	0.679274	2753	
0.793361	-0.231939	1706	
0.778303	-0.178525	2334	
0.586124	0.633978	2356	
-0.619790	0.432757	1718	
0.210915	0.766131	229	
-0.440242	0.627625	570	
0.822660	0.238938	2685	
0.100464	-0.203405	2020	
0.969172	0.017056	3122	
-0.712834	0.554843	3179	
0.374285	0.008365	2344	
-0.326412	0.401150	1139	
0.650064	0.208001	1512	
0.180986	-0.165320	728	
-0.643866	0.289270	1224	
0.241235	-0.176676	1024	
0.748175	-0.201930	2230	
0.762780	0.289777	2779	
-0.569568	0.471830	1199	
-0.459118	0.518861	563	
-0.398480	0.555179	2638	
0.281578	0.563488	907	
0.272204	0.004878	320	
0.715557	-0.282663	1452	
0.582371	0.236151	2533	
0.419843	0.719835	1015	
0.708089	-0.286281	1452	
0.351640	0.732592	870	
0.838235	0.142513	2478	
0.894647	-0.345674	339	
0.082254	0.750411	2409	
0.205007	0.853860	3436	
-0.373985	0.776501	2653	
0.486897	0.460080	2300	
0.814516	-0.287354	2250	
0.518250	0.442585	2410	
0.632487	-0.300338	2484	
-0.410900	0.805130	3266	
-0.112354	0.776085	2182	
0.273763	-0.030867	848	
0.664303	0.701277	2852	
0.513650	0.443016	2410	
-0.538112	0.502391	851	
0.401829	0.113381	1052	
-0.499908	0.382713	2419	
-0.280638	0.607275	495	
-0.700456	0.627664	201	
0.302746	0.362901	1391	
0.252620	0.733627	2976	
-0.335516	0.843329	3336	
0.207150	0.526388	1030	
0.696361	-0.205944	688	
0.001733	0.885443	669	
0.956843	-0.121582	3190	
0.183825	0.674122	2978	
-0.308643	0.934311	3354	
0.371249	0.441403	1980	
-0.585506	0.348847	2036	
0.357727	0.688000	696	
0.816102	-0.207429	3205	
0.599489	-0.036683	2616	
0.538666	0.328541	2330	
-0.226784	0.902151	270	
0.943842	-0.211218	362	
0.423152	0.212953	735	
0.455194	0.072412	733	
-0.124740	0.853727	3204	
-0.328971	0.792263	3398	
0.043890	0.811329	353	
0.650268	0.346688	2483	
-0.572935	0.657343	1726	
0.946773	0.221265	3013	
0.767115	-0.031106	1437	
0.119726	0.185197	1882	
-0.704966	0.294116	1348	
0.696297	0.317104	2623	
-0.526388	0.617281	970	
-0.715329	0.635812	2996	
0.167208	0.690442	2992	
0.829780	-0.189328	3208	
0.231586	0.773428	234	
-0.502741	0.498601	942	
0.250375	0.423558	1928	
0.667971	-0.140015	2788	
0.630745	0.176951	2034	
-0.732570	0.494315	2892	
0.146233	0.370574	2124	
0.291095	0.666421	2606	
-0.194657	0.923756	701	
0.753149	0.404608	2042	
0.418144	0.880329	930	
-0.415701	0.844967	3476	
-0.622874	0.231339	766	
-0.689579	0.158519	614	
0.157512	0.415118	2366	
0.829954	-0.430000	3508	
0.490404	-0.295756	1393	
0.884033	0.424346	2862	
0.963999	-0.137698	3190	
0.884679	-0.130460	2507	
0.269097	0.193639	1187	
0.210186	0.319875	1642	
-0.021241	0.804157	638	
0.627440	0.186303	1509	
0.973930	0.147177	3197	
0.671863	-0.087445	1061	
0.791163	-0.128638	1870	
0.534664	0.155177	1990	
0.843021	0.235712	2685	
0.111495	0.283303	261	
0.699193	0.555240	2571	
-0.644545	0.507688	2352	
-0.519371	0.579243	833	
0.398086	0.783683	981	
-0.253803	0.633859	2566	
-0.852497	0.488801	2824	
-0.287344	0.679370	553	
0.839363	0.441903	507	
0.953976	-0.222181	362	
0.253910	0.586697	616	
0.079424	0.670614	413	
0.521646	-0.000823	1110	
0.968640	0.083403	3157	
-0.647869	0.702337	311	
-0.284496	0.681555	553	
0.009978	0.910879	602	
0.465314	-0.031088	2517	
0.904369	0.253800	435	
0.854792	-0.421255	3274	
-0.390024	0.527122	2449	
0.395003	0.646159	2594	
0.923209	-0.187823	2740	
0.860389	-0.466761	3076	
-0.452983	0.875087	2977	
0.622994	0.055069	2276	
0.476161	0.102292	1830	
0.027319	0.969151	1019	
