-0.115527	-0.202596	3424	
-0.274924	-0.502433	7455	
0.241835	0.389094	962	
-0.213490	0.026554	5163	
-0.004609	0.442239	9407	
-0.021526	-0.348690	2872	
-0.145502	-0.035916	1668	
-0.030084	0.152957	7989	
0.015629	-0.250242	3692	
-0.219845	-0.511516	6606	
-0.266188	-0.185157	1560	
0.318246	0.381926	6607	
0.220744	-0.162896	7416	
-0.177343	0.408470	638	
0.120633	0.482210	2138	
-0.338105	0.076692	8602	
-0.419668	-0.013880	6362	
-0.152801	-0.373661	6400	
0.244704	0.478488	7699	
-0.378541	-0.404125	7157	
-0.084388	0.142809	336	
-0.089164	0.425243	5851	
-0.408790	-0.259522	3083	
0.227882	0.432944	5899	
0.043042	0.491923	6202	
-0.244826	-0.091654	6286	
0.274897	-0.201339	6306	
0.213252	-0.235711	2865	
-0.191963	-0.183526	1700	
-0.312426	0.307383	4866	
-0.276450	-0.302836	1001	
-0.200535	0.063950	2992	
-0.178511	-0.151601	6979	
-0.432096	-0.066484	597	
-0.118934	-0.190823	2244	
-0.142263	0.411162	9422	
-0.232606	0.003244	6432	
0.330136	0.388336	488	
-0.054405	0.153381	619	
0.127612	-0.288756	825	
0.256427	0.275481	6153	
-0.281350	-0.301448	1001	
-0.370468	0.241698	6018	
-0.103351	0.198368	4957	
-0.037305	-0.139688	4379	
-0.277445	-0.365599	8209	
-0.098360	-0.304827	4206	
-0.141361	-0.182328	2273	
-0.340581	-0.411793	7762	
-0.134720	-0.313535	4452	
-0.208636	0.083787	3471	
-0.464336	-0.150081	5714	
0.382474	0.057279	6973	
-0.034886	-0.543569	6891	
0.000401	-0.530116	6333	
0.083824	-0.244461	9308	
0.388267	-0.064015	5178	
0.027235	-0.524883	930	
-0.167610	0.047257	5405	
-0.384114	-0.360070	5894	
-0.467828	-0.010489	2279	
-0.095311	-0.144357	472	
0.002704	0.111115	9062	
0.000763	-0.147760	4676	
0.249662	0.473728	6998	
0.386383	0.129182	7459	
-0.174165	-0.156837	8060	
0.168065	-0.282643	667	
0.255032	-0.428825	6681	
-0.390540	-0.308710	7118	
0.016464	-0.375561	9140	
-0.190909	-0.194617	1496	
-0.286841	-0.017708	3830	
-0.050145	-0.395444	2926	
-0.094387	-0.444811	6537	
-0.123731	0.008212	3599	
-0.000453	-0.353390	2574	
-0.130462	-0.393051	1556	
-0.165603	0.116654	3494	
-0.224898	0.377798	5240	
-0.453698	0.016373	3449	
-0.056379	-0.084867	1347	
-0.067746	-0.348748	3307	
0.369350	0.234505	9393	
-0.443856	-0.047850	3294	
-0.319338	-0.094641	4371	
-0.024564	0.122845	4065	
-0.301648	0.325872	1177	
0.062416	-0.350527	5749	
-0.029930	-0.398276	2885	
-0.388202	0.242430	6441	
-0.320631	0.019669	7123	
-0.173881	-0.038607	4005	
-0.020853	-0.164628	4727	
0.383887	-0.056965	5156	
0.114219	-0.267624	408	
-0.138780	-0.183031	2273	
0.297070	-0.092889	4235	
0.009497	-0.190333	9470	
-0.091628	-0.355443	3939	
-0.348301	-0.073519	6062	
0.375234	0.090953	2363	
-0.188460	-0.199482	1496	
-0.094526	-0.124437	5701	
0.129203	-0.294010	825	
0.227037	-0.200914	3185	
-0.168188	-0.336870	1088	
-0.102092	0.430824	7988	
-0.388396	0.198565	3900	
-0.001473	-0.522878	8531	
-0.019547	-0.266636	4555	
-0.002633	-0.193611	8826	
0.132144	-0.220287	7299	
-0.196794	-0.060674	605	
0.375990	-0.028685	5073	
-0.078222	-0.243001	6647	
-0.286533	-0.046463	1373	
-0.188728	0.318772	1527	
0.195289	-0.282903	2492	
-0.062755	-0.342020	3307	
-0.158036	-0.358719	4460	
0.127220	0.412974	8141	
0.362209	0.209327	2908	
-0.056895	0.451790	7397	
-0.426999	0.180287	9234	
-0.454778	0.098821	2377	
-0.061973	-0.293213	1038	
0.003604	-0.337746	4351	
0.160434	-0.248250	2578	
0.084558	-0.108612	4608	
0.188767	0.469910	8763	
-0.008370	0.114874	4250	
-0.063374	-0.207129	7200	
-0.050508	-0.513810	4399	
0.202176	0.469762	435	
-0.439269	-0.002886	2054	
0.095772	-0.045279	3683	
0.033221	0.074855	845	
-0.076241	-0.392280	1830	
-0.315521	-0.195531	6728	
-0.450102	0.017227	3449	
-0.424233	-0.141513	7501	
-0.439959	-0.157151	548	
-0.413802	-0.276658	6265	
-0.343567	0.049482	8549	
-0.113863	-0.106974	4325	
0.001938	-0.262480	3670	
-0.419058	0.105881	6807	
-0.336218	0.115055	5139	
0.376637	-0.075974	5178	
-0.221931	-0.147965	5352	
0.024776	-0.341597	5035	
-0.359255	-0.439612	4352	
0.081140	-0.101656	4209	
-0.274939	0.041052	1398	
-0.278582	0.252581	2356	
-0.175323	-0.542318	1665	
0.050030	-0.351569	5749	
-0.139684	-0.328784	8333	
0.360675	-0.069249	3511	
-0.420303	0.126560	8076	
0.282552	0.394910	2349	
-0.133399	-0.448174	8606	
0.168203	-0.199057	7998	
-0.399400	-0.262328	3083	
0.194906	-0.298741	1848	
-0.269713	-0.083733	5890	
0.069224	-0.118521	7693	
-0.449282	-0.120655	7235	
0.012778	0.070410	3934	
-0.127425	0.123398	6883	
-0.215919	-0.037296	5613	
-0.169743	-0.153412	9405	
-0.085697	-0.300587	4441	
-0.203133	0.119381	6290	
-0.176975	0.395923	921	
0.013559	0.447710	917	
0.076312	-0.115387	8942	
0.230769	0.473010	1179	
-0.071509	0.465702	3327	
-0.201869	-0.521675	7058	
-0.244730	0.371068	4259	
-0.284882	0.348829	485	
-0.446924	-0.011623	2054	
0.053913	-0.032036	714	
-0.276607	0.360443	247	
-0.059788	-0.547149	5283	
-0.047688	0.176602	7585	
-0.043441	-0.377494	1762	
0.147430	-0.238220	2807	
-0.193726	-0.440386	8104	
-0.094118	-0.341567	5710	
-0.046309	-0.155826	4372	
-0.344770	-0.045887	3883	
-0.296757	0.203912	1011	
-0.304507	-0.084970	6045	
-0.160600	-0.455113	7658	
0.376478	-0.054264	5156	
-0.044179	-0.518016	4399	
-0.027609	0.134133	4458	
-0.375092	0.196847	3900	
-0.246739	-0.437757	9334	
-0.317810	0.168948	9070	
-0.134885	0.360397	1594	
-0.007142	-0.330335	4119	
0.366981	0.075320	4475	
-0.202186	-0.155702	1614	
-0.334652	-0.116013	1523	
-0.033263	-0.105669	955	
-0.102141	-0.350055	5710	
-0.161204	0.149544	5974	
-0.280963	-0.326695	3497	
-0.197581	0.099394	4212	
0.312169	0.286624	3388	
-0.154038	-0.198189	1797	
-0.078436	0.168510	3124	
-0.266227	0.080404	3137	
-0.228917	-0.076794	1274	
0.029682	-0.423526	914	
-0.443833	-0.071794	660	
-0.033954	-0.513401	1736	
-0.179286	-0.441561	7932	
0.373155	-0.126491	1449	
-0.192565	-0.452747	7027	
-0.467768	0.024286	4344	
-0.383692	-0.365389	5894	
-0.190420	0.010562	2712	
-0.160188	-0.245418	600	
0.349729	0.239633	8200	
0.033636	-0.424027	914	
0.314483	-0.104341	7054	
-0.207210	0.127088	7954	
0.088950	0.409166	347	
-0.155154	0.414761	1948	
-0.146825	-0.128535	277	
-0.180364	-0.156857	6979	
0.283779	-0.184053	5160	
-0.125519	0.209067	1819	
-0.244625	-0.141979	8620	
0.156346	0.465458	7196	
0.186489	-0.297907	3490	
0.097425	-0.238533	7891	
-0.468291	0.000044	3276	
0.005760	-0.370639	6718	
0.265145	0.253708	447	
0.185374	0.322083	2589	
0.063143	-0.373433	3177	
0.392914	0.037923	2243	
-0.168502	-0.067921	5075	
-0.150815	0.402427	8802	
-0.037680	-0.096321	955	
-0.438367	-0.255854	6270	
-0.059643	-0.329416	5147	
-0.086763	0.430133	5851	
-0.378793	-0.336025	4470	
-0.165329	-0.126909	5049	
0.032392	-0.253513	3719	
-0.383502	0.156162	1515	
0.178064	0.351582	852	
0.330004	0.375949	642	
0.304170	-0.231915	3445	
-0.182752	0.018232	2712	
-0.327474	0.079332	4710	
-0.423347	0.097973	274	
-0.317230	0.007500	9174	
0.301582	-0.107716	8132	
-0.132449	-0.234880	4238	
-0.265383	0.005897	5600	
-0.347201	0.006619	2149	
-0.026451	-0.279666	3160	
-0.006608	0.117481	4250	
-0.417970	-0.121029	5716	
-0.184777	-0.052178	621	
0.285637	-0.404499	318	
0.338533	0.207474	2932	
0.341660	0.228256	8717	
-0.309374	0.166635	9070	
0.004440	-0.357237	6718	
0.040013	-0.507000	2221	
-0.186144	0.424983	829	
0.038199	0.447246	9328	
-0.118972	-0.025749	3140	
0.100082	-0.018350	1075	
0.287530	-0.064280	2767	
-0.130223	-0.184650	2171	
0.380012	-0.048140	5156	
-0.010462	0.448934	8628	
0.046474	-0.256107	4719	
-0.028088	-0.535161	8876	
0.363610	0.101282	2363	
0.293571	-0.152900	8030	
0.376651	0.117844	2542	
-0.040763	0.122635	4413	
0.286048	0.458128	780	
0.078910	-0.212332	9125	
0.120856	0.479289	2138	
0.134533	0.476324	7211	
-0.158948	-0.444561	8238	
-0.347927	0.084223	8658	
-0.196393	0.134162	9264	
0.238244	0.465239	7665	
0.337552	0.229583	8717	
-0.101962	-0.443538	1692	
-0.162368	-0.337422	1088	
-0.100264	-0.388504	1753	
-0.124867	0.035621	4030	
-0.049253	-0.102376	432	
0.364909	-0.131611	1449	
-0.126294	-0.336544	3759	
0.074183	0.039782	1097	
-0.251163	0.380303	1237	
0.389020	0.080363	5246	
-0.441968	0.063782	8558	
-0.385470	-0.366716	5894	
-0.262997	0.059194	5779	
-0.063375	-0.218152	491	
-0.278713	-0.127077	6064	
-0.114674	-0.544680	4204	
-0.139324	0.116557	3017	
0.200413	-0.218032	2047	
-0.126714	-0.166109	1706	
-0.151312	-0.184253	2107	
0.216829	-0.245984	2938	
-0.145705	-0.180636	2107	
-0.446915	-0.136304	5678	
0.045574	-0.232780	4375	
0.088858	-0.026535	915	
-0.334628	0.023136	7123	
-0.128538	0.423274	784	
0.347707	-0.199486	2883	
0.199685	0.466305	8925	
0.070776	-0.247779	6238	
-0.148358	-0.269322	4046	
-0.126606	-0.339395	3759	
0.226723	-0.308720	1690	
-0.090600	-0.049093	8721	
-0.457813	-0.091868	3240	
0.140623	0.462039	7263	
-0.158992	-0.094403	4722	
-0.403293	0.113598	8240	
0.211541	0.462499	571	
0.175308	-0.361779	3725	
-0.101454	-0.345915	5710	
-0.200323	0.026186	3914	
-0.186844	-0.065120	6753	
-0.203292	-0.174217	1341	
-0.248187	-0.163463	7390	
0.040795	-0.361520	296	
-0.147951	-0.141953	8784	
-0.147057	-0.429736	1545	
-0.204975	0.145465	7232	
0.153252	-0.477943	1704	
-0.042975	0.467428	2393	
-0.153576	0.083572	1434	
-0.329784	0.151737	2946	
-0.321267	0.070653	4439	
-0.461316	0.024696	5056	
0.061645	0.015807	612	
0.187434	-0.283182	3490	
-0.284727	-0.283333	462	
-0.099561	0.460224	5544	
-0.196437	-0.088271	6613	
-0.341900	-0.444796	7092	
0.155006	-0.293929	863	
-0.412791	0.055427	6769	
-0.196389	0.109251	5190	
0.080799	-0.093137	4209	
-0.110180	-0.520129	8194	
-0.138037	-0.140308	2915	
0.174733	0.496941	528	
-0.083716	-0.084097	4299	
0.118410	-0.506880	1061	
-0.188694	-0.177152	1700	
0.094664	-0.019092	1075	
-0.447231	-0.199761	615	
0.075667	0.408752	1050	
-0.038872	-0.125694	3624	
-0.463027	-0.087416	1605	
-0.086100	0.191438	4337	
-0.144035	0.099467	1626	
-0.116914	0.374876	680	
-0.173050	-0.084195	4597	
-0.280784	-0.371311	7934	
0.391355	-0.078021	5178	
0.268430	-0.121215	4897	
-0.075381	-0.438289	8989	
0.099277	-0.509370	3008	
0.015946	0.062783	3934	
0.148808	0.489997	2524	
-0.158870	0.399864	9416	
-0.241956	-0.099183	6286	
0.003354	-0.184117	9470	
-0.232288	-0.188198	9108	
-0.436335	-0.103633	7329	
-0.137065	0.037072	4132	
0.120872	-0.075109	6847	
0.363917	0.282424	5970	
0.055011	0.466039	3227	
-0.366914	-0.393386	6180	
0.276123	0.451382	9408	
-0.268619	-0.016001	2650	
0.185983	0.350977	369	
-0.358738	0.284587	4655	
0.045721	-0.310250	4302	
-0.038210	-0.176423	8445	
-0.210887	0.381645	5858	
-0.105900	-0.232080	4336	
-0.182303	-0.047168	621	
0.061749	-0.078594	6880	
0.226796	-0.454952	3258	
-0.342321	-0.102435	1503	
-0.055822	-0.202844	645	
-0.253649	0.385667	1237	
-0.283350	-0.197263	3985	
-0.080183	-0.521302	909	
-0.413076	-0.219820	6471	
0.266939	0.246213	447	
-0.453597	0.034275	9143	
0.053389	-0.034537	714	
-0.185339	0.166041	1513	
-0.047027	-0.432621	9388	
0.068284	0.007223	3821	
-0.312269	-0.231705	6849	
-0.332129	-0.105416	6594	
-0.199327	-0.070960	605	
-0.031159	0.456703	3641	
0.083717	-0.355031	284	
-0.049051	-0.229191	3456	
-0.010519	-0.361310	2574	
0.087941	0.003037	3423	
0.298136	0.424065	3694	
0.346279	0.136530	5802	
-0.250938	-0.507793	8182	
-0.414032	-0.017202	6362	
0.125891	-0.238651	3035	
-0.298313	-0.317007	413	
-0.374895	-0.416991	8604	
-0.164487	-0.346707	938	
-0.157717	0.151169	5664	
0.295591	-0.043035	5098	
-0.156774	-0.258083	1136	
0.338854	-0.373612	4082	
-0.210064	-0.135726	2132	
-0.041221	-0.085766	256	
-0.118146	-0.052714	2495	
-0.271191	0.374032	247	
0.368030	-0.089345	4165	
0.061688	-0.266548	4810	
0.359683	-0.126792	1449	
0.242127	0.231876	6158	
0.195106	-0.243686	1898	
-0.426299	-0.248864	3981	
0.137152	-0.278207	1296	
-0.305139	-0.147203	8545	
0.016491	-0.389880	9034	
-0.167542	0.059277	2985	
0.056014	-0.034503	714	
-0.251278	-0.169922	6783	
-0.120470	-0.009700	3355	
0.147772	-0.257324	1870	
-0.173119	-0.529017	9104	
0.156871	-0.249741	1957	
0.119853	-0.395328	6114	
-0.282753	-0.184178	1641	
0.062029	0.009938	3821	
-0.068620	0.148099	312	
-0.010593	0.104588	9076	
0.359153	0.092168	2390	
-0.315294	-0.145917	8079	
0.171308	-0.360684	3725	
-0.129886	-0.226877	4196	
0.295409	-0.114472	9141	
0.227715	-0.168690	7416	
-0.438828	0.064219	8558	
0.224412	-0.328968	2458	
-0.176553	-0.436771	7932	
-0.344644	0.297658	1370	
-0.442697	0.005406	2640	
-0.290806	-0.075339	5262	
-0.095568	0.198136	4957	
-0.113049	-0.381981	1724	
0.211151	0.472091	986	
-0.176885	0.129549	5041	
0.343177	0.329959	2153	
-0.049349	0.176726	3530	
-0.177504	0.401005	638	
0.363296	-0.169738	5083	
0.078929	0.027169	419	
-0.099695	0.449244	6070	
-0.070672	0.179081	3076	
-0.136930	-0.213266	4524	
-0.044797	-0.419132	3415	
-0.132579	-0.042926	8782	
-0.151332	0.160498	6133	
-0.435975	-0.238912	5002	
-0.112833	-0.130058	398	
-0.423357	-0.140960	7501	
-0.239014	-0.185594	6654	
0.387660	0.084657	5246	
0.398339	0.034326	2243	
-0.015215	-0.155163	4725	
0.167129	0.481347	7670	
-0.050861	0.450308	8380	
-0.225556	0.296841	2336	
-0.081879	0.146027	1045	
-0.317669	-0.445290	2291	
-0.196111	-0.049988	577	
0.376448	-0.074245	4445	
-0.340930	-0.126414	1034	
-0.408235	-0.233884	867	
-0.053961	-0.382655	1726	
-0.250666	-0.419252	4712	
0.004089	-0.423009	4364	
-0.242937	-0.527900	7231	
0.341620	-0.213574	2911	
-0.042743	-0.173252	5231	
-0.207659	-0.052052	3741	
0.257607	0.295475	3111	
-0.069649	0.424030	3433	
-0.424797	0.029491	387	
0.066410	-0.333294	9287	
-0.295448	-0.468969	6394	
-0.280456	-0.373949	9275	
-0.343544	0.132785	1314	
-0.027258	0.150768	9205	
-0.409952	-0.334857	1508	
-0.306146	-0.044793	6961	
0.097335	-0.048954	3683	
-0.070654	-0.535039	1458	
-0.347409	0.229346	3696	
0.142933	-0.286910	863	
0.360507	0.217093	9098	
-0.068189	-0.139483	7589	
-0.214929	-0.213703	906	
0.304162	-0.084008	4235	
0.122902	-0.253421	3056	
-0.164654	-0.248622	600	
-0.263237	-0.034580	6968	
-0.113859	0.009612	7289	
-0.274815	0.350999	485	
0.042297	0.462258	3766	
0.053145	0.451550	4090	
-0.101965	-0.199431	4155	
-0.034368	-0.212806	3612	
0.169531	0.357264	4459	
-0.288965	-0.275227	1493	
0.275048	-0.075634	2786	
0.017531	0.070848	3934	
-0.422146	-0.055142	674	
0.019261	-0.167088	4682	
0.387594	0.006990	7820	
0.001225	-0.274647	3153	
-0.055373	-0.238204	3420	
-0.037775	-0.344697	2254	
-0.417879	-0.215560	6471	
-0.256721	-0.164331	6783	
-0.072869	-0.171335	3994	
-0.231482	-0.520823	7242	
0.182848	0.322820	2589	
-0.078446	0.209793	4886	
0.255410	0.324297	3183	
0.331011	0.306979	889	
0.175508	-0.303399	1447	
0.339753	0.224095	8717	
-0.080895	-0.071887	4448	
-0.045743	-0.296529	1038	
0.047223	-0.045260	848	
-0.222207	0.364339	5753	
-0.198071	-0.169938	3432	
0.219797	-0.337879	2458	
-0.428819	0.038334	387	
0.276680	-0.072612	2786	
-0.311030	-0.192722	6728	
0.177470	0.462061	7889	
-0.303201	-0.099234	2453	
-0.342890	0.095561	785	
0.203265	-0.222668	2047	
-0.120979	-0.520194	7884	
-0.280648	-0.146139	664	
-0.128558	-0.298958	4604	
0.309513	-0.151610	9081	
-0.223062	0.141883	1927	
-0.085356	-0.395024	1939	
-0.045541	0.182641	7585	
-0.178979	0.415738	638	
-0.426193	-0.161225	882	
-0.249083	-0.441419	9334	
0.296612	-0.185252	551	
0.112915	-0.217075	2966	
-0.178174	-0.440708	7932	
0.090497	-0.313969	2813	
-0.467278	-0.038366	3385	
-0.089459	-0.367311	1801	
0.006055	-0.154441	4676	
-0.306513	0.006801	5738	
0.073174	-0.496429	3368	
-0.342016	0.237514	4408	
-0.168561	0.132114	4167	
-0.306244	-0.096592	3259	
-0.001818	-0.210271	3206	
0.155681	-0.270159	1779	
0.360400	0.210095	9098	
-0.346102	0.269883	6545	
0.080145	-0.399551	4339	
-0.411745	0.061768	6769	
-0.432668	-0.073238	964	
-0.219074	0.102744	4875	
-0.159386	0.426400	8236	
0.107766	-0.023828	8835	
-0.191804	-0.188155	2468	
0.027371	-0.228161	3676	
0.302724	0.390070	6607	
0.210398	-0.333638	2592	
0.234314	0.424828	9478	
-0.425083	-0.200655	2050	
0.015573	0.072242	3934	
-0.062590	-0.075993	4255	
0.003697	-0.276125	3153	
-0.315765	0.149027	9212	
-0.128560	-0.243663	4238	
-0.397831	-0.366082	6888	
-0.056847	0.474069	2177	
-0.283072	-0.069300	6748	
-0.453251	0.019930	3449	
-0.204757	-0.084956	7057	
0.234356	0.424757	9478	
0.007748	-0.177249	9151	
-0.311541	-0.206441	5061	
0.189367	-0.224191	2047	
0.084127	-0.049524	1006	
0.362247	-0.170059	5083	
0.357568	-0.085824	3548	
-0.021958	0.438227	840	
-0.188922	-0.542854	1965	
0.234411	0.425091	9478	
0.265770	0.256279	447	
-0.291712	0.354114	485	
-0.213926	-0.042123	5613	
0.105077	-0.106658	6460	
0.005785	0.450142	9269	
0.371276	-0.148521	1224	
0.128942	0.476679	6226	
-0.048986	-0.517624	4399	
-0.233847	-0.423784	9481	
-0.359257	-0.026054	5653	
-0.371969	0.251064	6426	
-0.401566	0.216140	6208	
-0.069367	-0.068368	3521	
0.205035	-0.340835	2317	
0.199883	-0.296033	1848	
-0.133213	0.357101	1594	
-0.258009	-0.174691	6783	
-0.316165	0.293458	5132	
0.346548	-0.131487	1315	
-0.289811	0.297404	4508	
-0.416179	0.152362	5696	
-0.096523	-0.108860	6810	
0.030787	0.071416	744	
-0.346349	-0.405267	7762	
-0.304755	-0.465129	6264	
-0.262798	-0.077024	6948	
0.215471	-0.272404	2513	
-0.198771	-0.103850	6024	
0.086886	0.408971	347	
-0.044577	-0.539292	2424	
-0.009597	-0.279451	3160	
0.091474	-0.302933	3402	
0.291129	-0.100847	4261	
0.188755	-0.305405	1848	
-0.161896	-0.100914	3848	
-0.412957	0.057625	6769	
0.091439	-0.311487	2813	
-0.185647	-0.518166	8427	
0.078190	-0.265971	6483	
-0.195197	0.096379	4212	
-0.046681	0.471929	2393	
-0.196340	0.320034	1527	
0.380138	0.094395	2544	
0.042288	-0.194547	3229	
-0.107638	0.170046	4695	
0.049276	-0.042026	848	
0.347136	0.107994	1502	
0.074114	-0.078406	8318	
-0.217524	-0.519172	7253	
0.015717	-0.288016	3029	
-0.113855	-0.138340	339	
0.376595	0.090456	2544	
-0.150671	-0.241738	6143	
-0.421043	-0.031418	2224	
0.190975	0.488181	1587	
0.097220	-0.002081	1414	
-0.433267	0.065171	8558	
-0.235512	0.380749	5814	
-0.047108	-0.341638	4561	
0.067280	0.460732	1062	
-0.255024	0.364573	4259	
-0.248482	0.016131	6369	
-0.334926	0.122846	2374	
0.119296	0.458056	8685	
0.367659	-0.010020	5792	
0.090782	0.461542	376	
-0.078981	-0.091097	4299	
-0.016235	-0.207158	3616	
0.316280	-0.071750	4438	
-0.056427	0.145517	312	
-0.305020	-0.071377	8369	
0.172870	0.495668	528	
-0.325338	0.053697	8999	
0.220844	-0.282781	2697	
-0.332343	0.016443	8805	
0.079088	-0.063250	2638	
0.174909	0.491981	528	
-0.075385	-0.383598	1630	
-0.222985	-0.115485	4376	
0.175007	0.368384	1925	
-0.302880	-0.280630	3261	
-0.032004	-0.527421	2264	
-0.151250	0.060271	5880	
-0.415119	-0.239550	3002	
-0.070240	-0.436996	2913	
0.123428	-0.098307	1783	
0.361432	0.085700	2390	
-0.336550	0.067055	8602	
-0.235047	-0.022346	3400	
-0.192876	0.414195	829	
-0.375917	0.162905	1515	
-0.143946	-0.212500	5093	
-0.225949	-0.200857	9157	
-0.118343	-0.098564	4972	
0.215845	0.476655	986	
0.243077	0.381786	3880	
0.089524	-0.283536	4203	
0.170670	-0.261674	1779	
0.155475	-0.308573	3733	
-0.124032	-0.039582	8373	
-0.317880	0.312621	2142	
-0.195953	-0.116886	6176	
0.166327	-0.374960	7411	
0.347170	0.337066	2296	
-0.117456	-0.304455	4365	
0.287095	-0.405461	318	
0.020376	-0.183004	4533	
-0.165074	-0.291350	9162	
-0.223226	0.076131	5198	
0.024891	0.450861	764	
-0.297999	-0.201715	636	
-0.031401	-0.246971	3884	
0.069164	-0.504999	2409	
0.115079	0.469741	7282	
-0.187677	-0.004166	1732	
-0.007523	-0.334522	4119	
-0.047016	0.164922	619	
0.017055	0.077750	4055	
-0.247252	-0.413451	7427	
-0.002805	-0.345567	2463	
-0.109218	-0.533376	3105	
-0.459758	-0.067121	821	
-0.086744	-0.217011	8501	
-0.129297	-0.125416	329	
0.234479	0.426501	9478	
-0.157817	0.142359	5664	
-0.412003	0.043800	335	
0.232566	0.486498	1201	
-0.408972	-0.310744	7022	
-0.107192	-0.520037	8194	
-0.251497	-0.154373	7643	
-0.170014	-0.007520	1755	
-0.223040	0.139578	1927	
-0.435543	0.153324	1730	
0.163800	-0.236898	2578	
0.243584	-0.435749	5683	
-0.348843	-0.030679	5653	
-0.239701	-0.101605	6286	
-0.018830	-0.377538	4831	
-0.191427	-0.055735	605	
-0.106727	-0.184089	3325	
-0.308683	-0.132568	8861	
-0.189463	-0.085057	5265	
-0.400121	-0.336953	6816	
-0.362526	0.189477	3488	
0.318244	0.398535	5414	
-0.393797	0.210382	5388	
0.371685	0.030924	8191	
-0.061287	0.432147	3068	
0.000237	-0.239588	3712	
-0.280195	-0.512308	9357	
-0.287558	-0.090050	5953	
-0.029470	-0.231398	3407	
0.017707	-0.280314	3029	
-0.307907	-0.235428	6849	
-0.354428	0.271476	6545	
-0.386312	0.178725	1911	
0.397543	0.017433	932	
-0.130075	0.159854	4520	
0.260440	-0.439576	6681	
-0.435901	-0.199248	615	
0.352200	0.328327	2296	
-0.114316	-0.096301	4972	
-0.076487	-0.114602	4798	
-0.288632	-0.023353	3653	
-0.033338	0.174050	1803	
-0.132933	-0.276040	4409	
-0.235093	0.389955	5814	
0.370987	0.194026	6292	
0.005633	0.481683	5465	
0.259495	-0.155378	948	
-0.066959	-0.176067	4665	
0.208199	-0.199819	2833	
-0.306598	0.320231	4866	
-0.021687	-0.129526	3158	
-0.027669	-0.162377	5226	
-0.018191	-0.204790	3616	
0.174292	0.362871	852	
0.068006	-0.113230	7693	
-0.143403	0.125238	3017	
-0.289173	-0.500888	8339	
-0.156755	0.055114	5880	
-0.174139	0.034954	3458	
-0.145287	-0.092793	4437	
0.108293	0.409640	8616	
0.179063	-0.319155	1064	
0.285507	-0.277775	3902	
-0.031392	-0.326081	3119	
0.100034	-0.314081	2435	
0.108263	-0.239860	3035	
-0.139659	0.104009	1626	
0.186012	-0.242075	1873	
0.310770	-0.054818	1170	
-0.251474	0.092840	2271	
0.034562	-0.181019	1804	
-0.093853	0.423019	5851	
0.119786	0.406915	8141	
-0.158080	-0.535736	8224	
-0.294747	-0.259344	8564	
-0.063627	-0.314978	4802	
-0.304966	0.320653	4866	
-0.458010	-0.120958	7947	
-0.109486	-0.166054	1798	
-0.250363	-0.122316	2174	
0.107426	0.453971	1686	
-0.186474	0.023243	2712	
-0.258498	-0.392693	677	
-0.148666	-0.180586	2107	
-0.030680	-0.269975	4275	
-0.275031	-0.386372	8626	
0.061598	0.035803	8687	
-0.232494	0.030536	7297	
-0.159387	0.027868	3684	
-0.458105	-0.174878	838	
-0.094572	0.151604	316	
0.242238	0.230284	6158	
0.223692	-0.181818	3185	
-0.165496	-0.269308	9166	
0.217084	-0.330372	2592	
-0.146051	-0.041336	1352	
0.326692	0.218582	7536	
-0.206266	0.039190	4633	
-0.040615	-0.094489	352	
0.048731	-0.527213	1647	
-0.274443	0.036203	1398	
0.304786	-0.057919	5098	
-0.092778	-0.340872	5710	
-0.170996	-0.258870	395	
-0.342098	-0.096348	1943	
0.178847	-0.312600	1064	
0.279263	-0.199519	6306	
0.219132	-0.330485	2592	
-0.389645	0.208862	4490	
-0.021842	-0.272343	4555	
-0.320731	0.320117	2142	
-0.122528	0.016023	3599	
-0.214585	-0.528976	7552	
0.386991	0.091838	4406	
-0.339200	0.097308	785	
-0.347015	0.231625	3696	
-0.436111	-0.017462	2054	
0.357266	0.238346	8200	
-0.110855	-0.110207	5751	
-0.151381	0.005748	2971	
0.002791	0.400299	6140	
0.233797	0.423730	9478	
-0.458599	-0.014197	2279	
-0.320262	0.041541	3040	
-0.391036	0.224297	5388	
-0.144151	0.048607	4132	
-0.122464	-0.440630	8412	
-0.066803	0.159914	312	
-0.331132	0.282047	6252	
0.189909	0.485669	1587	
-0.169286	-0.228774	8100	
-0.056335	-0.207815	645	
-0.297578	-0.157902	2580	
-0.138328	0.006872	3049	
-0.241280	0.098506	2271	
0.055098	-0.269470	4223	
0.308594	0.310346	7874	
0.009737	-0.370055	5243	
0.296684	-0.172958	551	
0.038967	0.491308	6202	
-0.413368	-0.078675	7309	
0.071065	-0.286422	4043	
0.232124	-0.453695	5373	
-0.255064	0.018638	5269	
-0.210048	-0.145630	1323	
-0.334851	0.077344	8602	
0.320775	0.380438	642	
-0.144242	-0.038190	1668	
0.347689	0.322587	2022	
-0.070631	-0.389649	1830	
-0.281706	-0.129747	6064	
-0.404936	-0.195668	7905	
0.082507	0.013737	3256	
-0.193305	0.077911	2945	
-0.324823	0.022444	7123	
0.107638	-0.073149	4076	
0.307091	-0.103080	5134	
-0.286150	-0.487310	6763	
-0.235993	0.123988	8635	
-0.310975	-0.478957	5095	
-0.354924	-0.420332	9029	
-0.244264	-0.041912	2020	
0.329688	-0.205435	3097	
-0.114158	-0.197754	3325	
0.087028	-0.083634	3922	
0.038192	-0.211191	3609	
0.266352	0.455090	7678	
-0.464830	-0.101883	1605	
-0.175249	0.396860	921	
0.030466	-0.296903	2921	
-0.008448	-0.241764	3712	
-0.051880	-0.342981	4561	
-0.073939	-0.108662	9067	
-0.263382	-0.116834	4106	
0.003776	-0.519424	469	
-0.398477	-0.287049	7447	
0.281777	-0.072327	2974	
0.278002	-0.075860	2786	
0.369268	0.002923	5792	
0.044948	-0.081764	6584	
0.118304	-0.092715	7115	
-0.119094	0.200910	2417	
-0.148401	0.348967	1343	
-0.249219	0.096829	2271	
-0.089758	-0.243770	6647	
0.317606	-0.069919	4438	
-0.071175	-0.402062	1340	
-0.373916	0.198473	4490	
0.367772	0.216038	9098	
-0.211943	-0.445173	9375	
-0.249783	-0.430276	9362	
0.261302	0.279496	4404	
-0.172638	0.059756	4317	
-0.436526	0.090391	241	
-0.059184	0.433452	3068	
0.004274	0.082825	3498	
0.321498	0.265562	1772	
-0.190423	0.059810	2729	
0.240024	-0.146436	1928	
0.006222	-0.429276	4446	
-0.208267	-0.537635	7029	
-0.364649	0.282675	1090	
-0.273293	-0.164102	4791	
-0.085427	-0.534641	801	
0.063720	-0.021608	4411	
-0.041971	-0.395406	2885	
-0.156901	0.096871	2700	
-0.017417	-0.151644	4646	
-0.260258	0.022894	6577	
0.116375	0.477834	2138	
-0.352333	0.288135	4655	
-0.150349	-0.224515	4234	
-0.295822	-0.119125	1298	
0.153549	-0.243436	2578	
-0.071890	-0.057168	1172	
-0.117324	-0.354405	4366	
0.148046	-0.264317	1870	
-0.300315	-0.206985	636	
-0.287647	-0.343893	769	
-0.127326	0.400710	6115	
-0.174903	-0.274579	9180	
0.295254	-0.092144	4235	
0.073285	-0.103459	3864	
-0.232591	-0.076888	1194	
0.030894	-0.209638	3576	
0.144613	-0.499430	2063	
-0.028773	-0.417386	4315	
0.107423	-0.106502	6460	
-0.427181	-0.259302	6270	
-0.205169	-0.086768	7057	
-0.342600	0.070057	8602	
-0.191489	0.054472	2729	
0.357456	0.178654	6210	
-0.030277	0.446790	3453	
-0.267515	-0.353536	7134	
0.335252	-0.206956	3097	
0.296744	-0.110236	8132	
0.071674	-0.298254	3630	
-0.335058	0.288888	6365	
-0.040292	-0.377997	1762	
-0.356869	-0.031981	5653	
-0.422215	-0.285492	7003	
0.125144	0.407877	8141	
-0.119560	-0.153118	2972	
0.196829	-0.180791	2995	
0.264601	0.265504	4404	
0.188037	0.501103	2199	
-0.275042	0.358447	247	
-0.448663	-0.178927	838	
-0.066896	-0.348266	3307	
-0.295586	0.204490	1011	
-0.118539	0.452685	361	
0.105495	-0.318078	2147	
0.393511	-0.037728	8071	
-0.422581	-0.031259	2224	
0.016061	-0.280477	3029	
-0.012932	-0.129301	2928	
-0.313752	-0.000728	9174	
-0.433435	-0.242934	3981	
0.070703	-0.085205	6880	
0.382561	0.017522	8632	
-0.113815	-0.144282	2972	
-0.039049	-0.184275	9088	
-0.248678	0.281181	2372	
0.364355	0.067306	6066	
-0.454118	-0.183997	838	
-0.258201	-0.504320	8370	
0.176275	0.365828	852	
-0.122662	-0.326735	3401	
0.128267	-0.287724	331	
0.157717	0.388384	7648	
0.228225	-0.449142	3258	
-0.125408	-0.008793	3355	
-0.028991	-0.322515	3119	
-0.426797	-0.049489	597	
-0.106305	-0.436499	6537	
-0.373420	-0.346814	4470	
-0.032791	-0.240593	3884	
0.013247	-0.409040	5885	
-0.296644	-0.197943	636	
-0.172607	-0.527489	9104	
0.003111	-0.157578	4676	
0.085386	-0.349966	284	
-0.170396	-0.530536	9104	
0.078780	0.497810	6624	
-0.088873	0.148980	336	
0.112723	-0.500780	3218	
-0.101817	-0.550724	4204	
0.127871	-0.065767	6847	
0.150411	-0.279182	863	
-0.103474	-0.203764	4188	
-0.338616	0.130386	5139	
-0.135261	-0.338230	5704	
-0.228449	0.057766	5194	
-0.066882	-0.252762	3633	
-0.015923	0.480823	5339	
0.055961	-0.519836	1280	
-0.084458	-0.337580	3371	
0.279951	-0.116557	8062	
-0.119937	0.011990	3599	
-0.320499	-0.168497	8588	
0.090113	-0.505180	2319	
-0.121557	-0.251969	4193	
-0.258662	-0.513967	8943	
-0.308054	-0.212382	6156	
-0.396881	0.164902	4999	
0.054063	0.030356	2907	
-0.013906	-0.433323	912	
0.005668	-0.530306	930	
-0.163310	-0.344581	938	
0.378084	0.236417	9342	
0.134216	0.481542	7121	
-0.141429	-0.091246	5036	
0.010373	-0.236073	3571	
0.113722	-0.241508	3035	
0.036786	-0.313615	4109	
-0.328381	0.271371	6252	
-0.084667	-0.430335	9079	
-0.444415	0.089901	241	
-0.408137	0.083072	6991	
-0.358134	0.263920	5422	
0.189056	-0.340021	2317	
-0.024222	0.437486	840	
0.300293	0.401980	2247	
0.243588	-0.243534	5314	
0.361405	-0.075821	3511	
-0.391128	0.153724	5611	
-0.102620	0.417996	7988	
-0.181981	-0.056220	6851	
-0.165415	-0.120031	8168	
-0.045038	-0.104874	352	
-0.402752	0.160739	4999	
-0.145766	0.349331	1343	
0.065449	0.005688	3821	
-0.385895	-0.350541	6380	
-0.295789	-0.476022	6394	
0.397890	-0.030593	8071	
0.382092	0.100811	2544	
-0.415089	-0.324926	8650	
-0.126637	0.144453	3862	
-0.424443	-0.274416	6653	
0.096543	-0.287571	3840	
0.156918	-0.489580	1806	
0.115835	-0.341916	3442	
0.384378	-0.073439	5178	
-0.196601	-0.436314	7577	
-0.260282	-0.206510	5258	
0.003774	-0.388567	7148	
0.041212	-0.359535	296	
0.001974	0.071435	4123	
-0.131273	-0.427416	6356	
-0.228776	0.381621	5240	
-0.133990	-0.153434	1509	
-0.330530	-0.049765	2941	
-0.068030	-0.167780	4354	
-0.216860	-0.447805	7910	
-0.036051	-0.268167	4275	
0.035084	-0.224303	3676	
-0.187077	-0.076065	6753	
0.130996	-0.282914	331	
-0.132582	-0.108530	4908	
-0.140837	-0.010959	3287	
-0.067434	-0.067556	3521	
-0.321934	-0.175217	6425	
-0.278649	-0.194004	3985	
-0.021644	0.109982	2634	
-0.328343	-0.045722	2941	
-0.361002	0.227910	4427	
-0.464003	0.027744	5056	
0.036461	-0.353617	5035	
0.059628	-0.093944	6880	
0.286242	0.395489	1929	
-0.184308	-0.538235	5834	
-0.427927	0.135951	1955	
0.073737	0.412722	1050	
-0.243650	0.007424	6432	
-0.418541	0.136621	8076	
-0.026551	-0.240113	3635	
-0.432103	-0.256447	6270	
0.162726	0.360599	4459	
-0.179816	-0.002282	1732	
0.151517	0.478405	7186	
-0.200614	0.011054	3914	
-0.026364	-0.191324	1431	
-0.268586	-0.314947	3496	
0.153792	0.475679	7186	
-0.300208	-0.212888	6156	
0.169042	-0.318501	1064	
-0.259561	0.270326	1620	
-0.029484	-0.164058	5226	
-0.406347	-0.248009	3083	
0.169546	0.372042	385	
-0.433790	0.091461	274	
0.363116	-0.093907	4165	
-0.192018	-0.025423	2590	
-0.157829	-0.329222	8734	
0.361468	0.260438	6695	
0.232534	0.457782	7770	
-0.281480	-0.494394	7455	
0.061070	-0.003675	3821	
0.265762	-0.177990	4291	
-0.073586	-0.400405	1340	
-0.301028	-0.211643	5061	
0.232294	-0.241111	3223	
0.392695	0.122500	3125	
0.275399	-0.122634	5370	
0.104326	-0.263219	7074	
0.182829	-0.215213	1896	
-0.210425	-0.167221	3432	
0.190130	0.493028	2226	
0.304679	-0.120352	8009	
-0.470259	-0.012056	2279	
-0.444604	-0.169880	363	
-0.339094	-0.080257	6062	
-0.373538	0.183720	1911	
-0.244905	0.058512	8135	
0.339440	-0.367920	4082	
-0.245106	-0.432510	310	
-0.041495	-0.201865	8790	
-0.274443	0.321470	5484	
0.145231	-0.220109	3265	
0.123737	-0.271597	331	
-0.118276	-0.390920	7500	
-0.266134	-0.347242	3061	
-0.121409	-0.084967	4994	
0.042455	-0.238127	4375	
0.070722	-0.376124	3197	
-0.327806	-0.101028	4371	
-0.057593	-0.192201	634	
-0.401216	-0.298244	7118	
-0.028012	0.118540	4065	
-0.264812	-0.170516	4699	
0.243060	-0.144144	7661	
-0.291679	-0.021879	3653	
0.334572	0.379341	488	
-0.151275	0.413219	9422	
-0.172031	-0.236053	8244	
-0.227507	-0.051764	2532	
-0.238722	-0.519164	5657	
0.036987	-0.520251	1647	
-0.003397	0.079172	768	
0.152791	-0.477010	1704	
0.227718	0.432866	5899	
-0.165199	0.171041	2230	
-0.255844	-0.086104	5736	
0.065379	-0.058292	1794	
0.005088	0.113855	9062	
0.031987	-0.280400	3698	
-0.146848	-0.069972	5564	
0.066505	-0.028046	4411	
0.249364	0.480881	7699	
-0.075364	-0.219574	711	
-0.315369	0.142955	9212	
0.047821	-0.254974	4719	
0.187294	-0.231559	1609	
-0.078575	-0.216549	711	
-0.333929	-0.459376	6446	
-0.247643	0.344904	7386	
-0.026776	-0.351919	2872	
-0.197735	-0.537830	1965	
-0.335362	0.141509	2946	
-0.268716	-0.127523	6469	
-0.083759	0.165741	3124	
-0.087235	0.141778	336	
-0.264935	-0.340419	3061	
-0.164845	-0.537053	1665	
0.173663	0.495355	528	
0.299421	-0.042969	5098	
0.312700	0.309181	2197	
-0.172909	-0.082069	4597	
0.044196	-0.411347	8551	
-0.271014	-0.068277	6933	
0.117042	-0.355896	566	
-0.072472	-0.117270	9101	
0.049371	-0.231871	4375	
0.029131	0.461887	4525	
0.050581	-0.208810	3609	
0.064346	0.002409	3821	
0.352398	0.279542	4824	
0.367125	0.152769	8536	
-0.402362	-0.250283	3083	
-0.099012	-0.102849	4877	
0.280024	0.418270	5923	
-0.213061	-0.142881	1853	
-0.108339	-0.324901	4763	
-0.209778	0.318914	2593	
-0.214883	0.080324	4680	
-0.308400	-0.160688	7569	
-0.097584	-0.148479	5051	
0.078570	-0.046279	1006	
0.129422	-0.389986	6114	
0.094364	-0.041597	8638	
0.297679	-0.065203	2767	
-0.036273	-0.308324	787	
-0.349410	0.056146	3014	
0.263878	-0.103408	3749	
-0.308814	-0.043017	6961	
0.147393	0.499206	4057	
0.059654	0.479180	3227	
-0.253159	-0.170425	6783	
-0.347186	-0.056253	5090	
0.362998	0.307779	4708	
-0.163116	-0.006905	1755	
-0.140837	-0.135760	3037	
0.102879	-0.024336	8622	
0.243842	-0.143889	5058	
-0.088762	-0.168667	3994	
-0.258644	0.256026	3405	
-0.233928	0.292067	3306	
-0.179022	-0.204217	3621	
-0.279449	0.241352	1481	
0.107585	-0.384739	5608	
-0.256341	-0.172361	6783	
-0.008934	0.142247	4144	
-0.410848	0.044202	335	
-0.300498	0.200290	771	
0.001705	-0.529004	930	
0.180747	0.332508	417	
0.161641	0.405702	8227	
-0.015468	-0.251389	4392	
-0.055983	0.392110	3246	
-0.424496	-0.251327	3981	
-0.286012	-0.181326	1641	
-0.216452	0.046684	3950	
