time = 96.85	Re = 90
-0.524137	0.835493	6463	
-0.584535	0.794619	756	
-0.665788	0.727948	3312	
-0.747516	0.643599	2850	
-0.941176	0.066561	6788	
-0.943231	0.020632	1240	
-0.937899	-0.104285	4044	
-0.436755	-0.848774	1070	
0.325016	0.930210	2393	
-0.069458	0.983108	2057	
-0.300550	0.938616	6415	
-0.617425	0.769343	1768	
-0.787095	0.594413	1874	
-0.249510	0.908221	4887	
-0.281155	0.898964	6743	
-0.357158	0.872129	1269	
-0.459093	0.824083	3021	
-0.570456	0.751906	608	
-0.680760	0.653636	6090	
-0.786095	0.521420	6466	
-0.886206	0.322200	796	
-0.940542	0.070492	6788	
-0.874481	-0.357957	5694	
-0.209454	0.963027	6267	
-0.723032	0.670919	4116	
0.023937	0.891277	2063	
-0.004477	0.891510	4795	
-0.067913	0.888703	5177	
-0.179904	0.873312	4527	
-0.350773	0.822735	5427	
-0.588133	0.678347	6064	
-0.890967	0.076078	1376	
0.447614	0.827439	1069	
-0.217389	0.916001	6105	
-0.578037	0.745938	608	
-0.786627	0.520328	6466	
-0.915999	0.224348	618	
-0.930735	-0.154210	542	
-0.205919	0.963709	1823	
-0.634428	0.755257	1808	
-0.884163	0.437144	2120	
0.471497	-0.756447	1888	
0.462525	-0.761623	2136	
0.653679	-0.606184	6065	
0.836798	-0.301935	5049	
0.887183	0.053756	5287	
0.807917	0.382102	4443	
0.587026	0.675896	4773	
0.230597	0.862411	6363	
-0.017801	0.891308	5719	
-0.364873	0.816882	5427	
-0.818710	0.361252	968	
0.148641	0.929248	2465	
-0.543061	0.771344	1038	
-0.822521	0.460708	5440	
-0.940555	0.066972	6788	
-0.725792	-0.607404	6544	
-0.571984	0.803245	756	
-0.815927	0.553834	5398	
-0.904832	0.392719	3892	
0.696262	-0.494215	5393	
0.683541	-0.512051	5655	
0.749737	-0.405816	5847	
0.827121	-0.197081	5237	
0.847024	0.047391	4917	
0.799310	0.292890	6161	
0.539267	0.664923	3553	
-0.439362	0.743661	1505	
0.035148	-0.881134	6184	
0.875546	0.151577	6735	
0.542987	0.710947	5677	
0.023043	0.891276	2063	
-0.367044	0.815937	5427	
-0.881436	0.148322	4818	
-0.232344	0.912164	6105	
-0.764590	0.551930	6896	
-0.931532	0.145712	5602	
-0.841799	-0.429455	6918	
-0.613547	0.772210	1768	
-0.932190	0.322308	4926	
0.061905	-0.806010	6092	
-0.034537	-0.807583	3742	
0.174804	-0.790301	1513	
0.631783	-0.526955	2067	
0.808102	0.110021	5367	
0.457780	0.687922	4953	
-0.834720	-0.041103	4918	
-0.061011	-0.841247	4550	
0.762476	-0.379821	6169	
0.810494	0.255599	6399	
0.359908	0.773441	6907	
-0.861610	0.024577	4120	
0.865237	0.203859	3543	
0.355524	0.819210	6571	
-0.173006	0.874564	6351	
-0.723819	0.527612	6002	
-0.071842	0.938142	1335	
-0.779944	0.529807	6466	
-0.940634	0.062952	6788	
-0.489550	-0.809507	3110	
-0.741283	0.650400	2850	
-0.958237	0.234014	2478	
0.314008	-0.731330	876	
0.244737	-0.750023	4462	
0.395825	-0.700458	6254	
0.622363	-0.499810	2067	
0.767031	-0.197378	6579	
0.393448	0.696044	5589	
-0.642986	0.490888	2330	
-0.733959	-0.348523	696	
0.616692	-0.544492	4341	
0.411397	0.715285	5173	
-0.476897	-0.698528	4454	
0.721831	-0.453479	4707	
0.765482	0.382419	5307	
-0.180744	0.833083	6188	
0.819904	-0.342276	4807	
0.490159	0.747408	4585	
-0.192741	0.870565	4527	
-0.758884	0.474723	4978	
-0.275092	0.900113	6743	
-0.858883	0.387953	1410	
-0.927221	-0.172034	2154	
-0.452703	0.875679	6421	
0.088197	0.743881	961	
0.163220	0.732100	3811	
-0.095129	0.738722	6313	
-0.722365	0.225975	482	
0.251958	-0.722754	2831	
0.625090	0.484504	5555	
-0.561674	0.558890	2458	
0.129703	-0.773944	825	
0.765636	-0.201722	6579	
-0.101634	0.788088	3258	
-0.781657	-0.174052	670	
0.689211	-0.443736	4231	
-0.006838	0.820303	4025	
0.236381	-0.811572	6386	
0.816207	0.234227	6241	
0.040368	0.849712	4819	
0.802626	-0.380583	387	
0.374222	0.810626	6571	
-0.315180	0.835968	6851	
-0.892663	-0.029435	4588	
-0.656809	0.677037	6358	
-0.935214	0.117585	894	
-0.744081	-0.583872	3756	
-0.802271	0.573229	1874	
0.719331	-0.145762	4049	
0.710927	-0.184636	3211	
0.694255	0.213877	1846	
0.104452	0.725356	931	
-0.506562	0.554231	6078	
-0.468990	-0.580283	1110	
0.734521	0.090004	5391	
-0.532008	0.552015	5908	
0.692898	-0.341994	4125	
-0.228176	0.740426	4378	
0.218369	-0.756019	5233	
0.774447	0.146811	573	
-0.717396	0.366844	5430	
0.042116	-0.804761	3824	
0.281124	0.773158	4677	
0.154382	-0.828778	3287	
0.791044	0.316834	5219	
-0.278745	0.808066	6133	
0.866539	0.194770	3543	
-0.001971	0.891462	4795	
-0.647524	0.620227	1272	
-0.122600	0.932517	5595	
-0.890903	0.306672	796	
-0.885434	-0.326969	4222	
-0.706171	0.688305	4442	
-0.944446	0.284299	4750	
-0.677380	0.171552	1306	
-0.679764	0.161402	3806	
0.261054	-0.630584	2915	
-0.677776	-0.144400	1925	
-0.275664	0.672539	5748	
0.171716	-0.698118	1479	
0.694410	0.212057	1846	
-0.261760	0.686586	3922	
-0.618504	-0.445107	1089	
0.694271	0.292102	5710	
-0.743928	-0.093706	5392	
0.579161	0.532788	6305	
-0.595842	-0.534413	2698	
0.780857	-0.121998	4477	
-0.642062	0.490572	2330	
0.104637	-0.798913	3257	
0.085917	0.816052	3233	
0.600806	-0.608164	6021	
0.622662	0.590382	6131	
-0.842025	-0.182330	3190	
0.450387	0.771266	3081	
-0.382188	0.809332	5291	
-0.795029	-0.418660	6816	
-0.824691	0.455852	5440	
-0.921852	-0.197911	1152	
-0.583075	0.795084	756	
-0.982632	0.082579	4690	
-0.315888	0.616246	4900	
-0.336563	0.630160	5966	
-0.608519	-0.379895	6257	
-0.701912	0.076267	2870	
-0.022480	0.716660	4619	
0.331000	-0.669150	6291	
0.493101	0.554917	1191	
-0.603346	0.430461	1226	
0.624563	-0.416241	1325	
-0.421419	0.649864	1188	
0.752675	0.137530	645	
-0.650759	-0.470439	3506	
0.788178	-0.006880	1059	
-0.796786	0.091415	3002	
0.788742	-0.209433	6831	
-0.559250	-0.635355	4246	
0.824110	0.200835	2181	
-0.257402	0.813812	6453	
0.779713	0.437404	6815	
-0.258307	0.854217	6673	
-0.863138	0.230304	6748	
-0.745953	0.576349	408	
-0.935713	-0.113823	548	
-0.448571	0.877561	6421	
-0.237133	-0.032048	6555	
-0.222584	0.012040	493	
-0.618270	-0.320532	4901	
-0.621787	-0.309267	3869	
-0.255285	0.628850	2916	
-0.630089	-0.263003	3229	
-0.493290	-0.517474	5092	
-0.523737	-0.521671	6042	
0.728653	-0.052197	6639	
-0.411605	0.638640	5700	
0.277817	-0.691544	815	
-0.508907	0.576316	2938	
0.512803	0.590027	3095	
0.113079	-0.776039	6763	
0.254598	0.754191	4677	
-0.457399	-0.668820	1304	
0.127540	0.810914	3993	
0.743989	-0.413274	5847	
0.376744	0.764811	6907	
0.875451	-0.141471	4817	
-0.108895	0.884602	5128	
-0.800164	0.399081	506	
-0.678426	0.654929	6090	
-0.938474	-0.086006	6118	
-0.353947	0.919338	1727	
-0.954532	0.248249	2478	
-0.290798	0.345368	3842	
-0.278898	0.296928	984	
-0.257090	0.190597	945	
-0.294463	0.284368	556	
-0.260525	0.203155	3140	
-0.218196	0.117822	4350	
-0.625269	-0.319881	4901	
-0.340001	0.628712	5966	
0.666580	0.139067	1926	
-0.053823	0.712977	5245	
0.710074	-0.183543	3211	
-0.517872	0.540956	6202	
0.708212	-0.239136	5321	
-0.504829	-0.579226	970	
-0.493296	0.623528	5756	
0.787657	-0.037620	5669	
-0.792169	-0.109504	1370	
0.670490	0.492144	6295	
0.298372	-0.792274	6134	
0.528810	0.672021	2185	
0.320051	-0.823165	6014	
-0.003388	0.891313	4795	
-0.787549	0.423915	5900	
-0.667484	0.665998	6090	
-0.934817	-0.120178	548	
-0.520143	0.837244	6463	
-0.968137	0.187668	4694	
-0.309824	0.377790	898	
-0.251310	0.103763	3157	
-0.307130	-0.001328	5566	
-0.391945	0.413076	1930	
-0.570489	-0.187266	2139	
-0.526856	-0.173782	1275	
-0.487809	0.444560	1908	
-0.279269	0.076940	6472	
-0.312806	0.359263	2568	
0.318309	-0.626357	4899	
0.007088	-0.689154	2042	
-0.570509	0.456698	706	
0.669971	0.339281	6854	
-0.681696	-0.310034	6903	
-0.061660	0.740666	6189	
0.502085	0.597930	3095	
0.591952	-0.537553	543	
-0.642433	0.488883	2330	
0.787448	-0.211603	6831	
-0.066490	-0.838232	4550	
0.576274	0.633509	1179	
-0.644625	-0.587522	5532	
-0.020846	0.891005	5719	
-0.809940	0.378247	968	
-0.730856	0.595292	408	
-0.918157	-0.213667	1922	
-0.695937	0.698420	1810	
-0.298262	0.357713	2568	
-0.249658	0.125941	3061	
-0.282808	0.183280	1242	
-0.332328	0.011733	5548	
-0.398947	0.374486	1636	
-0.625078	-0.117015	1822	
-0.563487	-0.157703	4003	
-0.586749	-0.154804	4858	
-0.402088	0.382656	1868	
-0.542845	-0.182377	2499	
-0.301519	0.299016	5032	
0.316648	-0.616523	4899	
0.241630	0.658495	831	
0.262276	-0.679527	6275	
-0.430862	0.625257	1266	
0.742062	-0.041405	6639	
0.656229	-0.406441	4135	
-0.014667	-0.784618	2128	
-0.145150	0.779190	826	
0.625096	-0.530405	4341	
-0.202390	-0.816576	5452	
0.567110	0.641304	1179	
-0.493763	-0.718250	4994	
-0.129916	0.881772	5128	
-0.856995	0.252184	6596	
-0.830221	0.444934	938	
-0.868655	-0.369396	5694	
-0.840547	0.514914	978	
-0.985926	0.017818	2912	
-0.277951	0.321924	1640	
-0.250466	0.113854	2967	
-0.303076	0.244295	2814	
-0.305759	0.125828	2752	
-0.631792	-0.103938	1822	
-0.337562	0.144556	2734	
-0.443286	0.369692	3184	
-0.532034	0.354414	2844	
-0.508047	0.373161	744	
-0.377708	0.283445	3814	
-0.502656	-0.134125	1353	
-0.323451	0.025094	4712	
-0.595439	-0.238757	1449	
-0.526636	0.454113	4500	
0.497253	0.529740	5091	
0.319806	0.662767	1861	
0.262479	-0.693159	6931	
-0.171589	-0.739937	3812	
-0.508588	-0.609500	3096	
0.000830	0.792448	2127	
0.598462	-0.561558	639	
-0.093465	-0.835328	5088	
0.481741	0.705168	4453	
0.739410	-0.490543	4589	
-0.318756	0.834640	6851	
-0.891663	-0.035000	4588	
-0.911143	0.239573	598	
-0.759468	-0.562785	1442	
-0.934666	0.314340	4750	
-0.255116	0.280895	614	
-0.253042	0.092492	3157	
-0.306457	0.252019	2934	
-0.311147	0.178546	1440	
-0.447086	-0.087787	4520	
-0.435065	0.360335	3604	
-0.572976	-0.118569	6244	
-0.387774	0.047401	3444	
-0.376839	0.166292	4182	
-0.372350	0.136480	4108	
-0.425497	-0.027685	2990	
-0.540097	0.348971	2196	
-0.506548	-0.136866	1353	
-0.377558	0.393335	1806	
-0.622549	-0.309985	3869	
-0.388986	-0.593560	4922	
0.684378	0.259741	830	
-0.314228	-0.670878	2010	
-0.432407	-0.629721	1118	
-0.551065	-0.574759	2660	
-0.098959	0.785641	6764	
0.752293	-0.314579	4629	
0.232407	-0.810224	1548	
0.329466	0.785206	4787	
0.841363	0.285779	6857	
-0.520150	0.731146	4242	
-0.057049	-0.897291	4356	
-0.941950	0.009270	1170	
-0.469781	-0.819462	2892	
-0.978417	0.122378	828	
-0.233762	0.239754	5210	
-0.258192	0.065679	6235	
-0.299480	0.233959	2656	
-0.317903	0.204004	2216	
-0.378692	-0.008769	2558	
-0.583250	0.287637	6922	
-0.402200	0.018286	3546	
-0.509942	0.315213	6582	
-0.625203	0.124273	5216	
-0.605420	-0.039199	6718	
-0.626269	0.011211	1988	
-0.589204	0.235411	6916	
-0.372809	0.094608	4152	
-0.412865	0.344490	3486	
-0.308999	0.187730	2216	
-0.325068	0.405655	2082	
-0.090342	0.682210	3677	
0.724335	0.047327	4419	
-0.368388	-0.643585	4606	
-0.331259	-0.685780	4114	
-0.133052	-0.774500	3232	
-0.563519	0.583018	2446	
0.707921	0.433994	4163	
0.721114	-0.451206	4707	
-0.075489	0.845775	3225	
0.469573	0.758973	4585	
-0.698902	0.559995	5096	
-0.567410	0.752664	608	
-0.908769	-0.250593	5310	
-0.780410	0.602332	562	
-0.985080	-0.043217	2108	
-0.217958	0.204684	6724	
-0.264881	0.040195	6849	
-0.286983	0.194198	1220	
-0.314495	0.188544	2216	
-0.367603	0.012260	2602	
-0.647122	0.100501	5330	
-0.382711	0.163146	4182	
-0.602023	0.200234	1876	
-0.508138	-0.044703	4280	
-0.431707	0.063559	856	
-0.425111	0.139257	3434	
-0.424839	0.071256	1104	
-0.470904	-0.014895	2670	
-0.530723	0.313758	2006	
-0.646468	-0.021455	1106	
-0.457778	0.429227	4762	
-0.227840	0.193154	4346	
0.318432	0.623076	1175	
0.705225	0.156844	2788	
0.078173	-0.727642	6314	
0.605023	-0.481731	4769	
0.561823	-0.571533	2233	
-0.797495	-0.046846	4860	
0.169673	0.801996	5317	
0.820875	0.211635	2181	
-0.823278	0.239771	6458	
-0.015136	0.890729	4795	
-0.868697	0.205271	1452	
-0.899197	0.279853	1228	
-0.741797	-0.585786	3756	
-0.958244	0.232918	4862	
-0.207552	0.173529	3858	
-0.277223	0.006543	3284	
-0.280195	0.156212	3470	
-0.308153	0.146407	2116	
-0.379581	-0.007239	2558	
-0.647842	0.088177	5330	
-0.401160	0.220457	4556	
-0.609693	-0.018099	3638	
-0.445678	0.038452	1274	
-0.448192	0.203879	3576	
-0.530342	0.235623	2650	
-0.554610	0.215771	3194	
-0.498744	0.257499	568	
-0.416415	0.129231	5350	
-0.624201	-0.009347	1766	
-0.443781	-0.052033	1230	
-0.663776	0.013610	2808	
-0.216941	0.116965	4350	
-0.674549	-0.151262	1925	
0.443836	0.590148	905	
0.741656	0.004949	4997	
0.585544	0.524626	6305	
0.783163	0.071234	3687	
-0.471490	-0.658389	1686	
-0.826924	-0.076913	3220	
0.475919	0.708843	4453	
0.772951	-0.433711	4647	
-0.523090	0.729065	4242	
-0.413007	-0.796426	5984	
-0.936365	-0.103728	4044	
0.649729	0.736156	4415	
-0.985468	-0.031108	2794	
-0.202992	0.144920	3390	
-0.316629	-0.053101	1889	
-0.280221	0.103156	3887	
-0.312892	0.078283	2390	
-0.420767	-0.058656	3272	
-0.632776	0.170407	3836	
-0.399263	0.211497	5040	
-0.602936	-0.028907	6718	
-0.434782	0.081614	856	
-0.506754	0.236755	2206	
-0.586508	0.125405	6626	
-0.579142	0.035584	1098	
-0.573820	0.021335	4386	
-0.598263	0.100472	4446	
-0.475976	0.253997	1076	
-0.548997	-0.076805	5228	
-0.420234	-0.025343	2228	
-0.467307	0.429224	492	
-0.310447	-0.105266	1613	
0.641708	-0.314385	2929	
-0.453991	0.606177	1116	
0.078967	0.741579	961	
-0.489381	0.624651	5582	
0.251042	0.753587	4677	
0.740848	-0.339811	4575	
0.527484	-0.671795	6017	
-0.039789	0.847889	4111	
0.366278	0.812841	6571	
-0.789983	0.418853	506	
-0.801531	0.494773	6146	
-0.804144	-0.495678	4790	
-0.205496	0.112794	4989	
-0.440766	-0.156936	595	
-0.307741	0.003923	5566	
-0.334364	0.014718	5512	
-0.516835	-0.134234	1935	
-0.559342	0.316441	5370	
-0.386771	0.158420	4560	
-0.617547	0.011951	1766	
-0.440895	0.064009	2810	
-0.508536	0.232252	2206	
-0.586440	0.086641	5488	
-0.534191	0.035042	2298	
-0.507640	0.057792	1342	
-0.507549	0.038510	2372	
-0.573058	0.005531	1600	
-0.515200	0.259966	738	
-0.554653	-0.078448	5228	
-0.565452	-0.129011	5273	
-0.304946	0.168737	1008	
-0.341229	0.628191	5966	
-0.091462	-0.720133	932	
-0.689864	-0.257223	829	
-0.641628	-0.438552	1296	
0.148317	-0.768857	825	
-0.798386	0.039898	5980	
0.086976	0.813969	3233	
0.739959	0.432843	955	
-0.782855	-0.369484	5260	
-0.367611	0.815534	5427	
-0.849053	-0.278386	6906	
-0.938485	-0.079758	6118	
-0.307032	-0.893459	3508	
-0.983625	-0.068464	2108	
-0.216218	0.064409	1245	
-0.606119	-0.216607	517	
-0.387578	-0.092355	1847	
-0.413167	-0.085701	2986	
-0.627811	-0.104669	1822	
-0.437412	0.353603	4252	
-0.402635	0.033735	6178	
-0.613654	0.147730	6510	
-0.462193	0.020255	5338	
-0.489184	0.223832	412	
-0.582310	0.118590	6626	
-0.539884	0.037558	2008	
-0.507673	0.078369	2676	
-0.498064	0.111747	420	
-0.489935	0.101564	434	
-0.556111	-0.004856	5504	
-0.490167	0.264339	568	
-0.626599	-0.003382	1766	
-0.470546	0.389747	3094	
-0.278389	0.181040	2305	
-0.396134	-0.571024	5630	
0.680106	0.282321	2994	
0.742036	-0.017300	6485	
0.465639	0.623144	1625	
0.739679	0.285810	1601	
0.016400	-0.802567	2128	
0.036310	-0.838161	4112	
0.156049	0.835451	5435	
0.516750	0.727532	5499	
-0.777408	0.442004	4648	
-0.793930	0.506747	6466	
-0.783162	-0.528442	1036	
-0.228185	0.012563	493	
-0.269219	0.272909	1462	
-0.501636	-0.175491	1203	
-0.512545	-0.157763	1947	
-0.542636	0.365283	2844	
-0.356256	0.206612	2886	
-0.536168	-0.104407	4422	
-0.487946	0.307877	6304	
-0.541846	-0.051178	5772	
-0.456817	0.184838	4064	
-0.561998	0.171511	6594	
-0.562105	0.049466	3044	
-0.525355	0.069390	2420	
-0.528116	0.100391	3148	
-0.509356	0.143190	2626	
-0.482309	0.105227	434	
-0.585279	0.009159	1600	
-0.416963	0.162881	4238	
-0.397124	0.250794	4362	
-0.470576	-0.113533	1388	
-0.263238	0.298332	942	
0.709185	-0.038894	5603	
-0.632383	0.383065	4940	
-0.622239	0.431688	2072	
-0.611887	-0.513369	2086	
-0.703344	0.388981	5460	
0.336878	0.748538	6833	
0.788648	0.320479	5219	
-0.806369	-0.304933	6162	
-0.411516	0.795368	6231	
-0.791614	-0.422718	6816	
-0.926815	-0.169291	2154	
0.661104	0.724939	1525	
-0.971806	-0.166704	1858	
-0.266109	-0.063316	6247	
-0.231395	0.075559	6531	
-0.664778	0.158748	1306	
-0.509632	0.419793	4078	
-0.440268	0.402710	4766	
-0.371443	0.013993	2602	
-0.642665	0.117835	680	
-0.412384	0.226636	5778	
-0.622383	0.060742	4562	
-0.453133	0.045523	1530	
-0.498874	0.217528	406	
-0.573921	0.112045	5418	
-0.557755	0.062531	3958	
-0.546231	0.092526	3916	
-0.537263	0.130067	3600	
-0.502632	0.152875	660	
-0.490895	0.046946	5862	
-0.566143	0.220413	762	
-0.539000	-0.077741	5250	
-0.654711	0.035218	3052	
-0.532995	0.405323	3476	
-0.693193	0.033582	5008	
0.727292	-0.010485	6485	
0.386549	-0.657984	1161	
0.683194	0.390853	3714	
0.744605	0.266899	4451	
-0.001342	-0.802458	3116	
0.099368	-0.832985	3966	
0.064821	0.846563	5087	
0.349086	0.819973	3649	
-0.842194	0.297655	5342	
-0.895982	0.288760	780	
-0.659108	-0.676736	3972	
-0.985451	0.030191	2224	
-0.576774	-0.269509	6123	
-0.288696	-0.062473	5799	
-0.266912	0.207136	1124	
-0.290887	0.197075	1220	
-0.327147	0.036540	1330	
-0.577015	-0.146820	4544	
-0.443810	0.351989	4604	
-0.456882	-0.042447	1632	
-0.509395	0.298875	880	
-0.563630	-0.047140	5628	
-0.446514	0.127508	3222	
-0.515313	0.206030	2456	
-0.566640	0.124351	5592	
-0.563359	0.105949	5418	
-0.552712	0.132082	4502	
-0.519670	0.162701	2464	
-0.472214	0.102902	434	
-0.586314	0.003196	1600	
-0.418456	0.175175	4238	
-0.394104	0.245731	4288	
-0.502232	-0.135264	1353	
-0.223507	0.223466	922	
0.703193	0.053922	2595	
-0.666947	0.316938	2214	
-0.681848	0.324583	4126	
-0.367858	-0.696763	5466	
-0.791263	0.118363	4478	
0.059533	0.815518	4343	
0.620719	0.591469	6131	
-0.512890	-0.699253	5426	
-0.637356	0.630681	1272	
0.755205	-0.517029	6919	
-0.868368	-0.368698	5694	
-0.901660	0.398620	3892	
-0.939590	-0.299104	5828	
-0.637253	-0.184380	885	
-0.506498	-0.220540	6795	
-0.327120	-0.063458	2251	
-0.335963	-0.035987	4657	
-0.529862	-0.166023	1275	
-0.461666	0.410727	1478	
-0.362033	0.039309	2784	
-0.626671	0.182189	3836	
-0.394039	0.147955	5390	
-0.583316	0.219024	762	
-0.548454	-0.044134	5772	
-0.449405	0.110395	3550	
-0.490043	0.194831	474	
-0.527780	0.191263	2666	
-0.538051	0.169421	3172	
-0.514897	0.174704	442	
-0.470211	0.114452	4038	
-0.553119	-0.016718	5866	
-0.455187	0.254682	3984	
-0.630038	0.133156	5216	
-0.444903	0.382801	4852	
-0.271973	0.129278	2755	
-0.263011	-0.645380	1596	
0.632210	0.416541	1248	
0.725910	0.131230	5813	
0.098684	0.764073	3555	
0.626147	0.507682	4935	
0.575217	-0.583467	2445	
0.637380	-0.563948	5159	
-0.403497	0.756975	391	
-0.075369	0.886990	5177	
-0.891037	-0.032870	4588	
-0.938102	-0.081754	6118	
-0.357597	-0.874029	2586	
-0.394927	0.537556	5314	
-0.298345	0.353064	4960	
-0.555133	-0.221779	5033	
-0.665936	-0.059627	3208	
-0.393990	0.399244	1978	
-0.318757	0.074583	5690	
-0.651753	-0.031849	1106	
-0.353747	0.183719	3912	
-0.642778	0.019645	1988	
-0.395151	0.152339	5390	
-0.564741	0.247352	5838	
-0.588938	-0.027194	6812	
-0.475011	0.025280	5338	
-0.455172	0.109979	3550	
-0.467744	0.148279	4326	
-0.466854	0.129224	4534	
-0.476325	0.048924	1146	
-0.575605	-0.015120	2612	
-0.471194	0.270533	1076	
-0.565873	-0.083581	1320	
-0.618529	-0.099639	1822	
-0.300476	0.131625	2752	
-0.408414	0.587932	6506	
0.013377	-0.721817	4620	
-0.663809	-0.366503	5361	
-0.278056	-0.706002	3278	
0.648872	-0.460406	2571	
-0.580850	-0.571162	6004	
-0.715759	0.416122	5432	
0.215888	0.822388	6143	
0.689772	0.568372	6115	
-0.806658	0.384667	388	
-0.867893	0.364717	546	
-0.642897	-0.691939	1374	
-0.985411	-0.029016	2794	
-0.261911	0.309528	1156	
-0.213632	0.080994	3593	
-0.266340	-0.030212	3635	
-0.279446	0.005117	3284	
-0.372200	-0.074612	1633	
-0.634565	-0.120199	1052	
-0.379492	0.319316	1892	
-0.580691	-0.142817	4544	
-0.366423	0.220477	3716	
-0.642655	0.096112	5330	
-0.398284	0.090281	6062	
-0.481453	0.288786	510	
-0.571794	0.235956	6488	
-0.603437	0.002111	1766	
-0.563824	-0.035665	5746	
-0.539561	-0.026844	5508	
-0.585033	-0.017307	6808	
-0.596992	0.165967	6234	
-0.441492	0.238660	1422	
-0.562913	-0.084265	1320	
-0.444971	-0.060281	1230	
-0.510961	0.407263	4078	
-0.317413	0.392863	2082	
0.553229	-0.452945	5805	
-0.484628	0.576178	6376	
-0.020384	0.742194	6591	
-0.726732	0.281916	4626	
-0.353595	0.723756	5843	
0.327751	0.752347	6833	
0.765844	0.378128	5307	
-0.687621	-0.531888	6204	
-0.641987	0.625821	1272	
0.712584	-0.568558	407	
-0.823372	-0.461738	3538	
-0.953430	0.251074	2478	
-0.238996	-0.047093	775	
-0.532597	-0.246893	4219	
-0.322490	0.392785	2082	
-0.608459	0.315303	3674	
-0.383835	0.422823	1930	
-0.306628	0.014984	5010	
-0.618187	-0.147595	6671	
-0.374311	0.309043	3076	
-0.627767	-0.096733	1776	
-0.352631	0.088073	3006	
-0.518659	0.345756	758	
-0.563972	-0.098950	3408	
-0.401882	0.077382	6096	
-0.437593	0.245488	1422	
-0.497313	0.287427	880	
-0.503598	0.286609	456	
-0.487746	0.284013	510	
-0.452554	0.256387	3984	
-0.423723	0.034144	4866	
-0.620974	0.175565	3836	
-0.487931	-0.099411	1956	
-0.530208	-0.151788	3217	
-0.276491	0.247848	2316	
0.448907	-0.541494	5169	
0.674057	0.315147	6904	
0.562186	-0.495852	1207	
0.591952	0.516379	6721	
0.679293	0.435020	4191	
0.319030	-0.746204	4832	
0.577302	-0.626569	6645	
-0.467568	0.721674	1567	
-0.199836	0.868073	4527	
-0.863467	-0.224319	3844	
-0.905549	-0.260459	5310	
0.280167	-0.903333	6744	
-0.924466	-0.343373	4388	
0.357130	-0.601896	6141	
-0.194212	0.168688	6762	
-0.302749	-0.092138	1287	
-0.604185	-0.239895	4995	
-0.547913	-0.217767	5033	
-0.464475	0.467805	2800	
-0.309845	0.010165	5010	
-0.661287	-0.037841	2034	
-0.327804	0.189279	2318	
-0.534448	0.368076	2844	
-0.514473	-0.124609	1762	
-0.354761	0.157671	3574	
-0.467611	0.353707	4604	
-0.624925	0.176759	3836	
-0.564788	-0.094058	3408	
-0.469470	-0.037533	1632	
-0.467321	-0.034510	1632	
-0.520010	-0.075232	3306	
-0.631367	0.138994	680	
-0.412820	0.287603	4702	
-0.650263	-0.014908	1106	
-0.548578	-0.159967	1487	
-0.585880	-0.217869	1985	
-0.692998	0.022705	5008	
0.377265	-0.651087	2785	
-0.686557	-0.268531	5982	
-0.600936	-0.486898	5750	
0.574046	-0.556753	639	
-0.544495	-0.602741	1108	
-0.825423	0.037052	634	
0.056902	0.846880	4343	
0.339353	0.823418	3649	
-0.882594	0.129094	4132	
-0.941374	0.001051	1170	
-0.394073	-0.857830	3064	
-0.195294	0.107480	2615	
-0.295984	-0.086324	519	
-0.573013	-0.251567	6685	
-0.573046	-0.224888	1509	
-0.396718	0.438607	1328	
-0.421110	-0.115580	2364	
-0.486886	0.428806	492	
-0.562957	-0.172934	2541	
-0.335709	0.215940	2520	
-0.469066	0.402747	1010	
-0.651744	-0.019572	1106	
-0.486630	-0.104269	2062	
-0.374192	0.028608	2784	
-0.359410	0.160103	3574	
-0.368939	0.199588	4276	
-0.363365	0.172391	3912	
-0.372812	0.045440	3170	
-0.593600	-0.128234	606	
-0.397239	0.332309	2324	
-0.512344	0.406529	3476	
-0.305699	-0.011334	4800	
-0.480258	0.506391	2552	
0.662624	0.233683	6516	
-0.587948	0.450565	1250	
-0.076027	0.736890	6189	
-0.756939	0.180466	5082	
-0.577630	0.564115	640	
0.121215	0.808657	3993	
0.455030	0.721491	2255	
0.857897	-0.212003	3331	
-0.820598	0.353505	968	
-0.868128	0.363623	546	
-0.575307	-0.748492	958	
-0.972533	-0.161792	1858	
-0.311193	-0.098174	1613	
-0.625749	-0.201851	5405	
-0.614932	0.302355	3674	
-0.282857	0.006674	3284	
-0.630124	0.259334	1566	
-0.382556	-0.081669	2188	
-0.393314	0.385438	1868	
-0.627389	0.245615	1832	
-0.555593	-0.170236	1963	
-0.324027	0.106876	2114	
-0.329085	0.186362	2866	
-0.393419	0.331658	2324	
-0.415806	0.363969	2296	
-0.426744	0.374671	3604	
-0.382102	0.309809	3076	
-0.325770	0.103000	2114	
-0.555177	-0.163896	1963	
-0.317892	0.226807	2248	
-0.482983	-0.175620	1973	
-0.618183	-0.320378	4901	
-0.665035	-0.173831	1385	
0.546262	0.508384	5469	
0.559658	-0.498140	1085	
0.418164	0.652546	867	
0.520605	0.606341	3095	
0.805875	-0.087650	3295	
0.838757	0.104292	4065	
-0.753509	-0.427205	484	
-0.706545	0.550034	6272	
-0.116655	0.931417	5595	
-0.709639	-0.623392	1856	
-0.985441	-0.024120	2794	
-0.211494	0.047349	2907	
-0.358803	-0.132398	4679	
-0.332182	0.405721	1424	
-0.297609	-0.064214	2021	
-0.677380	-0.021736	2796	
-0.385836	-0.111985	1493	
-0.351830	0.361296	3120	
-0.546985	0.392160	3482	
-0.586224	-0.196790	2881	
-0.399696	-0.095102	2129	
-0.292320	0.106737	3654	
-0.360987	0.326479	3248	
-0.412266	0.406742	2422	
-0.424753	0.420135	3900	
-0.407040	0.399081	1978	
-0.344964	0.292255	2076	
-0.372471	-0.063910	1934	
-0.429258	0.462283	5514	
-0.375201	0.433742	2780	
-0.616533	-0.308352	3869	
-0.548258	-0.440998	3533	
0.365094	-0.656354	5379	
-0.697790	-0.208996	1845	
-0.533620	-0.549911	3322	
0.782565	-0.099553	3263	
-0.090763	-0.797381	3234	
0.531953	-0.665629	5471	
-0.650611	0.558979	5160	
-0.447102	0.776346	521	
-0.602140	-0.665392	3012	
-0.788478	-0.519541	4790	
-0.975192	0.143576	4840	
-0.841555	-0.514831	3260	
-0.213162	0.041529	2907	
-0.629589	-0.201893	5405	
-0.250882	-0.036379	3581	
-0.250515	0.260076	642	
-0.682728	0.092573	4088	
-0.415294	-0.155536	2846	
-0.292494	0.293006	572	
-0.447220	0.492446	1650	
-0.582819	0.355303	952	
-0.674180	-0.042401	2034	
-0.521639	-0.202718	4535	
-0.354907	-0.080907	1633	
-0.302460	-0.015688	3503	
-0.293303	0.004543	5566	
-0.353933	-0.077261	2241	
-0.611742	-0.201050	693	
-0.389569	0.457384	1676	
-0.455533	0.502205	1650	
-0.381197	-0.153690	3731	
-0.659623	0.230983	6524	
0.555875	-0.448926	5697	
-0.085327	0.719903	5657	
0.070008	0.740690	1019	
-0.638645	-0.479287	5556	
-0.707116	-0.404192	1348	
-0.767951	-0.327272	4338	
-0.185848	0.828287	6188	
-0.179310	0.871996	4527	
-0.834762	-0.319354	5824	
-0.837384	-0.434812	6936	
-0.878945	0.445583	2120	
0.599176	0.361139	6140	
-0.599077	-0.270221	5643	
-0.214228	0.039981	2907	
-0.216291	0.218040	1742	
-0.252031	0.287552	778	
-0.513074	0.453280	4500	
-0.589488	-0.264196	5663	
-0.498710	-0.221784	4069	
-0.405801	-0.162764	5906	
-0.335965	-0.114582	1659	
-0.277591	-0.065895	6247	
-0.254512	-0.037495	3635	
-0.243690	-0.015944	6927	
-0.241184	-0.008871	2031	
-0.246367	-0.021089	6927	
-0.271931	-0.058562	6247	
-0.420767	-0.171708	536	
-0.457809	0.506479	1838	
-0.310005	-0.105280	1613	
-0.618205	-0.307727	3869	
-0.629878	-0.266554	3229	
0.569311	-0.465160	705	
0.111973	-0.721035	5494	
-0.276818	0.724000	1619	
-0.569744	0.572105	2446	
-0.464119	0.692495	5571	
-0.003788	0.848319	4663	
0.092152	0.884830	4569	
-0.879085	-0.146532	6270	
-0.873980	-0.353718	5694	
0.219224	0.957082	2451	
-0.850613	-0.499596	3260	
-0.172841	-0.685571	6528	
-0.727119	-0.055920	3704	
0.761171	-0.058632	5713	
0.363427	0.705581	5413	
0.073819	0.813590	3233	
0.190798	0.828196	6631	
0.390492	0.799985	6441	
-0.890290	-0.043364	5288	
-0.896756	-0.289161	4332	
0.028546	-0.943701	1234	
0.602674	-0.351682	657	
-0.395475	0.647069	6508	
-0.685592	-0.347808	6360	
0.591010	0.544357	2697	
0.718846	0.405380	631	
0.370968	0.766463	6907	
0.660854	0.599760	733	
-0.891328	0.012490	6328	
-0.908031	-0.250000	5310	
-0.072329	-0.941215	2040	
-0.847017	-0.505642	3260	
-0.160120	-0.677537	6692	
0.117696	0.721751	935	
-0.739512	0.133476	4526	
0.713541	0.365323	1647	
0.807186	0.049484	4659	
0.497550	0.693229	3487	
0.801501	0.384893	4443	
-0.890950	0.029971	6328	
-0.909225	-0.245319	502	
-0.083714	-0.940225	1120	
-0.070777	-0.689629	5936	
0.159444	0.714452	803	
-0.722245	0.210481	4400	
0.732734	0.308328	1091	
0.803239	-0.099420	4729	
0.510811	0.683736	3487	
0.809164	0.366626	5259	
-0.891369	0.005780	6328	
-0.901074	-0.274542	4332	
-0.041206	-0.943098	4566	
-0.820830	-0.547307	1796	
0.308873	-0.622033	3739	
0.633289	0.281636	2480	
-0.227034	0.690891	5896	
-0.744443	-0.056721	3704	
0.673532	0.443805	3517	
0.799022	0.123440	5367	
0.415231	0.743834	5645	
0.664461	0.595391	6803	
-0.889315	-0.058593	5288	
-0.876361	-0.347164	5694	
0.064762	-0.941728	1336	
0.599110	0.361063	6140	
0.050843	-0.244212	1043	
-0.408547	-0.320346	4583	
0.265871	-0.590040	5437	
0.220029	-0.492025	4665	
0.178879	-0.426051	3559	
0.023624	-0.242197	2925	
-0.053902	-0.220368	1655	
-0.083639	-0.213114	721	
-0.120191	-0.205606	5987	
-0.158822	-0.205490	6583	
-0.199283	-0.216618	3597	
-0.254445	-0.241851	991	
-0.311272	-0.272669	1021	
-0.391487	-0.318475	397	
-0.488190	-0.375082	489	
-0.530691	-0.407078	389	
-0.519692	-0.395432	553	
-0.378793	-0.310186	469	
-0.104784	-0.203069	5617	
-0.555695	0.418544	4364	
0.033242	-0.697999	4230	
-0.726675	0.109124	4440	
-0.289264	-0.699059	4048	
0.475276	0.639343	1951	
0.610731	0.556508	2657	
0.212240	0.822856	6143	
0.345331	0.819806	3649	
-0.874808	-0.170440	4384	
-0.833163	-0.442420	6936	
0.373326	-0.868408	1270	
-0.766491	-0.621230	1782	
-0.210752	-0.211378	3597	
0.255648	-0.553874	4265	
-0.119342	-0.206951	5987	
0.010974	-0.679990	5036	
0.152698	-0.408736	6563	
-0.238246	-0.259163	2689	
-0.290749	-0.284022	2161	
-0.437365	-0.365298	4805	
-0.424156	-0.531720	4426	
0.218435	-0.603643	6565	
0.150719	-0.431267	1589	
0.083315	-0.344727	2890	
0.028883	-0.295572	2677	
-0.109034	-0.253987	2433	
-0.151271	-0.253903	2959	
-0.168823	-0.255974	1965	
-0.141824	-0.252286	2959	
0.029520	-0.292998	2677	
-0.435373	-0.522469	3748	
-0.104017	-0.203232	5617	
-0.609352	-0.377900	6257	
-0.670834	-0.291457	1637	
-0.553034	-0.507727	6126	
0.709266	0.308678	934	
0.163047	0.773420	3245	
-0.087589	0.810701	1881	
-0.040977	0.847065	4111	
-0.016466	0.888914	4795	
-0.829286	-0.333548	6006	
-0.760520	-0.559476	1442	
-0.889065	0.424711	2852	
-0.127508	-0.193179	4653	
0.082543	-0.293294	1199	
0.120188	-0.656873	513	
-0.181975	-0.239761	1473	
-0.058315	-0.679414	6478	
-0.037509	-0.271791	2761	
-0.253822	-0.288603	2103	
-0.467189	-0.470867	6469	
0.090781	-0.655935	1723	
0.165189	-0.484534	1585	
0.044180	-0.340411	4616	
-0.048213	-0.291661	3409	
-0.106827	-0.280447	3379	
-0.147152	-0.279764	3837	
-0.184124	-0.284926	3893	
-0.204201	-0.289790	5107	
-0.198200	-0.287837	5107	
-0.128116	-0.277033	3429	
0.133066	-0.432210	2935	
-0.254918	-0.283539	2391	
0.322123	-0.620208	4899	
0.463589	-0.524728	1533	
0.699660	0.169009	1598	
0.534307	-0.527535	2739	
-0.510797	0.602091	1518	
-0.712471	0.364223	5430	
-0.662875	0.495295	5394	
-0.281871	0.803252	6133	
-0.350675	0.821051	5427	
-0.689311	-0.575638	6892	
-0.662254	-0.672619	3972	
-0.983768	-0.059466	2108	
-0.688085	-0.706907	1914	
0.092164	-0.305344	4157	
0.226536	-0.527424	5105	
-0.457296	-0.380492	2621	
-0.080826	-0.262377	2887	
-0.462498	-0.476579	3072	
0.094128	-0.393363	3847	
-0.131595	-0.281840	3619	
-0.422264	-0.407078	1337	
0.149270	-0.615121	4893	
0.055754	-0.388531	1368	
-0.020155	-0.335487	6136	
-0.083362	-0.315847	4260	
-0.153272	-0.312778	5562	
-0.196070	-0.319877	3088	
-0.214415	-0.324576	1351	
-0.194376	-0.318282	3088	
-0.147065	-0.309559	3753	
0.083326	-0.408770	5991	
-0.344570	-0.351527	2050	
-0.399428	-0.360324	5359	
0.321008	-0.624285	4899	
-0.112498	-0.696205	4710	
-0.226831	0.690723	5896	
-0.013712	0.740830	6591	
-0.473811	-0.629153	1626	
-0.473846	-0.654224	1686	
-0.059967	-0.833339	4550	
-0.647676	0.561256	5160	
-0.658211	0.607599	6066	
-0.051655	-0.892839	6390	
-0.528502	-0.781348	4480	
-0.042827	-0.213829	2913	
0.102626	-0.318964	4871	
0.113837	-0.361477	1609	
-0.011877	-0.678317	2042	
-0.260884	-0.293644	2391	
0.134803	-0.445968	6053	
-0.257292	-0.315313	2651	
0.157216	-0.522824	1143	
-0.033764	-0.332544	5316	
-0.275199	-0.353408	2235	
-0.383408	-0.520036	1898	
-0.038470	-0.657355	6826	
0.141492	-0.548526	3969	
0.106607	-0.481012	2545	
0.032751	-0.403689	3414	
0.011287	-0.387154	2312	
0.051488	-0.416748	3176	
0.091115	-0.458332	1581	
0.076108	-0.638597	3381	
-0.340277	-0.380384	2060	
-0.133851	-0.663245	5312	
-0.112003	-0.248568	1865	
-0.608180	-0.379812	6257	
-0.673913	-0.264631	6627	
-0.685873	-0.268725	5982	
-0.592169	-0.494201	4934	
0.768696	0.160872	573	
0.309292	-0.747322	4832	
0.839558	-0.085257	3295	
-0.794459	-0.324472	5220	
-0.860512	0.237340	6748	
-0.862274	0.375624	546	
-0.334726	-0.882245	2300	
-0.863796	-0.476065	1708	
-0.359410	0.601198	6142	
-0.051305	-0.212462	2913	
0.139784	-0.371695	6429	
0.160270	-0.427067	5783	
-0.079933	-0.677791	5936	
-0.368241	-0.351645	2549	
0.051510	-0.351527	4100	
-0.159767	-0.653718	6600	
-0.010294	-0.344239	5898	
-0.400474	-0.443731	4571	
0.098456	-0.623521	6617	
-0.012845	-0.379348	2754	
-0.182221	-0.355879	2340	
-0.331264	-0.425631	4488	
-0.363999	-0.492066	1950	
-0.305739	-0.563443	4548	
-0.212240	-0.614796	2036	
-0.255926	-0.595974	6678	
-0.331326	-0.544842	2638	
-0.349779	-0.432841	4929	
-0.133927	-0.342615	6742	
-0.014400	-0.658277	4106	
0.021702	-0.665893	5454	
-0.311265	-0.289445	625	
0.445811	-0.544266	5169	
0.662684	0.352785	6010	
0.407193	-0.644928	5699	
0.351469	0.687198	3383	
0.203966	0.763667	3267	
0.608256	0.557942	2657	
0.381861	0.760619	6847	
0.876839	-0.088465	4493	
-0.890987	-0.023095	4588	
-0.911695	-0.234383	502	
-0.079832	-0.940209	1120	
-0.086961	-0.682562	5936	
-0.473606	-0.493738	3256	
-0.508402	-0.447678	1132	
-0.488093	-0.406297	5851	
-0.310292	-0.320937	479	
0.055418	-0.355642	4316	
0.156286	-0.603221	4669	
-0.156046	-0.319529	5562	
-0.083391	-0.654935	1084	
-0.012308	-0.381072	2754	
-0.299025	-0.406606	4082	
-0.223606	-0.607223	2036	
0.088868	-0.593528	1901	
0.055523	-0.473395	458	
-0.023231	-0.411945	3520	
-0.070981	-0.393034	2412	
-0.087083	-0.388449	2274	
-0.058758	-0.393905	2412	
0.030466	-0.442502	4608	
0.084381	-0.608132	6617	
-0.347148	-0.426678	4929	
0.143588	-0.595439	6057	
-0.449830	-0.420618	2217	
0.322063	-0.623059	4899	
0.611483	-0.366433	4683	
-0.571380	0.471982	706	
-0.222928	0.707518	5896	
-0.739003	-0.234146	4360	
-0.776011	-0.176405	670	
-0.701774	0.435698	4856	
-0.271786	0.806265	6133	
-0.133162	0.878912	4880	
-0.810566	-0.379608	4444	
-0.747279	-0.576824	3756	
0.348387	-0.877917	750	
-0.677961	-0.716520	1914	
-0.006987	-0.222890	799	
-0.013842	-0.233106	799	
-0.054271	-0.246369	1787	
-0.032449	-0.277562	2761	
0.162005	-0.488254	1585	
-0.021839	-0.664481	6898	
-0.199300	-0.330581	3068	
0.087902	-0.626491	6617	
-0.142910	-0.354527	4214	
-0.298212	-0.563127	4548	
0.097893	-0.557918	5065	
-0.064264	-0.400271	2412	
-0.240681	-0.420544	4948	
-0.298222	-0.509612	2582	
-0.261366	-0.558267	6208	
-0.215956	-0.587422	1026	
-0.223202	-0.584542	1182	
-0.299352	-0.524889	2444	
-0.231499	-0.405006	4264	
0.004186	-0.420532	4688	
-0.357286	-0.520807	1430	
-0.002207	-0.657567	5654	
0.117530	-0.409523	2507	
-0.561471	-0.429844	5605	
0.527947	-0.516611	6383	
-0.326000	-0.662452	1844	
0.116149	-0.740036	5733	
0.741778	0.274696	1601	
0.193245	-0.777681	3363	
0.698924	-0.477303	5461	
-0.783015	0.339597	4564	
-0.710688	0.543596	6272	
-0.282558	-0.848712	4682	
-0.524767	-0.783655	4480	
-0.962810	-0.210670	5002	
-0.274662	-0.247528	989	
-0.456699	-0.365280	1215	
-0.430961	-0.522653	3748	
-0.471802	-0.449399	6264	
-0.323085	-0.353130	1502	
-0.012307	-0.346017	5898	
-0.052766	-0.654726	6880	
-0.165130	-0.358563	1400	
-0.190026	-0.618415	4516	
0.039645	-0.463251	754	
-0.257612	-0.439312	3558	
-0.240599	-0.567749	6274	
0.000302	-0.601574	2948	
0.041324	-0.545469	4143	
0.006545	-0.490292	2486	
0.014432	-0.492909	447	
0.029650	-0.508375	523	
0.027708	-0.598231	858	
-0.315202	-0.509259	1834	
-0.097461	-0.381766	2274	
-0.377513	-0.473837	1127	
-0.330984	-0.373175	1310	
-0.417586	-0.349495	3735	
-0.436054	0.563346	5638	
-0.061377	0.722183	5053	
0.376732	0.646979	4605	
-0.582747	0.522855	1444	
-0.294968	0.740169	6333	
0.370457	0.729482	5413	
0.413493	0.744073	5645	
-0.017205	-0.861248	4664	
-0.891320	0.009877	6328	
-0.937399	0.078251	6788	
-0.229011	-0.915273	3182	
-0.822720	-0.544115	1796	
-0.372685	-0.302344	4257	
0.174899	-0.452249	5583	
0.065659	-0.339494	2536	
0.147973	-0.467733	1481	
0.164365	-0.589112	3839	
-0.400590	-0.470001	6301	
-0.049482	-0.369264	2920	
-0.260302	-0.586381	5578	
0.004143	-0.437667	580	
-0.280616	-0.461955	1616	
-0.065448	-0.612784	5930	
0.017731	-0.510208	447	
-0.095446	-0.450482	3016	
-0.150363	-0.449273	1268	
-0.182585	-0.456724	1158	
-0.190117	-0.458368	1158	
-0.129619	-0.435749	3086	
0.008622	-0.481452	1550	
-0.144310	-0.615531	4530	
-0.057694	-0.388848	2384	
-0.219288	-0.355411	1816	
-0.435532	-0.499394	2370	
-0.646691	-0.192784	6513	
-0.347552	-0.639604	1670	
-0.555796	-0.504957	6126	
-0.575671	-0.510188	6722	
0.680031	-0.406896	4641	
-0.265433	-0.758148	4678	
-0.815224	-0.095876	3220	
-0.402549	0.756268	391	
-0.190275	0.868492	4527	
-0.809216	-0.382564	4444	
-0.764538	-0.553402	1442	
0.149751	-0.931555	5324	
-0.034022	-0.683762	5766	
0.037037	-0.285547	2861	
-0.207687	-0.277577	3327	
-0.196981	-0.299575	5107	
-0.081285	-0.326659	4260	
0.129039	-0.542602	4431	
-0.345945	-0.461420	443	
0.080481	-0.519255	3743	
-0.267617	-0.452083	6046	
-0.057650	-0.611042	6420	
-0.035848	-0.474510	2580	
-0.177796	-0.473746	2168	
-0.205534	-0.513622	2442	
-0.194100	-0.541608	3628	
-0.175572	-0.557785	4354	
-0.188983	-0.552161	4354	
-0.220277	-0.474969	1064	
-0.031086	-0.452416	582	
-0.300742	-0.536317	2444	
0.103940	-0.524792	5741	
0.108045	-0.626225	3465	
-0.018907	-0.266194	4999	
0.154996	0.679375	6599	
0.015543	0.727094	6651	
0.412106	0.626094	863	
-0.365678	0.696246	6869	
0.074212	0.784891	2017	
0.794049	0.140409	3249	
0.791831	0.302468	6161	
-0.825526	-0.214655	5118	
-0.818740	0.357089	968	
-0.049706	-0.892415	6390	
-0.462387	-0.821822	2892	
-0.964458	-0.202610	5002	
-0.548838	-0.819437	424	
0.248732	-0.602840	5409	
-0.144912	-0.238025	2555	
-0.459990	-0.416883	2217	
-0.196418	-0.642293	6332	
-0.362430	-0.414570	3428	
-0.084416	-0.362562	1194	
-0.063720	-0.637494	1286	
-0.181411	-0.410421	3882	
-0.146568	-0.602334	4720	
-0.014901	-0.491035	2486	
-0.176413	-0.478358	2168	
-0.174817	-0.538813	3628	
-0.129222	-0.562226	4228	
-0.082254	-0.567290	5396	
-0.064777	-0.567442	3908	
-0.122815	-0.579448	4580	
-0.234048	-0.490323	1752	
-0.004697	-0.466716	2584	
-0.274287	-0.422210	6940	
-0.376888	-0.459587	5253	
-0.007406	-0.669861	4106	
-0.629941	-0.258622	3229	
0.314783	-0.670011	6291	
-0.422409	-0.607483	3048	
-0.455731	-0.607039	2138	
0.682731	-0.401616	4641	
-0.378180	-0.710223	5466	
-0.781006	0.259758	2528	
-0.270452	0.806531	6725	
0.355853	0.813960	6571	
-0.872498	-0.182077	4384	
-0.900989	-0.273080	4332	
-0.075287	-0.940358	1120	
0.248741	-0.547244	5079	
-0.403626	-0.354301	5359	
0.080066	-0.656238	1723	
0.163460	-0.586120	3839	
-0.162033	-0.640608	5340	
-0.303375	-0.420224	5696	
0.062473	-0.498372	4209	
-0.279007	-0.509382	1522	
0.019028	-0.546038	1222	
-0.139806	-0.467728	1570	
-0.179810	-0.521771	2674	
-0.120817	-0.552128	3188	
-0.077693	-0.543409	3126	
-0.063084	-0.534481	3174	
-0.041571	-0.550331	2052	
-0.103617	-0.583619	5576	
-0.198068	-0.445705	1032	
0.018498	-0.609695	2948	
0.051345	-0.453683	3790	
-0.214920	-0.633229	6034	
-0.385693	-0.330597	397	
-0.239392	-0.663742	832	
-0.525378	0.529137	2740	
0.114058	0.734986	935	
-0.691806	0.354538	3420	
-0.096096	0.780664	6764	
0.772954	0.238860	6007	
0.809422	0.241704	6241	
-0.850935	-0.018574	4212	
-0.750824	0.485364	4390	
-0.492750	-0.747444	4586	
-0.544985	-0.769565	1140	
0.594221	-0.736205	5563	
-0.569006	-0.805638	424	
0.173835	-0.423803	6191	
-0.208285	-0.652158	6332	
0.168083	-0.500727	707	
0.077265	-0.419259	526	
0.130439	-0.555894	3969	
-0.321084	-0.536543	2012	
-0.110090	-0.406210	2110	
-0.199717	-0.581821	1026	
-0.000436	-0.508811	3362	
-0.162331	-0.478424	2692	
-0.155514	-0.533028	3162	
-0.117218	-0.535322	2462	
-0.097646	-0.525319	2238	
-0.074714	-0.516073	1484	
-0.028268	-0.564414	3722	
-0.231428	-0.533241	3728	
-0.037478	-0.444960	582	
-0.243590	-0.403352	6374	
-0.222886	-0.354261	1540	
-0.033375	-0.288303	2945	
-0.211675	-0.663878	6542	
0.601910	0.451693	1380	
0.442682	-0.619969	1115	
0.757456	-0.077987	3701	
0.711471	0.369286	1647	
0.078175	-0.796032	6092	
-0.820085	-0.015083	1408	
-0.362696	0.773986	5201	
0.385537	0.800150	6441	
-0.868915	-0.199008	3544	
-0.930216	-0.140536	548	
-0.140866	-0.932679	2466	
0.085275	-0.300868	1173	
0.217047	-0.585377	1717	
0.040631	-0.348524	4616	
-0.123322	-0.326030	3889	
0.039093	-0.425557	4006	
-0.145361	-0.627461	4530	
-0.183201	-0.414749	4424	
-0.089985	-0.606762	6164	
-0.067418	-0.477073	782	
-0.157720	-0.491003	1622	
-0.151077	-0.518072	1770	
-0.138936	-0.514687	2902	
-0.102237	-0.504098	2460	
-0.040492	-0.521697	2700	
-0.138065	-0.585680	4580	
-0.138195	-0.425820	3132	
-0.300241	-0.540151	2444	
-0.284661	-0.584839	666	
0.169790	-0.516791	837	
-0.633986	-0.233192	5021	
-0.267438	-0.675845	1630	
-0.513687	-0.540465	1448	
-0.703979	-0.263464	5982	
-0.377477	-0.686144	4600	
-0.789123	0.099950	4478	
0.163412	0.798465	5317	
0.534911	0.664028	3553	
-0.779913	-0.358585	4418	
-0.812016	0.371638	968	
-0.435147	-0.781542	3082	
-0.523582	-0.784118	844	
0.418949	-0.846771	5126	
-0.556803	-0.814006	424	
-0.004146	-0.240214	1101	
0.179923	-0.490143	707	
-0.114700	-0.293114	3669	
-0.205601	-0.337714	1351	
-0.048434	-0.375423	2920	
-0.035499	-0.634126	5388	
-0.216479	-0.429612	410	
-0.067421	-0.604034	5930	
-0.047943	-0.488262	3352	
-0.120352	-0.478107	2380	
-0.119716	-0.487687	2276	
-0.088493	-0.492410	1028	
-0.020223	-0.526793	2122	
-0.126437	-0.590891	4580	
-0.173457	-0.430569	4424	
-0.220658	-0.595478	2036	
0.092282	-0.610185	6617	
-0.323006	-0.367004	1310	
0.317779	-0.626636	4899	
0.483380	0.529661	5091	
-0.728173	-0.038251	4764	
-0.213660	0.708281	1432	
-0.711276	0.310801	4322	
-0.031957	0.785959	4923	
0.724672	-0.360391	5429	
0.716118	-0.448099	4707	
-0.617366	0.594953	1004	
-0.219490	0.861361	3795	
-0.826003	-0.341633	6006	
-0.874212	-0.350888	5694	
-0.067439	-0.940764	2040	
-0.776553	-0.608165	3310	
-0.079779	-0.223693	719	
0.126434	-0.413478	2507	
-0.235489	-0.317615	2349	
-0.270915	-0.364013	3345	
-0.071987	-0.368981	1984	
-0.027525	-0.632836	5388	
-0.189672	-0.420435	4424	
-0.174892	-0.587860	4952	
0.004900	-0.569562	904	
-0.033167	-0.503092	2496	
-0.023450	-0.515232	2122	
-0.011439	-0.554941	3566	
-0.190243	-0.570510	4908	
-0.141309	-0.423529	3132	
-0.244613	-0.583347	6678	
0.100669	-0.603721	4777	
-0.379152	-0.400567	1689	
-0.388492	-0.315184	469	
0.256220	-0.650009	5953	
-0.514563	0.541395	6462	
0.252249	0.702360	2023	
0.125900	0.756465	6059	
0.370340	0.701210	5465	
0.222051	-0.770798	6048	
-0.816576	0.083049	3296	
-0.248270	0.812642	6385	
0.245663	-0.827223	6454	
-0.891154	-0.014320	4588	
0.176407	-0.876276	6352	
-0.383704	-0.861323	3064	
0.706103	-0.629277	5399	
-0.490516	-0.855293	6706	
-0.115241	-0.218522	5987	
0.114332	-0.397612	1715	
-0.289791	-0.342851	923	
-0.271716	-0.365198	3345	
-0.036626	-0.381160	2416	
-0.167337	-0.620495	4516	
-0.075350	-0.415773	2474	
-0.268144	-0.489710	1470	
-0.178279	-0.583106	4952	
-0.116195	-0.595836	3376	
-0.197301	-0.569568	4354	
-0.226327	-0.450037	2864	
0.027724	-0.481444	699	
-0.316092	-0.450279	6380	
-0.289188	-0.583266	666	
-0.251942	-0.333046	1773	
-0.139423	-0.198389	4835	
0.187030	-0.663745	5609	
-0.366776	0.659895	5380	
0.715297	0.155518	4290	
0.618845	0.480939	5749	
0.744114	0.263836	4451	
-0.349574	-0.723372	4700	
-0.509203	0.656703	6156	
0.327534	0.783558	4787	
-0.783455	-0.348418	4418	
-0.775130	0.443997	4648	
-0.605588	-0.660592	3012	
-0.658737	-0.675198	3972	
0.157223	-0.929986	5324	
-0.651037	-0.740816	4416	
-0.127156	-0.218083	5727	
0.112713	-0.395725	3441	
-0.244203	-0.322578	2349	
-0.174124	-0.331941	4904	
0.062473	-0.451735	2816	
-0.338566	-0.497084	1562	
0.070597	-0.589007	1793	
-0.057447	-0.423183	3152	
-0.140260	-0.416420	2978	
-0.106498	-0.417490	2512	
0.035369	-0.487126	699	
-0.262964	-0.574573	5578	
-0.031668	-0.391895	3034	
-0.186867	-0.341284	2260	
-0.332290	-0.587095	4932	
0.312431	-0.625216	3739	
0.627082	0.387290	400	
-0.508968	0.547537	5402	
0.718093	0.140907	3955	
0.746939	0.121887	645	
0.783136	-0.073464	3001	
-0.701400	-0.409779	994	
0.077282	0.810036	3233	
0.758003	0.387981	5307	
-0.801998	0.288041	3986	
-0.454363	0.770202	2135	
-0.802516	-0.397156	4444	
-0.916090	-0.213575	1922	
-0.131536	-0.933785	2466	
-0.875851	-0.452641	1708	
-0.376295	-0.911654	3920	
-0.112374	-0.219591	5987	
0.157048	-0.456787	1055	
-0.056392	-0.304310	3771	
-0.022432	-0.351640	6256	
-0.058302	-0.651187	1286	
-0.106648	-0.367695	3394	
-0.334313	-0.468286	6536	
-0.305176	-0.544371	2444	
-0.313894	-0.534129	2012	
-0.310518	-0.440334	6380	
-0.016370	-0.397742	3034	
-0.382360	-0.485660	752	
-0.426975	-0.458170	4779	
-0.453159	-0.496245	3256	
-0.366102	-0.591120	4744	
-0.555552	0.462948	5806	
-0.730358	0.053807	6640	
0.288759	0.688458	2009	
0.640855	0.452672	1313	
0.780317	-0.101497	4477	
-0.768839	-0.197191	5922	
0.410813	0.705751	5589	
0.841033	0.000581	4211	
-0.690650	0.504173	5656	
0.080971	0.883289	5879	
-0.851540	-0.265811	6574	
0.716847	-0.543900	6271	
-0.313950	-0.889161	2192	
0.546749	-0.771094	1037	
-0.461145	-0.871384	6616	
-0.041768	-0.233243	3439	
0.190179	-0.615820	6661	
0.194027	-0.578098	1909	
-0.096470	-0.661267	4782	
-0.210606	-0.343708	1540	
-0.269136	-0.596466	746	
0.058772	-0.631522	3672	
0.067414	-0.627620	3381	
-0.291678	-0.582712	666	
-0.178760	-0.338797	6196	
-0.426219	-0.448636	4779	
-0.067348	-0.277529	3265	
0.318772	-0.626101	4899	
-0.444724	0.549675	5170	
0.609050	0.442651	1380	
-0.451787	-0.586848	906	
-0.180689	0.714987	2726	
0.158128	0.749861	6239	
0.748901	0.244108	3035	
-0.733030	-0.331092	1592	
0.442339	0.686885	4307	
0.831233	-0.129766	4717	
-0.658652	0.546725	4638	
0.705281	0.542178	833	
-0.883042	-0.118238	4898	
-0.180591	-0.874762	6446	
-0.455676	-0.825047	2892	
0.306420	-0.892248	5816	
0.123681	-0.354347	583	
-0.449981	-0.387097	2621	
-0.322774	-0.334002	2613	
0.064904	-0.375258	5327	
-0.430090	-0.456007	4779	
-0.301621	-0.594041	746	
-0.362413	-0.551714	2200	
-0.366373	-0.391040	2998	
-0.142196	-0.663068	6600	
-0.382821	-0.559955	3464	
0.320738	-0.618767	4899	
0.477697	-0.509242	2551	
-0.682572	-0.200605	6575	
-0.553517	0.493556	1086	
0.546577	-0.510930	2931	
-0.698046	-0.286230	1363	
-0.721684	0.282522	4626	
0.326427	0.721573	5529	
-0.360350	-0.717608	5414	
0.203286	0.788144	4609	
0.839073	-0.050721	575	
-0.667279	0.535735	4638	
0.778815	-0.395232	505	
-0.891078	-0.009602	4588	
-0.375427	-0.811076	6798	
-0.572055	-0.749336	1140	
0.166916	-0.928127	5324	
-0.689544	-0.704992	1914	
-0.264346	-0.950157	2016	
-0.506242	-0.383815	1163	
0.230251	-0.553478	4801	
-0.451513	-0.388647	2621	
0.215200	-0.581705	1717	
0.215248	-0.570632	1717	
-0.460080	-0.488853	3256	
0.229239	-0.597683	6497	
0.315600	-0.616205	4899	
-0.429396	-0.546054	4426	
-0.246406	0.632223	3996	
-0.698202	-0.131872	3956	
-0.206848	0.692575	1554	
-0.188673	-0.710672	1912	
-0.112917	0.728510	5493	
0.724142	-0.233551	481	
-0.417731	-0.660875	4176	
-0.185495	0.764458	6246	
0.214917	-0.771393	6048	
-0.571983	0.599592	3854	
0.800644	0.265949	5995	
-0.714280	0.468757	5462	
0.876243	-0.014710	4119	
-0.891038	-0.009016	6830	
-0.420173	-0.789063	3082	
-0.642364	-0.690398	1374	
0.087173	-0.938840	6086	
-0.800336	-0.576122	1828	
0.186227	-0.435329	4067	
-0.545625	-0.411605	5543	
0.308740	-0.621889	3739	
0.309131	-0.622353	3739	
-0.404986	-0.564509	4352	
0.170099	-0.652647	5887	
-0.443344	0.550137	5170	
0.135000	0.698200	5869	
0.675770	0.285204	1638	
-0.580866	0.457244	884	
-0.134433	-0.721788	936	
0.090696	0.737015	961	
-0.240983	-0.713524	1896	
-0.748113	0.197814	5082	
0.686906	0.419226	4191	
-0.789907	0.077658	3002	
0.710899	-0.385277	5459	
-0.819543	0.001268	1408	
0.406751	0.745670	5645	
-0.795359	0.305465	3314	
0.382905	0.799602	6441	
-0.882379	-0.122423	4898	
-0.375671	-0.810835	6798	
-0.647188	-0.685790	870	
0.068912	-0.940297	1336	
-0.893499	-0.415821	5134	
-0.290600	-0.942446	2016	
0.322390	-0.621920	4899	
-0.101342	-0.687060	4710	
0.654525	-0.245113	2309	
0.441927	-0.574165	5637	
-0.343606	0.649682	5624	
0.540832	0.508541	6225	
-0.455752	0.601236	1460	
-0.464295	-0.577488	1110	
0.570622	-0.479606	705	
-0.209548	0.708510	1432	
-0.151374	-0.736042	3812	
-0.586060	0.515444	1532	
0.691893	-0.380653	5459	
-0.354345	0.718539	5843	
0.106966	-0.790626	3257	
0.253054	0.773008	5527	
0.193728	-0.809457	1513	
-0.247234	0.812210	6385	
-0.833545	-0.164329	3092	
-0.324244	0.828710	6013	
-0.836178	-0.313755	5824	
-0.237286	-0.861089	6364	
-0.573665	-0.747879	958	
0.105977	-0.936766	5596	
-0.935016	-0.310301	1792	
-0.280045	-0.945592	2016	
0.307286	-0.618158	3739	
0.286137	-0.631257	865	
0.492517	0.520841	5091	
0.666114	0.336731	6730	
-0.516689	0.536857	6462	
-0.389154	-0.627070	4944	
0.532950	-0.526144	2739	
0.289397	0.685238	2009	
-0.728072	-0.137866	5947	
0.754511	-0.066515	5713	
-0.769370	-0.011976	4224	
0.760151	-0.204295	6579	
-0.328467	0.727316	875	
-0.252556	-0.759691	5528	
0.796376	0.101412	1369	
-0.814245	-0.084599	3220	
0.633815	0.571776	5531	
-0.725550	0.450474	4708	
-0.016757	-0.856971	4664	
-0.763949	0.461590	4390	
-0.732196	-0.518993	6534	
0.071778	-0.889484	5178	
-0.429735	-0.838517	940	
0.194807	-0.922474	4514	
-0.862008	-0.478150	1704	
0.678812	-0.165654	1305	
0.335427	0.610117	2737	
0.692130	-0.151970	3805	
0.524562	0.521876	6041	
-0.715890	-0.116078	5814	
0.243481	-0.690116	1651	
0.373476	0.643852	4605	
-0.729141	-0.130287	5814	
0.527416	-0.559401	5907	
-0.572117	0.531269	1444	
-0.241367	-0.739164	3274	
0.409616	0.679351	4655	
-0.530892	0.605222	2570	
-0.068488	-0.795366	2018	
0.802449	0.023976	773	
-0.763851	0.300074	3318	
0.835177	0.081869	4065	
-0.462083	0.723152	1567	
-0.844238	-0.090148	4066	
0.332659	0.820958	3649	
-0.890589	-0.012509	4588	
-0.562591	-0.696637	4976	
0.850713	0.313165	5823	
-0.230868	-0.913861	3182	
0.351316	-0.875616	750	
-0.700185	-0.694212	2004	
-0.186088	-0.968474	4046	
-0.011899	-0.986090	2158	
-0.719389	0.145476	4050	
-0.652634	-0.385003	6493	
0.071129	-0.723825	5246	
0.714874	0.148127	2788	
-0.743605	0.039674	6640	
0.541444	-0.543071	5907	
-0.638238	0.442213	1778	
-0.206046	-0.748777	3268	
0.520014	0.604540	3095	
-0.464093	0.660680	4896	
-0.710476	-0.385509	1348	
0.587707	-0.562858	639	
0.574879	0.583464	1693	
-0.816920	0.042980	634	
0.832514	0.103067	4065	
-0.339909	0.781905	4273	
-0.839577	0.133558	5336	
0.435198	-0.751374	2136	
-0.812011	0.368608	968	
-0.733663	-0.516878	6534	
-0.203759	-0.869253	1202	
-0.740605	-0.583725	3756	
-0.012770	-0.942428	4138	
0.547141	-0.770225	1037	
-0.513882	-0.841229	6634	
-0.105908	-0.980383	5180	
-0.089361	-0.743750	962	
0.385523	-0.670442	6411	
0.073569	0.758860	961	
-0.727471	-0.261436	1438	
0.403794	-0.687514	6254	
0.112759	0.779808	6205	
-0.602217	0.526259	1646	
-0.597445	-0.545678	2698	
0.578728	-0.572192	2445	
0.754308	0.291492	3781	
-0.745836	0.344000	4828	
-0.490813	-0.667508	2696	
0.584878	0.618557	913	
-0.587212	0.624935	6646	
-0.847798	0.051774	576	
0.370428	-0.781851	4450	
-0.736919	0.503382	6002	
-0.819937	-0.356709	5270	
-0.422589	-0.787573	3082	
0.863631	-0.243739	6595	
-0.278028	-0.900514	3508	
0.234773	-0.913024	6106	
0.795502	-0.509163	6465	
-0.307809	-0.936828	2714	
-0.314008	0.731330	875	
-0.520910	0.614055	1992	
-0.699207	0.378425	5460	
-0.615905	-0.525738	2086	
0.348490	-0.730965	534	
0.795131	-0.118207	4729	
0.209107	0.783148	4609	
-0.806744	0.137726	4130	
-0.282710	-0.775874	4678	
0.672071	0.524935	6203	
-0.337472	0.782352	4273	
-0.821154	0.223335	6458	
-0.753145	-0.411254	484	
0.727081	-0.472350	4589	
-0.822578	0.343185	4808	
-0.800236	-0.401748	4444	
-0.441371	-0.777397	3082	
0.318955	-0.835983	6852	
-0.476058	-0.812841	3110	
0.099997	-0.937068	5596	
0.565436	-0.756885	607	
-0.621342	-0.765392	4146	
-0.063812	0.805884	6091	
-0.405935	0.718579	2767	
-0.814614	0.066607	3296	
-0.688147	-0.471457	532	
0.262791	-0.788109	6072	
0.710331	0.469953	531	
-0.026726	0.844440	4111	
-0.690969	0.502502	5656	
-0.846022	0.075353	576	
-0.738423	-0.438972	5518	
0.547245	-0.675193	6871	
-0.582917	0.677111	6064	
-0.887444	-0.068158	6548	
-0.645484	-0.622417	3930	
-0.312719	-0.836607	3618	
0.440516	-0.782089	522	
-0.492539	-0.802791	3110	
0.077043	-0.939137	6086	
0.477376	-0.814787	704	
0.939492	0.113711	547	
-0.228191	-0.959304	2452	
0.153661	-0.974095	4218	
-0.696273	0.494208	5394	
-0.765156	0.375462	6170	
-0.826621	0.200168	5238	
-0.848775	0.002946	4636	
-0.829232	-0.180386	3092	
-0.571827	-0.639230	1180	
0.405484	-0.763858	392	
0.268166	0.842226	4681	
-0.822597	0.341680	4808	
-0.870971	-0.184539	4384	
-0.637306	-0.630549	5030	
-0.391539	-0.803208	6442	
0.026403	-0.891367	5720	
-0.701115	0.622656	5400	
-0.271219	-0.902305	3104	
0.171126	-0.926591	5324	
0.516697	-0.790464	6319	
0.873324	-0.358589	545	
-0.283245	-0.944451	2016	
0.170015	-0.971353	3334	
-0.471497	0.756447	1887	
-0.672040	0.585896	2910	
-0.824050	0.336560	5264	
-0.887052	0.063775	1376	
-0.868384	-0.195233	3544	
-0.772123	-0.454881	5672	
-0.555822	-0.701883	5678	
-0.361753	-0.816778	6572	
-0.148636	-0.879676	4086	
0.197965	-0.869929	4528	
0.619571	0.666522	747	
-0.355633	-0.872224	2586	
0.092000	-0.937558	5596	
0.375134	-0.865372	1270	
0.674492	-0.661260	6089	
-0.559562	0.804031	756	
-0.214361	-0.962414	2452	
0.205795	-0.964334	1824	
-0.023937	-0.891277	2064	
-0.005245	-0.891531	4796	
0.048575	-0.890060	6184	
0.149887	-0.878969	4879	
0.320867	-0.834447	6852	
0.685191	-0.579482	4809	
-0.934150	-0.088367	6118	
-0.366951	-0.867283	2586	
0.011004	-0.941809	2066	
0.266547	-0.903827	6744	
0.462081	-0.822979	3022	
0.688042	-0.646903	6089	
0.868362	-0.369765	545	
-0.423805	-0.889758	2142	
-0.025701	-0.985595	2158	
0.269168	-0.948402	5070	
0.249510	-0.908221	4888	
0.257539	-0.906081	5230	
0.296176	-0.894269	5816	
0.360675	-0.870888	1270	
0.438102	-0.835503	3074	
0.528718	-0.781980	6319	
0.633460	-0.700350	5753	
0.759080	-0.561028	429	
0.862832	-0.382010	1409	
-0.703250	0.682207	4442	
-0.245180	-0.954850	1852	
0.035377	-0.985251	3780	
0.199742	-0.965523	1824	
0.941188	-0.066514	6787	
0.941689	-0.059566	6901	
0.942232	0.051302	3551	
-0.979202	-0.087953	2532	
-0.402394	-0.899585	2906	
-0.132909	-0.976723	5180	
0.034427	-0.985193	3780	
0.271885	-0.947510	5070	
0.396926	-0.902604	6606	
0.524140	-0.835489	6464	
0.500424	-0.849950	1710	
0.508011	-0.845467	3776	
0.522522	-0.836590	6464	
