time = 341.65	Re = 90
-0.626846	0.761189	6421	
-0.681519	0.713075	1709	
-0.753533	0.636586	756	
-0.823994	0.542456	3312	
0.371727	0.867918	1139	
0.322110	0.887214	4479	
0.189684	0.924497	6781	
-0.983163	-0.077974	4840	
0.208981	0.963624	2141	
-0.193499	0.966957	5915	
-0.418460	0.892889	1823	
-0.710229	0.684470	6463	
-0.857342	0.487978	4442	
0.932941	-0.139759	545	
0.937702	-0.101967	795	
0.943062	-0.020159	1227	
0.938241	0.096197	893	
0.915811	0.224420	1169	
0.868979	0.366318	541	
0.787506	0.520002	4221	
0.628652	0.705625	1035	
0.389148	0.860343	1049	
-0.080986	0.940146	2465	
-0.329515	0.929349	2057	
-0.803223	0.572847	1808	
0.458639	-0.765568	6674	
0.483233	-0.750860	6894	
0.539531	-0.713053	5428	
0.634177	-0.633894	1888	
0.757077	-0.480890	817	
0.866500	-0.220656	5899	
0.741716	0.497048	6857	
0.494197	-0.803489	6744	
0.924428	-0.187888	4661	
0.915513	0.225640	1169	
0.789557	0.516820	4221	
0.543619	0.773101	1855	
0.159419	0.930271	3063	
-0.325468	0.930780	2057	
-0.724963	0.668766	6463	
-0.933343	0.318369	5398	
-0.664048	0.603271	5434	
-0.649816	0.618237	5434	
-0.819865	0.359943	6272	
-0.889562	-0.066551	4818	
-0.764818	-0.458964	6574	
-0.488444	-0.752241	734	
-0.128688	-0.883897	3650	
0.268976	-0.849718	6184	
0.494529	-0.743750	6894	
0.763961	-0.469652	551	
0.873551	0.177748	6327	
0.750229	-0.574359	5563	
0.925722	0.179747	6901	
0.750528	0.572791	5693	
0.394888	0.857746	1049	
-0.371591	0.866885	5323	
-0.669319	0.724566	1709	
-0.880538	0.444590	2850	
-0.948059	0.271083	6612	
-0.850832	0.022584	6458	
-0.848308	0.073843	3198	
-0.845389	-0.087514	4718	
-0.789008	-0.311640	3114	
-0.664104	-0.538016	1970	
-0.442383	-0.734581	1904	
0.015040	-0.850064	6632	
0.746630	0.404134	2181	
-0.015939	0.892350	1201	
-0.710524	-0.542961	5270	
-0.078356	-0.889575	3856	
0.458734	-0.765514	6674	
0.764837	-0.468184	551	
0.797250	0.398683	3543	
0.925362	-0.183298	4661	
0.816865	0.471734	5309	
0.475304	0.816442	3971	
-0.145577	0.932195	1119	
-0.705890	0.688955	6463	
-0.966198	0.198519	2852	
0.406188	-0.693380	6048	
-0.305384	-0.750334	1686	
0.791396	-0.173154	5429	
-0.751833	-0.307028	5368	
0.807683	0.126005	3295	
-0.735851	0.382133	4342	
0.553422	-0.652611	732	
-0.135663	0.838000	5087	
-0.844575	-0.094381	4718	
-0.483691	-0.709297	5532	
0.233953	-0.815395	4112	
0.545688	-0.664211	4450	
-0.678151	-0.584947	6710	
0.138694	-0.880977	5880	
0.626137	-0.641572	2136	
0.892270	-0.030533	6595	
0.870706	-0.364804	429	
0.804412	0.493022	4331	
0.399589	0.855570	1049	
-0.660286	0.675416	703	
-0.818205	0.551196	3312	
-0.980507	0.106816	2356	
0.074409	0.790727	4677	
0.175018	0.776600	5413	
-0.005864	0.792915	4013	
-0.431049	0.666750	4461	
-0.782539	-0.132115	3002	
0.096148	0.795725	5515	
0.776708	-0.224947	5549	
0.115274	0.797469	5353	
-0.755841	0.317035	2330	
-0.755799	0.337671	3522	
0.602232	0.611796	5517	
-0.850923	0.015938	6458	
-0.357954	-0.776792	3554	
0.804476	-0.288216	5461	
-0.891441	0.054152	4614	
-0.021334	-0.892487	6364	
0.642022	-0.626132	1888	
0.891723	0.029543	6083	
0.932173	-0.144831	545	
0.702763	0.631024	6935	
0.156274	0.930825	3063	
-0.558691	0.812443	1727	
-0.539487	-0.547145	1047	
-0.683472	-0.279468	5886	
-0.061821	-0.743908	1896	
-0.189694	0.718209	6695	
0.605054	0.507343	1213	
-0.441849	0.655991	3709	
-0.750261	0.268914	2572	
0.415982	0.688823	6003	
-0.773353	0.199596	5460	
-0.636285	-0.498869	1592	
0.332151	0.739687	1563	
-0.802290	-0.134136	3002	
-0.792587	-0.207993	1408	
-0.479804	0.703795	6133	
-0.511990	-0.689785	5444	
0.575392	-0.634934	392	
-0.885353	0.119452	5264	
0.112458	-0.884801	4570	
0.731378	-0.519653	6063	
0.703008	0.553212	5269	
0.890349	0.310374	6117	
0.460140	0.825012	1373	
-0.314450	0.889325	6085	
-0.869183	0.466441	4116	
-0.575031	-0.483493	6729	
-0.601013	-0.426553	5982	
-0.178585	-0.716114	1844	
0.674094	-0.311020	883	
0.616602	0.392098	6166	
-0.046465	-0.737035	1896	
0.663013	0.322963	4290	
0.746773	0.028585	4049	
-0.731146	-0.269291	3688	
0.421699	0.683178	2969	
0.330896	0.728662	1951	
-0.039004	-0.795296	4036	
0.799968	-0.099992	3317	
-0.719688	-0.350796	670	
-0.799778	0.202838	5706	
-0.352266	0.771868	3288	
-0.430171	-0.741361	914	
0.833414	-0.181820	6169	
-0.702940	-0.553298	5270	
0.480758	-0.752394	6894	
0.880017	-0.154874	967	
0.886208	-0.324974	6465	
0.639125	0.696051	4789	
-0.010840	0.943685	417	
-0.787306	0.594590	1768	
-0.973445	0.159190	3892	
-0.426411	0.543503	866	
-0.430575	0.543298	866	
-0.214214	-0.661465	4744	
-0.145453	0.682830	1065	
-0.619183	-0.386421	1845	
-0.378802	0.622108	1432	
-0.204908	-0.709479	4606	
0.721819	0.130955	6639	
-0.327509	-0.669680	740	
0.488883	0.591653	1090	
-0.698254	0.286742	1226	
-0.217640	0.754785	4923	
0.667842	-0.451423	2569	
-0.777367	0.180956	5430	
0.587505	-0.568966	4244	
-0.675701	-0.435705	4452	
-0.820696	-0.039740	4130	
-0.803555	0.290846	5462	
-0.129904	-0.841495	4788	
0.698948	-0.506578	6871	
0.016538	-0.892322	1202	
0.771961	-0.456067	1271	
0.310824	0.838977	5499	
0.761265	0.558200	5693	
0.134660	0.934249	2585	
-0.677207	0.717194	1709	
-0.985175	-0.046345	4694	
-0.462952	0.524712	4900	
0.210760	0.662621	4743	
-0.685941	0.131051	2930	
0.185679	-0.663641	5036	
-0.708108	0.213843	4726	
-0.579530	0.490294	1460	
0.275084	-0.672461	5658	
0.534233	0.540177	1048	
0.683766	-0.314367	883	
0.429726	-0.611136	1471	
0.616470	-0.516328	3579	
0.539298	-0.597513	1512	
-0.789459	-0.085201	4478	
0.682771	0.422879	5973	
-0.560321	-0.610401	5048	
0.796019	0.293406	4065	
-0.554082	-0.656931	5044	
0.807438	-0.279341	5461	
-0.480477	-0.757207	3930	
0.692300	-0.570814	4241	
0.842867	0.289129	6547	
0.840278	0.428093	1921	
0.230845	0.915037	1069	
-0.553507	0.815983	1727	
-0.356956	0.263878	4272	
-0.405507	0.314325	5642	
-0.529368	-0.451720	3869	
-0.524324	-0.463102	4901	
0.337542	0.607486	3895	
-0.614573	0.325757	4500	
-0.244786	-0.678843	3048	
0.656353	0.312136	2788	
-0.568003	-0.495746	6853	
0.677020	0.268003	4873	
0.671340	0.287208	5813	
0.607111	-0.467395	5611	
-0.200227	0.759783	2127	
0.535112	0.607192	3517	
0.437429	0.683094	3809	
-0.285816	0.747429	3258	
-0.821793	0.036319	840	
-0.850937	0.014962	6458	
0.169640	-0.831521	4820	
-0.879630	-0.145777	1376	
0.572842	-0.687932	5292	
0.885383	0.107160	4733	
0.883819	0.328716	4043	
0.263335	0.906287	3109	
-0.464857	0.869542	5325	
-0.978773	0.121988	2356	
-0.229665	0.107866	4768	
-0.387235	0.288524	2562	
-0.550219	0.371453	1508	
-0.686135	0.036447	6424	
-0.562700	0.360916	1650	
-0.311656	-0.211932	6637	
-0.523096	-0.448434	3869	
0.213903	0.661565	4743	
0.643650	-0.264335	4363	
-0.674933	0.308426	884	
-0.648931	-0.327144	2787	
0.616554	0.392189	6166	
0.739350	-0.114741	1979	
-0.681163	0.356258	1532	
0.025576	0.790342	4035	
-0.777400	0.179717	5430	
0.455605	0.677552	2657	
0.667410	0.478739	4337	
-0.471664	0.708856	6133	
-0.013832	-0.850264	6144	
-0.231385	0.860932	4795	
0.479565	-0.753112	6806	
0.888555	0.078303	4131	
0.890288	0.310559	6117	
0.227822	0.915775	1069	
-0.619131	0.767422	6545	
-0.984524	0.060317	4750	
-0.368728	0.276162	4272	
-0.468503	0.329942	2780	
-0.468117	-0.310603	1077	
-0.646201	0.197949	952	
-0.310092	0.025731	1426	
-0.403436	0.202496	2712	
-0.524343	-0.332663	2881	
-0.383618	-0.220867	2364	
-0.421590	0.324267	1186	
0.456185	-0.531892	3739	
-0.484526	-0.527959	979	
-0.316385	-0.671342	1110	
-0.114382	-0.728266	1630	
-0.572768	-0.491571	6853	
-0.731775	-0.130963	6640	
-0.002450	0.788816	4013	
-0.120637	0.781672	2017	
0.334939	-0.725776	767	
-0.807130	-0.095758	4496	
0.122721	0.842475	619	
-0.074846	-0.847608	1366	
0.045976	0.860413	1315	
0.494640	-0.743678	6894	
0.882498	0.128033	4493	
0.855011	0.397893	2153	
0.127374	0.935253	2299	
-0.777672	0.607148	1768	
-0.356912	0.263699	4272	
-0.490311	0.351431	1676	
-0.350322	0.161081	2656	
-0.420769	0.215036	2604	
-0.328366	-0.065702	5512	
-0.649040	0.141026	4056	
-0.647208	-0.141092	3762	
-0.668231	0.030839	5812	
-0.353811	-0.134518	2859	
-0.321102	-0.095811	1160	
-0.686466	-0.022913	3806	
0.462600	-0.527958	4899	
0.091307	0.690805	831	
-0.372605	0.625170	1432	
0.676838	0.268452	4873	
0.738328	0.095362	3293	
-0.119897	0.767736	2017	
0.687352	0.389428	5199	
-0.755719	0.283158	2572	
0.799461	0.096753	4477	
0.394820	0.759707	1179	
-0.063459	-0.848439	1316	
0.085875	-0.887870	4738	
0.589483	-0.674212	6232	
0.852513	0.259914	5287	
0.760271	0.559559	5693	
-0.045576	0.942611	413	
-0.899569	0.404571	562	
-0.979974	-0.110230	828	
-0.226510	0.100316	3976	
-0.480552	0.342072	5872	
-0.457133	0.285831	1932	
-0.674186	-0.007450	988	
-0.664079	0.070679	1832	
-0.395074	-0.161395	3510	
-0.620344	0.195617	2196	
-0.512698	-0.274666	4407	
-0.624472	-0.183252	1106	
-0.362755	0.065951	2734	
-0.584051	-0.258126	1822	
-0.403272	0.194330	2240	
-0.247865	0.125733	5304	
-0.242342	0.638334	2928	
0.630754	0.362142	5904	
0.435412	-0.596737	815	
0.733297	-0.105748	2387	
-0.497384	-0.601696	1314	
0.667170	-0.452088	2569	
-0.118008	0.789037	2017	
0.696933	-0.423852	2445	
0.223727	0.823031	5645	
0.039496	-0.849080	5436	
-0.800356	0.402635	4810	
0.733673	-0.516400	6063	
0.717876	0.532633	6005	
0.595066	0.734295	3089	
-0.267636	0.904588	1335	
-0.967550	0.191901	2852	
-0.220906	0.076456	6288	
-0.460904	0.322144	3280	
-0.471810	0.300609	2358	
-0.562657	-0.291419	6671	
-0.416344	0.173420	2430	
-0.652253	0.103616	1818	
-0.395225	0.090230	3422	
-0.383764	-0.009326	3944	
-0.470059	0.178021	4702	
-0.415579	0.104184	4276	
-0.564603	0.234957	3800	
-0.619243	-0.193952	1106	
-0.628593	-0.188948	1106	
-0.551212	0.341808	1014	
-0.523620	-0.462559	4901	
-0.702423	0.141704	2214	
-0.247939	-0.696676	864	
0.024772	-0.736637	804	
0.585887	0.495151	6481	
0.583481	-0.559127	3404	
-0.399934	0.690936	6047	
-0.193399	0.783293	3115	
-0.314324	0.787818	3965	
0.207614	-0.822627	4664	
-0.666667	-0.598557	6816	
0.837577	-0.315411	6001	
-0.715495	0.541422	6278	
0.372226	0.867691	1139	
-0.623080	0.709499	3073	
-0.986360	-0.005350	2478	
-0.219479	0.041190	6669	
-0.434386	0.294275	3446	
-0.458506	0.287206	1806	
-0.508938	-0.305675	2541	
-0.647037	0.134809	4056	
-0.371927	0.070865	3574	
-0.383959	-0.026537	3444	
-0.451496	-0.154831	2540	
-0.512047	0.169356	5928	
-0.431464	-0.061531	5878	
-0.558133	0.179289	6582	
-0.413714	-0.063851	5554	
-0.383958	-0.001115	3944	
-0.405041	0.148773	1696	
-0.565519	0.304330	492	
-0.242444	0.131541	6690	
-0.447217	0.541735	824	
-0.554391	-0.515932	5361	
-0.046598	-0.736944	1896	
-0.745192	0.162172	3420	
0.772975	0.165187	5979	
-0.133425	-0.793277	5530	
0.703711	0.415939	6007	
-0.840338	0.142845	4564	
0.615393	-0.598721	1506	
-0.041733	-0.891885	5232	
0.889202	-0.084233	5341	
0.928718	0.163717	6787	
0.093102	0.939288	2191	
-0.849599	0.501327	1810	
-0.971114	-0.171180	4732	
-0.219958	-0.001177	3129	
-0.410639	0.268830	1030	
-0.420895	0.247053	4234	
-0.518342	-0.307473	3070	
-0.606007	-0.221525	2326	
-0.506337	-0.260670	5273	
-0.582753	-0.212653	3478	
-0.491577	0.153489	5094	
-0.531029	0.156393	510	
-0.628926	-0.014636	6814	
-0.447033	0.029551	3434	
-0.623436	0.048943	4826	
-0.553383	0.158285	880	
-0.632604	0.077827	3180	
-0.357708	0.020416	2594	
-0.323594	-0.037376	1330	
-0.227274	-0.084349	6555	
0.375445	0.587081	2475	
-0.423107	-0.621312	6126	
0.520558	-0.553467	6836	
0.645320	0.434822	1437	
-0.009722	0.792547	4013	
0.728223	0.332082	669	
-0.071806	0.814603	3993	
-0.571583	-0.641530	532	
0.280780	0.806325	4453	
0.480813	-0.752357	6894	
0.838744	0.300655	6623	
0.635954	0.699010	1035	
-0.288873	0.898009	1335	
-0.980408	0.107871	2356	
-0.218748	-0.047885	493	
-0.379159	0.233946	3302	
-0.385144	0.205808	2076	
-0.587303	-0.266803	1052	
-0.620674	-0.196170	1106	
-0.404232	-0.143519	3686	
-0.473035	0.152346	6252	
-0.446243	0.063955	4238	
-0.529319	-0.190148	5718	
-0.607660	0.063579	730	
-0.522952	0.097855	412	
-0.551095	0.103269	2206	
-0.606023	-0.095652	1490	
-0.624743	-0.061940	4096	
-0.443834	0.101017	5040	
-0.407553	0.119616	3716	
-0.496097	0.266122	2296	
-0.392149	-0.298927	5651	
0.627375	-0.299932	4463	
0.248824	-0.683612	4974	
0.731973	0.129758	6639	
0.785385	0.058410	4671	
-0.780929	0.160632	4752	
-0.222733	0.769055	3823	
-0.400058	-0.757042	1180	
0.039497	-0.849081	5436	
-0.817088	0.366361	6272	
0.838887	-0.311855	6001	
-0.237553	0.859238	5719	
0.262669	0.906469	3109	
0.590441	0.790516	1781	
-0.973199	-0.158865	4690	
-0.220891	-0.081928	1999	
-0.321936	0.164143	2554	
-0.335791	0.138571	2250	
-0.673770	-0.019627	988	
-0.634228	0.172005	5404	
-0.448023	-0.208807	1688	
-0.563388	0.185729	6582	
-0.456876	0.084944	4430	
-0.456648	0.052333	4162	
-0.528123	0.098550	412	
-0.481162	-0.027217	530	
-0.526944	0.068302	474	
-0.528199	0.069027	474	
-0.605533	-0.040002	4446	
-0.577685	0.124277	2302	
-0.634052	0.037765	2400	
-0.455639	0.182886	4336	
-0.323253	-0.034096	1330	
-0.252216	0.145702	6838	
0.397950	0.628427	6225	
0.685741	0.247355	4133	
-0.540568	0.545130	1162	
0.750727	0.236422	4503	
0.786942	0.119173	3001	
0.670642	0.449465	3781	
-0.652165	0.559617	6790	
0.565066	-0.643438	732	
0.073617	-0.889019	4086	
0.888479	0.079026	4131	
0.803598	0.494356	4331	
-0.177449	0.926665	4565	
-0.362689	-0.272204	4849	
-0.268033	-0.042399	3160	
-0.310997	-0.103029	3763	
-0.615044	0.240636	5038	
-0.456957	0.220024	2324	
-0.618791	0.186736	2620	
-0.420307	0.072856	4190	
-0.442953	0.056147	4238	
-0.453335	0.043543	3434	
-0.546842	0.102431	2206	
-0.505515	0.048633	4538	
-0.506019	-0.063713	5716	
-0.500711	-0.021290	434	
-0.555469	-0.108396	4386	
-0.475232	-0.067911	1146	
-0.597239	-0.118216	1190	
-0.622753	0.092370	6488	
-0.476239	0.223703	4058	
-0.539393	0.313167	4762	
0.210689	0.662638	4743	
0.301569	0.677260	1109	
-0.736668	0.064012	5322	
-0.704886	0.266991	1226	
0.615624	0.514521	695	
0.802466	-0.068174	5023	
-0.150062	0.802700	4343	
-0.339864	-0.784428	3488	
-0.114652	-0.844800	620	
0.763177	-0.470956	551	
0.524503	0.728164	6803	
0.294157	0.896807	843	
-0.752562	0.571355	5564	
-0.966522	-0.195612	2224	
-0.411468	-0.323018	3941	
-0.362778	0.222928	5032	
-0.474223	-0.315324	1939	
-0.363608	0.138332	2248	
-0.344879	-0.018786	3402	
-0.454017	-0.230750	2062	
-0.551631	0.220638	4652	
-0.428645	-0.041008	1104	
-0.441421	-0.014436	3192	
-0.525617	0.096963	412	
-0.495408	0.031963	702	
-0.507373	-0.067118	1342	
-0.530387	0.026855	2464	
-0.549113	0.030066	2464	
-0.513299	0.020483	570	
-0.470534	-0.038842	3030	
-0.583549	0.118549	2302	
-0.429791	0.074199	4190	
-0.492036	0.245654	3604	
-0.308077	-0.098381	3763	
-0.597994	-0.316975	1755	
-0.284034	-0.683996	1012	
0.738952	0.091199	3293	
0.672632	0.406937	4359	
-0.760844	-0.216834	4860	
-0.725538	0.365850	4342	
0.160454	0.836754	6907	
0.372029	-0.762741	6187	
-0.125872	-0.884287	3650	
0.890545	0.052720	4817	
0.814764	0.475397	5309	
-0.211316	0.919484	4137	
-0.482954	-0.391898	5241	
-0.431791	-0.337654	4889	
-0.669292	0.121178	1566	
-0.322516	0.031954	1990	
-0.517093	0.279437	4766	
-0.536069	0.265900	1010	
-0.449400	-0.190473	2020	
-0.419513	0.031074	5724	
-0.594683	0.125957	3262	
-0.470495	0.021996	4326	
-0.482709	-0.010916	434	
-0.526983	-0.092562	2298	
-0.543419	0.014150	2626	
-0.537491	-0.033176	3148	
-0.572881	-0.013514	5592	
-0.505679	0.004012	486	
-0.573851	-0.127936	1600	
-0.615691	-0.100652	1490	
-0.468847	0.177510	4702	
-0.593028	-0.247672	1776	
-0.238196	-0.126593	6755	
-0.500223	-0.569074	5763	
0.528910	0.545737	5546	
0.303701	-0.671650	5733	
0.279289	-0.735926	6763	
0.175924	-0.780045	3116	
0.332503	0.754929	1563	
-0.474617	-0.715178	5532	
-0.787991	-0.315257	3114	
0.786998	-0.428895	6065	
0.374629	0.813259	5677	
0.200002	0.922263	939	
0.610822	0.774875	3309	
-0.941989	-0.291606	2108	
-0.392083	0.300281	6340	
-0.233526	0.098066	3390	
-0.327667	0.130726	798	
-0.389217	0.177891	1346	
-0.407847	0.172309	3084	
-0.378759	-0.127777	2184	
-0.385708	0.060222	4270	
-0.587607	-0.184422	1282	
-0.435142	0.032815	4368	
-0.508168	0.116070	2308	
-0.601935	-0.014553	6626	
-0.570943	-0.067275	4624	
-0.510596	-0.054853	2002	
-0.526983	-0.030819	2226	
-0.525382	-0.059001	2420	
-0.566286	0.012091	4216	
-0.593121	-0.002027	6552	
-0.543401	-0.172436	5746	
-0.604937	0.136143	3262	
-0.423808	-0.197717	496	
-0.579258	-0.294875	851	
-0.490929	0.521185	5966	
-0.631515	-0.361555	5903	
0.720077	-0.177865	1371	
0.259719	-0.735994	6701	
-0.788769	-0.085027	4478	
-0.697058	0.422257	2446	
0.088734	0.846391	735	
0.457849	-0.717190	6726	
0.079984	-0.888442	4086	
0.867275	0.205896	6327	
0.653426	0.682580	4789	
-0.392894	0.857494	5323	
-0.981437	-0.096537	4840	
-0.218867	-0.037018	493	
-0.349409	-0.253196	3699	
-0.683823	-0.055756	4052	
-0.505215	0.329885	1938	
-0.674148	0.003440	1306	
-0.463625	0.225085	2324	
-0.379805	0.084562	3330	
-0.470350	0.175949	4702	
-0.554320	-0.190650	2426	
-0.540020	-0.179947	5628	
-0.464577	-0.048770	3030	
-0.494180	-0.086222	2372	
-0.569747	-0.069902	3958	
-0.532912	-0.084012	2008	
-0.543484	-0.084767	2008	
-0.573328	-0.026546	5418	
-0.579994	-0.087469	982	
-0.598845	-0.077109	4532	
-0.618146	-0.093224	4562	
-0.451111	0.157329	4362	
-0.637636	-0.168114	1772	
-0.461621	-0.372677	5137	
0.204292	-0.697734	4410	
0.462400	0.598568	5775	
0.529603	-0.554738	6411	
0.690500	-0.410199	2445	
0.682098	-0.446541	2509	
-0.060711	0.815656	3991	
-0.157563	-0.837252	6908	
0.771653	0.368004	3091	
0.876750	-0.173011	967	
-0.103721	0.937793	2465	
-0.021984	0.943470	413	
-0.944856	0.282079	6612	
-0.892686	-0.418896	5568	
-0.220142	-0.077705	1999	
-0.330311	0.230088	1156	
-0.319094	0.160192	2272	
-0.294368	-0.017759	5580	
-0.322849	0.032959	1990	
-0.456264	0.228497	2324	
-0.354346	0.019120	2114	
-0.395599	0.084283	3912	
-0.638637	-0.031979	5216	
-0.432396	-0.065965	5878	
-0.468239	-0.124556	3918	
-0.463772	-0.029110	3452	
-0.521754	-0.119069	2152	
-0.508088	0.039053	702	
-0.578617	-0.008629	5592	
-0.566694	0.028173	3172	
-0.575522	-0.096126	982	
-0.541873	-0.148465	6490	
-0.522554	-0.192856	5718	
-0.614859	-0.145017	1988	
-0.388009	0.123688	2886	
-0.386167	-0.224153	2996	
-0.551593	-0.394942	4073	
-0.150158	-0.722225	1862	
0.698211	0.243397	3703	
-0.438187	0.657469	3709	
-0.617856	-0.513767	696	
-0.425322	-0.695422	6004	
-0.736492	0.439418	1496	
0.809124	-0.274226	5461	
0.523543	-0.724327	6014	
0.730097	0.514846	6005	
0.300659	0.894632	843	
-0.704477	0.629340	6320	
-0.260438	-0.157935	519	
-0.509108	-0.404885	5643	
-0.269974	-0.056896	3386	
-0.491055	0.321351	1328	
-0.645443	-0.175873	1772	
-0.463013	-0.276471	1947	
-0.373752	0.105065	2866	
-0.635934	0.156756	5370	
-0.601256	-0.194723	772	
-0.634333	-0.067903	5330	
-0.438912	-0.090137	6540	
-0.518664	-0.175156	5772	
-0.576651	-0.132033	1600	
-0.500723	0.069248	4124	
-0.570421	-0.104100	1098	
-0.576542	-0.094391	982	
-0.482973	0.039827	4568	
-0.608668	-0.000692	6552	
-0.496528	-0.178945	5248	
-0.480783	0.149662	5994	
-0.361592	-0.072828	2680	
-0.486876	0.283786	1978	
0.073876	0.692936	831	
0.237746	0.699904	863	
-0.709032	0.215267	4726	
-0.007163	-0.749228	2026	
-0.083539	0.786994	3231	
-0.028185	0.803015	3245	
-0.088598	-0.817818	5516	
0.312009	-0.788749	3966	
-0.414035	-0.794400	4774	
0.884447	0.114343	4733	
0.719524	0.611600	6917	
-0.410019	0.849439	5113	
-0.973740	-0.155413	4690	
-0.513891	-0.403353	5643	
-0.222540	-0.089802	6555	
-0.227455	-0.079513	6555	
-0.397737	0.254739	394	
-0.297523	-0.051009	3726	
-0.328969	-0.078746	1046	
-0.353492	0.076287	2576	
-0.616339	0.208714	2196	
-0.562722	-0.262246	590	
-0.630571	-0.133348	1760	
-0.631353	0.069389	3180	
-0.525351	-0.194066	5718	
-0.431474	-0.059037	5878	
-0.520642	-0.175435	5772	
-0.446320	-0.005103	3192	
-0.604646	0.041433	5786	
-0.445871	-0.010425	3192	
-0.599947	-0.119006	1190	
-0.568334	-0.181923	6718	
-0.479531	0.148416	5994	
-0.652298	0.095105	1818	
-0.322041	-0.009723	5690	
-0.228962	0.106386	3976	
-0.462463	-0.589643	5378	
0.681380	0.257860	4873	
-0.502775	0.573534	6023	
-0.083804	0.784637	6205	
-0.365742	0.707373	3364	
0.332589	0.754864	1563	
-0.430823	-0.741017	914	
-0.095821	-0.846695	736	
0.877846	-0.167215	967	
0.174192	-0.874491	6390	
-0.120870	0.935782	5051	
-0.978004	0.128057	2356	
-0.219030	-0.027025	789	
-0.219794	0.011161	1245	
-0.423625	-0.335389	4697	
-0.656620	0.189121	952	
-0.396703	-0.238879	686	
-0.320640	0.110846	1242	
-0.322120	-0.044594	6224	
-0.350802	0.068376	2576	
-0.541660	0.274117	1010	
-0.531383	0.263399	4852	
-0.378245	-0.058514	3170	
-0.512328	0.206118	5262	
-0.632556	0.063223	3180	
-0.608376	-0.122160	1490	
-0.487025	-0.171120	4280	
-0.469467	-0.149825	2054	
-0.485417	-0.168921	4280	
-0.548353	-0.192926	2426	
-0.564393	-0.201652	2828	
-0.467784	0.161934	6448	
-0.470100	0.219018	3374	
-0.669139	0.008102	5812	
-0.623022	0.269244	3692	
0.127452	-0.679876	1066	
-0.323564	-0.668454	740	
0.717751	0.158504	6485	
0.304098	-0.718201	6609	
-0.743613	-0.267042	1668	
-0.803429	-0.038544	4928	
-0.617454	0.596655	1505	
0.827575	-0.208420	5847	
0.630824	-0.637128	2136	
0.590419	0.675890	6533	
0.108481	0.937642	2299	
-0.940185	-0.075511	5792	
-0.872183	-0.460040	674	
0.494031	-0.495347	6141	
-0.440148	0.350753	5296	
-0.681255	0.118938	1812	
-0.300606	0.197409	642	
-0.266717	-0.024271	6849	
-0.313797	0.102033	2305	
-0.328075	0.125011	1220	
-0.335946	-0.099629	2286	
-0.343678	-0.062158	2402	
-0.418337	-0.201842	496	
-0.474226	-0.255106	2497	
-0.547040	-0.270057	606	
-0.415384	-0.155479	1230	
-0.620912	-0.157478	1772	
-0.527487	-0.226492	3408	
-0.543631	0.187036	6304	
-0.552247	0.186681	6604	
-0.501347	0.168236	6128	
-0.396844	0.047182	4560	
-0.382697	0.035703	4098	
-0.505559	-0.273708	4407	
-0.641232	0.165217	5404	
-0.286910	0.105590	515	
-0.489901	0.521938	5966	
-0.319343	0.651516	3910	
-0.182462	0.706885	4155	
-0.420575	0.617342	6932	
0.104191	0.787476	5515	
-0.052897	0.801398	3991	
-0.071099	0.845931	5435	
0.457020	-0.717677	6726	
0.065738	-0.889689	4086	
0.812352	0.366261	6735	
0.393200	0.858524	1049	
-0.665469	0.670329	1361	
-0.344473	0.250803	4032	
-0.653275	-0.197112	2796	
-0.398326	0.300856	966	
-0.268253	-0.044249	3160	
-0.293839	-0.044823	3662	
-0.301200	-0.069068	5566	
-0.511222	-0.309049	3070	
-0.437230	0.230343	1892	
-0.338718	-0.023155	1082	
-0.484967	-0.270537	3217	
-0.616329	0.207076	2196	
-0.361672	-0.077512	2602	
-0.566079	0.258072	4592	
-0.396059	0.110978	2706	
-0.608817	0.194603	2620	
-0.575489	0.234133	744	
-0.492239	-0.259862	2497	
-0.387004	-0.140346	3686	
-0.475253	-0.262516	2497	
-0.322310	-0.021969	1308	
-0.508855	0.338076	2190	
-0.148320	0.674430	2825	
0.690916	-0.262156	4089	
0.609375	0.407655	830	
-0.541208	0.544567	1162	
-0.214677	0.757005	4923	
-0.801498	0.027471	726	
0.109293	0.812807	5515	
0.040415	-0.849002	5436	
-0.874875	0.182621	388	
0.879384	0.147175	1375	
0.726916	0.602733	6843	
-0.483359	0.810091	6743	
-0.943729	-0.285847	2108	
-0.403796	-0.315004	5743	
-0.348379	0.248607	1640	
-0.344301	-0.201251	3601	
-0.476947	0.338474	1850	
-0.515692	0.339593	6394	
-0.295006	0.011554	5708	
-0.673404	0.042780	6424	
-0.373758	-0.172254	2488	
-0.474047	0.268353	1244	
-0.372094	-0.139340	2126	
-0.338969	-0.018089	3402	
-0.657460	-0.094958	4540	
-0.560943	-0.273871	606	
-0.468413	-0.257085	1935	
-0.643467	-0.145651	2808	
-0.355474	-0.101409	2558	
-0.499496	0.268843	2798	
-0.572539	0.299174	492	
-0.464121	0.325390	2780	
-0.529420	-0.451835	3869	
0.544825	0.421031	948	
-0.056448	-0.734080	1418	
0.734872	0.068431	4439	
0.759367	-0.221650	4641	
-0.561221	-0.583666	4192	
0.779656	0.191142	773	
-0.716027	-0.458960	5996	
-0.834437	0.177002	6170	
0.890199	-0.072510	5341	
0.847929	-0.415597	5399	
-0.310111	0.890862	6085	
-0.974645	-0.149738	4690	
-0.287170	0.188549	4644	
-0.544149	0.412930	902	
-0.269689	-0.163575	519	
-0.241724	0.115715	3858	
-0.293365	-0.125460	1889	
-0.308499	0.144676	2148	
-0.298896	-0.069866	5566	
-0.519812	0.341425	6394	
-0.382876	-0.217534	2364	
-0.302059	0.059310	2755	
-0.456025	0.269339	1402	
-0.654671	0.146797	2766	
-0.609052	-0.239074	2172	
-0.572669	-0.284628	896	
-0.614088	-0.230911	2172	
-0.639245	0.192402	952	
-0.652801	-0.163536	2808	
-0.533247	0.344482	6378	
-0.496553	-0.354667	1509	
-0.530419	-0.460619	4901	
-0.698313	-0.015862	3806	
-0.260269	0.678875	5657	
-0.092811	0.727194	961	
-0.551998	0.537260	1188	
-0.522784	0.610760	5843	
-0.575638	0.580596	3403	
-0.485190	0.700375	6073	
0.848934	0.047980	5017	
0.801402	-0.400474	4809	
0.090577	0.888458	3855	
-0.182366	0.925700	4565	
-0.986211	0.019200	2478	
-0.768220	-0.618548	5134	
-0.302747	0.205934	614	
-0.219360	-0.071363	1259	
-0.220023	-0.000673	3129	
-0.455024	-0.366391	4219	
-0.397311	0.299566	966	
-0.225369	-0.015704	3129	
-0.293270	-0.137706	2219	
-0.399289	-0.266277	3017	
-0.337148	-0.191986	3601	
-0.286794	-0.112178	2589	
-0.270683	0.051304	3061	
-0.513247	0.369959	2366	
-0.308279	0.137971	3140	
-0.288528	-0.029712	5298	
-0.462958	-0.330367	4535	
-0.266604	-0.021475	6849	
-0.473649	-0.339558	5033	
-0.585120	-0.317092	4397	
-0.219569	0.058881	5853	
-0.400169	0.548339	2916	
-0.686348	0.250419	4090	
0.673866	-0.311538	883	
-0.206746	0.709924	4409	
-0.200996	-0.768640	5466	
0.603335	0.548341	631	
-0.565829	-0.646534	532	
0.669762	-0.538364	6017	
0.603026	-0.662565	5480	
0.506299	0.740681	6803	
-0.079727	0.940240	2465	
-0.927663	0.334774	5398	
0.493834	0.495323	6140	
-0.513404	-0.403804	5643	
-0.335792	0.241525	1156	
-0.519115	-0.399798	635	
-0.449983	-0.361678	5027	
-0.219524	0.036400	6669	
-0.389963	0.298086	898	
-0.498030	-0.402939	5663	
-0.391767	-0.302616	5651	
-0.220872	-0.081121	1999	
-0.219673	0.037137	6669	
-0.223625	0.090628	3390	
-0.235462	0.119581	4768	
-0.340022	0.241851	622	
-0.328066	0.228961	942	
-0.221982	0.082867	6476	
-0.229575	-0.109922	1301	
-0.480108	0.393133	5188	
-0.242049	0.130966	6690	
-0.528524	-0.462226	4901	
-0.613437	0.327973	3964	
-0.591797	0.472864	1116	
0.394137	-0.617678	5895	
-0.764537	-0.187272	1060	
-0.685311	0.435513	2446	
-0.649990	-0.510954	1542	
0.506223	-0.686608	5060	
0.330662	-0.827775	5127	
0.659459	0.606783	6815	
0.015638	0.943671	3181	
0.135396	0.976971	3919	
-0.779062	-0.604643	2030	
-0.332911	0.596063	854	
0.115496	0.728083	1629	
0.428110	0.664488	2895	
-0.181394	-0.776670	5414	
0.071937	0.816201	5527	
0.299870	-0.793324	4622	
-0.024303	-0.892424	5232	
0.727654	0.518481	6005	
0.094344	0.939150	2191	
-0.907498	0.258416	6146	
0.374397	-0.559801	5975	
0.729791	0.088296	3293	
0.220546	0.716893	4605	
-0.722118	-0.319474	646	
-0.696479	-0.416426	6008	
0.128567	-0.839196	5088	
-0.427771	-0.787299	3012	
0.758942	0.469008	6573	
0.134649	0.934224	2585	
-0.868665	0.369677	408	
-0.774835	-0.610132	2030	
-0.543861	-0.433023	2479	
0.504896	-0.562037	6037	
0.408436	-0.620566	6931	
-0.793795	-0.024618	4928	
0.731015	0.328401	3249	
-0.032106	-0.849922	5636	
-0.689209	-0.571195	4444	
0.767640	0.454038	5123	
0.141565	0.933218	2585	
-0.861223	0.386936	408	
-0.527762	-0.482427	5955	
0.442716	-0.593636	815	
0.146665	-0.726822	3596	
-0.788940	0.103972	3318	
0.570777	-0.585077	6254	
-0.052836	-0.849068	1316	
-0.710563	-0.542911	5270	
0.755611	0.474605	6573	
0.112647	0.937149	2299	
-0.878615	0.345108	6896	
-0.743800	-0.647945	1708	
0.448948	-0.527989	3739	
0.671144	-0.189473	657	
0.721221	-0.161659	1371	
0.733477	-0.152278	1371	
-0.789489	-0.076099	4478	
0.543769	0.614172	3517	
0.069141	-0.846765	5436	
-0.453568	-0.773151	748	
0.719551	0.530224	6005	
0.030237	0.943349	3181	
-0.914345	0.232459	5440	
0.493834	0.495323	6140	
-0.311326	-0.405492	4583	
-0.092291	-0.227482	3563	
-0.319349	-0.413042	4583	
-0.401122	-0.490544	5175	
-0.426951	-0.531386	5543	
-0.306413	-0.405247	397	
-0.405510	-0.502477	1163	
-0.420447	-0.529445	5543	
-0.263922	-0.632890	4352	
0.281103	-0.606998	513	
0.395056	-0.501518	463	
0.341748	-0.437381	4821	
0.278332	-0.375695	4455	
0.201993	-0.306054	583	
0.120771	-0.244972	5473	
0.077027	-0.229162	2925	
0.101597	-0.235915	5801	
0.220736	-0.322613	6429	
0.164135	-0.269506	4157	
-0.287896	0.613656	438	
-0.641263	0.290537	5698	
0.315760	0.671674	1109	
-0.749319	0.000134	4400	
-0.621042	-0.508256	696	
-0.069875	-0.812610	5528	
0.272816	-0.803067	3226	
0.008552	-0.892510	1202	
0.642110	0.625742	651	
-0.076814	0.940508	2465	
-0.934965	-0.123596	894	
-0.680635	-0.714197	1800	
0.113363	-0.235412	5473	
-0.354930	-0.447024	5015	
-0.134377	-0.676025	2432	
0.007778	-0.228002	3141	
0.233561	-0.342381	4197	
0.156131	-0.296931	2342	
0.111384	-0.270963	1739	
-0.010285	-0.252417	1217	
-0.173302	-0.312742	2077	
-0.392751	-0.532733	6792	
-0.086808	-0.264463	2555	
0.332170	-0.560881	6197	
0.186711	-0.329153	2633	
0.191626	-0.343512	2961	
0.109405	-0.292910	3659	
0.093988	-0.286699	2677	
0.199674	-0.349588	3441	
-0.319737	-0.446013	3735	
-0.130656	-0.283329	1661	
0.167501	-0.272194	4157	
-0.679728	0.158338	3674	
0.395682	-0.614072	1651	
-0.387520	0.617974	5896	
-0.683878	0.397128	3834	
0.335581	-0.716429	825	
-0.103744	0.810629	3233	
0.534747	-0.666687	4274	
0.422532	-0.785448	3796	
0.499053	0.745454	733	
-0.212531	0.919191	4137	
-0.934777	0.314073	5398	
0.236357	-0.332399	3733	
-0.234440	-0.337264	1021	
-0.346138	-0.449705	2159	
0.214483	-0.342071	4695	
0.010897	-0.686585	6600	
0.132528	-0.304535	2964	
-0.353058	-0.505637	2565	
-0.237754	-0.398952	2613	
-0.113000	-0.671619	2112	
-0.040475	-0.289780	2953	
-0.086059	-0.674483	848	
0.154736	-0.336976	3730	
0.019886	-0.293640	3409	
-0.038296	-0.296740	3379	
-0.086800	-0.309187	3611	
-0.104863	-0.316604	3893	
-0.080005	-0.306607	3837	
0.175433	-0.349270	4185	
0.342897	-0.518541	1717	
0.004468	-0.273129	6051	
0.463110	-0.526795	4899	
0.134238	-0.678194	1066	
-0.623483	-0.377803	1845	
0.725801	-0.151361	2213	
-0.582279	-0.554760	1348	
-0.799537	-0.044117	4928	
-0.426214	-0.713572	1694	
0.728172	-0.453661	6021	
0.729536	-0.522251	6063	
0.236789	0.861963	3081	
-0.355075	0.873757	5961	
-0.968929	-0.183260	2224	
-0.591766	-0.789535	1782	
-0.221292	-0.325183	587	
0.321110	-0.424815	6503	
-0.120261	-0.277528	1473	
0.041298	-0.275109	2761	
-0.264081	-0.422730	1945	
0.323577	-0.547160	6661	
-0.110199	-0.319808	3893	
0.216952	-0.383844	3605	
-0.107549	-0.353452	3088	
0.008008	-0.670209	5312	
0.299864	-0.527412	3839	
0.209843	-0.409164	5681	
0.091758	-0.342032	5482	
0.037777	-0.330058	6502	
0.021631	-0.328766	6450	
0.072716	-0.336359	5898	
0.216223	-0.413988	6733	
-0.234396	-0.445045	1310	
-0.251836	-0.424104	2050	
-0.214214	-0.369171	479	
0.447982	-0.526867	3739	
0.523861	-0.492118	805	
0.715335	-0.187366	1165	
-0.228771	0.702382	5053	
0.013655	-0.790599	4014	
0.162412	0.790014	4699	
0.768924	0.358417	3091	
0.850928	-0.014673	6457	
0.880155	-0.154039	967	
-0.521734	0.725569	6013	
-0.513733	0.791130	5815	
0.358229	-0.450062	4971	
-0.208131	-0.313256	881	
0.380376	-0.509236	649	
-0.226357	-0.363233	1253	
-0.366521	-0.536565	1167	
0.276975	-0.591898	3465	
-0.300590	-0.592870	2370	
-0.298696	-0.559169	709	
0.209321	-0.408839	5681	
-0.207479	-0.625487	2200	
-0.254406	-0.589757	1898	
0.002177	-0.351745	6602	
-0.265887	-0.522496	5253	
-0.078419	-0.654987	476	
0.078266	-0.370827	2754	
0.055027	-0.365628	2410	
-0.095794	-0.652439	528	
-0.260787	-0.572822	752	
0.208969	-0.612482	3672	
-0.110269	-0.356962	3088	
0.146192	-0.334094	4316	
0.071694	-0.267940	2763	
-0.678854	0.161765	3674	
0.290093	-0.665557	5494	
-0.135395	0.719138	3595	
0.153509	0.732818	1843	
-0.697863	0.398921	544	
-0.789082	0.171969	5430	
-0.844043	-0.098725	4718	
-0.144582	0.836463	4549	
0.851247	0.264004	5287	
0.756386	0.564939	5693	
-0.695614	0.639130	6320	
-0.795995	-0.582210	3028	
-0.494026	0.495345	6142	
0.323778	-0.415703	3931	
-0.163984	-0.275300	667	
-0.205970	-0.325194	587	
-0.341678	-0.474174	3877	
-0.090730	-0.298214	3031	
0.137345	-0.327924	4100	
-0.054120	-0.334303	3753	
0.223774	-0.420455	2617	
-0.272249	-0.513569	4715	
-0.226706	-0.471437	2654	
-0.244015	-0.512172	4551	
0.231821	-0.471253	5111	
-0.225447	-0.504218	4929	
-0.078687	-0.646600	476	
0.236925	-0.567440	4777	
0.067991	-0.386247	3034	
0.230213	-0.575694	3349	
-0.124661	-0.636145	666	
0.048757	-0.370908	2416	
-0.241339	-0.506786	4551	
-0.124150	-0.650230	746	
0.053417	-0.298944	3652	
0.318114	-0.424626	6503	
0.072120	-0.690562	4490	
-0.465409	-0.596670	5776	
0.650250	-0.371045	2931	
0.241960	-0.740383	6558	
-0.119432	-0.787305	5354	
-0.688195	-0.430561	5974	
0.084899	-0.845169	4618	
-0.872617	0.193647	506	
0.740538	0.498900	6857	
0.171453	0.928101	3063	
-0.856405	0.397670	408	
0.137942	-0.249926	2377	
-0.231396	-0.329335	1021	
-0.360009	-0.464536	727	
-0.392272	-0.526323	6792	
-0.042732	-0.285717	2433	
0.123712	-0.320971	4616	
-0.291191	-0.509339	3953	
-0.266668	-0.484309	2998	
-0.149955	-0.406679	2204	
-0.252950	-0.533520	4597	
-0.238410	-0.534806	443	
-0.220162	-0.532946	6179	
0.225649	-0.496769	5741	
-0.090486	-0.418526	2624	
-0.207903	-0.525397	6536	
-0.191869	-0.586071	1962	
-0.193132	-0.585046	1962	
-0.198658	-0.507539	6380	
0.066360	-0.395436	3520	
-0.193189	-0.481966	5696	
0.263682	-0.519622	5951	
0.261993	-0.572471	3387	
-0.343752	-0.546593	6264	
0.447729	-0.526057	3739	
0.141395	0.711316	1861	
0.659065	0.306601	3955	
-0.480954	0.586143	6522	
-0.702194	0.385382	544	
0.668312	-0.467850	2569	
-0.362798	-0.744951	1560	
0.717755	-0.470552	6645	
0.526003	-0.722628	6014	
0.455604	0.771987	747	
-0.225877	0.915959	2065	
-0.940319	-0.073800	5792	
-0.580726	-0.797656	1782	
0.362773	-0.454738	4971	
-0.415949	-0.514219	553	
0.359645	-0.484307	4801	
-0.149497	-0.322158	1959	
0.314873	-0.476516	1557	
-0.205879	-0.421469	2835	
0.071163	-0.350365	2440	
0.262444	-0.546716	5463	
0.125602	-0.396726	3414	
-0.209866	-0.510489	6076	
0.006522	-0.393478	2274	
0.099176	-0.631162	1286	
-0.148991	-0.469818	6636	
-0.073492	-0.441847	4424	
-0.136999	-0.485050	3558	
-0.160406	-0.513539	1616	
-0.149295	-0.498000	6046	
0.062540	-0.423801	3540	
0.221643	-0.559508	1793	
0.083304	-0.398846	3876	
-0.160424	-0.434626	4510	
-0.221169	-0.612624	1746	
0.296693	-0.580984	6221	
-0.698419	0.025140	1138	
-0.326706	0.647800	3910	
-0.657854	0.348492	1086	
-0.136566	-0.738408	3286	
-0.759426	0.246474	4642	
-0.750958	0.304836	3392	
-0.612582	0.601467	1505	
0.805473	0.266682	5421	
0.889775	-0.077716	5341	
-0.264889	0.851023	6183	
-0.510493	0.793212	5815	
-0.928917	-0.331056	3592	
-0.004144	-0.222472	1655	
-0.221584	-0.333503	599	
-0.328961	-0.462363	4015	
0.337711	-0.504551	2587	
-0.330138	-0.520819	6525	
0.140222	-0.363477	1196	
-0.017916	-0.658934	5424	
-0.069309	-0.387592	1400	
-0.108252	-0.632672	5578	
-0.210241	-0.544872	2374	
0.067231	-0.426126	402	
0.087114	-0.615656	6420	
-0.128020	-0.506781	2178	
-0.099918	-0.596959	6300	
0.168324	-0.529528	4411	
-0.005619	-0.619530	4720	
-0.105765	-0.594732	6300	
0.192254	-0.529697	689	
-0.196488	-0.526585	2812	
-0.201530	-0.512096	6380	
0.081518	-0.376473	2754	
-0.046103	-0.334120	3889	
-0.394505	-0.542785	891	
-0.394173	0.550501	3996	
0.609891	-0.443512	6375	
0.269927	0.700082	1011	
-0.619073	-0.504214	696	
0.699872	0.373336	5921	
0.456929	-0.677075	5020	
0.038266	-0.849153	5436	
0.621786	0.597841	483	
0.758151	0.470336	6573	
0.504475	0.798948	3971	
-0.770089	0.547457	3138	
-0.747186	-0.644043	6152	
-0.083510	-0.225370	4835	
-0.177902	-0.316353	2077	
0.046207	-0.277929	2610	
0.251845	-0.411830	1481	
-0.260952	-0.598041	1886	
0.123460	-0.377703	2312	
0.250926	-0.500008	4431	
-0.177677	-0.603191	2012	
0.072529	-0.636698	1084	
-0.021271	-0.425006	2336	
-0.109029	-0.487151	2864	
0.140397	-0.488336	447	
-0.011033	-0.605497	4482	
0.080925	-0.596041	5468	
0.122673	-0.575953	2320	
0.124579	-0.574580	2320	
-0.032136	-0.455045	3132	
-0.097091	-0.599651	6300	
-0.153824	-0.503078	6046	
-0.024940	-0.393325	5864	
-0.253214	-0.558400	1127	
-0.053464	-0.677293	6034	
-0.569653	0.409126	4404	
0.736224	-0.045541	5321	
-0.373395	0.624810	1432	
0.332969	0.676680	739	
0.072241	0.790167	4677	
-0.178200	0.781080	3115	
0.379820	-0.725955	1513	
0.786046	-0.337270	5655	
0.572267	-0.688389	5292	
0.454218	0.772780	747	
-0.191899	0.923764	4565	
-0.929419	0.161702	1410	
0.035660	-0.226457	799	
0.113409	-0.673237	6478	
0.053547	-0.285726	3652	
0.237076	-0.401218	6053	
0.278374	-0.495867	2489	
-0.105492	-0.393079	2194	
-0.088589	-0.410137	2340	
-0.196946	-0.508344	6380	
-0.018326	-0.424553	2336	
-0.133944	-0.518223	2428	
-0.084969	-0.582382	3224	
-0.070201	-0.560567	2442	
0.015662	-0.591625	4580	
0.073986	-0.581553	5468	
0.098153	-0.569144	3830	
0.075777	-0.580897	5468	
0.146051	-0.547961	904	
-0.000094	-0.620332	4720	
-0.198574	-0.529049	2812	
-0.225084	-0.528275	6179	
-0.079721	-0.659558	528	
-0.023313	-0.253014	3025	
0.479146	0.532129	664	
0.509342	-0.559061	5379	
0.315462	0.683002	739	
-0.458953	0.645257	6333	
-0.029460	-0.794014	4036	
0.652545	-0.493569	4881	
-0.654881	-0.550195	5308	
0.222808	0.823285	5645	
0.880727	0.139294	1375	
-0.498918	0.740924	6893	
-0.570809	0.751670	1269	
-0.932108	-0.321957	2532	
-0.438315	-0.883725	4416	
-0.005233	-0.226883	1655	
0.194635	-0.325742	5761	
0.336586	-0.502855	2587	
-0.192357	-0.410671	2235	
0.275817	-0.538201	6057	
0.001220	-0.373594	1194	
0.148823	-0.431909	754	
0.139456	-0.455644	1550	
-0.093673	-0.475754	6168	
-0.100099	-0.568692	2642	
-0.060494	-0.570795	2674	
0.028738	-0.498546	1028	
-0.022162	-0.510809	1394	
-0.044039	-0.532405	1436	
-0.045919	-0.536239	2332	
0.118628	-0.540298	3566	
0.147200	-0.526579	760	
-0.127590	-0.580597	2288	
0.169186	-0.605677	3866	
0.249807	-0.487469	4431	
0.211303	-0.378802	3605	
-0.606130	0.342102	3964	
0.103317	0.729720	1629	
-0.535045	0.538796	1162	
0.008941	0.746034	2025	
0.116613	0.785648	5353	
0.226369	0.775280	5589	
-0.178634	-0.804548	5116	
0.716945	-0.471855	6645	
-0.073986	-0.889920	3856	
0.635573	0.632605	5671	
0.138391	0.933703	2585	
-0.854642	0.401478	408	
-0.056922	-0.227750	5617	
0.163390	-0.304919	5277	
-0.056618	-0.677242	6034	
-0.077927	-0.664894	528	
0.265270	-0.525300	5951	
0.041613	-0.387448	2384	
0.005127	-0.642995	4530	
0.153827	-0.486736	523	
-0.096617	-0.512359	1064	
-0.075575	-0.544436	1572	
0.050628	-0.501543	1258	
-0.004399	-0.560726	3188	
0.064732	-0.548736	3126	
0.066795	-0.546318	3126	
-0.040045	-0.558611	3628	
0.118728	-0.533724	3566	
-0.078230	-0.475654	6648	
-0.151916	-0.583838	2444	
0.114795	-0.631853	5388	
0.079980	-0.662566	4782	
-0.180594	-0.306598	2689	
-0.618483	0.317978	4500	
0.707990	0.184519	5523	
-0.018314	0.744351	3811	
-0.146679	-0.778422	4700	
0.502858	-0.626336	534	
0.771914	-0.242503	4641	
-0.710990	-0.467291	5300	
0.571583	0.641529	531	
0.892427	-0.012117	6747	
-0.011460	0.892444	1201	
-0.480432	0.811834	6743	
-0.874476	-0.352843	548	
-0.460664	-0.872303	1526	
-0.136167	-0.254980	5883	
-0.295686	-0.442420	5129	
0.238571	-0.400541	6053	
0.204806	-0.405602	5681	
-0.120524	-0.401331	1816	
-0.088154	-0.636894	476	
0.197268	-0.517590	689	
-0.075847	-0.464971	6648	
-0.106154	-0.558802	1700	
-0.058910	-0.571961	3628	
-0.021334	-0.539398	1770	
0.013557	-0.546295	2462	
0.034692	-0.534451	2238	
0.065004	-0.528485	2560	
0.065037	-0.486835	3352	
0.106996	-0.481850	2486	
-0.099607	-0.599286	6300	
-0.109617	-0.629174	5578	
-0.172793	-0.434995	3345	
-0.031375	-0.285247	2953	
-0.546246	-0.412873	3229	
-0.430946	-0.617071	6160	
0.631319	-0.409073	1749	
0.254751	-0.725073	6558	
-0.767940	0.215787	5550	
-0.675666	0.458737	2570	
0.159164	-0.803869	4344	
0.765289	-0.384216	5159	
-0.129367	-0.883787	3650	
0.622178	0.646177	5671	
0.287798	0.898851	843	
-0.818607	0.471303	6090	
-0.294429	-0.393732	469	
0.104154	-0.671886	6478	
-0.107247	-0.319037	3893	
0.017548	-0.343825	5334	
0.252809	-0.549890	3897	
0.159142	-0.438357	754	
0.065523	-0.426241	402	
0.045063	-0.613094	5412	
-0.041481	-0.498290	2692	
0.091107	-0.529394	2052	
-0.014620	-0.527897	2902	
-0.012108	-0.525644	3098	
0.042508	-0.515719	1484	
-0.012461	-0.574077	3940	
-0.090929	-0.508222	916	
0.173288	-0.549583	1015	
-0.094990	-0.425420	2624	
-0.123616	-0.408039	2266	
-0.233283	-0.409695	3014	
-0.589795	0.372749	2628	
0.737157	-0.016712	3211	
-0.407081	0.608967	3922	
0.655380	-0.378568	2931	
-0.221454	-0.763333	5590	
-0.764806	-0.225489	4860	
0.647374	-0.516679	6155	
-0.176968	-0.833667	6908	
0.038995	0.849691	5635	
0.884058	0.117120	4733	
-0.075727	0.888839	4085	
-0.502496	0.798293	5815	
-0.932949	-0.137984	4498	
-0.447794	-0.878979	4416	
0.383910	-0.482930	1359	
0.259970	-0.401418	1055	
0.214098	-0.383363	3605	
-0.144704	-0.394059	2262	
-0.066218	-0.387985	1900	
-0.009792	-0.395301	3394	
-0.144861	-0.503785	3558	
0.131940	-0.495012	3362	
-0.026085	-0.490838	1570	
0.057973	-0.573424	5396	
0.088330	-0.550498	3010	
0.064711	-0.568685	5396	
0.007108	-0.482335	2380	
-0.014348	-0.464617	3086	
0.169080	-0.509756	4143	
-0.201872	-0.553617	2374	
0.254717	-0.529319	4305	
0.058115	-0.332749	6136	
0.452576	-0.530297	3739	
-0.097333	0.720880	5441	
0.239097	0.699506	863	
-0.376121	0.635983	1432	
-0.254396	-0.752498	4308	
-0.008782	-0.793980	4014	
-0.675796	-0.435494	4452	
-0.519909	0.677225	4273	
0.846734	-0.092594	3985	
0.580603	-0.681629	5292	
0.495183	0.747963	733	
0.059193	0.942008	3507	
-0.854635	0.401543	408	
-0.693949	-0.701239	3260	
0.048157	-0.226614	927	
0.027284	-0.276539	2761	
-0.249175	-0.456882	2060	
0.180786	-0.623479	5206	
-0.109012	-0.406886	1816	
-0.055542	-0.405763	3950	
-0.113708	-0.473253	396	
-0.041062	-0.610781	4952	
-0.093167	-0.508352	916	
-0.014767	-0.486930	1112	
-0.000145	-0.483444	2380	
0.064911	-0.486753	3352	
0.060030	-0.464128	782	
0.139638	-0.587022	3880	
-0.175598	-0.487840	6410	
0.254272	-0.521736	4305	
-0.054404	-0.335919	3753	
0.216440	-0.318773	6429	
0.434952	0.558351	5302	
0.723636	0.122389	6639	
0.156722	0.731102	1843	
0.223577	-0.745432	4924	
-0.664762	-0.433284	4452	
-0.755270	0.293097	3392	
0.015520	-0.821222	5452	
0.694267	-0.505725	5471	
0.124222	0.848546	619	
0.745268	0.491434	6857	
-0.692273	0.570849	4242	
-0.635602	0.698447	3073	
-0.804707	-0.492449	4332	
-0.376183	-0.911862	770	
-0.215519	-0.320091	587	
0.012666	-0.275974	6051	
0.226413	-0.610584	3381	
0.274712	-0.540670	6057	
-0.063374	-0.387032	1900	
0.084228	-0.403582	3876	
0.194406	-0.511083	4365	
0.066761	-0.444436	582	
0.150079	-0.555384	976	
0.006489	-0.461167	2436	
0.083685	-0.470898	2580	
0.124360	-0.467693	2170	
0.161826	-0.588583	2948	
0.142546	-0.618476	5366	
0.088539	-0.375856	2754	
0.193541	-0.396293	4593	
0.130585	-0.245212	2377	
-0.544186	-0.434596	2479	
0.727055	-0.130708	1979	
0.382278	0.645045	1447	
-0.083576	0.770576	6205	
-0.714314	0.364899	2068	
0.464243	0.671579	2697	
-0.496676	0.656217	4149	
0.097254	-0.843712	4518	
0.123712	0.842362	619	
0.891892	0.024517	6083	
0.138148	0.882505	3649	
-0.331514	0.883052	5595	
-0.928109	0.168968	1410	
-0.552398	-0.817492	1878	
-0.390727	-0.488149	489	
0.009159	-0.275931	6051	
-0.152338	-0.649276	1184	
-0.134003	-0.387376	1540	
0.175314	-0.428106	3112	
0.175950	-0.602091	3866	
0.055691	-0.637971	5910	
0.194060	-0.510586	4365	
-0.152179	-0.526155	1536	
-0.131195	-0.494614	2178	
0.106387	-0.614910	4776	
-0.003345	-0.396331	2274	
0.229727	-0.561850	1901	
0.274177	-0.510960	3969	
0.049599	-0.676266	4474	
0.453973	-0.530958	3739	
0.321059	-0.640573	3909	
0.729075	0.092827	3293	
0.423522	0.624029	6125	
0.612054	-0.503793	3579	
-0.283463	0.735453	6764	
0.697893	-0.417332	2445	
0.698710	-0.439999	3853	
-0.625959	-0.585854	484	
0.805273	0.267272	5421	
0.768789	-0.461509	551	
0.442053	0.779586	747	
0.222443	0.917093	1069	
-0.818125	0.472115	6090	
-0.812694	-0.558759	4388	
-0.255172	-0.952449	6616	
-0.362939	-0.460662	1215	
0.062726	-0.281014	2992	
0.182143	-0.360492	4185	
0.127629	-0.371664	3290	
0.025034	-0.364182	1984	
0.103628	-0.636629	1286	
0.102185	-0.631906	1286	
0.193624	-0.464852	4391	
0.192710	-0.464115	4391	
0.002359	-0.645213	5340	
-0.099216	-0.638015	476	
0.254350	-0.494430	4431	
-0.188049	-0.407850	2235	
-0.363673	-0.516717	5851	
-0.588723	-0.331362	4397	
-0.213900	0.696297	4409	
0.370464	0.647681	1447	
0.234123	0.711703	863	
0.274118	0.731875	1117	
-0.229818	0.754415	4923	
-0.148442	-0.789582	5530	
-0.809891	0.024371	840	
-0.850956	0.004981	6458	
0.850541	0.016232	5237	
0.221602	-0.863526	4796	
0.565629	0.696916	833	
-0.877328	-0.158589	1376	
-0.690828	0.644257	6320	
-0.903685	-0.268768	3552	
-0.345165	-0.923969	424	
-0.035124	-0.227078	721	
0.122562	-0.667660	5766	
0.250048	-0.410718	1481	
-0.285772	-0.576730	1255	
0.260903	-0.565441	3897	
0.144115	-0.399639	3176	
-0.242485	-0.521854	4597	
-0.243432	-0.562530	1127	
0.135672	-0.395249	2724	
0.273501	-0.543634	6057	
-0.150809	-0.380517	2117	
0.022206	-0.282676	2945	
0.448389	-0.527302	3739	
-0.329356	0.587947	5888	
-0.550388	-0.521164	5361	
-0.451585	0.589928	5818	
-0.322715	0.662283	3910	
-0.377675	-0.695124	2660	
-0.681834	0.428522	2234	
0.349593	-0.717449	3363	
-0.668541	0.475557	4882	
-0.812890	0.262275	4708	
0.850519	-0.035046	6457	
-0.695642	-0.562927	4444	
0.682453	0.579662	4443	
-0.339329	0.824303	5128	
-0.559566	0.759946	1269	
-0.943283	0.009380	598	
-0.294341	-0.393613	469	
-0.081588	-0.284914	3215	
0.304726	-0.571544	6221	
-0.305578	-0.477662	1337	
-0.094641	-0.349337	3786	
-0.293941	-0.515233	4571	
-0.272343	-0.486106	1689	
0.049843	-0.331090	5316	
0.267372	-0.598062	3465	
-0.367635	-0.543275	6114	
0.461588	-0.529374	4899	
0.146723	-0.674874	2826	
-0.375567	-0.645047	1448	
0.715056	0.159286	6485	
0.680269	-0.302159	883	
0.357573	-0.645216	4319	
-0.701300	-0.353707	574	
-0.697136	-0.371316	5922	
0.657993	0.464675	3781	
-0.326351	-0.750731	1952	
-0.836616	0.164502	6170	
0.850859	-0.021027	6457	
0.269306	0.852795	4585	
0.749530	0.484614	6857	
-0.131635	0.882072	5879	
-0.435045	0.836920	6105	
-0.928730	0.165654	1410	
-0.596554	-0.785920	1814	
-0.138682	-0.976513	3920	
0.128630	-0.249615	3411	
-0.288807	-0.414472	2092	
-0.129878	-0.306798	2939	
0.161252	-0.324700	3730	
0.151058	-0.318129	2890	
-0.345130	-0.492371	2621	
-0.249828	-0.378359	637	
0.462867	-0.527292	4899	
-0.623588	-0.274733	1702	
0.179090	0.672395	2737	
-0.574751	-0.483470	6729	
0.627512	-0.411385	6077	
-0.669250	0.322499	706	
-0.230659	0.701681	5053	
-0.052725	-0.757871	3274	
-0.774801	-0.149194	5670	
0.063146	-0.790256	3232	
-0.691841	0.431548	2446	
-0.556817	0.612978	1237	
-0.769437	-0.357343	3092	
0.850258	0.021446	5237	
-0.759491	0.476983	552	
0.749906	0.483992	6857	
-0.080842	0.888372	4085	
-0.345141	0.877754	5595	
-0.907246	0.259280	6146	
-0.723531	-0.670603	1708	
-0.386295	-0.476660	5161	
-0.050382	-0.222358	5617	
0.447687	-0.525166	3739	
0.449190	-0.521611	4899	
-0.609414	-0.298597	1925	
-0.416589	-0.564826	3533	
-0.292445	0.610918	438	
-0.444199	0.586710	5594	
-0.694584	-0.224353	4420	
0.708547	0.182686	5523	
-0.686673	0.279175	1226	
0.035018	0.744734	1911	
0.192906	0.723548	4605	
-0.661010	-0.431582	4452	
-0.751416	0.270856	2572	
-0.614466	0.533778	4896	
-0.733424	-0.320362	5368	
0.069993	-0.817733	3994	
-0.074494	-0.847616	1366	
0.814860	0.237044	4917	
-0.240423	-0.861009	3082	
0.680551	0.582011	4443	
-0.128744	0.882499	5879	
-0.332344	0.882742	5595	
-0.902167	0.276861	6146	
-0.836273	-0.522509	1792	
-0.166229	-0.972187	2906	
0.450340	-0.529068	3739	
-0.540036	-0.459181	661	
0.398779	-0.548777	3995	
0.244156	0.650561	5739	
-0.733946	0.062703	5322	
-0.550918	-0.520499	5361	
0.727243	-0.129637	1979	
-0.405241	0.609830	3922	
0.616174	-0.436645	6109	
-0.326934	0.660211	3910	
0.025478	0.745521	1911	
0.041104	0.785965	4035	
0.372480	0.709379	2659	
0.315644	-0.724064	825	
-0.362035	0.714224	3364	
-0.809414	0.007594	6438	
0.850691	0.008158	5237	
0.672839	-0.534471	6017	
0.508006	0.692639	5443	
0.636438	-0.631682	1888	
0.521992	0.729938	6803	
-0.273062	0.848410	5177	
-0.423699	0.842726	4513	
-0.912425	0.239979	5440	
-0.891063	-0.422369	5568	
-0.155218	-0.974017	3920	
0.452652	-0.521533	4899	
-0.282380	-0.634689	4426	
-0.542892	-0.516031	2605	
-0.701228	-0.205596	4764	
0.736644	-0.038220	1279	
-0.478644	0.577380	6292	
0.396685	-0.616068	1651	
-0.651629	0.368410	2932	
-0.349859	-0.668602	1192	
0.114394	-0.747587	962	
-0.239036	-0.756902	4656	
0.093153	0.787880	4677	
0.205793	-0.763125	2128	
0.637203	0.498500	1591	
-0.215161	-0.778364	5590	
0.164401	-0.802753	3742	
-0.482771	-0.709899	5532	
0.846870	0.073283	5335	
-0.751493	-0.394667	2182	
0.892287	-0.028998	6595	
0.317805	0.836434	5499	
-0.567445	0.692190	5291	
-0.574915	0.748577	1269	
-0.931786	0.147334	546	
-0.797244	-0.580522	3028	
0.426884	-0.543473	865	
0.558945	0.379266	5022	
-0.476956	-0.546273	6865	
-0.581285	-0.470929	6499	
0.280524	0.685300	1011	
-0.721694	-0.131452	6640	
-0.350094	0.639418	2726	
-0.453330	-0.615361	6392	
-0.491922	-0.592019	1089	
0.520721	0.611271	4727	
-0.756698	-0.218309	4860	
-0.771067	-0.175526	6666	
0.594086	-0.551659	3693	
0.327934	0.740588	1951	
-0.380678	-0.718266	1108	
-0.770793	0.290960	5394	
-0.847725	0.081740	3986	
0.797051	-0.309098	5393	
0.599942	0.614121	5517	
-0.217849	-0.866777	3082	
0.752966	0.478977	6905	
0.088447	0.888666	3855	
0.312086	-0.834854	6784	
-0.739197	0.588411	608	
-0.942940	-0.025705	618	
-0.609750	-0.775725	3310	
-0.058804	-0.984576	2016	
0.116480	-0.979273	5180	
0.576358	0.480927	6730	
-0.052070	0.732312	935	
-0.732079	0.095635	3822	
0.589514	0.458654	6926	
-0.693074	-0.256448	3704	
-0.560150	-0.525510	5840	
0.355604	0.710488	3095	
-0.782715	-0.105532	3264	
-0.792084	0.064246	5024	
0.336063	-0.714727	825	
-0.663591	-0.448488	3782	
-0.801104	-0.067026	4730	
0.699286	-0.418265	2445	
-0.813052	-0.089891	4496	
-0.847616	0.083264	3986	
0.728867	-0.452509	6021	
0.750843	0.395820	2181	
0.779639	0.340422	4101	
0.888761	0.076102	4817	
0.319957	0.835632	5499	
-0.300646	0.838992	6367	
-0.183625	0.925447	4565	
-0.865756	0.376534	408	
-0.909520	-0.248650	3778	
-0.403177	-0.900252	1840	
0.022400	-0.986057	2452	
0.541892	0.544520	1048	
-0.736978	0.138021	1980	
-0.616162	0.502508	3580	
0.140724	-0.774275	2362	
0.712013	-0.365534	4341	
-0.629493	-0.493658	1092	
0.570127	-0.574479	3404	
-0.232135	-0.770127	4656	
-0.804922	0.014999	726	
-0.013897	-0.803881	4610	
-0.747105	0.350943	3522	
0.770022	-0.301497	5393	
-0.481658	-0.710623	5532	
0.835880	-0.169017	6169	
0.708823	0.470832	5299	
0.738522	-0.437258	1495	
0.886781	-0.107829	5263	
0.482475	0.755975	3929	
-0.072899	0.889092	4085	
-0.767670	-0.453997	5124	
-0.703016	0.630989	6320	
-0.936402	0.113854	796	
-0.741294	-0.584857	6844	
-0.184995	-0.968688	2142	
-0.074408	-0.790727	4678	
0.220513	-0.758318	4924	
0.750884	-0.277665	2571	
-0.637635	-0.491963	1592	
-0.407848	0.690896	6047	
-0.600161	-0.552452	1348	
0.555378	0.601641	5047	
-0.811053	0.126953	4576	
0.782286	0.242471	4659	
-0.669482	-0.530566	4418	
0.713754	-0.476849	5419	
0.791467	0.305368	4065	
0.265535	0.811206	2255	
-0.564600	0.651912	731	
0.887394	0.089836	4131	
0.438661	0.781443	747	
-0.051998	0.890682	4085	
-0.756610	0.481628	818	
-0.515893	0.789738	5815	
-0.905962	0.263922	6146	
-0.905339	-0.263226	3778	
-0.522242	-0.836995	3396	
-0.415415	0.688452	5997	
0.419718	-0.694983	5998	
-0.817858	0.058511	2528	
0.519251	-0.644374	820	
0.370220	-0.763410	6187	
-0.758056	-0.381384	2182	
0.362290	-0.767299	3457	
0.850927	-0.015308	6457	
0.728730	0.436981	6399	
0.247940	0.816449	2255	
0.847804	0.076879	4717	
0.805665	-0.391562	4809	
0.729679	0.515472	6005	
0.194370	0.872218	6441	
-0.188255	0.871500	6389	
-0.821902	0.355114	6272	
-0.491162	0.805333	6743	
-0.897096	0.293252	920	
-0.929533	-0.159110	6788	
-0.053993	-0.942305	3508	
-0.103148	-0.980909	2394	
0.279740	-0.945589	3780	
0.850814	-0.023585	6457	
0.839675	0.128732	575	
0.786959	0.316777	3113	
0.688780	0.502405	5219	
0.547235	0.662619	5043	
-0.023217	0.849824	6631	
-0.301433	-0.799265	4454	
-0.276510	-0.850564	4586	
0.889710	0.064481	4817	
0.651146	0.616025	6815	
0.183426	0.874508	6441	
-0.105295	0.885717	4737	
-0.508771	0.734406	6851	
0.935470	0.119767	893	
-0.697644	0.636900	6320	
-0.922581	0.196728	4662	
-0.921937	-0.197773	1240	
-0.624543	-0.709253	1442	
-0.160152	-0.973216	3920	
0.294994	-0.940931	2702	
0.664027	-0.603306	5433	
0.839911	-0.309003	6919	
0.890972	0.045444	6083	
0.814643	0.361002	6735	
0.651189	0.615986	6815	
0.394226	0.804144	4773	
0.081162	0.889336	3855	
-0.136610	0.881302	5879	
-0.347319	0.820995	4880	
-0.655286	0.612566	5434	
0.798368	-0.406684	4809	
-0.615836	0.715700	5125	
-0.899205	0.286570	6146	
-0.942836	-0.029165	618	
-0.858349	-0.390666	2154	
-0.606654	0.777310	6605	
-0.090207	-0.982173	2394	
0.329737	-0.929264	2058	
-0.458698	0.765537	6673	
-0.475101	0.755818	6805	
-0.522902	0.724766	6013	
-0.610662	0.655808	521	
-0.742491	0.503481	3626	
-0.891382	0.054912	4614	
0.450588	0.830205	1373	
-0.602974	0.726456	2073	
-0.865073	0.378195	408	
-0.937974	0.099431	796	
-0.934735	-0.125200	4498	
-0.851835	-0.404570	2154	
-0.642521	-0.692905	4790	
-0.309959	-0.936223	6634	
0.101099	-0.981020	5180	
0.390303	-0.905600	3334	
-0.933056	0.138941	546	
-0.934675	0.127513	546	
-0.939477	0.082899	796	
-0.943278	0.008339	598	
-0.939602	-0.082295	5602	
-0.923172	-0.192033	1240	
-0.886442	-0.321444	4044	
-0.800359	-0.499631	4332	
-0.660489	-0.675677	4790	
-0.745294	0.646078	756	
-0.122667	-0.978663	3100	
0.161532	-0.972831	5280	
0.323672	-0.931413	2058	
-0.368191	-0.869395	1140	
-0.359359	-0.872994	1140	
-0.239622	-0.912789	1070	
-0.968092	-0.187539	2224	
-0.288529	-0.942952	6634	
-0.008443	-0.986273	1852	
0.159653	-0.973144	5280	
0.392115	-0.904812	3334	
0.510768	-0.843263	6416	
0.626852	-0.761188	6422	
0.605714	-0.778042	6606	
0.612703	-0.772560	6546	
0.625469	-0.762298	6422	
