time = 142.2	Re = 90
-0.323139	-0.834685	4977	
-0.030916	0.269481	3160	
0.320259	-0.886771	547	
0.461024	0.671812	2446	
-0.782727	0.117259	4678	
-0.580418	-0.130375	858	
0.575487	0.512715	6412	
-0.653913	0.438588	2970	
-0.430923	-0.111681	604	
-0.385134	0.623230	829	
-0.725217	-0.149023	6652	
-0.454400	-0.160890	4208	
-0.740368	0.107986	2024	
0.733583	-0.256233	4175	
0.287271	0.458424	1244	
-0.807422	0.386598	5678	
-0.400591	0.853776	502	
0.467159	-0.819409	4331	
-0.443965	0.056575	3132	
-0.680339	-0.145158	2042	
-0.034983	0.343676	1114	
-0.515066	0.187716	1924	
-0.591282	-0.011321	5576	
-0.393298	0.107808	2340	
0.889877	-0.065812	5231	
-0.441926	0.030595	2512	
-0.451705	-0.313620	5569	
-0.167331	-0.836415	4563	
0.298217	0.371785	2562	
0.378408	0.864749	6896	
-0.163041	0.397731	3862	
-0.661161	-0.601857	2136	
-0.794323	0.001855	3246	
-0.303108	0.604100	4397	
0.056396	0.279951	2967	
-0.608426	0.530205	5556	
0.850143	0.408303	6105	
-0.816379	0.553893	2004	
-0.332834	-0.119889	4100	
-0.499699	-0.004644	2276	
0.124669	0.446874	5942	
-0.941092	0.294334	6616	
-0.465281	-0.340211	4971	
0.144586	0.351644	2248	
-0.401860	0.031334	1736	
0.224164	0.454170	4094	
0.635935	0.508704	1237	
-0.291798	-0.127786	2982	
-0.146413	0.931414	6902	
0.007863	0.368084	3006	
0.790634	0.130920	3741	
0.349566	0.482582	1938	
0.256746	0.637571	4168	
0.580463	0.628024	6790	
0.695744	0.493386	4273	
-0.271940	0.782156	3114	
-0.740542	-0.651568	1710	
0.066543	0.343744	2748	
0.808140	-0.139276	5515	
0.075124	0.490190	4538	
0.263964	0.340365	1640	
-0.410016	0.791827	5124	
-0.863124	0.477605	4416	
-0.382021	0.725826	6008	
-0.613390	0.070627	4952	
-0.229479	0.493286	3254	
-0.447375	0.357914	2159	
-0.678681	-0.081582	6478	
-0.984169	-0.063491	5180	
-0.565808	0.125659	2642	
0.676883	0.271155	5493	
0.240488	0.339950	984	
-0.110338	0.792557	5670	
0.391173	0.859322	954	
-0.415788	0.788887	5124	
0.625737	0.260987	514	
0.646817	0.373072	5896	
0.372770	0.717177	2068	
-0.870643	-0.462499	5070	
-0.496017	0.195351	6434	
-0.554809	0.288689	752	
0.571681	-0.647681	483	
-0.503769	-0.302463	1557	
0.524481	0.644317	4882	
0.472167	-0.540022	6326	
-0.136810	0.678448	3788	
-0.287510	-0.698330	1317	
-0.531275	-0.178681	689	
0.198453	0.462572	4702	
0.942050	0.056098	2465	
-0.598859	0.253993	2166	
-0.272007	0.752750	1370	
-0.286531	0.403662	5651	
0.882596	0.125569	6389	
0.560951	0.395870	416	
0.127488	0.659013	1818	
0.291116	0.563024	4592	
-0.729442	-0.663947	3776	
-0.633570	-0.193693	4511	
-0.319994	0.149644	3327	
0.005301	0.595019	6626	
-0.025170	0.569482	5418	
0.533390	-0.655827	5307	
-0.421439	0.003579	2454	
0.811181	0.096504	4549	
0.806756	0.380026	3795	
-0.522490	0.361730	6525	
-0.435165	0.728943	5300	
-0.684934	-0.394056	4462	
0.809241	0.374584	4527	
0.916610	-0.222836	3063	
0.190288	-0.870341	4587	
-0.413384	0.654485	1378	
-0.329093	0.065285	4121	
-0.369997	0.542270	5769	
0.714571	0.538936	5291	
0.506095	0.610206	5756	
0.605995	0.439595	5818	
0.873956	-0.184653	6571	
-0.429889	-0.244478	1481	
-0.222936	0.535935	6408	
0.445236	-0.555514	5842	
-0.401875	0.713306	5974	
-0.459523	0.384530	741	
-0.256458	0.368420	4849	
0.264346	0.689467	1326	
0.202392	0.512515	6350	
-0.866887	0.470608	4416	
-0.490089	-0.856068	4115	
0.462663	-0.661416	1591	
0.899011	0.285386	5595	
0.744933	0.493083	6013	
-0.788476	-0.184311	3196	
0.135627	0.472071	1422	
0.573246	0.689731	5732	
-0.380869	0.061731	4214	
0.890571	0.050590	4737	
-0.056342	0.235722	2031	
0.820028	-0.212325	6847	
-0.618981	-0.067186	6420	
0.516176	-0.621722	6031	
0.675328	0.274134	5493	
-0.754483	-0.390617	1548	
0.047588	0.547344	2464	
-0.727537	-0.084111	1020	
-0.848128	0.062233	5636	
0.325482	0.726362	3392	
0.542064	-0.536230	1248	
-0.440171	0.037654	2336	
-0.795329	-0.582825	6546	
-0.206303	0.608769	2172	
0.277360	0.420629	3120	
0.928920	-0.166571	2299	
0.879150	0.340114	5323	
-0.414639	0.319968	425	
0.108209	0.271845	2687	
-0.590972	0.018763	4580	
0.647081	0.465297	875	
0.514407	0.681552	5420	
-0.480797	-0.029145	782	
-0.537095	-0.628524	5667	
-0.669551	0.317075	906	
0.617014	0.554673	4339	
-0.553933	0.427830	3108	
-0.529681	-0.102688	760	
0.890224	-0.067831	5231	
-0.892085	-0.419968	5326	
-0.262874	0.480914	1275	
-0.273641	0.113962	3045	
-0.822276	-0.206685	4112	
-0.161721	0.800597	1408	
-0.243197	-0.818007	5847	
-0.224267	-0.060248	2925	
-0.632509	0.393796	1448	
-0.708083	0.120456	1630	
0.137809	-0.719087	4997	
0.303767	-0.677584	4290	
-0.018483	0.391032	3846	
-0.803848	0.286728	2256	
0.920034	0.205847	2065	
-0.131856	0.933628	6902	
-0.418429	0.357431	4521	
0.479337	-0.617825	1213	
-0.111161	0.239801	6863	
-0.956049	0.241412	2142	
-0.494052	-0.056805	2710	
0.810760	-0.483858	1373	
0.316042	0.745493	2572	
0.801451	0.154145	3115	
-0.256103	0.522019	4003	
-0.615557	0.162088	666	
-0.526799	-0.364938	649	
-0.507599	0.372098	5067	
0.768639	0.617974	6421	
0.690989	-0.401812	2659	
-0.075860	0.444364	4024	
-0.352785	-0.008437	6186	
-0.276138	0.000994	6051	
0.295937	0.438385	2942	
0.695514	-0.034598	6691	
-0.138453	0.776391	6666	
0.670453	0.329306	4320	
-0.458301	0.298993	1689	
-0.252919	0.908190	6118	
-0.153368	0.773050	1060	
-0.072997	0.888641	4734	
0.247253	0.601637	2844	
-0.985369	-0.040045	4046	
0.344077	0.548127	468	
-0.106750	0.348963	1681	
0.587572	0.468558	5876	
-0.797547	0.304218	4954	
-0.654128	-0.738544	421	
-0.793397	-0.585464	6546	
0.791831	-0.218987	5115	
-0.319204	0.534197	2881	
-0.263244	0.109677	3045	
0.546981	0.460208	5966	
0.096582	-0.786144	3001	
-0.008736	0.220053	2907	
-0.644815	0.172930	746	
-0.404268	0.069367	3950	
-0.175080	0.797694	1408	
0.792821	0.118261	3741	
-0.318603	0.498778	1743	
-0.619437	-0.767875	1767	
-0.304640	-0.892692	6145	
-0.308712	0.442554	1291	
-0.865468	0.228172	6442	
-0.733502	-0.003462	802	
0.165032	0.576239	2302	
-0.045220	0.696528	4524	
-0.102480	0.538017	5504	
-0.544142	0.098091	1572	
0.261042	0.549855	3800	
-0.803686	0.572215	3396	
-0.684747	-0.394253	4462	
-0.306590	0.836565	4898	
-0.195459	0.713741	4420	
0.560539	0.407498	866	
0.692850	-0.642980	1441	
0.253046	0.451824	2822	
0.712976	0.394287	5997	
-0.553224	-0.040209	3126	
0.006425	0.579669	5592	
0.614808	-0.520516	5555	
0.800318	-0.401261	5677	
0.893397	0.301745	5595	
0.801486	-0.295953	2255	
0.153043	0.274839	462	
-0.453005	0.671065	1592	
-0.117171	-0.935280	795	
-0.502565	-0.539079	6877	
0.001804	0.344915	3402	
0.341234	0.701176	1618	
-0.654349	0.144981	2112	
-0.605460	0.233175	2200	
-0.291179	0.611077	1755	
-0.820043	-0.217366	4112	
-0.917949	-0.360285	3334	
-0.541134	-0.773657	5753	
-0.214877	0.669972	2596	
-0.226978	-0.005513	3141	
-0.817671	0.363655	5500	
-0.302534	-0.182189	5867	
-0.294608	-0.174069	4871	
0.860132	-0.387593	1139	
-0.120654	0.682596	5008	
-0.213866	0.450387	1684	
-0.091133	0.341192	3863	
-0.472327	0.398978	489	
0.747839	0.643131	1709	
0.851256	-0.051313	6143	
-0.132768	0.537883	5866	
0.025149	-0.849776	5335	
-0.092086	0.797190	3002	
-0.295620	0.209948	989	
-0.401625	-0.091087	3308	
0.323072	0.658651	1250	
-0.431104	0.539758	4901	
-0.117473	0.258633	6247	
-0.056907	0.228730	2359	
0.122921	0.308307	2305	
-0.305913	0.739692	670	
-0.373951	0.530957	445	
0.213207	0.289680	4644	
0.773671	0.445527	6805	
0.603418	-0.452395	6125	
-0.233526	0.431216	6483	
-0.280221	-0.748885	4641	
-0.726965	-0.443413	6134	
0.720435	-0.534652	6803	
0.772693	0.189100	4923	
-0.457573	0.394897	741	
-0.860707	-0.480817	6416	
-0.138763	0.386487	2904	
0.756477	-0.162905	3285	
-0.632421	-0.171567	4754	
0.650052	0.362272	5896	
0.229685	0.820184	5706	
-0.477644	0.389867	511	
-0.461476	-0.207914	3105	
-0.407104	-0.149255	526	
-0.238341	0.590640	1822	
-0.313727	0.756172	3250	
-0.548751	-0.007886	2598	
-0.196246	-0.829822	6169	
-0.418860	-0.178154	1581	
-0.168686	0.525265	5718	
0.022715	0.398830	4152	
-0.758139	0.028364	2026	
0.788838	-0.232487	5115	
-0.811825	-0.244583	3226	
0.542763	0.466375	5966	
-0.365889	0.230310	479	
-0.404529	0.075388	3950	
0.436064	0.608688	6078	
-0.027743	0.219954	493	
-0.658360	-0.304547	2725	
-0.678162	0.032410	6382	
-0.779980	0.094702	4040	
-0.518524	0.597255	994	
-0.953214	-0.252401	2702	
-0.747211	0.495775	5030	
0.165897	0.718911	1980	
-0.527953	-0.546535	1265	
-0.462416	0.763740	6858	
0.181474	-0.924621	1169	
-0.614654	0.040129	4720	
-0.193901	0.525897	1320	
-0.543609	0.711229	4444	
-0.374258	0.628392	849	
-0.363477	0.765492	2182	
-0.467610	-0.277203	1841	
0.100887	0.856182	3198	
-0.149065	0.931028	1240	
0.241069	-0.813576	5305	
0.116273	0.532483	406	
-0.065587	0.786821	3264	
-0.549803	-0.433073	3739	
-0.778680	0.008293	3246	
-0.378321	0.565408	3229	
0.031113	0.735273	3212	
-0.528638	0.572755	1047	
0.010559	0.266132	6235	
-0.082878	0.374976	2386	
0.004142	-0.891658	6083	
0.839698	0.429444	4887	
0.079479	0.788488	726	
-0.853142	-0.494232	5204	
-0.160239	0.972980	2224	
0.938648	0.093717	1119	
-0.064647	-0.852384	6457	
0.034442	0.290278	3887	
0.363849	0.536204	1014	
0.816625	-0.472967	1373	
0.661099	-0.378915	969	
-0.280522	0.441706	999	
0.876306	0.164117	2063	
-0.219157	-0.788406	5429	
0.058591	0.612929	4826	
0.853540	-0.402757	1139	
0.200084	0.331065	2672	
-0.051926	0.491324	5862	
0.212235	0.406170	2222	
0.066607	0.483584	4568	
0.100912	-0.937385	4497	
0.279649	-0.754297	5367	
-0.499847	0.002964	2276	
-0.283489	0.680995	5814	
0.898854	-0.288027	2891	
-0.638708	-0.005626	3978	
-0.328232	-0.150845	3730	
0.083813	0.982692	2070	
0.760689	-0.298525	4307	
-0.223598	0.345486	6779	
0.334128	-0.662420	2848	
0.624654	0.763556	1768	
0.257520	0.907367	938	
0.710137	-0.194595	1843	
0.545792	0.595066	4896	
0.137064	0.284127	675	
-0.251857	0.036041	3025	
-0.030983	-0.781061	6579	
-0.528294	-0.151301	4143	
-0.216393	0.486710	2544	
-0.270175	0.536209	4544	
0.073145	0.216688	2615	
0.918842	-0.215161	3063	
-0.490864	-0.191017	3743	
-0.132861	0.719350	6486	
-0.784092	0.188511	4700	
0.060190	-0.746324	3293	
-0.335868	0.462829	5027	
0.942992	0.043827	2465	
-0.134257	0.523510	5508	
-0.548453	-0.430360	3739	
0.167160	0.428693	3360	
-0.603632	0.663075	5672	
0.745500	0.190417	6529	
-0.712259	0.191814	1844	
0.165871	-0.875531	6327	
-0.268933	0.577072	6671	
0.809351	-0.150602	619	
-0.154991	0.496832	4280	
-0.673132	0.533525	5444	
-0.193460	0.762620	4860	
-0.409103	0.212354	2395	
0.669327	0.546774	731	
-0.495760	-0.272432	1997	
0.331190	0.652008	706	
0.372365	0.721210	3522	
0.748398	0.021014	935	
-0.622405	-0.388001	3921	
0.098218	0.798112	2528	
0.267820	0.439497	1100	
0.609326	0.567634	5251	
-0.413518	0.219458	2835	
0.241553	0.318313	942	
0.394287	0.803793	6272	
0.069132	0.695490	6538	
-0.253407	-0.754348	5549	
0.161483	-0.769977	1059	
-0.738014	-0.504614	5428	
0.111502	0.457164	5808	
0.112178	-0.936021	6787	
0.346104	0.825337	6002	
-0.417416	0.232424	1209	
-0.279808	-0.048302	2992	
-0.453370	0.121791	410	
-0.485828	0.106641	1032	
-0.823384	0.220529	6908	
0.042821	0.511783	570	
-0.834295	0.439306	1050	
0.700107	0.634255	703	
-0.700145	0.270298	864	
0.790245	-0.225249	5115	
0.653812	-0.609782	6533	
-0.779819	0.604403	1782	
0.079841	0.682461	6424	
-0.353248	-0.155307	3989	
-0.660993	-0.429257	1620	
0.000892	0.407870	6096	
-0.697674	0.564617	6116	
0.360420	0.543986	1014	
-0.002582	0.507781	420	
-0.580084	0.598661	4164	
-0.324321	0.029050	4312	
-0.388714	0.013402	2274	
-0.628864	-0.101704	5388	
-0.221124	0.693807	4134	
0.302668	-0.658034	2788	
-0.896306	0.411827	770	
-0.607983	-0.273940	437	
-0.234491	-0.913219	4661	
-0.162926	0.298481	2645	
-0.253238	-0.013414	6157	
-0.016759	0.410337	6096	
0.246047	0.547142	4652	
0.899911	-0.283229	2891	
0.560914	0.811515	1810	
-0.608566	0.125146	6274	
-0.569700	0.119087	3728	
0.617622	0.769337	1768	
-0.681961	-0.489468	4274	
0.690935	-0.422969	1107	
-0.101514	0.680172	5008	
-0.537696	0.401516	1500	
0.050719	0.941738	598	
-0.979923	-0.110778	1040	
0.439553	0.670161	2446	
0.596415	0.451093	6522	
0.681668	0.653787	1361	
-0.325778	0.252026	1021	
-0.443623	0.041796	2978	
-0.502139	0.417270	6792	
-0.520964	0.440967	4793	
0.293777	-0.795972	4101	
0.660822	0.538825	731	
-0.701092	0.267527	864	
-0.711906	-0.160533	4620	
-0.555464	0.619906	956	
0.819356	-0.469051	1373	
-0.357130	0.494267	1299	
-0.425203	-0.633016	5907	
-0.540377	0.215541	2374	
0.897562	-0.289206	2891	
-0.866572	-0.209001	5720	
0.193758	-0.922589	1169	
0.610720	0.774771	1808	
-0.054533	0.725530	2870	
-0.277030	-0.004330	6051	
-0.845056	-0.283484	6784	
-0.348034	-0.010018	5538	
0.093688	0.360198	1944	
-0.426724	0.008213	2454	
-0.120228	0.258317	6247	
-0.054179	0.694581	4088	
-0.209732	0.637871	1730	
-0.420097	0.015102	2494	
-0.356129	0.684316	2893	
-0.332712	-0.006021	6450	
0.266410	-0.904291	6117	
-0.615778	0.524554	5648	
0.141496	0.360445	2520	
-0.156148	0.297764	2873	
-0.669791	0.250231	4744	
-0.641270	-0.006497	3978	
-0.435801	-0.075756	578	
-0.513001	-0.119329	1222	
-0.519498	0.249275	443	
-0.972845	0.161912	3100	
-0.640733	-0.150680	5454	
0.386764	-0.611237	6628	
0.366585	-0.868794	2153	
-0.435527	-0.244456	841	
-0.213068	0.592035	1776	
0.471982	-0.757685	5823	
-0.867645	0.469287	4416	
-0.892554	-0.042366	4086	
-0.782995	0.434940	4774	
0.369800	0.868523	6896	
0.500522	0.630829	1992	
-0.116212	0.850665	576	
-0.569356	0.691727	6816	
-0.444065	0.832497	4332	
-0.729973	0.097354	1418	
-0.614922	0.107270	6274	
-0.073535	0.846402	4718	
-0.123025	0.978372	4732	
0.750877	-0.035554	2025	
-0.829954	0.192066	6908	
-0.567899	-0.169723	998	
-0.233265	0.424146	6483	
0.070615	0.324601	2522	
-0.904428	-0.392819	1824	
0.049532	0.891121	6748	
0.002410	0.621593	6814	
-0.007352	0.479081	530	
-0.844380	0.294285	5026	
-0.414688	-0.708306	543	
0.413696	0.685095	544	
0.198751	0.567383	6582	
0.043520	0.412497	5724	
-0.022196	0.299496	3662	
-0.153072	0.974153	2224	
-0.502312	0.478320	487	
0.074412	-0.783194	3263	
0.641574	-0.693583	873	
-0.412050	0.613606	2993	
-0.663464	0.049235	5424	
-0.631917	-0.637117	5433	
-0.194024	0.530896	1320	
0.797366	-0.506721	869	
-0.535206	0.294768	6311	
0.638091	0.358366	5896	
-0.789134	-0.023290	3232	
-0.474522	-0.138045	871	
0.705480	-0.477238	6131	
0.345441	-0.877388	2153	
-0.238596	0.047386	719	
-0.605523	-0.662217	4241	
0.751206	0.571989	2073	
-0.348350	0.876387	2154	
-0.171660	0.768068	1060	
0.626502	-0.401338	5971	
0.155606	0.462856	1422	
-0.514184	-0.052221	2700	
0.000987	0.740351	4050	
-0.188961	0.871064	6830	
-0.604494	0.515318	5556	
-0.669249	0.060323	6332	
-0.553897	0.654006	484	
0.112764	0.620439	6488	
0.151363	0.323055	2534	
0.046101	-0.941462	5601	
0.734938	-0.303420	1303	
-0.424785	0.281542	2549	
-0.338642	0.266900	1023	
0.882285	-0.138006	3617	
0.777230	0.438934	6147	
-0.573579	0.283588	752	
0.700156	-0.513334	5531	
-0.696347	0.420427	1108	
-0.489091	0.221204	6688	
-0.542374	-0.535002	5699	
-0.283411	0.099393	3215	
0.449205	-0.829445	4331	
0.349335	0.583085	1864	
-0.042049	0.675836	4746	
-0.821105	-0.545930	3988	
-0.622178	0.282559	4352	
-0.227986	-0.758357	5459	
-0.397490	0.589930	4885	
0.231672	0.647544	952	
0.538508	0.503973	1080	
-0.415293	0.674337	3782	
-0.422569	0.112059	2624	
-0.661987	0.214081	4714	
0.735265	0.424424	6385	
0.240255	0.606109	2844	
-0.405345	-0.240064	2131	
-0.336223	-0.740510	3391	
-0.585811	0.678362	6816	
-0.531700	0.830493	3028	
-0.571989	0.350822	3256	
0.252329	0.908967	908	
0.726165	0.522354	5427	
-0.243165	0.366909	5906	
-0.667939	0.074850	6034	
-0.712653	0.274178	868	
-0.353801	0.015880	6602	
-0.445338	0.159806	6842	
-0.807778	0.566443	3396	
0.150128	0.778823	4630	
-0.076051	0.224844	1999	
0.176017	0.733926	3270	
-0.161232	0.276951	1613	
-0.329110	0.733933	670	
0.288728	0.846286	4648	
0.201886	0.567838	5680	
-0.486231	-0.129182	447	
-0.342890	0.462548	5027	
0.670911	-0.665281	1035	
-0.413629	-0.292663	4485	
-0.338177	0.204453	2391	
0.292704	-0.896043	4043	
-0.529050	0.544421	5545	
-0.133431	0.290140	2219	
0.541213	0.426397	3740	
0.645044	0.342929	1432	
0.403460	-0.561856	948	
-0.874771	0.455855	4146	
-0.546222	0.821123	3028	
-0.189391	0.564368	1322	
-0.285674	0.156137	2523	
-0.003863	0.537477	3148	
0.356159	0.457754	1850	
-0.874298	0.456711	4146	
0.937066	0.107028	1119	
0.943556	0.015848	413	
0.918620	0.358400	3333	
0.862724	0.224035	6183	
0.472534	0.606359	4854	
-0.523230	-0.240971	3969	
-0.296635	-0.030302	3344	
0.250111	0.343999	622	
-0.539791	-0.098185	3566	
0.675292	-0.171404	1713	
0.737511	-0.022850	3811	
-0.527611	-0.546867	1265	
0.011341	0.352204	2424	
0.705519	-0.419595	1107	
0.783298	0.084289	2017	
-0.039407	0.734249	4440	
0.039596	-0.744472	4439	
-0.009561	0.658663	680	
0.937878	-0.103925	3507	
-0.477504	0.754814	5824	
-0.256142	-0.039871	4999	
-0.291117	-0.743190	4231	
-0.537677	-0.176789	689	
0.321047	-0.688371	5946	
0.822994	0.227930	3225	
0.892256	0.304769	5595	
-0.026252	-0.734045	2663	
0.631495	0.637247	5434	
-0.884497	0.436615	1840	
-0.313153	-0.049565	6102	
0.153842	0.880036	5264	
0.565162	-0.756132	6843	
-0.885408	0.085125	4682	
0.123551	0.934919	796	
0.527454	0.783393	6358	
0.225773	0.454757	3374	
-0.099934	0.650750	3052	
-0.495571	-0.803120	6089	
-0.546414	-0.427280	3739	
0.372604	0.546261	2800	
0.658042	-0.458095	2969	
-0.341206	-0.217377	4197	
0.793675	0.095129	2017	
-0.548010	-0.439341	4899	
0.228055	0.300578	5258	
0.197812	-0.766207	4859	
-0.467790	0.710704	5220	
-0.425597	-0.841916	407	
0.268852	-0.793919	4065	
-0.596722	0.115185	6300	
0.337320	0.536182	468	
0.540687	0.614247	6156	
-0.172113	0.598174	2212	
0.800573	0.498694	6265	
-0.539709	-0.430010	4899	
-0.599017	0.455586	6160	
0.092566	0.447528	5356	
0.746535	-0.046253	2025	
-0.099129	0.487045	3358	
0.524368	0.644133	4882	
0.325792	0.683610	1250	
-0.507883	0.272683	4597	
-0.428763	0.684333	3782	
0.207966	0.552479	6582	
0.927686	0.169039	4137	
-0.370087	0.253926	637	
-0.590436	-0.081474	4508	
0.108972	0.644174	6154	
-0.257865	0.439858	2095	
-0.602880	0.138123	6208	
0.180653	0.612512	6250	
-0.464808	0.391143	741	
0.201735	0.685351	944	
-0.040668	0.226849	2359	
-0.522845	-0.836531	4441	
-0.039247	-0.732688	3211	
0.934224	-0.132411	2191	
-0.541170	-0.438914	4899	
-0.805754	-0.082915	3234	
0.002977	0.734996	4050	
-0.345879	-0.825490	6001	
0.629628	0.465854	4310	
-0.238655	0.426312	6069	
-0.450624	-0.038034	692	
0.727862	0.243525	6699	
-0.210729	0.458571	2062	
-0.826145	-0.189974	6716	
-0.388737	0.906227	5002	
-0.544631	0.238580	1562	
0.490348	-0.491853	488	
-0.396553	0.698561	5974	
-0.256715	0.952090	2108	
0.288578	0.942900	4906	
0.539821	-0.773217	5693	
-0.438805	0.548541	4901	
-0.052615	-0.738085	3211	
-0.828776	0.198923	6908	
-0.510046	0.286707	5253	
-0.241723	-0.802104	5847	
0.090513	0.399465	4182	
-0.470189	-0.344573	4971	
0.964170	0.202956	2801	
-0.329592	0.037278	4127	
0.612657	0.455593	4310	
-0.231155	0.481660	2497	
-0.541005	-0.426431	3739	
-0.584421	-0.304927	6793	
0.030174	0.267778	3927	
0.190644	0.324281	2316	
-0.599124	0.038951	4574	
0.016213	0.643707	6346	
0.795664	0.007456	3991	
0.891643	-0.042577	6363	
-0.223573	-0.036947	799	
-0.607374	0.777236	6152	
-0.392229	-0.698257	2067	
-0.141515	0.669623	3788	
-0.530340	-0.143276	4143	
-0.043704	0.848199	4718	
-0.447741	0.021204	2512	
-0.409191	-0.637423	2931	
-0.789270	-0.311118	3287	
-0.539649	-0.429380	4899	
-0.638612	-0.752054	1767	
0.923808	0.189319	2065	
-0.225261	-0.088730	1711	
0.422540	0.659624	3834	
-0.013876	0.986130	4694	
0.943267	0.015066	413	
-0.256327	0.571934	6614	
0.459171	0.616347	2938	
-0.033821	0.576537	4624	
0.612528	-0.515373	5555	
-0.244784	0.365109	3699	
-0.539911	-0.434389	4899	
-0.151531	0.495132	4280	
0.622164	0.646488	4358	
-0.235977	0.957370	2794	
-0.147241	0.639391	1106	
-0.173416	0.441536	496	
0.352133	-0.874389	2153	
0.007095	-0.732229	4525	
-0.371702	-0.106689	2312	
0.391612	0.905137	6342	
-0.599867	-0.053804	5468	
0.880355	-0.147742	3617	
0.012795	-0.843628	5017	
-0.659107	-0.162078	5036	
0.652528	0.553701	391	
-0.258087	0.160456	3597	
0.790627	0.340751	3458	
0.777242	0.534537	1269	
0.165469	0.928818	546	
-0.057415	0.566445	3044	
-0.495675	0.385286	2875	
-0.487011	-0.272307	1997	
-0.052330	0.245451	2031	
-0.764900	-0.130722	1264	
0.078836	0.396788	4560	
0.066253	0.438363	3434	
-0.127384	0.627146	1988	
-0.392152	-0.082677	3308	
-0.012127	0.442541	856	
-0.366001	0.178626	2349	
0.324895	0.665741	1250	
-0.117155	0.302267	3039	
0.539851	-0.605647	993	
0.179050	0.409724	2430	
0.852458	-0.405187	1139	
0.072616	0.696231	6538	
-0.292567	0.454796	1041	
-0.242933	0.160147	5833	
0.284517	0.944197	4906	
-0.297424	-0.089002	3659	
0.179850	0.394742	2682	
-0.839201	0.518556	1914	
0.861025	-0.386716	1139	
-0.655529	0.487083	2658	
0.708335	-0.625393	3089	
-0.283944	-0.155924	4157	
-0.885187	-0.108847	5880	
-0.066358	0.730487	2870	
-0.582146	0.126873	3728	
0.480853	0.706408	6022	
-0.279506	0.098061	2959	
-0.689525	0.186942	1714	
0.604738	0.609588	1567	
-0.752632	-0.396723	6386	
0.299772	0.842724	4390	
-0.941450	0.036658	3182	
0.732351	-0.007017	803	
-0.636153	0.370377	5588	
-0.249419	0.484612	1935	
0.342260	-0.878687	2153	
0.890184	-0.312786	3109	
0.212460	0.344961	556	
-0.768596	0.618661	1782	
-0.178572	0.841552	4636	
-0.629529	0.547129	6622	
-0.757374	0.479292	748	
0.193714	0.421774	2774	
-0.104889	0.293136	1889	
0.465579	0.654230	6428	
0.076233	0.462008	4248	
-0.438981	0.661757	1602	
-0.472460	-0.346741	4173	
0.566302	-0.520505	1090	
-0.608847	-0.244561	3465	
0.107033	0.477184	3206	
0.507409	-0.795380	1721	
-0.146575	0.642286	1772	
0.671083	0.317032	2726	
-0.655070	-0.158097	5036	
-0.454544	0.054998	3132	
-0.636136	0.152133	666	
-0.576462	0.016850	4228	
0.688671	-0.461376	6003	
-0.631384	-0.348905	1431	
0.134758	0.329994	1220	
-0.028085	0.321942	6224	
0.676335	-0.442667	6003	
-0.652263	0.051240	4516	
-0.713863	0.186230	1844	
-0.393928	0.856929	1922	
0.042835	0.432302	5350	
0.101621	0.640745	3180	
0.655840	-0.481818	2697	
-0.526535	-0.834206	4441	
-0.080467	0.430825	4024	
-0.699232	-0.187286	4410	
0.106669	0.316594	1242	
0.177262	0.926479	546	
-0.567937	0.305117	1255	
-0.248511	0.581081	896	
-0.769987	-0.358424	6187	
0.132163	0.343337	2216	
-0.524420	0.093285	2502	
-0.878162	-0.159450	2064	
-0.428619	-0.048219	402	
-0.479373	0.753704	5824	
-0.848846	-0.033483	5436	
0.046089	0.568634	4216	
-0.212384	-0.676297	943	
-0.133960	0.340274	2241	
0.454834	0.602552	6078	
-0.341947	-0.786259	5461	
-0.045581	0.584094	4624	
-0.259643	-0.058117	2717	
0.042243	0.891449	3332	
-0.584509	-0.741742	3137	
0.001481	0.943366	1018	
-0.876034	-0.452190	5070	
-0.254923	0.952517	2108	
-0.436916	0.149593	4264	
-0.019947	0.501981	2002	
-0.116212	0.648109	2808	
0.801596	-0.047131	4609	
-0.943917	0.284992	6616	
0.611547	-0.463024	6721	
-0.438015	-0.175872	3112	
-0.325880	-0.201561	6429	
-0.003278	0.640076	5216	
0.050152	0.308666	3654	
-0.590030	-0.015362	5576	
-0.019284	0.891474	4818	
0.691511	-0.255922	4943	
-0.265241	-0.093729	2861	
-0.302921	-0.639227	5943	
0.717721	0.613416	3073	
0.473364	-0.583977	6854	
-0.025951	0.791111	4672	
0.056425	0.624496	4826	
-0.346941	0.722314	5320	
-0.528931	0.366314	6264	
-0.534409	0.828901	3028	
-0.460721	-0.010391	3016	
0.012286	0.266438	6235	
-0.735221	-0.427761	6726	
0.574819	0.547373	3135	
-0.600652	-0.491781	6658	
0.038376	0.891597	3332	
-0.284025	0.944360	2532	
-0.479372	0.753688	5824	
-0.638816	0.230784	3370	
0.943441	-0.028827	417	
-0.618535	-0.523960	1238	
0.277117	-0.840926	5607	
-0.879660	0.156023	3650	
-0.345685	-0.115273	5552	
0.744689	0.646767	1709	
-0.578417	-0.011619	4492	
0.052476	0.685133	1764	
-0.506938	0.636598	1648	
-0.536883	-0.774533	5753	
-0.490756	-0.578302	5759	
0.058073	-0.941106	893	
-0.540800	-0.195536	917	
-0.248996	-0.027966	6181	
0.288238	-0.801106	3113	
-0.460159	0.346103	4805	
0.657854	0.677748	6320	
-0.059524	0.941155	894	
0.778112	-0.143109	5353	
-0.608311	0.658915	5672	
0.584960	0.499901	6835	
0.728159	0.068329	1019	
-0.378821	-0.584686	4313	
-0.147849	-0.839084	3313	
0.581665	0.744504	3138	
-0.788005	0.425516	4774	
-0.473635	0.537625	6325	
-0.311306	-0.094789	3371	
-0.567083	0.806785	1446	
-0.358715	0.165416	2349	
0.008107	-0.942676	5791	
-0.084244	-0.711348	6523	
-0.765899	0.465119	3012	
-0.486020	-0.342089	6171	
0.244208	0.531570	4546	
0.185900	-0.923889	1169	
0.011856	-0.891274	6083	
-0.510157	-0.630541	4881	
-0.464188	0.762666	6858	
0.101145	0.303054	2983	
0.520804	0.650661	5520	
0.279087	0.498781	3604	
-0.316872	-0.087766	4838	
-0.286445	-0.028947	2945	
-0.841963	0.301386	4586	
-0.711197	-0.160674	4620	
-0.440265	-0.027516	3948	
-0.123047	0.590656	1766	
0.793161	0.317377	4294	
0.260951	0.338816	1640	
0.633563	-0.388497	1447	
-0.337142	0.824893	6736	
-0.428480	0.370653	4139	
0.741508	-0.585838	6543	
-0.246208	0.373371	536	
-0.574947	-0.118658	976	
0.702517	0.201600	5053	
-0.420158	0.120098	2880	
-0.509265	0.431949	389	
-0.564296	-0.270675	4691	
-0.059211	0.941320	894	
0.033226	0.891575	3332	
0.661814	-0.471449	2657	
0.030773	0.891708	3332	
0.636331	0.285493	1574	
-0.580658	-0.185361	1971	
-0.661624	-0.296817	3909	
-0.113177	0.884407	1376	
0.297676	0.551631	4592	
-0.542126	-0.440320	4899	
-0.595790	-0.666411	4241	
-0.460460	0.197135	6772	
-0.480840	-0.691152	3853	
-0.387644	-0.032305	2416	
-0.378270	-0.184373	4083	
-0.325853	-0.017593	6450	
-0.438295	-0.018201	3948	
0.078338	0.632322	1876	
-0.402880	0.852994	502	
-0.065256	0.983963	4840	
-0.827036	0.537849	1914	
0.681914	0.515237	4449	
0.395445	0.531063	1508	
-0.007637	0.556059	3916	
0.613409	0.409722	816	
-0.608885	0.334460	3748	
-0.386660	-0.020876	2416	
-0.068755	0.685879	4736	
-0.270296	0.127285	1473	
0.533011	0.720905	3626	
-0.604707	0.034417	4482	
-0.293405	0.612417	1755	
-0.534361	0.717842	4444	
-0.436325	-0.884617	561	
-0.158278	0.274157	1287	
0.811787	0.238290	3225	
0.895059	-0.298879	3109	
0.287818	-0.798519	3113	
-0.608605	-0.606200	1568	
0.280137	0.451801	1244	
-0.162399	0.411627	3862	
0.368425	0.914796	5398	
0.359829	0.872459	6466	
0.891289	0.308169	5595	
-0.516282	-0.637172	4881	
-0.125785	0.521648	3178	
0.029900	0.466763	3550	
0.221925	0.489630	5224	
-0.535775	-0.374231	5409	
-0.076217	-0.731350	5321	
0.026435	0.319032	1426	
0.748850	-0.491681	5029	
0.513029	-0.732057	5269	
-0.488202	-0.111083	3362	
0.749996	0.485756	6851	
-0.124272	0.763446	6874	
0.816824	0.074349	3233	
-0.059812	0.552168	3044	
0.665426	0.170568	4229	
-0.505922	0.365858	5067	
-0.456829	0.766881	6858	
-0.619864	0.767380	1708	
0.088243	0.505707	4124	
-0.159340	0.276751	1613	
0.564983	-0.409419	2475	
0.558185	0.761941	5754	
0.746952	-0.438311	1179	
-0.468534	0.541533	5955	
-0.833008	0.172246	4788	
0.020615	0.361928	3006	
-0.177856	0.766767	774	
0.676443	-0.545331	6827	
-0.045514	0.508686	1342	
-0.236661	0.351740	3699	
0.843081	0.071855	4517	
-0.885352	0.075016	5232	
0.330393	0.739064	3392	
0.022039	0.265745	3927	
0.089545	0.424980	4190	
0.768753	0.454143	6893	
-0.113726	0.352625	1681	
-0.546424	-0.440485	4899	
0.065381	0.540052	442	
-0.578331	0.227680	1430	
-0.404471	-0.691011	543	
0.087143	0.352126	2576	
-0.373880	0.272448	1671	
-0.562620	0.062357	3628	
0.428306	-0.840012	5309	
-0.696757	0.181127	1862	
-0.953327	0.251738	2142	
-0.453534	-0.325058	4821	
-0.473631	-0.198960	4803	
-0.474639	-0.099123	2170	
-0.952744	-0.254267	2702	
0.135115	0.242889	5304	
-0.266239	-0.643628	4845	
-0.807915	0.270228	2256	
-0.514530	-0.511949	805	
-0.633709	0.635388	6650	
0.000255	0.698271	6082	
0.660465	-0.340814	1109	
-0.777060	-0.156355	2128	
0.719522	0.122224	3595	
-0.835826	-0.151777	4820	
-0.450590	-0.070263	3962	
0.761728	0.233844	6091	
-0.474412	0.864265	5828	
-0.061766	0.232374	6927	
-0.558881	0.315042	2803	
0.294654	0.495134	4766	
0.640588	0.500789	5843	
0.439212	-0.833954	5309	
0.639213	0.629323	5434	
-0.471780	-0.762289	6065	
0.030260	0.375314	3000	
0.786647	-0.044856	3267	
-0.929349	0.329742	6634	
-0.517302	-0.730599	817	
-0.260745	-0.905703	937	
0.322677	0.615979	4464	
-0.275710	0.029569	3053	
0.844128	0.286221	5128	
-0.847667	-0.276542	6784	
0.597910	0.669047	4242	
-0.830004	0.192020	6908	
-0.985081	-0.047142	6120	
-0.280640	0.147528	2523	
0.658118	-0.609566	671	
-0.002556	0.791365	4928	
-0.549306	0.435716	4968	
-0.260432	-0.101417	2861	
-0.503805	-0.044483	2710	
0.094406	0.469564	3648	
-0.742865	0.425654	4246	
-0.024403	0.593297	5488	
0.512858	0.842657	4116	
-0.573704	-0.031122	5396	
-0.797816	0.302232	4954	
-0.551229	-0.538398	1187	
0.674438	-0.312637	1011	
0.450367	-0.828426	4331	
0.613357	0.403475	5748	
-0.284880	0.580580	687	
-0.544187	0.822455	3028	
-0.523631	-0.375183	463	
-0.572833	-0.403946	5167	
0.544435	-0.533822	1248	
-0.049856	0.193090	2987	
0.657785	-0.226929	4713	
0.785705	0.333163	3458	
0.573780	0.639183	6768	
-0.229970	0.608556	1776	
-0.257899	0.808039	4066	
-0.765854	-0.550602	2648	
-0.831273	-0.169518	4664	
-0.692066	-0.254065	5494	
0.136776	0.253137	4346	
-0.246214	0.727322	5392	
-0.731571	0.153386	2010	
0.029170	0.301198	1466	
-0.465004	-0.039595	782	
-0.558834	0.159714	1522	
0.379039	0.910474	5398	
0.055254	-0.728094	2869	
0.180977	0.874510	968	
0.847456	-0.161119	619	
0.211130	0.868376	388	
0.671155	-0.524119	5521	
-0.395749	0.619211	5982	
0.422691	0.891063	1874	
-0.603413	0.780273	5134	
0.433822	0.477082	4262	
-0.979116	-0.117512	5280	
-0.538333	0.103991	1572	
-0.364437	0.161032	2349	
-0.422231	-0.234195	1481	
-0.113022	0.812398	3296	
-0.494611	0.259997	4929	
-0.793925	0.585758	1878	
0.489831	-0.501778	5056	
-0.247736	0.434066	2095	
-0.524261	-0.308350	2587	
0.253199	0.469843	3486	
-0.446877	0.138219	4264	
0.166807	0.320125	2534	
0.886718	0.094862	5879	
-0.286872	0.447036	999	
0.296810	-0.894534	547	
0.271678	0.568651	612	
-0.466292	-0.042014	782	
0.313194	0.490071	3900	
0.716809	0.614656	3073	
-0.289576	0.612031	1755	
0.276816	0.494422	3604	
0.513715	-0.498456	664	
-0.100644	0.856470	964	
0.796222	0.402209	5957	
-0.374589	-0.225930	5163	
-0.258005	0.852734	6624	
0.440062	0.780501	4810	
0.943055	0.017074	413	
-0.223698	0.624065	1664	
0.058597	0.392250	4108	
-0.781029	0.159688	5354	
-0.120035	0.253730	5497	
-0.888064	0.093206	4682	
-0.438074	-0.218358	1917	
-0.524330	0.316880	5085	
-0.799779	-0.080902	3234	
-0.848321	-0.043651	4618	
-0.231874	-0.766978	5459	
-0.828053	-0.184263	6200	
0.659699	0.309458	2726	
-0.335227	0.539166	5535	
0.447939	-0.688186	5109	
0.558372	-0.451913	5302	
-0.539031	0.052736	1770	
-0.687389	0.114381	832	
-0.424967	-0.159186	2816	
-0.523052	0.488316	5447	
-0.541426	-0.773661	5753	
-0.662828	0.563692	5444	
0.682132	0.257207	5493	
-0.767252	0.254163	5590	
-0.582080	-0.155836	998	
-0.084513	0.887785	4734	
-0.807072	-0.487103	5816	
0.168458	0.735419	3270	
-0.714133	0.497377	6754	
0.171394	0.398484	1696	
0.943109	-0.025289	417	
-0.537305	0.191794	2088	
-0.099126	0.886186	964	
-0.143750	0.833620	472	
-0.846418	0.288136	3082	
0.196791	0.469140	4702	
-0.574351	0.545548	1296	
-0.227061	-0.758572	5459	
0.299112	0.629747	4364	
-0.665237	0.474699	2658	
-0.469559	0.145886	4948	
0.211804	0.519926	3630	
0.179341	0.409692	2430	
-0.099035	0.318751	3763	
0.024055	0.363727	3000	
0.811735	0.092137	3233	
-0.036502	0.626556	4096	
-0.872819	0.190207	6572	
-0.438473	0.284592	2321	
0.696231	-0.639123	1441	
-0.274757	-0.687360	1325	
-0.480524	-0.146940	4209	
-0.015209	0.520487	2676	
-0.507131	-0.141839	523	
-0.441486	0.383720	5015	
-0.412944	0.346274	5701	
-0.049614	0.233232	2359	
-0.761796	0.472093	748	
-0.111280	0.290023	1889	
-0.659575	0.339436	1110	
0.861034	-0.386440	1139	
-0.365601	-0.241829	6777	
0.318166	0.597741	3808	
-0.514672	-0.473446	6141	
-0.343531	0.924290	1858	
-0.413558	0.560950	2479	
-0.575341	-0.136178	858	
0.038058	0.223057	3535	
0.269172	-0.850930	5607	
0.417807	0.846629	408	
-0.542641	-0.440824	4899	
0.229165	0.451055	3374	
0.499657	0.801477	6090	
0.336044	-0.820737	4383	
-0.743990	-0.412060	6386	
-0.292143	-0.109781	2721	
-0.763067	0.469874	748	
0.000686	0.774642	5144	
0.381680	0.553469	1650	
-0.064571	-0.849429	6457	
0.593381	0.545428	3403	
-0.379509	0.160709	2262	
-0.744149	-0.008026	936	
0.729152	0.289692	826	
-0.116315	0.514172	3252	
0.054587	0.890872	6748	
-0.190360	0.722855	4420	
0.287496	0.401423	2048	
0.081643	0.725008	5322	
0.695410	0.319001	6568	
-0.081986	0.728003	4958	
-0.652388	0.339947	1110	
-0.133471	0.533366	5508	
-0.616702	-0.044023	6164	
-0.430238	-0.116339	604	
-0.296332	0.608078	4397	
-0.294572	0.022562	3467	
-0.443624	0.394423	5103	
0.598218	0.448188	6522	
0.313759	0.746740	2572	
0.014673	0.892059	6084	
0.899268	0.126819	4355	
-0.604742	0.028650	4482	
0.019754	0.321785	2390	
-0.382200	-0.233817	5163	
0.036464	0.543330	2626	
-0.067411	-0.758893	539	
0.839015	-0.083320	1315	
-0.302230	-0.150453	2303	
-0.889172	0.081414	5232	
0.593985	0.316600	6776	
-0.849022	-0.018515	5436	
-0.719634	-0.124427	3596	
0.724684	0.119551	3595	
-0.344168	0.924085	1858	
-0.247489	0.143699	5883	
0.010863	0.806301	6438	
0.703175	-0.193519	1843	
0.126894	0.512876	698	
-0.033524	-0.854567	1451	
0.753289	-0.173612	4113	
-0.282734	0.580452	5485	
-0.691218	0.294282	1012	
-0.587410	0.372020	4758	
-0.557760	-0.346580	4915	
0.710205	-0.194904	1843	
-0.978767	-0.120433	5280	
-0.539860	-0.503824	1079	
-0.752554	0.253988	5590	
0.737991	0.504648	5427	
-0.320473	-0.832355	4389	
-0.459096	0.571643	6209	
0.233192	0.773880	5460	
-0.314253	-0.158172	5277	
0.722494	0.094894	5441	
-0.539779	0.664928	4458	
-0.149487	0.531291	5508	
-0.260642	0.138024	4755	
-0.023137	0.790051	5144	
-0.190093	0.709836	4420	
0.888030	-0.093400	4681	
-0.044556	0.787809	4478	
-0.309746	0.108423	3611	
0.170917	0.607716	6250	
0.740401	0.585852	5125	
0.307606	-0.727672	573	
0.202838	0.870300	968	
-0.350878	0.260040	615	
-0.106157	0.587714	2352	
0.202340	0.598268	2620	
-0.444804	-0.121944	504	
0.809405	-0.088645	5527	
0.571614	0.493930	5380	
0.131417	-0.838901	471	
0.025440	0.649371	6346	
-0.646682	-0.460245	876	
-0.122469	0.333710	2503	
0.756332	0.475436	6851	
-0.733234	0.309878	1304	
-0.462548	-0.293851	5729	
0.727890	0.665550	3775	
-0.423060	0.560012	809	
-0.238508	0.912141	3552	
-0.040522	-0.941932	617	
0.000474	0.319506	5690	
0.038440	0.789420	6580	
-0.548643	0.707632	4444	
0.057999	0.628915	2400	
-0.549345	-0.437987	4899	
0.567805	-0.404771	2475	
0.171920	0.641258	4056	
-0.077989	0.606223	1190	
-0.455570	-0.140215	458	
-0.434918	0.540012	4901	
-0.515247	-0.274732	2973	
0.579665	-0.573919	3517	
-0.108202	0.536088	5504	
-0.840561	-0.116877	4820	
0.260417	0.906578	938	
0.007270	0.791474	4928	
-0.210590	0.757813	4504	
-0.119304	0.488221	2090	
-0.314450	0.524890	2881	
0.786459	-0.074615	4035	
-0.048230	0.233818	2359	
0.024473	0.577538	4502	
0.072497	0.269788	3061	
0.113432	0.606444	6488	
-0.743098	-0.417244	6386	
0.895938	-0.296602	3109	
-0.451818	-0.204486	3105	
-0.638133	-0.213966	2927	
0.152393	0.513785	3984	
0.784956	0.424516	6673	
-0.041346	0.391277	3516	
-0.375065	-0.015119	1984	
0.018912	0.446576	4020	
-0.017764	0.942964	5792	
0.887237	-0.320647	3109	
-0.159798	0.448771	2772	
-0.513869	-0.500644	6875	
0.358614	0.463646	1850	
-0.072142	0.550489	3044	
-0.055128	0.573078	3958	
-0.601371	-0.536438	6254	
0.876223	0.349457	5323	
-0.628608	0.640190	6650	
0.075528	0.329903	2522	
0.635549	0.352639	1432	
-0.642055	-0.487140	534	
-0.047110	0.242410	2031	
-0.033764	0.727454	4526	
-0.246709	0.856141	6548	
-0.573357	-0.218337	4777	
-0.587850	-0.488898	6658	
0.294421	0.381911	2568	
-0.940658	-0.049355	2466	
0.882849	0.125732	6389	
-0.471730	-0.591981	6375	
-0.022518	0.502172	2002	
-0.500926	0.610724	6032	
0.534137	0.671978	5472	
-0.362686	-0.086877	1738	
0.439657	0.731391	2102	
-0.704083	-0.482035	5060	
-0.557384	0.395967	1802	
-0.421189	-0.010105	2474	
0.844900	-0.419057	1049	
0.835395	0.188748	6199	
0.288741	-0.897472	4043	
-0.259185	-0.031422	4999	
-0.225112	0.581572	1822	
0.074400	0.328819	2522	
-0.358247	0.016237	6602	
-0.424375	-0.206952	6413	
-0.424493	0.688364	3782	
-0.576494	-0.057382	5468	
-0.801445	0.575294	3396	
-0.553360	0.816301	3028	
-0.051355	0.561150	3958	
0.767592	-0.549961	715	
-0.510172	-0.053510	2700	
-0.266686	0.751881	1370	
0.936177	0.112307	1119	
0.789041	-0.239774	5645	
-0.096376	0.737205	6640	
-0.270287	-0.768161	5549	
0.757002	0.563569	2073	
-0.162794	0.972560	2224	
-0.414110	0.106800	2624	
0.378593	0.493702	6752	
0.902703	0.272940	6085	
-0.610678	0.194179	4298	
-0.528629	0.328005	4779	
-0.482298	-0.149444	4209	
-0.871151	0.462757	4146	
-0.698678	-0.236422	6314	
0.361095	0.917679	5398	
0.372159	0.442651	5182	
0.697319	-0.638075	1441	
0.101583	-0.728011	6639	
0.931312	-0.151349	2299	
-0.585072	-0.208691	6617	
0.355768	0.651134	706	
-0.691962	-0.207946	5246	
-0.576328	0.145359	2288	
0.716105	0.207113	6189	
0.766646	-0.097279	4039	
-0.376880	0.092168	1400	
0.096484	0.938150	1130	
-0.035475	-0.942193	617	
0.545163	0.662110	5472	
-0.313380	0.237522	587	
0.808818	0.375519	4527	
-0.727203	0.298439	1118	
-0.697839	0.697414	1796	
0.575763	0.564879	3694	
-0.171582	-0.716145	2213	
0.291043	0.897378	5440	
-0.598706	-0.105546	3154	
0.432607	0.690200	640	
-0.521319	0.837170	4388	
-0.249346	-0.075076	1605	
-0.646873	-0.478872	534	
0.868504	-0.369879	1139	
0.290208	0.801450	4708	
-0.198550	-0.747968	4125	
0.785834	-0.052680	3267	
-0.253910	0.068390	3683	
0.618951	0.391759	3922	
-0.340860	0.012480	5334	
-0.885581	-0.105323	5880	
-0.638886	-0.132506	5654	
0.787214	-0.060242	4035	
0.600222	-0.729286	6935	
-0.504242	0.114650	916	
0.052281	0.985013	2478	
-0.440869	0.545875	4901	
0.070434	0.525664	442	
0.473338	0.712946	1496	
-0.311443	0.441116	1291	
-0.915636	0.366311	424	
0.572976	0.354741	5976	
-0.545571	0.131893	1700	
0.046628	0.942034	598	
0.637970	0.358496	5896	
0.700171	-0.634872	1441	
-0.292099	0.571660	687	
0.129244	0.556102	2206	
-0.438341	0.548983	4901	
-0.442363	0.659985	1092	
0.647993	0.464962	875	
-0.683538	0.023452	6692	
-0.513484	0.559043	6493	
-0.334521	0.825947	6736	
-0.412515	-0.047072	3738	
-0.244854	-0.112232	5473	
-0.659197	-0.733975	755	
-0.660981	0.425032	6396	
-0.437124	0.558342	5841	
0.746906	0.578125	2073	
-0.727742	0.227226	4600	
-0.779816	0.164469	5354	
0.228595	-0.763350	1667	
-0.008828	-0.942553	617	
-0.660641	0.029123	5340	
-0.421807	-0.003144	2454	
-0.056257	0.423045	4866	
-0.073934	0.817327	3296	
-0.543581	-0.355970	4915	
-0.498887	0.020038	2380	
-0.647356	0.565019	6204	
-0.656864	0.553475	5444	
-0.088497	0.727165	6640	
0.296644	0.541212	1010	
-0.401468	0.190744	2367	
0.640881	0.261035	3399	
0.222028	0.486235	5224	
0.149580	0.359196	2248	
0.529205	0.483576	4476	
-0.444286	0.353384	4805	
0.942732	0.017348	413	
-0.634473	0.114023	476	
-0.231395	0.766522	1668	
0.740066	-0.018892	3811	
0.596392	0.670368	4242	
-0.566359	0.220010	1962	
-0.163051	0.876354	6328	
0.913746	0.235893	1335	
-0.327187	-0.140747	3730	
-0.613621	-0.524636	2768	
-0.538693	-0.271201	4413	
-0.746345	-0.406951	6386	
-0.462314	0.763744	6858	
-0.460672	0.203179	6230	
0.194612	0.511477	5928	
0.266268	-0.695776	5813	
-0.246599	-0.105290	5473	
0.559824	0.760658	5666	
0.171450	0.338190	2656	
0.780943	0.102739	2361	
-0.381606	-0.186746	4083	
-0.058355	-0.849164	6457	
-0.056088	0.356958	2680	
-0.849828	-0.016600	5436	
-0.853876	-0.492858	5204	
0.395254	0.505207	1790	
-0.336511	0.084338	5562	
-0.522555	-0.348958	4675	
0.639789	0.694664	608	
0.158843	0.363776	2248	
0.433163	0.784232	4810	
0.658122	-0.414984	6395	
-0.518577	0.444522	5543	
-0.821147	0.226927	5646	
0.250194	0.628777	4168	
-0.301817	0.838221	4898	
0.120656	0.935238	796	
-0.443014	0.301502	6261	
-0.527707	0.782810	5694	
0.112691	0.311941	2305	
-0.052891	0.513172	1342	
-0.169854	0.647442	2034	
-0.289286	-0.803605	4707	
-0.053956	0.191649	1575	
0.078869	0.487289	4124	
-0.498255	0.064576	2692	
-0.309848	0.558271	4965	
0.089657	0.400709	4182	
-0.727084	0.666961	1828	
0.230919	0.614403	2196	
0.341570	0.778970	5394	
-0.874376	0.183142	6572	
-0.779468	0.165078	5354	
0.384157	-0.624852	830	
-0.171970	-0.779480	4575	
-0.333019	0.729215	5320	
-0.643673	0.211736	4374	
0.310179	-0.791192	3189	
0.396434	0.694407	1444	
-0.196046	0.543372	1320	
-0.927537	0.334846	6634	
0.652919	-0.350366	739	
0.315671	0.471173	2422	
-0.644734	0.024920	5340	
-0.295136	0.675934	4289	
-0.005240	0.234044	3129	
0.631014	-0.290621	4351	
-0.849374	-0.270009	6368	
0.812259	-0.131860	5515	
0.624559	0.603113	1567	
0.310713	0.417642	3446	
-0.040769	0.555056	3958	
0.225671	0.409502	2818	
0.336781	0.551843	492	
-0.667416	0.378286	970	
-0.232956	0.448864	1381	
0.456344	0.538735	5152	
-0.558880	0.699855	6710	
0.440993	0.685022	640	
-0.121216	0.650646	2808	
-0.124692	0.372308	2126	
-0.242076	-0.039834	1101	
0.647362	0.688058	5534	
-0.827114	-0.185914	6200	
-0.372383	-0.200959	2547	
-0.655591	-0.028264	4602	
-0.156399	0.272563	519	
0.893425	0.300589	5595	
-0.429399	0.750384	6910	
-0.177720	0.579210	2828	
0.685047	-0.314998	1011	
0.796303	-0.413129	4975	
0.211530	-0.864772	4587	
-0.130291	-0.724400	2387	
-0.210494	0.325515	3767	
-0.849582	-0.022668	5436	
-0.294516	-0.034524	3344	
0.411797	0.748199	5160	
0.284155	0.524263	1010	
-0.508454	-0.010997	1258	
-0.600834	-0.265227	437	
0.520966	0.837659	4442	
0.414440	-0.681721	4451	
-0.698408	0.498648	6754	
0.660995	0.605819	2135	
-0.410734	0.791514	5124	
0.031868	0.697986	1306	
-0.021482	0.628539	4962	
-0.817723	0.363831	5500	
-0.590232	0.195669	2012	
0.655508	-0.431550	6395	
-0.358134	-0.715886	2329	
0.870319	-0.197406	6571	
-0.476507	0.186798	6942	
0.125894	0.254934	2743	
-0.892264	-0.001650	6446	
-0.649516	0.205587	4932	
-0.039287	0.593523	4624	
0.603855	-0.664929	651	
-0.686450	0.075153	6332	
-0.593191	-0.262588	4893	
-0.057620	0.670399	4736	
0.074268	0.312002	2516	
0.648861	0.619128	1887	
-0.843968	-0.287025	5127	
-0.138516	-0.757410	4321	
-0.418890	-0.227349	6297	
-0.708456	-0.474910	5060	
-0.606766	-0.066291	6420	
-0.225720	0.509946	4982	
-0.482762	0.037423	1570	
-0.655310	0.061326	4516	
0.602924	0.727443	5564	
-0.426597	-0.274602	1071	
-0.681638	-0.651980	1362	
-0.567366	-0.600399	6043	
-0.342490	0.463972	5027	
-0.385358	0.668872	3036	
-0.486931	-0.037728	3352	
-0.752598	0.192185	4114	
-0.234768	0.957516	2794	
-0.617061	-0.600614	1568	
-0.256563	-0.815332	5847	
0.226635	0.453916	3374	
-0.786350	-0.318482	3287	
0.791073	0.107281	2361	
0.177797	0.261754	922	
0.114299	0.231270	4768	
-0.541423	-0.716506	3625	
-0.389410	0.232087	1197	
-0.468119	-0.049876	3352	
-0.813508	0.557858	3396	
-0.576105	0.488366	5776	
-0.081642	0.506314	2372	
-0.369758	-0.171896	3847	
-0.176545	0.293095	1659	
-0.373571	0.866122	2154	
-0.593594	0.204350	2012	
0.353448	0.920535	5398	
-0.617541	-0.256784	513	
-0.024082	0.849301	5018	
0.618097	0.490432	5843	
0.027746	0.942913	618	
-0.389797	0.165334	2262	
-0.016893	0.735143	4526	
-0.476362	-0.178398	4391	
-0.569507	-0.515427	1161	
0.091127	0.332693	2116	
-0.202374	0.868011	4588	
0.736480	-0.041286	1911	
0.670939	-0.346397	739	
-0.637540	-0.104084	5388	
-0.392555	0.059980	1654	
0.512495	-0.500392	664	
-0.969925	0.179068	3920	
0.088705	0.815092	2528	
-0.022145	0.294650	3662	
-0.310005	-0.152818	5277	
0.531497	-0.779551	5693	
-0.109428	-0.844608	3985	
0.029880	0.506377	570	
0.123332	0.225551	4768	
0.399129	0.692830	544	
-0.263203	0.481930	1275	
-0.498408	0.351587	1957	
0.176558	-0.723193	4739	
0.237360	0.861857	506	
0.403186	-0.798101	5123	
0.852306	0.260508	5177	
0.039498	0.668012	5812	
-0.939313	0.299955	6616	
0.747857	-0.286361	4307	
0.541902	-0.449548	3534	
0.048688	0.328464	1726	
0.417535	0.589921	4436	
-0.539655	-0.429823	4899	
-0.111536	0.016830	3679	
0.815453	0.474074	5815	
-0.564229	0.163032	1522	
-0.454150	-0.599675	6077	
-0.139772	0.387627	2904	
-0.291615	0.122001	1577	
0.719527	-0.468964	1903	
-0.984197	0.064115	2016	
0.101908	0.542924	2084	
-0.484405	0.432925	4299	
0.481126	-0.578517	6010	
0.690873	-0.398040	2857	
0.140316	0.976267	4926	
-0.049713	0.274780	3284	
0.032942	0.322507	1426	
-0.244636	0.148655	4829	
-0.540396	0.299474	6301	
0.694631	0.639827	1361	
-0.572053	-0.102786	2320	
-0.755259	-0.016542	6060	
-0.604812	-0.023603	5412	
-0.705611	0.345917	1626	
-0.877543	-0.449289	2758	
-0.051014	0.984894	4840	
-0.340537	-0.138417	4316	
-0.100714	0.244732	6889	
-0.704765	-0.185520	4410	
0.434679	0.782682	4810	
-0.186166	-0.832324	4827	
-0.368216	-0.206639	2547	
0.526771	-0.616504	1347	
-0.442561	0.379760	1215	
-0.495748	0.518025	6257	
0.429753	0.840394	408	
-0.843982	-0.093459	5088	
-0.495602	-0.635368	1991	
-0.311455	0.510010	1779	
0.869819	-0.203663	6797	
-0.839702	-0.123365	4820	
-0.892154	0.026290	1202	
0.025274	0.986008	4862	
-0.591656	0.673594	652	
0.729302	0.517795	5427	
-0.603396	0.201107	2638	
-0.335640	0.502424	3885	
-0.545384	-0.668256	5471	
-0.508951	0.735086	5270	
-0.105574	0.596104	2352	
-0.638979	0.020393	4530	
-0.614544	0.600432	684	
-0.820774	-0.462030	6744	
0.265241	-0.904511	6117	
-0.799165	-0.075573	3234	
0.742871	-0.427785	1179	
0.366899	0.869623	6896	
-0.032628	0.849403	5336	
-0.561861	0.578923	4192	
-0.481827	0.195035	6410	
0.725590	0.377489	2728	
0.395410	0.803399	6272	
0.480025	0.573009	5346	
-0.481268	0.015690	2380	
0.942777	0.052379	2465	
0.871709	-0.360824	4479	
-0.613160	0.297022	3676	
-0.682164	0.583331	834	
0.810008	-0.127508	5515	
-0.342318	0.105082	3786	
0.810783	0.071671	3233	
-0.589543	0.089472	4542	
0.423387	0.530745	902	
0.283316	0.848253	4648	
0.555714	-0.424850	3107	
-0.480860	0.301726	2105	
-0.554751	0.653332	484	
-0.279784	0.734530	550	
-0.327024	0.828865	6736	
-0.228416	-0.822161	5705	
-0.552889	0.095918	2442	
0.034234	0.590512	6452	
-0.345433	-0.026618	5538	
-0.591493	-0.009616	5412	
-0.866162	0.174043	3650	
-0.156054	0.634816	1106	
0.071538	0.439976	4162	
-0.638641	0.012850	4530	
0.690590	0.451913	4149	
-0.453738	-0.611816	1749	
0.547667	-0.768746	1445	
0.842599	-0.108008	1365	
0.358362	0.581899	1864	
0.475319	-0.814916	5789	
0.209474	0.634959	952	
-0.464819	-0.656253	6427	
0.442431	0.510389	6426	
-0.417740	0.175121	3746	
-0.327412	-0.665380	883	
0.331188	0.928783	978	
-0.386827	-0.860325	6895	
-0.415097	0.741628	6400	
-0.537124	-0.218834	4913	
-0.575325	-0.025495	5576	
0.058708	0.616652	4826	
-0.482135	0.811234	4222	
-0.284523	0.614880	1755	
-0.701562	0.517016	5532	
-0.283860	0.401414	5651	
-0.585149	0.212669	2012	
0.669004	0.159792	5035	
-0.985914	-0.024858	4046	
0.669191	0.596231	2135	
-0.224732	0.340803	3731	
0.645406	0.426487	6333	
-0.008077	0.507819	2226	
-0.426774	0.132293	3514	
-0.233709	0.913517	3552	
-0.025640	0.411977	5154	
0.259559	-0.851560	6623	
0.943146	0.032168	2465	
-0.659092	-0.608099	1888	
-0.788069	0.243312	5174	
0.172533	0.850868	4808	
0.041136	0.320048	1990	
0.001958	0.540411	3148	
0.362823	0.467530	5872	
-0.007098	0.943493	5792	
-0.546809	0.303610	2803	
-0.098157	0.981181	4690	
0.159363	0.547317	568	
0.620010	0.767422	1768	
0.612443	0.719004	608	
-0.481806	-0.709760	6021	
-0.279764	-0.019144	2761	
0.063980	-0.847446	4717	
-0.437143	0.648459	1602	
0.193178	-0.701197	4419	
0.540217	-0.677578	4457	
0.531459	0.781034	6358	
-0.639083	0.185499	1184	
0.872630	0.182451	4795	
0.533523	-0.718126	4443	
-0.009896	0.639745	5216	
-0.970283	-0.176131	2158	
0.000036	0.524630	2226	
-0.428111	0.546487	3869	
-0.512767	-0.586497	5611	
-0.617608	-0.769350	1767	
-0.516190	-0.119623	1222	
0.031750	0.740204	3212	
0.204724	0.614229	2620	
-0.635524	-0.205421	2927	
0.044534	0.559166	3172	
0.488000	0.653076	2570	
-0.647641	0.498428	2086	
-0.143469	0.515972	5508	
0.254205	-0.907696	6117	
-0.359546	-0.222585	5985	
0.411351	0.701514	544	
0.263111	0.380815	2922	
0.897696	0.288884	5595	
0.605298	0.662393	4242	
-0.347150	0.638957	1845	
-0.175416	0.412449	4520	
0.292141	-0.896449	4043	
-0.128732	0.739236	6486	
-0.488484	-0.279736	1997	
0.142300	0.808205	3318	
0.214213	0.445913	4094	
-0.129244	-0.729663	3821	
-0.576451	0.134413	2642	
0.577398	-0.685232	6815	
0.704962	-0.394738	1559	
0.018869	0.892074	1452	
0.217113	0.300502	614	
-0.696814	-0.303007	6309	
-0.225090	0.060980	5617	
-0.667860	0.726060	3260	
0.237102	0.577310	758	
0.785792	-0.086925	4035	
0.455253	0.539310	5170	
-0.084645	0.604986	1190	
0.783700	-0.332060	4453	
-0.950552	0.261918	4938	
0.127943	0.977954	4926	
0.348031	-0.876277	2153	
0.748978	-0.298381	4307	
-0.344258	0.924027	1858	
0.367555	0.556412	1528	
0.837982	-0.125548	735	
-0.281089	0.094262	3215	
-0.046772	0.890727	4132	
0.762323	-0.086018	3273	
0.695711	0.439968	5019	
-0.655298	0.465600	6306	
-0.739748	-0.419927	6386	
0.148746	0.810191	3318	
0.069340	0.890210	6596	
0.807791	0.284562	4621	
-0.205496	0.964356	3832	
-0.525895	-0.119139	1222	
-0.892265	-0.003587	4554	
-0.844443	-0.092525	5088	
-0.472270	0.384371	511	
-0.448711	-0.730405	1003	
0.627619	0.761180	1768	
-0.165102	0.722695	4998	
0.487650	0.752430	1272	
-0.370420	-0.638494	1085	
0.384552	0.808520	6272	
-0.613948	-0.552507	4340	
-0.218561	0.520635	5276	
-0.546312	0.042056	1770	
0.730047	0.237864	6764	
-0.825931	0.344017	5500	
0.042415	0.849782	6458	
0.073504	-0.781965	3263	
0.574218	0.689262	5732	
-0.334140	0.190784	2391	
0.883751	0.119137	4355	
0.276731	0.850361	4648	
-0.789958	-0.308678	3287	
-0.609506	-0.050072	5930	
-0.532460	-0.722028	3625	
0.447360	-0.771419	6905	
-0.705651	-0.216966	6190	
0.046032	0.470930	4326	
0.062781	0.552267	3634	
-0.346604	0.174619	2407	
-0.272505	0.848411	5608	
0.038679	0.240326	3593	
-0.061771	-0.848904	6457	
-0.277252	-0.014189	2761	
0.744991	-0.086283	1895	
-0.709084	-0.685638	6464	
0.358354	0.800043	6174	
-0.739936	0.431004	1180	
0.474609	-0.513772	6140	
-0.445984	0.054707	3132	
-0.396497	-0.248441	5783	
0.941641	-0.057256	3181	
0.218424	0.744932	4722	
-0.986303	0.003543	3244	
-0.586944	-0.215578	6617	
0.146659	0.517029	698	
-0.653624	0.410385	6396	
0.045021	0.223939	3535	
-0.312307	0.734534	670	
-0.608958	0.206621	2638	
-0.689867	0.098536	832	
-0.084998	0.446364	3498	
0.941763	0.046060	2465	
-0.848083	0.064347	5636	
0.416294	-0.742112	6399	
-0.555227	0.258019	1950	
-0.220192	0.079792	4653	
-0.486247	0.749504	6006	
-0.766154	0.377073	2186	
-0.820610	0.356775	5500	
0.900400	-0.281205	2891	
-0.490164	0.401795	1205	
0.621681	0.430353	1298	
0.106647	0.683202	2310	
0.801658	0.126519	3741	
0.401394	0.461574	6050	
-0.389216	0.067607	1654	
0.267301	0.761546	4642	
0.218134	0.368481	624	
-0.309525	0.014978	4021	
0.587856	-0.676520	6815	
-0.358176	0.544343	2253	
-0.609141	0.333859	3748	
-0.151062	0.386908	2488	
0.082226	0.686287	6538	
-0.775658	0.160639	5354	
0.073596	-0.778477	3263	
-0.091922	0.451391	3498	
-0.402560	-0.224925	6053	
-0.698156	0.564036	6116	
-0.011841	0.892033	6084	
0.281504	0.743919	4642	
-0.590919	0.229404	1746	
0.763500	0.554566	2647	
-0.073734	0.539338	2008	
-0.573042	-0.282742	5911	
-0.221515	-0.758324	5459	
0.005187	0.662415	680	
0.154897	0.393950	1696	
-0.336335	0.530294	5535	
0.294183	-0.666946	2788	
-0.701159	-0.359477	5233	
0.117408	0.545266	2084	
-0.714672	0.180757	1862	
-0.699143	-0.634367	704	
0.799355	0.164946	4025	
0.767643	-0.220838	5465	
-0.756208	-0.182162	4924	
0.272482	0.851761	4648	
-0.546784	-0.440346	4899	
-0.295351	-0.743522	4231	
0.758543	0.471802	6851	
-0.390364	-0.046664	2328	
0.004599	0.669540	680	
-0.017777	0.410061	5154	
0.054290	0.533068	660	
-0.608808	0.176085	4548	
-0.672298	0.244024	4744	
0.466347	0.603810	6376	
0.382889	-0.642770	925	
0.743494	-0.194663	4113	
0.937348	-0.108071	3507	
-0.698528	0.498640	6754	
-0.011407	0.429404	1104	
0.405738	0.852217	408	
-0.000815	0.372319	3326	
-0.142127	0.513034	3178	
-0.401651	0.096521	4170	
0.427843	0.754724	2102	
-0.449042	-0.015662	3948	
0.722631	-0.400614	5501	
-0.042287	0.233285	2359	
-0.580083	0.332744	1628	
-0.389502	0.316949	469	
0.257972	0.696858	4940	
0.934117	0.132830	2039	
-0.291417	-0.802842	4707	
-0.321004	0.140992	3327	
0.443420	0.609977	6078	
0.281674	0.395241	394	
-0.463829	0.263295	3906	
0.923379	0.193400	2065	
-0.029786	0.352944	3696	
-0.452105	-0.728219	1003	
-0.541918	0.580090	4192	
-0.335297	-0.827839	4389	
-0.283311	0.556029	4382	
-0.503761	-0.297090	1251	
-0.491827	0.431343	553	
-0.036035	0.744375	4440	
-0.035070	0.985626	4840	
0.582000	0.337269	5976	
-0.276378	0.598570	851	
0.085964	0.818392	2528	
-0.013423	0.518395	2676	
0.244377	-0.910378	6597	
0.158200	0.469718	5994	
0.692679	0.641773	1361	
-0.308715	0.600754	1385	
-0.841259	0.128515	736	
0.766699	-0.014451	6239	
-0.024538	0.821018	4130	
0.013070	0.521929	420	
0.637969	0.359087	5896	
-0.618973	0.211343	2638	
-0.597345	0.274658	1898	
-0.370545	-0.098664	2312	
-0.751246	-0.639204	1710	
0.656812	-0.508308	5521	
-0.696459	0.226062	4606	
-0.710108	0.480848	6132	
0.841081	0.426054	6105	
0.690523	-0.097533	831	
0.012748	0.339133	2338	
-0.386619	0.119850	2194	
0.252525	0.582596	758	
-0.081493	-0.886359	4613	
-0.141531	0.879997	6328	
0.044533	0.697385	1764	
0.153670	0.777861	4630	
0.309742	0.528383	1478	
-0.289377	-0.742248	4231	
-0.549590	-0.437750	4899	
-0.034599	-0.850208	6859	
0.808784	-0.136744	5515	
0.660402	-0.332519	1109	
0.170788	0.655714	2766	
-0.446170	-0.135158	754	
-0.752456	0.487231	748	
-0.069324	0.455306	1274	
-0.423222	0.785086	5124	
0.737223	-0.028600	3811	
-0.546600	-0.237145	5463	
0.852415	0.100507	5087	
-0.985640	0.035861	2452	
-0.638455	-0.108485	5388	
-0.576699	-0.236855	3897	
0.938143	-0.100263	3507	
-0.356293	0.287011	1053	
-0.656278	-0.371185	2831	
-0.491208	0.366562	2217	
0.511428	-0.503212	664	
-0.647628	-0.357255	1431	
-0.394831	0.799335	3844	
0.012627	-0.733621	4525	
0.077929	0.645313	1876	
0.242116	-0.813158	5305	
0.719608	0.480009	6073	
0.725377	-0.146994	2009	
-0.368150	0.511240	439	
-0.463119	-0.029427	782	
-0.004336	0.986229	4694	
0.731258	-0.069654	1911	
0.256723	0.582003	744	
-0.152264	0.350558	1633	
0.602290	0.553505	3403	
0.277908	0.556870	4592	
-0.232263	-0.068097	2925	
0.274739	-0.711034	645	
0.510566	-0.644791	1647	
-0.533125	-0.006588	2238	
0.470983	-0.618168	1213	
-0.334919	0.225090	2955	
-0.630191	0.024961	4530	
-0.524581	0.417663	711	
-0.022725	0.752380	4440	
0.732369	0.023870	935	
0.222488	0.680388	944	
-0.156543	0.771783	1060	
-0.354765	-0.666240	705	
-0.610563	-0.243694	513	
-0.514174	0.051558	1622	
-0.566379	0.556147	1458	
0.029841	0.650748	6346	
0.297024	0.750343	4232	
-0.725995	0.079771	1418	
0.087527	0.224791	6476	
-0.454801	-0.772392	2909	
0.474601	-0.513784	6140	
-0.243020	0.146061	4829	
0.292646	0.380200	2568	
-0.254018	0.069282	3683	
-0.587244	0.044524	4574	
0.507079	0.739740	552	
-0.204948	0.589485	2098	
0.927607	0.170827	4137	
0.441762	0.881844	1002	
0.454874	-0.826252	4331	
-0.463613	-0.554238	5151	
-0.772473	0.453825	3012	
0.171337	-0.831355	4635	
0.064825	0.848158	6458	
0.629472	0.492923	5843	
-0.314489	0.480313	1869	
-0.787150	0.174219	5530	
0.848453	-0.091538	1315	
-0.558930	0.100539	2442	
-0.171940	0.549685	5628	
-0.018028	0.226867	585	
-0.621843	0.201485	4298	
-0.268789	0.401200	3297	
0.885171	-0.327339	843	
-0.050939	-0.747549	4399	
-0.583846	-0.154074	998	
0.516346	-0.554947	6494	
0.187250	0.643813	2766	
0.010321	-0.737563	4525	
-0.360700	0.547720	2253	
-0.691877	-0.257598	5494	
-0.084112	0.728518	6640	
0.827578	0.175611	4663	
-0.588414	-0.326107	6775	
0.372715	0.533161	6822	
-0.181271	0.306129	1659	
0.754385	-0.569501	1855	
0.206481	0.364877	846	
-0.471122	0.341310	2467	
0.871800	0.184509	4795	
0.893726	0.300004	5595	
0.509978	-0.558916	6494	
0.031082	0.633601	6510	
-0.610654	-0.065656	6420	
-0.046641	0.392655	3516	
-0.372493	-0.866595	6895	
0.411220	0.471162	6050	
-0.849973	0.019298	6632	
0.268667	0.592245	1894	
0.942015	0.049424	2465	
-0.205428	0.572535	1786	
-0.291711	-0.027051	2945	
0.700572	0.385155	5997	
-0.177728	0.395321	2944	
-0.476291	0.068392	1262	
0.816093	-0.067398	5455	
-0.368914	-0.405036	4007	
0.553408	-0.764734	6843	
0.152527	0.564839	2302	
-0.214906	0.068768	4867	
-0.650823	0.685251	4790	
0.727087	0.372686	2728	
-0.952967	-0.253322	2702	
-0.135243	0.881175	1376	
0.101096	0.981167	4750	
-0.470015	-0.053035	2580	
-0.558078	-0.612346	6043	
0.317018	0.731246	2572	
0.857608	0.054445	4517	
0.511428	0.634313	4882	
0.697560	-0.234411	4605	
-0.407744	-0.054100	3520	
-0.850112	-0.007950	5436	
0.063723	0.217062	5853	
0.126125	0.978241	4926	
-0.205402	0.821287	4918	
-0.215806	0.622231	2172	
-0.217352	-0.699990	1165	
-0.250446	0.605879	1052	
0.194104	0.285308	3426	
0.039075	-0.832881	4729	
0.125642	0.317132	1242	
0.285367	0.709173	1318	
0.383201	-0.721718	6007	
0.252041	0.713270	4946	
-0.300136	0.009655	3749	
-0.521707	-0.167902	4365	
-0.118162	0.733518	6590	
0.120810	0.465253	5808	
0.769197	-0.292202	4953	
-0.097339	-0.734286	5621	
0.113623	0.784109	5024	
-0.501639	0.691314	4418	
0.820463	0.546828	3987	
-0.649083	-0.109800	6898	
-0.648058	-0.561583	392	
0.440852	-0.542430	4902	
-0.757645	0.237540	5466	
-0.132048	0.340149	2503	
-0.850528	0.030866	6632	
0.056026	0.267737	2967	
0.312851	-0.830427	4897	
-0.409703	0.172766	2668	
-0.502709	0.848379	1792	
0.146956	0.320573	798	
-0.479848	0.581978	6009	
0.055174	0.297754	3817	
0.659651	-0.329396	1109	
-0.530558	0.095278	2502	
-0.883711	-0.119703	4356	
-0.431622	-0.282854	385	
0.372472	0.589884	4816	
0.088354	0.888669	4614	
-0.497493	0.222767	6076	
0.085767	0.710386	6524	
-0.762971	-0.372681	5934	
-0.290256	-0.024218	2945	
-0.659898	0.457016	2970	
-0.075269	-0.735165	5321	
0.799295	-0.293587	2255	
-0.021330	0.402432	3846	
-0.184677	0.529229	5228	
0.916883	-0.221350	3063	
0.312879	0.565128	4786	
-0.153889	0.558811	5746	
0.770186	-0.225375	5465	
-0.232722	0.751002	3688	
-0.612641	0.327373	3748	
-0.675801	-0.265537	5494	
-0.379979	0.690846	4360	
-0.909219	-0.381708	1824	
-0.092838	0.981758	4690	
0.044948	0.759133	4400	
-0.222276	0.010092	1655	
0.056024	0.890563	6748	
0.742459	-0.223905	4599	
0.409104	0.566325	2552	
0.355675	0.874195	6466	
-0.552219	0.354021	6469	
0.008182	0.850404	5238	
-0.658234	0.367593	1192	
-0.708423	-0.050209	4490	
-0.596113	-0.217807	6617	
-0.568351	-0.806353	1853	
0.180019	0.270791	922	
0.244137	0.498157	4468	
-0.504470	0.657425	1970	
-0.578709	-0.230674	3897	
0.622812	0.710310	608	
-0.714801	-0.465459	6074	
-0.838808	0.519182	1914	
0.737079	0.589737	3073	
-0.670414	-0.452212	4832	
0.320797	-0.785380	3189	
-0.393188	0.045335	5864	
0.003717	-0.943085	1017	
-0.434346	0.885241	674	
0.220202	0.961500	3892	
0.796885	0.400865	5957	
-0.469007	-0.285356	2133	
-0.381677	0.106439	6196	
-0.563291	-0.318709	6197	
0.256521	0.546155	3800	
-0.163017	0.332603	985	
-0.375192	0.696281	5200	
-0.030020	0.539909	2420	
0.740558	-0.505225	3929	
-0.264849	-0.036262	2610	
0.090066	0.888520	4614	
-0.716157	0.311398	1118	
-0.285384	-0.012236	2945	
-0.592828	0.655427	5626	
-0.554374	0.093093	2442	
-0.505385	-0.075696	2496	
0.914247	0.233182	1335	
-0.278803	0.188854	629	
-0.536056	-0.218586	4913	
-0.087167	0.510111	2046	
0.127206	0.978094	4926	
0.247888	0.910092	4662	
-0.509845	-0.081127	2122	
-0.447013	0.772359	6906	
0.131054	0.548839	2206	
0.804060	-0.495649	869	
0.771405	-0.546043	715	
-0.416106	0.092630	2608	
-0.714714	-0.148948	6652	
0.595751	-0.732816	6935	
0.513911	0.842030	4116	
0.207000	0.554770	6582	
0.111219	0.562516	2456	
-0.933684	0.317042	6706	
-0.577949	0.068591	4354	
0.142013	0.683980	1812	
0.007943	0.847792	5238	
-0.338656	0.166735	3201	
-0.305370	-0.686415	1225	
0.292132	0.470503	1244	
-0.652809	-0.252640	3400	
0.900590	-0.282544	2891	
-0.025916	-0.732005	2663	
0.814464	-0.220314	5115	
0.725233	-0.275340	4175	
0.266170	0.570154	612	
-0.425859	-0.256436	4033	
-0.304586	0.421542	3941	
-0.257354	0.507729	3217	
-0.831153	0.185842	6934	
0.233238	0.503272	5262	
0.763853	0.462841	6893	
-0.462288	-0.296313	5729	
0.765039	0.174441	4923	
0.642582	0.498237	533	
-0.443812	0.556118	5841	
-0.353595	-0.176264	3847	
0.051987	0.400567	4876	
0.021721	0.294031	5708	
0.030283	0.483768	4534	
0.343909	-0.638267	1846	
-0.222941	-0.025503	799	
0.360893	0.697483	1646	
0.889573	0.313442	5961	
-0.545948	-0.056973	2052	
-0.433479	0.126704	3514	
0.620779	0.441731	1298	
-0.450488	0.673737	1592	
-0.371459	-0.027948	2920	
-0.142310	0.880009	6328	
-0.066244	0.530803	2008	
0.653228	-0.558581	6203	
0.437307	-0.667002	1601	
-0.609891	0.721568	3538	
0.669018	0.381886	2980	
0.009155	0.637236	6814	
-0.501813	-0.512430	6505	
0.917037	-0.221981	3063	
-0.225142	0.052871	5767	
-0.279086	0.415218	859	
0.333496	0.705616	1618	
-0.592961	0.279539	1898	
-0.028359	0.360062	3696	
-0.709382	0.400636	5502	
-0.497983	0.263500	4551	
0.041250	0.615424	6234	
0.007857	0.347560	2424	
-0.431302	0.539762	4901	
-0.356407	0.873300	2154	
-0.204676	0.417207	3952	
0.792196	-0.514313	3971	
0.673295	-0.662827	1035	
0.190551	0.409350	2430	
-0.283184	0.603847	1755	
0.593400	0.317570	6776	
-0.431734	0.539684	4901	
0.406293	0.465503	5188	
0.907378	0.255435	1335	
0.819557	0.019974	5317	
-0.181566	0.575955	2828	
-0.354568	0.136055	3088	
-0.366177	-0.247713	3437	
0.298314	0.628486	4364	
0.534655	-0.608410	1347	
-0.030293	0.985739	6496	
-0.114775	0.884164	1376	
-0.794416	0.413193	4976	
-0.049941	0.587888	4532	
0.542126	0.440320	4900	
-0.233053	0.510164	4982	
0.337858	0.561301	1908	
0.350295	0.654151	706	
-0.303098	0.012259	3749	
0.314884	0.486918	2422	
-0.814864	0.556064	3396	
-0.955904	0.241801	2142	
0.160866	0.422865	3946	
-0.204635	0.640187	1698	
-0.350785	0.236490	1253	
0.645050	-0.490381	2697	
-0.848294	0.282511	3082	
-0.424763	0.135702	3514	
0.921944	0.197357	2065	
0.039570	0.573840	4216	
0.615170	-0.716952	3537	
0.185142	0.874129	968	
-0.461758	-0.271286	837	
-0.289758	0.842521	5608	
0.445591	-0.721748	5299	
-0.727911	0.283212	868	
0.098702	0.335510	2282	
-0.332434	-0.041525	5316	
0.941365	0.062640	2465	
-0.469822	0.093799	6648	
0.210463	0.619659	2620	
-0.147219	-0.734884	1979	
-0.028410	0.262632	3160	
0.897936	0.288197	5595	
0.106651	0.501389	3576	
0.739991	-0.587146	6543	
-0.069435	0.554350	3044	
0.853224	0.028739	5435	
0.794592	0.508350	749	
-0.318851	0.719440	574	
0.381781	-0.629004	830	
-0.078401	0.634834	1490	
-0.539278	0.067553	2332	
0.223159	-0.915415	3777	
-0.227396	0.114205	6583	
-0.470615	0.301474	1689	
-0.111361	0.239700	6863	
0.030923	-0.889546	4817	
-0.785399	0.126131	4678	
-0.008015	-0.851438	5237	
-0.013251	0.230745	6619	
-0.492604	-0.189055	3743	
0.220653	0.316965	778	
-0.062900	0.771854	3264	
0.822801	0.343198	6351	
-0.312659	0.834341	4898	
0.447930	0.878744	1002	
-0.187511	0.438979	496	
-0.986120	-0.015109	4046	
-0.157083	0.351363	1633	
0.861071	0.385923	4513	
0.494732	-0.485409	488	
0.848366	0.023244	5435	
-0.356678	0.816838	4384	
-0.830721	-0.323487	4879	
0.112401	-0.936107	6787	
-0.566210	-0.371754	3995	
-0.136290	0.574296	6808	
-0.848424	0.282839	3082	
0.382630	0.650719	1086	
-0.550003	0.624381	956	
0.253139	0.953210	2120	
0.361232	-0.707916	5199	
-0.751797	0.298627	4308	
0.797989	0.170203	4025	
0.779630	-0.136299	5353	
-0.181732	0.872611	6830	
-0.207370	0.454420	2062	
0.688393	-0.405754	2659	
0.388502	0.442878	4254	
-0.792000	0.417904	4976	
-0.656846	0.047462	5424	
-0.744957	0.498898	5030	
0.943332	0.019513	413	
0.254422	-0.697568	5885	
-0.354655	-0.027227	4646	
0.116779	0.484223	3206	
0.757722	0.562104	2073	
-0.005509	0.714161	6082	
-0.506006	0.042333	1394	
0.353834	0.412556	5136	
