time = 217.25	Re = 90
0.615966	-0.770113	3591	
0.670266	-0.723255	5567	
0.742319	-0.649088	5827	
0.813708	-0.557197	2029	
0.622697	-0.708275	2153	
0.659736	-0.673864	1921	
0.749576	-0.573624	1721	
0.983435	0.067568	4937	
-0.223947	-0.960723	1809	
0.179432	-0.969886	2355	
0.405932	-0.898747	827	
0.699003	-0.695493	5001	
0.847931	-0.504129	1707	
-0.530207	-0.780903	2648	
-0.498916	-0.801530	5126	
-0.425009	-0.843559	1362	
-0.312469	-0.891678	3137	
-0.180759	-0.927007	5821	
-0.025696	-0.943498	6465	
0.151171	-0.931127	545	
0.379234	-0.863565	893	
0.608733	-0.720190	547	
0.886017	-0.329180	3755	
0.316379	-0.934204	4861	
0.792407	-0.587112	3027	
0.740893	0.495653	5719	
0.724937	0.518479	5177	
0.685446	0.569872	5128	
0.607032	0.653764	5957	
0.461230	0.767752	6231	
0.191497	0.875837	1272	
-0.531642	0.715113	6624	
-0.935508	-0.124168	3064	
-0.569511	-0.752200	750	
-0.177487	-0.927609	5821	
0.147826	-0.931689	545	
0.470134	-0.817334	1239	
0.768955	-0.547706	5693	
0.312512	-0.935529	4861	
0.713869	-0.680204	5141	
0.928271	-0.334433	1813	
-0.578113	-0.680232	6806	
-0.592220	-0.667593	6674	
-0.337921	-0.831233	4241	
0.105261	-0.887396	967	
0.495855	-0.740611	4587	
0.763447	-0.468236	6709	
0.890180	-0.094707	5677	
0.836410	0.310688	4553	
0.717421	0.528778	5177	
0.450002	0.774658	5479	
-0.217801	0.866118	4614	
-0.833933	-0.441076	2040	
-0.226664	-0.917037	6357	
0.214266	-0.918403	795	
0.603940	-0.724226	547	
0.943650	-0.021669	843	
0.657640	-0.734750	1857	
0.872261	-0.460864	3259	
0.944100	-0.286571	1877	
-0.111094	0.845198	4828	
-0.078899	0.849279	6170	
-0.220059	0.822337	3960	
-0.436596	0.728021	4120	
-0.631926	0.567758	6242	
-0.792484	0.332457	5044	
-0.838105	-0.149185	736	
0.482160	-0.699334	4917	
-0.892074	-0.054041	3082	
0.573551	-0.681818	4897	
0.893690	-0.042667	5499	
0.740964	0.495559	5719	
0.448639	0.775492	5479	
-0.437852	0.776498	6328	
-0.565581	-0.755206	750	
0.095785	-0.938421	4661	
0.534675	-0.776532	3551	
0.907366	-0.264165	1855	
0.694451	-0.700062	5001	
0.963285	-0.212772	1913	
-0.811067	0.083236	1952	
-0.650282	0.483495	5110	
-0.772360	-0.244263	4610	
0.375000	-0.722353	3001	
0.597369	0.555457	2264	
-0.609677	0.548822	6008	
-0.502114	-0.687803	5060	
0.803922	0.276076	6631	
-0.229614	0.819609	6458	
-0.771462	0.377171	5518	
-0.768322	-0.361615	5088	
-0.352347	0.785125	4718	
0.611124	-0.648755	4383	
0.874727	0.180062	3855	
0.614354	0.646692	3795	
-0.005778	0.894437	4390	
-0.702475	-0.629263	5324	
0.120535	-0.935609	1409	
0.600010	-0.727485	547	
0.889204	0.316361	413	
0.807558	-0.565989	1445	
0.979092	-0.120017	1839	
-0.640123	-0.457863	6092	
-0.685872	-0.388238	2362	
-0.591682	-0.518401	825	
-0.323337	-0.740913	4895	
0.280582	-0.742111	4927	
-0.042384	0.800912	5460	
0.049411	-0.805798	5459	
0.803578	0.071765	5413	
0.127043	-0.806397	4629	
-0.640946	0.515210	5110	
0.702502	-0.484567	4417	
-0.119208	0.843945	4564	
-0.824287	0.239575	5532	
-0.172639	-0.839741	1003	
-0.018632	-0.894521	4977	
0.893991	0.016094	3081	
0.599589	0.660771	6673	
-0.067214	0.891465	506	
-0.534028	-0.778225	2648	
0.285034	-0.899244	617	
0.770722	-0.545297	5693	
0.547828	-0.819878	2793	
-0.279972	-0.716576	1115	
-0.462086	-0.587068	6931	
0.095786	-0.745529	3269	
0.494377	0.559295	1432	
-0.728627	0.308738	3506	
0.662053	0.404732	2643	
0.650836	-0.457568	1091	
-0.754834	-0.235287	4014	
0.114367	-0.786882	4629	
-0.800540	-0.070284	5414	
0.798870	-0.151740	1107	
0.339044	-0.739995	4495	
-0.824846	-0.022928	5174	
0.611640	0.588161	6188	
-0.754834	0.407596	484	
-0.538215	-0.659524	6134	
-0.086193	-0.891152	6271	
0.879947	0.153188	3649	
0.499047	0.742634	5207	
-0.582797	0.673981	6270	
-0.086743	-0.940001	407	
0.548732	-0.766738	6117	
0.940364	-0.084392	1139	
0.860325	-0.482743	1703	
-0.684815	0.329468	5545	
-0.648630	0.386005	6853	
-0.727102	-0.120046	1630	
-0.030275	-0.739952	4089	
0.604926	-0.429364	6926	
-0.523717	0.508406	2847	
0.131621	0.743014	1208	
0.736796	-0.205362	6887	
-0.239642	-0.753321	1517	
-0.473027	-0.634974	6334	
-0.719954	-0.323356	6206	
0.777688	-0.215900	2697	
0.180217	-0.784393	2527	
-0.432036	0.676862	774	
-0.730728	0.397898	956	
0.700717	0.477830	4111	
-0.798823	0.316778	5044	
-0.061199	-0.852968	5655	
0.582876	-0.673908	6269	
0.726593	0.516147	5177	
0.122832	0.887234	4810	
-0.674046	-0.659660	4514	
0.366574	-0.868988	5601	
0.858280	-0.395436	1035	
0.776565	-0.607945	4387	
0.971208	-0.172887	4415	
0.393343	0.561231	416	
0.392942	0.561986	416	
-0.694564	0.024814	4922	
-0.266632	-0.675624	5835	
-0.717304	0.220867	6126	
0.397022	0.638400	6292	
-0.731335	-0.093523	2010	
0.399236	-0.612575	5523	
-0.301972	0.673028	3294	
-0.169806	0.727963	5322	
0.019989	0.757065	1318	
0.692261	0.351387	2017	
-0.386009	0.687627	5980	
0.165496	-0.776641	5023	
-0.164048	-0.795622	543	
-0.503816	0.624042	1370	
-0.815043	0.155976	1108	
0.161362	0.841493	2102	
-0.853375	-0.002790	2256	
-0.526814	0.678910	5306	
0.892021	0.055172	3081	
0.436514	0.782677	521	
-0.850966	0.285102	6892	
0.196918	-0.922350	795	
0.783348	-0.527213	6843	
0.666151	-0.727049	5567	
0.985486	0.033553	6705	
0.358966	0.594693	4900	
0.694454	-0.027045	4921	
-0.057717	0.695599	3674	
-0.567075	-0.403750	4824	
-0.351694	0.640894	6590	
0.177428	0.725939	6202	
-0.512899	-0.513208	2725	
0.705673	-0.276546	1090	
0.641641	0.370546	6651	
0.492496	-0.554562	5813	
0.563088	-0.528311	4334	
-0.261355	0.746732	4928	
0.343821	-0.713002	3001	
0.577936	-0.554818	5921	
0.638361	-0.508812	3781	
0.447760	-0.720185	4211	
-0.727157	0.451220	5308	
-0.159948	-0.841918	2101	
0.768357	-0.460505	6923	
0.547439	0.706014	6851	
-0.329621	0.828920	4818	
0.045801	-0.942299	5439	
0.723755	-0.605383	5789	
0.542330	-0.823514	2793	
-0.537635	0.356934	5663	
-0.484754	0.321741	5027	
-0.588248	0.367301	3869	
-0.600712	0.362094	4901	
0.678440	-0.152666	4277	
0.141320	0.681471	3964	
0.095967	0.709234	5806	
0.613235	-0.420613	6926	
-0.695158	0.306197	1247	
0.504504	-0.523079	2788	
-0.329060	-0.688436	5699	
0.595415	-0.456817	5981	
0.669521	0.390753	2643	
-0.773820	-0.167374	4678	
-0.016216	0.801370	5550	
0.658545	0.455135	3823	
-0.801159	0.225480	2658	
-0.119365	0.843940	4564	
-0.794819	-0.301011	5436	
0.185490	-0.873733	5341	
0.659726	0.599639	6823	
-0.146499	0.881319	5264	
-0.066761	-0.941565	6895	
0.701664	-0.630517	4331	
0.452642	-0.876058	4731	
0.977016	-0.135971	4145	
0.198040	0.527645	5296	
-0.043940	0.227339	3593	
-0.427182	0.325902	1041	
-0.294591	0.266866	3601	
-0.411928	0.317993	999	
-0.532834	0.372990	5769	
-0.590184	0.359982	4901	
0.694492	-0.026231	4921	
-0.078409	-0.691076	4463	
-0.279432	0.678350	4526	
-0.567477	0.461817	829	
0.604642	-0.429611	6926	
0.520152	0.522051	2726	
-0.350682	-0.696436	1187	
-0.091313	-0.791087	2329	
0.217335	-0.762718	725	
0.765655	-0.289223	5647	
0.257393	0.789261	5520	
0.616527	0.582927	6188	
-0.843023	-0.120746	4788	
-0.849440	-0.273939	1202	
0.727434	0.514980	5177	
-0.116975	0.885866	968	
-0.087166	-0.939963	407	
0.725889	-0.602930	5789	
0.608319	-0.776186	3591	
0.983707	-0.073368	769	
0.235930	0.597667	5148	
-0.493346	0.416286	693	
-0.468830	0.376688	1779	
0.147727	0.549035	1930	
0.092371	0.470895	3248	
0.131346	0.543771	1868	
0.019636	0.673575	4168	
-0.369966	0.316059	6069	
-0.008011	0.240846	4350	
-0.369041	-0.594909	3739	
-0.645136	0.312672	979	
-0.710354	-0.185501	1912	
-0.710806	-0.189501	1912	
-0.091300	0.735464	1980	
-0.465220	-0.582195	6931	
0.701540	0.331833	3555	
-0.461955	-0.648901	4832	
-0.324943	-0.749623	4895	
0.477536	-0.655748	4659	
0.852223	0.028208	2255	
-0.850543	-0.058880	6354	
-0.839760	-0.203078	1316	
0.717443	0.528756	5177	
-0.167505	0.877451	5264	
0.010592	-0.943568	6145	
0.787588	-0.520932	6843	
0.766329	-0.620708	1791	
0.225501	0.578427	5188	
-0.497335	0.381138	1985	
-0.058621	0.292227	3887	
-0.142187	0.292524	6224	
-0.178461	0.649745	5812	
0.048773	0.648392	1894	
-0.135630	0.653988	2354	
-0.028775	0.660842	5404	
-0.013832	0.666518	952	
0.067623	0.429213	2076	
-0.282838	0.262611	3601	
-0.359080	-0.598217	4899	
0.689558	0.099597	2431	
0.395382	0.639795	5876	
0.504235	-0.523333	2788	
0.380076	0.664217	6835	
-0.701538	-0.319341	3556	
-0.795160	0.021198	4308	
-0.691289	0.421168	1648	
-0.567855	-0.573322	1513	
0.819299	-0.255625	5531	
-0.849490	-0.070508	6354	
0.843822	0.278359	1201	
0.646135	0.614368	4527	
-0.300522	0.840055	6084	
0.198757	-0.921949	795	
0.873076	-0.361866	1441	
0.892340	-0.420824	1795	
0.981169	0.098039	2141	
0.189889	0.512818	5296	
-0.498927	0.394585	5535	
0.029074	0.360508	2250	
0.039863	0.413298	1836	
0.031999	0.652531	5038	
0.095333	0.592021	1010	
-0.329663	0.350591	496	
-0.112888	0.339603	2424	
-0.182629	0.324728	2602	
-0.177295	0.640067	5812	
-0.292413	0.598397	4540	
-0.159627	0.290190	5548	
-0.390031	0.283204	3297	
0.551203	0.406504	4512	
0.734441	0.006305	4943	
-0.386113	-0.648667	5875	
-0.566943	-0.459912	5658	
0.341139	-0.677512	5713	
-0.410756	0.672389	1060	
-0.367314	0.705968	5670	
-0.705153	-0.390444	3742	
0.850981	-0.074847	3487	
-0.833089	-0.173727	736	
-0.382720	-0.811315	5433	
0.495888	0.744852	5291	
-0.564176	0.689558	4898	
0.416520	-0.846083	4497	
0.934839	-0.133857	1049	
0.964706	-0.206174	1913	
0.163423	0.464213	898	
-0.484485	0.434860	885	
0.039568	0.373125	2250	
0.096387	0.502396	1100	
-0.241759	0.317845	2184	
-0.304380	0.342423	910	
-0.336992	0.370314	1956	
0.047620	0.588996	4652	
-0.200585	0.619248	6346	
-0.052565	0.638060	6922	
-0.110471	0.359825	3000	
-0.165555	0.325821	2784	
-0.236372	0.625657	680	
0.109263	0.477435	4234	
-0.600567	0.360847	4901	
0.413646	0.580214	5168	
-0.735744	-0.053543	1844	
-0.593265	0.443149	5982	
-0.492851	-0.569708	5895	
-0.323351	0.720595	4478	
-0.513493	0.605337	1370	
0.015202	-0.816375	5549	
0.721751	0.445575	4663	
-0.779461	-0.337541	4618	
0.623089	-0.637444	3543	
0.290830	0.848804	6278	
-0.521084	-0.726512	5428	
0.621808	-0.709003	2153	
0.903636	0.272403	3181	
0.986147	-0.007663	6633	
0.133710	0.409898	1640	
-0.419467	0.523198	1664	
0.028205	0.359638	2250	
0.117832	0.544648	1978	
-0.035330	0.371077	1944	
0.049210	0.495284	4094	
0.049946	0.574426	4546	
-0.048208	0.620218	3784	
-0.360488	0.436812	1320	
-0.099301	0.421449	4368	
-0.312272	0.397691	2640	
-0.199980	0.607789	6346	
0.043288	0.600090	4652	
-0.365865	0.538353	1106	
0.016148	0.380889	2248	
0.226014	0.577949	5188	
0.387518	0.575305	866	
-0.705899	0.274569	1089	
-0.540273	0.492094	1845	
-0.137088	-0.756564	1531	
-0.773924	0.216979	2698	
-0.587026	-0.539313	825	
0.336251	0.760190	6213	
0.003914	0.854047	4708	
-0.498892	-0.692166	5060	
0.894343	-0.005031	4585	
0.049873	0.893618	6002	
-0.241897	-0.913172	5753	
0.806282	-0.491778	6917	
0.840196	-0.516858	6151	
0.973419	0.159028	3919	
0.104203	0.357423	614	
-0.301543	0.613984	4736	
-0.003456	0.328289	2305	
0.113555	0.535662	1244	
0.024065	0.435568	1696	
-0.246433	0.608254	5330	
-0.364483	0.406821	4422	
-0.365055	0.467611	2426	
-0.034286	0.594429	456	
-0.291927	0.548816	1490	
-0.247028	0.404059	3918	
-0.242896	0.579240	4962	
-0.063938	0.606730	3262	
0.020682	0.533295	6350	
0.065615	0.521258	4058	
-0.304659	0.597069	4540	
-0.376619	0.272823	3297	
0.670312	-0.194409	2475	
-0.732430	0.129365	1192	
-0.739937	-0.038818	1670	
-0.767981	0.147540	2858	
-0.520943	-0.592959	2979	
0.556129	-0.574844	669	
-0.497953	0.646499	3220	
-0.714445	0.469217	1970	
0.833782	-0.204125	1903	
0.726575	0.516170	5177	
-0.341251	0.824146	4818	
0.371200	-0.867005	5601	
0.937685	-0.111072	1049	
0.978931	-0.121177	1839	
0.074640	0.309026	922	
-0.092704	0.679538	1812	
-0.038254	0.303676	2755	
0.084594	0.482006	1892	
0.012596	0.421239	1416	
-0.347066	0.543044	1772	
-0.132940	0.378651	4240	
-0.031460	0.495031	1422	
-0.337692	0.486309	6812	
-0.074302	0.470536	3648	
-0.266041	0.541949	4532	
-0.299655	0.506844	1600	
-0.037916	0.545445	568	
-0.325233	0.517954	1766	
-0.368713	0.445550	1320	
-0.232190	0.341001	2506	
0.084296	0.509654	2822	
-0.166558	0.671600	6538	
-0.669549	0.263982	5751	
-0.529954	-0.495452	3909	
0.342303	0.687969	1188	
0.777411	-0.102599	1587	
0.289931	-0.736721	5143	
0.697999	0.393718	3741	
-0.849455	0.027079	4454	
-0.832950	-0.174306	736	
-0.344974	-0.828329	4241	
0.287204	0.850024	6278	
-0.847729	-0.279291	1202	
0.702254	-0.629841	4331	
-0.603104	-0.780044	1728	
0.975321	0.146820	3919	
0.049202	0.274552	5304	
0.177474	0.643637	1650	
-0.100439	0.276895	6714	
0.032214	0.404206	1836	
-0.062643	0.353168	2518	
-0.256815	0.602935	5330	
-0.110297	0.390174	5810	
-0.021452	0.513703	5094	
-0.255284	0.407790	3918	
-0.249556	0.551162	4760	
-0.150607	0.456089	4038	
-0.093334	0.527413	474	
-0.092580	0.529757	474	
-0.250753	0.429836	3358	
-0.067464	0.471746	4430	
-0.173475	0.381349	5154	
-0.178862	0.341159	3516	
-0.317022	0.589423	3052	
0.248554	0.612690	5314	
-0.012549	-0.720203	4683	
0.491444	-0.535542	3955	
-0.743041	-0.085008	2010	
-0.684932	-0.379311	2362	
0.310671	0.749973	4896	
-0.317146	-0.760449	6043	
0.448046	0.729233	731	
-0.545847	-0.652688	6726	
0.886048	0.113842	6571	
-0.117756	0.885751	968	
0.123337	-0.935206	1409	
0.916745	-0.228728	3971	
-0.078263	0.205648	2907	
0.098665	0.415646	5032	
-0.307210	0.292201	2080	
-0.030765	0.341738	2116	
-0.233204	0.318224	2184	
0.048445	0.620531	744	
-0.212299	0.365306	4002	
-0.035849	0.488292	1172	
-0.267752	0.410823	2054	
-0.274682	0.531701	982	
-0.103453	0.500882	4538	
-0.247884	0.512288	3044	
-0.253497	0.481835	2008	
-0.238549	0.535130	4624	
-0.105257	0.477555	4568	
-0.038800	0.556566	568	
-0.198302	0.377926	4866	
0.014584	0.642091	2844	
-0.004195	0.360078	1440	
0.694645	-0.023034	4921	
0.730161	0.095402	2009	
0.263380	0.710902	5760	
-0.162926	0.735975	482	
-0.780987	-0.133368	5354	
0.335822	-0.728043	3263	
-0.555457	0.597861	3250	
-0.829348	0.220080	6132	
-0.421821	0.745666	472	
0.451299	0.773880	5479	
-0.739884	0.502820	5270	
0.680516	-0.652916	501	
0.834959	0.439439	2039	
0.969097	0.183473	3099	
-0.123526	0.190513	1259	
-0.228877	0.240131	2219	
-0.477990	0.410534	4965	
-0.249108	0.296875	2149	
-0.433872	0.426968	4544	
-0.133265	0.336447	5364	
-0.237428	0.603094	5216	
-0.103251	0.422704	4368	
-0.315860	0.433858	5772	
-0.235683	0.558221	4096	
-0.115310	0.485903	4538	
-0.245168	0.515396	3958	
-0.215869	0.471235	1342	
-0.184603	0.473457	2676	
-0.223306	0.464040	1342	
-0.089847	0.496092	4124	
-0.058219	0.482248	5808	
-0.369646	0.468855	1322	
-0.413576	0.398775	4407	
-0.227821	0.268104	2951	
-0.471427	0.487679	1925	
-0.737840	-0.020642	4606	
0.377504	0.666087	6835	
0.769999	0.115412	4047	
0.523431	-0.588687	645	
0.191449	0.792213	2446	
0.853009	-0.002910	2255	
-0.691962	-0.490640	4112	
0.890466	-0.091660	5677	
-0.091099	0.889066	388	
0.101955	-0.937729	4661	
0.924714	-0.193207	869	
-0.177260	0.186080	1301	
0.109218	0.382171	942	
0.040370	0.672409	3482	
-0.374970	0.339995	1381	
0.085520	0.514554	2822	
-0.418279	0.462248	590	
-0.013371	0.443141	4556	
-0.180814	0.610529	6346	
-0.112462	0.609183	762	
-0.105946	0.582738	3194	
-0.150574	0.459612	4038	
-0.208759	0.540904	5418	
-0.214417	0.482552	2420	
-0.197888	0.505407	3148	
-0.143348	0.501594	486	
-0.239345	0.467157	1342	
-0.179070	0.430466	3030	
-0.341851	0.493358	6718	
-0.251047	0.600172	5330	
-0.315321	0.584533	3052	
0.047697	0.265883	6690	
0.719153	-0.115593	5005	
0.707073	-0.271780	1090	
0.518746	-0.528644	4290	
-0.026251	0.794477	5550	
-0.372828	-0.725207	3404	
-0.158069	0.805029	3318	
-0.777322	0.365473	684	
-0.004766	0.858741	5004	
0.409032	0.797988	1887	
-0.825286	0.352651	6534	
0.744055	-0.580619	4221	
-0.622823	-0.764391	5204	
0.945635	0.280204	1851	
-0.506041	0.333830	4303	
-0.244365	0.216070	1287	
0.060781	0.393604	2934	
-0.023959	0.333831	2282	
0.004873	0.395823	2520	
0.088340	0.558109	3604	
-0.403973	0.433976	6244	
0.004582	0.517423	6128	
-0.049755	0.469603	5808	
-0.225056	0.408251	5338	
-0.296420	0.485125	6490	
-0.134914	0.545719	3172	
-0.226917	0.523319	3958	
-0.206123	0.514745	3916	
-0.177656	0.530680	4502	
-0.154894	0.487792	486	
-0.189852	0.562777	6626	
-0.076415	0.592174	3698	
-0.213214	0.376437	4024	
-0.008950	0.407302	2706	
0.096195	0.659451	2398	
0.361467	0.616069	5966	
-0.605660	0.428020	6925	
-0.589766	-0.432000	5054	
0.579073	-0.511003	4359	
0.478592	-0.625687	1667	
0.254007	0.777060	4882	
0.849381	0.066968	5645	
-0.632267	-0.565736	3287	
0.885144	0.120440	6571	
-0.246191	0.858061	6748	
0.350083	-0.875788	5791	
0.943798	0.004400	3109	
0.982371	0.084357	4937	
0.114967	0.368708	942	
0.052191	0.684379	4364	
-0.280800	0.262061	1731	
0.055823	0.395369	2934	
0.022808	0.393117	2248	
-0.264040	0.324123	3272	
0.005557	0.435614	3320	
-0.047580	0.634196	6250	
-0.315872	0.413554	4280	
-0.212390	0.585553	6814	
-0.064182	0.554932	2206	
-0.224926	0.444092	5858	
-0.136838	0.545830	3172	
-0.177908	0.543357	4502	
-0.160532	0.542650	4216	
-0.135570	0.511121	660	
-0.263650	0.521541	982	
-0.210646	0.423986	1146	
-0.344102	0.489452	6718	
-0.204253	0.618908	988	
-0.212633	0.634488	988	
-0.159385	0.184816	3581	
0.646121	0.319047	5441	
0.723855	-0.194272	6225	
0.666454	-0.381397	5839	
-0.477663	0.624745	1668	
0.102612	-0.798263	4575	
-0.504521	0.641008	3220	
-0.853432	0.025423	4454	
-0.862060	0.074362	5426	
0.141881	0.884628	4810	
0.914827	-0.229875	3971	
0.862933	-0.385253	1035	
0.940622	-0.297800	1781	
0.897706	0.408240	5179	
0.087042	0.321226	5210	
0.015514	0.249389	3390	
0.183622	0.639904	1650	
-0.269339	0.280931	2188	
-0.383228	0.344099	1381	
0.038894	0.438662	2682	
0.064594	0.627423	612	
-0.402330	0.430464	6244	
-0.041675	0.448480	5042	
-0.124843	0.411084	5122	
-0.303765	0.527417	2352	
-0.068461	0.556823	2206	
-0.266799	0.457318	2152	
-0.151164	0.467019	4038	
-0.123390	0.518154	660	
-0.137464	0.493288	570	
-0.269986	0.514377	1098	
-0.136543	0.446137	3550	
-0.296805	0.406756	3144	
-0.007366	0.614011	2006	
-0.384981	0.519409	2326	
-0.336023	0.301208	2996	
-0.534854	0.413981	5021	
-0.718161	-0.161403	1418	
0.214549	0.730390	1750	
0.415430	0.672708	5843	
0.713577	-0.377467	993	
-0.751639	0.327476	4728	
0.320916	0.797033	6768	
-0.147975	-0.843749	2101	
0.697059	0.555500	6783	
-0.548046	0.702474	5608	
0.675599	-0.657961	501	
0.865705	0.375424	2465	
0.027962	0.246817	3976	
-0.080051	0.686304	1812	
0.087237	0.397775	556	
0.150441	0.545895	2358	
-0.274166	0.292940	2188	
0.116094	0.546134	1978	
-0.399107	0.378816	2497	
-0.406742	0.399850	4407	
-0.148281	0.356670	3444	
-0.032867	0.458962	5040	
-0.146912	0.402221	6096	
-0.212253	0.584483	6814	
-0.113939	0.451718	3682	
-0.112104	0.577613	5620	
-0.277460	0.504441	4386	
-0.270452	0.514442	1098	
-0.081965	0.560602	2084	
-0.227001	0.420863	5338	
-0.263187	0.396612	2670	
-0.326623	0.400047	3306	
0.052186	0.491207	3378	
-0.056065	0.322185	3654	
0.687514	0.113344	1595	
0.715904	0.167497	1417	
0.270158	0.708641	5612	
-0.756865	0.042828	2138	
-0.434063	-0.672502	534	
0.774140	0.217467	5351	
-0.303357	-0.776771	6155	
-0.727968	-0.435913	4664	
0.806169	-0.393548	6649	
-0.153620	0.880061	5264	
0.263217	-0.905722	1227	
0.943486	0.023376	3109	
0.975837	0.143296	3919	
-0.195281	0.189164	6755	
0.037354	0.263055	3858	
-0.455682	0.313164	4889	
-0.215847	0.652207	1306	
-0.316242	0.296599	2364	
-0.453900	0.436006	6671	
-0.079720	0.332228	2114	
-0.148282	0.322763	3696	
-0.275381	0.338305	3510	
-0.184160	0.350940	3516	
-0.082805	0.412969	5390	
-0.291252	0.403929	2056	
-0.126802	0.410683	5122	
-0.194622	0.589901	6510	
-0.328264	0.478066	5746	
-0.214255	0.417557	1274	
-0.326020	0.485849	6812	
-0.060619	0.590334	2302	
-0.334168	0.429637	5772	
-0.326914	0.400073	3306	
-0.379087	0.517808	2212	
-0.384877	0.535942	3208	
0.199701	0.529776	4172	
-0.500453	-0.488856	1573	
0.496931	-0.530330	2788	
-0.745621	-0.060764	1844	
0.076152	-0.787887	4751	
-0.621603	0.499872	4452	
-0.162937	0.803977	3318	
-0.797825	0.319291	5044	
-0.511268	0.686013	5306	
0.135772	0.885491	4810	
0.878405	0.169528	3617	
0.900387	-0.287145	1855	
0.976170	-0.141970	4415	
0.155431	0.438109	3658	
0.142573	0.418226	3938	
-0.531671	0.359413	5663	
-0.219625	0.240882	2219	
-0.230790	0.265793	2503	
-0.144525	0.267853	5010	
-0.454539	0.406893	3070	
-0.087364	0.328767	2114	
-0.224613	0.319748	1644	
-0.353950	0.545934	1106	
-0.265906	0.596647	5330	
0.007917	0.615513	5680	
-0.083838	0.412724	5390	
-0.349839	0.469872	2426	
-0.239649	0.392352	3498	
-0.219920	0.391558	6540	
-0.245804	0.393483	3936	
-0.316770	0.416189	5248	
-0.039967	0.458019	5040	
0.018073	0.509200	6448	
-0.031048	0.650272	5370	
-0.048653	0.661454	2766	
-0.357343	0.292427	595	
-0.623390	-0.302856	5936	
-0.738628	0.012240	864	
-0.396829	-0.642749	5875	
0.662159	-0.423341	1213	
0.599338	-0.515392	3035	
-0.222130	0.774034	840	
0.484858	0.702763	4273	
-0.079625	-0.851589	5655	
0.610102	0.650820	5957	
-0.691334	0.564686	6858	
0.798381	-0.504251	6843	
0.336536	0.882934	608	
0.877430	0.450106	5279	
-0.322693	-0.620669	6141	
-0.413150	0.284868	5651	
-0.267527	0.216237	1659	
-0.020675	0.232452	4989	
0.108884	0.432964	3302	
0.017739	0.341682	1220	
-0.132570	0.269772	3662	
-0.431749	0.481837	1052	
-0.220896	0.309076	1644	
-0.084471	0.657707	5846	
0.015100	0.430018	1696	
-0.297443	0.345120	910	
-0.084109	0.643649	6868	
-0.186830	0.351456	3516	
-0.231001	0.600913	5216	
-0.221380	0.373234	4024	
-0.211016	0.373293	4002	
-0.288604	0.384251	2540	
0.007328	0.485144	4842	
-0.204222	0.620135	988	
-0.044223	0.373584	3574	
0.060709	0.644696	1894	
0.188018	0.577493	1676	
0.359072	0.617782	5966	
0.433502	0.598310	816	
0.581155	0.438045	5053	
0.018633	0.755584	1318	
-0.546997	-0.566362	6245	
0.766747	0.241310	4013	
0.186295	0.826967	1004	
-0.632917	-0.564989	3287	
0.887098	0.105674	6797	
-0.406216	0.793705	1376	
0.605663	-0.722741	547	
0.885387	0.326656	413	
-0.535050	0.352806	5663	
-0.247310	0.207704	1613	
0.040559	0.271669	5304	
0.095612	0.411169	5032	
-0.089422	0.275455	6472	
-0.351166	0.310519	686	
0.102003	0.642070	4786	
-0.254622	0.300447	2149	
-0.179080	0.307650	2402	
0.056359	0.641035	1894	
-0.194765	0.319739	2558	
0.077734	0.537276	3486	
-0.348258	0.549939	1772	
-0.085872	0.364325	2746	
0.010348	0.454804	3946	
-0.011803	0.427293	3716	
-0.323253	0.355885	496	
0.038883	0.467318	2774	
0.090203	0.616984	4592	
-0.365030	0.554093	1106	
0.117177	0.656519	1908	
0.612191	0.322573	5765	
0.332104	0.672700	1080	
0.621905	-0.414202	6904	
-0.740261	-0.103297	2010	
0.203322	-0.762842	725	
-0.802541	0.042298	1304	
-0.370570	0.728508	3296	
-0.832374	-0.176859	1366	
-0.152239	-0.883022	2909	
-0.186997	0.873401	5342	
0.252719	-0.908647	1227	
0.937548	0.108196	3063	
0.947312	0.274533	2015	
-0.190411	0.192902	6889	
0.005110	0.244034	6476	
-0.015858	0.283101	3239	
-0.496303	0.407269	517	
0.146889	0.542044	2358	
-0.258355	0.278349	1633	
0.102552	0.507551	1100	
-0.240663	0.630113	4052	
-0.208588	0.293424	3863	
-0.309817	0.329253	4520	
-0.191370	0.307837	2286	
0.088503	0.533245	2924	
0.102982	0.592635	1010	
0.060643	0.638285	612	
0.088524	0.534574	2924	
-0.285398	0.322156	3862	
0.101567	0.539653	1636	
0.027271	0.393590	2248	
-0.437281	0.502743	1212	
-0.588161	0.367300	3869	
0.537797	-0.412737	4074	
-0.688065	-0.256087	802	
-0.452679	-0.582081	3921	
0.779660	-0.052127	1117	
0.763435	-0.262605	2085	
-0.286955	-0.770767	5667	
-0.567722	0.630286	3190	
0.259442	0.821561	5420	
0.037678	0.894122	6920	
-0.734242	-0.591733	5596	
0.940080	-0.087599	1139	
0.976662	0.137538	2905	
-0.231106	0.652304	3806	
-0.305053	0.233159	3767	
-0.408872	0.287760	859	
-0.277542	0.230237	4595	
0.038873	0.330955	3140	
0.197086	0.624845	5084	
-0.130947	0.264954	3662	
0.143974	0.536674	1806	
-0.470216	0.434690	687	
-0.213995	0.269316	2951	
-0.222777	0.640823	988	
0.082145	0.472391	3248	
0.134972	0.582787	3900	
0.137121	0.602783	4762	
0.133809	0.578240	3900	
0.070908	0.454437	2604	
0.065982	0.419390	846	
0.120933	0.496061	2482	
-0.154552	0.238222	3578	
-0.595594	0.368751	3869	
-0.201618	0.669054	1764	
0.467327	0.559621	1652	
0.634584	0.363014	3595	
-0.083975	0.749384	3270	
-0.000017	-0.796156	4641	
0.433030	0.688336	533	
0.602534	0.597442	6188	
0.179163	-0.832663	3985	
0.380165	0.812556	5434	
-0.893116	0.055323	5500	
0.917890	-0.223959	3971	
0.985735	-0.032304	423	
0.775423	0.609078	1915	
-0.415599	0.535974	1698	
0.091071	0.327944	3426	
-0.023353	0.228821	5853	
-0.347227	0.591415	2808	
0.027171	0.259834	3858	
-0.467334	0.320639	6467	
0.121222	0.665746	1908	
-0.067627	0.258466	3927	
-0.008809	0.287688	3239	
0.048589	0.342743	2272	
0.156835	0.516973	5640	
-0.492313	0.372633	1509	
-0.037672	0.282647	2967	
0.114118	0.466842	436	
-0.239264	0.253240	1919	
0.109143	0.433656	2922	
-0.134010	0.240431	3386	
0.117214	0.390582	1156	
0.179332	0.485136	5642	
0.408302	0.538951	3996	
-0.575797	-0.406104	4824	
-0.024665	-0.739906	1325	
-0.721223	0.255826	5776	
0.415955	0.685517	1511	
0.745422	-0.336502	3517	
-0.844093	0.098838	2186	
-0.435671	-0.737582	392	
0.634696	0.626340	4527	
-0.752046	0.485420	4444	
0.886019	-0.329009	3755	
0.922145	-0.350953	3309	
0.621430	-0.321001	6140	
-0.130011	0.186152	1259	
-0.540120	0.367397	5643	
-0.210044	0.193744	4869	
-0.150269	0.185207	6555	
0.157283	0.445236	5574	
-0.511727	0.337171	5241	
-0.320916	0.243866	6779	
-0.203086	0.197321	5497	
-0.120892	0.197379	2359	
-0.015364	0.232269	5853	
0.035059	0.262951	3858	
0.061986	0.294372	6724	
0.072945	0.310118	922	
0.063309	0.296267	6724	
0.025965	0.255039	3976	
-0.169626	0.191931	3581	
-0.534839	0.376582	5769	
0.238645	0.592143	5148	
-0.598989	0.367161	4901	
0.142747	0.681223	3964	
0.128738	0.732027	1086	
-0.741134	0.051574	1012	
-0.192079	0.757411	540	
-0.780008	0.218242	2658	
-0.733958	-0.365421	4550	
-0.594470	-0.606146	5934	
0.810638	0.372025	4569	
-0.630296	0.630439	3544	
0.846148	-0.420444	4789	
-0.149928	-0.974951	1001	
0.786184	0.595121	2057	
0.431189	-0.546842	1729	
0.714682	0.176245	1895	
-0.739603	-0.218517	3268	
0.795003	0.041388	5465	
-0.407322	0.708013	634	
-0.725046	-0.440486	4664	
0.894073	0.013154	5025	
-0.551383	0.699847	5608	
0.806933	-0.490596	6917	
0.628566	0.703437	6743	
-0.429589	-0.517708	5975	
0.365494	-0.634939	6589	
0.437337	0.616876	1298	
0.667250	-0.441032	695	
0.793882	-0.224383	2657	
-0.808791	-0.262224	6632	
0.798800	-0.407794	5671	
-0.505486	0.734040	5288	
0.783011	-0.527670	6843	
0.708674	0.622432	5323	
0.782074	0.600498	2057	
-0.565911	0.392111	947	
-0.303444	-0.696245	5795	
0.667716	-0.379038	5839	
0.503214	-0.605235	1369	
-0.131960	-0.806291	4341	
-0.845580	-0.103678	6934	
0.598709	-0.660067	6735	
-0.491191	0.743730	4588	
0.779113	-0.533353	2029	
0.719850	0.609392	4741	
-0.609597	0.368730	5841	
-0.366661	-0.663172	5379	
0.526899	-0.520067	2848	
0.448164	-0.647900	4503	
-0.617648	-0.513278	3257	
-0.848296	-0.082000	6908	
0.573320	-0.682027	4897	
-0.510737	0.730365	5288	
0.796096	-0.507848	6843	
0.690798	0.642251	5113	
0.751695	0.638259	4217	
-0.365450	-0.585540	3739	
-0.000194	-0.696936	4683	
0.139168	-0.724792	3821	
0.751004	0.029494	4883	
0.556600	-0.557267	5921	
0.053490	-0.811416	5429	
-0.826098	-0.203160	1316	
0.784326	-0.433986	6815	
-0.562043	0.691308	4898	
0.839456	-0.433506	873	
0.607889	0.721334	5815	
0.621430	-0.321002	6140	
-0.593033	0.238051	5175	
-0.302131	0.071824	5913	
-0.598922	0.239471	5175	
-0.687821	-0.000561	4374	
-0.404051	-0.517325	4915	
-0.244563	0.007839	4835	
-0.304911	0.068221	5913	
-0.331747	0.085880	991	
-0.373373	0.110647	587	
-0.426871	0.140912	3571	
-0.484295	0.172496	397	
-0.562234	0.214857	741	
-0.627222	0.242394	389	
-0.647168	-0.236822	5870	
-0.341028	-0.506996	1359	
-0.301607	-0.434533	4665	
-0.322606	-0.474989	4971	
-0.687545	-0.014443	4374	
-0.188718	-0.157217	1711	
0.513781	0.445375	1706	
0.566215	-0.413628	4886	
0.738891	-0.035733	3047	
-0.470812	0.577395	5392	
0.762433	-0.264458	4935	
0.803430	0.144383	5515	
-0.739797	-0.415588	4820	
0.892540	0.046932	3081	
-0.646935	0.613485	5124	
0.885275	-0.330970	3755	
0.287384	0.900139	3138	
0.690452	0.703912	5325	
-0.199994	-0.102722	799	
-0.632302	0.250116	5543	
-0.387191	0.118592	1021	
-0.565689	0.209836	741	
-0.245288	-0.296234	1609	
-0.226530	-0.128254	4999	
-0.238819	-0.081234	1787	
-0.295552	0.025403	3367	
-0.471141	0.143712	2092	
-0.622579	-0.284157	5936	
-0.242811	-0.089140	1787	
-0.371184	0.073840	4963	
-0.508894	0.155138	5129	
-0.273301	-0.299208	3441	
-0.248817	-0.215970	2731	
-0.245840	-0.197506	3659	
-0.269794	-0.290509	3847	
-0.347617	0.060238	1959	
-0.414948	0.111362	1253	
-0.188715	-0.159003	1711	
-0.028664	0.696906	658	
-0.208370	-0.719554	6077	
0.432734	0.600665	816	
-0.159078	-0.767286	1443	
0.681252	0.400231	3115	
-0.541137	0.610161	3250	
-0.571570	-0.628838	6386	
0.762971	0.461180	2063	
-0.756642	0.478617	4444	
0.924885	-0.192143	869	
0.929927	-0.329810	1813	
-0.201766	-0.222993	1199	
-0.220251	-0.056107	1235	
-0.674553	-0.140235	848	
-0.223922	-0.182031	2861	
-0.404842	-0.502284	6565	
-0.263734	-0.269400	2633	
-0.390546	0.073141	2257	
-0.308962	-0.367770	1055	
-0.270584	-0.084127	3467	
-0.535213	0.148374	591	
-0.431504	-0.471758	5911	
-0.280598	-0.269788	3989	
-0.265977	-0.160111	4225	
-0.274258	-0.110407	3409	
-0.288487	-0.068796	3379	
-0.296507	-0.051385	3669	
-0.289571	-0.065754	3379	
-0.269788	-0.230265	4100	
-0.358143	0.041819	2877	
-0.251974	-0.108209	2761	
-0.364031	-0.600309	4899	
-0.619144	-0.310513	5936	
-0.635575	0.400178	6729	
-0.571562	-0.454002	5658	
-0.460254	0.624464	3688	
-0.790248	-0.122972	5354	
-0.582881	-0.575539	1513	
-0.345020	-0.787010	6214	
0.501443	0.740933	5427	
-0.872262	0.206983	5030	
0.943089	-0.037942	4479	
0.971346	0.171209	3919	
0.604734	0.778782	1727	
-0.215706	-0.070249	1655	
-0.297528	-0.409662	1071	
-0.401796	0.103526	1253	
-0.245061	-0.174213	2677	
-0.292902	-0.329932	2935	
-0.409684	-0.476166	2837	
-0.288297	-0.070792	3379	
-0.557260	-0.367603	5454	
-0.403305	-0.446676	3839	
-0.327107	-0.062437	3849	
-0.407839	0.029908	2117	
-0.509450	0.095154	2060	
-0.604432	0.125120	4779	
-0.638487	0.093836	1255	
-0.647512	0.072208	1886	
-0.620478	0.117536	709	
-0.524887	0.104350	2998	
-0.309273	-0.281497	5597	
-0.400142	0.060161	2651	
-0.370023	0.061702	2103	
-0.368928	-0.593589	3739	
0.295422	-0.639836	4523	
0.111762	-0.729832	2387	
-0.726266	0.235251	6392	
0.200664	0.776928	2234	
0.800228	0.093358	5529	
0.541321	-0.650899	3113	
0.119393	-0.843986	4563	
0.122090	0.887317	4810	
-0.698456	-0.553728	6784	
0.932918	0.143526	2585	
-0.258984	-0.354293	3705	
-0.210901	-0.084535	3141	
-0.393237	0.103850	2955	
-0.233622	-0.179746	2677	
-0.427968	0.097197	479	
-0.479147	-0.443628	3465	
-0.532644	0.137672	2841	
-0.296559	-0.202367	3228	
-0.500935	0.089967	2060	
-0.383383	-0.420953	2489	
-0.535480	0.091797	3428	
-0.540829	-0.360757	5206	
-0.322781	-0.231968	2900	
-0.328532	-0.134751	5538	
-0.469944	0.039511	3345	
-0.491057	0.052630	3405	
-0.346181	-0.082708	3874	
-0.323061	-0.155162	6256	
-0.657806	-0.038230	4932	
-0.605328	-0.280748	4782	
-0.360632	-0.441246	1251	
-0.647968	0.172167	1623	
-0.029719	0.696875	944	
-0.326374	-0.684638	5699	
0.609665	0.400578	4409	
0.333519	0.696547	1188	
0.266461	-0.745330	4927	
-0.018331	0.808499	5550	
-0.238507	0.816835	6458	
0.813806	0.248486	6143	
-0.304515	0.838587	6084	
0.206942	-0.920054	795	
0.869938	0.365539	2465	
0.802742	0.572725	2701	
0.322909	0.620533	6142	
-0.239947	-0.314039	3769	
-0.197168	-0.130944	3163	
-0.252001	-0.016646	5987	
-0.234190	-0.157780	2763	
-0.486097	-0.442821	513	
-0.300630	-0.325248	2507	
-0.505717	-0.408045	1723	
-0.485340	0.080888	1310	
-0.446085	0.039933	2367	
-0.344296	-0.318677	1581	
-0.647684	-0.031027	4298	
-0.372650	-0.352903	4803	
-0.416131	-0.021331	2194	
-0.553632	0.062345	6861	
-0.633137	0.005728	2638	
-0.597522	-0.254691	5910	
-0.637076	-0.007742	2638	
-0.567040	0.066773	443	
-0.339984	-0.148322	2920	
-0.649342	-0.081112	746	
-0.616576	0.099407	2803	
-0.313302	-0.349827	6297	
-0.630133	-0.272016	4474	
-0.648109	-0.251646	4710	
-0.729241	0.153813	1448	
-0.687983	-0.264069	936	
0.747517	-0.259458	1537	
0.779382	0.150487	4677	
0.812338	-0.115382	1559	
-0.820847	-0.222684	5636	
-0.162772	-0.881214	2909	
-0.533295	0.713851	6624	
0.762238	-0.556768	5693	
0.726646	0.601280	5961	
-0.201087	-0.093473	791	
-0.490407	0.179678	4583	
-0.644831	0.207702	1132	
-0.674833	0.084255	4426	
-0.625358	-0.267088	4474	
-0.297291	-0.316192	3605	
-0.311343	-0.282471	5597	
-0.566937	-0.338470	4106	
-0.396877	-0.410525	3969	
-0.648550	-0.077228	666	
-0.419096	-0.020344	2194	
-0.414919	-0.380055	6883	
-0.396562	-0.071974	3950	
-0.577408	0.038968	2812	
-0.630339	-0.114973	476	
-0.588955	-0.255462	5910	
-0.582918	-0.267101	1084	
-0.632150	-0.101999	6678	
-0.526575	0.033648	5696	
-0.380505	-0.340967	4803	
-0.339228	-0.266225	3176	
-0.650536	-0.137215	6034	
-0.541662	0.144529	499	
-0.369040	-0.594767	3739	
-0.624025	-0.335160	1860	
0.537368	-0.490763	1846	
-0.746016	-0.055076	1844	
0.658974	-0.446320	934	
0.227997	-0.769169	725	
-0.537539	-0.620776	6072	
-0.360859	-0.779643	1568	
0.695366	0.557613	5128	
-0.783228	0.435859	6816	
0.927482	-0.178888	1373	
0.335210	0.883387	608	
0.594121	0.786922	1727	
-0.261199	-0.358924	3815	
-0.315431	0.075395	667	
-0.274047	-0.337993	5163	
-0.256290	-0.105924	4483	
-0.418673	-0.473791	6661	
-0.362540	-0.404170	1143	
-0.319414	-0.265075	1608	
-0.329614	-0.152769	4646	
-0.356227	-0.308892	4208	
-0.447087	-0.391416	1901	
-0.498393	0.015845	6940	
-0.480452	-0.371625	1971	
-0.412295	-0.078520	2344	
-0.580371	-0.243736	5910	
-0.502909	-0.338757	858	
-0.461277	-0.352905	717	
-0.478890	-0.350680	998	
-0.617957	-0.101711	6274	
-0.386311	-0.320086	4391	
-0.533398	0.037469	6688	
-0.431526	-0.002199	2266	
-0.595082	0.108958	5085	
-0.326553	0.013475	3323	
-0.160311	0.680274	6538	
0.404974	0.630118	6292	
0.079426	0.737724	884	
-0.751593	-0.069751	3384	
0.385166	-0.688668	5979	
0.125202	0.802725	2068	
0.487391	0.700612	4273	
0.391056	-0.754008	575	
0.043008	0.893936	6002	
-0.837946	-0.306595	4554	
0.933490	0.139380	3063	
0.933066	0.319699	2451	
-0.241297	0.013538	4835	
-0.520312	0.183139	4521	
-0.238196	-0.205872	2721	
-0.264534	-0.118066	2945	
-0.321243	-0.351394	6297	
-0.550017	0.113715	2105	
-0.331189	-0.258390	3176	
-0.339698	-0.191732	3034	
-0.365043	-0.284192	754	
-0.630552	-0.087887	6678	
-0.605888	-0.038270	3774	
-0.402904	-0.280758	699	
-0.536050	-0.026613	2428	
-0.598289	-0.081426	6300	
-0.533642	-0.287810	4508	
-0.593804	-0.175022	4720	
-0.601650	-0.096215	6300	
-0.413196	-0.118544	2336	
-0.500801	0.002060	6636	
-0.630999	-0.118137	476	
-0.343363	-0.128452	6322	
-0.660565	-0.104618	528	
-0.224848	-0.214679	2982	
0.412310	0.534600	3996	
-0.162020	-0.728509	2739	
-0.407953	0.618546	4420	
-0.492834	0.597834	550	
-0.105548	0.791042	4576	
0.626808	0.516312	3258	
-0.833201	-0.173157	736	
-0.776459	-0.369337	5088	
-0.506637	0.733251	5288	
0.510356	-0.792730	3777	
0.820532	0.465674	4565	
0.755114	0.634198	4217	
-0.293008	0.065426	3597	
-0.501161	0.162770	425	
-0.271174	-0.286920	3847	
-0.373280	-0.459630	1497	
-0.297599	-0.198884	5482	
-0.652394	-0.011026	2638	
-0.431432	-0.407986	4305	
-0.382017	-0.331280	4391	
-0.526064	-0.338723	3866	
-0.612286	-0.140180	1026	
-0.508017	-0.037150	2864	
-0.511275	-0.306342	3154	
-0.451058	-0.120303	3086	
-0.490522	-0.077988	1158	
-0.516955	-0.063277	1064	
-0.519006	-0.062346	1064	
-0.411171	-0.229327	3962	
-0.602877	-0.119937	1182	
-0.460920	-0.354267	717	
-0.595427	0.037874	1562	
-0.601488	-0.263509	1084	
-0.641034	0.142337	6469	
0.231018	0.664366	5170	
0.421507	-0.593999	4419	
0.445101	0.586235	6276	
0.413007	0.641024	6522	
-0.484544	-0.627701	1620	
0.701224	0.387158	3741	
0.205680	-0.796795	2527	
-0.216440	-0.830245	6021	
0.660241	0.599048	6823	
-0.784098	0.434362	6816	
0.920080	-0.214378	3971	
0.549644	0.767226	1269	
-0.270463	-0.371576	6191	
-0.346374	-0.479758	6347	
-0.658083	0.119372	1628	
-0.668847	0.032927	3464	
-0.427582	-0.436174	6057	
-0.536624	0.069820	4466	
-0.617157	-0.200053	5340	
-0.618928	-0.008881	2012	
-0.613400	-0.129356	1026	
-0.532284	-0.029813	2428	
-0.426788	-0.180144	782	
-0.550342	-0.217346	5576	
-0.483821	-0.276851	3566	
-0.457379	-0.260846	2122	
-0.448788	-0.242507	2496	
-0.455726	-0.259291	2122	
-0.545099	-0.058659	1642	
-0.582796	-0.213157	3336	
-0.519467	0.012039	6942	
-0.351593	-0.249903	4608	
-0.634009	0.078249	1255	
-0.268107	-0.019261	3683	
0.647168	-0.308358	980	
-0.282500	-0.703514	1115	
-0.365024	0.646732	6486	
0.069136	0.781611	1618	
0.749587	0.255121	4013	
-0.506077	-0.629100	3710	
-0.653523	0.544071	5996	
0.849217	-0.102827	2185	
-0.179031	0.875097	5050	
-0.714388	-0.532869	5178	
0.920067	0.210694	3507	
0.936040	0.310862	2451	
0.453992	0.875691	3775	
-0.245294	-0.317914	5819	
-0.223027	-0.164704	2229	
-0.261144	-0.138156	3652	
-0.386038	-0.433207	2973	
-0.554157	0.093451	4281	
-0.349453	-0.277370	3790	
-0.396994	-0.077310	3950	
-0.565637	0.000086	2088	
-0.484009	-0.052992	6168	
-0.423692	-0.205055	782	
-0.539114	-0.236464	5396	
-0.465265	-0.179921	1028	
-0.491066	-0.136110	1394	
-0.517916	-0.119862	1436	
-0.523441	-0.117604	2332	
-0.444723	-0.200862	3352	
-0.562218	-0.065460	1700	
-0.603575	-0.098268	6274	
-0.388510	-0.328836	4391	
-0.332249	-0.221570	2900	
-0.390357	-0.470190	2587	
0.156883	0.678740	4314	
0.657855	0.319852	1019	
0.284252	0.703281	1116	
0.170330	0.742202	2932	
-0.497019	-0.615742	3710	
0.798988	0.099282	5529	
-0.374553	-0.743983	4244	
-0.365029	-0.777637	1568	
0.893862	-0.037998	5499	
-0.652900	0.607233	5124	
0.782028	-0.529075	6843	
0.729442	0.597879	5961	
-0.218600	-0.256151	4871	
-0.394383	-0.501581	6497	
-0.672933	0.017851	4184	
-0.303379	-0.134025	6502	
-0.328182	-0.194062	2164	
-0.630522	-0.009193	2012	
-0.584165	-0.258613	5910	
-0.401231	-0.241540	2584	
-0.442716	-0.286142	1222	
-0.562853	-0.181184	4482	
-0.462255	-0.202816	1258	
-0.520616	-0.142717	1770	
-0.528899	-0.194271	4492	
-0.527866	-0.201931	4492	
-0.543425	-0.128494	3628	
-0.445762	-0.190814	912	
-0.415250	-0.171434	3948	
-0.394117	-0.278565	699	
-0.378006	-0.092216	5864	
-0.303672	-0.146633	5316	
-0.264056	-0.324864	5985	
0.226799	0.666687	5170	
0.446299	-0.576022	4133	
-0.611563	0.436536	5709	
-0.710291	0.362221	4192	
0.547167	0.569931	6246	
-0.331011	-0.751585	4895	
-0.578250	0.620630	3092	
0.712487	-0.472009	4417	
-0.024501	0.893959	4648	
-0.892358	-0.049902	3082	
0.937886	0.104935	3063	
0.044116	0.942943	6896	
0.476373	0.863740	1709	
-0.193973	-0.160868	5801	
-0.493564	0.139280	2038	
-0.373620	-0.459694	1497	
-0.480620	0.076721	1674	
-0.545629	0.072830	4929	
-0.382493	-0.327986	4391	
-0.503107	-0.015360	3558	
-0.464534	-0.070137	6648	
-0.423817	-0.222710	2580	
-0.538212	-0.237286	5396	
-0.494218	-0.156830	3098	
-0.509374	-0.172921	2462	
-0.506011	-0.199929	3562	
-0.509305	-0.224858	3126	
-0.483292	-0.115513	1268	
-0.585031	-0.120973	4542	
-0.601558	-0.147271	4952	
-0.467334	-0.381710	1793	
-0.650628	-0.034736	4298	
-0.652511	0.131614	3256	
-0.549740	0.401470	3229	
-0.733642	0.114621	740	
-0.688078	-0.263655	936	
-0.498680	0.575572	646	
0.449672	-0.646482	4503	
0.293109	0.764370	5668	
-0.023099	-0.826016	4855	
-0.268107	-0.815954	6871	
0.890118	-0.095540	5677	
-0.664788	0.594527	5124	
0.686280	-0.646860	501	
0.774524	0.538541	1335	
-0.239234	-0.002815	4835	
-0.679546	-0.057507	1184	
-0.275772	-0.112513	3409	
-0.318376	-0.253665	1196	
-0.523154	-0.365252	2760	
-0.390382	-0.088753	1736	
-0.597353	-0.024972	2156	
-0.586469	-0.067697	2642	
-0.555772	-0.101811	2442	
-0.477960	-0.248655	2052	
-0.484265	-0.173671	2460	
-0.483532	-0.178810	2460	
-0.488867	-0.226660	3174	
-0.551778	-0.158889	3940	
-0.484206	-0.296902	904	
-0.468470	-0.331332	1015	
-0.464969	-0.015955	4264	
-0.434984	0.002820	2684	
-0.287407	-0.087502	3749	
0.190652	0.672065	2552	
0.452643	-0.568470	4873	
0.416944	0.618896	5818	
0.751683	-0.005517	863	
0.402418	0.694953	1511	
-0.718413	-0.342324	2018	
0.470870	0.671578	4831	
-0.852984	0.042178	4454	
0.848598	0.081662	6907	
-0.156597	0.879516	5264	
-0.885751	-0.116041	6572	
0.934767	0.130318	3063	
0.272517	0.904692	5666	
0.463480	0.870698	1709	
-0.502015	0.181561	5701	
-0.381622	-0.488787	1717	
-0.650671	0.109321	1628	
-0.328529	-0.102971	6602	
-0.345877	-0.253000	4608	
-0.477301	-0.000575	6842	
-0.591227	-0.209405	3336	
-0.584639	-0.178147	4482	
-0.546296	-0.093949	2442	
-0.524388	-0.239645	5396	
-0.501016	-0.249481	3010	
-0.525210	-0.230310	5396	
-0.522885	-0.091824	2502	
-0.528084	-0.275940	4640	
-0.436183	-0.316362	4143	
-0.564321	0.024110	2812	
-0.622315	-0.201615	5340	
-0.649089	0.070860	1886	
-0.367780	-0.598590	5859	
0.671354	-0.316349	594	
0.736386	0.048606	1843	
-0.748522	0.057304	1012	
-0.705181	0.370346	994	
0.723149	0.319238	6205	
-0.580667	0.552473	5922	
0.566874	0.632542	6385	
0.040728	-0.852559	5847	
0.653436	0.606499	4527	
-0.759208	0.474738	4444	
0.825439	-0.459225	3537	
0.729310	0.598065	5961	
0.703303	0.691149	6267	
-0.321620	-0.469540	6855	
-0.279717	-0.308200	1715	
-0.294307	-0.128900	3608	
-0.473658	0.051697	2897	
-0.341498	-0.203949	2754	
-0.501085	0.013087	6940	
-0.609226	-0.137364	1026	
-0.558942	-0.040788	1470	
-0.448580	-0.292000	1222	
-0.538271	-0.091358	1754	
-0.528340	-0.090753	2502	
-0.484299	-0.113635	2692	
-0.576739	-0.187662	4482	
-0.493826	-0.326722	858	
-0.528381	0.018964	6410	
-0.615748	-0.219978	5312	
-0.649643	-0.166140	6034	
-0.686536	-0.056184	1176	
0.640390	-0.348987	2530	
0.402278	-0.610134	4763	
-0.500085	0.542060	5947	
0.773773	-0.118922	3095	
0.773118	-0.223316	2697	
0.109281	0.804464	2068	
-0.173825	-0.811787	639	
-0.399661	-0.759394	1506	
-0.577188	-0.638560	6454	
-0.526480	0.718967	6548	
-0.547328	-0.706104	6852	
0.898240	0.289563	3181	
-0.114629	0.936426	4662	
0.392202	0.904998	756	
-0.220922	-0.248142	2303	
-0.272855	-0.289483	3847	
-0.443552	0.059424	2235	
-0.521831	0.077362	3906	
-0.346716	-0.257325	4006	
-0.417506	-0.053366	6026	
-0.501342	-0.017472	3558	
-0.403875	-0.194075	582	
-0.585990	-0.083217	3728	
-0.543043	-0.258404	5468	
-0.583598	-0.157789	4908	
-0.409167	-0.262904	1550	
-0.430421	-0.080020	3060	
-0.381602	-0.316926	4391	
-0.371259	-0.062676	6742	
-0.575845	0.126532	3953	
-0.193884	-0.122533	3163	
0.284002	-0.644136	4523	
0.179848	-0.715175	5321	
0.216997	-0.707398	3211	
-0.442316	-0.641092	5856	
0.330139	-0.717821	3263	
0.806631	-0.020104	4307	
-0.796869	0.231753	2658	
-0.818093	-0.232346	5636	
0.853587	0.000507	2255	
-0.062020	0.891905	506	
-0.889192	0.104422	5678	
0.941813	-0.063191	1139	
0.556096	0.762443	1269	
0.566321	0.807189	6605	
-0.203329	-0.177812	3127	
-0.271308	-0.285086	3847	
-0.357440	-0.012218	3786	
-0.323423	-0.119149	5334	
-0.454762	-0.404311	4777	
-0.370666	-0.287507	458	
-0.617725	-0.163194	4516	
-0.498591	-0.019516	3632	
-0.603997	-0.157338	4092	
-0.608548	-0.092373	6300	
-0.412195	-0.106824	2336	
-0.434881	-0.038571	2624	
-0.431265	-0.022577	2880	
-0.527638	0.078773	3906	
-0.659947	0.093450	2370	
-0.368327	-0.589956	3739	
0.246800	-0.671125	6081	
0.378486	-0.626452	4997	
0.170105	-0.720632	5321	
-0.706529	0.347316	5758	
-0.114893	-0.790865	2067	
0.349125	-0.719564	3001	
0.395885	0.725588	2767	
-0.673978	0.520367	6162	
0.395594	-0.751500	575	
0.442016	0.779457	521	
-0.791000	0.422152	652	
0.730810	-0.596860	4221	
0.775124	0.537689	1335	
0.819220	0.548912	3779	
0.270399	0.948753	3312	
-0.206081	-0.195149	3411	
-0.299393	-0.356302	2131	
-0.638095	0.133720	653	
-0.363778	-0.379811	2971	
-0.416920	-0.008122	1816	
-0.434650	-0.015653	2880	
-0.387606	-0.331719	4877	
-0.368679	-0.145261	2412	
-0.367813	-0.149619	2412	
-0.415621	-0.370448	5065	
-0.376567	-0.088353	6882	
-0.331569	-0.219035	2900	
-0.443809	-0.442819	4691	
-0.550078	0.168746	4805	
-0.484171	0.472713	1755	
0.113910	0.729713	706	
0.736052	-0.091971	1109	
-0.439938	0.594420	3704	
-0.582447	-0.495578	6609	
-0.169012	-0.783458	543	
-0.324863	-0.747376	4895	
0.808619	-0.135934	5501	
-0.139787	0.840279	4564	
0.151589	-0.838384	3313	
0.852936	0.263366	6363	
-0.710463	0.541542	5824	
0.197866	-0.870977	5341	
0.872697	0.358956	2465	
0.133667	0.934807	5226	
0.360981	0.918178	422	
-0.301771	-0.429056	385	
-0.679696	-0.053536	1184	
-0.394798	-0.472777	1909	
-0.305132	-0.249611	1368	
-0.492641	0.061163	2897	
-0.352096	-0.096588	1062	
-0.573059	0.074489	4597	
-0.596679	0.070688	459	
-0.353661	-0.093741	6436	
-0.502240	0.066007	2294	
-0.500151	-0.410667	1723	
-0.647328	0.145562	3072	
-0.368236	-0.589416	3739	
0.474546	0.480218	5888	
-0.716919	0.228090	6160	
0.372300	0.659471	5380	
-0.743669	0.126076	1192	
0.668567	-0.413371	1213	
0.290184	-0.735819	5143	
0.056285	-0.802177	5429	
0.767537	-0.302048	6621	
0.114561	0.847842	4638	
0.098600	-0.846963	6169	
0.591049	-0.666804	6735	
-0.606433	0.653076	4384	
-0.806707	-0.380382	4570	
0.922869	0.197876	2191	
0.414727	0.848723	1361	
-0.239772	-0.001724	4835	
-0.297279	-0.004324	3215	
-0.265253	-0.227431	4100	
-0.336880	-0.001141	3893	
-0.570111	-0.337680	4106	
-0.333797	-0.342230	2617	
-0.354455	-0.386423	2173	
-0.658941	0.029708	2166	
-0.671819	-0.091102	2112	
-0.582249	0.183749	2565	
-0.361085	-0.600532	4899	
-0.613303	-0.320691	5766	
-0.690325	-0.243715	804	
0.432072	-0.587510	3703	
-0.630647	-0.374015	6652	
0.728866	-0.230160	4933	
-0.563386	0.531580	5891	
0.777136	-0.204626	2969	
0.794450	-0.166244	1107	
0.741046	0.331850	3993	
0.005250	0.853776	4708	
0.112686	-0.844978	4827	
-0.874532	0.188596	748	
-0.520033	0.723731	6548	
-0.876234	-0.172804	3618	
0.942218	0.052515	1069	
0.552989	0.764738	1269	
0.609125	0.775347	1727	
0.152965	0.974482	2850	
-0.349326	-0.518408	1359	
-0.610687	0.214433	6731	
-0.321054	0.022383	1577	
-0.371523	-0.480667	2587	
-0.363044	-0.472260	1497	
-0.522579	0.154405	5359	
-0.568226	0.196702	727	
-0.359820	-0.599672	4899	
-0.432717	0.529810	1730	
0.695419	0.006003	4713	
-0.734872	-0.025868	4606	
-0.113299	-0.734149	705	
0.044680	0.739580	1226	
-0.728840	0.223321	6642	
0.763451	-0.028541	867	
0.784402	0.099200	5529	
0.661398	0.428554	4923	
0.252627	0.777303	1992	
-0.812022	0.157608	1108	
-0.485201	0.695894	4918	
0.173657	-0.833739	3985	
-0.450043	-0.774178	5480	
-0.519459	0.724149	6548	
-0.885052	-0.121179	6572	
0.942581	-0.049290	1139	
0.627385	0.704474	6743	
0.731839	0.660924	1823	
-0.666568	0.153485	3072	
-0.265817	0.043745	6365	
-0.365813	-0.585622	3739	
-0.367680	-0.587794	3739	
-0.456041	0.505128	1702	
-0.662232	0.239421	3533	
0.511698	0.447358	1706	
0.716917	0.035469	2737	
-0.533752	0.492828	5903	
0.448756	-0.573753	4133	
-0.006804	0.739853	4940	
-0.576973	0.468308	926	
0.128403	0.747011	1208	
-0.624871	0.469387	1602	
0.441213	-0.652347	4859	
-0.794427	-0.082538	4700	
-0.485130	0.636857	1668	
-0.111413	-0.820738	3521	
-0.850236	-0.061678	6354	
0.364881	-0.767299	4495	
0.871373	-0.210949	5029	
-0.608545	0.651136	4384	
-0.876788	-0.170001	3618	
0.941880	-0.062034	1139	
0.640811	0.692267	5229	
0.842317	0.512823	2157	
0.180560	0.969781	4116	
-0.368519	-0.590840	3739	
-0.587863	0.382495	809	
-0.409210	-0.537931	3995	
-0.067713	-0.699519	5943	
-0.502507	-0.508757	1479	
-0.719102	0.216513	6126	
0.190927	-0.712079	1279	
0.419013	0.616549	5818	
-0.665221	-0.312775	962	
-0.744822	0.113827	740	
0.004376	0.753900	1318	
0.069960	0.780160	1618	
-0.618603	-0.484697	6763	
0.529117	0.586596	5234	
0.548208	0.583862	6047	
0.815813	-0.005540	4307	
0.318948	-0.784441	5335	
-0.429957	-0.741230	392	
0.757426	-0.403192	483	
0.604827	0.655847	5957	
-0.741646	0.500362	5260	
-0.834861	-0.314770	4554	
0.942841	0.039910	2891	
0.612427	0.717467	5815	
0.895960	0.412043	5179	
0.169882	0.971680	4116	
-0.364611	-0.585408	3739	
-0.687988	0.095737	4426	
0.309628	-0.641273	4957	
-0.526186	0.500210	5903	
0.276685	-0.681607	4525	
0.341003	0.679034	5700	
-0.729983	-0.114694	1630	
0.716836	0.180696	1895	
0.298032	-0.683076	3293	
0.748006	0.137385	3277	
-0.775809	0.143998	2858	
-0.442750	-0.664887	534	
0.573014	0.540229	5384	
0.803112	-0.092536	1563	
-0.808367	0.033607	1304	
-0.015673	-0.826013	4855	
-0.775250	0.369455	684	
0.206300	-0.826072	3959	
-0.408267	0.747062	472	
-0.007250	0.894404	4390	
-0.848456	0.292599	6116	
-0.664053	-0.594805	4879	
0.918736	0.216134	3507	
0.537521	0.775886	2647	
0.803927	0.571031	2701	
-0.392825	-0.562258	415	
0.522426	-0.426716	4650	
0.519780	0.457241	2280	
-0.710089	0.257370	5776	
0.738372	0.012319	4605	
-0.400880	0.611396	5524	
0.728886	-0.182696	6405	
0.195856	-0.721258	4399	
-0.745035	-0.108244	3286	
0.256838	0.749453	1518	
0.763611	0.195878	4035	
0.717571	-0.368069	4191	
0.321812	0.742501	4896	
0.779969	0.188502	5351	
-0.787884	0.211753	3810	
-0.793399	-0.203296	5352	
-0.071678	0.849726	5706	
-0.185995	-0.837001	1495	
0.691608	-0.499101	5219	
0.876379	-0.187539	747	
-0.514835	0.727464	5288	
-0.893225	0.053112	5500	
0.822005	0.347058	4085	
0.842768	0.424064	1119	
0.381949	0.863979	5534	
0.621629	0.765355	1727	
0.073201	0.983556	1874	
-0.102827	0.981003	2852	
0.684717	-0.329685	5546	
0.649161	0.338215	1019	
-0.196239	0.710928	3212	
-0.013142	-0.742738	1325	
-0.211197	-0.731142	1749	
-0.750020	-0.069243	3384	
0.115744	0.775818	1646	
0.781891	0.110108	5353	
0.599224	-0.514151	3035	
0.479357	0.634231	1619	
-0.464569	-0.654465	4832	
-0.256229	0.762789	6438	
-0.320541	-0.754597	4895	
-0.623913	-0.525282	3257	
-0.071654	0.849695	5706	
-0.342625	-0.788049	6214	
0.511763	-0.676696	5305	
-0.630023	-0.581647	4293	
-0.114728	0.886174	968	
-0.847687	0.294852	6116	
-0.823767	-0.342308	4086	
0.918822	-0.219673	3971	
0.712633	0.617782	5323	
0.154392	0.931680	5400	
0.419183	0.892802	6463	
-0.008535	0.986037	978	
0.279897	0.716604	1116	
-0.668725	0.380325	5840	
0.169770	-0.754420	5149	
-0.765045	-0.154472	4040	
-0.580269	0.531964	5200	
0.795382	-0.015685	4307	
0.276047	0.759344	5668	
-0.164216	-0.791379	543	
-0.182293	0.784708	2528	
-0.787044	-0.168919	4678	
-0.806633	-0.147272	5516	
0.662504	-0.490841	4337	
-0.776834	0.366186	684	
-0.034508	-0.853849	5461	
0.576576	-0.622350	3091	
-0.802232	-0.299557	4554	
0.074101	0.892118	6174	
-0.767109	0.462500	6924	
-0.886154	-0.113074	6572	
0.490731	-0.744043	4587	
0.865780	0.375068	2465	
0.509626	0.794713	2073	
-0.226830	0.915442	1130	
0.199554	0.966087	4116	
0.640123	0.457863	6091	
0.481286	0.631740	1619	
0.021786	0.797988	4232	
-0.366027	-0.725041	3404	
0.442761	0.679231	533	
-0.670516	0.455036	1542	
0.495303	-0.632796	1667	
-0.736146	-0.354547	3234	
0.825128	0.026892	5173	
-0.633853	0.565349	6242	
-0.369413	-0.775422	1568	
0.429171	-0.732510	471	
0.844604	-0.139496	4245	
0.037322	-0.863538	5899	
-0.128680	0.884179	968	
-0.792883	0.418743	5672	
-0.888797	-0.091737	6442	
-0.461934	-0.767310	6232	
0.932240	0.147410	2585	
0.631127	0.701048	6743	
0.139388	0.933970	5400	
0.536795	0.827156	6421	
0.811758	-0.072467	1951	
0.220805	0.794447	2510	
-0.703097	-0.414515	3116	
0.372470	-0.730818	3295	
-0.359399	-0.773937	5572	
-0.512557	0.675609	5306	
-0.695587	-0.485371	4112	
0.119104	-0.843999	4563	
0.547839	-0.647708	4101	
0.847122	-0.120264	3553	
-0.640270	-0.568077	4293	
0.370647	0.817056	4358	
-0.548661	0.701996	5608	
-0.880985	0.162943	3012	
-0.862773	-0.229841	5232	
-0.332571	-0.833358	4241	
0.936185	0.119090	3063	
0.653084	0.680590	6105	
0.249053	0.911327	5754	
-0.824381	0.461457	3538	
0.117554	0.979350	1002	
-0.266446	0.949710	2070	
0.110250	-0.845325	4827	
0.260257	-0.810092	5237	
0.440587	-0.725549	4635	
0.602706	-0.597598	2181	
0.731537	-0.444767	5307	
0.836794	0.156080	735	
-0.784218	0.356971	684	
0.861893	-0.248605	733	
-0.103067	0.887689	968	
-0.638459	0.622232	4724	
-0.882880	0.151524	4774	
-0.881191	-0.146019	3650	
-0.707577	-0.541879	6368	
-0.278527	-0.902564	5665	
0.868821	0.368027	2465	
0.578653	0.745106	1349	
0.208612	0.921297	6090	
-0.382730	0.862036	894	
0.174769	0.970826	4116	
-0.281804	0.945264	2478	
0.578117	0.680229	6805	
0.284051	0.851075	6278	
-0.083627	0.889866	506	
-0.400951	0.796419	1376	
-0.638403	0.622305	4724	
-0.816150	0.373031	724	
-0.893563	0.045520	5500	
-0.875210	-0.177805	3856	
-0.802912	-0.388245	5880	
-0.586730	-0.672573	6148	
0.400294	0.803085	1887	
0.904806	0.268122	3181	
0.647983	0.685452	6105	
0.378625	0.865433	5534	
-0.001769	0.943755	6146	
0.595680	-0.785904	3591	
0.104012	0.980865	562	
-0.316836	0.934063	4694	
-0.740902	-0.495660	5720	
-0.730327	-0.510918	6184	
-0.697500	-0.554932	6784	
-0.628061	-0.633104	3796	
-0.483247	-0.753533	5292	
-0.019252	-0.894500	4977	
0.562212	-0.756696	6117	
0.909768	0.250996	3103	
0.713186	0.617126	5323	
0.496527	0.803052	5125	
0.283389	0.901356	3138	
-0.017723	0.943464	6146	
-0.362130	0.870922	5602	
0.325481	0.931350	1768	
-0.087120	0.982449	2120	
-0.377850	0.910974	4840	
0.529689	0.781259	2647	
0.520991	0.787181	2073	
0.482439	0.811719	3073	
0.414441	0.848823	6320	
0.325258	0.887049	608	
0.214789	0.919894	6090	
0.075187	0.941006	954	
-0.127654	0.934702	1410	
-0.340825	0.879533	5792	
0.734032	-0.658451	5141	
0.137152	0.976813	1002	
-0.147993	0.975198	3892	
-0.310295	0.936274	4862	
-0.624382	0.706815	2154	
-0.631513	0.700443	2154	
-0.716408	0.614012	4332	
0.970580	0.175463	3099	
0.304148	0.938522	1808	
0.022531	0.985893	5398	
-0.146111	0.975485	3892	
-0.379638	0.910232	4840	
-0.499402	0.850321	2912	
-0.615900	0.770162	3592	
-0.594775	0.786615	3592	
-0.601573	0.781432	3592	
-0.614598	0.771202	3592	
