time = 16.7	Re = 90
-0.474845	-0.857768	977	
-0.419349	-0.887258	2119	
-0.344974	-0.921020	3049	
-0.261128	-0.951130	4749	
-0.914743	-0.245391	4514	
-0.906214	-0.276400	6106	
-0.889210	-0.330771	5816	
-0.856845	-0.415643	2648	
-0.736398	-0.617136	421	
-0.615741	-0.744461	2849	
-0.521561	-0.817927	6341	
-0.338552	-0.917490	3049	
-0.185023	-0.967038	4861	
-0.907981	0.203746	3182	
-0.913699	0.176854	418	
-0.921926	0.133246	786	
-0.929755	0.075733	5052	
-0.934458	0.007848	4566	
-0.933718	-0.067159	1234	
-0.926067	-0.149376	5596	
-0.908008	-0.246461	4514	
-0.874274	-0.357276	6266	
-0.805713	-0.504877	704	
-0.508288	-0.821614	6341	
-0.219794	-0.954202	2477	
-0.413223	0.796369	4444	
-0.436803	0.784434	6710	
-0.472644	0.764765	6816	
-0.525014	0.732108	6650	
-0.593579	0.680435	6116	
-0.670929	0.606725	748	
-0.771553	0.479726	4612	
-0.875530	0.275849	2192	
-0.921540	0.092730	2466	
-0.930155	-0.064391	1234	
-0.914154	-0.203781	5324	
-0.876910	-0.341420	5816	
-0.807965	-0.494515	3074	
-0.469316	-0.842595	977	
-0.259507	-0.938971	4749	
-0.012455	-0.985475	2223	
0.193450	0.849961	3332	
0.175623	0.853416	3332	
0.124382	0.863327	4818	
0.044624	0.873095	964	
-0.056550	0.875124	4588	
-0.163060	0.864836	4898	
-0.273106	0.840974	5124	
-0.400865	0.796407	5260	
-0.525658	0.727531	6650	
-0.655233	0.618233	5030	
-0.787532	0.446983	5026	
-0.909597	0.137442	786	
-0.925682	-0.092312	1336	
-0.895847	-0.273168	4888	
-0.832685	-0.442627	2074	
-0.698036	-0.647184	3137	
-0.270312	-0.932543	4749	
-0.080573	-0.976087	827	
0.038949	-0.984440	3831	
0.775916	0.334703	6073	
0.770835	0.346890	5059	
0.753642	0.389693	4273	
0.717278	0.462864	5251	
0.657649	0.549372	6018	
0.572381	0.638513	1496	
0.449271	0.731377	5462	
0.276455	0.816510	3986	
0.074295	0.864695	4494	
-0.165358	0.860761	4898	
-0.350299	0.813211	6006	
-0.532473	0.720591	6534	
-0.687465	0.579982	3012	
-0.834604	0.352669	6798	
-0.923616	-0.016951	4138	
-0.897908	-0.257387	6106	
-0.829190	-0.445313	2074	
-0.691221	-0.651290	3137	
-0.218181	-0.946024	2477	
0.106588	-0.980357	2107	
0.650747	-0.498692	1559	
0.654531	-0.492502	1563	
0.682467	-0.451778	1685	
0.730578	-0.369485	5173	
0.783263	-0.240963	5527	
0.816350	-0.094601	3993	
0.820634	0.097284	1881	
0.781936	0.297314	6071	
0.691944	0.497333	5571	
0.539156	0.663765	5160	
0.341286	0.786706	6170	
0.081516	0.860262	4718	
-0.230679	0.845795	3544	
-0.456720	0.763901	644	
-0.651831	0.616227	3930	
-0.804229	0.407736	3082	
-0.920654	-0.013318	4138	
-0.885234	-0.297044	5230	
-0.795512	-0.504604	704	
-0.601490	-0.738429	5399	
-0.105479	-0.967791	4839	
0.183131	-0.970878	1857	
-0.214929	-0.757309	481	
-0.221578	-0.754798	5149	
-0.162804	-0.769797	6579	
-0.063751	-0.784340	3263	
0.072261	-0.783523	4503	
0.250454	-0.752153	5199	
0.462765	-0.671625	4163	
0.641178	-0.502898	1559	
0.766383	-0.281743	5515	
0.820163	-0.014420	4343	
0.784289	0.279821	6071	
0.662308	0.534877	6018	
0.455207	0.722507	5462	
0.187566	0.838125	6458	
-0.160006	0.856051	4898	
-0.453825	0.763339	644	
-0.673362	0.591334	748	
-0.828421	0.355576	6798	
-0.916483	-0.105714	6086	
-0.849241	-0.393623	750	
-0.719805	-0.612099	607	
-0.249760	-0.932289	4749	
-0.734160	0.168340	2026	
-0.733645	0.168602	2026	
-0.747407	0.088765	936	
-0.749612	-0.064533	6592	
-0.715515	-0.255191	2979	
-0.616262	-0.491811	3579	
-0.421656	-0.657946	1777	
-0.144061	-0.770492	5081	
0.134092	-0.773763	1369	
0.409763	-0.697786	6031	
0.650978	-0.486036	1563	
0.790990	-0.197592	5351	
0.811695	0.128437	2207	
0.704951	0.468784	5251	
0.472849	0.708746	5656	
0.186108	0.836651	6458	
-0.197153	0.847656	3190	
-0.522412	0.720697	5526	
-0.736219	0.510946	5678	
-0.884326	0.195591	6364	
-0.887395	-0.274354	4888	
-0.775393	-0.531795	1362	
-0.574011	-0.756485	407	
-0.012262	-0.973585	2223	
0.215546	0.696607	5622	
0.206996	0.698812	5622	
0.093714	0.722579	4526	
-0.116626	0.715163	4874	
-0.320019	0.670516	6925	
-0.564717	0.497899	1448	
-0.716279	0.221316	1418	
-0.743895	-0.092953	6190	
-0.658605	-0.425637	6900	
-0.405513	-0.665516	1777	
-0.064979	-0.779573	3263	
0.255679	-0.746289	5199	
0.588002	-0.560773	6003	
0.771047	-0.255985	5515	
0.811357	0.114233	1881	
0.686535	0.495194	5571	
0.414482	0.743578	4708	
0.081739	0.853893	4718	
-0.344320	0.806838	6194	
-0.647420	0.614798	3930	
-0.824798	0.356068	6798	
-0.909856	-0.131733	6368	
-0.808020	-0.474017	3074	
-0.634291	-0.701416	6089	
-0.067283	-0.967090	827	
0.191986	-0.962425	1857	
0.477948	-0.522295	4967	
0.488943	-0.508716	3107	
0.606548	-0.355400	4921	
0.698787	0.049282	4229	
0.629300	0.385596	2786	
0.329520	0.646450	1166	
0.008796	0.725224	6590	
-0.295595	0.673277	2993	
-0.583002	0.470700	1192	
-0.738669	0.119796	3812	
-0.715294	-0.234964	2829	
-0.510295	-0.589112	3833	
-0.167713	-0.761871	6579	
0.235336	-0.749997	5921	
0.597569	-0.547905	6003	
0.785856	-0.202642	5351	
0.795666	0.202658	3868	
0.590366	0.608109	6022	
0.276411	0.805877	3314	
-0.128662	0.853229	5306	
-0.555190	0.694018	672	
-0.779265	0.440412	5026	
-0.904529	0.068405	4570	
-0.830805	-0.425213	2074	
-0.656891	-0.677163	5753	
-0.116847	-0.958467	6495	
0.333798	-0.929525	5827	
-0.149562	-0.680071	1763	
0.339172	-0.623566	662	
0.599637	-0.363273	4921	
0.688451	0.103366	3677	
0.588469	0.446823	6878	
0.221498	0.690496	5622	
-0.137675	0.706621	5886	
-0.481824	0.585279	1089	
-0.705800	0.243831	2024	
-0.727237	-0.171514	5155	
-0.521476	-0.577845	3833	
-0.129778	-0.767990	5143	
0.308037	-0.729065	1601	
0.676178	-0.441383	1685	
0.812890	-0.029827	4549	
0.719419	0.432734	4339	
0.393245	0.752300	5432	
0.016885	0.856301	576	
-0.464130	0.750905	644	
-0.748261	0.487728	5500	
-0.887001	0.162098	1202	
-0.842924	-0.392748	750	
-0.663714	-0.668229	5753	
-0.157580	-0.949435	4693	
-0.180408	0.395996	3699	
-0.160346	0.369427	6779	
-0.346844	0.608327	4901	
-0.331774	0.606100	3869	
0.350665	-0.620410	5842	
0.632070	-0.302850	1175	
0.652292	0.234061	808	
0.392821	0.605064	5692	
-0.044082	0.719773	5524	
-0.442411	0.616376	1247	
-0.704085	0.244284	2024	
-0.713104	-0.228581	2829	
-0.421983	-0.649798	2071	
0.047397	-0.777159	1059	
0.520185	-0.620549	5647	
0.777432	-0.220705	5527	
0.781422	0.252397	2728	
0.492479	0.687261	4844	
0.116362	0.844503	5336	
-0.374029	0.790519	5270	
-0.725733	0.517121	5678	
-0.878368	0.193300	6364	
-0.845968	-0.380183	750	
-0.655433	-0.675102	5753	
-0.174747	-0.944551	4861	
0.254740	-0.945352	5001	
-0.139239	0.348583	6637	
0.000792	0.257531	1284	
0.125831	0.255256	3239	
0.163739	0.264142	515	
0.148010	0.256725	2525	
0.006298	0.249942	1284	
-0.338584	0.613218	3869	
0.423412	-0.578372	664	
0.696553	0.028077	2825	
0.491031	0.529639	6660	
-0.061280	0.716801	4764	
-0.507054	0.556492	6392	
-0.737827	0.099337	936	
-0.643976	-0.440150	3136	
-0.191942	-0.751166	539	
0.346911	-0.715347	1091	
0.728471	-0.343823	5413	
0.800579	0.153639	3258	
0.555924	0.634677	1004	
0.159449	0.835599	5238	
-0.316377	0.808600	6810	
-0.719652	0.522961	5678	
-0.880459	0.179285	1202	
-0.837025	-0.398295	750	
-0.628412	-0.700135	6089	
-0.084650	-0.958870	827	
0.303961	-0.931554	5141	
-0.145672	0.358346	4679	
0.071124	0.256086	3927	
0.226296	0.301342	2656	
0.329027	0.367062	1068	
0.393509	0.417425	2422	
0.410023	0.431798	3276	
0.393653	0.410162	1930	
0.313138	0.345733	5386	
0.061960	0.242903	6531	
-0.605995	-0.331372	3739	
0.697704	-0.038092	3355	
0.425585	0.578541	5698	
-0.212414	0.684730	2471	
-0.643166	0.370128	864	
-0.714738	-0.210372	4319	
-0.354278	-0.686563	4945	
0.209810	-0.751029	5892	
0.680591	-0.427672	1303	
0.808443	0.072431	3823	
0.584477	0.606515	3854	
0.165277	0.833363	5238	
-0.308485	0.809153	6910	
-0.737284	0.496795	5426	
-0.887390	0.140242	4554	
-0.813414	-0.447688	5126	
-0.582662	-0.739291	5399	
0.024628	-0.965227	2911	
-0.159399	0.376797	6779	
0.064314	0.259318	3927	
0.246073	0.316926	2934	
0.384318	0.418489	1978	
0.403179	0.494968	1414	
0.317994	0.577819	2196	
0.243375	0.619668	1566	
0.228294	0.627121	1818	
0.330839	0.575102	3348	
0.430970	0.456777	5514	
0.207183	0.276097	2272	
-0.613913	-0.340439	655	
0.656178	0.203403	854	
0.063627	0.718092	2870	
-0.521011	0.538346	6126	
-0.741200	-0.028176	6696	
-0.462420	-0.617759	4769	
0.119301	-0.766617	3687	
0.649250	-0.472301	1951	
0.808307	0.049222	3195	
0.581305	0.608122	3854	
0.139661	0.837391	5238	
-0.350925	0.793694	6194	
-0.768675	0.447174	4586	
-0.896359	0.073493	4570	
-0.769507	-0.524778	1362	
-0.513463	-0.790560	6895	
0.145632	-0.958392	3591	
0.426868	-0.885973	1445	
-0.176304	0.399593	5906	
0.046598	0.262976	6913	
0.240607	0.317059	2934	
0.387532	0.429055	2422	
0.363914	0.536584	1894	
0.184549	0.636674	2354	
0.019486	0.655653	3052	
-0.066192	0.638889	772	
-0.094204	0.629295	2326	
-0.072446	0.642164	2212	
0.076171	0.663505	4746	
0.416759	0.500486	492	
0.126996	0.244096	2805	
0.529034	-0.452399	3895	
0.419553	0.580408	5698	
-0.365531	0.651666	6853	
-0.736388	0.087214	936	
-0.523274	-0.568444	2457	
0.079242	-0.769968	4503	
0.647182	-0.473474	1951	
0.805992	0.072286	3823	
0.541074	0.642876	2102	
0.077679	0.845593	4718	
-0.447344	0.751557	644	
-0.810913	0.367778	6442	
-0.901236	-0.037778	4796	
-0.702068	-0.616998	5563	
-0.420407	-0.846010	5439	
0.270268	-0.935351	673	
-0.194247	0.424475	3297	
0.026730	0.267607	6344	
0.226900	0.312351	2814	
0.380538	0.427679	1978	
0.343371	0.550850	2844	
0.129759	0.647084	988	
-0.047795	0.637813	1106	
-0.114377	0.595227	1786	
-0.124348	0.560566	3408	
-0.125468	0.543966	5276	
-0.135770	0.548702	4982	
-0.146603	0.590186	606	
0.028625	0.665055	4540	
0.413786	0.417264	1328	
-0.332131	0.607140	3869	
0.583854	0.442460	6878	
-0.273949	0.668285	849	
-0.726057	0.145121	3812	
-0.535548	-0.556775	5907	
0.100670	-0.766635	3687	
0.674831	-0.430627	1303	
0.797572	0.143271	3258	
0.466076	0.698580	5394	
-0.013034	0.849839	472	
-0.576604	0.665883	6828	
-0.851798	0.265782	3856	
-0.884165	-0.210689	6352	
-0.612990	-0.708930	5821	
-0.280197	-0.906820	795	
0.388462	-0.897666	3027	
-0.213155	0.451412	859	
0.006024	0.273591	3160	
0.206066	0.304249	2250	
0.367588	0.419411	2798	
0.345700	0.544720	2844	
0.124206	0.645068	988	
-0.056242	0.629044	772	
-0.107641	0.574575	1322	
-0.096089	0.531456	5250	
-0.074438	0.500614	3144	
-0.064147	0.483444	2056	
-0.073135	0.480453	2540	
-0.115780	0.508810	2564	
-0.151075	0.595063	606	
0.338749	0.574261	3348	
-0.082636	0.280767	647	
0.635510	0.296435	4470	
-0.250482	0.671733	2839	
-0.727584	0.132802	804	
-0.491879	-0.591415	1531	
0.185190	-0.751872	573	
0.725585	-0.337367	5413	
0.770571	0.267921	5997	
0.346450	0.766451	5706	
-0.149712	0.839582	3114	
-0.699769	0.539233	4976	
-0.884206	0.134569	4086	
-0.795929	-0.469039	3022	
-0.504121	-0.793038	6895	
0.149772	-0.953782	3591	
0.490882	-0.851271	1707	
-0.231816	0.478503	4697	
-0.013943	0.281320	3284	
0.180884	0.295384	1220	
0.348685	0.406442	1636	
0.358039	0.528225	612	
0.149248	0.637813	3836	
-0.041755	0.629437	772	
-0.095976	0.575177	1322	
-0.076823	0.525873	5248	
-0.044160	0.492371	2054	
-0.015395	0.470169	3936	
-0.002070	0.455244	3498	
-0.010159	0.448016	3498	
-0.056287	0.458680	1632	
-0.143622	0.531840	3254	
0.123029	0.661681	988	
0.058333	0.239056	1941	
0.635427	0.282410	4470	
-0.294295	0.663458	2993	
-0.738339	0.026121	1020	
-0.374884	-0.669782	4135	
0.334121	-0.713544	1091	
0.778408	-0.189413	5351	
0.707744	0.435345	4339	
0.187954	0.822301	6832	
-0.330723	0.795564	6162	
-0.794521	0.392393	3494	
-0.897709	-0.024133	2064	
-0.673765	-0.644563	5665	
-0.359893	-0.872341	4661	
0.352915	-0.907192	1791	
-0.249815	0.505269	4889	
-0.036216	0.292129	3102	
0.154662	0.288380	2983	
0.324145	0.389993	2822	
0.370597	0.506319	4592	
0.193022	0.623538	1876	
-0.012270	0.634462	1988	
-0.082519	0.582828	2426	
-0.069163	0.534437	5772	
-0.031236	0.498631	2090	
0.007845	0.477273	5338	
0.036786	0.462877	1530	
0.050788	0.449086	2810	
0.039223	0.436433	6212	
-0.009636	0.434879	4024	
-0.112500	0.491180	1956	
0.011908	0.666627	3052	
0.049839	0.239253	1941	
0.596164	0.424140	806	
-0.442558	0.609116	1247	
-0.722587	-0.147679	5494	
-0.200646	-0.741774	481	
0.535745	-0.597792	2085	
0.803132	-0.000037	3741	
0.552764	0.626608	640	
-0.001096	0.846916	472	
-0.556422	0.676876	672	
-0.864680	0.214113	5232	
-0.865810	-0.273397	4888	
-0.530070	-0.772578	429	
-0.118955	-0.945452	5791	
0.503305	-0.841290	1707	
-0.267032	0.532572	5137	
-0.060859	0.307656	1889	
0.126357	0.283794	2516	
0.294269	0.371024	2818	
0.376034	0.481703	1010	
0.245400	0.600346	6868	
0.035958	0.639293	4772	
-0.063971	0.597502	6718	
-0.065499	0.550174	5772	
-0.029302	0.513738	2014	
0.011645	0.492338	1748	
0.047891	0.480310	1332	
0.075884	0.470110	3452	
0.090315	0.455893	3550	
0.079474	0.435962	3192	
0.022501	0.423411	4866	
-0.098831	0.474708	1688	
0.058132	0.668714	4088	
-0.165950	0.371078	3731	
0.403221	0.588568	5944	
-0.597259	0.432956	1110	
-0.666321	-0.381558	6024	
0.045088	-0.767587	4223	
0.689920	-0.399106	4655	
0.775207	0.237490	2728	
0.322318	0.773776	4828	
-0.210470	0.825777	3092	
-0.756258	0.454761	4994	
-0.894524	0.019998	4356	
-0.700881	-0.608123	5563	
-0.363929	-0.868164	4661	
-0.281405	0.560361	6685	
-0.087505	0.329142	2251	
0.091998	0.281843	3887	
0.260828	0.351604	2240	
0.368994	0.455631	4852	
0.297258	0.567525	2620	
0.102239	0.636280	5216	
-0.031073	0.614557	1766	
-0.059256	0.571340	5746	
-0.034722	0.534232	3178	
0.004222	0.510903	2372	
0.044638	0.498483	5716	
0.079369	0.492048	434	
0.107159	0.481813	4534	
0.120771	0.463909	4326	
0.106118	0.437032	3222	
0.035199	0.416715	5154	
-0.111636	0.482066	1688	
0.280975	0.611131	2766	
0.460201	-0.531280	3534	
-0.024398	0.713718	5348	
-0.716313	0.173383	1912	
-0.436398	-0.627935	1617	
0.327569	-0.713098	1091	
0.787910	-0.134777	3245	
0.650188	0.520821	6044	
0.065863	0.840675	4496	
-0.480587	0.725149	5626	
-0.856419	0.234560	4682	
-0.872861	-0.231285	4528	
-0.511842	-0.783262	953	
-0.130117	-0.940568	5791	
0.541649	-0.816443	3259	
-0.282561	0.585172	5769	
-0.116181	0.356994	1820	
0.054482	0.284394	6472	
0.221725	0.331140	3304	
0.346121	0.428025	2296	
0.339473	0.527025	758	
0.183408	0.617428	1876	
0.024643	0.628200	1490	
-0.039594	0.594284	6808	
-0.036876	0.558072	6490	
-0.007673	0.532377	2046	
0.030500	0.517604	1342	
0.067124	0.510741	2676	
0.102218	0.505003	486	
0.129020	0.495198	570	
0.143756	0.468749	4568	
0.118960	0.432777	3434	
0.025752	0.412408	6178	
-0.151923	0.523833	2497	
0.410301	0.406154	1930	
0.655554	0.188362	854	
-0.418437	0.623387	1125	
-0.711141	-0.191211	3909	
-0.101243	-0.760217	4671	
0.633528	-0.482962	3095	
0.787777	0.164348	768	
0.361784	0.753157	5848	
-0.189369	0.827908	3190	
-0.753011	0.455818	4994	
-0.893632	-0.006580	6390	
-0.674287	-0.635947	5665	
-0.317054	-0.886053	545	
-0.201474	0.632411	885	
-0.153262	0.397392	6284	
0.015546	0.291703	3726	
0.178756	0.313203	2216	
0.306787	0.395464	2324	
0.357419	0.485760	4472	
0.264201	0.580170	6922	
0.107829	0.628234	5216	
0.004666	0.615147	1190	
-0.025384	0.583546	2612	
-0.012464	0.557403	4668	
0.015633	0.539720	2298	
0.050581	0.530915	2420	
0.085144	0.527502	2226	
0.121602	0.518652	2626	
0.152312	0.500035	660	
0.159310	0.465097	4064	
0.112161	0.420150	5350	
-0.022218	0.418865	2884	
-0.138432	0.623992	1822	
-0.090862	0.285652	647	
0.290206	0.652256	2930	
-0.675045	0.291780	1862	
-0.519611	-0.562963	6201	
0.268875	-0.726716	3035	
0.781629	-0.156492	4013	
0.651432	0.516595	6044	
0.049275	0.840063	3296	
-0.512117	0.703086	684	
-0.868749	0.181633	6364	
-0.851836	-0.304581	6148	
-0.448335	-0.821514	5683	
-0.010884	-0.952429	6901	
0.609742	-0.768799	1827	
0.182193	0.667709	6538	
-0.193691	0.446988	681	
-0.029323	0.307523	3503	
0.121593	0.297796	2752	
0.259459	0.364463	2240	
0.343599	0.444796	3604	
0.323867	0.530224	814	
0.201545	0.603736	3180	
0.080906	0.623631	4962	
0.013115	0.607851	1190	
-0.001895	0.583572	1600	
0.011114	0.564036	1098	
0.036827	0.552878	3044	
0.071115	0.547471	3916	
0.108380	0.539256	3600	
0.146213	0.523949	660	
0.173014	0.494046	474	
0.163633	0.447671	3648	
0.076856	0.404574	6062	
-0.106731	0.467878	496	
0.433924	0.492089	492	
0.683299	-0.138554	6691	
-0.379280	0.641923	6009	
-0.715691	-0.162245	5733	
-0.093170	-0.759749	4671	
0.648419	-0.459559	1951	
0.778163	0.205196	1514	
0.305605	0.776610	4828	
-0.255272	0.811220	6242	
-0.797027	0.373983	6682	
-0.889196	-0.096952	5178	
-0.589352	-0.717969	5399	
-0.215817	-0.917810	1227	
0.521839	-0.823256	1703	
0.522080	0.439451	5496	
-0.236053	0.506134	6795	
-0.082764	0.340906	1919	
0.058698	0.295340	6432	
0.191102	0.327851	2318	
0.300173	0.402404	3374	
0.343528	0.476886	3974	
0.291727	0.551333	2006	
0.184742	0.603810	3180	
0.092536	0.616601	6814	
0.042324	0.605394	4760	
0.032286	0.588989	982	
0.042860	0.574692	4624	
0.066440	0.566322	4624	
0.100956	0.557985	4502	
0.140543	0.542654	3172	
0.177777	0.516422	442	
0.189025	0.473463	3576	
0.138728	0.420098	3434	
-0.005215	0.406586	3546	
-0.154743	0.614326	896	
-0.098112	0.291998	519	
0.230654	0.675666	2310	
-0.697110	0.231822	2024	
-0.461212	-0.606634	883	
0.352330	-0.702178	934	
0.794449	-0.063518	3233	
0.572169	0.601216	3854	
-0.063580	0.840342	4212	
-0.620049	0.612521	6754	
-0.887426	0.058348	4570	
-0.780575	-0.474203	5480	
-0.335285	-0.875571	545	
0.370322	-0.891791	4387	
0.691255	-0.700460	3395	
0.496483	0.400084	5148	
-0.267929	0.566946	445	
-0.142351	0.398627	4438	
-0.007785	0.309137	5566	
0.122083	0.307556	2752	
0.230781	0.356193	1416	
0.312119	0.423639	4058	
0.332156	0.490195	4652	
0.279089	0.553056	2450	
0.197073	0.593382	762	
0.130240	0.606711	6234	
0.089933	0.602958	6440	
0.080544	0.592556	4446	
0.087553	0.582498	5488	
0.111593	0.570475	5592	
0.145751	0.555422	3172	
0.183367	0.529354	2456	
0.202960	0.489887	412	
0.174348	0.435887	4430	
0.065974	0.394790	4240	
-0.136708	0.492860	2062	
0.419368	0.410318	1328	
0.633213	0.258833	5158	
-0.507191	0.542124	6160	
-0.684029	-0.301280	815	
0.055161	-0.762151	4739	
0.715225	-0.341454	5465	
0.738703	0.344712	4149	
0.160208	0.820360	6860	
-0.414979	0.753817	4458	
-0.855484	0.219745	5232	
-0.863517	-0.248270	3796	
-0.440764	-0.822569	5683	
-0.048044	-0.945746	6787	
0.428938	0.355771	5296	
-0.134439	0.658334	1212	
-0.202982	0.474265	999	
-0.078559	0.348809	2241	
0.036008	0.306390	6740	
0.147338	0.320198	2116	
0.241883	0.370320	2682	
0.306448	0.428828	4058	
0.323389	0.483280	4546	
0.289573	0.534766	2006	
0.234014	0.570095	6694	
0.186551	0.586050	730	
0.155642	0.589018	5786	
0.147185	0.583189	6594	
0.154800	0.572018	6594	
0.175793	0.555348	5620	
0.202323	0.530457	2084	
0.216828	0.494008	698	
0.194208	0.444037	5808	
0.106813	0.397173	5724	
-0.068489	0.429999	3510	
0.175248	0.654062	6424	
0.509930	-0.472080	4277	
-0.166990	0.686076	2787	
-0.732737	0.010124	3596	
-0.261862	-0.714677	4321	
0.558101	-0.567530	6305	
0.789813	0.119421	6764	
0.402916	0.724761	4708	
-0.239723	0.812680	2182	
-0.779696	0.399666	3494	
-0.885114	-0.112438	5178	
-0.562281	-0.736064	5225	
-0.160277	-0.928277	1017	
0.579558	-0.783096	1795	
0.348415	0.301448	3658	
0.474351	0.489992	1838	
-0.261532	0.575833	1449	
-0.169236	0.437870	595	
-0.056357	0.339941	2951	
0.052542	0.311617	5690	
0.149483	0.327787	2576	
0.227770	0.368558	1696	
0.284595	0.416901	4394	
0.309616	0.461515	5262	
0.301385	0.502302	6604	
0.275037	0.530814	456	
0.250062	0.546499	3262	
0.228478	0.553059	3698	
0.220914	0.549370	3698	
0.222974	0.536687	2650	
0.231302	0.514527	678	
0.230787	0.482280	2308	
0.201555	0.439813	5808	
0.122226	0.396269	5236	
-0.029550	0.406077	2506	
-0.133927	0.632132	1052	
-0.069741	0.267331	6247	
0.305049	0.642978	944	
-0.673221	0.289263	1862	
-0.525250	-0.553767	5907	
0.285944	-0.718019	1437	
0.785754	-0.111183	3991	
0.585747	0.585263	2510	
-0.071343	0.836838	4918	
-0.639265	0.588787	1904	
-0.888100	0.005482	6390	
-0.735348	-0.542604	5533	
-0.250864	-0.903341	779	
0.472008	-0.844359	6151	
0.251177	0.235308	5284	
0.429843	0.362662	5062	
0.279001	0.630117	3674	
-0.251663	0.560404	3885	
-0.156401	0.430263	5218	
-0.059566	0.347507	2951	
0.035486	0.318686	6740	
0.121941	0.326462	2748	
0.190225	0.354400	2706	
0.242604	0.390386	3360	
0.276622	0.426257	4394	
0.289715	0.455660	6350	
0.288284	0.478355	3630	
0.278849	0.492155	890	
0.268442	0.497080	890	
0.260256	0.491308	510	
0.250075	0.476731	1076	
0.231208	0.453805	1422	
0.189656	0.419343	5040	
0.111928	0.387228	4876	
-0.022338	0.399083	2918	
-0.184290	0.580020	4382	
0.250691	0.290656	2672	
0.615805	0.382736	2686	
-0.530594	0.511455	6226	
-0.682536	-0.296690	1471	
0.047770	-0.760246	4223	
0.720403	-0.326259	4699	
0.726609	0.371198	533	
0.106636	0.827253	4130	
-0.488476	0.711581	5518	
-0.873654	0.127909	4554	
-0.826072	-0.361028	6852	
-0.326909	-0.875353	545	
0.129028	-0.942607	6117	
0.737857	-0.647744	1913	
0.162473	0.176068	4060	
0.255299	0.242934	5284	
0.430483	0.366390	1954	
0.295385	0.621221	3674	
-0.248719	0.573942	3885	
-0.171744	0.453960	6069	
-0.085226	0.371110	1934	
-0.003058	0.332650	5548	
0.068252	0.326188	2390	
0.126420	0.336838	2518	
0.172415	0.356657	2866	
0.207932	0.379948	3716	
0.230680	0.400534	3946	
0.241479	0.415861	4842	
0.243265	0.426026	6252	
0.236999	0.428982	6252	
0.221228	0.422886	4286	
0.194299	0.409039	5040	
0.147481	0.389241	4182	
0.074701	0.376578	3944	
-0.043272	0.405193	2228	
-0.187317	0.569353	2541	
0.384407	0.379666	1932	
0.692631	-0.041257	5935	
-0.290219	0.656358	6627	
-0.728047	-0.053147	4410	
-0.221375	-0.726247	481	
0.589820	-0.529161	6395	
0.776015	0.189254	5384	
0.311255	0.767563	4828	
-0.348279	0.777423	5220	
-0.839463	0.256940	3856	
-0.858017	-0.255418	3796	
-0.411568	-0.833783	937	
0.000043	-0.944768	1239	
0.213241	0.218035	1150	
0.400170	0.348348	1186	
0.409813	0.545105	4464	
-0.219215	0.610522	693	
-0.207898	0.505874	1041	
-0.135969	0.422415	2364	
-0.067887	0.369453	2859	
-0.016827	0.345948	1046	
0.034300	0.337598	1330	
0.071330	0.338674	2424	
0.100967	0.345012	2594	
0.121890	0.353070	2746	
0.132869	0.360403	4270	
0.134780	0.365850	4270	
0.125033	0.367569	4270	
0.102213	0.367044	3586	
0.061134	0.367879	3326	
-0.001574	0.380789	2602	
-0.097974	0.438937	4520	
-0.181803	0.598346	6671	
0.426163	0.410942	1328	
0.589199	-0.367569	4921	
0.036242	0.709558	4958	
-0.709292	0.178975	1912	
-0.462511	-0.600416	705	
0.373907	-0.690165	1213	
0.792633	0.001826	3741	
0.473325	0.675636	3522	
-0.228771	0.811527	2182	
-0.769133	0.409076	2958	
-0.874925	-0.170248	4879	
-0.497638	-0.778979	953	
-0.064673	-0.939306	4497	
0.672871	-0.705469	1877	
0.364435	0.326365	898	
0.495001	0.454997	878	
0.006152	0.682602	3762	
-0.232653	0.588766	1985	
-0.212088	0.522854	1939	
-0.167349	0.465478	6069	
-0.123777	0.423697	2944	
-0.090927	0.398147	2488	
-0.064711	0.382265	2149	
-0.040041	0.372461	1681	
-0.028201	0.369818	2558	
-0.020459	0.370270	2558	
-0.023220	0.374793	2558	
-0.036767	0.384625	1644	
-0.065232	0.404466	2904	
-0.113293	0.445689	4578	
-0.178523	0.525614	1487	
-0.071493	0.659756	2034	
0.412278	0.398222	1328	
-0.346833	0.608055	4901	
0.363974	0.607457	4846	
-0.596526	0.420888	906	
-0.662198	-0.373085	5875	
0.145385	-0.746066	549	
0.764864	-0.195210	4035	
0.618908	0.545941	4882	
-0.097694	0.831178	4660	
-0.684238	0.531436	3554	
-0.882791	-0.091821	6184	
-0.617338	-0.677695	6357	
-0.115883	-0.931667	5601	
0.626595	-0.741873	1813	
0.162355	0.195586	6762	
0.317854	0.297046	1640	
0.455606	0.394707	5940	
0.461655	0.493635	1528	
0.217420	0.651386	2310	
-0.042858	0.675407	2796	
-0.175420	0.629592	851	
-0.213901	0.597183	4965	
-0.220273	0.571361	2881	
-0.213860	0.552502	1779	
-0.205222	0.539724	2499	
-0.197721	0.531990	1963	
-0.195455	0.533296	1487	
-0.198138	0.543673	1963	
-0.202398	0.566564	3070	
-0.185468	0.605672	5485	
-0.045868	0.667503	2034	
0.362291	0.567633	3482	
0.341177	0.345713	394	
-0.339581	0.603264	4901	
0.624975	0.302260	2334	
-0.362841	0.643083	5599	
-0.721492	-0.093419	5054	
-0.136493	-0.745651	4685	
0.681804	-0.394033	4655	
0.720755	0.377649	533	
0.031009	0.831574	576	
-0.594867	0.626421	5532	
-0.883608	-0.016312	2064	
-0.721519	-0.552548	1037	
-0.153321	-0.924202	1017	
0.574511	-0.778008	1795	
0.833661	-0.524602	423	
0.140573	0.192519	1034	
0.231438	0.242850	5210	
0.310726	0.297745	1640	
0.372474	0.342233	966	
0.418202	0.375772	1954	
0.453614	0.403417	3080	
0.476438	0.427899	1790	
0.480064	0.447877	5084	
0.473212	0.466865	1650	
0.457652	0.487653	1528	
0.441511	0.504660	1864	
0.430979	0.514087	1908	
0.434017	0.509659	1864	
0.450797	0.489188	1528	
0.465995	0.458198	6822	
0.449495	0.422142	2190	
0.371790	0.363830	3446	
0.197040	0.254871	560	
-0.157811	0.357566	3767	
0.691879	-0.043685	5935	
0.125007	0.699415	3806	
-0.689662	0.237173	2024	
-0.423325	-0.625515	1225	
0.525947	-0.592179	1537	
0.764507	0.227878	6246	
0.186804	0.806208	6832	
-0.503608	0.697334	684	
-0.879884	0.044786	6846	
-0.770532	-0.471769	5480	
-0.180078	-0.917672	617	
0.474007	-0.836634	6917	
-0.028964	0.192403	2987	
0.052287	0.201629	821	
0.097037	0.198449	2615	
0.118171	0.200840	6288	
0.130103	0.204457	6476	
0.140529	0.209007	3390	
0.150234	0.213969	3858	
0.156354	0.218160	3858	
0.161352	0.222021	3858	
0.164999	0.225397	3858	
0.167640	0.228341	2743	
0.165700	0.229309	2743	
0.161673	0.229415	2447	
0.152907	0.228111	2707	
0.138904	0.226006	3353	
0.115655	0.224199	1544	
0.069345	0.226609	3593	
-0.006942	0.236985	2359	
-0.139631	0.333469	3791	
-0.334177	0.602326	4901	
0.636410	0.223937	6776	
-0.465715	0.578955	1379	
-0.666744	-0.352093	6521	
0.309737	-0.706724	1377	
0.787180	0.077250	3823	
0.308215	0.764315	4828	
-0.443123	0.732447	484	
-0.872056	0.102790	4086	
-0.791306	-0.429433	5292	
-0.202739	-0.911189	597	
0.297622	-0.905278	5309	
0.836296	-0.515279	423	
0.122867	0.698606	3806	
-0.718980	-0.099109	5246	
0.107917	-0.749101	3665	
0.784990	-0.070887	6205	
0.395392	0.721041	5432	
-0.391556	0.755809	1970	
-0.860990	0.157130	6446	
-0.801240	-0.405997	5208	
-0.216742	-0.906362	1227	
0.243531	-0.917039	1921	
0.460606	0.533415	4816	
-0.718847	0.114794	802	
-0.093742	-0.749858	4439	
0.770213	-0.160945	4013	
0.472648	0.671190	3522	
-0.352371	0.770201	5220	
-0.850494	0.195469	6144	
-0.803244	-0.399710	5722	
-0.218081	-0.904904	1227	
0.230457	-0.918724	2153	
0.847224	-0.493924	565	
0.528557	0.473936	5170	
-0.696885	0.209701	1418	
-0.183490	-0.732151	4399	
0.759428	-0.202364	4035	
0.503691	0.647260	2068	
-0.334298	0.775539	5300	
-0.845698	0.208467	5636	
-0.798981	-0.407637	5292	
-0.206144	-0.907166	597	
0.240698	-0.915567	1921	
0.507681	0.491561	2552	
-0.698908	0.201480	1418	
-0.182024	-0.732130	4399	
0.758499	-0.204025	4035	
0.501915	0.647744	2068	
-0.347520	0.770179	5220	
-0.849507	0.190602	6144	
-0.788127	-0.429339	5292	
-0.179651	-0.912949	617	
0.269742	-0.907763	501	
0.870709	-0.450972	6705	
-0.604610	-0.343448	4899	
0.359986	0.605398	4846	
-0.720973	0.090422	932	
-0.104999	-0.746841	4439	
0.770509	-0.151816	4013	
0.463107	0.675328	2330	
-0.388941	0.753645	1970	
-0.860402	0.139575	4554	
-0.768481	-0.465840	5480	
-0.137688	-0.921025	5791	
0.320147	-0.892821	4331	
-0.175365	0.162054	4061	
-0.235500	0.251107	5097	
-0.300692	0.347066	3679	
-0.355431	0.428214	5967	
-0.399688	0.495656	5175	
-0.436008	0.524519	5543	
-0.623384	0.292977	1176	
-0.648378	-0.159866	437	
-0.588173	-0.277926	649	
-0.562505	-0.281066	1359	
-0.533339	-0.266622	6171	
-0.501959	-0.246319	1993	
-0.470269	-0.224586	385	
-0.441300	-0.204173	5735	
-0.412101	-0.182958	6191	
-0.384233	-0.161907	4197	
-0.361916	-0.144799	6429	
-0.346300	-0.133306	583	
-0.343762	-0.133866	583	
-0.372330	-0.160622	4197	
0.690528	-0.035039	5935	
-0.031234	0.702608	5348	
-0.714905	-0.110567	4974	
0.053839	-0.751456	4739	
0.783785	-0.056845	2017	
0.387136	0.721867	5550	
-0.460224	0.718766	956	
-0.871975	0.057448	5088	
-0.736672	-0.517831	5433	
-0.081789	-0.928884	893	
0.392949	-0.866485	1445	
0.903378	-0.385029	2141	
-0.241997	0.253734	5097	
-0.360906	0.427786	4521	
-0.482540	0.480720	1802	
-0.659788	-0.122236	6019	
-0.571255	-0.266636	649	
-0.502308	-0.228958	5569	
-0.451169	-0.194172	5583	
-0.402259	-0.155457	5999	
-0.365034	-0.123635	2961	
-0.334864	-0.093882	2890	
-0.312962	-0.068267	2721	
-0.296709	-0.044769	2965	
-0.284653	-0.021749	3065	
-0.275127	0.005646	2610	
-0.268806	0.028541	4483	
-0.264282	0.047487	6051	
-0.260732	0.058694	4633	
-0.257401	0.056421	4633	
-0.257171	0.014957	4203	
-0.359905	-0.151832	6429	
0.621436	0.350050	5860	
-0.388389	0.627793	2605	
-0.671874	-0.312206	815	
0.263433	-0.713589	925	
0.782773	0.074617	4923	
0.254279	0.779778	3318	
-0.548725	0.658164	6204	
-0.875742	-0.042823	4796	
-0.686965	-0.585257	5731	
-0.012858	-0.933886	6901	
0.588069	-0.758406	1827	
-0.215652	0.209427	5659	
-0.364785	0.428599	4521	
-0.621166	0.293151	1176	
-0.580191	-0.257420	4675	
-0.482108	-0.208125	1491	
-0.398777	-0.139765	2547	
-0.345797	-0.086584	3730	
-0.312242	-0.037402	3659	
-0.294738	0.005768	3652	
-0.285947	0.046560	3265	
-0.282737	0.084744	3379	
-0.283651	0.118032	3429	
-0.287363	0.146609	3819	
-0.293290	0.172629	5779	
-0.301521	0.197968	3327	
-0.309274	0.219043	3201	
-0.314003	0.233214	2175	
-0.313264	0.237971	2175	
-0.294346	0.211858	2877	
-0.256873	0.127282	2959	
-0.558997	-0.306544	4329	
0.352190	0.608571	4846	
-0.645955	0.328077	1670	
-0.510908	-0.554257	2739	
0.499412	-0.609691	5555	
0.751758	0.253639	6047	
0.107046	0.815086	4130	
-0.637753	0.572785	914	
-0.867028	-0.149969	5127	
-0.612123	-0.666256	551	
0.062824	-0.933509	3777	
0.742998	-0.617354	1525	
0.936825	-0.303332	2393	
-0.344676	0.395163	425	
-0.604449	0.323178	4374	
-0.566362	-0.252237	2231	
-0.442730	-0.171210	2131	
-0.356977	-0.088170	3730	
-0.313535	-0.016082	3979	
-0.297405	0.049072	3771	
-0.297370	0.111442	3801	
-0.309824	0.166883	5969	
-0.329558	0.215500	1095	
-0.350227	0.255619	2367	
-0.367794	0.287041	1209	
-0.386891	0.317652	1310	
-0.403097	0.342428	2704	
-0.416229	0.362003	2998	
-0.424509	0.375473	2105	
-0.428095	0.384481	2105	
-0.409897	0.373690	1689	
-0.360987	0.318855	3014	
-0.264357	0.161132	1965	
-0.607102	-0.331487	3739	
-0.094849	0.691895	2596	
-0.723576	0.006551	1860	
-0.244502	-0.710004	3821	
0.663602	-0.410870	1117	
0.672887	0.461371	4243	
-0.088473	0.821428	4660	
-0.727687	0.454310	4454	
-0.844286	-0.262404	5958	
-0.480088	-0.772129	6919	
0.146521	-0.926224	4043	
-0.193233	0.157262	6749	
-0.322988	0.359839	497	
-0.528065	0.428827	2370	
-0.580777	-0.246247	4675	
-0.441702	-0.165630	2131	
-0.347143	-0.065014	4100	
-0.309478	0.024262	2976	
-0.307845	0.112918	3801	
-0.325893	0.181702	3088	
-0.356075	0.244023	2367	
-0.390129	0.297051	2897	
-0.420341	0.336003	3906	
-0.448766	0.362633	4715	
-0.472365	0.374599	6311	
-0.496882	0.373303	752	
-0.518035	0.364316	1428	
-0.533031	0.355441	1898	
-0.540119	0.352252	2166	
-0.529739	0.368083	1898	
-0.485883	0.405659	709	
-0.406826	0.380651	1689	
-0.254268	0.135509	2959	
0.600595	0.393699	3852	
-0.459172	0.576691	5751	
-0.673844	-0.290783	6275	
0.079574	-0.746449	4419	
0.769556	-0.140075	3245	
0.510608	0.635603	4342	
-0.293885	0.782312	5996	
-0.810922	0.289029	736	
-0.798927	-0.395423	5428	
-0.261475	-0.881032	779	
0.242942	-0.908617	1921	
0.873754	-0.430073	4937	
-0.194851	-0.027043	3055	
-0.191472	0.137292	1323	
-0.294308	0.313646	1733	
-0.446570	0.498480	711	
-0.619639	-0.202814	6793	
-0.466158	-0.181056	4033	
-0.354969	-0.068359	4316	
-0.314256	0.039618	3608	
-0.318667	0.133809	3753	
-0.351805	0.219069	2262	
-0.395014	0.287465	2897	
-0.438131	0.335451	4929	
-0.476460	0.354766	443	
-0.515426	0.345129	1950	
-0.552282	0.312781	2638	
-0.585292	0.267303	666	
-0.610604	0.218830	476	
-0.626853	0.178559	4012	
-0.636318	0.151565	5424	
-0.637842	0.156906	4516	
-0.627231	0.204900	476	
-0.563520	0.334933	2200	
-0.421000	0.399494	2537	
-0.250494	0.011837	4203	
0.267576	0.651002	2930	
-0.691414	0.214305	1418	
-0.482609	-0.574041	1085	
0.423644	-0.659354	3714	
0.774463	0.127362	6764	
0.295252	0.761536	4576	
-0.497956	0.691556	532	
-0.862781	0.087591	4518	
-0.727692	-0.525175	5433	
-0.086748	-0.922544	5601	
0.353721	-0.875956	4221	
-0.201595	0.052654	793	
-0.240295	0.227200	629	
-0.390218	0.449119	727	
-0.680818	0.043927	5936	
-0.516869	-0.214301	2133	
-0.380238	-0.094372	4185	
-0.322478	0.025960	2976	
-0.324515	0.131634	3753	
-0.364227	0.227389	2204	
-0.415790	0.300294	3366	
-0.466101	0.338739	443	
-0.516200	0.329984	1950	
-0.564308	0.282661	4548	
-0.603675	0.211850	476	
-0.626821	0.138834	5340	
-0.635607	0.074802	5910	
-0.635528	0.023581	4776	
-0.632676	-0.011906	5366	
-0.632950	-0.028209	5654	
-0.639889	-0.019764	5654	
-0.652611	0.050801	1084	
-0.605543	0.267671	746	
-0.401331	0.382140	2841	
-0.612491	-0.336899	3739	
-0.237596	0.652156	6769	
-0.705540	-0.138088	5494	
-0.136130	-0.737660	4685	
0.665552	-0.403664	1117	
0.696360	0.413905	1237	
0.022257	0.820322	3296	
-0.668767	0.532343	4246	
-0.862183	-0.157803	5127	
-0.616776	-0.657094	551	
0.064442	-0.929994	3551	
0.502041	-0.807460	3537	
0.947098	-0.256811	2713	
-0.199189	0.088683	2789	
-0.292547	0.302838	625	
-0.477445	0.475209	1623	
-0.596750	-0.225042	1927	
-0.433736	-0.144742	6675	
-0.338539	-0.014214	6015	
-0.325588	0.105004	3889	
-0.362199	0.211796	1540	
-0.419158	0.292978	4082	
-0.477286	0.329066	443	
-0.534694	0.304871	1962	
-0.586171	0.233027	5578	
-0.618380	0.142071	4092	
-0.626171	0.059778	6164	
-0.619274	-0.000557	3880	
-0.606245	-0.041220	2948	
-0.593465	-0.066450	998	
-0.585634	-0.083428	1793	
-0.588068	-0.095701	1793	
-0.604307	-0.097367	1971	
-0.642582	-0.036600	5206	
-0.607510	0.267289	746	
-0.327792	0.285339	479	
0.553125	0.448291	5506	
-0.606917	0.388715	5740	
-0.578577	-0.489216	5759	
0.236175	-0.715116	2894	
0.779142	-0.055526	3555	
0.483800	0.653237	3522	
-0.280906	0.783374	5996	
-0.787712	0.337685	6908	
-0.814211	-0.348199	6852	
-0.434697	-0.795701	5683	
0.202621	-0.914368	2153	
0.822858	-0.506370	565	
-0.200488	0.111659	4867	
-0.336538	0.364641	497	
-0.636128	0.252569	2112	
-0.533440	-0.217046	1557	
-0.380199	-0.081084	5327	
-0.328865	0.050463	5950	
-0.349483	0.172755	2260	
-0.407436	0.269446	4027	
-0.470859	0.317938	6179	
-0.533024	0.295863	1962	
-0.588384	0.213585	6274	
-0.615809	0.117023	4530	
-0.615097	0.034381	6420	
-0.599966	-0.017508	3154	
-0.579594	-0.045205	858	
-0.561329	-0.058937	4411	
-0.546144	-0.066666	4143	
-0.539997	-0.078201	4365	
-0.545840	-0.097454	917	
-0.573519	-0.117701	6371	
-0.637089	-0.062847	2760	
-0.550056	0.361613	2166	
-0.245752	0.037793	6765	
-0.064989	0.694404	3804	
-0.716058	-0.066394	4410	
-0.236108	-0.709878	3821	
0.600464	-0.496286	2857	
0.743765	0.266989	4461	
0.195427	0.792445	840	
-0.542512	0.656491	6204	
-0.859592	0.083819	4518	
-0.718918	-0.534670	4357	
-0.121329	-0.913090	5601	
0.339894	-0.877801	5789	
0.908642	-0.348625	2905	
-0.204004	0.124876	4835	
-0.371248	0.411709	6149	
-0.677032	-0.007256	4106	
-0.478144	-0.175732	1355	
-0.353499	-0.027969	5482	
-0.336397	0.108845	3874	
-0.382438	0.225202	2684	
-0.449481	0.299262	6076	
-0.515817	0.299257	1834	
-0.575810	0.226849	6300	
-0.608086	0.125226	4720	
-0.607476	0.041161	5930	
-0.588789	-0.005488	2320	
-0.566141	-0.027234	904	
-0.543264	-0.032294	760	
-0.524203	-0.031280	1222	
-0.509548	-0.035951	447	
-0.505075	-0.050923	447	
-0.515970	-0.081855	3913	
-0.559475	-0.123951	5065	
-0.649740	-0.029207	5654	
-0.428357	0.416009	1957	
0.618644	0.316678	866	
-0.556094	0.457401	5588	
-0.599445	-0.464536	1459	
0.187035	-0.724608	5190	
0.766497	-0.138119	3245	
0.549413	0.598549	2446	
-0.134392	0.811046	3114	
-0.728118	0.445201	4454	
-0.847363	-0.224746	3457	
-0.577839	-0.689787	6065	
0.097065	-0.925269	6597	
0.492580	-0.809231	3537	
-0.208499	0.137118	3563	
-0.398894	0.446721	727	
-0.639988	-0.149553	513	
-0.437874	-0.136234	6719	
-0.342988	0.016521	6136	
-0.353638	0.155576	1400	
-0.415230	0.259996	4369	
-0.484319	0.300774	2812	
-0.550694	0.255742	3242	
-0.594756	0.161358	4952	
-0.602277	0.072118	5412	
-0.585826	0.018328	4640	
-0.562285	-0.001673	3722	
-0.538573	-0.003682	2406	
-0.517195	0.003062	2122	
-0.499509	0.007205	2202	
-0.486468	-0.001662	2202	
-0.481572	-0.027644	1550	
-0.500268	-0.078326	4209	
-0.568775	-0.133673	4913	
-0.649131	0.156289	5424	
-0.253169	0.152218	3045	
-0.058895	0.694493	3804	
-0.711072	-0.093633	5246	
-0.212908	-0.716099	5321	
0.599337	-0.494867	2857	
0.746581	0.249147	5234	
0.247380	0.774818	5024	
-0.480965	0.697583	5518	
-0.838617	0.183536	6144	
-0.765059	-0.454035	522	
-0.340345	-0.841066	967	
0.273331	-0.895756	501	
0.843027	-0.468697	843	
0.976158	-0.120229	4045	
-0.212199	0.142786	3563	
-0.420534	0.468988	5851	
-0.607044	-0.201516	5911	
-0.409695	-0.101064	5991	
-0.342333	0.052895	5334	
-0.372920	0.188731	1816	
-0.442018	0.276703	6410	
-0.512485	0.282206	2582	
-0.570043	0.211495	6300	
-0.594916	0.120115	4482	
-0.587960	0.053479	5396	
-0.567334	0.027074	3010	
-0.544968	0.022554	2052	
-0.522380	0.030884	3174	
-0.502740	0.041034	2710	
-0.484288	0.041075	3352	
-0.469680	0.024143	2580	
-0.466669	-0.016675	2584	
-0.501994	-0.092326	4391	
-0.610886	-0.122455	6617	
-0.456789	0.432955	6525	
0.605770	0.381332	6338	
-0.628209	0.348997	4744	
-0.530081	-0.530613	6077	
0.252824	-0.707832	1456	
0.772795	-0.088686	6205	
0.530614	0.612795	544	
-0.122126	0.810615	3220	
-0.716623	0.460040	4454	
-0.857016	-0.153721	5127	
-0.614595	-0.653699	551	
0.029702	-0.923978	1169	
0.440420	-0.834003	6843	
-0.215280	0.146868	3563	
-0.439683	0.479575	6792	
-0.583654	-0.216000	2837	
-0.394882	-0.078037	1368	
-0.346650	0.081386	6602	
-0.391017	0.210295	2684	
-0.461878	0.278945	1924	
-0.529267	0.259522	1522	
-0.575412	0.181001	4542	
-0.586607	0.103876	4580	
-0.574706	0.062714	5396	
-0.554567	0.051659	3908	
-0.533019	0.055986	2560	
-0.512608	0.066654	1484	
-0.492304	0.073325	1028	
-0.471598	0.066748	912	
-0.454425	0.034602	692	
-0.461646	-0.031783	504	
-0.534106	-0.128708	5711	
-0.654381	0.137731	5424	
-0.242684	0.048800	1787	
-0.268518	0.641069	5673	
-0.676245	-0.246759	5895	
-0.061180	-0.743399	3293	
0.671215	-0.385521	4175	
0.721996	0.333354	4831	
0.187413	0.790877	840	
-0.510413	0.676217	532	
-0.838043	0.177997	6144	
-0.763940	-0.452170	522	
-0.397382	-0.810419	937	
0.261105	-0.897026	501	
0.646028	-0.699254	1855	
0.974113	-0.112720	6119	
-0.218996	0.152249	2635	
-0.457245	0.476660	1500	
-0.566036	-0.215070	1909	
-0.385402	-0.058942	3290	
-0.352957	0.100479	5850	
-0.404596	0.220897	4264	
-0.475360	0.272693	1924	
-0.534899	0.242386	2288	
-0.570601	0.172917	4354	
-0.576156	0.112394	4580	
-0.563120	0.086043	4492	
-0.545176	0.082722	3562	
-0.525475	0.089105	2238	
-0.503474	0.099655	2460	
-0.478564	0.099076	2380	
-0.455376	0.074519	3016	
-0.444322	0.019303	402	
-0.480891	-0.080645	458	
-0.620047	-0.118638	6617	
-0.371017	0.355453	2549	
0.353869	0.602178	4846	
-0.718019	0.009496	1860	
-0.339898	-0.661048	4725	
0.484138	-0.612943	1313	
0.772551	0.092783	6702	
0.418448	0.691789	4232	
-0.219563	0.792009	1546	
-0.751145	0.399739	2256	
-0.848734	-0.192192	4293	
-0.589545	-0.675300	6065	
0.030926	-0.921177	1169	
0.446496	-0.828872	6843	
-0.222490	0.156747	2635	
-0.473248	0.466741	1623	
-0.555069	-0.209207	1909	
-0.381499	-0.044893	2312	
-0.359033	0.110464	5850	
-0.412498	0.222206	4264	
-0.478646	0.263519	1536	
-0.531427	0.233685	2642	
-0.559250	0.175251	4354	
-0.561851	0.134277	3940	
-0.550303	0.117332	3188	
-0.533751	0.118713	2902	
-0.513017	0.122517	2902	
-0.488189	0.124887	1394	
-0.459214	0.107464	3086	
-0.437727	0.055905	3948	
-0.450849	-0.036655	604	
-0.560923	-0.150052	5951	
-0.501263	0.418840	709	
0.609347	0.373083	5966	
-0.626311	0.347643	4744	
-0.508310	-0.546282	2739	
0.238400	-0.708770	1456	
0.759105	-0.152121	3267	
0.598415	0.545548	1992	
0.013951	0.814004	5980	
-0.622628	0.575093	1904	
-0.854789	0.070905	4518	
-0.721296	-0.521037	4357	
-0.343760	-0.834177	967	
0.299983	-0.884558	5309	
0.648899	-0.693611	1855	
0.975879	-0.081042	5179	
-0.225724	0.160210	2635	
-0.486274	0.456478	6469	
-0.549964	-0.204223	1389	
-0.382959	-0.040798	2312	
-0.363603	0.110428	6882	
-0.413459	0.213641	4264	
-0.473586	0.252300	1536	
-0.518491	0.231943	1642	
-0.541103	0.191172	2442	
-0.543254	0.164211	3628	
-0.531312	0.153668	3628	
-0.513109	0.151407	1436	
-0.488848	0.149103	2692	
-0.460074	0.130404	1570	
-0.434019	0.080862	2770	
-0.435095	-0.009220	578	
-0.522239	-0.133391	5111	
-0.618834	0.256537	746	
-0.570871	-0.330673	4329	
-0.510013	0.508642	4396	
-0.621674	-0.428870	5699	
0.076353	-0.738878	4419	
0.705676	-0.313133	4113	
0.706204	0.373751	5843	
0.204169	0.783252	840	
-0.455991	0.707089	5240	
-0.810590	0.260894	736	
-0.806152	-0.346861	6014	
-0.502333	-0.742645	6001	
0.128312	-0.914924	4043	
0.503204	-0.796527	873	
0.945011	-0.221078	1851	
-0.226982	0.158495	2635	
-0.490884	0.451765	3072	
-0.552077	-0.201935	1389	
-0.388871	-0.044748	2312	
-0.366198	0.099300	6436	
-0.408468	0.196468	3514	
-0.459471	0.236934	2178	
-0.496015	0.231846	1642	
-0.512886	0.210212	1700	
-0.514530	0.189755	1572	
-0.501712	0.179407	2502	
-0.481147	0.167756	2168	
-0.453687	0.142056	1262	
-0.428133	0.090417	2512	
-0.427517	-0.000772	766	
-0.508825	-0.126602	5111	
-0.648354	0.175254	6034	
-0.282250	-0.084588	1199	
-0.416903	0.602461	399	
-0.659617	-0.329119	1403	
-0.028678	-0.742684	5713	
0.643856	-0.423100	2137	
0.740375	0.255165	4378	
0.325492	0.738274	4752	
-0.266077	0.777605	6008	
-0.759271	0.378719	5646	
-0.852407	-0.134346	4622	
-0.612805	-0.649529	551	
-0.173261	-0.890213	617	
0.394978	-0.849090	5693	
0.727627	-0.613557	1373	
0.979809	-0.012827	5915	
-0.227033	0.153426	2635	
-0.485363	0.455051	6469	
-0.563447	-0.201793	1909	
-0.401357	-0.059726	2724	
-0.368095	0.074638	1194	
-0.396781	0.165694	3058	
-0.436070	0.210265	396	
-0.463563	0.217994	2178	
-0.475818	0.208980	916	
-0.473079	0.193290	916	
-0.457665	0.173319	1158	
-0.434864	0.137810	4188	
-0.416875	0.077936	2454	
-0.427256	-0.017657	4688	
-0.524541	-0.142842	3765	
-0.620440	0.255415	2112	
-0.311141	-0.114679	1357	
-0.419071	0.600422	399	
-0.661300	-0.313409	5593	
-0.081128	-0.738035	4439	
0.607437	-0.474364	1587	
0.758239	0.167881	826	
0.402549	0.697057	4232	
-0.165572	0.798529	5368	
-0.697795	0.477031	3488	
-0.856522	0.000931	4820	
-0.692901	-0.556118	4241	
-0.349302	-0.828141	967	
0.283446	-0.885219	5309	
0.607859	-0.723543	3755	
0.967652	-0.105230	6119	
-0.226229	0.144718	2313	
-0.469914	0.463026	5661	
-0.585913	-0.197169	3839	
-0.424786	-0.088157	526	
-0.374019	0.034058	2920	
-0.383833	0.117423	1736	
-0.406171	0.160281	2608	
-0.423983	0.174880	3882	
-0.429156	0.168023	4424	
-0.423053	0.144893	4236	
-0.411715	0.102938	2110	
-0.408735	0.034217	3738	
-0.446365	-0.065105	3790	
-0.574678	-0.164936	6745	
-0.484586	0.435073	5901	
-0.602275	-0.334510	4899	
-0.519088	0.494445	4956	
-0.644748	-0.380577	6037	
-0.053226	-0.739591	3293	
0.598464	-0.484512	2857	
0.762461	0.137255	6699	
0.443607	0.669994	3392	
-0.094630	0.806911	4660	
-0.646450	0.541906	1180	
-0.847715	0.092772	4618	
-0.748671	-0.467719	522	
-0.433909	-0.783253	4977	
0.153040	-0.907785	547	
0.527180	-0.778596	4789	
0.932561	-0.248169	2713	
0.978587	0.085683	3779	
-0.224902	0.130637	2599	
-0.444355	0.464753	1167	
-0.626183	-0.154578	3387	
-0.469701	-0.133306	2617	
-0.396607	-0.030438	2900	
-0.381723	0.039189	2416	
-0.386184	0.076949	2274	
-0.391781	0.082538	2274	
-0.395244	0.064500	2146	
-0.401927	0.023003	3738	
-0.430248	-0.048679	4608	
-0.515861	-0.144509	4193	
-0.665933	0.023332	6880	
-0.317166	0.285097	479	
0.347395	0.605186	4846	
-0.653940	0.286720	1714	
-0.555911	-0.500183	6109	
0.051755	-0.738185	4763	
0.635534	-0.430821	2137	
0.757355	0.161533	826	
0.442550	0.669372	3392	
-0.071884	0.807576	4860	
-0.616282	0.574321	6132	
-0.837841	0.145858	6632	
-0.787920	-0.380661	5202	
-0.486735	-0.749171	6001	
-0.038998	-0.908015	1967	
0.470852	-0.809892	6935	
0.748366	-0.583858	1049	
0.977041	0.044533	2801	
-0.224179	0.106752	5987	
-0.408916	0.433599	2621	
-0.672694	0.037436	6478	
-0.553127	-0.187903	2973	
-0.465642	-0.122211	2123	
-0.430206	-0.075434	2816	
-0.422108	-0.057816	3176	
-0.432765	-0.068796	4006	
-0.468227	-0.109256	2545	
-0.542698	-0.166067	2489	
-0.663033	-0.016667	4106	
-0.406495	0.411319	1337	
-0.605317	-0.331493	3739	
-0.332477	0.632699	809	
-0.693327	-0.149829	3400	
-0.376064	-0.635033	1325	
0.206171	-0.710429	2848	
0.695750	-0.322185	3383	
0.739446	0.240867	5234	
0.398025	0.695896	4642	
-0.094448	0.804526	4660	
-0.619325	0.569483	914	
-0.836123	0.149747	6632	
-0.804627	-0.329792	6134	
-0.515625	-0.726958	6271	
-0.145423	-0.890431	6083	
0.426130	-0.830644	6417	
0.694880	-0.641169	3971	
-0.227723	0.062248	1655	
-0.351471	0.352983	2092	
-0.525598	0.411299	2370	
-0.671065	0.028371	6478	
-0.622427	-0.149319	3387	
-0.606668	-0.166706	4893	
-0.623473	-0.142927	3465	
-0.665905	-0.004422	4106	
-0.547181	0.381554	1886	
-0.331846	0.310794	3019	
-0.612603	-0.337077	3739	
-0.202038	0.651956	1385	
-0.694284	0.165219	5290	
-0.574935	-0.480073	5345	
-0.108917	-0.731037	4525	
0.450236	-0.630455	1295	
0.753757	-0.145357	3811	
0.694597	0.390447	1511	
0.301741	0.742845	4576	
-0.161093	0.794797	5368	
-0.649986	0.532271	4246	
-0.839616	0.124888	5436	
-0.806013	-0.319391	6726	
-0.522509	-0.720038	6271	
-0.183539	-0.880551	6747	
0.394734	-0.842396	5693	
0.668012	-0.665843	715	
0.966877	-0.066999	1039	
0.964584	0.191470	4217	
-0.239944	-0.020796	5491	
-0.252504	0.190131	2523	
-0.335827	0.325494	3019	
-0.380143	0.387210	5359	
-0.380736	0.386319	5359	
-0.336823	0.322284	3019	
-0.242436	0.150527	3045	
-0.576719	-0.338174	4329	
0.316981	0.621468	658	
-0.392618	0.611851	4447	
-0.703062	0.116040	802	
-0.611139	-0.435721	5699	
-0.237332	-0.697907	3821	
0.236327	-0.701169	1846	
0.654247	-0.394282	867	
0.763869	0.084051	6557	
0.565310	0.568662	6428	
0.158635	0.787065	6438	
-0.289842	0.764283	5974	
-0.702939	0.458716	2696	
-0.845935	0.069767	4518	
-0.789998	-0.361488	6014	
-0.500396	-0.734765	6173	
-0.176557	-0.880842	3331	
0.386699	-0.843674	5693	
0.660172	-0.671479	1855	
0.957881	-0.118759	6119	
-0.358472	-0.159312	3769	
-0.410720	-0.198558	3559	
-0.604697	-0.343570	4899	
-0.605253	-0.344265	4899	
0.256191	0.649787	1812	
-0.083381	0.683905	1698	
-0.462040	0.552821	5703	
-0.677500	0.217248	3656	
-0.671663	-0.221081	1553	
-0.503766	-0.539843	6659	
-0.180844	-0.713970	1279	
0.219487	-0.703748	2848	
0.594334	-0.480326	969	
0.763946	-0.055204	3555	
0.699117	0.371814	5843	
0.373143	0.705561	5550	
-0.023955	0.803905	774	
-0.455134	0.697259	5240	
-0.770406	0.336110	6848	
-0.849481	-0.021891	4664	
-0.746547	-0.456416	522	
-0.449157	-0.767522	4389	
-0.137335	-0.887797	6083	
0.406984	-0.833634	5509	
0.670403	-0.660165	715	
0.946622	-0.171050	3243	
0.958824	0.202119	3333	
-0.612064	-0.336302	3739	
-0.032633	0.691152	3788	
-0.403750	0.600569	3641	
-0.619778	0.341393	4744	
-0.707380	0.005074	1066	
-0.652407	-0.326942	1403	
-0.488249	-0.549640	6383	
-0.248964	-0.691102	2387	
0.037258	-0.732896	5523	
0.340268	-0.675519	6500	
0.629627	-0.427455	2137	
0.761880	-0.059135	3555	
0.719363	0.298751	1619	
0.459243	0.650886	2330	
0.105009	0.794006	4130	
-0.254238	0.770815	6008	
-0.634869	0.543243	1694	
-0.824103	0.178418	6144	
-0.837249	-0.165474	3287	
-0.660438	-0.582834	6871	
-0.368810	-0.810501	505	
-0.065781	-0.897063	4733	
0.456637	-0.809185	6935	
0.696548	-0.632283	3971	
0.941159	-0.189155	1851	
0.953487	0.222357	1823	
-0.610454	-0.345958	4899	
-0.253585	0.628742	4649	
-0.697391	0.123480	5870	
-0.645534	-0.353957	6107	
-0.417614	-0.599451	1249	
-0.156079	-0.716764	3211	
0.095642	-0.724625	3703	
0.331966	-0.675513	6926	
0.574395	-0.500028	1447	
0.721613	-0.239663	3277	
0.759851	0.075549	6529	
0.695333	0.373434	5843	
0.439692	0.662609	3392	
0.134891	0.787322	4928	
-0.180956	0.784721	3250	
-0.539200	0.635954	6622	
-0.777392	0.312273	6834	
-0.846666	-0.010913	4820	
-0.790405	-0.346163	6074	
-0.537600	-0.701038	5095	
-0.266269	-0.851683	5341	
0.052371	-0.901020	6829	
0.531390	-0.765643	4789	
0.735874	-0.586744	1223	
0.956326	-0.102607	6119	
-0.477948	0.522295	4968	
-0.539139	0.452339	3896	
-0.698026	0.112809	5870	
-0.591526	-0.451894	6087	
-0.230533	-0.693396	3821	
0.112296	-0.719831	4133	
0.403890	-0.649505	5839	
0.610895	-0.447170	739	
0.728674	-0.209165	3273	
0.758482	0.059392	6529	
0.716819	0.291495	1619	
0.560262	0.565357	6428	
0.332571	0.720644	5430	
0.051652	0.796450	3002	
-0.213387	0.776160	5320	
-0.529252	0.641964	6622	
-0.757451	0.351604	5116	
-0.841212	0.056991	5088	
-0.824098	-0.218731	6187	
-0.670192	-0.564690	6137	
-0.393101	-0.794297	5899	
-0.132802	-0.884345	6083	
0.227915	-0.880746	1921	
0.621092	-0.698991	6543	
0.786657	-0.518965	1139	
0.964965	0.025191	2157	
0.930999	0.304986	5069	
0.903268	0.399330	3987	
-0.215546	-0.696607	5621	
-0.116147	-0.720673	4049	
0.106884	-0.719087	4133	
0.370950	-0.661161	6854	
0.631849	-0.412176	1011	
0.744758	-0.132460	3811	
0.745892	0.143228	6610	
0.692390	0.368166	5774	
0.525681	0.592813	1444	
0.316532	0.726064	4752	
0.104665	0.787960	4672	
-0.126078	0.789116	1668	
-0.349665	0.736596	1592	
-0.605670	0.568090	6004	
-0.777029	0.303167	4788	
-0.840200	0.043440	4550	
-0.826957	-0.195111	4293	
-0.718083	-0.491701	1506	
-0.454615	-0.756304	4389	
-0.215554	-0.864123	6595	
0.029570	-0.897459	6697	
0.474656	-0.792952	6923	
0.708817	-0.613180	869	
0.842476	-0.427413	2891	
0.957924	0.147139	1915	
0.911386	0.363878	1727	
0.734160	-0.168341	2025	
0.749771	-0.082018	935	
0.748595	0.105538	6189	
0.707945	0.306050	1619	
0.598758	0.519353	5756	
0.396641	0.681518	4642	
0.196314	0.765978	726	
0.004832	0.793423	5980	
-0.187610	0.776279	670	
-0.369426	0.726809	1542	
-0.585555	0.585933	2658	
-0.723447	0.403925	2256	
-0.819160	0.163167	5452	
-0.840163	-0.061862	4112	
-0.810803	-0.258102	1548	
-0.695467	-0.522906	6711	
-0.450510	-0.756292	4389	
-0.235764	-0.855964	4613	
-0.017494	-0.894293	1375	
0.291137	-0.860759	3843	
0.646018	-0.672633	1855	
0.789528	-0.509084	1139	
0.903958	-0.289560	2299	
0.934177	0.274387	2757	
0.214929	0.757309	482	
0.168619	0.770069	6580	
0.072515	0.785878	4478	
-0.069520	0.788297	4860	
-0.223465	0.765258	5922	
-0.374208	0.721695	1542	
-0.538122	0.625747	5648	
-0.674424	0.474801	1564	
-0.763278	0.319272	6834	
-0.825528	0.115676	5436	
-0.836873	-0.064058	4112	
-0.813711	-0.236176	5934	
-0.753445	-0.415459	732	
-0.607413	-0.624880	6645	
-0.370843	-0.798640	505	
-0.182587	-0.868036	3331	
0.011460	-0.893399	6327	
0.247043	-0.868972	4723	
0.614728	-0.695708	6543	
0.771856	-0.531048	1139	
0.868790	-0.368549	3063	
0.954497	0.140576	1915	
-0.650747	0.498692	1560	
-0.673430	0.468808	1952	
-0.723653	0.389594	5174	
-0.765622	0.303606	6834	
-0.804611	0.190313	5456	
-0.830581	0.042180	4550	
-0.832001	-0.083688	4112	
-0.814966	-0.214439	6187	
-0.780851	-0.339804	6074	
-0.715006	-0.482524	1506	
-0.585464	-0.642233	1495	
-0.395026	-0.782234	4647	
-0.220412	-0.855217	4613	
-0.062828	-0.886618	4493	
0.096048	-0.889040	6547	
0.315486	-0.847968	6905	
0.640701	-0.670153	1855	
0.783071	-0.511947	1139	
0.864890	-0.371889	6781	
0.942179	-0.137473	413	
0.906239	0.355120	5203	
0.824527	0.544922	3775	
-0.775916	-0.334703	6074	
-0.771455	-0.349979	5060	
-0.757691	-0.387626	4274	
-0.734734	-0.438857	392	
-0.699064	-0.501023	1568	
-0.627714	-0.593046	5419	
-0.532534	-0.683475	4637	
-0.412021	-0.767465	5003	
-0.254842	-0.840032	5049	
-0.128727	-0.873256	4817	
-0.007633	-0.887559	1375	
0.113150	-0.884683	6623	
0.252672	-0.861871	4723	
0.496710	-0.767894	651	
0.722883	-0.583564	1223	
0.822511	-0.446485	3109	
0.884501	-0.322443	2585	
0.938681	-0.141468	413	
0.904108	0.353064	5203	
0.804389	0.570757	6463	
-0.193450	-0.849961	3331	
-0.176501	-0.855279	3331	
-0.141433	-0.864086	6083	
-0.092030	-0.873432	4717	
-0.037007	-0.880196	963	
0.022132	-0.883356	6327	
0.092897	-0.882372	5287	
0.167495	-0.874822	4897	
0.253269	-0.857994	4723	
0.358592	-0.826583	5823	
0.546366	-0.732666	723	
0.738677	-0.558760	1049	
0.825139	-0.436095	3109	
0.876611	-0.334027	3063	
0.917880	-0.217740	3181	
0.952428	-0.014184	4565	
0.879523	0.411843	3987	
0.777100	0.606143	756	
0.413223	-0.796369	4443	
0.406167	-0.800290	5259	
0.412215	-0.798342	4443	
0.434333	-0.788838	6709	
0.476147	-0.768085	651	
0.560721	-0.715660	671	
0.677423	-0.616743	869	
0.778891	-0.496929	4611	
0.836226	-0.406760	939	
0.877211	-0.323301	2585	
0.904055	-0.251135	3507	
0.928103	-0.163330	413	
0.945633	-0.053738	1119	
0.895735	0.358496	5203	
0.822220	0.523445	1709	
0.737452	0.654675	1768	
0.907981	-0.203746	3181	
0.905710	-0.216108	3103	
0.907287	-0.214433	3181	
0.911992	-0.200720	3181	
0.918285	-0.178733	417	
0.925332	-0.149533	413	
0.932690	-0.112139	2465	
0.940326	-0.059716	1119	
0.945488	0.004338	4565	
0.941579	0.142677	5595	
0.843369	0.473734	3723	
0.781543	0.581492	5140	
0.733841	0.648982	1768	
0.914743	0.245391	4513	
0.918295	0.233591	4513	
0.916426	0.247556	4513	
0.901289	0.310992	6743	
0.827539	0.490870	3723	
0.775892	0.577299	5140	
0.739182	0.629865	1768	
0.671574	0.711756	1810	
0.631079	0.756198	4116	
0.474845	0.857768	978	
0.506196	0.840724	5398	
0.519931	0.834894	5398	
0.529818	0.832034	6342	
