time = 331.45	Re = 90
-0.080293	-0.891828	4443	
0.323038	0.112267	2148	
0.017367	0.944605	874	
0.317843	-0.744503	1685	
0.219580	0.759278	5200	
-0.331266	0.500071	2288	
0.587036	-0.455239	961	
-0.254148	0.755905	3096	
-0.373183	0.216223	4688	
0.492310	-0.546791	1911	
0.633575	0.399197	1372	
-0.388666	0.513827	476	
0.669049	0.339024	4940	
-0.714452	-0.342075	4231	
0.587754	0.145193	5282	
-0.879601	0.157503	6014	
0.081689	-0.941597	1441	
-0.147509	0.933503	1856	
-0.496790	0.253330	4143	
-0.545673	0.428098	5936	
0.467236	0.156992	1892	
-0.258486	0.508203	2088	
-0.412652	0.422895	4482	
-0.214677	0.344739	2340	
0.878974	0.178725	818	
-0.473125	0.244608	995	
-0.103186	0.237038	3563	
-0.820878	0.220403	6386	
0.103986	0.648272	5769	
-0.657534	-0.676384	617	
0.221368	0.258578	1082	
-0.529696	-0.717265	1375	
-0.667071	-0.442770	4751	
0.141386	-0.682481	2475	
0.269099	0.138648	2741	
0.370698	0.698079	4504	
-0.940887	-0.085783	607	
-0.590608	-0.789653	4689	
-0.133116	0.347203	3201	
-0.345096	0.418391	2332	
0.411186	0.237649	5778	
-0.339515	-0.925798	5567	
-0.628456	0.226833	437	
0.400256	0.146731	1346	
-0.225309	0.379651	2880	
0.434238	0.500617	4746	
0.195160	-0.790867	6003	
-0.404571	0.093343	2547	
-0.199513	-0.922342	4221	
0.251747	0.580746	1776	
-0.247745	-0.761758	5319	
0.636727	0.191016	1908	
0.086646	0.257470	6889	
0.333300	-0.786617	2695	
0.410541	-0.747710	2255	
-0.855367	0.040288	392	
0.620724	-0.766503	2393	
0.544032	0.157530	2798	
-0.281422	-0.765615	3249	
0.364781	0.314197	4326	
0.475467	0.060410	2562	
-0.630292	0.631976	1202	
-0.517598	-0.839317	3831	
-0.053381	0.832603	3168	
-0.263344	0.420859	2864	
0.443918	0.175215	3814	
-0.085942	0.452598	1671	
-0.185779	0.163183	6765	
0.016789	-0.986448	1799	
-0.483286	0.281407	904	
0.538924	-0.502652	801	
0.339927	0.592322	2796	
0.492566	-0.636538	5515	
-0.660906	-0.673079	617	
-0.634855	0.627299	1202	
-0.693425	-0.105771	4403	
0.651048	-0.350582	4409	
-0.397927	-0.693855	773	
0.426768	-0.889106	565	
-0.545851	0.266519	1971	
-0.169120	0.459187	3405	
0.025181	-0.858748	683	
-0.252642	0.170922	4225	
0.559503	-0.597718	5455	
-0.478778	0.505801	6692	
0.041798	-0.713374	5448	
-0.736249	0.130796	815	
-0.495086	0.228038	4365	
0.205240	0.368910	2884	
-0.901584	0.277395	6106	
-0.474075	0.153953	2375	
0.800876	-0.116708	4831	
0.402817	0.062783	1156	
0.811638	0.376782	4978	
-0.634886	-0.285959	4845	
0.149722	0.378517	2488	
0.256092	0.232541	2338	
0.633092	-0.756315	2393	
-0.216430	0.200810	3409	
-0.414215	0.115760	2507	
0.296844	0.464193	4668	
0.415482	0.371165	3172	
-0.587181	0.614922	6144	
-0.277138	0.326090	2978	
-0.049098	-0.826734	631	
0.653060	0.608548	6748	
-0.490835	0.117584	1355	
0.798993	0.305471	5656	
-0.575557	0.545747	3246	
0.657176	0.604239	6596	
-0.766544	0.550120	2040	
0.433517	-0.781738	3081	
0.650118	-0.435342	2361	
-0.198262	0.612481	1255	
0.277701	0.073165	6838	
0.516302	0.726843	1376	
0.567311	0.550919	6580	
0.651059	-0.331650	5053	
0.895275	0.060173	4242	
-0.407633	0.120697	3605	
0.560503	0.288131	2620	
-0.355236	0.598591	1176	
0.742365	0.356108	4856	
-0.176200	0.157289	3439	
0.154907	0.155023	2907	
-0.251557	-0.681905	2788	
0.377864	0.241243	5042	
-0.511089	-0.843273	3831	
0.832546	-0.528506	2157	
-0.752213	0.273005	3363	
-0.943157	0.048464	3074	
0.563714	0.691125	4734	
-0.011859	-0.822462	4163	
0.229415	0.478668	5248	
0.358161	0.815806	4898	
-0.220206	0.332067	1400	
0.841078	0.307401	6272	
0.640728	0.059516	5148	
-0.588638	-0.613926	5237	
-0.419349	0.233254	1550	
0.775523	0.229075	544	
0.483945	-0.557565	1895	
-0.347237	0.780305	4454	
0.361913	0.360208	420	
0.680313	0.293505	1226	
0.156919	0.837187	6162	
0.435316	-0.664438	4699	
-0.270812	-0.677572	5813	
-0.504632	0.261784	1015	
0.550455	-0.818348	2905	
0.594333	0.202817	4592	
0.276278	0.603603	2172	
-0.806479	0.489423	2066	
-0.944545	0.011272	1362	
-0.088842	0.406196	1253	
0.097737	0.415098	4438	
-0.389630	0.438533	4908	
0.141686	-0.793433	2697	
0.365655	-0.771470	4453	
-0.409703	0.292993	2496	
0.758508	-0.281872	2264	
0.734948	-0.106436	5818	
0.460092	-0.679792	6833	
0.587497	-0.360525	2041	
-0.469815	0.324137	3722	
0.877339	0.186297	818	
0.382827	-0.909101	423	
0.210898	0.245812	1308	
-0.081902	0.546973	6149	
-0.117753	0.850916	5444	
0.830519	0.031416	5101	
-0.782463	0.327634	3287	
-0.293227	0.079033	1173	
0.680829	-0.251209	3910	
0.428025	0.594392	6640	
-0.347888	0.651458	4606	
-0.592264	-0.456978	3821	
0.186971	0.476256	2564	
0.361327	0.767562	4066	
-0.930294	0.158200	750	
-0.214795	-0.918808	5789	
-0.064321	0.417858	1733	
0.551356	0.552987	5082	
0.674991	0.108577	878	
-0.287739	-0.943119	673	
-0.423704	0.290411	2496	
-0.575802	0.747916	2300	
0.504621	-0.627111	4677	
0.016949	-0.831073	5047	
0.244253	0.587017	1776	
-0.207958	0.442144	4369	
-0.064380	0.516981	397	
-0.203521	0.198573	3265	
-0.586092	0.793301	3920	
-0.643811	-0.466745	4629	
0.443083	0.446496	6510	
-0.421792	0.166191	3112	
-0.309446	0.126742	2964	
0.126874	0.585725	1779	
-0.708972	0.057152	5859	
0.725209	0.336779	2572	
0.053738	0.764395	6360	
-0.593753	0.285796	1723	
-0.086328	-0.940380	6917	
0.781931	0.190483	2446	
-0.325597	0.833800	5678	
0.319031	0.194021	1944	
-0.006811	-0.986536	3259	
0.127307	0.534696	1275	
0.194020	0.263878	6224	
-0.587611	-0.446903	3821	
0.385926	0.755605	5422	
0.709483	-0.685155	2451	
0.553018	-0.816622	2905	
-0.351642	-0.735961	3219	
0.252111	0.610732	1212	
-0.161538	0.195823	3025	
-0.581317	-0.386995	2929	
0.096514	-0.805484	5647	
0.070684	0.618124	5241	
-0.357065	0.160119	1196	
-0.266696	0.292216	5864	
0.829497	0.054525	6044	
-0.267697	-0.754538	669	
0.522874	0.094151	5640	
0.739827	-0.652152	4045	
0.611516	0.718098	5602	
0.579058	0.062025	5182	
-0.895053	-0.063331	4241	
0.742398	0.123554	6110	
0.295633	0.310311	5122	
0.103905	-0.693064	4967	
0.320466	0.361135	530	
-0.318784	0.428941	2502	
0.552408	0.192640	3974	
-0.607889	-0.776505	4689	
-0.526581	0.594134	4036	
-0.543707	0.708567	3618	
0.432931	-0.608862	2009	
-0.623832	-0.310576	4683	
-0.436705	0.836663	3110	
0.492238	0.453012	5812	
-0.769939	-0.287629	3521	
-0.359127	0.384952	3098	
0.384297	0.343808	570	
-0.755474	-0.263513	2067	
0.876324	-0.173502	6851	
-0.943683	0.038605	3022	
-0.331952	-0.780677	3113	
0.614746	0.062416	6050	
0.771845	0.253196	2068	
0.458898	0.823623	3778	
-0.353611	0.640821	4606	
0.292327	0.580289	2326	
-0.274535	-0.730260	573	
-0.493476	0.140470	2173	
-0.168418	0.518223	3906	
0.131825	-0.685118	2475	
-0.162881	0.842717	5532	
0.321892	-0.932427	4145	
0.790234	0.515204	4662	
0.378323	-0.625022	1843	
-0.061597	0.616214	489	
-0.883896	0.134706	5428	
-0.477583	0.070554	3667	
-0.474983	0.070577	4067	
-0.650270	0.684011	3182	
0.035744	-0.714578	664	
0.542475	0.162482	2296	
0.193431	0.264239	4712	
-0.212534	0.123106	5931	
-0.611648	0.773775	2394	
0.011526	-0.858646	5517	
0.466416	0.373265	5620	
-0.853139	0.070568	732	
0.736298	-0.313242	3258	
-0.544278	0.073155	4821	
-0.204482	0.398794	4348	
-0.695603	0.207879	1479	
0.062408	0.689766	3869	
0.471363	0.064489	2562	
0.078165	0.274668	4869	
0.339367	0.132723	2250	
0.809632	-0.076134	533	
0.073098	0.323501	1613	
0.077368	0.280027	4869	
0.600248	0.659972	6084	
-0.386230	-0.624180	4997	
0.150130	0.318305	4327	
-0.054648	-0.806448	1647	
-0.402811	0.752048	2256	
0.834304	-0.314188	6351	
-0.777770	0.191957	5998	
-0.291443	0.083570	1199	
0.445173	-0.879930	6633	
0.329499	0.182789	2662	
-0.652213	0.427265	1264	
-0.171210	0.332007	3088	
0.212349	-0.724620	969	
0.756875	-0.382939	3225	
-0.083783	0.498481	2092	
-0.230243	0.288955	6742	
-0.574525	0.194338	6057	
0.177536	0.333051	1644	
0.049573	0.829228	632	
-0.385558	0.369316	2598	
-0.799929	0.283428	6187	
-0.172694	0.379501	2262	
0.514880	0.304087	738	
0.543744	0.249710	6728	
-0.647824	0.386426	6696	
-0.304800	-0.756440	5367	
-0.170686	0.841034	6754	
-0.574000	-0.398082	1811	
-0.121647	0.321895	2939	
-0.286105	0.270289	2146	
-0.386411	-0.621757	4997	
0.082497	0.647020	5643	
0.549074	0.492491	1280	
-0.362863	0.130346	3989	
0.771710	0.215602	544	
-0.074658	0.802425	5556	
0.211243	-0.963694	3395	
-0.850623	0.268021	3796	
-0.044330	-0.754832	6010	
0.313492	0.657983	4134	
-0.671048	0.587809	4086	
0.188041	0.924855	4222	
-0.352095	0.489565	6300	
0.381805	0.508254	4562	
-0.727912	0.515166	4356	
0.541808	-0.495813	801	
0.818535	0.252214	5160	
-0.236010	0.182517	3344	
-0.585557	0.619225	6144	
-0.197002	-0.922899	4221	
-0.837877	-0.184486	6021	
0.408946	0.300734	4124	
0.787753	-0.125971	4831	
-0.700297	0.055678	4899	
0.478018	-0.631447	5515	
0.248820	-0.648634	4425	
0.045554	-0.758280	5882	
-0.200935	0.743574	970	
0.369092	0.104504	2672	
0.298644	0.212608	2734	
0.251431	-0.859930	3011	
-0.938652	-0.108059	607	
0.789904	0.163577	2234	
0.459097	-0.872674	6633	
-0.979595	-0.117451	1767	
-0.908433	0.254191	6744	
-0.847964	-0.135815	5419	
0.369786	0.127317	2814	
0.120108	0.434520	2996	
-0.573177	0.749943	2300	
0.714531	-0.196882	1432	
0.138437	0.253393	3102	
0.790976	0.417431	4648	
0.541056	0.609000	4130	
0.273590	0.506935	5746	
-0.647253	0.686885	3182	
0.625132	0.094828	2366	
0.390919	0.319829	4538	
0.155388	0.374792	2904	
0.331438	0.332571	3550	
0.252565	0.908843	5310	
-0.676613	-0.440537	4751	
-0.348485	0.421717	2332	
0.520754	-0.532607	2025	
-0.743369	0.581114	1120	
-0.413361	0.208721	754	
-0.122243	0.647703	1623	
-0.977327	0.130684	6606	
0.547523	0.596340	4928	
0.068071	0.499760	6369	
-0.768537	-0.015615	5699	
-0.735136	0.657464	4046	
-0.564422	-0.755542	6787	
-0.715058	0.154966	1651	
0.608928	-0.506260	3231	
0.101905	0.370102	3601	
-0.220037	0.141757	6585	
0.507844	0.605579	4478	
-0.419345	0.455126	4092	
0.388524	0.529882	4540	
0.217321	0.264270	1114	
0.067920	0.509776	5743	
-0.781499	0.528619	4566	
-0.553034	0.253771	1971	
0.259679	-0.694358	905	
0.529657	0.604873	4730	
-0.759645	-0.094519	5759	
0.069797	0.606189	4303	
-0.901788	0.276691	6106	
0.477309	0.315782	2206	
-0.692628	0.062563	3739	
0.572404	0.239060	744	
-0.766322	0.455526	4796	
0.368240	-0.701794	4655	
0.759433	0.030398	1266	
0.413140	-0.793038	5025	
0.157053	0.588512	3070	
0.657272	-0.490162	4549	
0.515285	0.313405	3262	
0.581420	0.620606	5238	
0.795219	-0.095372	533	
-0.443414	0.144988	6733	
0.740064	0.425876	5848	
-0.253231	0.210639	6450	
-0.331570	0.659840	4944	
0.466782	-0.657011	5353	
0.327306	-0.674482	863	
0.476891	0.560263	4440	
0.484220	-0.643585	5515	
0.541799	0.137799	1978	
0.789842	0.251287	4342	
-0.497287	0.142067	2173	
0.096812	0.218740	6555	
0.165442	0.877801	5824	
-0.065331	-0.705331	662	
-0.809332	-0.046235	4895	
-0.736475	0.279318	825	
-0.548348	-0.703271	4733	
0.236568	0.501539	5718	
0.247410	0.910301	4332	
0.113451	0.887402	5270	
-0.587855	0.279227	3381	
-0.624179	0.159589	6661	
-0.241777	0.436203	3632	
-0.369048	0.469838	4542	
0.303749	0.792121	3190	
0.312742	0.438362	2298	
0.577969	-0.746250	2299	
-0.870738	-0.364604	6895	
0.756247	0.108906	6376	
-0.352126	-0.735733	3219	
0.725854	-0.518086	4355	
-0.638545	-0.751561	4839	
0.097909	0.512405	999	
-0.272447	0.156600	4159	
0.425158	0.664280	6666	
0.210551	0.449731	3144	
-0.821802	0.345392	4879	
0.120482	0.430489	2996	
0.324808	0.437510	2008	
-0.273290	0.781826	1564	
-0.150725	0.578679	4571	
-0.554844	0.238750	1901	
-0.394466	0.506984	2036	
0.372072	-0.637411	1669	
-0.265920	0.691679	906	
-0.454265	-0.875257	2107	
-0.060100	0.673414	5543	
0.558134	0.760203	6788	
0.676328	0.080140	3480	
-0.260242	0.119013	2229	
0.211633	0.442451	2056	
0.261532	0.276818	3326	
-0.734932	0.591741	5052	
-0.785353	0.596435	1040	
-0.421255	0.468403	4092	
-0.472162	0.272186	1222	
-0.741168	0.650623	4046	
0.842805	-0.131236	5059	
-0.639044	0.482111	2018	
0.255006	0.078257	6762	
-0.082411	0.633541	6731	
-0.389821	-0.858642	547	
0.065251	-0.984531	1827	
0.427810	-0.670155	4699	
-0.562755	-0.477095	5321	
-0.863583	-0.381133	6895	
-0.072449	0.300672	5913	
-0.465078	0.243092	523	
-0.625157	0.229477	513	
-0.058906	0.580852	5015	
-0.822049	-0.241410	2101	
0.266265	-0.813334	3553	
0.755903	0.110290	6376	
0.642316	0.366400	1166	
-0.247708	0.791186	5502	
-0.592071	0.735115	2192	
0.222113	0.099359	6476	
-0.628603	0.391726	6652	
-0.547777	0.264880	1971	
-0.716902	0.613561	2466	
-0.767090	-0.459199	505	
0.154970	0.931156	5694	
-0.746635	0.644310	4046	
-0.733089	-0.154454	6201	
-0.308578	0.126987	2964	
-0.721325	-0.527163	5263	
-0.583138	0.242274	6617	
0.156500	0.448758	508	
-0.253253	0.481298	1536	
0.341516	0.070005	4644	
0.004151	-0.716997	6258	
0.101313	0.425838	6644	
-0.283419	0.316232	2336	
-0.119597	0.795581	2086	
-0.578328	0.308577	4754	
0.075311	0.941387	6918	
-0.537833	0.586853	4036	
0.140357	0.522042	1947	
0.073391	0.423704	5906	
-0.744372	-0.102543	6375	
-0.548136	0.295757	2760	
-0.353863	0.252685	402	
-0.290511	0.403703	1158	
-0.561658	0.260754	3349	
-0.210003	-0.963541	1791	
-0.170116	0.335309	3088	
0.757348	-0.026247	5380	
-0.039344	0.944200	1036	
-0.146624	0.302735	3893	
0.399899	0.182246	1696	
0.673836	-0.584588	4085	
-0.509599	-0.844170	3831	
-0.825744	-0.345536	6001	
-0.867600	0.210121	6148	
-0.648668	-0.684847	1017	
0.411641	-0.680789	5413	
-0.071340	0.856858	5044	
-0.744823	0.490082	6390	
0.142321	-0.934333	6543	
0.737070	0.142124	6078	
-0.446352	0.445811	4530	
0.857791	-0.018925	5251	
-0.983286	-0.079497	755	
0.730570	-0.149634	6932	
0.282218	0.800182	3092	
-0.524395	0.253360	717	
0.489795	0.117618	3120	
0.338624	0.160487	2216	
0.355040	-0.920301	1839	
-0.204960	0.872801	5030	
0.343917	0.505524	1190	
0.412972	0.317947	474	
-0.893753	0.059743	5480	
0.249291	-0.777093	1559	
0.521058	-0.597955	4035	
0.493847	0.235513	5928	
0.230466	0.373656	4024	
0.628926	0.135494	6378	
-0.980476	-0.109968	1767	
-0.039993	0.696960	487	
-0.600942	0.512867	3232	
-0.367758	0.869433	1140	
0.576215	-0.453113	961	
-0.291507	0.204604	6256	
-0.409300	-0.791616	6547	
0.371731	0.514059	1490	
-0.573246	0.749893	2300	
-0.174770	0.409904	2668	
0.576033	-0.457227	961	
-0.105233	0.801801	4936	
-0.392372	0.235467	580	
-0.807299	-0.283995	4637	
-0.014106	0.944816	4790	
-0.618114	0.261542	1705	
-0.385382	-0.803328	5607	
-0.898245	-0.291397	5399	
0.020553	-0.944729	4789	
0.779948	-0.152443	3709	
-0.559378	0.474916	932	
0.313642	0.271497	5724	
-0.341146	0.382304	1394	
0.595576	0.440553	3822	
-0.438148	0.779094	3082	
-0.742967	-0.289457	2329	
-0.418746	0.146507	4593	
0.685128	0.506567	4564	
0.496113	0.393020	3180	
0.383932	0.124533	2934	
0.317530	0.887935	1152	
-0.576906	-0.545030	6579	
-0.343438	0.582938	1184	
-0.070640	0.316023	667	
0.890571	0.109313	5732	
0.605650	0.655056	6084	
-0.424343	0.159297	1581	
0.848882	0.138819	5420	
0.689205	0.421369	5430	
-0.381431	0.206694	4608	
-0.554715	0.483795	936	
-0.439880	0.105449	3527	
-0.135007	0.935433	6544	
0.215321	0.111584	4350	
0.127403	0.451430	1556	
0.512243	-0.842466	4937	
-0.070604	0.609504	511	
-0.366690	0.705899	4656	
0.604886	0.413659	1980	
0.220786	0.101586	6476	
-0.253114	0.685386	1110	
0.481500	0.630128	3002	
-0.217218	0.409460	4264	
0.663115	-0.126732	3996	
0.299092	-0.801034	2185	
0.321163	0.193057	1944	
-0.097420	0.564291	4015	
-0.688836	0.408481	2128	
-0.755125	0.473898	2064	
-0.851676	-0.497166	2119	
-0.120991	0.314697	2939	
-0.556839	-0.761110	6787	
0.532053	0.715550	1376	
0.103065	0.209509	1999	
-0.449781	0.142714	6413	
-0.491511	0.579318	3274	
-0.227223	0.285245	5850	
-0.236568	0.341761	6026	
-0.602586	-0.780611	4689	
0.756273	-0.228967	5234	
0.367221	0.579263	2808	
0.498081	0.556204	4526	
0.475265	0.060134	2562	
0.712403	0.382725	5550	
0.055007	0.894298	6816	
0.450829	0.229537	5994	
-0.380161	0.483491	1182	
0.247983	0.080268	4768	
-0.398837	0.855444	844	
-0.645868	0.088666	649	
-0.421174	0.106634	2507	
0.054019	0.943006	6936	
0.582918	-0.443912	1019	
0.647631	0.222058	3808	
0.694129	-0.062114	3740	
0.592241	-0.434849	1019	
-0.308127	0.623252	4922	
-0.497049	-0.851606	3831	
-0.842605	-0.512541	2119	
0.454999	0.449293	6346	
-0.129839	0.235849	3235	
0.368142	0.404255	3148	
0.640840	0.218137	3808	
-0.497460	-0.851358	3831	
-0.910190	0.247877	6744	
-0.886765	0.321379	5114	
-0.319912	0.933107	4146	
0.758433	0.472986	506	
0.748605	0.140750	1750	
-0.184449	0.420518	3746	
-0.159827	0.267110	3619	
0.281118	0.079584	6724	
-0.469348	0.320361	3722	
-0.681771	0.093371	865	
0.269942	-0.692648	905	
0.312433	0.658433	4134	
0.239727	0.255354	3402	
0.809634	0.132483	2570	
-0.221170	-0.758168	5199	
0.245201	-0.700444	1109	
-0.336812	0.669104	4944	
0.369053	0.190317	2886	
-0.835163	0.438538	1336	
-0.681285	0.575806	4086	
-0.285313	0.110535	1883	
-0.583496	-0.542472	725	
-0.473506	0.223707	3913	
-0.164674	-0.756347	1437	
0.643566	-0.554718	5435	
-0.943501	0.042486	3074	
0.159283	0.714074	829	
0.415001	0.788685	5288	
-0.478315	-0.862300	2107	
-0.600168	0.140603	2143	
-0.095665	0.892437	834	
-0.264882	0.906687	1374	
-0.896693	-0.025963	5433	
-0.449997	-0.828496	3551	
-0.770661	-0.544077	545	
0.492657	0.444199	5812	
0.271415	0.582280	2326	
0.765169	0.551755	546	
-0.694160	0.062096	3739	
0.210322	0.196330	6472	
-0.757486	-0.257435	2067	
-0.077082	0.300241	5913	
-0.684441	-0.427798	5429	
-0.694523	0.051078	4899	
0.074168	0.308243	1287	
0.504556	-0.617893	4677	
0.775361	0.359094	5462	
0.715541	0.614291	780	
-0.619334	0.582149	5452	
-0.264854	0.415713	2864	
0.618300	0.185162	492	
0.266869	-0.766218	1563	
0.194148	0.452308	2020	
-0.925655	-0.189064	5753	
-0.686919	0.061046	3739	
0.683443	-0.243714	3910	
0.247993	0.515860	5628	
-0.458105	-0.586758	3293	
0.455590	0.398796	5786	
0.548190	-0.608354	5455	
0.742407	0.160911	5908	
-0.546265	0.182431	3969	
0.771726	0.253551	2068	
0.439792	0.229993	5994	
-0.923620	0.192019	6266	
-0.137768	0.242128	3423	
-0.334961	0.316369	3016	
0.513092	0.411119	2354	
0.128040	0.364131	1633	
-0.401410	0.483326	1026	
0.373801	0.214801	4250	
-0.262025	0.096900	3411	
-0.572289	0.441526	5442	
0.079921	0.264878	5497	
0.811660	-0.560043	5915	
0.264101	0.677363	3956	
-0.820209	0.465984	1234	
-0.686163	0.059435	3739	
-0.724791	-0.365417	4641	
0.011709	-0.760021	5546	
-0.111996	-0.887616	5259	
0.456914	-0.644509	5353	
0.356661	0.131788	2656	
-0.390540	0.261460	2584	
-0.340474	-0.704488	3687	
0.163085	0.429901	910	
-0.092086	0.854321	6204	
-0.921368	-0.352110	561	
-0.230621	0.347170	4170	
0.032337	-0.692289	488	
0.817876	0.041636	3694	
-0.962450	-0.216558	1809	
-0.928005	0.333310	1824	
-0.196436	0.924242	3972	
0.050250	0.696654	4901	
-0.712452	-0.221978	1207	
0.274701	0.802875	2182	
-0.172347	0.445771	4027	
0.791843	0.321961	5656	
0.186952	0.458205	1688	
-0.620624	0.258297	1705	
-0.152845	0.974731	1782	
-0.427629	0.515740	6034	
0.649501	0.376620	3420	
0.162381	0.436607	496	
-0.689722	0.062829	3739	
-0.473269	0.073973	4455	
0.426534	0.098888	5032	
0.614088	0.093160	2366	
-0.321016	0.336963	2348	
0.309216	0.265797	4876	
0.051034	0.809957	1648	
0.871162	0.212241	1272	
-0.251372	0.087067	5473	
-0.801291	-0.575204	3049	
-0.750439	-0.284173	2329	
0.068873	0.434976	3435	
-0.488987	0.261773	4411	
0.851656	-0.081769	731	
-0.320492	0.311743	2770	
0.131433	0.736065	5982	
-0.261183	0.815099	4246	
-0.687380	0.061967	3739	
0.723517	-0.670324	4045	
-0.928967	0.165469	750	
-0.635602	0.190931	6793	
-0.644801	-0.450036	4629	
-0.985893	0.031066	1710	
-0.882438	0.333071	5324	
0.184285	0.317238	2286	
0.333096	0.662713	3704	
0.408249	0.344475	660	
-0.702309	0.354365	6701	
0.669389	0.056628	4834	
-0.688445	0.062627	3739	
0.510947	0.335732	6694	
0.404771	0.793905	6548	
-0.967120	-0.194671	1853	
0.481735	0.161960	2324	
0.536002	0.381744	1818	
-0.006280	0.944867	4790	
0.292699	0.666544	5886	
-0.162193	0.446617	2835	
-0.885578	0.433612	2058	
-0.350431	0.302004	912	
0.892678	0.090296	6138	
-0.696572	0.484838	4820	
-0.156906	0.173104	1655	
0.447277	-0.725607	6353	
-0.628646	0.080098	463	
-0.754598	0.402452	4112	
-0.918654	-0.220149	6089	
-0.478289	-0.812577	3777	
0.420550	0.352962	442	
-0.240620	0.153672	2992	
-0.535223	0.141454	1551	
0.105401	0.219805	6555	
0.521963	-0.594018	4035	
0.188724	0.443192	2020	
0.258342	0.521850	2426	
0.552504	0.228982	4652	
-0.395995	0.189471	4006	
0.348192	0.289124	3434	
-0.248418	0.209941	6450	
-0.200913	-0.699239	5904	
0.264198	0.131735	2525	
0.190483	0.777135	4452	
0.419327	0.172429	2430	
-0.646717	0.687406	3182	
0.065927	-0.705583	5606	
0.133725	0.262894	3102	
-0.235055	0.092946	1711	
-0.929596	0.328876	1824	
-0.403906	0.110274	1715	
0.595690	0.270091	2844	
-0.556765	-0.813899	2223	
-0.667646	0.667012	418	
0.726080	0.357256	4232	
-0.442197	0.833797	3110	
-0.070334	0.373380	587	
-0.816825	-0.365742	6001	
0.135200	-0.739182	6125	
-0.336206	0.491726	3728	
0.501124	-0.688270	619	
-0.612248	0.122286	1717	
-0.622011	0.373231	4156	
0.540015	-0.657587	1365	
-0.405138	0.750762	2256	
0.064135	0.893488	6816	
0.836357	-0.436331	1335	
-0.734393	0.107704	1297	
-0.192658	-0.701785	1846	
0.233229	0.245536	3402	
-0.011708	0.944847	4790	
-0.716624	0.613891	2466	
0.638710	0.225855	4464	
-0.652275	-0.739744	6495	
-0.861807	-0.026060	1568	
-0.332626	0.756580	2696	
-0.854354	0.256368	3796	
0.507778	0.168140	3486	
0.246911	0.141047	3239	
0.389135	-0.694304	5465	
0.491562	0.303331	738	
0.677212	0.420230	5430	
-0.574150	0.371477	2042	
-0.725571	0.158057	6931	
-0.159421	0.641099	6469	
0.494904	0.325792	2650	
-0.191193	0.925404	716	
0.161673	0.384667	2904	
0.531600	-0.521851	3811	
-0.106261	0.403471	2629	
-0.294865	0.348404	3132	
-0.357766	0.192411	3414	
-0.439846	0.317419	2052	
-0.558348	-0.598878	4129	
0.710642	-0.166419	5896	
0.154747	0.288861	4657	
0.232906	0.219137	2390	
0.193782	0.775683	5974	
-0.343715	0.547859	666	
0.757000	0.055996	1460	
0.078604	-0.941848	1441	
0.283154	0.527609	6718	
0.415197	0.205091	3946	
-0.730102	0.325169	3257	
0.809174	-0.563625	5279	
0.244982	0.352516	4866	
0.710455	-0.166972	5896	
0.117306	0.496515	2095	
-0.494464	-0.802869	1169	
-0.292777	0.186455	4582	
0.180349	0.326152	2558	
-0.334053	0.786330	2696	
0.354422	0.155588	2248	
-0.315635	0.406624	2168	
-0.780093	-0.437127	4647	
-0.307990	0.287701	2454	
-0.682688	0.574128	4738	
0.086009	0.850832	5308	
0.352934	0.357787	420	
-0.570742	0.404671	1066	
0.439303	0.120598	2246	
0.700994	-0.201290	1554	
-0.806379	0.265203	6187	
0.326178	0.363373	530	
-0.306549	0.105319	2342	
-0.212596	0.870864	5030	
0.814410	0.476208	938	
-0.335618	-0.881338	2153	
0.415921	-0.894267	423	
-0.962914	-0.214482	1809	
-0.249285	0.317389	3950	
0.358536	0.448483	3958	
0.595519	0.216039	4592	
-0.506666	-0.623588	4477	
-0.330702	-0.928983	5001	
-0.205665	-0.709634	5904	
-0.179263	0.484805	3366	
-0.074802	0.317520	667	
0.535173	0.275811	5680	
0.531326	0.126633	1868	
-0.419823	0.416708	4580	
-0.268215	0.854629	4774	
-0.692244	0.218258	2725	
-0.190501	0.149640	2729	
-0.162155	0.676698	4278	
-0.887622	-0.321910	407	
-0.323090	0.664769	864	
0.595434	0.528569	726	
0.374316	0.263093	5356	
0.817748	-0.007908	3403	
-0.610163	0.238563	3465	
-0.849484	-0.500948	2119	
-0.332196	0.476684	3728	
0.377803	0.103437	2672	
-0.356358	0.775901	4454	
0.660841	0.438364	4752	
-0.483880	-0.585635	4439	
-0.217092	0.869694	748	
-0.955703	-0.244488	4441	
-0.682742	0.574073	4738	
-0.101829	0.609261	2565	
-0.873398	0.355969	5324	
0.799941	-0.109733	875	
0.306506	-0.841230	5677	
-0.891941	-0.097405	5731	
-0.134244	0.419521	923	
-0.615355	0.770810	2394	
-0.427161	0.312301	3174	
0.098046	0.497357	1973	
0.796135	0.176171	2446	
0.832866	0.443585	6146	
-0.574850	0.458315	962	
0.292954	0.896409	502	
-0.263801	0.307054	1736	
-0.079301	0.424738	1733	
-0.751032	-0.406061	4707	
-0.139931	0.266016	3215	
-0.850316	-0.409611	6465	
-0.285236	-0.898905	501	
-0.515975	-0.600812	4477	
-0.769283	0.450494	5720	
0.632326	-0.385422	6695	
-0.747599	-0.103777	6375	
0.260783	0.630460	1212	
-0.814991	0.239378	1548	
-0.801313	-0.497787	4661	
-0.870153	0.200197	6894	
0.404799	-0.567106	2431	
-0.617927	0.194320	6221	
-0.829234	-0.534135	2851	
-0.186283	0.286805	3753	
0.352881	0.874565	2154	
0.735379	0.139284	6078	
-0.858784	0.241876	6674	
-0.082281	0.321330	3299	
0.297840	0.250569	4108	
0.177147	0.927076	4222	
0.251320	-0.859969	3011	
0.415465	-0.686326	5413	
-0.671541	0.587251	4086	
0.492408	0.115449	3120	
0.726553	0.391952	5432	
0.483268	0.165748	3374	
-0.123708	0.405552	427	
-0.104933	0.563066	499	
-0.893063	0.067390	6232	
0.669269	0.316568	1326	
-0.510595	0.321889	3880	
0.267492	0.509909	5746	
0.720801	-0.447708	4663	
0.635430	0.261546	4364	
-0.601175	0.417089	3596	
-0.570093	0.687346	3856	
-0.063967	0.426655	1023	
-0.490751	0.806027	940	
0.340320	0.070883	4644	
-0.389302	0.276026	2580	
0.381397	-0.634385	1843	
-0.268962	0.289152	3394	
-0.062688	0.588336	741	
-0.210704	0.256334	3849	
-0.281608	-0.900083	501	
-0.220070	0.868899	748	
-0.599798	0.531678	3992	
-0.223860	0.867878	748	
0.196220	0.687134	2471	
-0.552856	0.271562	1804	
0.567547	0.471543	5322	
-0.367330	0.815796	5500	
0.245680	0.241828	2424	
-0.697637	0.050672	4899	
-0.494179	-0.741928	6327	
-0.523785	0.198003	5711	
0.781521	-0.328275	3288	
-0.349867	0.536788	666	
-0.162143	0.267229	3619	
-0.143914	0.517781	2998	
-0.509839	0.325744	3154	
0.525818	0.254082	6604	
0.096797	-0.940209	3755	
-0.986116	-0.020769	6464	
-0.575088	-0.801014	4731	
0.454903	-0.720722	6907	
0.127357	0.623452	5535	
0.387271	0.391938	3600	
-0.509555	-0.532174	4049	
0.642536	-0.207384	5888	
-0.423746	0.489629	4012	
0.447081	0.061082	4272	
-0.148464	0.210697	1797	
0.319884	0.831732	6736	
-0.400705	0.273314	2202	
0.394113	-0.574452	2431	
-0.721644	0.523963	5880	
0.863187	-0.476762	3779	
0.482172	0.060028	898	
0.060336	-0.857274	3167	
-0.729058	0.598973	2466	
-0.817041	-0.256707	5159	
-0.556041	0.643843	1316	
0.583787	0.143950	3900	
0.360585	0.552411	2808	
-0.896291	0.411056	1916	
-0.646868	-0.686556	1017	
-0.944112	0.027551	704	
-0.517659	0.616021	5528	
0.430542	0.427569	6552	
0.267109	0.439008	2014	
0.260581	0.282460	3326	
-0.069190	0.678473	5543	
0.173204	0.708946	1845	
0.286496	0.181435	2116	
0.845608	-0.282998	4527	
0.704370	-0.547097	4569	
-0.419274	0.253931	2486	
0.565377	0.689779	4734	
-0.266290	0.751609	1560	
0.761563	-0.300227	2264	
0.407853	0.398713	4502	
-0.710213	-0.056440	5557	
-0.110423	0.531783	2841	
-0.666284	0.593268	4086	
-0.791682	-0.588336	2355	
0.447519	0.335952	2456	
0.580441	0.056767	5074	
-0.604120	0.325944	4230	
-0.790628	-0.514577	4661	
0.855207	-0.061570	731	
0.394753	-0.574022	2431	
0.303035	0.792409	3190	
0.587327	0.218201	612	
0.798317	-0.081723	533	
0.768507	0.378707	4708	
0.386310	0.432173	5418	
0.424307	0.061872	4032	
-0.186271	-0.829968	5299	
-0.896538	0.012074	2136	
0.441580	-0.674816	4699	
0.378381	0.103369	2672	
0.253314	0.331581	5450	
0.593707	0.665799	4818	
0.188584	0.271984	5548	
-0.691101	0.053244	4899	
0.318814	0.395583	5716	
-0.322517	0.233239	3520	
-0.782408	0.149461	3710	
0.600951	0.245210	1894	
-0.094415	0.349889	2077	
-0.447074	0.354194	3908	
-0.103129	0.939499	3756	
0.132937	0.722960	5982	
-0.298111	-0.939925	673	
-0.098778	0.229099	3563	
-0.469637	0.179443	3105	
-0.470514	0.250679	995	
0.212767	-0.963350	3395	
0.355557	0.065264	642	
0.137090	0.661040	4649	
0.398514	0.749132	4918	
-0.544023	0.430388	3356	
-0.786106	0.420050	6184	
-0.029337	-0.715494	5956	
-0.623720	-0.398417	2213	
-0.248722	-0.755778	5319	
-0.718568	-0.198207	1085	
-0.136999	0.847748	5532	
-0.462320	0.413999	3376	
-0.739639	-0.327355	2571	
-0.883114	-0.438713	919	
0.371187	0.067673	614	
-0.357460	0.160450	1196	
0.412482	0.524040	4540	
0.152834	-0.801905	2657	
-0.094712	0.940396	3090	
0.423898	0.783969	5288	
-0.243056	-0.857920	5123	
0.384698	0.197775	3716	
-0.565336	-0.555316	6579	
-0.374564	-0.912187	1857	
-0.345680	-0.821203	4897	
0.593715	0.732785	894	
-0.195931	-0.647078	4398	
-0.280498	0.136516	3659	
0.719967	0.528982	5264	
-0.721283	-0.527212	5263	
0.377685	0.806960	5608	
0.281049	0.800606	3092	
0.000603	-0.986563	3259	
-0.135056	0.228072	3683	
0.795273	-0.402283	5177	
0.769806	0.230029	544	
0.578544	-0.376892	2825	
-0.067466	0.615797	489	
-0.339307	0.385696	1622	
0.494131	0.312747	2302	
0.489283	0.694121	576	
0.288810	0.447797	2152	
-0.818137	0.550541	5916	
-0.411281	0.313292	2700	
0.401781	0.747401	4918	
0.071306	0.757172	6307	
-0.016644	-0.760936	1048	
-0.121639	0.937298	3756	
-0.684687	-0.283853	1225	
0.124338	0.387828	2129	
-0.843579	-0.510922	2119	
-0.148141	0.172550	1235	
-0.653297	0.159908	6775	
-0.259506	-0.681730	3955	
-0.006064	-0.699414	6140	
-0.667623	0.115584	3995	
0.638407	-0.560750	5435	
0.560418	-0.639831	1315	
0.160674	0.591223	4382	
0.837392	0.186524	6022	
0.917091	0.226345	6090	
-0.098379	0.853575	5444	
0.566108	0.487778	5322	
0.071934	0.444852	4849	
0.683344	-0.380650	4923	
0.743145	0.156752	5908	
0.169568	0.614530	687	
-0.310662	0.471344	1700	
-0.284420	0.351544	3132	
-0.891372	0.421535	1916	
0.344012	0.643986	4420	
-0.056750	0.895677	6534	
0.134508	0.846407	5220	
-0.032336	0.896740	724	
-0.857365	-0.057837	6789	
0.522027	-0.517420	803	
-0.869963	0.464296	2702	
-0.803953	-0.571478	3891	
0.091239	0.228618	775	
0.072502	-0.984031	1827	
-0.315604	0.414428	2502	
-0.215558	0.612938	1504	
-0.204936	0.210288	3467	
0.246826	0.781285	1546	
-0.508353	0.171583	4193	
-0.620974	-0.766095	827	
0.013454	-0.697737	488	
0.301465	0.146910	1242	
-0.223479	0.193910	3409	
0.489253	0.166516	3374	
-0.503471	0.389906	1286	
0.202375	0.179577	3237	
0.823613	0.350473	6002	
0.125501	0.283263	1889	
0.059510	0.942629	6936	
0.411969	0.518372	4772	
-0.311704	0.471851	1700	
0.411633	0.530670	4736	
-0.885408	-0.327902	407	
0.132628	-0.684893	2475	
0.443519	0.167746	3814	
-0.482099	0.502524	6692	
-0.461120	-0.722607	4119	
0.635595	0.626363	3332	
-0.558140	0.090481	5105	
-0.500141	0.740219	6572	
0.211729	0.866724	6574	
-0.879828	0.339894	5324	
0.115860	0.475933	6069	
0.187856	0.451501	2020	
-0.714163	-0.366470	4641	
0.070905	0.362150	3791	
-0.882856	-0.159247	3625	
-0.151344	0.419598	2235	
-0.179718	0.317343	3786	
0.203055	0.776434	6008	
0.046367	0.855725	484	
0.803796	-0.089417	533	
-0.115357	0.851275	5444	
0.551680	-0.487987	935	
0.109296	0.352356	985	
-0.745057	-0.350687	4855	
0.023066	0.716144	6325	
-0.430956	0.338883	3908	
0.683544	-0.091362	866	
-0.179593	0.501657	4466	
0.613896	-0.302316	4512	
0.785673	0.522111	4662	
-0.181140	-0.837603	6161	
0.413376	-0.613375	2009	
0.555460	0.581981	4928	
-0.525453	0.256119	717	
-0.340458	0.827676	5500	
0.932062	0.154893	3138	
0.536975	0.520326	4400	
0.437354	-0.742904	6353	
0.179098	0.346567	1644	
-0.867475	0.370162	4742	
-0.296310	0.523096	2156	
-0.353520	0.822030	5500	
0.845224	-0.120564	4273	
-0.894323	0.052796	5480	
0.295545	0.253331	4108	
0.772901	0.198679	544	
-0.360745	0.709101	4656	
-0.057585	-0.709139	5842	
0.676683	0.440376	4752	
-0.242002	0.462061	6046	
0.340324	0.255386	5390	
0.410118	0.173696	2682	
0.386163	0.126061	2934	
0.562811	0.334237	6922	
-0.055283	-0.825959	2289	
0.424366	0.252245	1172	
-0.895676	-0.053681	4241	
-0.252571	0.173819	4225	
-0.436021	0.837019	3110	
0.059636	0.751410	6853	
-0.426924	0.226021	699	
0.333423	0.411674	2420	
-0.446336	0.430272	3336	
-0.063005	0.455597	3571	
-0.348608	0.077886	887	
0.561283	0.061839	5062	
-0.856931	0.248010	5958	
0.423863	0.538881	4088	
0.721729	-0.138196	3922	
-0.663912	0.670759	3182	
-0.081302	0.277109	5883	
0.103124	0.589026	5033	
-0.699554	0.008081	6141	
-0.937882	-0.305549	1001	
0.316142	-0.619358	4713	
-0.336972	0.498977	6300	
0.068988	0.427072	3699	
0.545518	-0.707163	3617	
-0.686523	-0.646884	1227	
-0.690540	0.053683	4899	
0.568055	0.181429	4852	
-0.746941	-0.576072	795	
0.432810	-0.782140	3081	
-0.378204	0.765201	2256	
-0.465576	0.504339	6382	
-0.857323	0.246737	5958	
0.784928	0.162915	2234	
0.290798	0.114286	675	
-0.845050	0.121383	4274	
0.410194	-0.682041	5413	
-0.157597	0.516933	3428	
0.701987	0.269563	884	
-0.169283	-0.773728	4451	
0.383761	0.467662	4760	
-0.199654	0.874088	5030	
-0.245072	0.713946	740	
0.632694	0.246090	3692	
-0.718672	0.144870	3921	
-0.650890	0.425695	1264	
0.099130	-0.748748	5775	
0.217522	-0.711383	1191	
0.472898	0.358295	3194	
-0.267329	0.470150	1536	
-0.480062	0.196409	4877	
0.138755	-0.683198	2475	
-0.118145	0.456012	3014	
-0.068245	0.344785	1177	
-0.516963	-0.525271	2663	
0.519194	-0.614662	5527	
-0.240271	0.863254	3012	
-0.466919	0.761977	6442	
-0.391716	0.276877	2580	
0.467431	0.141768	1892	
-0.568627	0.091173	5923	
0.380245	0.365452	486	
0.069460	-0.777408	1313	
-0.645082	-0.555664	3197	
-0.099637	0.272787	1473	
-0.880426	-0.171702	817	
-0.679540	-0.155849	4313	
0.099794	0.848744	4418	
0.691579	0.267936	1250	
0.442779	-0.592111	2023	
-0.937663	-0.306261	1001	
-0.643028	0.094739	649	
0.756147	-0.263222	3364	
0.256177	0.679868	3956	
0.262215	0.431285	2014	
-0.810386	-0.275826	4637	
-0.227970	0.756902	2858	
0.201915	0.214440	6714	
0.763189	0.074581	1116	
0.628135	-0.261380	1706	
-0.060616	0.675653	5543	
-0.720533	0.141149	3921	
0.075517	-0.983797	1827	
-0.702092	0.171750	5895	
0.289518	0.734101	646	
0.548232	0.703372	4734	
-0.187631	-0.872795	6857	
-0.756253	-0.037406	1265	
0.581871	-0.554160	3245	
-0.454045	0.090729	1589	
-0.727713	0.123712	815	
0.692358	0.496883	4564	
0.290810	0.340388	2810	
-0.477826	0.078657	5583	
0.778749	-0.157795	3709	
0.373257	0.631996	5524	
0.882846	0.159269	3626	
0.686060	-0.387910	4923	
-0.114583	0.569684	1337	
0.237766	0.552164	1786	
-0.895123	-0.300718	5225	
0.481131	-0.636554	5515	
-0.041772	0.896422	6534	
-0.293837	0.091329	4405	
0.409907	0.285721	4064	
0.389682	0.210979	4556	
-0.225197	0.392949	3514	
-0.198331	0.798079	1694	
-0.620943	-0.400588	2213	
-0.857782	-0.051741	6789	
0.528355	0.210940	4604	
0.199147	0.763993	4360	
0.479007	0.117876	3120	
0.574338	0.682435	4132	
0.241972	0.752116	5922	
-0.097601	0.574746	3877	
-0.634442	0.755176	2394	
0.323747	-0.615586	4713	
-0.099949	-0.938991	6843	
0.394523	0.856459	548	
0.282670	0.183949	2116	
0.622696	-0.485833	2017	
-0.732023	0.509225	6390	
0.295370	0.309879	6062	
-0.699247	0.051916	4899	
-0.608591	0.315584	4824	
0.150695	0.527810	2497	
0.248262	0.431632	2090	
-0.258324	0.311338	1736	
0.062144	0.688657	3869	
-0.151493	0.420620	2235	
-0.583079	0.550829	3992	
0.302463	0.385073	5862	
-0.032664	0.858501	684	
-0.566409	-0.754045	4497	
0.772072	0.223365	544	
0.803338	-0.054097	1511	
0.335279	0.301404	3222	
0.135429	0.332338	2503	
-0.421001	-0.668383	1059	
0.609481	0.060253	5188	
0.370822	0.348001	570	
0.447474	0.097363	2922	
0.358202	0.269342	4238	
-0.471513	0.709624	6908	
-0.733793	0.593123	2466	
-0.576200	0.283155	3672	
-0.204463	0.125684	1101	
0.493445	0.292170	738	
0.617256	0.644238	6084	
0.233251	0.561503	1786	
-0.308131	0.228179	2328	
0.457445	0.275195	698	
-0.323869	-0.885696	2153	
-0.707083	0.624940	786	
0.445581	0.475545	680	
0.509237	0.478558	1764	
0.413624	0.544954	4736	
0.425247	0.369954	3172	
0.412286	0.345984	660	
-0.655210	0.442985	2362	
-0.944107	-0.032053	6319	
-0.781781	0.428140	6184	
0.563676	0.142474	3900	
-0.616166	-0.407725	1979	
0.616346	-0.508509	3231	
0.080687	0.304152	519	
-0.740627	-0.129022	6077	
-0.489112	0.747665	6798	
-0.556650	0.313592	3866	
0.330573	0.661506	3704	
0.312050	0.074749	922	
0.871163	-0.361436	5323	
0.809633	0.380960	4978	
-0.693651	0.222202	2725	
0.361460	0.447280	4624	
-0.660225	0.427759	2128	
0.599030	-0.603392	6631	
-0.160143	0.476886	1674	
0.524776	-0.669996	735	
-0.440734	0.729741	6354	
-0.058180	0.599675	5103	
-0.292792	0.304108	2110	
-0.607765	0.722160	3508	
0.840145	-0.146734	6073	
0.052857	0.943050	6936	
-0.200348	0.157716	6181	
0.358165	0.191685	2706	
0.545166	0.140674	1978	
-0.189078	0.553955	4597	
-0.187939	0.289361	3753	
0.632436	0.499746	5024	
-0.464251	0.352307	4640	
-0.611133	-0.773961	4689	
-0.838070	-0.520012	2119	
0.413844	0.384883	4216	
-0.504154	0.797748	940	
-0.341541	0.378764	1394	
0.569057	-0.566826	4013	
-0.908120	0.255280	5230	
0.598155	-0.562618	5317	
0.350428	-0.661624	4605	
-0.708779	-0.389801	5549	
-0.906357	-0.265642	5399	
-0.979317	-0.119771	1767	
-0.278138	0.278534	2274	
0.103314	0.402714	1493	
-0.941655	0.070404	3074	
-0.338773	0.549313	666	
-0.476311	0.142014	1917	
-0.438227	0.224129	871	
-0.503212	-0.847992	3831	
0.587731	0.462192	3822	
-0.899515	0.403959	4218	
0.089085	0.251142	6889	
-0.442015	0.833886	3110	
-0.749857	0.070109	6291	
-0.809555	0.484347	2066	
-0.515861	0.396407	1286	
-0.251760	-0.681809	2788	
0.696145	-0.206881	1480	
-0.271108	0.385979	6648	
0.765013	-0.041115	6835	
-0.755328	0.200454	4377	
-0.488656	0.439230	4602	
-0.423859	-0.842252	6117	
0.384286	0.861126	548	
0.552931	-0.646555	1315	
-0.074445	0.287279	3597	
0.656680	0.604772	6596	
0.504238	-0.609970	4039	
-0.726140	-0.667573	2477	
0.301815	-0.739410	1951	
0.241936	0.685262	2787	
-0.592289	-0.733957	893	
-0.272709	0.483044	1604	
0.437329	-0.677712	4699	
-0.857347	-0.487173	4905	
-0.068426	0.646031	1163	
0.564799	-0.566584	4013	
-0.684840	0.649295	414	
0.722426	-0.444906	4663	
0.784122	-0.090164	5855	
-0.596468	-0.522455	725	
-0.194454	0.162988	6157	
-0.631990	-0.383432	1371	
-0.161686	0.543809	3511	
-0.819022	-0.360852	6001	
-0.264964	0.588406	1746	
-0.437987	-0.657697	5979	
-0.320686	0.888132	1050	
-0.476147	0.366848	5468	
-0.981229	0.098006	6422	
0.051617	0.693116	4901	
0.310376	0.426679	1516	
0.592355	-0.610017	6143	
0.269256	0.080804	5304	
-0.410442	-0.896691	3591	
-0.663827	-0.207266	4499	
-0.490112	0.295484	976	
-0.384498	-0.861044	547	
0.574669	-0.459160	961	
-0.441455	0.834153	3110	
0.176974	0.243934	3726	
0.327953	0.327608	3550	
0.050310	0.697294	4901	
0.694297	0.392619	5460	
0.418036	-0.677319	5413	
-0.119275	0.320478	2939	
0.623904	-0.379254	4155	
-0.567751	0.689299	3856	
-0.217043	0.470703	6410	
-0.355131	0.073868	583	
0.704685	-0.690081	2451	
0.329961	0.711504	1668	
0.346695	-0.603383	2737	
-0.892022	-0.309782	407	
-0.527763	0.545209	2026	
-0.756170	-0.275776	3521	
-0.182268	0.793120	6004	
0.370630	0.867139	548	
-0.573524	0.213494	3897	
-0.279412	0.322618	2978	
0.267140	0.319868	5154	
0.300086	0.761555	3250	
-0.070283	0.374451	587	
-0.353650	0.425428	2674	
0.610253	0.593059	6458	
0.610050	0.593246	6458	
0.124023	-0.742350	6159	
0.368121	0.178891	2438	
-0.232504	0.600011	1898	
-0.338051	-0.608890	3803	
0.229699	0.321283	3516	
0.613547	0.176666	492	
-0.550089	-0.431030	2309	
-0.086135	0.449162	3019	
-0.875174	0.351660	5324	
-0.229263	0.343201	4170	
0.790086	-0.158360	3709	
0.580327	-0.451902	1019	
0.376361	0.807561	5608	
-0.243417	0.547079	2374	
-0.413745	0.792715	5026	
-0.940202	0.086361	5126	
-0.482340	0.105092	899	
-0.501327	-0.618166	4477	
-0.588042	0.199206	4691	
-0.362455	0.773068	4454	
-0.670128	0.588890	4086	
-0.445245	0.474301	5424	
0.505250	0.245092	890	
0.083381	-0.762859	5634	
-0.066399	0.456980	763	
-0.793961	-0.509429	4661	
0.602379	0.117611	6394	
-0.096024	-0.794956	695	
-0.141683	0.316473	5107	
-0.838512	0.152882	6074	
0.200278	0.585795	6614	
0.064670	0.853778	4458	
0.457770	-0.873396	6633	
0.184669	0.627902	885	
-0.474313	0.473388	5312	
-0.540043	0.419577	5936	
-0.844635	-0.421098	977	
0.612968	0.174642	492	
0.204591	0.868584	6906	
0.663149	-0.394180	2127	
-0.062123	0.481490	4401	
0.331392	0.780920	3114	
0.635590	0.136698	6822	
-0.539701	0.711649	3618	
-0.449070	-0.828984	6597	
-0.555147	0.381937	5766	
0.237787	-0.914258	869	
0.599041	0.313240	952	
0.394401	0.425151	5418	
0.218472	0.198675	5708	
-0.764717	0.366955	4798	
-0.006064	-0.699414	6140	
0.319731	0.341488	3452	
-0.326610	0.365238	1570	
0.585052	0.344730	2766	
0.192382	0.421076	950	
-0.697450	-0.697470	4861	
0.149145	0.502814	1353	
0.568906	-0.632248	5635	
-0.895069	-0.063289	4241	
-0.779809	-0.209457	543	
-0.566352	0.466158	932	
0.332596	-0.730385	1303	
0.818347	0.012405	4243	
-0.203513	0.196411	3265	
-0.782656	-0.343647	5461	
0.567164	-0.553159	3245	
0.430910	0.472354	5216	
-0.379158	-0.910297	1857	
-0.657776	0.310448	5658	
0.257466	0.603879	1664	
-0.305065	0.548559	2444	
0.525542	-0.527733	3811	
0.077541	0.632032	439	
-0.650205	0.173561	6775	
-0.729634	-0.515705	4807	
0.667503	-0.475670	4343	
-0.181864	0.840593	6132	
0.649580	0.110625	5084	
0.378092	0.420581	5418	
0.604793	0.268704	5038	
0.534772	0.137323	1868	
0.659465	-0.348391	5053	
0.258128	0.202241	1990	
-0.417560	-0.556372	5183	
-0.738042	0.500343	6390	
0.412710	-0.693544	5413	
0.159150	0.396138	3862	
0.241472	0.237292	2338	
-0.103028	0.671014	1132	
-0.840554	-0.429089	6145	
-0.070853	0.856380	5044	
-0.555859	0.389032	5766	
-0.232087	0.289059	5850	
0.485940	0.059906	898	
-0.942676	0.056539	3074	
0.361185	-0.785378	4993	
0.458820	0.445153	6346	
-0.612025	-0.430602	1979	
0.885048	-0.128022	5427	
0.438759	-0.778741	3081	
0.201565	0.698970	5903	
0.478134	0.060205	2562	
0.058753	0.854452	4458	
-0.383181	0.121678	3847	
0.624622	-0.576439	5435	
0.548994	0.365534	5846	
-0.393219	0.409187	3188	
-0.239381	0.631879	3676	
-0.812678	0.558578	5916	
0.477283	0.641504	3002	
0.573681	0.627497	5018	
0.449565	0.769618	4588	
-0.631351	0.630902	1202	
-0.043843	-0.713280	5956	
0.402618	0.255008	5808	
-0.884394	0.131871	5428	
-0.286426	0.551704	2012	
-0.722729	0.293722	825	
-0.574285	-0.552286	6579	
0.896783	0.020265	5434	
-0.242429	0.542332	2374	
0.157793	0.161486	3129	
-0.858208	-0.257841	2909	
-0.123014	0.306789	2939	
0.291163	0.455956	5504	
0.791043	-0.410577	5177	
-0.056589	0.640417	5175	
-0.242085	0.179221	3344	
0.260635	0.598593	2172	
0.470923	0.127612	3024	
0.435189	0.777809	4588	
-0.717834	-0.531847	5263	
0.270691	-0.735632	1625	
-0.141135	0.318816	5107	
-0.433559	0.734165	5646	
-0.455225	0.414942	3376	
0.221634	0.314097	3204	
-0.354352	0.326249	912	
-0.285613	0.231839	2920	
-0.814316	-0.476322	937	
-0.481936	0.089914	5583	
0.888398	0.319820	408	
0.287746	-0.763134	1563	
0.367871	0.064421	614	
0.756757	0.248616	1646	
-0.405394	0.294433	2496	
-0.052199	0.803996	4728	
-0.967585	-0.192373	1853	
-0.659136	0.535616	4518	
-0.803672	0.272969	6187	
0.551989	0.358968	5846	
-0.265644	0.813556	3554	
-0.790517	-0.192772	2445	
0.073513	0.316584	1613	
0.128272	0.181758	493	
-0.292465	-0.842025	3543	
-0.613928	0.206668	6221	
-0.305850	0.468069	1700	
-0.595273	-0.786177	4689	
0.580361	-0.447462	1019	
0.357029	0.332407	4534	
-0.137107	0.332141	3327	
0.582419	0.056718	4254	
0.065294	-0.942842	1441	
-0.234721	0.333483	6026	
-0.902544	0.397214	4218	
-0.178677	0.142046	2729	
0.849317	-0.097184	5201	
0.207305	0.759934	5200	
-0.361959	-0.870776	541	
-0.478094	0.462303	5312	
0.164432	-0.730039	6225	
-0.548602	0.234203	1901	
0.263194	0.689066	5814	
0.545001	0.140551	1978	
-0.450392	0.771941	3082	
0.087759	-0.753448	5775	
-0.696525	-0.282318	1225	
-0.544353	0.343154	5654	
-0.556206	0.240937	1901	
-0.494250	0.490188	6692	
-0.226018	-0.959859	1791	
0.781244	-0.237882	2728	
0.407340	0.122712	846	
-0.445378	0.091079	1589	
-0.214765	0.920071	3972	
-0.826409	0.201245	6386	
0.318369	0.446637	2008	
0.068054	0.477722	3717	
0.530786	-0.589026	4035	
0.218846	0.236995	1308	
-0.538323	0.118605	1841	
-0.753363	0.083611	6521	
-0.003798	0.896950	5672	
0.692392	-0.562309	4737	
0.736490	0.505978	968	
0.149731	0.465038	1388	
-0.345693	-0.923496	5567	
0.440941	0.664961	5980	
-0.570254	0.390907	1066	
0.615241	0.186709	1414	
-0.481216	-0.547291	4525	
-0.689069	0.062795	3739	
-0.006064	-0.699414	6140	
-0.929943	-0.167037	5665	
-0.319548	0.299664	2770	
0.242573	0.685067	2787	
0.353929	0.175131	2520	
-0.404664	0.108339	1715	
-0.446313	-0.722033	4635	
-0.111738	-0.979958	5133	
0.422207	0.416776	6552	
-0.060974	0.518753	4583	
-0.247732	0.699395	1110	
-0.769989	-0.221886	543	
-0.968177	0.186694	1728	
0.334942	0.109863	2272	
0.491496	0.140571	1100	
-0.107159	0.207469	4867	
-0.234709	0.263315	4506	
-0.873193	-0.358784	953	
-0.301145	0.368369	1262	
0.557852	-0.500146	935	
-0.362887	0.292703	782	
-0.106254	-0.790121	1091	
0.413143	-0.895571	423	
-0.986361	-0.006305	6464	
-0.336797	0.132217	4316	
0.282360	0.076360	6724	
0.627654	0.390313	1372	
0.219377	0.864659	6574	
-0.810191	0.254015	5934	
-0.565866	0.097877	5923	
-0.005407	0.815813	4164	
-0.311639	0.081087	4157	
0.445597	-0.535736	3655	
-0.702868	-0.628953	1227	
-0.019411	0.858661	684	
-0.733857	0.291593	825	
0.125244	0.381011	1847	
0.896343	0.039352	4358	
-0.045665	0.858063	532	
-0.866566	-0.229562	6065	
-0.983749	0.071417	3724	
-0.760838	0.464663	4796	
0.536155	0.712516	964	
-0.549088	0.208426	4913	
0.536122	0.088273	4030	
-0.781735	0.329401	3287	
-0.703987	0.547605	4570	
0.250189	0.421674	3918	
-0.451933	0.202106	4391	
0.637734	0.563967	3960	
0.940963	0.084594	608	
0.084029	0.940616	6918	
0.287768	0.746899	670	
-0.440099	-0.725772	4211	
-0.649536	-0.684063	1017	
0.853883	-0.064451	731	
0.584414	0.538332	726	
-0.222979	0.522812	6536	
0.342583	-0.748753	4953	
0.164832	0.877926	5824	
-0.405863	0.615443	1862	
-0.363550	0.318003	912	
-0.907260	0.258310	5230	
-0.674793	0.659753	414	
-0.082288	0.632530	6731	
-0.812863	0.365712	5127	
-0.259510	-0.773660	5319	
-0.472015	0.475785	5312	
-0.817050	0.091929	820	
-0.441631	0.265418	3038	
0.128338	0.188740	493	
0.046406	0.894949	6816	
-0.590017	0.355684	2042	
-0.551387	0.147849	1551	
0.685285	0.506365	4564	
0.788189	0.166931	2234	
-0.561600	0.694347	3856	
-0.788651	0.312717	3287	
-0.322937	0.437030	1754	
0.307031	0.471295	4668	
-0.162609	0.547022	3511	
-0.410949	0.424271	4482	
-0.747123	0.486523	2064	
0.585126	0.185551	1010	
0.254468	0.519792	5628	
-0.372423	0.222781	580	
0.802005	0.214114	640	
0.195275	0.712858	1845	
-0.243677	0.912698	870	
-0.262764	-0.807045	2181	
0.079258	0.296868	519	
-0.162308	0.931028	1856	
0.505586	0.446976	5812	
-0.782792	0.148768	3710	
0.390447	0.063347	942	
-0.566207	0.298286	3672	
0.134003	0.723957	5982	
-0.912085	0.374909	3334	
0.685664	0.647786	1228	
0.771862	0.366349	5462	
-0.209474	0.519425	6861	
-0.416051	0.312462	2700	
0.422846	0.455993	6814	
0.178184	-0.928013	1855	
0.125138	-0.686982	2475	
0.639905	-0.575548	4553	
0.451421	0.060913	4272	
-0.214715	0.397366	4264	
-0.712618	-0.048819	5557	
-0.021688	-0.986300	3259	
0.460707	0.763034	6830	
0.528723	0.058672	5196	
-0.509838	0.590425	3274	
0.327453	0.439948	2008	
-0.259740	0.301312	5864	
-0.099909	-0.939002	6843	
0.211440	0.444291	3144	
0.487864	-0.748501	6797	
-0.892992	0.303684	4514	
-0.444591	-0.772490	4587	
-0.601584	0.558905	5318	
-0.849055	-0.281783	4809	
0.304498	0.172821	1008	
0.362567	0.405098	3916	
0.387368	0.561683	5008	
-0.319759	-0.887178	1151	
-0.535352	0.157815	1551	
-0.984821	-0.054166	755	
0.496361	0.343763	5838	
-0.739199	0.652867	4046	
-0.827758	-0.452899	6145	
-0.656970	0.538318	4618	
-0.296842	0.130578	2731	
-0.857563	0.022779	5252	
-0.739069	-0.298693	2329	
-0.083002	0.752353	5776	
0.725477	0.455469	6170	
-0.767171	-0.548971	545	
-0.256885	0.210160	6502	
0.781617	0.434448	4648	
0.719093	-0.527475	5879	
0.535991	0.282460	2006	
0.132874	-0.977688	1781	
0.347337	0.385551	2226	
0.057449	0.700203	4901	
-0.718470	-0.267013	4769	
0.741322	-0.650452	4045	
-0.290004	0.407647	1158	
0.613476	0.416006	1980	
0.188203	0.348859	1644	
-0.101657	0.463789	1671	
0.371161	0.355757	486	
0.061051	-0.816538	4727	
0.731045	0.347491	4232	
0.304250	0.325865	3192	
0.092612	0.939774	6844	
-0.069209	0.582866	727	
0.431297	-0.681679	4699	
0.652228	0.164688	1528	
-0.942993	0.051064	3074	
0.386158	0.802970	5608	
0.426438	-0.601351	2009	
0.296613	0.197636	2576	
0.044129	0.943580	3538	
-0.608617	0.429081	972	
-0.408499	0.129157	3605	
0.763896	-0.285978	2264	
0.432823	0.501696	4746	
-0.719728	-0.202462	1085	
-0.322872	0.493091	2642	
0.749749	-0.482442	2063	
-0.528289	0.603948	5352	
-0.236452	0.864360	748	
0.423124	0.062058	4032	
-0.749811	-0.232078	1531	
-0.110955	0.673126	1132	
-0.753033	-0.637045	4749	
0.200732	0.555028	6244	
-0.330667	-0.716098	1667	
-0.409945	-0.561420	5183	
0.247379	0.437900	2090	
-0.550360	-0.647762	4717	
-0.308153	-0.936687	5001	
-0.970437	0.174571	1728	
-0.012771	0.944803	4790	
-0.817458	0.003633	4244	
-0.937651	-0.306326	1001	
0.196251	0.181160	3927	
-0.419864	-0.737482	4211	
-0.478898	0.103483	899	
-0.302279	0.842812	5678	
0.794019	0.035145	1476	
0.771653	-0.268470	1514	
0.278695	0.739031	574	
-0.380155	0.764181	2256	
0.484722	0.661736	3296	
-0.187419	0.876981	3930	
0.858371	-0.011603	1505	
-0.972957	-0.163263	3311	
-0.289330	0.417428	1032	
-0.857532	-0.260049	2909	
-0.041062	0.858259	532	
-0.084078	0.491229	2092	
-0.681982	0.505595	5088	
-0.732793	0.660095	4046	
0.420427	-0.617828	2009	
0.260987	0.852477	3844	
0.701280	0.244136	706	
0.153944	0.880187	6006	
0.797362	-0.165810	5019	
0.537057	0.355441	6868	
-0.417902	0.332253	2560	
-0.216138	-0.753656	5199	
-0.887461	0.113275	5428	
0.840096	-0.145667	6073	
-0.497973	0.615916	4678	
0.354179	0.817543	4898	
-0.153116	0.246251	3423	
0.812900	0.374120	4978	
0.038593	0.895448	6816	
-0.248383	0.819391	1180	
-0.479808	0.379352	5930	
-0.306548	-0.836861	4383	
0.649790	-0.611515	6445	
0.587475	0.462532	3822	
0.269676	0.421130	3358	
0.330336	0.378314	2002	
-0.355953	0.575774	1184	
-0.516609	0.728725	3650	
0.156398	0.163128	3129	
-0.837020	0.159426	6074	
-0.326124	0.122479	2536	
-0.176135	-0.719666	1456	
0.655435	-0.737036	2015	
0.871333	-0.195435	6893	
0.494178	0.690711	576	
-0.006064	-0.699414	6140	
-0.462102	0.242471	523	
-0.587084	0.093018	6347	
-0.851957	0.404834	5596	
-0.293151	-0.722175	549	
-0.051363	-0.985167	1707	
-0.206572	0.336279	6196	
0.466227	0.401020	5786	
-0.693056	0.295437	6609	
0.101297	0.211844	1999	
0.650100	-0.468729	2361	
-0.193953	0.395298	2684	
0.688240	-0.086179	866	
0.474424	0.409322	4826	
-0.886429	0.322417	5114	
0.156933	0.837184	6162	
-0.745547	-0.415707	5847	
-0.234728	0.570210	1950	
-0.169809	0.144427	3141	
-0.687792	0.567973	4738	
0.492930	0.691572	576	
-0.885160	0.127364	5428	
-0.730476	0.597235	2466	
-0.082848	0.520290	425	
0.529568	-0.523877	3811	
0.081445	0.280131	4869	
-0.457654	0.674073	5530	
0.602850	0.055886	4324	
-0.396585	0.510776	476	
0.284896	-0.758808	1951	
0.522436	0.114001	1932	
-0.136313	0.377957	2175	
0.755815	-0.472802	2063	
0.225431	0.098242	3390	
0.642281	-0.208382	5888	
0.149307	0.460650	1388	
0.208317	0.110991	4350	
0.368143	0.698297	4504	
-0.088597	0.801963	5556	
0.462571	0.424479	4826	
-0.124768	0.334038	2877	
-0.822097	0.344658	4879	
-0.267552	0.854850	4774	
0.597508	-0.519012	3231	
-0.217607	0.565194	459	
-0.910605	-0.250881	6089	
0.422466	0.384093	4216	
-0.139843	0.325291	5107	
-0.166581	0.786213	2970	
0.162644	0.524681	2497	
0.368844	0.182098	2438	
0.115191	0.320200	2251	
-0.654023	-0.350007	4725	
-0.513020	0.606370	5352	
0.425085	0.300803	406	
0.759980	0.010973	5700	
0.881723	0.337480	408	
0.044296	-0.830549	531	
0.621523	0.504567	5024	
0.806896	0.034723	3694	
0.033230	0.895760	6816	
-0.697161	0.050600	4899	
-0.050428	-0.807099	6031	
0.577625	0.679674	4132	
-0.305346	0.554141	2638	
0.149288	0.472114	1684	
0.210255	0.455161	2640	
0.334995	0.383338	2002	
-0.208718	0.435027	4919	
-0.562233	-0.473294	5321	
-0.224198	-0.702861	2848	
-0.385336	-0.634126	4997	
0.671517	-0.377823	6529	
-0.831555	0.445449	1336	
0.552009	0.646382	5336	
0.353047	0.510938	1490	
-0.681814	-0.651876	597	
0.201275	0.335238	2918	
0.305369	0.324779	3192	
-0.556342	0.239849	1901	
-0.861808	0.038834	392	
-0.335945	0.296937	3640	
-0.509627	-0.639647	4495	
0.626722	0.059710	4296	
-0.337790	0.125267	3730	
-0.357278	0.077306	583	
0.750536	0.101742	6376	
-0.919918	0.208750	5816	
-0.762598	0.371378	4798	
-0.128563	0.352174	3201	
0.736866	-0.108269	1298	
0.647789	0.188863	1908	
-0.567217	0.323209	5206	
-0.932377	0.146013	1270	
0.156185	0.471137	1684	
-0.676135	0.513521	5088	
-0.751943	0.230792	6245	
-0.156849	-0.879588	6005	
0.139878	0.556602	1963	
-0.131374	0.360223	2407	
-0.259133	0.090056	3411	
0.298937	-0.688122	1011	
-0.986317	0.010354	3776	
-0.672344	-0.179959	3963	
0.104810	0.387192	1493	
0.430587	0.697326	1408	
0.333452	0.411459	2420	
0.102155	0.938743	6844	
0.442986	0.234106	5994	
-0.874140	-0.356455	953	
0.146359	-0.681081	1801	
0.221262	0.820223	6242	
0.622159	0.469676	4626	
0.343992	0.742819	3220	
0.345080	0.387143	2676	
0.602100	-0.420125	3595	
-0.169129	0.453740	3405	
-0.477941	0.141384	1917	
-0.162572	0.542784	4281	
0.607922	-0.776691	2393	
-0.598859	-0.559396	6831	
0.338993	-0.656262	4943	
0.547769	0.649896	4718	
-0.940323	-0.091765	607	
-0.714712	0.033062	5965	
0.519559	0.156107	1636	
-0.500988	0.423859	1084	
0.163513	0.456102	496	
0.062463	-0.895309	671	
-0.392330	0.803796	4586	
-0.051969	-0.710974	5842	
0.686916	-0.388120	4923	
0.295941	0.581894	2326	
-0.807155	-0.073990	5581	
-0.700209	0.055139	4899	
-0.843376	0.129932	5060	
-0.265898	-0.771367	669	
-0.635799	0.357058	4410	
0.209545	0.207373	5708	
-0.377325	0.215082	4688	
-0.851729	0.264616	3796	
0.301314	0.323004	3192	
-0.640365	0.621600	1202	
0.223646	-0.711726	1191	
-0.242672	0.577219	1950	
0.848385	0.136322	5420	
-0.083926	-0.982862	6151	
-0.238919	0.574915	1950	
-0.378531	0.540090	528	
-0.834343	0.440194	1336	
-0.068613	0.339183	991	
0.740869	0.184117	2932	
-0.512771	0.108808	707	
-0.547350	0.425729	5936	
0.472793	0.575564	3294	
-0.617905	0.644261	6364	
0.115348	0.731509	1637	
0.435595	0.202930	4362	
-0.839134	-0.179126	6021	
-0.863426	0.044395	392	
0.185692	-0.725708	1447	
0.203357	0.114104	5853	
-0.318143	0.474514	1700	
-0.985528	0.041351	1710	
-0.758613	0.018019	1161	
0.202132	0.579207	606	
0.279741	0.155059	2983	
0.252166	-0.771806	1559	
0.346800	0.556090	1772	
-0.064294	0.518661	397	
0.755204	-0.179812	2980	
0.356300	0.726705	3220	
-0.399475	0.376464	2598	
0.175024	-0.767708	2969	
-0.103338	0.300151	2523	
-0.496334	0.382604	6420	
-0.518594	0.082225	537	
-0.254175	0.710638	740	
-0.751343	-0.087787	5759	
0.059639	0.747827	6853	
0.782109	-0.145089	1619	
-0.087643	0.760986	5633	
-0.114045	0.418024	479	
-0.388226	0.420896	3940	
-0.355724	0.709705	4656	
0.462352	0.201132	4702	
0.018700	-0.817845	5047	
0.481932	-0.556234	1895	
0.113036	0.197435	1259	
-0.222880	-0.863698	6573	
-0.006064	-0.699414	6140	
-0.107871	0.206728	4867	
0.301404	0.076106	1742	
-0.193903	0.163470	6157	
-0.367234	0.447904	4354	
0.281577	0.845808	3544	
0.186600	0.399985	1230	
-0.925964	0.180663	1350	
-0.859965	0.482576	3780	
-0.135709	0.935338	6544	
0.555708	-0.415630	5935	
-0.862221	0.230023	6674	
-0.853650	-0.097895	6017	
0.830011	-0.187883	6133	
-0.016945	-0.806254	993	
0.122915	0.291078	1889	
0.518245	0.614370	4730	
-0.010657	-0.858187	5517	
-0.319663	0.431855	2502	
0.502710	0.270203	880	
0.214937	0.097355	6476	
-0.170787	0.538809	4281	
0.669485	0.066704	6426	
-0.713054	0.618053	2466	
-0.459133	0.588707	2024	
-0.527183	0.260668	1015	
-0.483714	0.554706	1896	
0.505613	0.446985	5812	
-0.677780	0.264009	5494	
0.503825	0.059503	5642	
0.493166	0.559219	4526	
0.230655	-0.706351	739	
-0.037955	-0.856391	483	
0.675361	0.170095	4314	
0.638539	0.176395	1908	
0.122267	0.187888	493	
-0.517163	0.789451	3064	
0.453716	0.507653	4052	
-0.167456	0.243927	3429	
0.783397	0.431272	4648	
-0.943045	0.050272	3074	
-0.358519	0.645434	4606	
0.254812	0.361688	6540	
-0.290278	0.495991	1522	
0.235029	0.561893	1786	
0.672582	0.661451	618	
0.648725	0.054330	4262	
0.111500	0.846681	4418	
0.177998	0.582508	4858	
-0.893977	0.300866	4514	
0.507172	0.404473	1876	
-0.507802	0.112167	1585	
-0.666265	-0.453239	4575	
0.157493	0.339667	2859	
-0.434829	0.422976	4580	
-0.219092	-0.787237	6007	
-0.520941	-0.043616	4007	
-0.251494	0.910565	1374	
0.483281	0.377184	730	
-0.249101	0.087729	5473	
0.388330	-0.860325	4479	
0.273780	-0.778727	1563	
0.211583	-0.963602	3395	
-0.387608	0.806125	4586	
-0.975044	0.146884	6606	
-0.307049	0.468916	1700	
0.642142	0.505201	3318	
0.760127	-0.219139	5234	
0.794670	0.318210	5656	
-0.501539	-0.625873	4477	
-0.653413	0.320354	5054	
-0.296341	0.262752	2412	
0.074165	0.852594	5308	
0.067846	0.517406	3941	
-0.970800	0.172618	3988	
0.858661	0.025453	1567	
0.176059	0.271277	5548	
0.692807	0.264789	1250	
0.198394	0.218293	5580	
0.307383	0.606700	1698	
0.651582	0.547658	3198	
0.588293	0.335807	5404	
0.602781	0.465156	4626	
-0.777531	-0.276736	3521	
0.424401	0.611370	6640	
-0.167366	0.636561	6469	
-0.302261	0.301919	2454	
0.386913	-0.640086	1843	
0.228902	0.469935	5248	
-0.425277	-0.697064	1407	
-0.704480	-0.243062	705	
0.718337	-0.325067	6764	
0.720543	0.456507	6170	
-0.512938	0.842048	4938	
-0.269521	0.219788	5538	
-0.517944	0.675437	736	
-0.062123	-0.688422	3870	
0.236571	0.753831	5922	
0.486106	0.117546	3120	
0.073780	0.852626	5308	
0.427621	0.098775	5032	
0.440064	-0.778001	3081	
-0.292680	0.574133	2638	
-0.867701	-0.468386	6611	
0.380570	0.125083	2934	
0.532413	-0.506279	803	
0.635258	0.192043	1908	
-0.500084	0.539401	1912	
-0.315868	0.415508	2502	
-0.812600	-0.374772	4977	
-0.622247	0.105695	4675	
-0.138567	-0.660580	4650	
-0.165259	0.881731	734	
-0.268793	0.284056	3394	
-0.154676	0.729112	6226	
-0.325541	0.790063	3488	
-0.577499	0.118113	1497	
0.623720	0.492880	5024	
-0.656507	0.316977	5246	
-0.462160	-0.712165	471	
0.518000	0.369150	6916	
0.324906	0.283454	5350	
-0.766464	0.550206	2040	
0.147463	0.570380	2541	
0.248518	0.490416	5772	
-0.630280	0.493086	3234	
0.808713	0.002450	3403	
0.642946	-0.205709	5888	
0.567723	0.471325	5322	
0.770567	0.224967	544	
0.343885	-0.924525	1839	
-0.985068	-0.048946	755	
0.398519	0.642165	4998	
-0.219353	0.100654	3719	
-0.193626	0.875534	3930	
-0.767341	0.166098	3710	
-0.317394	-0.610481	2595	
-0.641801	-0.691299	5791	
-0.571581	0.123071	1557	
0.847257	-0.109391	4273	
0.736211	-0.130189	816	
0.695044	0.238997	706	
-0.250283	0.591323	1898	
0.779859	-0.603601	5179	
0.344835	0.065950	4644	
0.560093	0.320173	5370	
-0.196042	0.807686	1694	
-0.393515	0.179756	3176	
-0.828169	-0.452162	6145	
-0.448397	0.724900	6908	
-0.557672	-0.813260	2223	
-0.897472	-0.293809	5399	
-0.153361	0.801784	2658	
-0.813312	-0.267542	4637	
-0.473111	0.193178	4877	
0.340131	0.879607	2154	
-0.901867	-0.399139	6341	
-0.949388	0.265677	5070	
0.636666	0.625296	3332	
-0.137186	0.639318	5661	
-0.501036	0.423750	1084	
-0.097742	0.352698	2077	
0.357699	0.541748	1760	
0.202913	0.174423	3927	
-0.197258	0.782070	1694	
0.362339	0.417733	3156	
0.844396	-0.286511	4527	
-0.085453	0.477401	1872	
-0.162957	0.882176	734	
-0.652841	0.438926	2362	
-0.113340	0.627149	1231	
0.004827	0.896825	5672	
-0.325859	0.440528	1572	
-0.443150	0.291117	2122	
-0.938998	0.097626	2074	
-0.581656	0.073940	4971	
-0.211062	0.523862	6179	
0.348779	0.337277	4038	
-0.970533	0.174037	1728	
-0.555516	-0.762077	6787	
-0.449183	0.292916	2406	
-0.658565	0.601940	4554	
0.322795	0.332230	3134	
-0.578549	0.745790	2300	
-0.542684	0.772267	3064	
-0.214465	0.435674	6842	
0.654122	0.345584	4726	
-0.312567	0.891094	1050	
-0.817485	0.551518	5916	
0.444555	0.229752	5994	
0.444230	0.305517	406	
-0.362071	-0.917210	1857	
-0.349185	0.450239	2442	
-0.096252	-0.680641	452	
0.812811	-0.246050	5933	
-0.136257	0.631086	6264	
0.042323	0.763817	5840	
0.314942	0.581597	2034	
-0.306493	0.666345	3048	
-0.747346	0.575965	1120	
0.375702	0.627727	5524	
-0.798647	-0.306198	5655	
-0.327506	0.715751	1118	
0.176191	0.558574	4003	
-0.623616	0.173185	5911	
0.304350	0.069228	1742	
0.575640	0.175010	1010	
0.282386	0.800138	3092	
0.259254	0.283633	3326	
0.585469	0.673003	4818	
-0.108963	0.374132	2391	
-0.361150	-0.700316	4503	
0.174755	-0.796552	6003	
0.353563	-0.599544	1175	
-0.549316	0.105851	2133	
0.509965	0.218110	3968	
0.603852	0.119884	6394	
0.439783	0.328182	2084	
-0.224942	0.708597	1192	
-0.245558	0.088901	5473	
-0.414316	0.676157	5414	
-0.944502	0.013312	1362	
-0.348015	0.389606	1622	
-0.218028	0.504185	6380	
-0.014653	0.771186	5545	
0.701260	0.401940	5460	
-0.568702	0.222877	3897	
-0.394392	0.802756	4586	
0.403266	0.410240	5592	
-0.593420	-0.609449	5237	
0.666640	-0.430891	3115	
0.343444	-0.879476	1139	
-0.654892	-0.438309	4751	
0.405506	0.489709	4962	
0.476356	0.510495	6082	
-0.773965	0.539637	4566	
-0.082999	0.675314	891	
0.072197	0.512115	5743	
0.379595	-0.693301	5589	
-0.377402	0.155153	5192	
0.367121	0.185217	2886	
0.544553	0.591959	4928	
-0.518210	0.173013	3765	
0.261784	0.498769	5746	
0.154904	0.503627	1353	
0.062404	0.689703	3869	
0.037926	-0.944232	1035	
0.145908	0.384702	2488	
-0.556163	0.762658	2586	
-0.400429	0.854693	844	
0.163293	0.402179	3862	
0.229058	0.629955	1702	
-0.680161	-0.153593	4313	
0.062357	0.689538	3869	
0.343727	0.065925	4644	
-0.937366	0.111618	2648	
0.222072	-0.797179	1107	
0.473872	0.427791	2400	
-0.461690	0.486054	6382	
-0.632405	0.076596	5437	
-0.172173	-0.652344	6514	
0.661072	0.455615	4576	
-0.986271	0.015036	3776	
-0.368721	0.815160	5500	
-0.873279	0.187237	6894	
0.287802	0.430560	2046	
0.693450	-0.051493	4900	
0.577813	0.287409	2196	
0.529419	0.119200	1806	
-0.201498	-0.699030	5904	
-0.574130	0.345462	2042	
0.608634	0.158709	4762	
-0.592972	-0.787893	4689	
-0.288335	-0.942962	673	
0.521917	0.189672	4468	
0.102063	0.416109	4438	
-0.080809	0.598235	727	
0.479356	0.639349	3002	
-0.894890	0.044897	522	
-0.380366	0.209256	4608	
-0.929214	0.164118	750	
0.357937	0.354519	420	
-0.339599	0.880981	1140	
-0.060709	0.895424	6534	
-0.193788	0.223521	3749	
-0.529102	0.719621	3650	
-0.821621	-0.242734	2101	
-0.759094	-0.248812	2067	
0.565001	0.142543	3900	
-0.165594	0.600609	4779	
-0.900572	0.280516	6106	
-0.279967	0.383395	6456	
0.527118	0.165313	2296	
-0.256047	0.707245	740	
0.109285	0.617716	1449	
-0.942862	0.053712	3074	
0.294544	0.365397	1332	
-0.475112	0.815369	1070	
0.425173	0.365741	3172	
0.295056	-0.802657	2185	
-0.923266	-0.200282	5753	
0.572385	0.551924	6580	
-0.422114	-0.602561	6639	
0.325546	0.254477	5236	
-0.429761	0.385770	4492	
0.143265	0.933128	5694	
-0.136299	0.177856	721	
-0.340305	0.573027	1184	
0.678393	0.074469	5496	
0.227552	-0.866858	747	
-0.805462	-0.101267	5667	
-0.855913	0.044880	392	
0.616846	0.059816	5188	
-0.531996	0.211648	5065	
0.172858	0.146005	1245	
0.206008	0.759813	5200	
0.680936	0.577931	5342	
-0.549049	0.704406	3618	
-0.856638	0.488484	3780	
0.194108	0.325200	2558	
-0.032416	-0.985986	1703	
0.169434	0.251842	5010	
-0.940648	-0.088214	607	
0.037634	-0.693061	488	
-0.119218	-0.845227	4417	
-0.586813	0.673016	4682	
-0.694521	-0.561627	5341	
0.238318	0.912790	4332	
0.652039	0.242044	4464	
0.260584	0.389864	5338	
-0.895300	0.038813	522	
-0.140432	-0.732637	5981	
-0.244658	0.792276	5502	
-0.939705	0.298617	5326	
0.448541	0.661422	5980	
0.603306	0.533560	840	
0.036089	-0.830839	5047	
-0.413268	-0.673425	1059	
-0.431510	0.782892	3082	
0.158423	0.470131	2062	
-0.702947	-0.375307	5549	
0.167766	0.142824	1245	
-0.872251	0.191621	6894	
-0.290402	0.228162	2920	
-0.847703	0.276869	3796	
-0.886690	0.321679	5114	
-0.732573	-0.189625	2931	
-0.458872	0.161557	2123	
0.493479	0.338453	3698	
-0.911107	-0.249016	6089	
0.646564	0.347941	4726	
-0.370776	0.426911	3162	
0.138491	0.171956	1575	
