time = 379.95	Re = 90
-0.872132	0.182356	4898	
-0.221372	0.148122	6235	
-0.785832	-0.523162	1140	
0.401936	0.695172	3231	
-0.513306	0.611665	5550	
-0.175659	-0.555430	998	
0.691200	-0.270322	6485	
-0.571260	0.550300	4630	
-0.108712	-0.569101	6371	
-0.427993	-0.598132	1912	
0.501513	0.553372	2023	
-0.434896	-0.295102	5696	
0.550050	0.506725	1843	
-0.591450	-0.527647	5466	
-0.222508	0.377976	2240	
0.255148	0.853964	5177	
0.728231	0.600337	3109	
-0.685704	-0.648370	940	
-0.242926	-0.365555	2770	
-0.546200	-0.430386	4714	
-0.295516	0.548923	1478	
-0.442509	-0.428509	6208	
-0.294150	-0.391351	1112	
-0.099835	-0.589626	5463	
0.055356	-0.892795	5428	
-0.279457	-0.350359	3132	
-0.216674	-0.142297	3563	
-0.686781	-0.507221	4454	
-0.132346	0.332957	4644	
0.927058	-0.172981	2153	
-0.241758	0.296479	2318	
-0.651666	0.611219	4808	
0.390880	-0.706139	2067	
0.704272	0.134358	3642	
-0.192456	0.213212	3239	
-0.436489	0.672273	2330	
0.603790	-0.725082	6145	
-0.944596	0.283085	2108	
-0.462311	-0.496924	528	
-0.247158	-0.437016	1258	
-0.329457	0.435110	5928	
-0.986246	0.000523	4388	
-0.418198	-0.147216	1053	
-0.253881	0.197281	1426	
-0.194500	-0.346442	2412	
-0.344273	0.139262	2602	
0.505896	0.625741	5527	
-0.448390	-0.174934	1671	
0.873272	0.361027	715	
-0.267952	0.263758	3574	
0.764575	0.288142	2697	
-0.418580	0.041970	2129	
-0.577047	-0.044089	5027	
0.807167	-0.261959	4917	
0.828552	-0.182061	3113	
-0.593733	-0.610389	4788	
-0.506040	-0.846535	4046	
-0.373747	0.535470	5038	
-0.350878	0.749844	640	
-0.535399	0.203727	2612	
-0.186839	0.115965	2907	
0.704308	0.551117	4585	
-0.966043	0.197888	1858	
0.756165	-0.316980	633	
-0.395868	-0.470861	1026	
-0.614464	0.221561	1772	
-0.020015	-0.390906	5761	
-0.535609	-0.183736	2159	
-0.919470	-0.357805	1878	
-0.350753	-0.364003	1032	
-0.099652	-0.721363	3909	
-0.178285	0.586412	6050	
0.233547	0.765553	3823	
0.926176	-0.177737	2153	
0.700169	0.556280	5025	
0.089286	-0.707653	4899	
0.724675	-0.139411	5813	
0.803509	-0.014259	4451	
-0.687689	-0.707001	2906	
-0.287802	-0.569414	1286	
-0.421175	-0.510547	4012	
0.677153	-0.515984	3959	
-0.491825	-0.213738	6261	
-0.815329	0.057425	6008	
-0.591772	-0.363827	4426	
0.681659	0.025603	3230	
-0.757527	-0.092696	6360	
-0.149675	-0.439838	504	
-0.605479	0.206328	1106	
0.281356	-0.901944	607	
-0.153685	-0.315626	6256	
-0.417336	0.695973	3522	
-0.218395	0.068772	1259	
0.265148	-0.857163	6137	
0.230470	-0.663800	5169	
-0.552799	0.032106	1275	
-0.252585	0.446378	2324	
-0.492321	-0.854557	4046	
-0.565672	-0.232347	2217	
-0.146390	-0.244623	3409	
-0.456678	0.363486	6560	
-0.419793	0.306480	486	
-0.852099	-0.025504	5220	
-0.357010	-0.319719	396	
-0.552378	0.608856	5706	
0.525490	-0.724296	4977	
-0.280286	-0.200474	5779	
0.289817	0.797352	4663	
-0.774215	-0.239194	5648	
0.520557	-0.727949	6919	
-0.032750	-0.942730	5816	
-0.834330	-0.329712	734	
0.721834	-0.314682	5669	
-0.542434	-0.263273	4571	
-0.297671	0.019026	647	
0.663203	-0.598566	5263	
0.229041	0.752186	4923	
0.086368	-0.750584	5875	
-0.056555	-0.890615	6674	
-0.256872	-0.200024	3611	
-0.282634	0.377696	4362	
-0.641212	-0.272764	2476	
-0.289124	-0.763136	4026	
-0.199918	-0.152781	4835	
-0.546643	-0.038799	4069	
-0.719938	0.099068	2787	
-0.309675	0.377545	1422	
-0.967532	0.190420	1858	
-0.210138	-0.963433	4218	
0.242893	-0.781655	5667	
0.497466	-0.802456	407	
0.621048	-0.642667	387	
0.257329	0.763298	3823	
-0.348121	0.253915	4020	
0.771413	-0.447977	4817	
-0.111238	-0.597026	4777	
0.188677	-0.876881	5433	
-0.136681	0.339428	614	
0.069106	-0.852072	5202	
-0.242201	-0.352469	2512	
-0.336105	0.738453	2446	
-0.180668	-0.707143	5658	
-0.811541	0.247832	4918	
-0.462711	0.236442	1342	
0.432157	-0.601389	1325	
-0.556167	0.647482	5848	
0.776136	-0.140846	645	
-0.744027	-0.165092	5545	
-0.231134	-0.373057	2770	
-0.578835	-0.798562	2016	
-0.624757	0.122902	1822	
-0.248019	0.158295	6714	
0.041653	-0.942866	1270	
0.527936	-0.782559	6895	
-0.006573	-0.440884	5163	
-0.348370	0.582883	4464	
-0.273402	-0.398702	2380	
0.681943	-0.405436	5143	
0.816643	-0.230095	5421	
-0.345192	-0.477619	4574	
-0.761858	0.273632	774	
0.053623	-0.744673	5817	
-0.795382	0.180290	5368	
0.499628	0.485206	1713	
-0.366659	-0.401609	1754	
0.062972	-0.892497	5722	
-0.721469	-0.672054	2142	
-0.387877	0.078970	2149	
-0.048530	-0.310983	2982	
-0.721165	0.450709	5238	
-0.554882	-0.604106	5516	
-0.753983	-0.405535	4246	
0.037071	-0.651228	5409	
-0.101258	-0.718464	3909	
0.616761	-0.402245	4049	
0.561365	0.479488	1669	
-0.428912	-0.609328	2026	
-0.568971	0.315147	5330	
-0.365703	0.775581	1496	
0.400330	-0.855581	6089	
0.879345	0.346083	1855	
-0.147354	-0.168687	721	
0.784950	0.161611	4191	
-0.125443	0.252674	6690	
-0.984640	-0.054435	2030	
-0.357384	-0.464002	4908	
-0.301560	-0.893829	1234	
0.202950	0.774114	6091	
-0.594242	0.566506	4576	
-0.332863	0.142637	2680	
-0.196240	-0.338727	2146	
-0.332524	-0.138552	989	
-0.328673	-0.188313	2103	
0.543160	0.823278	2451	
-0.068128	-0.787658	5233	
-0.510221	0.133153	5248	
-0.307738	-0.253622	2260	
-0.074632	-0.309701	3371	
-0.208745	0.239875	3470	
-0.055291	-0.671279	6793	
0.080887	0.787589	6246	
-0.464487	0.591717	4726	
-0.367997	-0.209407	1691	
0.821810	0.465319	1049	
0.265460	0.744861	2127	
0.872507	0.209762	723	
-0.274640	0.519032	4852	
-0.927881	-0.335440	1782	
-0.251967	0.566948	4196	
-0.462305	0.049068	3952	
-0.562449	0.477875	5622	
-0.338081	0.788625	6022	
-0.399434	-0.901611	5280	
-0.576429	-0.800313	2016	
-0.270751	0.785128	5520	
-0.283211	0.113383	5010	
-0.348411	-0.590683	4710	
0.291830	-0.632679	4313	
0.784183	-0.117412	669	
-0.139856	0.385126	1156	
-0.057805	-0.457034	6733	
-0.117789	-0.448670	754	
-0.539278	-0.617482	5516	
0.774655	0.262616	4935	
-0.172736	0.306573	2272	
-0.357819	-0.918930	2158	
-0.936369	0.112204	502	
-0.136242	0.328500	4644	
0.053826	0.890822	6673	
0.277929	-0.697798	6077	
-0.342560	0.416566	1076	
0.707849	0.088648	4902	
-0.529072	0.232778	1098	
-0.203360	-0.470597	2496	
-0.449577	0.088016	910	
-0.938043	0.303970	2108	
-0.796568	-0.141620	994	
0.772344	0.453111	4975	
0.576352	-0.476004	5321	
0.244092	-0.656703	1533	
-0.450325	-0.829179	2466	
-0.607813	0.064448	4858	
0.612912	0.542411	5115	
-0.252694	-0.454213	1484	
-0.447577	0.238093	2002	
-0.311933	-0.726009	2362	
-0.270239	-0.849401	6184	
0.505390	-0.797420	407	
0.397060	-0.759169	2101	
-0.147982	0.404117	1640	
-0.661771	0.458273	6438	
-0.941225	-0.075778	6844	
0.730467	-0.007226	850	
-0.409405	0.089525	3272	
-0.201435	-0.758060	6701	
-0.050370	-0.605495	3839	
-0.287427	-0.592437	1286	
0.706146	0.122948	4448	
-0.742000	0.414646	4718	
-0.764203	-0.623164	6706	
-0.867395	0.369895	6902	
-0.714855	0.108208	2787	
-0.418550	-0.150842	3571	
0.233959	0.859972	5177	
-0.628610	-0.181688	5375	
-0.630329	-0.182129	5375	
-0.208390	-0.919829	5596	
0.680011	0.020691	3230	
-0.512956	0.425548	2354	
-0.469500	0.046697	1556	
-0.129198	-0.192932	1655	
0.515903	0.840607	4045	
0.666589	-0.529780	3197	
-0.403092	0.231133	3030	
-0.584122	-0.619552	4788	
-0.206195	0.792587	4896	
-0.252169	-0.635124	2042	
-0.098285	-0.468440	4208	
0.064999	0.723546	1480	
-0.687599	-0.072187	3869	
-0.133684	0.216308	3976	
-0.505247	0.472596	1812	
-0.443516	0.512882	5404	
-0.449847	0.674063	3392	
-0.198023	0.652452	5496	
-0.441046	0.530343	658	
0.584923	-0.676341	4647	
-0.735400	0.008371	829	
-0.337126	0.571861	4078	
0.771978	-0.183849	1369	
-0.826663	0.190460	3114	
-0.404300	-0.795016	4570	
0.155310	-0.801648	4244	
0.015492	-0.459579	6191	
-0.673036	-0.721005	3920	
-0.245813	0.440622	2324	
-0.626989	0.479898	726	
-0.237408	-0.245631	3753	
0.394737	-0.640336	883	
0.785454	0.344905	6131	
-0.033274	-0.348963	5277	
-0.468222	-0.454972	666	
-0.174988	-0.308002	5538	
-0.264787	0.217933	1726	
0.716101	-0.401873	4729	
-0.272889	-0.462104	2238	
-0.727033	-0.449942	2186	
-0.517412	-0.270841	4715	
-0.575146	0.208847	1766	
-0.313444	0.451977	3968	
0.271225	-0.726842	4853	
-0.325704	0.762051	3854	
-0.745479	0.408242	4718	
0.299535	-0.628628	4815	
-0.313255	-0.181146	1959	
-0.106191	-0.480660	4391	
-0.689775	0.243331	5524	
-0.133781	0.344363	614	
0.598980	-0.430099	3211	
-0.376331	-0.199689	557	
0.465637	0.640212	4035	
-0.439830	0.664610	2330	
-0.831149	-0.531216	1840	
0.360085	0.815799	6389	
-0.748477	-0.121201	5361	
0.709209	-0.165628	4873	
0.663775	0.598404	5983	
-0.868461	-0.372283	3972	
-0.156545	-0.521261	4143	
-0.589172	0.184492	1282	
0.596054	0.665165	3617	
-0.368574	-0.634853	936	
0.337496	0.778708	4819	
-0.512385	-0.217220	591	
-0.849040	-0.120025	484	
0.872223	0.363533	715	
-0.395688	-0.751478	4518	
-0.511030	0.180903	3252	
0.551895	0.573015	5353	
0.072883	-0.692175	3739	
0.745640	-0.254918	773	
0.672136	0.213733	5704	
-0.729532	-0.208029	1089	
-0.310002	-0.689330	972	
-0.199982	0.183759	3157	
-0.337181	0.536859	612	
-0.886704	-0.130012	6816	
0.620216	-0.710935	5439	
0.239187	0.753900	4923	
-0.661480	-0.731617	3920	
-0.449282	0.878193	4116	
0.305366	-0.894186	3137	
-0.434814	-0.730155	5436	
-0.550086	0.403124	1764	
-0.198846	0.353273	2934	
-0.305170	-0.892625	2066	
0.738493	0.211904	1090	
-0.453823	0.012651	5218	
0.310252	-0.841844	6063	
-0.342207	-0.737433	4550	
-0.348981	0.316142	4248	
-0.212404	-0.918934	5596	
-0.179213	0.396817	5032	
-0.481971	0.198111	2046	
-0.423615	0.068740	2986	
-0.540012	0.249704	982	
-0.893664	-0.307589	3756	
0.753884	-0.272426	773	
-0.253082	-0.431778	1028	
0.642604	-0.378256	4525	
-0.072300	-0.940566	6744	
-0.108195	-0.556751	5065	
-0.592261	-0.220478	5851	
-0.215109	0.962589	6463	
-0.733856	-0.360472	1108	
-0.157877	0.494882	5642	
-0.730268	-0.231520	5633	
0.364589	0.916257	2157	
0.941964	-0.052144	4331	
0.001267	0.733786	3922	
0.774409	0.237222	5647	
-0.484250	0.486610	1812	
-0.623478	-0.257434	1623	
0.083840	0.783215	6246	
-0.148730	-0.503049	523	
-0.280377	0.236583	2746	
-0.242185	0.296615	2318	
-0.156088	0.484274	5642	
-0.005925	-0.943353	6266	
-0.428292	-0.477621	476	
-0.622069	-0.402057	1012	
-0.798659	0.069962	5200	
-0.695082	-0.304695	6406	
-0.142086	0.399314	4032	
0.282535	-0.901574	607	
-0.465691	0.176339	3358	
0.073477	-0.685151	3739	
-0.310929	0.202669	3326	
0.539820	0.711207	5231	
0.626027	-0.484540	725	
0.193410	-0.734476	6087	
-0.843229	-0.306978	6804	
-0.495476	0.455919	1818	
-0.741417	-0.373155	1694	
-0.575634	0.198273	3638	
-0.079912	0.851612	731	
0.545499	0.578597	5353	
-0.040701	-0.530509	1093	
0.151260	0.834915	3288	
-0.101223	-0.356317	4628	
0.592877	0.441458	863	
0.248186	0.761158	3823	
0.507406	-0.551057	1371	
0.649060	-0.345466	3293	
0.230616	0.766474	3823	
-0.221552	0.316386	2248	
-0.150737	-0.804571	2263	
-0.040461	-0.581728	2973	
-0.641496	-0.050131	5663	
0.851829	-0.262096	5287	
0.672643	-0.071592	4398	
-0.316370	-0.726369	2362	
-0.701167	-0.388271	1560	
-0.635317	0.628372	968	
-0.361128	0.230039	6062	
-0.891947	-0.312580	6544	
0.865131	-0.212964	5607	
-0.342691	-0.574902	4602	
-0.134384	-0.650206	6019	
-0.447471	-0.350677	2088	
-0.188648	-0.448296	2202	
-0.425841	0.742618	4638	
-0.502235	0.288015	5488	
0.299453	0.894572	1233	
0.788961	-0.517101	617	
0.693148	0.308156	6405	
-0.270410	0.785259	5520	
-0.598812	-0.662705	3650	
-0.925158	0.341169	3832	
-0.631039	0.256616	3762	
-0.402578	-0.199497	3145	
-0.060363	0.797687	533	
-0.427040	0.143741	2782	
0.434268	0.779186	4085	
-0.198989	0.356176	2934	
-0.495659	0.287996	5418	
0.808646	-0.127827	3249	
-0.470815	-0.240333	2704	
-0.479264	-0.413339	4548	
-0.473242	-0.319047	6536	
-0.543576	-0.498994	1844	
0.618144	0.407655	1011	
-0.977999	0.126025	5002	
-0.309733	-0.131772	629	
-0.942435	0.044824	4332	
-0.147209	0.407828	1640	
-0.609044	-0.204704	6731	
-0.419281	0.148536	2782	
-0.580585	0.093087	6244	
-0.085801	-0.939408	6106	
0.289965	0.942500	2701	
-0.227150	-0.574778	3880	
-0.366654	-0.367233	1064	
0.356112	0.919593	2157	
0.635620	0.568168	5645	
-0.127547	-0.789086	825	
-0.324091	0.011054	1613	
-0.084386	-0.255403	2717	
0.931665	0.156515	3537	
-0.900751	-0.402408	2004	
0.781226	-0.113008	573	
-0.586564	0.447251	1280	
0.798575	-0.502089	1017	
-0.066262	-0.224722	2925	
-0.287836	-0.347678	3132	
-0.014490	-0.374245	583	
-0.237630	-0.129139	6365	
-0.346957	-0.774645	4820	
0.784210	-0.325455	471	
0.692320	0.309620	6405	
0.495793	-0.548357	1371	
0.803842	-0.154244	5367	
-0.282638	-0.900018	1336	
-0.302530	0.017606	519	
-0.712176	0.199739	3704	
-0.329345	-0.550858	3978	
-0.113493	-0.936384	6106	
-0.356792	0.822823	552	
-0.854114	-0.403754	3972	
0.348298	0.922583	2157	
-0.295745	0.688259	6202	
-0.075071	-0.308969	3371	
-0.433300	0.784162	4810	
-0.136991	-0.344460	2440	
-0.265557	0.233354	2518	
-0.429486	-0.441606	6300	
-0.221260	0.065423	1259	
0.675408	-0.003616	5022	
-0.644824	0.023837	693	
-0.344245	-0.319500	410	
-0.483147	0.632221	4642	
-0.335669	-0.578497	4474	
-0.815907	-0.475425	1050	
-0.717944	-0.366485	1108	
-0.604961	0.044955	3070	
-0.646051	-0.042181	5663	
0.032280	0.726775	5896	
-0.437632	-0.465913	6678	
-0.255047	-0.339477	2336	
-0.247205	-0.542779	4640	
-0.497139	-0.322271	459	
-0.977197	-0.135042	1708	
-0.240952	-0.244406	3753	
0.106310	-0.749025	5379	
-0.753301	-0.568589	844	
-0.540206	-0.401711	4184	
-0.589213	0.299013	4772	
-0.660705	-0.601749	6442	
-0.967894	0.188555	1858	
-0.230709	0.867123	4242	
0.304769	0.837787	4795	
0.929222	-0.161060	2153	
0.780178	-0.120079	573	
-0.710083	0.468713	5238	
0.572601	0.685305	3855	
0.689351	0.644478	939	
0.295751	-0.688310	6201	
-0.199365	-0.577043	2948	
0.548326	0.650786	1365	
-0.414879	0.894997	1810	
0.747468	0.180944	1295	
-0.446949	0.729546	4844	
-0.131285	-0.486688	4209	
-0.601487	0.011913	1779	
-0.283603	0.154002	1330	
-0.741271	-0.650188	6616	
0.891361	0.082366	4443	
-0.376760	0.230619	3192	
-0.459073	0.206728	2372	
0.165043	0.876067	4880	
0.191232	0.779991	3258	
0.796688	0.020420	1601	
-0.357192	0.468260	6582	
-0.366600	0.192642	5154	
-0.420813	0.042952	2129	
-0.442471	0.881669	4116	
-0.684480	-0.158001	663	
-0.795243	-0.012995	1602	
-0.514903	-0.790906	414	
-0.318667	-0.659622	1020	
-0.304835	-0.245886	3068	
-0.741046	0.497059	3332	
-0.588513	0.175687	6718	
-0.305158	-0.892645	2066	
-0.496323	-0.426384	4298	
-0.064459	-0.726167	1553	
-0.722132	0.327507	5670	
-0.222466	-0.357960	2454	
-0.310993	-0.789458	4664	
-0.767880	-0.548871	4480	
0.038421	-0.626831	1359	
-0.755680	0.474247	6084	
0.744840	-0.578543	1227	
0.764256	0.553867	843	
0.591029	0.533546	5413	
0.343430	0.648019	931	
-0.311932	0.308137	4674	
-0.224224	-0.476881	3174	
0.702997	-0.204803	4419	
0.832236	0.334807	733	
-0.473762	-0.633085	4036	
-0.038530	-0.540739	1143	
0.075335	0.846116	1547	
-0.573122	0.267602	1490	
-0.564317	0.383024	1306	
-0.914611	-0.238061	1442	
0.027703	-0.797402	4832	
-0.063064	-0.365897	3730	
-0.075948	-0.216980	3163	
-0.011161	-0.893106	6894	
0.579269	-0.681244	4647	
-0.189951	-0.287193	5334	
0.367788	0.765699	5087	
-0.745396	0.296088	5980	
-0.198651	-0.599246	3866	
0.117168	0.718468	3910	
-0.006898	-0.498742	4033	
-0.694011	-0.639444	940	
-0.195476	0.115005	3129	
-0.273330	0.582638	468	
-0.614926	-0.771159	2714	
0.007625	-0.648632	6497	
-0.742572	0.269357	1060	
0.108995	-0.747056	5379	
-0.241270	0.052670	3581	
0.490392	-0.544698	1371	
-0.338593	0.731659	2446	
-0.211096	-0.332985	2146	
0.203455	0.655651	4229	
0.795927	-0.294929	4635	
-0.275334	0.520284	4852	
-0.489497	-0.197162	5129	
0.081581	-0.809071	534	
0.557273	0.697725	4681	
-0.759762	0.628977	4926	
-0.253622	-0.183323	1965	
0.942540	-0.042854	4331	
0.649618	-0.613415	4807	
-0.625134	-0.050656	5241	
-0.037927	-0.572548	2489	
-0.002119	-0.759504	5738	
-0.521892	-0.369642	1746	
-0.149155	-0.392609	4072	
-0.940204	0.297291	2108	
0.608940	0.514950	5589	
-0.128090	0.297102	5210	
0.269021	0.690378	6651	
-0.189386	0.111923	2907	
-0.729169	0.335511	3002	
0.876726	-0.159343	6735	
-0.326761	0.441544	5928	
-0.153555	-0.538896	4411	
-0.337520	0.007408	1613	
-0.486696	-0.808510	414	
-0.458452	-0.153797	4401	
-0.009389	-0.487368	899	
-0.805293	-0.493021	1050	
-0.307741	-0.664393	1020	
-0.177987	0.579695	5940	
-0.074451	0.684710	3740	
-0.029362	-0.731504	5895	
-0.654637	-0.246180	3108	
-0.970533	0.174346	1858	
-0.771055	0.615096	4750	
-0.577017	0.262952	1490	
-0.041513	-0.652368	6197	
-0.459106	0.290476	3148	
-0.194658	0.505857	4030	
-0.970502	0.174580	1858	
0.312014	-0.891847	3137	
0.234392	-0.915126	5533	
0.765552	0.621484	6705	
0.372491	-0.815662	551	
0.655200	0.371952	739	
-0.158521	-0.613986	3381	
-0.589811	-0.244778	1231	
-0.181247	0.133767	1245	
-0.368582	-0.404049	1754	
-0.115694	-0.668502	513	
-0.415783	-0.609000	3812	
0.709367	-0.164799	4873	
-0.268471	0.492146	3604	
-0.736706	0.323741	5670	
0.472078	-0.644614	2571	
-0.631554	-0.388317	1110	
-0.497952	0.559760	1372	
-0.566484	0.343413	680	
0.101709	-0.938705	5126	
0.652465	0.610582	6441	
-0.579095	-0.196665	511	
0.324901	-0.739768	2445	
-0.164715	-0.415591	578	
-0.766352	0.094274	5891	
0.848124	0.124243	483	
0.502419	-0.799294	407	
0.733964	-0.003442	830	
0.737466	-0.502438	3331	
-0.974157	0.152910	5002	
-0.224066	-0.215035	3619	
0.892277	-0.022566	6857	
-0.600809	-0.727986	2192	
0.087758	0.887637	3795	
0.940350	0.086200	6843	
0.880439	-0.337435	1169	
-0.374521	0.116764	1644	
-0.322625	0.155312	2784	
-0.883665	0.328917	1170	
0.073093	-0.685551	3739	
-0.209502	0.484742	2942	
-0.349870	-0.709103	2018	
-0.175075	-0.156061	5617	
0.736821	-0.317169	5979	
0.084800	-0.695621	4899	
-0.220749	0.646686	902	
0.687702	0.417943	1951	
0.237471	0.814333	3225	
-0.907878	0.254550	6118	
-0.851558	-0.078075	5308	
-0.395612	-0.470394	1026	
-0.228492	0.440676	3248	
0.447023	0.667951	4013	
-0.600022	0.150097	3478	
0.677880	-0.656086	545	
0.084989	-0.692251	4899	
-0.093270	-0.719547	2725	
-0.374212	0.211649	1104	
-0.280511	-0.685925	3596	
-0.393096	0.239896	3134	
-0.813659	0.072070	5890	
0.650106	0.379651	739	
-0.358232	-0.261574	2204	
-0.663242	0.456116	6438	
-0.322776	0.433299	5928	
0.367871	-0.870170	5753	
-0.016523	-0.421995	2547	
-0.373765	-0.471758	4908	
-0.290500	0.222695	2594	
-0.197472	0.361350	1148	
-0.250440	-0.569951	4776	
-0.401229	0.131464	2884	
-0.059514	-0.246854	1605	
0.695358	-0.197811	4133	
-0.612250	0.318624	4088	
-0.246966	-0.954585	2058	
0.717494	-0.116162	3955	
0.069501	-0.941424	2648	
0.084711	-0.692147	4899	
0.779481	-0.187498	1667	
-0.739298	-0.176481	1247	
-0.865472	0.211601	5608	
0.673903	-0.413002	5143	
-0.611863	0.292496	4736	
-0.389981	-0.354712	2428	
-0.138117	-0.772643	825	
-0.250273	0.326289	2438	
-0.708765	0.470542	5238	
-0.647471	0.743778	4906	
-0.129585	-0.417875	4608	
0.679670	0.170899	488	
-0.531537	0.608866	5460	
-0.535519	0.828276	1874	
-0.005714	0.985986	1727	
-0.651808	-0.682670	3064	
-0.694512	-0.085471	4901	
-0.577752	0.462288	5322	
-0.454204	0.724863	5656	
-0.368096	-0.549315	5340	
0.283115	0.799652	6199	
-0.575745	0.301534	5330	
-0.415311	-0.146760	1023	
0.861468	0.480594	4415	
-0.525964	-0.400213	2200	
0.432641	0.607280	2025	
-0.250613	0.325800	2886	
0.072751	-0.685683	3739	
0.043126	-0.630187	463	
-0.182471	0.226139	3239	
-0.177642	0.383094	5032	
-0.338171	-0.502620	4482	
-0.324260	0.247358	5724	
-0.802669	-0.134896	1348	
0.088852	-0.890884	5292	
0.045652	-0.604583	5079	
-0.815533	0.554848	2478	
-0.036568	-0.794007	4462	
-0.167916	0.557376	5074	
-0.299661	-0.352571	4188	
0.591819	0.612418	4787	
-0.422851	-0.402949	2288	
-0.063969	0.755235	6522	
-0.782326	0.330057	472	
0.083732	-0.690608	4899	
-0.380595	-0.909725	5916	
0.392905	-0.859082	6089	
-0.425074	-0.148366	1053	
-0.680491	-0.411601	1952	
-0.312100	0.935939	1768	
0.221058	-0.918428	6319	
-0.258594	0.232067	2748	
0.001604	0.745479	6932	
-0.426412	0.263206	434	
-0.792735	-0.151000	4192	
-0.126875	0.228583	4768	
0.084631	-0.691753	4899	
-0.570883	0.170269	6718	
0.743960	-0.492640	1451	
-0.516789	0.840153	562	
-0.448012	0.485935	4056	
-0.344306	0.144630	2602	
-0.772327	-0.542617	4612	
0.712955	-0.144874	5885	
-0.546718	-0.306367	2803	
0.103059	0.980578	5325	
-0.389126	-0.451819	4542	
-0.028842	-0.892397	6894	
-0.831466	-0.217061	3168	
-0.158607	-0.171451	721	
0.836147	-0.143371	3189	
-0.642216	-0.229179	891	
-0.500452	-0.692922	5636	
0.698556	-0.633945	545	
0.942741	0.052046	5693	
-0.416218	0.285154	420	
-0.079609	-0.296707	2965	
-0.142562	-0.632482	1723	
-0.376924	0.002061	6637	
0.759647	-0.206130	3687	
-0.587781	0.271206	3052	
-0.381491	0.203599	5154	
-0.284736	0.313297	4276	
-0.502744	-0.390503	2638	
-0.464644	0.400406	730	
-0.074723	-0.402770	5192	
-0.726802	0.048251	1845	
-0.260318	0.100176	3284	
-0.806616	-0.079548	696	
-0.479759	0.456103	1566	
-0.213613	-0.918670	5596	
0.689975	0.043734	948	
-0.469438	0.008664	595	
0.041483	-0.576355	4971	
-0.010863	0.985965	1727	
-0.038155	-0.392504	3847	
-0.620550	0.223223	1772	
-0.955648	0.243399	3592	
-0.185447	-0.924766	5324	
-0.716891	0.362240	3002	
-0.445490	-0.831777	2466	
-0.225118	-0.136253	6737	
-0.252923	0.860866	4242	
-0.691883	-0.289140	6226	
-0.159671	-0.523950	4143	
0.845319	-0.080007	6241	
-0.064426	-0.648554	6285	
0.539080	0.501229	1843	
0.849723	-0.031254	6399	
-0.827175	0.188248	3114	
0.875085	-0.167742	6269	
-0.103993	0.938445	5125	
-0.052747	0.744524	5818	
-0.726565	0.049678	1845	
-0.239742	0.314845	2520	
-0.769400	-0.546752	4480	
-0.114722	-0.936250	6106	
-0.195288	0.509666	4030	
-0.918799	0.358077	2912	
-0.356713	-0.771714	5088	
0.817051	-0.068611	5889	
0.348802	0.820612	6389	
-0.615188	0.226155	1772	
-0.275542	0.086652	3102	
0.773043	-0.158183	1369	
-0.526394	0.154234	5772	
0.062607	0.789163	5234	
-0.402089	-0.144635	1733	
-0.752326	-0.042564	5709	
-0.005971	-0.598888	1497	
-0.501096	0.152820	3708	
-0.655774	-0.678827	3064	
-0.288098	0.178352	3402	
0.659561	-0.345848	3293	
-0.335557	-0.179423	2103	
-0.407600	-0.444831	6300	
-0.510450	-0.296834	4597	
-0.334656	-0.466200	3940	
0.003766	0.820171	5019	
-0.014850	-0.731296	1651	
-0.226789	0.542945	1328	
-0.396635	0.072741	2488	
-0.805404	-0.038877	1592	
-0.242489	-0.292243	6882	
0.217812	-0.725807	1115	
0.729698	0.598520	3109	
-0.400792	0.184324	6540	
-0.369951	0.152672	3546	
0.120073	-0.806840	2768	
-0.251127	-0.953497	2058	
-0.335444	0.246427	5724	
-0.015061	-0.731269	1651	
-0.198752	0.324956	2656	
0.943422	0.033151	5693	
-0.091838	-0.375135	3290	
-0.262026	0.223926	1726	
-0.807539	0.260788	4918	
-0.279396	0.158250	1308	
-0.200146	-0.495203	2122	
-0.332113	0.833325	3626	
-0.309909	-0.323058	4424	
0.650925	0.612212	6441	
-0.601990	0.603648	6170	
-0.477162	0.222495	1342	
0.702957	0.174640	6912	
-0.640152	0.060323	687	
0.248413	-0.714926	6375	
-0.715678	-0.467091	3488	
-0.518035	0.219326	4386	
-0.552905	-0.191633	727	
0.890836	0.089843	4443	
-0.849064	0.410469	4498	
0.919554	0.217855	1035	
-0.696270	-0.698495	2906	
-0.533749	0.829427	1874	
-0.132771	-0.418332	4608	
-0.454191	0.342455	3172	
-0.609934	0.079682	606	
0.801498	-0.044232	6007	
-0.986186	-0.009243	3028	
0.001445	-0.745296	6931	
-0.083929	-0.589532	4305	
-0.187709	-0.149015	4835	
-0.428343	0.454243	3262	
-0.300713	0.118570	5548	
-0.300910	-0.389750	1570	
0.884246	0.147744	651	
0.065957	0.723418	1480	
-0.303527	-0.147118	5013	
-0.699062	-0.158383	979	
0.763822	-0.553414	1227	
0.579595	0.458095	4943	
-0.238636	0.775298	5668	
-0.396482	0.446513	738	
-0.500918	0.635252	4642	
-0.126006	-0.272620	3652	
-0.762663	0.625461	4750	
-0.175977	-0.480138	3362	
-0.196677	0.190335	2967	
-0.812156	0.245480	4918	
0.362669	0.700231	3555	
0.720162	0.288531	6721	
0.890451	0.094564	4443	
-0.559261	0.812338	6342	
0.650952	0.612172	6441	
-0.595706	-0.225606	1167	
0.196090	-0.924064	6319	
-0.196136	0.793182	3694	
-0.877041	-0.188860	6650	
0.022109	0.892722	6893	
-0.054599	-0.416645	5991	
0.512103	0.842911	4045	
-0.318502	-0.481910	4228	
-0.645312	0.202596	2034	
-0.616102	0.519557	5024	
-0.832671	0.442889	894	
0.093226	0.721807	2726	
-0.907241	-0.264884	3090	
-0.163431	-0.381970	3876	
-0.487213	-0.485511	2432	
-0.188065	-0.827132	3966	
-0.221933	-0.192451	2959	
0.814409	-0.475848	5791	
0.905076	0.272350	3089	
0.090792	-0.799193	1512	
0.535091	0.714730	5231	
0.715328	-0.186627	3703	
-0.261246	0.706272	6110	
-0.561066	0.416679	1138	
-0.699147	-0.490593	4454	
0.859307	-0.388507	6787	
0.295211	0.841186	4795	
0.623487	0.307165	3895	
-0.053233	-0.374213	3397	
-0.786441	0.595377	4750	
-0.142319	-0.300864	5316	
-0.923784	-0.198725	4790	
0.080936	-0.747251	5875	
0.334865	0.826315	2063	
-0.382247	-0.150415	1021	
-0.486276	0.094530	1688	
-0.863793	-0.382901	3972	
-0.886708	-0.130021	6816	
0.611824	0.521148	5589	
0.663178	0.599057	6441	
-0.636352	0.044369	5271	
-0.005518	-0.822967	5020	
-0.551769	0.372591	988	
-0.251664	-0.623716	4106	
-0.566907	-0.364767	3676	
0.172153	0.874673	4880	
0.452183	-0.585883	4939	
-0.185129	-0.416115	582	
-0.348942	0.291665	3434	
0.815219	0.271240	5443	
-0.126243	0.273130	6724	
0.278124	0.676147	3595	
0.753768	0.482687	5677	
-0.152480	-0.165070	721	
-0.395807	-0.856451	2040	
-0.172894	0.143275	1245	
-0.405297	-0.407127	2642	
-0.309527	-0.665984	1020	
-0.115769	-0.453493	458	
-0.397924	-0.147720	1733	
-0.157169	-0.291763	6502	
0.903780	0.276616	3089	
0.890202	0.097596	4443	
-0.186841	-0.776949	3257	
0.889857	0.101455	6709	
0.006021	-0.727595	6275	
-0.440739	-0.463459	6678	
0.583750	-0.451018	5321	
0.860322	0.255867	833	
-0.250256	0.431759	2324	
0.082755	-0.697192	4899	
-0.681092	0.577881	5050	
-0.450357	-0.457735	5578	
0.766143	0.383160	913	
-0.393060	-0.285828	4369	
-0.593543	-0.284388	6469	
-0.397251	-0.230354	2395	
-0.181750	-0.420149	3962	
-0.394886	0.468352	2450	
0.718765	0.611594	2891	
-0.360837	0.918189	3312	
-0.949908	0.264833	2532	
0.837821	-0.133600	3091	
-0.320340	0.594845	2398	
-0.445942	0.299392	2626	
-0.628929	0.383078	4526	
0.346628	0.602309	4709	
-0.438922	-0.294416	5696	
-0.199671	0.096052	493	
-0.212709	-0.642746	5036	
0.791471	-0.411019	4733	
-0.403993	-0.404225	1700	
0.628583	0.297433	4277	
0.604244	0.657799	3649	
-0.151202	-0.974405	1824	
-0.186457	0.116368	2907	
0.692709	-0.494457	6457	
-0.095096	-0.938497	6106	
-0.333373	-0.780461	4820	
-0.850965	0.010236	5300	
-0.222326	0.373716	2240	
-0.424090	0.083799	3862	
0.078344	0.982741	5069	
0.929638	-0.158643	2153	
0.515238	-0.791021	429	
-0.187342	-0.777971	3257	
-0.378073	0.277831	3682	
-0.428108	0.397180	3194	
-0.539156	0.086731	5276	
-0.324922	-0.133596	1177	
0.731019	-0.020458	850	
-0.327240	0.112249	1046	
-0.374454	-0.809378	5880	
-0.625714	-0.637565	6572	
-0.374151	-0.351809	916	
0.619433	-0.644239	387	
-0.601449	0.516252	5024	
-0.604468	-0.560317	5116	
-0.426175	0.329024	2464	
0.036801	-0.685156	415	
-0.267036	-0.619984	5766	
0.668739	0.592903	3081	
-0.824542	0.541289	4694	
-0.414782	0.245925	530	
-0.145453	0.176494	2615	
-0.472038	-0.512538	1596	
0.867115	-0.370579	6901	
0.541214	0.656964	1365	
0.628309	0.297959	4277	
-0.426682	0.742110	4638	
-0.513083	0.062925	1762	
0.531004	0.591494	5515	
0.101330	0.843685	5933	
-0.434144	0.346321	3634	
-0.209608	0.081010	2359	
0.532678	-0.667442	4707	
0.121925	0.883271	4527	
0.275941	0.751884	3115	
-0.196530	0.190593	2967	
-0.339759	0.229568	5810	
0.591680	-0.670395	5899	
-0.475790	0.045096	1556	
0.084101	-0.696402	4899	
-0.507490	0.236005	3044	
-0.125374	-0.591368	1901	
-0.469694	-0.641428	4036	
-0.610061	0.260890	3052	
0.009697	-0.512003	1071	
-0.348503	-0.427583	2674	
-0.714690	-0.616330	1070	
0.723468	-0.068063	5904	
-0.985181	-0.043780	1446	
-0.104666	-0.202863	2729	
-0.514027	-0.341044	1950	
-0.313848	-0.348079	1262	
-0.830230	-0.532669	1840	
-0.238579	0.048238	3581	
-0.650606	0.233830	3788	
-0.323575	0.794978	6646	
-0.548179	-0.427780	4744	
0.505904	0.735413	1201	
0.673511	-0.033746	6514	
-0.612033	0.412741	2664	
0.780851	-0.155242	1369	
-0.345890	0.659183	1086	
-0.730235	0.435484	5018	
-0.150842	-0.481256	447	
0.659597	-0.460356	6579	
-0.715801	0.678631	3892	
-0.211569	0.078377	2359	
-0.060414	-0.449649	5681	
-0.582798	0.048443	2541	
0.536325	0.600923	5515	
-0.719622	-0.610579	2892	
0.731671	-0.511031	6747	
-0.825408	0.336623	6328	
-0.574200	0.076068	5273	
-0.053161	-0.788820	5233	
-0.985372	0.037992	1792	
-0.778181	0.435961	4132	
-0.938917	0.089393	502	
0.610153	-0.337516	4523	
-0.091137	-0.285522	3065	
0.435168	-0.783098	4809	
-0.433203	0.784213	4810	
0.760281	-0.466757	6083	
-0.448081	0.728825	4844	
-0.925339	-0.342356	1782	
-0.079517	-0.655413	4705	
-0.489045	-0.746549	1202	
0.180336	0.769654	6764	
0.512798	0.470888	1175	
-0.641551	-0.222029	891	
-0.223907	-0.474727	3174	
-0.515326	0.152448	5508	
-0.209485	0.833368	6213	
-0.479083	0.345835	6452	
0.235580	0.957489	1915	
-0.297626	-0.495176	4492	
-0.319759	0.796591	5420	
-0.138961	0.755104	1162	
-0.612938	-0.419163	1012	
-0.702844	-0.629732	1070	
-0.423798	0.607611	4090	
-0.197094	0.348659	2934	
-0.769827	0.616612	4750	
-0.049765	-0.251800	5801	
-0.269525	-0.636454	1066	
-0.740161	-0.181201	1247	
0.687374	0.129358	6140	
-0.175617	-0.661180	4511	
0.849155	0.113541	4457	
0.850812	-0.011605	5299	
-0.494962	0.456333	1818	
0.394027	0.752325	4517	
-0.702773	0.629282	714	
-0.711827	0.465748	5238	
0.411870	0.620418	3811	
-0.559449	0.407937	1764	
0.762956	-0.186327	1667	
0.669444	0.349035	969	
-0.218881	0.212396	3199	
-0.173643	-0.506367	1222	
-0.432406	-0.399668	2288	
0.089741	0.981804	2757	
0.701543	-0.200519	3703	
0.889994	-0.058045	5123	
-0.730929	0.437780	5018	
0.887962	-0.080483	5123	
-0.495123	-0.691417	5636	
-0.392677	-0.620940	804	
0.137252	0.976460	6267	
-0.812864	0.558762	2478	
-0.654327	-0.035957	635	
-0.897752	-0.409042	2004	
-0.199876	-0.487848	2122	
-0.543080	-0.262637	4571	
-0.557466	-0.228108	1957	
0.603293	-0.560902	3313	
-0.401742	-0.264189	4027	
-0.932763	0.319762	2794	
0.672877	0.171963	488	
-0.466126	0.493370	2766	
-0.548671	-0.226184	2467	
-0.578015	0.327812	4746	
-0.418802	-0.481501	2036	
-0.293168	0.074779	2819	
0.236000	-0.865701	4241	
-0.502017	0.001025	1973	
-0.807857	-0.488830	1050	
-0.354474	0.129286	2558	
-0.173516	-0.504897	1222	
-0.351600	0.554991	1894	
0.767214	-0.548761	1227	
0.706027	0.123740	4448	
-0.468254	0.467620	5846	
-0.590668	-0.365628	4426	
0.704397	-0.487190	3331	
0.546149	-0.708499	4389	
-0.324638	-0.160314	2077	
0.799723	0.404144	3011	
0.837005	-0.306419	6829	
0.214368	-0.920015	6319	
-0.199182	0.276999	1220	
-0.583174	0.283599	4772	
0.335631	-0.737210	2445	
-0.178555	0.625066	4262	
-0.036497	0.893298	5427	
-0.315673	-0.229559	1351	
-0.259638	-0.240918	5562	
-0.743425	-0.334252	6004	
-0.632792	0.570505	3314	
-0.141065	0.802577	6253	
-0.720138	0.452413	5238	
-0.088329	-0.722880	2725	
-0.593712	-0.012827	5033	
0.294906	0.761000	3115	
-0.673780	0.026317	4985	
-0.313510	-0.468696	3188	
0.112521	0.668723	514	
-0.075169	-0.575527	5951	
0.453159	0.529398	831	
-0.870789	0.361728	1240	
0.778722	-0.348102	575	
-0.275321	-0.679506	6652	
-0.794329	0.102079	5320	
-0.130884	-0.488776	4209	
0.868526	0.226008	6533	
-0.653854	0.679963	4662	
0.317539	0.671120	1019	
0.684343	0.521680	4585	
-0.246205	0.317134	2438	
0.180130	-0.927284	1362	
-0.387784	-0.495467	4952	
0.864662	0.240664	671	
0.618806	0.586061	6907	
0.158757	0.877244	4880	
-0.480727	0.096628	2020	
0.665829	0.435924	1951	
-0.738973	0.279529	1060	
0.672853	-0.063183	4398	
-0.753534	0.273437	774	
-0.456027	-0.368693	2582	
-0.308609	0.334609	5040	
-0.460167	0.473445	5846	
-0.631899	0.233470	2808	
-0.402455	0.102524	3686	
-0.547631	0.613260	5706	
-0.450196	0.423435	6488	
0.062479	0.890126	6673	
-0.543157	-0.226038	2467	
-0.451199	-0.828721	2466	
0.749108	0.107911	5362	
-0.194564	-0.380361	3540	
-0.490935	0.255908	3958	
-0.152062	-0.482960	447	
-0.169460	-0.153456	5617	
0.031087	-0.535417	4665	
-0.129392	0.263067	6724	
0.340815	0.823912	6389	
-0.176404	0.414666	2922	
0.017586	-0.737526	815	
-0.190539	-0.923708	4742	
-0.156118	-0.168275	721	
-0.456353	0.509980	3674	
0.127407	-0.687894	6141	
-0.609772	0.774922	978	
0.653145	0.249093	3107	
-0.171284	-0.553210	1015	
-0.168337	0.560599	4254	
-0.771188	-0.455055	4976	
0.918591	-0.213117	547	
0.085214	-0.694281	4899	
-0.608436	0.083886	606	
0.893480	-0.301179	3777	
-0.834605	-0.329063	6804	
-0.820366	0.216278	5306	
-0.269915	-0.162984	1661	
0.339474	0.824460	6389	
0.635174	0.477435	4307	
-0.342524	0.042547	2027	
-0.619548	-0.585281	6908	
0.783955	-0.097756	5921	
-0.542650	-0.348533	1898	
0.602648	0.445676	863	
0.471626	-0.644503	2571	
-0.369327	0.317500	4568	
0.891713	0.077027	4443	
-0.530821	0.528690	1980	
-0.196353	0.516192	3280	
0.005960	0.732876	3922	
-0.470761	0.636685	2572	
-0.708692	-0.256513	6160	
-0.649947	-0.360479	740	
-0.414760	0.215979	1146	
-0.321197	-0.530535	3336	
-0.242181	-0.588358	5366	
0.704994	0.129922	4448	
-0.152075	-0.643461	1723	
-0.096509	-0.202666	799	
-0.623922	0.391618	4050	
0.186007	0.778278	3258	
0.888103	0.118401	6815	
0.817911	0.367229	5029	
-0.404130	-0.411329	2642	
-0.226031	0.292749	2216	
-0.316410	-0.159813	2689	
-0.443604	0.267596	2226	
0.309027	0.690903	971	
-0.014269	-0.851226	6134	
-0.567030	-0.185167	727	
-0.048508	0.893022	5427	
0.144154	-0.702626	6281	
-0.597992	0.607873	6170	
0.408778	-0.618355	1225	
-0.222680	-0.696661	4410	
-0.610307	0.774513	978	
-0.643902	-0.195285	389	
-0.267681	0.772814	4882	
0.716658	-0.121534	3955	
-0.416004	0.404582	2650	
-0.315475	-0.787719	4820	
0.096773	0.775612	6246	
-0.244386	0.583951	5514	
0.709382	0.277660	6641	
0.411212	0.562248	6381	
-0.314574	-0.132358	991	
-0.014835	0.736952	5748	
-0.896519	-0.411733	2004	
0.408830	0.608574	803	
-0.461127	0.653820	2572	
0.635244	-0.628427	967	
-0.845043	0.283349	4588	
0.060335	0.722741	1554	
0.102513	0.794271	3364	
-0.405515	-0.168845	637	
-0.034933	0.741070	1298	
0.086988	0.844724	5933	
-0.417715	0.421953	2650	
-0.012108	-0.364358	887	
0.571187	0.554587	4699	
0.749835	0.072277	6308	
0.036482	-0.893296	5428	
0.764995	0.260531	4935	
-0.009710	-0.586636	1557	
-0.575493	0.290240	4772	
0.750603	-0.571102	1227	
0.728382	0.349057	1107	
0.888800	-0.071816	5123	
-0.071306	-0.237647	5491	
-0.549678	0.199711	2612	
-0.381946	0.145375	3546	
-0.233115	-0.324209	3394	
0.176117	-0.806006	5102	
-0.524225	0.520533	1980	
-0.498296	-0.689165	5636	
-0.292974	0.273783	4560	
-0.390114	0.699871	2068	
-0.616026	0.018248	2881	
0.610818	-0.652567	505	
-0.529788	0.597598	5460	
-0.503210	-0.199388	5359	
0.490820	0.855404	4045	
0.650409	0.254477	2475	
0.828136	0.454060	1223	
-0.932429	-0.151631	3538	
-0.325768	0.113889	1046	
0.798552	0.100648	1647	
0.590518	0.670061	3617	
-0.340859	0.414633	1076	
0.077620	-0.697876	655	
-0.463627	-0.520221	832	
-0.376790	0.100322	2184	
-0.359531	0.397529	698	
-0.153334	-0.392020	4072	
-0.686425	-0.072602	3869	
-0.320461	-0.229408	1095	
-0.192108	-0.775953	6763	
-0.525733	0.266422	4532	
-0.678176	0.514587	3960	
0.941827	-0.054626	4331	
0.188823	0.767617	6764	
0.512067	0.607245	4677	
-0.475348	0.387568	730	
-0.201350	0.402618	2246	
0.242160	-0.772032	5667	
-0.133287	0.311374	3426	
-0.460166	0.229225	1342	
-0.178611	0.240959	2525	
-0.382517	0.446878	456	
-0.840754	0.114805	2182	
-0.087245	-0.939266	6106	
-0.132152	-0.351714	2164	
-0.070862	-0.231360	5491	
-0.552797	0.165258	5746	
0.566651	-0.691898	4647	
-0.417605	0.481496	6250	
-0.373708	-0.536302	5424	
-0.560950	0.199089	6808	
0.916417	0.230841	1441	
-0.129013	-0.934373	4514	
-0.310283	0.480714	4604	
-0.362103	0.593788	4464	
-0.214565	0.596413	2366	
-0.411703	0.309111	570	
-0.423126	0.268951	434	
-0.718233	-0.362429	1108	
0.563107	-0.757472	6465	
0.513808	0.729997	6363	
-0.225579	0.392857	2240	
-0.530086	0.514401	1980	
0.324611	0.729676	2361	
-0.527146	-0.031461	4697	
-0.273742	0.699921	6078	
0.806126	0.391616	747	
-0.385740	-0.271960	4919	
0.146342	0.722424	5493	
-0.163674	0.159721	6669	
-0.189693	0.925386	1361	
0.269693	-0.855746	5731	
-0.222558	0.726155	5612	
-0.451906	0.343455	3172	
-0.787018	0.048739	4360	
0.852298	0.050480	4417	
-0.545172	-0.335314	752	
0.848180	-0.051355	6399	
-0.835087	0.149316	3190	
-0.249300	-0.128471	4829	
-0.330247	-0.320343	4206	
-0.263207	-0.905834	1336	
0.629428	0.574997	6353	
-0.804846	-0.493774	1050	
-0.588777	-0.340715	3748	
-0.516579	0.414595	2354	
-0.224011	0.370394	3084	
-0.071100	-0.518111	5111	
-0.177454	-0.275351	5950	
-0.773756	0.205614	1668	
-0.351390	-0.392068	2502	
-0.936880	0.307563	2794	
-0.776351	0.608412	4750	
-0.421497	0.319841	660	
-0.382037	-0.862663	4566	
-0.223557	-0.480571	2052	
0.150175	0.785797	768	
0.304704	-0.894391	3137	
-0.785246	-0.278871	5522	
0.508943	-0.549445	1371	
0.738293	-0.314194	5979	
0.728195	-0.599379	795	
-0.451287	0.877152	4116	
-0.110123	-0.468410	458	
-0.632641	-0.000424	5535	
0.478586	-0.813981	407	
-0.253637	-0.289160	4214	
-0.038748	-0.572103	2489	
-0.186166	-0.388758	402	
-0.969241	0.181463	1858	
0.439709	0.601788	1911	
0.070562	0.983338	5069	
-0.549159	-0.039045	4889	
-0.445346	-0.831836	2466	
-0.313112	0.680668	2740	
0.047452	-0.942628	1270	
-0.341920	-0.271170	2684	
-0.719655	0.101106	2787	
-0.057809	-0.724605	1553	
-0.419838	-0.436154	6300	
0.714259	0.268391	4933	
-0.764524	0.174883	1370	
-0.204036	-0.301566	1194	
0.937147	0.117327	6935	
-0.930648	-0.162655	874	
0.850761	-0.014290	5299	
-0.058063	-0.232700	2925	
0.521255	-0.727426	6919	
0.757646	-0.214384	3687	
-0.876393	0.452162	828	
0.752268	-0.241444	4859	
0.720989	-0.091286	4290	
0.939070	-0.087888	501	
-0.295774	-0.543398	6164	
0.278671	0.750939	3115	
-0.752346	0.637799	4926	
-0.617302	-0.290225	3072	
0.404784	0.689986	3991	
-0.161528	-0.929286	5324	
0.815296	0.270935	5443	
0.630584	-0.469914	725	
-0.107188	-0.781099	3363	
-0.568758	-0.376197	4352	
-0.510648	0.534206	2214	
-0.497200	-0.431792	4932	
-0.247546	0.862453	4242	
-0.059531	-0.560257	3969	
0.209326	-0.782153	4895	
-0.555304	-0.763168	3182	
-0.272416	-0.375892	2348	
-0.247341	0.954800	756	
-0.691719	-0.084777	4901	
-0.508353	0.270114	4624	
0.852332	0.040651	5219	
-0.215140	0.080064	2359	
-0.983040	0.077205	5142	
0.187507	-0.688812	5557	
-0.333639	-0.363143	1158	
0.930643	0.162640	873	
-0.060907	-0.726753	1553	
-0.446001	-0.831519	2466	
-0.226477	0.547550	1938	
-0.534210	0.284739	4760	
-0.694898	-0.085359	4901	
0.099508	0.783871	3364	
0.788588	-0.065280	5199	
-0.255400	-0.182856	1577	
-0.236807	-0.690083	4620	
0.755399	0.480206	5677	
-0.311473	-0.298720	3058	
-0.423719	-0.545241	6332	
-0.405636	-0.898842	5280	
0.022085	0.789591	4461	
0.643900	0.267373	2475	
0.756061	-0.563901	1227	
0.047395	-0.766161	5856	
0.188554	-0.791829	3693	
-0.597608	-0.540812	5414	
-0.927826	-0.178471	4790	
-0.280473	-0.267727	1400	
-0.353238	-0.319661	410	
-0.321908	0.283071	5390	
0.558138	-0.607324	5705	
-0.225871	-0.136119	6737	
-0.261160	-0.425467	2276	
-0.038247	0.852587	4273	
-0.038532	0.852592	4273	
-0.697738	-0.278163	6126	
-0.319033	0.544614	4592	
-0.255200	-0.607282	6898	
0.056875	0.675342	854	
-0.591009	0.108334	3664	
-0.237372	0.480012	1244	
0.322097	-0.616512	3963	
-0.019106	-0.394050	5761	
0.201365	-0.922908	6319	
-0.111600	-0.449854	754	
-0.379430	0.719104	544	
-0.025859	-0.732311	5895	
0.760980	-0.465620	6083	
-0.369579	-0.291181	6374	
0.842960	0.307711	6803	
0.464784	-0.821999	5399	
-0.016721	-0.465214	2131	
0.505200	-0.622831	5549	
-0.056128	-0.497297	2375	
-0.815983	0.232462	5422	
0.664733	0.597344	5983	
-0.394035	-0.280815	4369	
-0.404012	0.461272	3784	
0.355451	-0.665820	1207	
-0.285327	-0.134053	667	
0.864758	-0.376093	6901	
-0.523502	0.014446	1879	
0.586457	-0.538382	4629	
-0.519573	-0.431365	4374	
-0.641361	-0.561958	5646	
-0.346608	0.127690	2558	
-0.621292	0.583316	4564	
-0.662504	-0.730689	3920	
-0.257931	0.616249	1650	
-0.500970	-0.437094	4932	
-0.195218	-0.177705	3683	
0.820794	-0.464625	5601	
-0.236665	0.476591	1244	
0.839427	-0.299671	4587	
-0.194028	-0.748885	6701	
-0.183432	-0.144897	4867	
-0.397648	0.758846	2102	
-0.512552	0.015502	2095	
0.775096	0.448474	4975	
0.940261	0.087423	6843	
-0.108664	-0.291912	3979	
0.621424	0.710468	2299	
-0.322070	0.087189	4657	
-0.428979	0.344899	442	
-0.265665	0.594024	1014	
-0.776457	-0.363369	1904	
0.687374	0.129358	6140	
-0.534830	0.271876	4532	
-0.220858	-0.521503	3722	
-0.393695	0.049525	1847	
-0.599217	0.231091	1988	
-0.894589	0.414812	4732	
-0.351547	0.116625	2558	
0.851657	0.006410	6161	
0.053731	0.890825	6673	
0.086202	-0.803611	5844	
0.333306	0.652892	961	
0.758267	0.290342	2697	
-0.512424	0.625623	5550	
-0.292117	-0.187567	3327	
-0.251707	-0.810048	4112	
0.799175	0.097463	1647	
-0.584499	0.234169	1988	
-0.985157	0.042913	1792	
0.162315	0.708468	5657	
-0.218662	0.441762	3024	
-0.428700	-0.299247	6410	
0.646484	-0.371160	4439	
-0.175165	0.579834	5166	
-0.292722	-0.627508	6478	
-0.420470	0.791323	2910	
-0.732576	-0.388761	5502	
-0.791744	0.308130	4120	
-0.184561	0.438768	394	
-0.457294	0.319312	4502	
-0.253956	0.538371	4912	
-0.222098	0.303940	3124	
0.548959	0.515037	3383	
-0.323897	0.117695	1046	
0.438389	-0.542101	657	
0.582159	0.677284	3855	
0.307372	0.740053	3741	
-0.293748	0.170757	1082	
-0.238957	0.326590	2438	
-0.412262	-0.552698	6332	
0.824881	-0.457358	5601	
-0.693885	0.492609	6458	
-0.291532	-0.613837	6478	
-0.445767	-0.480054	476	
-0.184566	0.119337	3129	
0.490615	-0.806686	407	
0.640951	0.576368	6353	
-0.575573	0.267375	1490	
-0.467983	-0.581007	1896	
-0.227772	-0.861640	6368	
-0.831909	-0.335574	734	
0.726352	-0.051208	1846	
-0.187076	0.115522	2907	
-0.625307	0.578908	4564	
-0.217974	-0.208200	3429	
0.850968	0.090112	5307	
-0.436913	0.083802	4520	
-0.313399	-0.418091	1622	
-0.533520	-0.420682	4374	
0.245075	0.955067	2057	
-0.752320	0.268429	774	
-0.083065	0.851370	731	
0.714413	-0.535639	6595	
0.703353	0.552309	4585	
0.673228	-0.049113	1386	
-0.421494	0.439884	3262	
0.231140	0.860745	5177	
-0.417470	-0.296960	6410	
-0.760561	0.194348	1668	
0.355386	-0.724142	543	
-0.092645	-0.887091	3796	
-0.385461	-0.294183	6842	
-0.291723	0.027160	647	
-0.135967	0.885780	521	
-0.243451	-0.185306	1965	
-0.468682	0.355107	6594	
-0.496844	-0.741476	1202	
-0.279370	-0.129145	5913	
-0.527024	-0.221076	1337	
-0.366173	0.550017	5038	
-0.374464	0.070166	1934	
0.724259	-0.521758	6747	
-0.438563	0.781157	4810	
-0.540668	-0.565395	4048	
-0.506786	-0.447757	1184	
-0.833621	0.157155	3190	
-0.178456	-0.437931	2584	
-0.550761	0.358699	988	
-0.270984	-0.520711	5396	
-0.521764	-0.360162	1430	
0.849153	-0.410303	4497	
-0.382538	-0.165915	1253	
-0.762274	0.555572	1228	
0.077976	0.801535	6047	
-0.233539	0.052448	6555	
0.603417	0.514989	5465	
-0.340509	-0.481973	4574	
-0.395544	0.693786	2068	
-0.514824	0.841351	562	
-0.845089	-0.148526	484	
-0.720560	-0.459814	3488	
-0.423616	0.090348	3510	
-0.783976	0.326026	472	
0.571035	-0.569439	4575	
-0.202323	0.651652	5496	
-0.572116	-0.043330	5027	
-0.804608	0.384329	1376	
-0.161387	-0.246448	3265	
-0.174914	-0.513232	1222	
-0.942853	0.288771	2108	
-0.311175	-0.662930	1020	
-0.511787	0.200843	5504	
-0.482769	-0.475702	2112	
-0.144622	0.177832	2615	
0.737941	0.588349	3109	
-0.111349	-0.452273	754	
0.063097	0.983858	6415	
-0.032346	-0.284728	3411	
0.602708	0.602112	6933	
-0.232658	0.772833	5582	
0.925912	0.188428	4789	
-0.052327	-0.566277	2489	
-0.676961	-0.315746	1448	
-0.402382	-0.502800	4012	
0.077038	0.733264	2726	
-0.223838	0.368386	3084	
0.826368	0.348519	3929	
-0.577690	-0.463867	4606	
-0.590921	-0.460353	4944	
-0.385952	-0.273189	4919	
-0.488275	-0.396408	2012	
-0.583272	-0.377411	4352	
-0.979284	-0.118751	1708	
-0.723336	-0.399275	5502	
-0.638046	0.208353	2034	
-0.412189	-0.169734	637	
-0.638766	-0.694946	2586	
-0.674036	-0.523525	2256	
-0.493614	0.304396	5418	
-0.160907	0.513683	5196	
0.797594	0.033524	1091	
-0.374252	0.085700	2149	
-0.247359	-0.206549	3611	
-0.755251	-0.138362	1047	
0.885114	-0.106334	3543	
-0.639953	-0.623457	6798	
0.409441	-0.797248	6065	
-0.332119	0.130919	2402	
-0.986189	0.007201	4388	
-0.738990	0.302807	5980	
-0.522831	-0.459355	1176	
-0.240782	0.495449	1244	
-0.026503	0.735149	5748	
0.075961	-0.684514	4899	
0.687374	0.129358	6140	
0.662583	-0.671431	4661	
-0.413371	-0.354413	1536	
0.720884	-0.091960	4290	
-0.252205	0.473068	2924	
-0.015597	-0.462626	2131	
0.265556	-0.817121	5471	
-0.958425	-0.234282	1796	
-0.389476	0.328146	4538	
-0.203369	-0.135938	3563	
0.629507	0.391321	905	
-0.416126	-0.673447	3246	
-0.158821	0.973524	1709	
-0.215092	0.157767	3927	
-0.223972	0.315895	2248	
-0.015947	-0.318620	4157	
-0.493554	-0.270120	4281	
0.785640	-0.522124	617	
-0.299394	-0.526122	5412	
0.733627	0.233073	5634	
-0.396905	-0.437944	3224	
0.371671	-0.709061	543	
-0.698406	-0.696336	2142	
-0.347417	0.923385	3312	
-0.296268	-0.194065	3327	
-0.255614	0.036841	6863	
0.515862	-0.529017	2213	
0.834271	-0.313831	6697	
-0.708669	-0.477256	3488	
-0.614585	-0.220795	6792	
-0.749043	-0.318200	3810	
0.021579	-0.488133	4301	
0.608586	0.334855	4427	
0.912900	-0.235973	4043	
-0.670265	0.525035	3198	
-0.600087	-0.526053	5466	
-0.196961	0.349863	2934	
-0.075367	-0.888953	5958	
-0.685097	0.505143	6458	
-0.106684	0.889232	6231	
-0.273249	0.947956	756	
0.548592	0.704516	4681	
0.646041	-0.617214	967	
-0.505850	-0.337699	1562	
-0.194678	0.179911	2949	
-0.754871	-0.403963	4246	
0.626292	0.636994	6571	
-0.363131	0.403531	678	
-0.131810	-0.582925	1793	
0.002445	0.851769	6133	
-0.603420	0.725381	6146	
-0.820471	-0.467607	1050	
-0.782695	-0.239663	5648	
0.272109	-0.814876	5471	
0.929033	-0.162018	2153	
0.579898	0.623390	619	
-0.092312	0.799991	1511	
-0.337075	-0.292491	3514	
-0.758451	0.303164	634	
0.852009	-0.261524	5287	
0.528853	0.514107	1861	
-0.285660	-0.515828	5576	
0.301229	-0.895581	5563	
-0.175524	-0.926724	5324	
-0.083826	-0.255973	2717	
0.453835	0.768095	4085	
-0.373119	0.738107	640	
-0.504146	-0.432848	4932	
0.798597	0.221699	6295	
-0.391153	-0.379560	1752	
-0.441471	-0.016856	3435	
0.878152	-0.151558	6735	
-0.496242	-0.488727	1714	
-0.077287	-0.622014	4691	
0.075585	0.846089	1547	
0.324036	0.721780	2361	
0.759942	0.473164	5677	
-0.745103	-0.420865	3554	
-0.208219	-0.458886	2496	
-0.442040	0.370579	3634	
-0.485821	-0.446823	746	
-0.292563	-0.391776	1112	
0.569192	0.688114	3855	
-0.625628	0.173201	2326	
-0.378093	0.207547	1104	
-0.105399	-0.508615	4877	
-0.183674	-0.797589	2208	
0.008659	0.743443	6932	
-0.616921	-0.714373	2300	
0.465509	-0.717373	5655	
-0.633649	-0.051126	6123	
-0.675549	-0.659049	3064	
-0.263381	0.559215	4762	
-0.460246	-0.648158	3268	
-0.222901	0.063283	1999	
-0.264421	-0.274120	1900	
0.738948	0.022790	2994	
0.038800	0.985171	6415	
-0.919022	0.211151	548	
0.229234	0.816679	3225	
-0.241732	-0.307917	5864	
-0.303880	-0.491753	4492	
-0.420194	0.183961	1274	
0.664681	0.670069	3063	
0.707160	0.114867	6326	
0.355368	0.781730	6845	
-0.198258	0.098220	789	
-0.161679	-0.371550	3520	
0.032124	-0.683079	415	
-0.932757	-0.321700	1782	
0.706491	-0.546283	4613	
-0.165673	0.146815	3535	
-0.074406	0.791422	5843	
-0.492757	0.293966	5418	
-0.122738	-0.437611	754	
0.828191	0.453956	1223	
-0.420698	0.147670	2782	
-0.806758	-0.390355	748	
0.253299	-0.910151	607	
-0.717843	0.530860	6596	
0.782694	0.285479	5521	
-0.126491	0.886978	5479	
-0.309850	0.126578	5548	
-0.464686	0.287909	3148	
-0.216795	0.601190	1790	
0.915315	0.235281	1441	
-0.120044	-0.355131	1738	
-0.391946	0.905312	1810	
-0.504117	0.147929	4280	
0.358768	0.918548	2157	
0.837263	-0.434078	893	
-0.845618	-0.144740	484	
-0.081344	-0.299077	3659	
-0.550991	-0.648574	736	
-0.458915	-0.643679	3268	
0.716361	0.240046	5775	
-0.058139	0.853632	4273	
0.882530	-0.331930	1169	
-0.115780	-0.336599	5482	
0.329341	-0.834444	3625	
-0.607467	-0.654849	3650	
-0.437999	0.448486	6694	
-0.871048	-0.463060	4416	
-0.473117	0.246610	1516	
-0.696867	-0.076117	3869	
0.715130	-0.241928	4223	
-0.355917	-0.919673	2158	
-0.241199	-0.543590	4508	
0.697160	-0.227182	4763	
-0.269026	0.473804	3486	
-0.395240	-0.184469	479	
-0.454191	0.241838	2002	
0.599862	0.539810	5413	
-0.712105	0.372021	4478	
-0.435333	0.415220	3698	
-0.824829	-0.460023	1224	
-0.590906	-0.343661	3748	
0.287565	0.747656	3115	
-0.191004	0.482483	3446	
0.495249	-0.803845	407	
0.755346	-0.474791	6083	
-0.495599	-0.545455	1630	
-0.240988	0.401426	2222	
-0.799960	-0.501559	1140	
-0.752190	-0.030513	5709	
-0.503624	-0.221733	2841	
-0.751195	-0.349252	1694	
-0.342263	0.141113	2602	
-0.572061	0.469587	5322	
-0.164660	-0.534537	4411	
-0.565242	-0.691348	3856	
-0.317214	-0.734425	3742	
0.888529	0.114554	6815	
-0.208951	0.082046	493	
-0.404772	0.674248	4770	
-0.510053	-0.165611	5701	
-0.856900	0.488240	4840	
-0.313049	0.504925	4472	
0.376701	-0.708967	543	
0.444523	-0.537282	657	
-0.357430	0.393357	698	
0.124560	-0.848115	392	
-0.985640	-0.033014	3028	
-0.171054	0.971430	1709	
-0.768756	-0.547678	4480	
0.474222	-0.655985	2571	
-0.610582	0.774300	978	
-0.330222	0.053926	2251	
0.297179	-0.805699	5419	
0.001132	-0.538695	1491	
0.877954	0.184200	6649	
0.300712	-0.734053	6427	
-0.702240	-0.433925	1564	
-0.528969	0.598849	5460	
-0.820880	0.214350	5306	
0.377252	-0.738928	543	
0.892363	0.064973	5259	
0.534448	0.662124	1365	
-0.489766	0.856222	1002	
-0.226882	-0.544392	2320	
-0.138360	0.885448	521	
-0.682738	0.508381	6458	
-0.031225	-0.354924	5277	
-0.837604	-0.190491	684	
0.367633	0.915047	2157	
0.566432	-0.488095	3821	
0.818213	-0.353933	1375	
0.386430	-0.633538	883	
0.855097	-0.251073	6547	
-0.804267	0.095969	5320	
-0.288787	0.424744	5256	
-0.291996	-0.483915	4492	
0.029634	-0.794069	4832	
0.213899	0.865243	6783	
0.636407	0.567414	5645	
-0.770571	0.163840	1370	
0.773557	-0.444204	4817	
-0.229656	-0.191753	3215	
0.262015	-0.858130	6137	
0.879382	-0.144602	4383	
-0.777493	0.341524	576	
-0.201512	-0.409559	582	
-0.798039	0.397967	4494	
-0.685547	-0.573718	3082	
0.439386	0.602008	1911	
-0.444862	0.390491	5620	
-0.498314	0.224969	2008	
-0.076990	-0.339720	4100	
0.789929	0.422470	4773	
-0.287559	0.029024	4869	
-0.645842	-0.556958	5646	
-0.066650	-0.323911	2731	
0.021989	-0.748830	815	
-0.466533	-0.868868	5180	
-0.290470	-0.842820	5720	
-0.202895	0.834923	5571	
0.687374	0.129358	6140	
-0.289493	-0.346961	3132	
-0.302116	-0.159241	5013	
0.140829	-0.933880	3074	
-0.268144	-0.737680	2128	
-0.942164	-0.293008	3310	
-0.346387	-0.558762	4602	
-0.436597	0.177791	3936	
0.472960	-0.601449	4135	
-0.631725	-0.051306	6123	
0.013469	0.804809	3709	
-0.105589	-0.599409	3897	
0.100895	0.669430	438	
-0.538258	0.135204	5718	
0.233151	-0.915413	5533	
-0.556163	0.647487	5848	
-0.178157	-0.829333	3966	
-0.183186	-0.329658	2920	
0.012833	-0.433796	3705	
0.645193	0.618153	6441	
-0.204502	0.834559	5571	
0.227122	0.861817	6367	
-0.092316	-0.938763	6106	
-0.040028	-0.330853	2342	
0.655555	-0.353831	3293	
-0.623589	-0.050464	5241	
0.472649	-0.667063	2571	
-0.138523	0.188831	6288	
-0.406116	-0.286166	6772	
0.435666	0.675226	3245	
-0.623208	0.021673	2881	
-0.015841	-0.574478	1251	
-0.556115	-0.698661	4682	
-0.240675	0.052949	3581	
0.348075	0.601537	4709	
-0.336694	0.126916	2286	
-0.255782	0.042464	6889	
-0.343594	0.727497	640	
-0.548308	0.575772	4752	
-0.525785	0.133282	5772	
-0.478489	-0.202545	2038	
0.433796	0.779446	4085	
0.884348	0.146980	651	
0.796105	0.136945	993	
-0.155573	-0.354577	3034	
0.718837	-0.610657	795	
-0.412745	0.322526	660	
-0.463631	-0.495309	2112	
-0.612420	0.504808	5024	
-0.258343	0.280835	2662	
-0.387066	0.521982	2196	
-0.555374	-0.009059	2469	
-0.644729	0.358324	4440	
-0.798678	-0.121744	1348	
-0.494847	0.179956	3252	
0.176040	-0.739389	1265	
-0.773329	0.540187	598	
-0.609985	0.548945	3318	
-0.556130	0.579558	4752	
0.612943	0.506202	5589	
0.880239	-0.139575	4383	
0.079283	-0.698143	4899	
0.773547	-0.177210	1369	
0.607550	-0.655681	505	
-0.360497	-0.283769	4348	
-0.336498	0.127348	1046	
-0.430771	0.141718	2782	
-0.489139	0.232637	2008	
-0.191015	-0.342990	2412	
-0.404132	0.620005	1250	
-0.038840	-0.738761	1431	
-0.178183	-0.716094	6314	
-0.248986	-0.732286	4924	
0.093581	-0.939458	2074	
-0.122147	0.848370	391	
-0.447602	0.152456	2670	
0.920090	-0.206584	547	
-0.339892	0.527163	612	
-0.436797	0.414496	3698	
-0.490303	-0.392198	2012	
-0.226414	-0.821294	4798	
-0.421437	-0.389794	1470	
-0.061495	0.822387	819	
-0.135057	0.326582	4644	
-0.150874	-0.238682	3265	
0.033335	-0.547128	4821	
0.499149	-0.548355	1371	
0.351142	-0.877117	5753	
-0.778895	-0.358483	1904	
-0.585780	-0.318072	2370	
0.357109	-0.655209	1207	
-0.192796	0.494039	5640	
-0.057558	-0.503134	2375	
0.411487	-0.850237	6089	
-0.262984	0.245484	2518	
-0.839816	-0.179506	684	
-0.779731	-0.209030	4728	
-0.854254	0.253977	5288	
-0.571930	0.357936	680	
-0.357791	-0.576619	5312	
0.004519	-0.410857	4197	
0.465019	-0.588328	4725	
-0.331640	0.929177	1808	
0.164632	-0.697862	805	
-0.623910	-0.007198	1509	
0.436329	-0.703336	3521	
-0.490865	0.255720	3958	
-0.829582	-0.451504	1224	
-0.343477	0.454228	6304	
0.784324	-0.524118	617	
0.703478	0.138512	6258	
-0.503048	0.690718	5462	
0.713570	-0.312697	6607	
0.520075	-0.641242	5431	
-0.475446	0.246086	1516	
-0.014166	-0.734072	1651	
-0.440225	-0.493033	528	
-0.040322	-0.583966	2973	
-0.483346	-0.449768	746	
-0.520111	-0.838031	3244	
0.059519	0.815258	6047	
-0.571477	-0.467739	4606	
-0.127130	0.847815	391	
0.608573	-0.720994	5439	
-0.031540	-0.671868	6775	
-0.346585	0.545770	1894	
-0.209577	-0.298123	1194	
-0.253560	0.370670	2430	
-0.890380	0.053049	6574	
0.851480	0.283811	6115	
0.672984	-0.057669	1386	
0.739759	0.319178	2969	
-0.529572	0.047528	1935	
-0.281583	-0.740071	2128	
0.071992	-0.689932	3739	
-0.625500	-0.579066	6354	
-0.366648	0.741608	640	
0.212285	0.696990	4409	
-0.257229	0.591933	6378	
-0.108869	-0.568647	6371	
0.356738	0.817248	6389	
-0.408486	0.428851	2302	
0.694741	0.562848	3081	
-0.465213	-0.573545	1418	
-0.142220	-0.364357	2754	
0.412352	0.742856	4617	
-0.951403	-0.261496	1828	
-0.158473	-0.348806	2328	
-0.068263	-0.487654	2545	
0.099685	-0.938887	5126	
-0.091438	-0.206002	799	
0.136261	0.729241	5734	
-0.066729	-0.335968	2964	
-0.544286	-0.432900	4714	
0.301410	0.677689	971	
0.715398	0.536905	4585	
0.742803	0.043104	6926	
-0.346944	0.176515	3170	
-0.400097	-0.749200	4618	
-0.062237	-0.853352	6386	
-0.485097	-0.557577	2024	
-0.328007	0.010070	1613	
-0.173426	-0.496518	1222	
-0.302188	0.939196	1768	
-0.146624	0.745493	1162	
-0.276726	0.226897	2594	
-0.352420	0.569528	3476	
0.459338	0.659749	4609	
-0.326510	0.154191	2784	
-0.333632	-0.138692	989	
0.344450	-0.714321	1443	
-0.335436	-0.737422	3742	
-0.296607	-0.450443	2462	
-0.744455	-0.272687	2086	
0.021454	-0.583121	6347	
-0.151944	-0.566340	717	
-0.080283	-0.240257	5931	
-0.572269	0.482600	5622	
-0.246396	0.713419	6376	
0.703850	-0.183588	4133	
0.584849	0.540093	5413	
-0.289197	0.703249	1750	
-0.596041	-0.237746	1231	
-0.300464	-0.409585	1394	
-0.649938	0.451641	6580	
-0.328790	0.198824	3326	
0.642446	0.490313	4307	
-0.442494	-0.587867	1912	
-0.603172	-0.048101	4303	
-0.833028	0.317142	6328	
0.687374	0.129358	6140	
-0.015500	-0.319913	4157	
-0.170017	0.150232	3593	
-0.566568	-0.379743	4352	
-0.253153	-0.409806	912	
0.809477	-0.373772	1375	
-0.425145	0.486255	5370	
0.378238	-0.865699	5753	
0.157628	0.973410	1823	
-0.693419	-0.640055	940	
0.311200	0.619764	5935	
0.323526	0.830763	2063	
-0.464403	-0.712129	6632	
0.665092	0.534489	2255	
0.556508	-0.569308	4751	
-0.514157	-0.001539	999	
-0.800282	0.056011	5200	
0.654008	-0.545523	3985	
-0.204488	-0.467196	2496	
-0.555643	0.290781	4760	
-0.388907	-0.005176	3767	
-0.229628	-0.610836	5654	
-0.149554	0.419206	3842	
-0.119388	-0.935640	4514	
-0.599969	0.445208	4400	
-0.129675	-0.494242	4379	
0.436811	0.591962	1911	
-0.262559	0.558520	4762	
-0.035255	0.742536	1298	
-0.175279	0.133097	1245	
0.321215	0.669226	1019	
-0.640277	-0.375332	1110	
0.632906	-0.570253	3313	
-0.155691	0.700100	806	
-0.437321	0.035811	2364	
-0.581542	-0.044889	4219	
-0.367888	-0.868806	4566	
-0.277108	0.123110	5010	
-0.448566	-0.201057	2050	
0.325669	-0.835905	3625	
0.496066	-0.803324	407	
0.553075	0.488720	1669	
-0.328464	0.360386	5808	
-0.233659	-0.560666	3154	
-0.415884	0.482437	6250	
-0.922914	0.193608	548	
-0.129323	0.214350	3976	
-0.589856	0.616049	6170	
-0.441345	0.070878	4520	
0.256554	-0.909227	607	
-0.298625	0.456641	5262	
-0.131171	-0.259664	2945	
0.725995	-0.340892	3001	
-0.568773	0.029690	1487	
-0.231714	-0.399749	3016	
-0.413888	0.714360	2068	
0.145356	-0.519353	4007	
-0.611421	-0.719086	2300	
-0.475556	0.154321	2090	
0.045263	-0.601271	5079	
0.496257	0.802675	413	
-0.729224	0.370008	3296	
-0.830970	-0.531515	1840	
0.853195	0.278611	6115	
-0.199149	0.966054	6463	
-0.174507	-0.511416	1222	
-0.419914	-0.698255	3992	
0.563083	0.563736	5529	
0.241500	0.813375	3225	
0.788203	-0.134044	669	
0.172716	0.706379	5657	
-0.106836	-0.480722	4391	
-0.615169	0.589958	4564	
-0.154963	0.477472	5642	
-0.173153	0.971065	1709	
0.518007	0.674714	1315	
-0.630337	0.224591	2808	
0.401739	-0.623208	1249	
-0.242115	0.581412	5514	
-0.129136	0.306205	5210	
0.038187	0.849595	6385	
-0.316174	0.090995	3763	
-0.755785	0.028923	926	
0.364952	0.731095	3233	
0.161118	0.719991	5657	
-0.044644	-0.417041	4083	
-0.365775	-0.326358	396	
0.538905	-0.519171	1979	
-0.343685	0.265390	5350	
-0.176920	0.811771	5101	
-0.602151	0.429446	3212	
0.698408	0.393576	1559	
0.133486	0.837987	6188	
0.614445	0.771542	2713	
-0.329531	-0.243642	1540	
-0.847457	0.059271	6242	
0.687235	0.072336	3870	
-0.522490	0.604047	5460	
-0.609570	0.014664	2139	
-0.615368	0.589733	4564	
-0.182329	0.226593	3239	
-0.831257	-0.337113	734	
-0.116813	-0.392100	3414	
-0.738442	0.653880	2356	
-0.557463	0.392979	1764	
-0.379916	-0.628468	802	
-0.369103	0.062618	1633	
0.420998	0.602886	2025	
-0.200023	-0.486409	2122	
-0.262865	0.857864	6138	
-0.268367	-0.159810	1661	
0.649253	-0.238541	3787	
0.893110	0.043115	5269	
-0.098680	-0.497670	4877	
0.733605	0.003678	830	
-0.804803	0.269288	4212	
-0.086375	-0.308657	3659	
0.016252	0.793781	3709	
0.014660	0.732917	1652	
0.244684	-0.823756	6767	
-0.448477	0.446664	6840	
-0.349969	0.431233	510	
-0.032632	-0.942701	5816	
-0.617357	0.255394	3762	
-0.343244	0.322533	3648	
-0.182465	-0.777474	3257	
0.469962	0.639322	4035	
0.341880	0.604824	4709	
0.582796	-0.452249	5321	
0.285049	0.737114	2127	
-0.749114	-0.641183	6616	
-0.386949	0.907463	1854	
-0.731446	-0.261415	4934	
0.035423	-0.543288	4017	
0.892049	0.071049	4443	
-0.781765	0.077973	5922	
0.518282	-0.468635	1829	
0.930707	-0.152209	2153	
-0.208655	-0.218915	3669	
0.611152	0.593799	6907	
0.756449	0.074315	6308	
-0.256384	-0.680210	4156	
-0.061749	-0.574083	3969	
-0.298772	-0.939750	3780	
-0.244079	0.044095	775	
-0.287413	0.243937	4098	
0.793868	-0.199797	3219	
-0.472012	-0.275829	4466	
0.836774	-0.435044	893	
-0.836590	0.140864	3092	
-0.955423	0.244302	3592	
0.746278	-0.576683	1227	
-0.536154	-0.601055	5516	
-0.323708	-0.784439	4820	
-0.301345	-0.569412	1084	
-0.920777	-0.212563	4790	
-0.685094	0.709645	2852	
-0.077025	0.983020	6545	
0.544930	-0.709467	4389	
-0.036417	-0.635861	6661	
-0.210260	-0.297770	1194	
-0.014806	-0.414211	1715	
-0.273371	0.406180	4336	
-0.325479	0.056055	2251	
-0.791051	0.065340	5200	
-0.468450	0.297819	3148	
-0.377778	-0.807847	5880	
-0.027838	-0.365244	3621	
0.893143	0.040865	5269	
-0.783793	0.074484	5922	
-0.389301	-0.559827	6692	
0.884110	-0.114032	3543	
-0.211546	-0.452791	2496	
-0.370104	-0.443246	4354	
0.455180	-0.827451	5399	
-0.508785	-0.464240	1176	
-0.247827	-0.305291	5864	
-0.517472	0.204973	4668	
-0.171692	0.971314	1709	
0.942607	-0.041129	4331	
-0.372691	-0.436305	2674	
0.676733	0.583901	3081	
-0.530862	0.292477	4096	
-0.298410	-0.894892	1234	
-0.339549	-0.880176	4138	
-0.242822	-0.316017	5864	
0.478006	-0.564331	4725	
-0.562465	-0.757930	3104	
0.237025	0.957115	1915	
-0.324475	0.437016	5928	
-0.470710	0.185654	2014	
-0.985846	0.024611	1792	
-0.236052	-0.423047	912	
0.669089	-0.132980	1211	
0.703369	0.484733	4453	
-0.024186	-0.484413	1481	
-0.166548	0.750405	5700	
-0.422999	0.515613	952	
0.730683	-0.007512	850	
-0.065048	-0.941063	6744	
0.692517	-0.234203	4763	
-0.289706	-0.797403	4664	
-0.123039	0.792051	6253	
-0.263506	0.264422	2734	
-0.015962	-0.634114	1927	
-0.274558	0.027471	5497	
-0.608018	0.260729	3052	
-0.446969	0.729539	4844	
-0.542472	0.086687	5276	
0.599918	-0.662844	505	
-0.296344	-0.178615	1485	
0.242295	-0.771587	5667	
0.521057	0.613623	4677	
0.641599	0.272006	2475	
-0.001998	-0.531171	1491	
-0.291568	0.363777	4286	
-0.476438	0.026245	1406	
-0.425014	0.233939	1332	
0.643508	0.370423	739	
0.044431	-0.594870	5079	
-0.705245	0.355511	3264	
0.526552	-0.783477	6895	
-0.239864	-0.456109	2710	
-0.323513	-0.294662	2624	
-0.497129	0.563340	3420	
-0.737246	0.316590	5980	
-0.389067	-0.268168	4027	
0.850689	0.286143	6115	
-0.426927	0.335192	660	
0.062326	-0.852283	4274	
0.526367	0.600908	4677	
0.535885	0.776835	3181	
-0.620936	-0.493061	4656	
-0.581812	0.159238	2828	
-0.387886	0.577829	5616	
-0.020077	-0.943105	5816	
-0.497163	-0.163537	397	
-0.627608	0.281495	5008	
0.572902	-0.547671	4629	
-0.052377	-0.475512	2617	
-0.448662	0.481230	4056	
-0.796594	0.086397	5320	
-0.391476	-0.263190	3345	
-0.347584	0.332725	3648	
-0.281039	0.202642	2338	
-0.687542	-0.072195	3869	
0.754460	0.567114	843	
-0.612027	0.044115	4382	
-0.325023	-0.885620	2066	
-0.485296	-0.809349	414	
-0.255317	0.262343	2576	
-0.129289	0.308624	5210	
0.140992	-0.703240	3851	
-0.687342	-0.072190	3869	
-0.246077	0.042588	775	
0.442909	-0.834155	5399	
-0.710463	0.406209	4730	
-0.567256	0.289787	4772	
-0.513837	-0.419161	4932	
-0.482896	-0.157949	4583	
0.627626	-0.299689	5183	
-0.586150	0.549302	4630	
-0.327378	0.930677	1808	
0.859833	0.257491	833	
0.283054	0.845301	5719	
-0.496890	0.325410	6626	
-0.084512	0.695837	4900	
-0.385182	0.115435	2228	
-0.486611	0.025382	6483	
-0.726773	0.048471	1845	
-0.137329	-0.265471	3344	
-0.225394	0.412433	2604	
-0.943665	0.286169	2108	
-0.984681	-0.053849	2030	
-0.418492	0.106186	3686	
-0.640672	0.012497	517	
-0.067404	-0.276885	2229	
-0.735606	0.312231	5980	
0.151792	0.878486	6823	
-0.157650	-0.597774	1971	
0.394564	-0.858284	6089	
-0.472350	0.223790	1342	
-0.539392	-0.774451	3182	
0.890283	-0.054473	6573	
-0.582833	-0.241380	5067	
0.782105	0.436415	4773	
-0.345829	-0.775137	4820	
-0.515672	-0.600669	4678	
-0.225473	0.392495	2240	
-0.515502	-0.251501	2105	
0.278303	-0.902900	607	
-0.375169	-0.484666	4952	
-0.585556	0.314375	4746	
-0.428165	0.616911	1226	
-0.194075	0.531895	2780	
0.492763	-0.805365	407	
-0.501211	0.341284	6552	
-0.411844	-0.848878	1120	
-0.412047	0.304276	570	
0.794839	-0.297965	4635	
0.685281	-0.648327	545	
-0.215068	0.782159	4896	
-0.734329	0.016137	829	
-0.320120	0.251808	4876	
-0.336313	-0.413570	1436	
-0.848575	-0.415118	870	
-0.001679	-0.370986	583	
-0.564193	-0.295783	709	
-0.125630	0.244242	6690	
-0.889502	-0.105157	6710	
-0.063138	-0.792645	6048	
-0.566278	-0.635524	736	
-0.132331	0.305375	5210	
-0.349703	-0.542089	4530	
-0.281365	0.030650	5497	
-0.197691	0.782738	3694	
0.490621	-0.748779	6173	
0.768789	0.458993	5677	
0.164393	0.972281	1823	
-0.257931	0.440215	3374	
-0.936275	-0.311336	1814	
-0.213748	0.494480	1932	
0.605932	-0.723241	5439	
0.682210	0.166456	488	
0.584355	-0.621444	6169	
0.741046	0.501626	5499	
-0.471981	0.760901	6272	
-0.888673	-0.321755	6544	
-0.208451	0.676394	5506	
-0.378076	0.418328	568	
0.146025	0.879465	6351	
0.053456	-0.753923	6521	
0.803703	-0.155062	5367	
-0.042461	0.985137	6605	
-0.767034	0.220838	4860	
-0.782909	0.166237	1370	
-0.605268	0.554313	3318	
0.275454	-0.759619	1991	
0.835214	0.327571	6803	
-0.254842	0.285073	2662	
-0.198288	-0.763373	6701	
-0.492220	-0.027728	5651	
0.287092	0.843952	5719	
-0.523641	-0.352806	1428	
0.368501	0.812078	4355	
0.234286	-0.915122	5533	
-0.646916	-0.384274	740	
-0.275396	-0.259104	6196	
-0.488414	0.154987	3708	
0.717920	-0.611732	795	
0.092193	-0.747117	5875	
-0.282442	-0.414398	2380	
-0.551935	-0.039679	4889	
