-0.520972	-0.451008	3617	
0.304708	0.551725	8895	
-0.451370	0.003802	1119	
-0.355772	-0.731181	5861	
0.795297	-0.237004	7971	
0.035365	0.720454	8202	
0.964300	0.077351	999	
0.956030	0.014735	1658	
-0.652555	-0.382098	4588	
-0.723955	-0.100476	426	
-0.212298	-0.708038	2015	
0.622188	-0.104237	3796	
0.148128	-0.600116	7059	
0.342008	-0.778165	7031	
0.613806	-0.611670	6796	
0.926036	-0.201332	818	
0.884502	0.193703	8404	
0.518846	-0.361749	1150	
0.886523	0.239404	9295	
0.552328	-0.225843	8922	
0.822551	-0.400612	8432	
0.362728	0.431136	6786	
-0.701878	-0.554880	4781	
0.825532	-0.319847	4027	
0.865344	-0.355763	5637	
-0.395652	-0.810578	5341	
0.703114	-0.501300	7680	
0.538795	-0.677809	6258	
0.549157	-0.279158	8436	
0.166952	0.598953	4667	
-0.023148	-0.902484	4171	
0.152970	-0.940899	2649	
-0.087155	-0.938672	7248	
0.021343	-0.987501	5252	
-0.566428	0.498454	9285	
0.196358	0.596497	6855	
-0.664288	-0.363916	8697	
0.156410	-0.909590	4159	
0.916192	-0.012091	8902	
0.290551	0.569968	3267	
0.653406	-0.516778	4728	
-0.799729	0.157538	342	
0.598911	0.214475	4677	
-0.152439	-0.776340	3122	
0.947060	0.107024	8392	
-0.630012	-0.434612	5592	
0.633484	0.103729	2881	
0.662355	0.614715	4986	
-0.762595	0.238832	539	
0.111039	-0.765082	5174	
0.666207	0.658175	581	
0.335398	-0.819887	6870	
-0.639681	0.186877	1395	
-0.639905	-0.136935	4151	
-0.816619	-0.077062	7728	
-0.543748	0.438336	7701	
-0.376518	-0.858962	464	
0.495666	-0.200703	2818	
-0.630800	0.262932	7833	
0.835327	0.313220	6053	
-0.687806	0.183820	2613	
0.876588	0.119488	5122	
-0.338754	-0.762168	5921	
0.551252	0.210496	2538	
-0.507157	-0.143124	5656	
0.317505	0.496168	7192	
0.768123	-0.434795	4899	
0.639686	0.102376	2881	
-0.503143	-0.726439	4933	
-0.494674	0.047502	318	
0.788820	-0.424349	5646	
0.166614	-0.836173	5020	
0.415028	0.457559	1058	
-0.324004	0.621339	279	
0.752480	-0.308903	1839	
-0.460780	0.225041	1285	
0.734883	-0.366954	7004	
-0.167759	0.689507	5595	
-0.187438	-0.528882	5786	
0.653061	0.648740	6514	
0.904061	0.335218	3771	
0.300236	-0.868072	8050	
0.498599	0.788457	6212	
0.802391	-0.402087	3181	
0.768385	-0.400936	3794	
-0.816151	0.074017	5628	
0.600014	-0.622375	7047	
-0.675219	-0.172493	5323	
0.146169	-0.814058	4989	
-0.481147	-0.197510	4077	
0.095512	0.720346	1102	
-0.175022	-0.459188	849	
0.975939	0.063717	9102	
-0.500020	0.510061	1577	
0.708848	0.662963	2192	
-0.454778	-0.577438	1349	
0.918142	-0.151884	297	
0.529358	0.174925	8938	
0.470277	0.327229	1390	
0.553028	0.090655	5981	
-0.717066	-0.045359	429	
0.678973	-0.435763	3321	
-0.601807	0.360325	4036	
-0.564474	-0.666231	6304	
0.367678	0.434243	7197	
-0.367883	0.542892	1950	
-0.089000	-0.523726	6251	
0.911755	-0.185015	382	
-0.792600	-0.107573	3668	
0.763959	0.473399	6129	
-0.055441	-0.527910	8912	
-0.194509	0.707602	761	
-0.304964	0.671831	6592	
-0.678740	-0.397494	5117	
0.902754	-0.312166	500	
-0.618473	-0.364362	4469	
0.754911	-0.456066	6134	
0.125336	0.601243	2741	
0.584771	0.011888	2675	
0.573089	0.106649	7771	
0.065235	-0.810626	7093	
0.696879	-0.410504	4400	
0.181126	-0.868558	874	
0.408227	-0.772420	1443	
0.502436	-0.374947	6958	
-0.215317	-0.689582	1916	
0.711275	-0.443355	5459	
0.909895	-0.180839	382	
0.281065	-0.882005	591	
-0.420987	-0.317851	822	
0.012633	-0.854422	9134	
0.583111	-0.644739	7994	
0.360137	-0.472644	6951	
-0.702442	0.294686	4485	
0.788961	-0.280909	2141	
0.823914	0.457809	1664	
0.925335	-0.214729	1234	
-0.749960	-0.231636	4817	
0.205210	-0.491459	1179	
-0.672972	-0.076149	7399	
0.839371	-0.215240	4121	
0.302610	-0.497217	1888	
0.673104	0.677897	581	
-0.575100	0.333861	2564	
-0.054519	-0.580935	1871	
0.533272	-0.026211	2214	
0.585951	-0.114966	6068	
-0.621600	0.214238	5619	
-0.192164	0.701951	6531	
-0.045271	-0.960351	1049	
0.318267	-0.558384	1544	
0.551752	-0.712927	6186	
0.939922	0.084636	999	
0.051776	0.991603	8954	
0.787537	0.467542	6267	
-0.359886	-0.396663	6296	
0.721021	-0.522041	3843	
0.385088	0.227666	1955	
-0.193752	-0.786478	5643	
0.462488	-0.787030	2948	
0.126561	-0.787498	4973	
-0.287160	-0.839142	8288	
0.214230	-0.837378	8690	
-0.333673	0.605261	649	
0.351209	-0.506597	8154	
-0.155547	-0.908425	8424	
0.432804	-0.698822	3713	
0.544032	0.203438	2017	
-0.081101	-0.781652	4789	
0.244109	0.535860	8850	
0.142082	-0.845066	6150	
-0.106796	-0.727264	1286	
0.660818	0.674261	581	
0.636049	-0.721980	8049	
0.495132	-0.270288	4242	
0.838279	-0.240800	4063	
0.499669	-0.684157	4168	
-0.119180	0.748850	6789	
-0.072431	-0.776520	4789	
-0.063368	-0.567966	3322	
-0.670844	-0.030788	7986	
0.837227	-0.240168	4063	
-0.698394	0.327871	3655	
-0.580186	0.406899	2216	
-0.635307	0.164038	4569	
-0.516681	-0.446059	3617	
0.584022	0.142337	328	
-0.208050	-0.497063	7918	
-0.704256	0.319967	3655	
0.108827	0.476598	3981	
0.293581	0.914837	2212	
-0.551685	-0.711746	6396	
-0.596298	-0.370562	4583	
-0.674214	-0.503874	8670	
0.395913	-0.390448	4431	
-0.543895	0.433499	8127	
0.804201	0.384685	5873	
0.497196	-0.748436	263	
0.737660	0.540791	5482	
-0.776812	0.149589	396	
-0.504537	-0.566318	3467	
0.857834	-0.344666	5945	
0.576879	-0.051278	1719	
0.845961	0.047124	1457	
-0.479638	-0.753481	4232	
-0.531304	0.516019	9399	
0.484274	0.425529	2551	
-0.704297	0.197479	4424	
0.473820	-0.837730	9434	
0.336669	-0.911440	6260	
-0.190418	-0.951489	4543	
-0.282261	0.491981	9104	
0.688568	0.646915	1552	
0.471754	-0.389225	5376	
0.862429	0.071257	4017	
-0.673468	-0.071955	5457	
0.273126	-0.731202	5543	
-0.175531	-0.723687	2749	
-0.674586	-0.352550	1537	
0.512641	-0.250032	9280	
0.861695	-0.404960	3917	
-0.138487	0.551356	6689	
-0.557314	-0.372999	3818	
0.914484	0.181987	7640	
-0.049314	0.736597	4595	
0.872547	0.006376	5560	
-0.375964	0.677799	2288	
-0.028040	0.482594	2239	
0.219003	-0.869743	1982	
0.832988	0.287981	5512	
0.794259	-0.320159	3637	
0.293949	-0.767298	6027	
-0.209190	-0.747863	3545	
-0.630195	-0.505148	1391	
0.930590	0.238489	8882	
-0.625196	-0.598898	3484	
-0.215681	-0.477400	8148	
0.521322	0.803953	6212	
0.255021	-0.834205	4992	
-0.654617	-0.040311	3936	
0.822596	-0.274907	3303	
-0.480494	0.452790	7086	
-0.305901	-0.689982	5569	
-0.301328	-0.818313	8819	
-0.735972	-0.147681	1030	
0.769667	-0.461458	6179	
0.312018	0.625680	7809	
-0.088723	0.729018	6701	
0.447049	-0.850513	1554	
0.583971	0.717269	8689	
0.174584	0.675977	8166	
-0.494370	0.095074	6681	
0.558672	-0.182744	8522	
-0.817228	-0.005895	5428	
-0.099654	0.635231	1826	
-0.207515	0.707038	1820	
-0.292889	0.624024	6828	
0.889674	-0.414901	2713	
-0.194335	-0.941388	7628	
0.543083	-0.229396	8769	
-0.258039	-0.713024	3912	
0.278666	0.495112	5761	
-0.509945	0.092652	6417	
-0.346817	-0.620860	832	
0.747598	-0.316100	7378	
0.857855	0.302461	7663	
0.283152	-0.810921	4074	
-0.785227	-0.160271	4869	
0.418013	0.405873	3480	
-0.762435	0.204470	746	
-0.530665	0.553943	9037	
-0.238059	-0.678849	3751	
0.852023	-0.041997	6112	
-0.332370	-0.804168	5451	
0.096203	-0.795058	6389	
0.169036	-0.578208	7367	
0.398055	-0.818305	8342	
0.222238	0.618394	6740	
-0.717642	-0.005560	8053	
-0.475095	-0.535582	6831	
-0.732979	0.235299	5667	
0.331796	-0.794397	7241	
0.201274	-0.570639	9190	
0.431950	-0.793283	1976	
-0.530660	0.519198	9399	
-0.717782	-0.212912	1876	
0.106683	-0.630026	1771	
0.530982	-0.289786	3899	
0.396303	0.514058	7102	
-0.140124	-0.746791	4131	
0.749193	0.554452	5473	
0.536656	-0.166162	7873	
0.558976	0.822316	1338	
0.706406	-0.444338	5459	
0.584928	-0.546801	2178	
0.365834	0.478996	8737	
-0.243470	-0.801165	6377	
0.892868	-0.364217	3345	
-0.755952	-0.194131	6407	
-0.664551	0.344816	2626	
-0.561764	-0.450725	6725	
0.230040	0.538238	8850	
-0.630504	0.368106	954	
0.275690	0.627756	7000	
-0.815373	-0.192744	7007	
-0.079261	-0.847052	4080	
0.794379	-0.447675	7649	
0.564580	-0.739222	692	
0.535656	-0.154607	7776	
0.465419	0.377470	3437	
0.634978	0.659339	6391	
-0.736062	0.162216	8440	
0.874539	-0.325528	1727	
0.539149	-0.070019	3866	
-0.360367	0.415595	8464	
0.747535	-0.567565	1077	
0.597569	-0.132442	7615	
0.184277	-0.933589	8085	
-0.461816	0.576426	6743	
-0.363394	-0.690511	3947	
0.932303	-0.109360	5030	
-0.705388	0.105353	5550	
0.626247	-0.095734	3796	
-0.800535	-0.225662	4936	
-0.465121	-0.620204	6927	
0.811168	0.421191	2397	
-0.481590	-0.759267	5439	
0.319804	-0.711001	1475	
0.649252	-0.644175	5876	
0.060178	-0.773892	4913	
0.707855	-0.630487	8328	
-0.098465	-0.734046	738	
0.668659	0.670854	581	
0.042295	0.667918	7394	
0.078101	0.992021	2888	
0.384663	-0.876673	716	
-0.279773	-0.814477	7864	
0.971243	0.070574	9102	
-0.284309	-0.372549	3384	
0.226662	0.674855	3755	
-0.771441	-0.204811	6407	
-0.486655	-0.575684	2060	
-0.342933	0.679775	2235	
-0.690994	-0.361641	7764	
0.524274	0.107560	4585	
-0.117546	-0.723399	1866	
0.875572	-0.226287	6383	
-0.592410	0.402787	3642	
-0.291807	-0.683973	5961	
-0.264239	0.502587	1965	
-0.672315	-0.067166	5457	
-0.144356	-0.758438	4131	
-0.584506	-0.704255	8688	
-0.582871	-0.337242	5027	
0.060619	-0.885252	9106	
-0.528174	0.519035	9399	
-0.661360	-0.179891	5033	
-0.058115	0.724727	4595	
-0.291150	0.486907	1665	
-0.330575	-0.715124	6050	
-0.339634	-0.432351	5688	
-0.426761	-0.789060	799	
0.339848	-0.897817	537	
-0.552899	-0.687745	7312	
0.903647	0.073629	5821	
0.858919	0.137852	4935	
-0.446377	0.482115	5741	
-0.347360	-0.707856	5506	
-0.092834	0.735901	6701	
0.201726	-0.592478	8058	
0.717012	-0.409335	5105	
-0.427229	0.599089	1436	
0.787760	0.431486	512	
-0.104302	0.704515	6966	
-0.117292	0.632680	2789	
0.924083	0.256103	8882	
0.353863	-0.697928	2504	
-0.661381	0.387533	1817	
0.900396	0.183904	8404	
-0.422096	-0.724758	706	
-0.723561	-0.451945	6120	
0.872706	-0.414152	4004	
-0.602363	-0.643171	5285	
0.857700	-0.161527	2656	
-0.348666	-0.699817	3947	
0.176143	-0.610063	7509	
-0.737469	-0.274429	4962	
-0.430722	0.486549	4773	
-0.178605	0.631751	1501	
0.851278	-0.464451	4313	
0.869079	-0.133545	2073	
0.481868	-0.732152	7834	
-0.537665	-0.742185	6837	
0.414404	0.887051	7773	
-0.421080	0.589861	1436	
-0.665963	-0.598417	4985	
0.169397	0.662967	6007	
-0.466136	-0.186201	9418	
0.443300	-0.798309	1976	
0.202373	-0.933377	9377	
0.630859	-0.067399	5665	
0.838513	-0.220210	4121	
0.424273	-0.366636	4721	
0.601699	0.080567	1918	
0.150527	0.624355	7851	
0.203371	0.961936	5758	
-0.590301	-0.483082	5255	
0.885157	0.217424	8629	
-0.145774	-0.873729	6229	
-0.033085	0.740668	7117	
0.943353	-0.146119	1218	
0.734790	-0.327894	5826	
0.546004	-0.793717	4887	
0.106984	0.694456	7961	
0.467675	-0.834397	9434	
0.937667	0.149633	6455	
0.465387	0.347596	3186	
-0.281010	-0.458069	3873	
0.377280	0.899162	4631	
0.017241	-0.828737	6002	
-0.634981	0.355478	954	
0.333319	-0.476298	7384	
0.901084	-0.260075	8417	
-0.732548	-0.252410	4158	
0.060965	-0.907639	2321	
0.400534	-0.889910	2405	
-0.107486	-0.823227	5505	
-0.114990	0.696022	6966	
0.808299	-0.368087	3868	
0.621179	0.063116	1946	
0.936369	0.263551	5218	
0.233662	-0.602965	5685	
0.071728	0.618468	1326	
0.226792	-0.920847	4769	
0.283128	0.921216	2212	
-0.545625	-0.674814	6331	
-0.763504	-0.053625	891	
0.703366	-0.600033	9429	
0.908720	0.330279	3771	
-0.644297	-0.002187	5436	
0.717548	0.593729	1066	
-0.057859	-0.597728	1271	
-0.346198	0.583690	2692	
0.722181	-0.621195	4950	
0.611864	-0.148570	1696	
0.635355	0.668986	9219	
-0.691353	0.249014	2582	
0.030575	0.644685	1893	
0.131913	-0.871402	8711	
0.779796	-0.483475	8198	
-0.283891	0.630295	7012	
0.859634	-0.384700	1105	
-0.374684	-0.835193	1358	
0.720527	-0.421769	5933	
-0.787829	-0.060459	1125	
-0.041917	0.707607	7787	
-0.526804	0.522622	9399	
-0.342775	-0.648693	855	
-0.153189	-0.886067	7791	
0.731977	-0.429112	5933	
-0.529301	0.389621	8161	
0.923570	-0.126626	5030	
-0.710418	-0.268746	3041	
-0.484418	-0.531815	6831	
0.952004	0.167935	1483	
0.778057	0.487392	6129	
-0.178738	-0.911908	1754	
0.818829	-0.369343	5158	
0.722639	0.644096	2192	
-0.502989	-0.465991	3066	
0.407422	0.413349	2900	
-0.663704	0.257221	2849	
-0.490716	0.148327	3258	
-0.673637	0.171269	3290	
0.396897	0.428379	6985	
0.963524	0.230903	3348	
0.874304	0.415303	9130	
0.189132	-0.818683	5020	
-0.008795	0.713919	8682	
-0.582188	-0.422913	5449	
0.503003	0.346082	1986	
-0.066297	0.686035	6269	
0.893553	0.110050	3825	
-0.338885	-0.739807	5287	
-0.541054	-0.605677	4847	
-0.693115	-0.507248	9427	
0.681568	-0.613917	9402	
-0.469955	-0.511057	4896	
-0.242135	-0.700519	2044	
-0.269518	-0.686027	1318	
-0.646394	-0.031179	5120	
-0.360678	0.622529	323	
-0.776526	-0.324259	4197	
-0.640549	-0.179175	4140	
0.445878	-0.355030	2102	
-0.709965	-0.085272	426	
-0.319038	0.467137	7052	
0.552078	-0.096555	5208	
-0.494624	-0.772294	5996	
-0.631635	0.149834	1886	
-0.219254	-0.424014	7948	
-0.486052	0.185961	2819	
-0.523365	-0.427683	3617	
-0.211410	-0.762362	5846	
0.718519	-0.461033	7173	
-0.794281	-0.046777	1125	
-0.032070	0.629211	2074	
0.815496	0.353114	4793	
-0.640958	-0.238823	1168	
0.147040	-0.590287	7819	
0.364433	-0.842847	7520	
-0.772433	-0.210851	6407	
0.831221	0.472208	1664	
-0.142659	-0.872987	6229	
-0.746572	-0.386038	261	
0.565698	-0.088956	5649	
0.267383	-0.743078	7302	
0.346351	-0.451392	6706	
-0.308541	0.655399	3131	
0.404027	-0.457527	9457	
0.538105	0.780641	5623	
0.581651	0.079122	6510	
-0.430936	-0.125549	6442	
-0.226149	-0.941654	4592	
0.382995	-0.760398	8174	
-0.609840	-0.412250	5580	
-0.541116	0.483988	6539	
0.493295	0.317069	8641	
0.550296	0.750390	6838	
-0.792244	0.001596	3802	
-0.459145	0.615353	5671	
0.671433	0.682654	581	
0.251399	0.648255	2122	
-0.114111	-0.886084	6001	
0.849573	-0.241938	5991	
-0.171001	0.711463	6466	
-0.627386	-0.550546	8600	
-0.508578	0.056269	423	
-0.125746	0.651224	3377	
0.881226	0.162407	5530	
0.862577	-0.223738	6350	
0.422548	-0.368520	4721	
0.378020	-0.721363	3319	
0.271265	0.370139	3373	
-0.822993	-0.098492	6030	
-0.402187	0.636351	1685	
0.001514	0.705304	6462	
0.225750	-0.829524	8000	
0.651832	-0.464067	4955	
-0.621664	-0.522887	1248	
-0.504915	-0.619381	2752	
-0.063668	-0.962912	7454	
-0.304858	0.673976	6592	
0.567529	-0.042129	2761	
-0.123265	0.633316	2789	
-0.643406	0.232823	8684	
0.915204	0.123304	8837	
-0.775607	-0.365600	8727	
-0.696061	-0.224951	1876	
0.941995	-0.228198	4691	
0.546187	-0.761361	1073	
0.022505	-0.767998	2367	
0.946662	-0.029708	8409	
-0.264389	-0.822163	8774	
-0.478987	-0.552177	4714	
0.357707	0.466974	6016	
-0.357242	-0.622541	832	
-0.527578	-0.640266	4949	
0.255708	-0.802276	3620	
0.926364	-0.268864	8709	
0.950763	-0.100511	7044	
-0.056122	-0.555661	7190	
0.169408	-0.822793	5020	
0.498716	-0.289038	7222	
0.463476	-0.630797	9338	
0.409763	0.482432	1058	
-0.129195	-0.943556	8474	
0.306949	0.326888	3449	
0.814016	-0.453906	8779	
0.435932	-0.404475	442	
0.748559	-0.366897	7094	
0.785397	0.386458	8726	
0.323190	-0.875881	532	
0.531628	-0.744058	1073	
0.678638	-0.439465	6240	
-0.615069	0.332947	6489	
0.113379	-0.565943	6889	
0.091677	-0.961183	3614	
0.145119	-0.906749	2474	
-0.496911	0.081546	6477	
-0.107170	-0.915429	9349	
-0.602504	0.355084	4036	
0.765176	-0.326408	1327	
0.937897	-0.000012	9437	
0.470389	0.367143	3660	
0.664043	0.615495	5501	
-0.647320	-0.299748	2842	
0.523323	0.810847	753	
-0.738295	-0.295302	5306	
0.461539	-0.339928	3587	
-0.752755	-0.158574	4808	
0.153705	0.603610	4667	
0.604627	-0.064245	5212	
-0.667416	0.228746	2407	
0.219506	0.583724	5976	
0.285845	0.607402	5526	
0.962121	-0.142842	6886	
-0.632313	-0.349998	8572	
-0.397132	-0.791177	6308	
-0.381080	0.661782	2288	
0.338037	0.513408	8932	
-0.352257	0.577333	2692	
-0.348793	-0.728344	5861	
0.841050	-0.318455	4027	
0.420964	-0.466970	6413	
-0.764542	0.253767	518	
0.892352	0.074497	5821	
-0.224564	0.693491	4833	
-0.092058	0.636290	1895	
0.611483	-0.556536	5493	
-0.289433	0.596737	3222	
-0.338144	-0.791506	5944	
0.473721	-0.702412	5202	
-0.532289	-0.661335	5811	
-0.107888	-0.816038	5505	
0.402129	0.443110	1760	
-0.014833	-0.594241	309	
-0.707594	-0.099072	2379	
-0.235305	0.522932	5657	
0.874545	-0.307997	288	
-0.124151	-0.888865	6660	
-0.702657	-0.107057	2379	
0.386022	-0.440301	6641	
0.619911	-0.639190	8348	
-0.525270	0.375200	7606	
0.581960	-0.218453	3746	
0.595655	-0.135744	4068	
-0.509264	0.459556	6599	
0.286173	-0.877255	1178	
-0.581704	-0.664173	7207	
0.309514	0.531050	8900	
0.161942	-0.618883	9312	
0.326012	0.593904	3979	
0.845159	-0.275292	5495	
-0.436282	-0.788143	438	
-0.735742	-0.227833	4272	
-0.672818	-0.275521	2852	
0.689413	-0.466155	5859	
0.565975	0.303564	3788	
-0.525145	-0.505982	5617	
-0.394698	0.547390	7246	
-0.524844	-0.649936	4949	
0.054857	-0.803509	5930	
-0.299602	-0.765120	4883	
-0.120165	-0.559653	477	
-0.757086	-0.404314	261	
0.323277	-0.712240	1208	
-0.158507	0.696286	7853	
-0.773506	0.078476	1494	
-0.626305	0.273962	7833	
0.251425	0.571337	3889	
-0.056030	-0.822349	966	
-0.169330	-0.841675	6922	
0.579381	0.207534	2612	
0.297332	-0.527601	6918	
-0.621963	-0.473480	5172	
0.655178	-0.563522	8706	
-0.313581	-0.825541	8819	
-0.250942	-0.791553	8274	
0.301456	-0.857567	8050	
-0.642171	0.007814	8270	
0.094643	-0.600211	9368	
0.643980	0.669237	9219	
-0.709780	-0.277288	3413	
-0.507582	-0.524580	6444	
0.424726	-0.706310	3713	
0.362858	-0.743139	4483	
0.939155	0.199170	7824	
0.542262	-0.696019	7224	
-0.656745	-0.573520	3094	
-0.454202	0.463437	6758	
0.509877	-0.665664	5179	
0.557296	0.157505	8082	
-0.343244	-0.645030	855	
0.173135	-0.901388	4159	
-0.395305	-0.320586	509	
-0.833790	-0.017504	5102	
-0.692388	0.070236	5071	
0.242611	0.584539	5478	
0.614210	0.020610	4717	
-0.191186	-0.894262	2085	
-0.710411	0.069586	1227	
-0.617401	-0.275850	8102	
-0.625029	0.454333	2347	
0.241009	0.643269	978	
0.312782	-0.916699	5866	
-0.660573	-0.236714	1809	
0.834801	-0.293298	4011	
0.668245	0.669070	581	
-0.744986	-0.194609	5575	
0.881018	-0.105287	6724	
-0.151529	-0.726277	1558	
0.488399	0.331591	8043	
0.185926	0.627681	2520	
0.073508	-0.826257	7140	
-0.231840	-0.767186	6866	
0.816912	0.458511	1664	
0.875069	-0.074493	8246	
-0.088173	-0.575307	1990	
0.789178	-0.339786	3637	
-0.622990	0.380620	5063	
0.256520	-0.596277	1653	
0.533707	0.228564	3165	
-0.429162	-0.538465	4822	
-0.327265	0.573366	1802	
0.744250	-0.424832	5141	
0.908571	-0.020708	1845	
0.786014	-0.335240	3637	
-0.492704	-0.688467	4905	
0.785814	-0.435502	5646	
-0.671946	-0.313014	4624	
0.621528	0.689772	8939	
-0.587104	0.457130	901	
0.812068	0.478512	1664	
0.489029	0.804734	1057	
0.278588	0.629658	5391	
0.064383	-0.624753	4002	
0.251061	-0.744665	6124	
-0.508431	-0.664494	4148	
-0.679045	-0.219858	1832	
0.674809	-0.417629	2743	
-0.770485	-0.125565	1670	
0.842416	0.156903	5108	
-0.250126	-0.671386	2123	
-0.549560	-0.624353	5541	
-0.702391	0.179133	3526	
-0.005784	-0.785022	3110	
-0.101747	-0.860238	4978	
-0.457818	0.217296	1704	
0.020489	-0.798523	5865	
0.861530	0.215868	7796	
0.748397	-0.435562	6134	
0.503956	0.786208	6212	
0.840820	0.426246	9244	
0.380828	0.457586	5883	
0.420184	0.349240	2181	
0.814120	-0.252383	4063	
0.117567	-0.607448	8839	
0.263083	-0.800544	3767	
0.232852	0.590400	5478	
-0.534766	-0.532658	4750	
0.564517	-0.651033	7994	
0.819872	0.441588	2397	
0.275494	-0.590353	1652	
0.729953	-0.494901	7812	
-0.387898	-0.745335	6626	
-0.435725	0.293043	1280	
0.466138	0.845751	7445	
0.494737	-0.761890	263	
0.542394	0.293318	567	
-0.456429	-0.625720	2425	
0.402028	-0.468367	2246	
0.154059	-0.599673	7059	
-0.722852	0.024647	2329	
-0.689224	-0.534057	4270	
-0.338995	0.619882	649	
-0.703710	-0.122494	1906	
0.708666	-0.577441	7841	
0.740198	-0.433384	5933	
-0.628122	-0.254721	1258	
-0.733495	-0.431108	5535	
0.841968	0.157415	5108	
-0.651596	0.205844	255	
0.785955	-0.426229	5646	
-0.744850	0.300620	7377	
-0.714575	-0.253453	3041	
-0.745730	-0.026985	2605	
0.226037	0.395413	3240	
-0.179876	-0.786070	4084	
0.405987	-0.440478	9384	
-0.666081	0.101896	5201	
0.233990	0.631898	6785	
0.690207	0.583687	5486	
-0.657725	-0.290256	2842	
0.595987	-0.171651	7166	
-0.746578	0.203514	746	
0.823959	-0.189703	3464	
0.621348	-0.721764	7814	
-0.383943	-0.241918	1710	
0.547694	-0.289819	8436	
0.358465	-0.523958	8494	
-0.240289	-0.735415	3701	
0.284098	-0.757198	7302	
0.356094	0.540285	7957	
-0.401116	0.528117	2207	
-0.642858	-0.304166	7532	
-0.501804	-0.464434	3066	
0.079375	-0.825173	7124	
0.173141	-0.898245	4159	
0.866723	0.239417	8280	
0.543818	0.022917	2667	
0.430337	-0.321161	1266	
-0.405373	-0.699116	960	
-0.497398	-0.580064	1938	
0.875693	-0.043677	9265	
0.517633	0.281013	6089	
-0.245922	-0.681944	2044	
0.698778	-0.427230	4400	
-0.382359	-0.339960	6569	
-0.037239	-0.562434	1812	
-0.807625	-0.021276	712	
0.444313	0.435346	4419	
-0.470829	-0.178478	9418	
0.541317	0.168794	8815	
0.274169	-0.810796	4074	
0.943239	-0.014780	8947	
-0.685171	-0.255620	2772	
-0.485508	-0.210098	4077	
0.249460	-0.935821	6486	
-0.300853	-0.785508	5015	
-0.482280	0.421967	7389	
0.714422	-0.672287	5500	
-0.439651	0.111970	3379	
-0.363952	-0.753330	6872	
0.573431	0.042349	4312	
0.633837	-0.035441	3953	
-0.012777	-0.965751	3689	
-0.746208	-0.419563	5535	
-0.451759	0.534602	6105	
0.615256	-0.567890	4700	
0.194118	-0.943665	8085	
-0.637323	0.311215	356	
0.027996	0.649833	4614	
0.112997	-0.631106	1771	
-0.623845	0.331791	6827	
-0.834048	-0.130210	6163	
-0.729133	-0.134000	2895	
0.515944	0.294974	258	
0.092282	-0.887047	7835	
-0.294497	-0.456941	6318	
-0.462670	-0.593372	3734	
-0.633392	-0.189142	3242	
-0.411888	0.202086	346	
-0.712119	0.135641	5256	
0.162953	-0.772565	457	
-0.302690	-0.871500	8584	
0.213762	-0.818085	8554	
-0.453837	-0.755644	3416	
-0.670823	-0.194023	5338	
0.356481	-0.859454	679	
0.202613	0.641308	668	
0.137626	-0.589384	7819	
-0.745293	0.197906	910	
-0.002077	-0.582193	7977	
0.391061	0.425888	6985	
-0.228807	-0.411534	1604	
0.362205	-0.441612	4108	
-0.515984	-0.733702	5673	
0.411074	-0.422720	7488	
0.030810	-0.560326	7450	
0.863849	0.149802	5552	
0.446559	0.306872	8712	
0.481591	0.440234	3604	
0.159629	-0.816318	6059	
-0.629996	0.423429	5353	
-0.447465	0.636294	5767	
-0.662914	-0.126255	4759	
-0.558416	-0.675111	7207	
0.606274	-0.016601	2924	
0.634028	-0.744275	2935	
-0.447156	0.604167	5671	
-0.074088	-0.953811	7454	
0.263490	-0.547584	8261	
-0.039279	-0.562626	1812	
0.819609	-0.194458	3464	
0.285059	-0.568812	546	
-0.627734	-0.402012	4622	
0.556088	0.775781	5691	
-0.166616	-0.711166	2392	
-0.423950	-0.838049	527	
0.251429	0.643547	6683	
-0.503490	-0.721443	4933	
0.731264	-0.461425	7173	
-0.100647	0.698140	6966	
0.311362	-0.797461	6458	
0.413215	-0.837074	8342	
0.544922	-0.011359	2214	
0.472057	0.398644	2512	
-0.127937	-0.916567	9086	
0.761470	0.555565	5473	
-0.082063	0.728890	6701	
0.848154	0.017703	5560	
0.269959	0.537939	4563	
-0.688928	-0.348675	2035	
-0.501112	0.515346	8702	
0.365480	-0.525628	1507	
0.517724	0.780596	6212	
-0.797358	-0.131584	3668	
0.087816	0.603042	1770	
-0.509494	-0.112345	3877	
0.752151	-0.369122	6323	
0.121221	0.650961	1346	
0.570318	0.147708	1978	
0.000620	-0.975866	3689	
0.631827	-0.081713	5070	
-0.712984	-0.040716	429	
0.517074	-0.189189	5768	
-0.559132	0.346616	2610	
0.450100	-0.790002	561	
-0.385426	-0.583799	7245	
-0.664971	0.081606	5607	
-0.630425	0.264323	7833	
0.432286	-0.678409	1629	
0.889320	0.383605	7018	
-0.832163	-0.017086	5102	
-0.344561	-0.857818	1919	
-0.400885	-0.296885	509	
0.708285	-0.441875	5459	
-0.473077	-0.553293	4714	
0.468992	0.343717	3186	
0.495664	-0.248275	2802	
0.347824	-0.455024	6963	
0.526646	-0.600807	752	
-0.677130	0.368049	2962	
0.443058	-0.012034	1120	
0.300223	-0.529200	6918	
0.098982	0.594595	2003	
-0.191189	-0.739956	3545	
0.615295	0.022343	4717	
0.882924	-0.335308	1727	
-0.365723	-0.620884	348	
-0.653749	-0.499985	1143	
-0.757511	0.225275	746	
0.799188	-0.224950	7971	
0.611074	-0.130133	5895	
-0.667134	0.307624	1789	
0.158877	-0.558016	6885	
-0.707604	-0.232101	2094	
-0.826252	0.037499	6039	
-0.773129	-0.116923	1670	
-0.708954	0.351144	3853	
0.585957	-0.523243	2338	
-0.554682	-0.489124	7733	
-0.226899	0.713265	3768	
0.696425	-0.405688	4400	
0.481898	-0.831660	9434	
0.570124	-0.635687	7994	
-0.389284	0.516125	8668	
0.895413	0.035052	5129	
-0.490712	-0.082656	1987	
-0.646486	0.245859	7880	
0.140354	-0.565795	7523	
-0.517406	-0.101066	4584	
0.156389	-0.863376	300	
-0.755007	-0.398846	261	
0.311692	-0.373225	3538	
-0.478498	-0.597972	6927	
0.559116	-0.107379	5208	
0.013734	-0.858725	9134	
-0.506470	-0.658863	4148	
0.497982	-0.268283	4242	
0.413701	-0.449342	8297	
0.873022	-0.437214	4004	
0.691387	0.696373	6781	
-0.725205	-0.302766	5306	
-0.191602	0.718484	1153	
0.190840	-0.621398	7314	
0.600180	0.738010	7781	
0.536629	-0.087017	3866	
0.211186	-0.964052	2754	
0.112129	-0.874296	8711	
-0.641842	0.106734	3851	
-0.571615	-0.358895	3011	
-0.000872	-0.774674	3856	
0.508928	-0.171831	5768	
-0.305125	-0.758369	5183	
0.972421	0.115089	3513	
-0.486552	-0.601134	2060	
0.816714	-0.237879	3434	
-0.661935	-0.409160	6372	
0.853417	0.152569	5552	
0.184880	-0.566385	8225	
-0.586442	-0.622512	4222	
0.092893	-0.864561	765	
0.265562	-0.800106	4074	
0.217481	-0.778153	8801	
0.133365	-0.839508	6943	
-0.436646	0.490884	4773	
-0.256239	-0.713730	3912	
0.060123	0.506903	7003	
-0.718867	-0.302907	4620	
-0.159054	0.699845	7613	
-0.711789	-0.157031	1382	
-0.399028	-0.856858	304	
-0.050550	-0.569058	1717	
0.774108	-0.285626	1008	
-0.342730	-0.725217	5861	
-0.769713	-0.167248	5357	
-0.635795	-0.598728	4295	
-0.582101	0.482296	1140	
0.830734	-0.310553	3309	
-0.322792	0.664946	8221	
0.163959	0.567012	3859	
-0.220173	-0.825610	5992	
0.275477	0.566104	4600	
0.520181	0.179480	8938	
-0.253631	0.656936	6233	
-0.664756	0.062629	6658	
0.874756	0.072569	4017	
0.762906	-0.315061	1839	
0.866328	-0.243914	6350	
0.302308	0.334916	2640	
-0.347000	-0.692819	3947	
-0.663786	-0.106046	4546	
0.150378	-0.858879	300	
0.536045	-0.607171	1810	
0.874100	-0.424814	4004	
-0.437317	0.301318	1253	
-0.183573	-0.800574	4084	
0.532634	-0.590295	1810	
-0.501514	0.462432	6599	
-0.570226	-0.495945	7942	
-0.540422	0.385566	8161	
-0.510719	-0.467156	4329	
-0.098591	-0.541778	9249	
0.697558	-0.580290	7841	
0.923811	-0.265796	8709	
0.731993	-0.346360	7151	
0.444942	0.518735	4835	
-0.575250	-0.635949	5708	
-0.643369	-0.606461	4295	
0.305320	0.608656	4767	
0.023944	-0.608373	8958	
0.439160	0.862761	7617	
-0.589633	0.262483	3727	
-0.120466	0.662199	3377	
0.259182	0.614466	6004	
-0.223042	-0.840294	5818	
-0.404227	-0.795566	7777	
0.752264	-0.613875	7507	
0.396184	-0.721449	3549	
0.821894	-0.310056	3309	
-0.679750	-0.068448	5457	
-0.760509	-0.075035	891	
-0.590537	-0.430562	6649	
0.898186	0.153360	6437	
0.464498	-0.433018	5461	
-0.726841	0.297709	7714	
0.388376	0.476650	2594	
0.535328	0.173376	8397	
-0.490453	-0.130489	3023	
-0.042264	0.745605	7117	
-0.679220	0.059908	6342	
0.436206	-0.464517	3044	
-0.488904	-0.652020	3318	
0.357469	-0.850098	5549	
0.568480	0.078562	6778	
0.531180	-0.746500	1073	
0.957956	-0.175696	7682	
0.743266	-0.360034	7151	
0.471416	-0.710051	7834	
0.728685	0.613737	1066	
-0.820020	0.052398	6039	
-0.309201	-0.660111	774	
0.125421	-0.580103	7801	
0.516814	0.431442	3618	
0.871345	0.013332	5136	
0.678460	-0.562439	8484	
-0.188618	-0.722098	2428	
-0.773865	-0.374615	8727	
-0.797306	-0.101323	4226	
-0.708607	-0.195042	5383	
0.150254	-0.919130	2474	
0.921532	0.023702	9133	
0.757113	0.592379	8211	
0.362860	-0.804079	8770	
-0.283285	0.656077	5763	
0.761568	0.501052	1303	
0.707751	0.553546	5431	
0.153097	0.605111	4667	
-0.061506	0.743721	2135	
-0.208084	0.663700	1116	
0.440850	0.400562	2365	
-0.560907	0.420005	7800	
-0.628969	-0.588681	3484	
0.177409	0.565649	5796	
-0.770410	-0.119267	1670	
0.237788	0.577003	5478	
-0.612956	-0.462791	4566	
-0.731762	-0.158341	1030	
0.789507	0.579151	885	
0.452689	-0.291604	1861	
-0.634290	-0.167844	2896	
-0.795304	-0.339512	4149	
-0.034324	-0.741290	9369	
0.022129	-0.931694	1072	
-0.730322	0.260935	8022	
-0.616531	-0.454951	4566	
0.517292	-0.313106	2210	
0.670047	-0.522765	6300	
-0.380238	-0.687833	502	
-0.756880	0.023448	2240	
0.895302	0.029024	5570	
-0.677112	-0.583376	4327	
-0.666227	-0.364511	8697	
0.314146	0.906182	1109	
0.546613	-0.081707	3866	
0.861490	-0.214762	5086	
0.816414	-0.185667	3464	
0.688110	-0.487428	6227	
0.684429	-0.662229	544	
0.990927	-0.068348	3292	
0.784877	-0.280330	2141	
0.298382	-0.746824	5752	
0.528948	-0.261894	9367	
0.660886	-0.481222	6994	
-0.380703	-0.367102	2311	
0.305580	-0.814453	6496	
0.762678	-0.351866	1463	
-0.782218	-0.000031	2775	
-0.701471	0.078700	6326	
-0.097436	0.652404	1895	
0.494246	0.336466	8043	
0.938983	-0.279827	5364	
0.558979	-0.271950	2777	
-0.379459	-0.340374	2309	
0.898962	-0.151174	4389	
0.481769	0.391892	3780	
0.797058	0.557451	903	
0.463770	-0.729585	8255	
0.685884	-0.433694	3321	
-0.425352	0.526141	6109	
0.843463	0.058974	1457	
-0.419532	0.314977	1647	
-0.311327	-0.767168	5183	
0.586229	-0.116402	6068	
-0.762777	-0.222038	6407	
-0.412673	-0.844128	5947	
0.367596	0.421721	7197	
0.597768	0.176391	2616	
-0.433801	0.507318	6975	
-0.707593	0.263259	4454	
0.722115	0.565844	5999	
-0.464796	-0.638447	2565	
-0.424782	-0.276167	1856	
0.821760	0.321211	6053	
-0.473681	0.190213	2117	
0.489962	0.802288	1057	
-0.602067	0.354389	3244	
-0.647429	-0.211614	6014	
-0.686073	0.005464	704	
-0.735393	-0.493930	9236	
0.972677	0.162814	861	
-0.204324	0.703838	761	
-0.681738	-0.492813	9112	
-0.444814	0.078834	5815	
0.928147	-0.063842	268	
0.500023	-0.308161	2210	
0.702846	-0.444365	5859	
-0.305012	-0.742456	6661	
0.837444	-0.490395	305	
-0.717527	-0.193991	5383	
-0.730471	0.025633	2033	
-0.637615	0.382187	1287	
-0.457578	0.622790	5671	
-0.347649	-0.822662	1282	
-0.634081	-0.444463	5592	
-0.792755	0.147730	266	
-0.681387	0.327975	2557	
-0.309468	-0.806322	5015	
0.120671	-0.626537	1661	
-0.050960	-0.763752	7182	
-0.424292	-0.582468	1488	
-0.313164	-0.724239	6983	
0.045913	-0.762086	2348	
0.869636	-0.147982	2656	
-0.348307	0.650966	1159	
-0.667237	-0.138194	4759	
-0.765375	-0.333450	4197	
-0.472516	-0.746247	4232	
0.382820	0.397045	5191	
-0.309011	0.686712	6592	
0.467886	-0.678784	3974	
-0.678524	0.129879	2057	
-0.680438	0.350150	2479	
0.639533	-0.708774	9224	
-0.441943	0.544080	6560	
-0.722478	-0.489992	8910	
-0.823322	0.033845	6440	
-0.289654	0.709265	6242	
-0.436532	-0.539119	5693	
-0.448680	-0.284681	2627	
-0.402538	-0.214910	8281	
0.064933	0.705190	7978	
0.416165	0.852695	303	
-0.285672	-0.451001	2931	
-0.595697	-0.576428	1784	
-0.018797	-0.858758	9024	
0.890298	-0.095944	6724	
-0.540281	0.457275	7996	
-0.404571	0.542569	7189	
-0.594241	0.476496	1112	
-0.634264	0.217796	360	
0.269390	-0.769414	7111	
0.823531	-0.191965	3464	
-0.360332	-0.771352	5921	
0.493443	0.466458	3086	
-0.386718	-0.383194	5192	
0.293004	0.623868	5941	
-0.083098	-0.883733	3975	
0.426729	-0.364120	4721	
-0.685409	0.167922	3290	
0.790931	-0.270362	2657	
-0.591804	-0.367116	4583	
-0.310301	0.696418	6256	
-0.226269	-0.810486	5228	
-0.225555	-0.465796	1776	
-0.432462	-0.286117	7083	
0.620777	0.036702	4717	
-0.693591	0.209486	3566	
-0.562997	-0.614844	5277	
0.201574	-0.841924	8690	
0.589379	-0.629441	7230	
-0.363808	-0.618523	348	
0.409918	-0.438374	1074	
-0.008981	-0.870922	9024	
0.609071	0.742948	7781	
-0.684315	-0.572848	5487	
0.283442	-0.901892	655	
-0.785190	-0.258737	5311	
0.166230	0.693148	2666	
-0.505448	-0.151858	4442	
0.826088	0.404495	9268	
-0.156641	0.742196	9378	
-0.706832	0.152550	3895	
0.217048	0.586217	5976	
0.804444	0.551669	903	
0.462152	-0.717740	8255	
0.605156	-0.659990	7980	
0.269489	0.925283	989	
0.386083	-0.754086	8174	
0.168413	0.656226	643	
0.321455	0.611826	8528	
0.262155	0.547049	4563	
-0.507645	-0.632077	3535	
-0.159008	-0.721624	1372	
0.665380	-0.467208	6666	
0.399746	-0.857130	8170	
0.404825	-0.691048	2283	
0.094436	0.665521	7154	
0.290716	-0.579879	1625	
0.678273	0.667264	727	
0.698355	-0.692310	5282	
-0.510845	-0.106025	3877	
0.491584	0.448725	3086	
-0.293762	-0.426912	3138	
-0.746128	-0.367824	1660	
-0.100296	0.661706	2265	
-0.622079	-0.482791	4532	
-0.533406	-0.644841	4949	
-0.306030	-0.468459	6678	
-0.262471	-0.918492	988	
0.155756	-0.841958	6150	
0.392002	0.532861	9073	
0.581297	0.008204	2675	
-0.060965	0.731028	4595	
-0.502568	0.531010	8578	
-0.738438	0.170054	8440	
-0.702357	-0.217185	1876	
0.790759	-0.336658	3637	
-0.607903	-0.506609	7034	
-0.321524	-0.800845	3897	
0.324234	-0.821746	5702	
-0.112427	-0.828901	5505	
-0.310203	-0.459912	6318	
0.249289	-0.949308	6486	
-0.667841	-0.034326	5120	
0.888449	0.061943	3958	
0.724617	-0.644867	4266	
-0.775703	-0.147203	4869	
-0.452792	0.257101	3008	
-0.778989	-0.183361	6508	
-0.341222	0.609812	649	
0.489405	0.457579	3086	
-0.639220	0.274173	1637	
-0.323528	0.669614	8221	
-0.239052	0.628944	2211	
0.715194	-0.458510	4963	
0.906959	-0.313794	500	
0.007301	-0.543940	6686	
0.093283	0.601813	2003	
-0.547396	-0.463475	5517	
0.966722	0.026773	1682	
-0.336394	-0.855030	1919	
0.857074	-0.017181	4975	
0.256760	0.951201	3079	
0.037507	-0.948320	4888	
-0.435595	0.554915	6766	
0.792600	-0.191414	2720	
-0.281696	-0.735285	6761	
0.220262	-0.751945	5016	
0.582533	0.184975	2196	
0.412227	-0.671178	2283	
-0.582978	0.324251	3558	
-0.141824	0.738748	8495	
0.483559	-0.299593	8462	
-0.428919	-0.771816	6136	
0.501607	-0.745959	263	
-0.690708	-0.404290	5319	
0.257097	0.560531	1849	
-0.440201	0.268515	2411	
-0.758679	-0.323713	2525	
-0.761813	-0.394655	459	
0.372576	0.497241	9364	
0.897969	-0.067575	8843	
0.157590	-0.623473	8242	
0.704399	0.568419	5431	
0.428029	0.863239	7617	
-0.304611	0.592766	3222	
-0.597743	0.223466	4513	
-0.432041	-0.326972	6698	
-0.076592	0.707355	6419	
0.443200	0.859349	7617	
-0.372726	0.611890	420	
-0.019506	0.745932	8001	
-0.496275	0.082855	6477	
-0.126049	-0.931710	9086	
-0.097934	-0.524796	5817	
-0.017940	-0.830200	5085	
-0.332113	-0.843037	1919	
-0.177009	-0.447965	367	
-0.108035	-0.549495	495	
-0.075314	0.548675	9029	
0.775594	0.443117	5557	
0.896901	-0.166703	4912	
0.889766	0.311753	1995	
0.531596	0.020875	5039	
-0.767902	-0.157138	4869	
-0.245562	-0.885879	8316	
0.453342	-0.713440	4882	
-0.592171	-0.575381	1784	
-0.658435	0.198728	255	
-0.348934	0.689594	2235	
0.880831	0.012789	5570	
0.964694	0.053498	1042	
0.453686	-0.728440	8255	
-0.191773	-0.921243	875	
0.651788	-0.486524	5661	
-0.193249	0.736468	1153	
-0.734825	0.048559	3787	
-0.112322	-0.731605	1286	
0.953214	0.233224	3348	
-0.396610	0.618272	865	
-0.518085	-0.100124	4584	
0.345258	-0.731201	1439	
-0.257590	-0.487227	3179	
0.953247	-0.148577	1218	
0.709315	-0.514390	7680	
-0.715040	0.072930	1227	
0.500061	-0.209859	4245	
-0.199196	-0.863436	7530	
-0.524774	0.372442	7606	
0.721722	-0.441261	5933	
-0.360802	-0.755212	5921	
0.386301	0.454271	7622	
0.884597	0.200498	8629	
-0.101362	0.508119	2652	
0.075250	0.622471	2619	
-0.004555	-0.843391	6002	
-0.833849	-0.139759	5468	
-0.827122	-0.052463	1456	
0.584683	-0.707310	6374	
-0.549404	-0.643588	5811	
0.556469	-0.719804	6186	
-0.721173	-0.259050	3041	
0.583568	-0.226464	3746	
0.942804	-0.229385	4691	
0.056267	-0.555486	9436	
0.861066	-0.071613	7830	
-0.569580	0.413946	4738	
-0.040661	0.735596	8284	
-0.770855	0.159283	2382	
0.829543	0.382974	6278	
-0.730372	0.089385	6236	
-0.819341	0.049629	6039	
-0.443811	-0.553233	6794	
-0.152601	-0.547039	2056	
-0.704387	0.372200	4917	
0.279414	0.536867	7860	
-0.562106	0.422994	7800	
-0.637516	0.205407	360	
-0.804645	-0.143237	4924	
0.772955	0.466677	6129	
-0.521141	-0.006861	5038	
-0.085635	-0.894974	7370	
0.634950	-0.563528	6734	
-0.514967	-0.460762	4329	
0.849889	0.229069	8086	
0.581872	0.202895	2612	
-0.254311	-0.898867	8316	
-0.394721	0.646631	894	
-0.172737	0.549626	7481	
-0.093521	0.648142	1895	
-0.557898	-0.532913	8024	
-0.335765	-0.882915	1110	
-0.532045	0.566667	9159	
-0.492306	-0.759700	5996	
-0.756506	0.054581	2301	
-0.438299	-0.710403	4248	
0.229194	-0.739341	4081	
0.341257	-0.487195	7384	
-0.660802	-0.550712	3536	
-0.694477	-0.211655	3194	
-0.793736	-0.256710	5522	
-0.611875	-0.560861	3072	
0.538538	-0.020981	2214	
-0.828745	0.006371	5428	
-0.673136	0.090725	5626	
0.036868	-0.929356	4888	
0.776697	-0.313592	1327	
0.415539	-0.856558	7753	
0.395163	0.481950	2594	
-0.428553	-0.835439	527	
0.847414	0.458633	8787	
0.339202	-0.748472	3597	
-0.515664	-0.532686	5829	
0.619721	0.111936	2881	
-0.565612	-0.464496	7557	
-0.326303	-0.785200	7106	
-0.741489	0.230570	5667	
-0.639979	-0.603062	4295	
0.619965	-0.027820	3953	
-0.518807	-0.486359	4910	
-0.604351	0.378292	5631	
-0.274601	0.620738	5651	
0.889905	0.123498	4456	
0.458885	-0.697600	3974	
-0.643714	-0.157323	4788	
0.079277	0.628303	4048	
0.536683	-0.007071	2214	
-0.663590	-0.106865	3990	
-0.251785	-0.843825	7780	
0.108662	-0.840304	6943	
0.573217	-0.083191	5188	
0.837276	0.482637	795	
-0.397749	0.601403	865	
0.082866	0.666458	7154	
0.553019	-0.672758	6258	
0.384496	0.441578	7622	
0.423154	-0.755620	8197	
0.405413	-0.730437	3549	
0.478911	-0.247527	2785	
-0.220964	-0.483435	3591	
0.901958	-0.349991	3345	
-0.058071	0.669380	4486	
0.833151	-0.334821	4027	
-0.777742	0.000736	2775	
0.036492	0.694734	7632	
0.611975	-0.736081	1299	
0.878114	-0.278764	8847	
0.058682	-0.594406	6420	
-0.312563	0.597823	5803	
0.519744	-0.171857	6073	
0.626322	0.060241	1946	
-0.144149	0.685540	7853	
0.588050	-0.662750	7521	
0.719976	-0.573505	8892	
0.899697	-0.318249	500	
0.497761	0.407657	2862	
0.130749	0.469726	6910	
-0.506059	0.085035	6681	
0.878332	-0.022411	6182	
-0.205246	0.541526	8845	
0.464771	0.415688	2509	
0.421395	0.844991	5948	
-0.370212	-0.867577	1251	
-0.458151	-0.584512	1174	
0.604898	-0.542430	3342	
-0.552893	-0.580482	6711	
0.228862	-0.818874	8000	
-0.602824	0.337289	6489	
-0.785592	0.087458	5591	
-0.179581	-0.838536	6922	
-0.593937	-0.661200	5730	
-0.080339	-0.850563	4080	
-0.256233	0.374855	1692	
0.307380	0.515026	8746	
0.914836	-0.041265	1845	
0.931992	0.216407	7824	
0.531449	0.025453	5039	
0.778145	-0.427631	4899	
-0.648578	0.247624	7880	
-0.184409	0.717471	1417	
0.248641	0.632099	6785	
0.849533	-0.304780	6245	
-0.013285	-0.790523	7553	
0.306831	0.516771	8746	
-0.217823	-0.714023	2460	
-0.100424	-0.784949	2784	
0.564639	0.042201	4312	
-0.547753	-0.579427	5411	
-0.563933	-0.501082	7942	
-0.106613	-0.506881	6673	
0.079147	-0.886859	7119	
-0.156598	-0.829247	6922	
-0.538750	-0.598044	5411	
0.889143	0.256394	9295	
0.907836	0.204076	8404	
-0.547814	0.452796	7996	
-0.737955	-0.335670	8789	
0.519671	-0.152289	5915	
0.584519	0.119729	3395	
0.835893	0.310514	6053	
-0.244281	-0.446914	690	
0.690021	-0.636318	8761	
-0.028651	-0.887004	9158	
0.899824	0.180290	5530	
0.850116	-0.298151	5495	
-0.382961	-0.325275	3944	
-0.523705	-0.025090	2990	
-0.183648	-0.798146	4084	
0.072264	-0.945382	3614	
-0.716238	0.263855	4454	
-0.768838	-0.184488	6508	
-0.375578	-0.627565	325	
-0.814935	0.001867	5428	
0.380231	0.232078	1955	
0.951118	-0.005820	8947	
0.291399	-0.934335	2874	
-0.776003	-0.015177	2775	
0.157717	-0.886599	2474	
0.237709	-0.819351	4783	
0.563476	0.321219	3026	
0.518409	-0.718981	7269	
-0.275504	-0.423342	2293	
-0.647425	0.369638	899	
0.650975	-0.523000	6464	
-0.456628	-0.272024	3338	
-0.617187	0.210642	8296	
0.410668	0.447636	1270	
-0.613786	-0.451331	4566	
0.666660	-0.498335	6048	
-0.454726	0.236468	1061	
-0.264513	-0.836435	7780	
0.597811	-0.042390	2300	
0.295789	-0.884935	655	
0.909365	-0.004464	6517	
0.836064	0.002572	5101	
0.430903	0.841878	526	
-0.403276	-0.709482	960	
-0.243090	-0.825035	5992	
-0.718313	0.164223	4416	
-0.316135	-0.841437	8096	
0.795945	-0.178126	2876	
0.844639	-0.018568	6439	
0.476673	-0.369312	3774	
-0.704201	-0.109685	2379	
0.041754	0.511698	7022	
0.555940	0.180723	2555	
0.571814	-0.064293	1419	
-0.657213	-0.039374	3936	
-0.184525	-0.513058	6037	
-0.617579	-0.648657	6390	
0.208624	-0.764111	646	
0.535684	-0.279453	8436	
0.841560	-0.360801	4755	
0.309376	0.613976	8528	
-0.680066	-0.187166	5338	
0.272332	0.588006	1745	
-0.374199	0.384698	6891	
-0.354568	-0.641048	855	
0.700569	-0.654849	544	
-0.563752	-0.649669	6304	
-0.763926	-0.198287	6407	
0.331353	-0.877447	532	
0.391621	0.423419	6985	
0.838154	0.190101	7383	
-0.632118	-0.203188	5433	
0.023570	-0.557906	6235	
0.551819	0.095412	5981	
0.727341	-0.376725	7004	
0.816113	0.504837	795	
-0.692551	0.070284	5071	
0.797193	-0.252289	5125	
-0.332562	-0.800276	5451	
0.111461	-0.598146	8839	
0.447559	-0.036822	247	
0.146759	0.654930	873	
0.332702	-0.905169	537	
-0.394179	0.567969	7471	
0.388090	-0.879161	716	
0.369109	0.241017	6807	
0.195456	-0.583904	4659	
0.590453	0.070182	5734	
-0.643209	-0.177496	4140	
0.519885	0.152826	9248	
0.715976	-0.435632	5459	
0.682047	-0.671840	544	
-0.202400	-0.740738	3545	
0.808679	-0.347950	6835	
0.931757	-0.315463	2980	
-0.244533	-0.876715	5206	
0.154412	-0.954032	3523	
-0.093937	-0.839107	7705	
-0.110870	-0.541212	6512	
0.776222	0.413360	512	
-0.179024	-0.762440	1500	
0.514009	-0.151963	5915	
0.262026	0.548240	4563	
0.551824	-0.033778	1623	
0.220300	0.558667	6633	
-0.579592	0.411022	2216	
0.116201	-0.753417	5174	
-0.030027	-0.558626	7176	
-0.086935	-0.763484	2703	
-0.816002	-0.265496	5350	
-0.633713	0.327052	670	
-0.384657	0.377913	8876	
0.769658	-0.351608	1463	
0.126572	0.694539	7337	
-0.805865	0.090453	5127	
0.494399	-0.386199	6409	
-0.667804	-0.283370	3361	
0.441682	0.829629	433	
-0.116414	-0.776236	2784	
-0.714325	0.058098	1227	
0.023769	-0.555204	6235	
-0.323161	-0.874930	4687	
0.901640	0.201253	8404	
0.014458	-0.916296	1072	
-0.109357	-0.823111	5505	
0.844983	0.113201	6164	
-0.544958	-0.433352	4341	
0.460942	-0.752403	1137	
0.218388	0.626038	573	
0.376030	-0.407707	4244	
0.010798	0.718705	6712	
0.531814	0.132244	5042	
0.835728	0.218945	8034	
-0.612895	-0.410177	5580	
0.863915	0.431396	8809	
0.912531	-0.031570	1845	
-0.796806	-0.303353	4279	
0.605579	-0.514902	2750	
-0.755341	-0.099694	1588	
-0.250621	-0.881792	5805	
0.518502	-0.268268	8777	
-0.198631	-0.446152	5715	
0.579203	-0.207285	3772	
-0.011236	-0.899796	8714	
0.785905	0.557466	903	
0.815894	0.291301	5349	
0.313952	-0.563055	1872	
0.777614	0.529800	1601	
0.150521	-0.909018	2474	
0.674449	-0.487771	6994	
-0.534256	-0.413209	1981	
0.484956	-0.388645	6409	
-0.336924	0.624728	649	
-0.132057	-0.824247	4919	
0.336145	-0.711022	2504	
0.409112	-0.680028	2283	
0.274581	0.530760	7860	
-0.447907	-0.735092	3416	
0.337986	-0.543395	1722	
-0.407261	0.542581	6406	
0.117070	-0.584806	9229	
-0.619656	0.442299	2347	
-0.250489	-0.928458	984	
-0.474284	0.477483	6758	
-0.395536	-0.773287	6308	
-0.650453	0.361068	899	
-0.153938	-0.850883	6922	
0.069187	-0.929939	3631	
0.952545	-0.088782	7044	
0.164389	-0.595738	7621	
-0.405697	-0.623341	4257	
-0.372220	-0.730596	5361	
-0.658568	-0.545171	3536	
0.095131	-0.776236	6366	
-0.745451	0.016446	1997	
0.529538	0.381220	3369	
-0.162951	0.545453	6763	
0.560400	-0.706834	5233	
-0.436820	-0.312847	8713	
0.161174	0.613201	8503	
-0.443960	-0.746951	3416	
-0.755809	-0.157674	5357	
0.659436	-0.527880	7037	
-0.072926	-0.881380	4942	
0.886436	-0.373918	2860	
-0.071966	-0.422522	8534	
-0.669868	-0.404644	5319	
-0.519160	0.535226	8578	
0.298760	-0.551115	8159	
0.904652	-0.249063	8417	
-0.639776	0.400505	1152	
-0.368475	-0.604095	348	
-0.718228	-0.196153	5383	
-0.251170	-0.808799	8340	
-0.786516	-0.102904	3668	
0.586750	0.169206	2616	
0.864103	0.027723	5136	
0.392814	-0.395772	5298	
-0.730725	0.254394	7528	
-0.681181	-0.573665	5487	
0.036752	-0.763811	2348	
0.948571	0.131541	7073	
0.066606	0.680031	7376	
-0.773475	0.141774	396	
-0.447008	0.538135	7191	
0.791099	-0.464022	8198	
0.404778	-0.814402	3339	
-0.585097	-0.667380	7406	
0.791959	-0.368280	4873	
-0.403677	0.591442	7755	
-0.645228	-0.234987	1168	
-0.003754	-0.545375	6686	
0.340160	-0.474373	6317	
0.404246	0.469155	1058	
0.509493	-0.195535	6924	
-0.035720	-0.609742	1167	
-0.584257	-0.339643	5027	
-0.262591	-0.748754	5849	
0.793178	0.525305	9386	
0.914695	-0.136530	5412	
-0.663849	0.116745	3851	
-0.805397	0.142120	266	
0.170389	-0.775413	457	
0.348064	-0.454083	6963	
0.532893	-0.071184	3502	
0.574677	0.121628	7467	
0.911364	0.049316	5508	
0.632483	0.126540	2008	
0.484264	-0.349759	7540	
-0.152575	0.721202	7457	
0.860705	-0.463280	4313	
-0.180786	-0.802235	4084	
-0.523733	0.499228	8021	
-0.372669	-0.697834	502	
0.402824	-0.427811	7305	
0.880793	-0.119066	1590	
-0.370328	0.654188	5755	
-0.568463	-0.434785	6635	
-0.303717	-0.736459	6983	
0.095862	-0.805679	7124	
-0.513279	-0.112877	3877	
-0.517877	0.003301	5718	
-0.071313	0.749769	2135	
0.605729	-0.026307	2747	
0.767291	-0.341018	1463	
0.567904	0.748390	7284	
0.881266	-0.246178	6383	
-0.427790	-0.646238	3270	
0.222842	0.954300	4591	
0.472802	0.311504	1390	
0.930066	0.186919	7640	
-0.600917	-0.574589	1784	
0.383617	0.917540	4631	
0.208898	-0.567744	9190	
0.441768	0.058917	1592	
-0.287238	0.697871	7639	
-0.569652	0.422652	4738	
-0.062110	-0.880448	4942	
-0.454244	0.451366	4619	
-0.421129	0.554165	7189	
-0.765046	-0.400009	459	
-0.038264	-0.961264	1049	
-0.146726	-0.923081	8424	
0.742519	-0.456462	5962	
-0.686365	-0.374396	7764	
0.733501	0.653772	8754	
0.422317	-0.429058	1122	
-0.292897	0.629745	6828	
0.848529	-0.377757	1105	
0.497121	0.268487	3280	
-0.612107	-0.352854	4469	
-0.355750	-0.385577	3672	
0.874423	-0.155839	3814	
-0.766462	-0.103305	1588	
0.075587	-0.892786	7119	
-0.356923	-0.645650	1440	
-0.454002	-0.767783	6136	
-0.436182	0.282438	2319	
0.489232	0.349710	971	
0.722727	0.573884	5999	
0.857327	0.141104	4935	
-0.450304	-0.703141	4248	
0.245981	-0.852556	1631	
-0.762286	-0.301991	4559	
0.162760	-0.601597	7059	
-0.739765	-0.020821	2605	
0.851016	-0.248596	5991	
0.900225	-0.248820	8454	
-0.020365	-0.836915	5085	
0.359388	-0.902660	6260	
0.289645	0.557930	9022	
-0.587828	-0.514365	7034	
-0.142226	-0.934084	7792	
-0.210865	-0.799792	6082	
0.437339	-0.738550	6287	
0.441109	-0.811560	1976	
-0.513266	-0.123336	3877	
0.804744	-0.233469	7971	
0.545922	0.234664	3165	
0.133405	-0.869851	1115	
-0.190834	0.698442	6531	
0.601261	0.064867	1714	
0.624237	-0.065333	5665	
0.139226	-0.876197	1115	
0.321604	-0.794011	7241	
-0.652455	-0.206163	6014	
-0.565227	-0.669004	6304	
0.314456	0.527384	1378	
-0.816147	-0.096264	4226	
0.536828	-0.623006	8402	
0.502014	-0.827980	1693	
0.673960	-0.473867	6666	
-0.306261	-0.834533	8819	
0.275725	-0.767263	7111	
0.864764	-0.344952	5945	
-0.439272	-0.114184	8744	
0.304859	-0.753160	6388	
-0.681532	0.317910	2557	
-0.168048	-0.453656	849	
0.442062	0.868200	7510	
0.461497	0.463384	1791	
0.507443	0.307560	3090	
-0.749275	-0.202194	5385	
-0.123484	-0.748250	2352	
0.935671	0.343493	9093	
-0.650180	-0.389806	4588	
0.068726	-0.763070	2444	
0.853488	0.079492	8035	
-0.091743	-0.507861	6673	
0.002202	-0.885439	8830	
-0.109189	0.557181	6446	
-0.415763	0.590718	7755	
0.914128	0.110979	8837	
-0.208261	-0.500337	7918	
-0.694986	-0.295180	3413	
0.140933	0.641168	7802	
0.329771	0.453236	6411	
0.789862	-0.499120	6155	
0.838092	-0.210561	4121	
0.105571	-0.789641	4973	
0.055463	-0.560088	9436	
-0.326265	-0.722499	6050	
-0.736532	-0.268146	4158	
-0.266913	-0.905184	984	
-0.784030	0.013728	3800	
-0.121909	-0.523994	7826	
0.314863	-0.474024	7625	
-0.701626	0.112667	5550	
-0.491436	-0.685396	4905	
0.669029	-0.670285	344	
-0.074984	0.724682	6419	
-0.806920	-0.062935	1081	
0.143353	-0.780975	3492	
-0.471286	-0.781932	1226	
0.331818	0.461214	6411	
0.304203	0.508819	8746	
0.361716	0.526735	8933	
-0.347059	0.673822	7492	
-0.437214	0.555624	6766	
-0.384512	-0.764082	6872	
-0.726357	-0.192663	5575	
-0.367708	-0.654785	421	
0.961051	-0.161359	7682	
-0.519580	0.556188	4541	
0.766929	-0.426315	4899	
0.918804	0.272881	9252	
-0.223093	-0.478243	3591	
-0.669603	0.137507	2057	
0.803238	-0.325646	3637	
0.769081	0.504564	1303	
-0.503127	0.516309	8702	
-0.771077	-0.109711	1670	
-0.151316	-0.956411	4450	
0.590386	-0.209644	4512	
0.347157	-0.442138	3674	
0.477879	0.295094	8666	
0.247075	-0.882883	4489	
0.837117	-0.353612	4755	
-0.226951	0.525396	5657	
-0.559231	0.421672	7800	
0.448940	0.343765	3186	
-0.530354	0.504363	9398	
-0.641515	0.053577	6421	
0.923121	0.285662	9270	
0.126411	-0.775032	6291	
0.074434	-0.830319	647	
0.510968	0.402959	1747	
0.086310	-0.977787	2005	
-0.583161	-0.467128	7267	
0.119495	-0.865320	8711	
0.628451	-0.615951	4906	
0.309928	0.471265	6677	
-0.150289	0.721763	7457	
0.929470	-0.046805	2434	
0.795259	0.444364	7868	
-0.399106	-0.645769	1192	
-0.606765	0.439783	2202	
0.610742	0.017292	3452	
0.249088	-0.541466	7598	
0.107497	0.723229	1769	
-0.689068	0.384846	3058	
-0.208859	0.656160	1116	
-0.647321	-0.100921	3990	
0.064296	-0.754454	2136	
-0.375333	-0.590970	5789	
-0.686703	0.107399	5237	
0.638010	-0.034413	3953	
-0.624230	-0.372604	3116	
0.933180	0.270886	6075	
-0.406522	0.554102	7189	
-0.323251	0.684684	8221	
-0.523482	-0.652442	4949	
-0.661638	0.030819	7709	
-0.785733	-0.242172	6378	
-0.779281	-0.019649	2775	
-0.365541	-0.726245	5361	
0.667131	0.625039	5501	
-0.796275	0.080846	5127	
-0.273537	-0.472263	5481	
0.926905	-0.146935	297	
0.838473	-0.327289	4027	
0.755414	-0.513700	4393	
-0.666669	0.185847	1543	
0.561734	-0.796913	4887	
-0.057669	0.638356	5748	
-0.143369	-0.713143	1372	
0.874116	0.339384	1650	
0.824595	0.278603	5512	
0.598723	0.129492	1187	
0.897056	-0.004768	6517	
-0.479872	-0.237285	3253	
-0.386042	-0.078200	4951	
-0.455313	-0.772590	438	
0.621892	0.733179	8492	
-0.554214	0.396456	7504	
-0.618795	-0.549856	8600	
0.041572	0.691924	7632	
-0.469367	0.472361	6615	
-0.711432	0.282314	3574	
-0.702084	0.230912	4463	
0.920531	0.176031	6160	
0.264403	-0.758837	7144	
-0.011901	0.681628	6010	
-0.649957	0.409998	1152	
-0.338501	0.424239	801	
0.510879	-0.292985	835	
-0.608642	0.449506	2347	
-0.641692	-0.297904	7532	
0.613849	-0.044469	3953	
-0.484193	0.196871	2819	
0.780215	0.405752	512	
0.697881	-0.590395	6863	
-0.689238	-0.485128	9112	
-0.611243	-0.467845	4566	
0.463027	-0.845018	4345	
-0.608462	-0.444609	4891	
-0.796174	-0.293948	4279	
0.528006	0.004791	5039	
0.591657	0.290359	4703	
-0.793760	-0.175067	7295	
0.644827	0.704261	9045	
0.964452	-0.097461	7044	
-0.635145	-0.227769	1220	
0.064693	0.650977	4101	
-0.678125	-0.276367	2852	
0.103683	-0.618688	2198	
0.872281	0.034495	5136	
0.794907	-0.396945	3181	
0.919433	-0.091409	268	
0.573236	-0.554225	2178	
0.334788	0.903628	4347	
-0.612590	0.305794	5713	
-0.745374	0.246904	7528	
-0.292400	-0.677827	5519	
-0.610426	-0.482684	5255	
0.763390	-0.431535	4899	
-0.743434	-0.146758	1160	
0.759196	-0.544906	776	
0.171183	-0.624626	9220	
0.428786	0.479316	1617	
-0.401444	-0.795929	7777	
0.878380	-0.382243	2860	
0.306659	-0.550040	8159	
-0.778994	-0.117441	1670	
0.852345	0.401427	9130	
-0.608075	-0.667479	5730	
-0.614376	-0.622673	4222	
0.510372	-0.686638	5179	
0.457394	-0.282175	1861	
0.419583	-0.358626	4721	
0.280627	-0.538205	9335	
0.484493	0.276181	4837	
-0.600377	0.244900	4496	
-0.415963	0.643251	3393	
-0.558295	-0.635428	5277	
0.795757	-0.298372	2141	
0.194036	-0.779483	646	
0.566495	-0.071953	1419	
-0.768149	-0.381296	459	
0.160276	-0.836383	6059	
-0.646797	0.301246	356	
0.265847	-0.941517	6472	
0.677789	0.653652	727	
-0.828929	-0.171038	6814	
0.788212	0.554601	903	
0.525798	-0.111929	5143	
-0.469189	0.514685	7719	
0.650303	-0.571569	6734	
-0.568478	0.324692	2564	
0.576800	-0.610753	6099	
-0.644191	-0.324162	7321	
-0.760381	0.146565	2382	
-0.497777	-0.009247	3012	
-0.474987	-0.221751	2217	
-0.329531	0.659468	1159	
0.427094	0.347859	2181	
-0.767987	0.114782	5601	
-0.697384	-0.161739	5548	
0.145841	-0.908479	2474	
-0.446922	0.461675	3043	
-0.672905	-0.542655	3536	
-0.494709	0.539862	6846	
-0.661991	-0.301038	2842	
-0.787858	-0.165096	5467	
0.775320	-0.238379	540	
-0.766389	-0.299545	4559	
-0.158570	-0.944476	7792	
0.258303	-0.898514	9210	
0.437423	0.078585	6545	
0.346428	0.527007	8807	
0.873669	-0.409992	4004	
0.601276	-0.095672	3323	
-0.638255	0.249204	8579	
-0.546261	0.487391	6539	
0.170342	-0.941975	8256	
0.343864	-0.483308	7384	
-0.254122	0.633708	6233	
0.172229	-0.763441	457	
0.217835	-0.585874	613	
-0.427635	0.165134	8235	
0.255783	-0.543964	8261	
-0.564146	-0.653485	6304	
0.059960	0.692152	7614	
-0.664511	-0.423215	6372	
-0.185829	-0.452551	5715	
0.567185	-0.644229	7994	
0.725551	0.581999	1305	
0.614356	-0.740278	1299	
0.270202	0.597315	5511	
0.341815	-0.701802	4216	
-0.628505	0.301771	9231	
-0.650566	-0.200562	6014	
-0.236553	-0.935949	742	
0.326546	-0.741718	3597	
0.157389	0.453894	838	
-0.452285	0.028080	246	
0.854574	-0.466600	4313	
-0.524709	0.444501	5145	
-0.518250	-0.769016	5996	
-0.758231	-0.280311	5566	
0.550671	0.344079	2541	
0.204045	0.572108	5274	
-0.140930	-0.910867	8898	
-0.662055	-0.232949	1809	
0.389131	0.415527	7088	
-0.692287	-0.344727	2035	
0.566712	0.120246	7467	
0.361177	0.554611	4806	
-0.429370	-0.683235	6541	
-0.099586	-0.849104	2781	
0.123857	-0.917744	3483	
0.922924	0.269574	9252	
0.614743	0.683967	8939	
0.641384	-0.558456	6734	
-0.243783	-0.720645	3701	
0.227952	0.527988	8469	
0.521310	0.779475	5623	
-0.726635	-0.229697	4272	
0.438525	-0.363386	2102	
-0.299084	0.581899	1635	
0.232402	-0.888932	4858	
0.653775	-0.723426	2443	
-0.727294	-0.142344	1030	
0.464819	-0.736842	7861	
0.436853	-0.071828	5240	
-0.025636	0.660925	2205	
-0.537338	-0.650331	5811	
0.943017	0.190320	6160	
0.607958	-0.680684	8260	
0.969137	0.007424	3447	
0.755588	0.515157	1303	
0.505400	0.175984	9203	
0.571705	-0.095170	5649	
-0.583902	-0.409976	5175	
0.451191	-0.429476	5949	
-0.271206	-0.441503	2293	
0.902149	0.091463	5821	
-0.229879	0.673610	3838	
-0.179518	-0.748416	1500	
-0.500023	0.147008	4093	
0.584602	0.262909	3515	
-0.426683	0.567698	1883	
-0.271358	-0.845789	7780	
-0.364940	-0.687322	3947	
-0.580031	0.263160	3727	
-0.714980	0.282890	3574	
0.734336	-0.336502	5826	
-0.450611	-0.813690	434	
-0.651417	-0.610575	4985	
0.603038	0.074137	5734	
0.848209	-0.356286	5637	
0.103181	-0.952227	3760	
0.741581	0.607884	1066	
-0.765830	-0.429614	5556	
0.910066	-0.233293	1234	
0.687998	-0.400474	2743	
-0.539364	-0.737956	6674	
0.829565	-0.415304	7505	
0.952358	-0.026093	8409	
0.740427	0.530766	4878	
-0.736906	-0.124078	2895	
0.127185	-0.946610	4497	
-0.454104	0.590920	5567	
0.310784	0.518531	8746	
-0.788640	-0.086733	565	
-0.529255	-0.529644	4750	
-0.230988	-0.836822	5818	
0.826632	0.402418	6278	
-0.363192	0.632309	323	
-0.816273	-0.240973	4539	
0.907068	0.032653	5129	
0.063110	-0.921797	2321	
-0.057568	0.652479	4001	
0.755810	-0.589172	6811	
0.886466	0.126595	6117	
-0.623374	-0.489881	4532	
-0.780491	-0.216683	6378	
0.020137	0.713414	6712	
0.009815	0.661463	3506	
0.449077	-0.399093	3486	
-0.454148	0.256706	3008	
0.846710	-0.178946	1901	
0.009539	-0.789799	3110	
0.446723	0.424157	4419	
0.602975	-0.724758	7814	
0.832911	-0.104942	6609	
0.034207	0.711142	8202	
0.907289	0.248529	9252	
0.530787	0.134436	5042	
0.551111	0.001652	1741	
0.622392	-0.615517	6796	
-0.648660	-0.372851	3360	
0.441939	0.324311	4766	
-0.570803	-0.449039	6635	
-0.510016	0.101452	6417	
-0.462693	-0.788228	1226	
0.834618	-0.055710	6271	
-0.279413	-0.789674	7051	
-0.771896	-0.333902	4197	
-0.214223	-0.790424	5643	
-0.001658	-0.962134	8189	
0.894453	0.094619	3825	
0.287010	-0.408730	3282	
0.529299	0.142180	5042	
-0.249301	-0.776754	8310	
-0.120101	0.743263	6789	
-0.148419	0.704432	7853	
-0.179352	-0.825235	6571	
-0.129767	0.650242	2523	
0.314071	-0.876200	532	
0.680299	0.660794	727	
0.905852	0.210404	8629	
0.202992	-0.579296	543	
0.513288	0.236743	2522	
-0.676887	-0.120397	7823	
-0.101889	0.683858	7001	
-0.462135	0.215036	1806	
-0.410838	-0.330721	8577	
-0.229246	-0.843556	5818	
-0.204353	-0.878172	7393	
-0.319151	-0.800526	5015	
-0.062275	-0.862131	1101	
0.080326	0.699118	264	
-0.524896	-0.481622	5153	
0.299483	0.529836	7355	
0.527338	-0.754377	1268	
0.327398	0.486969	7192	
-0.575571	0.328773	2564	
-0.336785	0.681433	2235	
-0.525631	-0.492040	5617	
0.054771	-0.874079	9106	
-0.080645	-0.841401	7705	
0.019607	-0.791806	2204	
0.212606	-0.776574	8801	
0.858062	0.422495	8809	
0.588548	-0.220044	4512	
0.431751	-0.685238	2186	
0.563936	0.269383	1842	
-0.785734	-0.060048	1125	
-0.008883	-0.805472	7553	
0.416658	0.148254	4490	
0.245953	-0.768767	7600	
0.614389	-0.140508	5895	
-0.688704	-0.300369	4624	
0.918729	-0.268887	8709	
-0.445007	0.483037	5741	
-0.118357	0.466422	584	
0.526873	-0.791124	1420	
0.866450	-0.193836	4796	
-0.732626	-0.063417	1320	
0.638520	-0.487507	4434	
-0.155191	-0.538107	2277	
0.700197	-0.660742	544	
0.057497	0.689960	7614	
0.432325	-0.458750	3044	
-0.068070	-0.880711	4942	
0.428533	0.476012	1459	
-0.753728	0.235273	539	
0.593133	0.179876	2616	
0.120285	0.646547	8057	
0.454119	0.330757	8748	
0.103202	-0.880248	8833	
0.298211	-0.717566	1475	
-0.520664	-0.041284	2661	
0.836198	0.111041	6164	
0.200209	-0.780588	8663	
-0.440411	0.521941	7191	
0.497723	0.323569	8732	
0.779663	-0.472112	8198	
0.582408	-0.025942	2430	
-0.136669	-0.483990	685	
-0.570075	-0.494832	7942	
-0.579613	0.332178	3558	
0.174093	-0.576035	8225	
-0.745009	0.092609	2571	
0.196220	-0.801162	8439	
0.865448	0.185709	7564	
-0.389801	-0.062699	3052	
0.739578	0.598366	1305	
-0.382757	-0.606883	325	
-0.699499	-0.342288	9307	
-0.409740	-0.285401	2918	
-0.594659	-0.429454	5449	
0.472607	0.807555	1148	
-0.737213	0.275604	8045	
-0.132079	-0.557494	489	
0.958767	-0.046571	4217	
0.594918	-0.022390	2924	
-0.576807	-0.472282	7557	
0.507161	0.243729	3208	
-0.486159	-0.203089	4077	
-0.017219	-0.907826	4171	
-0.489627	-0.208902	4077	
0.509807	-0.710134	7269	
0.691281	-0.491514	6227	
-0.528786	-0.694637	6396	
-0.652938	-0.522879	8608	
-0.483617	-0.224857	2325	
0.589781	0.716155	8689	
-0.175390	-0.826773	6571	
0.451844	-0.322072	1774	
0.661101	-0.615467	8162	
-0.349017	-0.773270	5455	
0.326668	-0.827546	5702	
0.816118	-0.381044	5158	
-0.035237	-0.911417	4954	
-0.453335	0.590813	5567	
-0.100202	-0.770254	2172	
0.211641	-0.834976	8690	
0.916542	0.113359	8837	
0.322127	0.547331	2559	
0.326012	0.484878	7192	
-0.248156	-0.491783	7403	
0.342938	0.515555	9441	
-0.079072	0.729750	6701	
-0.641079	-0.147087	4151	
-0.159594	-0.884252	7791	
0.377016	0.403584	6664	
0.753115	-0.438774	6134	
-0.186232	-0.934447	7628	
0.542322	-0.300287	1632	
-0.726922	0.260483	8022	
0.804959	-0.301850	2569	
0.855449	0.203632	7564	
-0.729892	0.125593	5532	
-0.137952	-0.894770	6660	
0.838958	-0.307722	3309	
0.731599	0.561175	5482	
-0.559970	-0.568304	6703	
0.355175	0.578877	4070	
-0.658875	0.292305	1789	
0.483807	0.249396	2547	
0.570980	-0.118948	6206	
-0.692201	0.295274	3574	
0.308169	-0.484144	7625	
-0.074546	0.719759	6419	
0.628084	0.079704	2800	
0.769977	0.604755	8475	
0.518752	-0.817517	1261	
0.716076	-0.436254	5459	
-0.720135	-0.073320	426	
0.549305	0.286626	567	
-0.480255	-0.635251	2565	
0.177827	0.620103	2520	
0.588564	-0.736493	692	
-0.074942	-0.902844	7370	
0.791289	0.538683	9353	
-0.668522	0.076047	6342	
-0.054241	-0.875060	8678	
0.905149	-0.245613	8417	
0.885352	0.113431	3825	
0.023639	0.736944	9387	
-0.050371	-0.800178	7065	
0.942330	-0.088738	380	
-0.181613	-0.764491	1500	
0.886007	0.238935	9295	
0.769095	-0.576337	6811	
0.521604	-0.080211	3502	
-0.655460	-0.106279	3990	
-0.645501	0.238809	7880	
0.260468	-0.895988	9210	
0.940445	-0.202210	818	
0.688883	0.665260	727	
0.099814	0.610926	2568	
0.722244	-0.458661	7173	
-0.768614	0.045451	2301	
0.638665	-0.473795	4434	
0.722560	-0.513674	7812	
0.266865	0.517539	4980	
0.812402	0.313661	4812	
-0.715733	-0.066948	452	
0.881746	0.252640	9295	
-0.719123	-0.238499	2094	
-0.530566	-0.684357	6331	
0.367526	0.556384	4112	
0.079645	0.655808	7154	
0.482479	-0.688115	5202	
-0.281146	-0.369828	3384	
0.059009	-0.831000	7140	
-0.299038	-0.861372	8584	
0.797226	-0.295223	2141	
0.591624	-0.105384	6068	
-0.693252	-0.295393	3361	
-0.234296	-0.918496	742	
0.972489	-0.048756	5148	
0.590870	-0.589116	6414	
-0.137042	-0.919551	8898	
-0.594768	-0.545415	858	
-0.761837	0.043135	2301	
-0.190108	-0.485157	6086	
-0.360826	-0.599792	7473	
-0.757061	-0.236606	5419	
-0.408936	-0.207353	8281	
-0.405287	0.637182	1685	
0.665148	-0.437661	3321	
0.275534	-0.871186	1178	
-0.658307	-0.566053	3094	
-0.478778	-0.142780	8759	
0.795703	-0.411656	4651	
-0.502666	0.093784	6681	
-0.283126	0.632529	7012	
0.585347	0.293641	4703	
-0.140906	-0.483249	685	
-0.690716	-0.266064	2852	
0.355987	-0.489405	6395	
0.825391	-0.107040	6609	
-0.525776	-0.596416	4847	
-0.514747	0.517406	9370	
-0.226454	-0.428226	2438	
0.209112	-0.791759	8663	
0.127162	-0.852111	6943	
-0.744645	0.105081	5007	
0.867692	-0.325691	5250	
0.962566	-0.155344	7682	
0.020384	-0.764415	2204	
0.954993	-0.012800	8947	
0.379554	-0.827599	2830	
-0.760244	0.152985	2382	
0.533041	0.093375	4585	
0.803976	-0.457521	7649	
-0.586169	-0.551949	858	
-0.524261	0.527539	9370	
0.028741	-0.812981	5865	
-0.075922	-0.511445	5872	
0.693054	0.663257	727	
-0.257574	-0.888350	5805	
0.513552	0.795533	6212	
0.718268	-0.650707	4266	
0.259241	0.587490	5511	
0.952822	0.003003	9437	
-0.250038	-0.894353	8316	
0.825938	-0.109189	6280	
0.211134	0.630009	573	
0.503149	0.448613	3065	
0.912536	-0.149450	5412	
0.650638	-0.701361	8647	
-0.829816	-0.161448	5107	
0.584939	-0.542306	2178	
-0.679440	-0.149600	5396	
0.881107	-0.394976	2860	
-0.514372	0.479480	4859	
0.491933	-0.280583	2835	
-0.341351	0.596306	6898	
-0.632722	-0.517388	1248	
0.193816	0.612328	7972	
0.009319	-0.592726	7968	
-0.037973	0.694697	7787	
0.580290	0.321812	7008	
0.084384	0.631014	4048	
-0.334284	-0.845942	1919	
-0.583384	-0.703701	8688	
-0.736105	-0.211937	5385	
-0.593212	-0.628961	4222	
0.970141	0.036100	1682	
-0.736217	-0.121744	2895	
0.809799	-0.203340	2720	
-0.213903	-0.704642	2015	
-0.412383	0.328226	1267	
-0.697312	-0.435350	6645	
0.257212	-0.726561	6479	
0.925161	-0.200034	818	
-0.156457	-0.712956	2617	
-0.703594	0.154013	3895	
0.655095	0.718600	4417	
-0.055759	0.703627	7675	
-0.581843	-0.621522	6502	
-0.734107	-0.064514	1320	
-0.271320	-0.447115	3873	
-0.528714	0.406245	4865	
-0.640482	0.207862	360	
-0.139428	-0.893867	6660	
-0.259605	-0.728473	4685	
-0.818636	-0.204893	7702	
-0.198305	-0.703162	2015	
0.023801	0.681014	6694	
0.003358	-0.846583	7247	
-0.762772	-0.107130	1588	
0.451097	0.297281	1020	
0.903167	-0.251225	8417	
0.904538	0.292196	9380	
0.648640	-0.494990	5661	
0.449114	0.403444	2509	
0.910791	-0.261417	8417	
0.798768	-0.512325	6155	
-0.788829	0.037597	3800	
-0.007860	-0.821649	5085	
0.043782	-0.931850	3631	
0.767948	-0.375960	6323	
-0.761366	-0.137846	1363	
-0.174501	-0.718815	2749	
-0.647798	-0.011140	5436	
-0.210209	-0.488522	8824	
0.936426	-0.219428	818	
0.545215	-0.600283	1968	
0.615621	0.002774	3781	
0.305026	-0.793509	6458	
0.552150	-0.078866	3866	
0.941841	0.046627	5096	
-0.676040	0.203272	1543	
-0.045661	-0.565347	1717	
0.620101	0.750875	5878	
-0.657461	0.348485	631	
-0.589099	0.336012	4277	
-0.042724	0.673554	4832	
-0.265190	-0.702610	3912	
0.807732	-0.210639	2720	
-0.561108	-0.634821	5277	
0.629304	-0.746328	2935	
-0.777202	0.089024	5112	
0.482652	-0.823490	9425	
0.839184	0.197599	7383	
-0.761872	-0.036911	3045	
0.569407	-0.695534	6374	
-0.308581	-0.448381	3893	
0.579143	-0.168735	7904	
-0.696177	-0.368074	7764	
0.419646	-0.353919	1190	
0.581135	0.132221	390	
-0.502769	-0.166486	9010	
0.231109	-0.933163	4769	
-0.200320	-0.838849	6730	
-0.427781	-0.648289	3270	
-0.696313	0.255180	3553	
0.353133	0.890854	979	
0.171212	0.971028	3032	
0.900412	-0.126473	4389	
0.213644	0.405608	7235	
-0.573836	-0.670677	7207	
0.582255	0.771191	1734	
0.063289	-0.797951	5930	
0.303302	0.528173	7355	
0.123123	0.650760	1346	
0.775513	-0.304847	1008	
-0.672164	-0.009965	694	
-0.476205	0.196278	2117	
-0.418130	-0.804955	7777	
-0.227824	0.669119	4282	
0.234555	-0.590036	613	
0.565626	-0.012788	2867	
-0.161776	0.683215	6499	
-0.552898	0.452634	8331	
-0.289545	-0.476509	5481	
0.343587	0.553249	2733	
-0.432871	-0.125154	6442	
-0.622061	0.401157	4578	
0.793314	0.404317	594	
-0.379226	0.633979	1207	
-0.327389	-0.847302	1919	
-0.768738	0.154731	2382	
0.804952	-0.370927	3868	
0.317336	-0.918627	5866	
-0.032308	-0.840936	8846	
-0.503544	0.589554	7359	
-0.287655	-0.710400	5583	
-0.750442	-0.056198	1320	
0.405639	0.418490	6985	
0.857765	-0.326162	5250	
-0.628561	0.453403	2347	
0.183197	-0.586189	4659	
-0.773314	-0.231164	6378	
0.121055	-0.585857	9229	
0.667427	-0.619103	8162	
0.597756	0.251714	1205	
-0.468561	-0.735593	3544	
-0.578865	-0.331775	3826	
-0.728111	-0.162298	1030	
0.198597	0.602210	6855	
0.602521	-0.669870	7980	
0.245615	-0.547011	6492	
-0.656655	-0.030471	5120	
0.530953	-0.123242	5143	
0.904074	0.150930	6437	
-0.074080	-0.908317	7370	
-0.779794	-0.281725	5566	
-0.496370	0.398071	7351	
0.446439	0.413920	4419	
-0.723476	-0.205319	5383	
-0.605851	-0.531107	1586	
-0.528278	-0.419457	1981	
0.272048	-0.515366	7070	
0.906288	-0.258072	8417	
-0.491402	0.473275	6243	
0.614913	-0.138079	5895	
-0.213655	-0.438164	8065	
0.549183	-0.221896	8922	
-0.425965	0.521100	6109	
-0.527508	0.397255	4865	
-0.011222	-0.567208	5760	
0.456911	0.364098	3564	
0.894151	0.332774	3771	
-0.074281	0.746735	6591	
0.408698	0.513639	7102	
-0.106202	-0.507921	6673	
-0.456358	0.625880	6405	
-0.475002	0.470617	6615	
0.930909	0.273917	5220	
-0.282396	-0.912842	2220	
0.950662	-0.032274	8409	
0.674395	0.656488	581	
-0.648762	-0.315846	7532	
0.539061	0.037773	3018	
0.049797	-0.803516	5930	
-0.335765	-0.653179	855	
0.794713	-0.216003	5356	
0.323828	-0.897926	532	
0.866764	-0.315219	6245	
0.933081	-0.133446	5030	
0.826349	0.348974	5382	
0.230458	0.393549	3240	
-0.471499	-0.696147	4251	
-0.273855	0.714139	5840	
0.599837	-0.116490	6068	
0.084414	0.658007	7154	
-0.575226	0.390609	2313	
-0.288579	-0.750350	4883	
-0.228152	-0.760833	6642	
-0.115587	0.687810	7001	
0.074456	-0.560988	8581	
0.072765	-0.902471	2560	
-0.297579	-0.859121	8987	
-0.760529	-0.218350	6407	
-0.472526	0.194386	2117	
0.366690	-0.714074	2179	
0.274007	-0.852690	6890	
-0.556384	0.313753	1750	
0.358391	-0.870658	679	
-0.239530	0.644255	3669	
-0.260140	-0.478183	3179	
0.749070	-0.302815	1839	
0.515389	0.824121	1124	
-0.654398	-0.419094	6372	
-0.792532	-0.309349	4279	
-0.610640	-0.303742	8479	
0.001073	-0.835146	6002	
0.834909	-0.027867	6439	
-0.633596	-0.421556	5580	
-0.652319	-0.304271	7532	
0.913807	0.317617	3771	
-0.299552	-0.813289	8819	
-0.773291	0.112169	5112	
0.274819	-0.917386	9015	
-0.506144	0.034296	3973	
-0.387771	-0.826707	5906	
0.349261	-0.792034	7017	
-0.659449	-0.608764	4985	
-0.785894	-0.251368	5311	
-0.821427	-0.013118	1230	
-0.692013	-0.469914	8698	
-0.097320	-0.780462	2703	
0.917071	0.293251	9270	
0.546873	-0.013522	2214	
0.567019	-0.142683	7131	
-0.400936	-0.693916	960	
0.552590	-0.573216	8875	
-0.185824	0.677248	5595	
0.969100	0.152408	861	
0.113293	-0.831219	6567	
-0.347833	-0.426874	6623	
0.305550	-0.769991	6027	
-0.416313	-0.778393	6308	
-0.505044	0.541044	8578	
0.502713	-0.702510	7269	
0.169211	0.579684	3924	
-0.699169	-0.474127	8698	
-0.233606	0.634830	2211	
-0.421671	-0.789014	7777	
-0.414377	-0.703706	960	
-0.280032	-0.757219	4883	
0.851640	0.139829	4935	
0.407210	-0.806848	3339	
-0.575315	-0.338334	3826	
-0.061168	-0.978870	7582	
-0.391910	-0.801245	5341	
0.916362	-0.254870	8417	
0.709895	-0.529281	1368	
0.491017	0.213078	4078	
0.781892	0.562490	885	
0.943937	-0.070706	380	
0.604677	0.253276	1205	
0.140794	-0.950112	2708	
0.200549	-0.582436	543	
0.579189	0.290208	651	
-0.668298	-0.196838	5338	
-0.576866	0.274318	2740	
0.556430	-0.607431	8068	
-0.608690	0.368667	5631	
-0.352346	-0.425858	6787	
-0.736822	-0.424078	5535	
-0.615451	0.374870	5631	
0.709869	-0.394661	5105	
0.796699	-0.228322	7971	
0.131283	-0.907761	3483	
0.909268	0.254891	9252	
0.813415	-0.390688	5158	
-0.610136	0.245465	8144	
-0.716909	-0.497221	8855	
0.904595	-0.298793	288	
-0.593000	0.489195	1140	
0.291192	-0.846880	8963	
-0.469305	-0.187486	9418	
-0.820017	-0.050031	7728	
-0.236042	0.521497	7242	
0.912449	0.134859	8837	
-0.398393	-0.327798	8577	
0.531751	-0.158993	6073	
-0.192062	-0.780029	5643	
0.402683	-0.732849	4577	
0.462641	0.485839	1966	
-0.121320	-0.813643	5505	
-0.710445	-0.526808	4879	
0.889902	-0.293901	288	
0.758502	-0.554685	1077	
-0.229564	-0.931630	742	
0.456194	-0.768328	400	
0.231861	-0.763329	7554	
0.353461	-0.439978	3674	
-0.127205	-0.798654	2413	
-0.012877	0.533100	5894	
-0.189480	-0.929635	7628	
-0.188481	-0.541376	6025	
-0.711687	0.134636	5256	
0.896947	-0.281082	1655	
-0.783927	-0.064313	626	
0.431516	0.117087	6018	
0.122693	0.605446	2741	
-0.599527	-0.548817	3072	
-0.373676	-0.604981	348	
0.499413	-0.625448	883	
0.981326	-0.018125	5379	
0.312654	-0.903997	1067	
-0.722265	0.269231	8022	
0.278818	-0.773996	7111	
0.471723	0.463426	2006	
0.713559	0.552559	5999	
0.464242	-0.319783	2793	
0.875468	0.276726	7079	
-0.537577	-0.422033	4341	
0.893741	-0.358799	3345	
-0.542401	0.511001	9398	
0.548405	0.246589	4756	
0.393243	-0.711737	3549	
0.209758	-0.553223	1885	
-0.616301	-0.441992	5592	
0.431487	-0.690319	2186	
0.591098	0.772762	3219	
0.017053	0.667135	3506	
0.544812	0.230312	2538	
-0.191323	-0.696904	1825	
0.665932	-0.594610	6311	
0.335647	-0.762782	5841	
-0.440367	0.554702	6766	
0.950949	0.236200	3348	
0.599773	-0.648507	8348	
-0.081314	-0.899261	7370	
-0.506299	-0.574046	3467	
0.718824	-0.367896	4918	
-0.207567	0.637520	810	
0.509498	0.341526	1986	
-0.495059	0.585483	7436	
0.397507	-0.832686	7435	
-0.377588	-0.387356	5192	
-0.747051	0.238059	7528	
0.015927	0.662373	3506	
0.424241	-0.702546	3713	
-0.553759	-0.718261	7477	
-0.271591	-0.425175	2293	
0.726828	-0.457645	7173	
0.247361	-0.799403	3620	
0.253526	-0.581324	1653	
-0.732866	0.118686	5007	
0.497990	-0.301618	7222	
-0.485004	-0.525299	5986	
-0.745333	0.297444	7714	
0.915396	0.113710	8837	
-0.622297	-0.232555	5732	
0.038851	0.692757	7632	
-0.637163	0.119564	4114	
-0.470999	-0.239283	2286	
-0.495476	-0.639108	3535	
-0.481963	0.556456	4705	
0.402327	-0.432303	7543	
-0.439422	0.517205	6975	
-0.651398	-0.593331	4985	
0.800595	-0.384882	3868	
-0.484798	-0.581086	2060	
0.654148	0.652170	6514	
-0.110383	-0.761954	2172	
0.513433	-0.843399	7587	
0.888451	-0.284440	1655	
0.451613	0.457702	1525	
-0.392041	-0.305238	3461	
0.189685	0.680113	1824	
0.949155	0.214338	4862	
-0.033436	0.634640	2074	
0.891278	-0.145939	4389	
-0.701046	0.247023	3553	
0.582864	0.003204	2675	
-0.384642	-0.246845	1710	
0.741932	0.623506	7811	
0.927947	0.062565	5096	
-0.651789	0.057389	6421	
0.845965	0.004902	5560	
-0.205250	-0.839612	6730	
-0.591431	0.229745	3747	
0.881482	0.206993	8629	
0.228261	-0.814305	3620	
-0.695724	0.164395	3895	
0.798405	-0.208389	2720	
-0.625115	-0.541468	8600	
0.676114	-0.602459	6311	
-0.267245	-0.915668	988	
0.030410	-0.578318	5654	
0.107324	-0.917378	2353	
-0.047579	-0.537895	7096	
0.931544	0.002785	8902	
0.522874	0.265325	5791	
-0.160695	-0.865801	7791	
-0.383287	-0.339710	6569	
0.455888	0.838020	4086	
0.593230	0.796828	3219	
0.822166	0.415384	4880	
0.091326	-0.913548	2353	
0.894059	0.281038	9291	
-0.716441	-0.074957	426	
0.835021	0.291916	6246	
0.362337	0.595767	7474	
-0.625701	-0.308933	8390	
0.080854	0.678973	968	
-0.721908	-0.222696	2094	
0.949019	-0.018090	8947	
-0.422066	0.647061	3393	
0.046710	-0.759734	2348	
0.552930	-0.655616	5078	
0.487019	-0.625852	883	
-0.653844	-0.190637	5033	
0.968187	0.043501	1682	
0.170397	-0.576747	7367	
0.545690	-0.298300	1632	
0.521967	0.266340	5791	
-0.384530	-0.833504	1358	
0.921611	0.263167	9252	
-0.542976	-0.573193	4780	
-0.453385	-0.794365	438	
0.715936	-0.594841	701	
0.275346	-0.901977	655	
-0.663019	-0.357810	8697	
-0.200714	-0.917722	875	
-0.803103	-0.318446	4813	
0.454261	-0.791973	1976	
0.578937	0.026079	3053	
-0.780726	-0.092785	626	
0.352084	0.589598	7849	
-0.687610	-0.166710	5323	
-0.069398	-0.919124	7264	
-0.691254	-0.335450	2035	
-0.075100	-0.748972	2139	
-0.578118	0.290712	3721	
0.164438	-0.952136	2649	
-0.437351	-0.253358	2315	
-0.788595	-0.038545	1125	
0.591797	-0.053135	2300	
0.256702	-0.750113	7144	
-0.678405	-0.102841	8014	
-0.369586	-0.606379	348	
-0.105576	-0.498590	6673	
-0.190865	-0.948890	4543	
0.237245	-0.557830	8890	
-0.572039	-0.695644	7312	
0.186978	-0.811216	5426	
0.716250	-0.382766	4034	
0.148657	-0.624227	8101	
-0.005231	-0.791201	3110	
0.205392	0.582009	5976	
0.158234	-0.949593	2649	
0.779638	0.586860	7659	
-0.010976	-0.929413	7863	
-0.651068	0.188095	255	
0.562731	0.799625	1338	
-0.801322	0.060613	3927	
-0.557076	0.468703	8863	
0.662309	-0.599684	6311	
-0.518184	0.034187	5054	
-0.539902	-0.404492	1981	
0.947600	0.081661	999	
0.838976	-0.257654	4063	
0.558931	0.768807	5691	
0.198012	-0.954756	3860	
0.940651	0.076767	999	
-0.445295	-0.531799	4836	
-0.069059	-0.920204	7264	
0.594678	0.272678	3515	
0.490841	0.354342	971	
0.249735	-0.931366	6486	
-0.067374	-0.557614	7190	
0.393690	-0.767066	8174	
0.956788	-0.095495	7044	
0.659567	0.631717	5501	
-0.434976	-0.307799	8713	
-0.587141	-0.674337	7406	
0.792621	-0.185989	2876	
0.396905	-0.752245	8870	
0.942403	-0.196202	818	
0.821894	-0.382702	5158	
0.284057	-0.582157	1625	
-0.132579	-0.829963	4919	
-0.607327	0.219786	5619	
-0.376684	-0.692670	502	
-0.646893	-0.353226	8697	
0.632573	-0.546148	6504	
-0.295443	-0.445350	3893	
0.925079	-0.018655	2434	
0.453498	-0.650608	8336	
0.470804	0.263219	2607	
0.691481	-0.601999	9429	
-0.624291	-0.394097	5088	
-0.670024	0.195088	1543	
0.627929	0.770422	5878	
-0.653547	-0.133271	4151	
0.527664	0.792900	5623	
-0.413558	-0.572985	7168	
0.234783	0.953590	4591	
0.596161	-0.549224	2724	
-0.663371	-0.269874	2396	
0.531372	-0.327246	3231	
0.015351	-0.786282	2204	
-0.291335	0.476619	8224	
0.831955	0.516509	2958	
-0.766038	-0.259136	5311	
-0.599571	0.389345	3642	
0.582644	-0.088760	5188	
0.903081	0.149717	6437	
0.540659	-0.607369	1810	
0.474154	-0.732584	7834	
0.022363	0.669197	3506	
-0.014034	-0.758583	7684	
-0.412280	-0.586180	1488	
-0.638915	0.351181	954	
0.803275	-0.523270	8595	
0.675879	-0.688938	3648	
0.645219	-0.477084	4434	
0.295621	-0.783751	6027	
0.766095	-0.387371	6323	
0.087105	-0.778684	6366	
-0.174816	0.676896	5595	
0.767519	-0.270270	1099	
0.007246	-0.877593	8856	
-0.233625	-0.824674	5992	
-0.304030	-0.664012	5940	
-0.628175	-0.454563	4566	
-0.833166	-0.155615	5107	
-0.642732	-0.202101	6014	
0.814827	-0.360721	4755	
0.917179	-0.039233	1845	
0.869576	0.178610	5235	
-0.798821	-0.091471	565	
-0.726215	0.304946	7714	
-0.523943	0.470764	6529	
0.569283	-0.217345	7929	
-0.340689	-0.846520	1919	
0.510826	-0.363354	6958	
-0.676673	-0.435770	6645	
0.871058	-0.238439	6350	
-0.656106	-0.177825	4140	
-0.700109	0.182733	3526	
0.655649	-0.555539	8706	
0.936574	-0.085460	380	
-0.466857	0.231635	1285	
-0.526156	0.558451	4541	
0.863098	-0.468503	4313	
0.927389	0.319453	3351	
-0.711891	0.290802	4485	
0.948808	-0.280649	6166	
0.897801	-0.320291	500	
-0.750340	-0.166811	4808	
-0.455310	-0.725731	4248	
-0.584530	0.420117	2216	
-0.744551	-0.372150	1265	
-0.543993	0.486978	6539	
-0.258678	-0.667239	2123	
-0.062886	0.650633	2758	
0.245874	0.659234	1082	
-0.757127	-0.159369	5357	
0.851980	0.016198	5560	
-0.019696	-0.765589	7684	
0.840106	0.102256	6031	
-0.762100	-0.324433	2525	
-0.155345	-0.767595	3122	
0.508546	0.172982	9203	
0.509077	0.367804	1836	
0.520304	-0.588210	7145	
0.455901	-0.779684	400	
-0.067019	-0.750271	8298	
0.930580	0.086039	7336	
-0.575189	-0.504276	7942	
0.648831	-0.614835	6348	
0.674827	-0.706658	3648	
-0.559856	0.406827	7504	
-0.610378	0.395309	4578	
0.839703	0.373141	5336	
0.549499	-0.259611	478	
0.808599	-0.488515	7656	
-0.098339	0.656147	2265	
0.948458	-0.280470	5364	
0.007646	-0.868732	8856	
-0.635411	-0.253721	1220	
0.394348	0.212283	8282	
-0.444624	-0.583139	1174	
0.635500	-0.717772	8049	
0.788648	-0.480308	8198	
0.409157	0.440074	1270	
0.820049	-0.116366	6280	
-0.258052	-0.803198	8340	
0.550768	-0.638956	5078	
0.936378	0.185539	6160	
0.390971	0.537907	4115	
-0.717022	-0.167688	1382	
0.811042	-0.261352	3303	
-0.164524	-0.771029	1773	
-0.616524	0.383562	5063	
-0.391534	0.666951	4586	
-0.517579	-0.435477	3617	
0.232000	-0.474645	1587	
-0.691435	-0.338644	2035	
0.137284	-0.833287	6150	
-0.508414	-0.094900	3736	
0.961089	0.068591	999	
-0.153915	-0.829309	5984	
-0.058195	-0.847821	1101	
0.429718	0.524093	4130	
0.368766	-0.792052	8770	
-0.696235	-0.154432	6901	
-0.332522	-0.324052	5057	
-0.682715	-0.201333	3194	
0.130070	0.668554	1346	
0.847988	0.169825	5108	
-0.363745	-0.605969	348	
-0.062436	0.662362	2758	
0.126451	0.463224	6910	
-0.076155	-0.963120	7454	
0.167438	-0.625012	9220	
-0.546163	0.368334	3166	
0.836720	-0.485894	305	
0.571209	-0.050625	1719	
-0.585989	-0.360495	4583	
-0.027005	-0.537263	4654	
0.190339	-0.617825	7314	
0.884482	-0.257318	8454	
-0.413475	-0.742358	1571	
0.424716	0.864817	1262	
0.403424	0.451797	1760	
-0.577648	-0.645928	5708	
0.807920	-0.262400	2657	
-0.595507	0.227540	3747	
0.766192	0.597978	8475	
0.789532	-0.544453	1490	
-0.521539	-0.579365	3467	
0.395282	-0.863851	8170	
-0.451058	-0.610739	3734	
0.067355	0.507152	7003	
-0.348130	0.634447	3776	
0.478260	0.440662	3604	
0.846025	-0.240657	5991	
0.225285	-0.924307	4769	
0.734248	-0.343219	7151	
0.596392	-0.140166	4068	
-0.528912	-0.492623	5617	
0.142202	0.573615	2823	
-0.249989	0.698658	6172	
-0.260608	-0.915304	984	
0.229238	-0.798401	8344	
-0.320789	0.450628	7634	
0.166309	0.700789	2373	
0.568777	-0.602714	6099	
-0.296125	0.628326	6828	
0.366838	-0.890602	716	
-0.209094	-0.845634	6730	
0.193711	-0.595128	8058	
0.857156	-0.241806	6350	
0.694695	0.690318	6781	
-0.797059	-0.012894	3802	
-0.626195	-0.429435	5592	
-0.736722	0.054592	1331	
0.215418	-0.948411	2754	
0.922825	-0.306091	2980	
0.428915	-0.828676	8153	
-0.569679	0.510094	8648	
0.969223	0.026760	1682	
-0.403938	-0.353317	3427	
0.247009	-0.860088	1631	
0.240366	-0.874300	4489	
0.611810	0.099893	1918	
-0.106077	0.662550	2265	
0.724893	0.663311	8754	
-0.629226	0.221833	9475	
-0.132015	-0.866749	5886	
-0.382570	0.533531	3150	
0.578116	0.112750	7771	
0.519677	-0.733322	8984	
-0.520029	-0.070767	4323	
-0.591154	0.270839	3727	
-0.716332	0.051750	1227	
-0.707237	0.208297	3566	
0.742987	0.555608	5482	
-0.640379	0.300980	356	
0.500053	0.289495	4837	
-0.064925	-0.806060	7392	
0.858628	0.498669	5838	
-0.679595	-0.552698	4781	
-0.325592	-0.732509	6661	
0.917061	0.121604	8837	
-0.762961	-0.393957	459	
0.561594	-0.119006	6206	
-0.109762	-0.495756	3959	
0.132249	0.585667	4589	
0.572036	-0.614098	6099	
0.179407	-0.883816	874	
0.632766	-0.534720	6464	
-0.717288	-0.185210	5383	
0.853392	0.177058	5235	
-0.380790	-0.807302	5906	
0.217439	-0.798857	8344	
-0.417868	-0.178176	5871	
-0.719450	0.028479	2329	
0.488852	-0.223335	2810	
0.608390	-0.035830	2747	
-0.188176	-0.712771	2749	
0.384606	-0.406198	4244	
0.902598	-0.039852	1845	
-0.189867	0.546084	7455	
0.443658	0.520029	4835	
-0.273685	-0.758207	4883	
0.974793	0.034757	7789	
-0.057306	-0.990240	8983	
0.453920	0.449349	1525	
-0.534328	0.487204	8960	
0.118602	-0.866462	8711	
0.181137	-0.885204	874	
0.341206	0.446428	5782	
0.310101	0.561533	2636	
0.655756	-0.530558	7037	
0.963655	0.029772	1682	
0.088256	-0.902882	2560	
-0.635344	-0.281642	8102	
0.022007	-0.813526	5865	
0.454746	-0.338010	2048	
-0.473120	0.170800	1607	
0.219045	-0.827704	8554	
-0.518098	-0.749470	5673	
-0.714040	0.246380	3553	
0.259228	0.514778	8908	
-0.651376	-0.075673	3836	
0.714100	-0.430012	5459	
-0.162179	-0.919839	8424	
0.289509	-0.528108	6918	
-0.671933	-0.405115	5319	
0.159179	0.446689	838	
-0.646080	0.250387	7880	
0.872916	0.187028	5235	
0.817280	-0.109332	6280	
0.135994	-0.748243	5477	
0.293535	-0.558585	8778	
0.016264	-0.819914	5013	
0.152680	-0.903017	2474	
0.009108	-0.545899	5615	
-0.243726	-0.511400	1416	
0.624739	-0.603042	4906	
0.835726	-0.340792	3419	
0.158757	-0.938130	2649	
0.000125	0.701617	6199	
0.055803	-0.941478	3631	
0.774942	-0.586953	7368	
-0.104856	-0.914492	7256	
0.444431	0.005278	1177	
-0.627432	-0.550001	8600	
-0.455862	0.261807	3008	
0.452116	0.363055	3564	
-0.703272	0.304806	4485	
0.807248	-0.461257	7649	
0.522106	0.275179	5791	
0.749252	0.540335	5473	
-0.117426	-0.816709	5505	
0.169384	0.569741	3859	
0.824872	-0.319466	4027	
0.094859	0.483809	3981	
0.408342	-0.665147	1973	
-0.448605	-0.062727	1371	
-0.251495	0.609414	3507	
-0.735586	0.219454	7716	
-0.041041	0.642925	1814	
0.806471	-0.514102	8595	
-0.120725	0.737918	6789	
-0.130896	-0.532272	7826	
-0.144343	-0.839963	5984	
-0.708064	-0.130480	1906	
0.819956	0.462885	1664	
0.881002	-0.185821	5271	
-0.686559	0.212434	2097	
0.838215	-0.454335	9197	
-0.376133	-0.652590	421	
0.247827	-0.859898	1631	
-0.492362	-0.715355	4933	
0.355348	0.915245	5720	
0.337735	-0.536540	1722	
0.492413	-0.399872	7350	
0.175307	-0.902316	4159	
-0.123682	-0.801332	2784	
-0.617640	-0.497538	4532	
-0.488114	-0.101197	2909	
-0.583932	-0.535074	858	
-0.708925	-0.276369	3413	
0.761835	-0.571451	1077	
0.744613	-0.499886	5892	
-0.073787	-0.583960	4253	
-0.735668	-0.413968	5535	
0.240854	-0.930251	4769	
-0.660927	-0.040037	5120	
0.861569	0.152244	5552	
0.342913	0.487291	5739	
0.585157	0.731715	7781	
0.328084	-0.887568	532	
0.394091	0.501937	8093	
0.516408	-0.800689	2219	
0.519743	0.221747	2487	
-0.476157	-0.569608	1070	
-0.236708	-0.711060	2460	
0.617495	-0.039775	3953	
-0.736042	-0.481276	9236	
0.734593	0.607517	1066	
0.086056	-0.829840	7159	
0.802330	0.332507	4150	
-0.257942	-0.441601	5835	
0.174536	-0.610163	7509	
-0.758706	-0.266900	5566	
-0.664787	-0.050396	4522	
-0.766685	0.166833	925	
0.416055	0.476477	1459	
-0.716726	-0.270127	3041	
0.912660	0.322255	3771	
0.883547	-0.406682	2713	
0.716650	-0.432013	5459	
0.124243	-0.924125	3483	
0.506907	-0.734098	8984	
0.354822	-0.692731	1979	
-0.438061	-0.569514	1488	
0.645693	-0.716069	8049	
0.589960	-0.143481	4068	
-0.216116	-0.858302	5818	
0.190494	-0.562450	9232	
0.647655	-0.641286	5876	
0.242079	-0.541898	6492	
-0.730924	-0.318755	2339	
-0.740839	0.145225	7667	
0.913408	0.062908	5096	
0.401257	-0.780770	1443	
0.873455	0.073873	4017	
0.130431	0.697715	7337	
-0.333270	-0.645672	855	
0.505500	0.249752	3208	
0.576982	0.719083	7945	
0.326393	0.524569	1378	
0.143941	-0.750061	4820	
-0.322484	-0.724255	6983	
-0.390719	-0.610497	325	
0.174358	0.439072	363	
0.597426	0.246049	1002	
0.823794	-0.313110	3309	
-0.504873	-0.512649	6444	
-0.155219	0.658572	4181	
0.942447	-0.196115	818	
0.622278	0.047041	4269	
0.946160	-0.278130	5364	
-0.066033	-0.831418	7392	
0.392088	0.862450	463	
0.491404	0.331769	8043	
0.390741	0.211093	5696	
-0.219579	0.710071	3768	
0.605977	0.155670	2158	
-0.814374	0.069758	5628	
-0.638555	0.274247	1637	
-0.435585	-0.110013	6427	
0.743408	0.557489	5473	
-0.257551	-0.750891	6881	
0.365204	0.481840	8737	
-0.249558	-0.495718	7403	
0.369472	0.545148	8933	
0.804726	-0.338523	6835	
0.944147	0.227984	4862	
0.321633	0.477692	7192	
0.427741	-0.427893	1122	
0.953127	0.162386	1483	
-0.672675	-0.597745	4327	
-0.481482	0.427077	6491	
-0.396944	0.568241	8309	
0.542801	-0.007980	1741	
0.665307	-0.526165	7037	
0.588067	0.231234	1002	
0.548311	0.176081	8397	
-0.141555	0.659388	5065	
-0.153124	-0.717747	1372	
0.524735	-0.665848	4160	
-0.608483	-0.550715	3072	
-0.476178	-0.535809	6831	
-0.744475	-0.341347	2943	
-0.492551	-0.511846	5986	
0.554326	-0.203915	7929	
-0.512241	-0.081389	3736	
-0.491206	0.145088	3258	
-0.193711	-0.906179	2085	
-0.502062	0.394917	6032	
0.888806	0.266847	9259	
0.916422	-0.119834	5030	
-0.425637	0.295005	2409	
-0.013413	-0.775181	8812	
-0.215603	-0.925174	499	
0.073186	-0.852460	647	
-0.127614	-0.911147	8898	
0.516210	-0.752370	324	
0.398606	-0.675063	1973	
-0.223030	-0.712441	2460	
-0.378508	-0.655607	421	
-0.476749	-0.519751	5986	
0.252731	-0.851992	1631	
0.106164	-0.824010	6567	
-0.134794	0.631214	2523	
-0.158446	-0.715711	2617	
-0.004702	-0.928677	7863	
0.853405	0.195971	7564	
-0.738365	-0.375918	1265	
0.554768	-0.292700	2471	
-0.410681	-0.734768	706	
-0.410269	-0.763845	3468	
0.186036	-0.914375	2824	
0.819292	0.445271	7868	
0.491473	-0.345592	7757	
0.342182	-0.781202	7031	
-0.704880	-0.306468	5109	
-0.434345	-0.817739	434	
-0.652471	0.133190	2066	
0.502831	0.322409	8732	
-0.516212	0.087694	6417	
0.728373	0.537720	4878	
0.607720	-0.159057	7561	
0.826336	0.259514	4743	
-0.505997	-0.516281	6444	
0.803412	-0.287711	2141	
0.010433	0.702215	6462	
0.751886	-0.580426	6811	
0.866812	-0.155009	2656	
-0.775544	-0.218620	6378	
-0.560842	-0.434014	6635	
0.021517	-0.794530	4852	
-0.223172	0.618378	1410	
-0.167365	0.701279	6466	
-0.328320	0.660986	7492	
-0.135062	-0.926224	9086	
-0.637981	0.345249	954	
-0.680786	0.339002	2479	
0.582779	-0.165592	7166	
0.944907	0.240333	5218	
-0.204727	0.646943	1582	
0.436648	0.488256	1617	
0.765474	0.436559	5557	
0.493773	0.837623	2936	
0.907783	-0.245164	8417	
-0.319327	-0.337833	3966	
-0.588414	-0.337639	5027	
-0.167427	-0.811784	4903	
-0.501055	-0.769459	5996	
0.043654	0.679123	7394	
0.023466	-0.587170	9237	
0.856515	0.175800	5235	
0.501228	-0.284944	7222	
-0.743808	0.214519	7716	
-0.490545	0.112862	5683	
-0.230179	-0.912281	499	
0.265223	0.586874	1745	
-0.497672	0.105938	5683	
0.293240	0.618486	5526	
0.785778	-0.523239	8595	
0.934438	0.002942	8902	
-0.426669	-0.664388	3270	
0.639678	-0.606296	6348	
-0.745264	0.172886	8465	
-0.152977	0.731818	7457	
-0.189425	-0.441755	5715	
-0.509079	-0.030683	2990	
0.545349	0.048714	3018	
-0.165173	0.743341	9378	
-0.044463	-0.815810	939	
-0.344197	-0.673858	958	
0.856697	-0.105221	8205	
-0.474242	0.180050	3162	
-0.212051	-0.333197	7110	
-0.266694	-0.843646	7780	
-0.325945	0.581660	3096	
0.452304	-0.739755	7861	
-0.704156	-0.522383	4270	
-0.777605	-0.162723	4869	
-0.424637	-0.332498	4765	
0.685457	-0.610906	9402	
0.458504	-0.807814	7187	
-0.040877	0.542589	3193	
-0.215579	-0.930724	499	
0.447948	-0.449170	2222	
-0.198491	0.542816	8845	
0.396586	0.556584	4815	
0.799388	-0.234249	7971	
0.775825	-0.297336	1008	
-0.002121	0.643682	1155	
-0.022327	0.672170	2205	
-0.227871	0.642007	529	
0.641751	0.686368	9219	
-0.007744	-0.787665	3110	
-0.433579	0.506780	6975	
-0.643522	-0.547012	8437	
-0.078511	-0.897547	7370	
0.706139	-0.662536	5597	
0.398856	-0.705517	2249	
-0.618060	-0.314155	8390	
0.229005	-0.909262	5490	
-0.384709	-0.585301	7245	
-0.164920	0.688102	6499	
0.796822	-0.346982	6835	
-0.578391	0.268415	3727	
-0.193973	-0.798501	5643	
0.621511	-0.608816	6796	
-0.652958	-0.546313	8608	
-0.144363	-0.919674	8898	
-0.296363	-0.676788	5519	
-0.745693	-0.144893	1160	
0.637657	0.737883	6320	
0.863279	0.068498	4017	
0.632464	0.069397	2800	
-0.424047	-0.258702	1856	
-0.435910	-0.127725	6442	
0.197938	-0.777567	8663	
0.897033	-0.175698	4912	
0.626239	-0.481520	8214	
-0.128138	-0.842472	5886	
-0.443258	0.590776	2134	
0.442101	0.401550	2423	
0.289028	-0.411545	3282	
-0.216084	-0.433808	8065	
0.846478	-0.340726	5250	
-0.172818	-0.803964	4903	
0.233912	-0.793016	3620	
-0.160796	-0.546721	2277	
0.509744	-0.199998	6895	
-0.690377	0.264042	2582	
-0.122015	-0.537143	8029	
0.423144	0.354318	2181	
0.291022	0.603838	4044	
0.279224	0.529567	7860	
-0.448629	-0.730080	1822	
-0.402905	0.606207	865	
-0.476294	-0.685985	4251	
-0.396140	-0.716313	960	
-0.519466	0.405180	3127	
0.243998	0.542287	8850	
-0.126490	0.721594	7644	
0.555610	-0.159462	7776	
-0.716973	-0.077351	426	
0.302221	-0.843522	8963	
-0.680380	0.354994	2479	
0.089948	0.630366	4048	
-0.601647	0.234726	4496	
0.518462	-0.203904	6895	
-0.007956	0.713520	8682	
0.012058	0.528153	6816	
-0.655026	-0.239509	1168	
0.892486	-0.397911	7608	
-0.572637	-0.382189	3818	
-0.447310	0.278161	2411	
-0.394196	0.365706	807	
0.503802	-0.704032	7269	
0.044028	-0.588562	709	
-0.729047	-0.175888	5575	
0.573022	0.205354	2612	
-0.189900	-0.772543	5846	
-0.220614	0.667788	9042	
-0.763043	-0.241108	5419	
0.819200	0.505993	795	
-0.439727	0.587957	2134	
-0.754345	-0.147867	1160	
-0.494276	0.162053	2809	
-0.703328	-0.336149	9307	
-0.159310	-0.915786	8424	
-0.392690	-0.678046	402	
-0.452925	0.572625	6743	
-0.096472	-0.912023	7256	
-0.504748	0.101608	6681	
0.355707	-0.840893	5549	
0.826152	-0.363154	4755	
-0.172672	-0.890855	1754	
0.643524	-0.494296	5661	
0.190464	0.435007	6058	
0.784132	0.492612	5170	
-0.489763	-0.778136	5996	
-0.677019	-0.454226	6628	
-0.134438	-0.572733	4970	
-0.549339	-0.705059	6396	
0.932628	0.184333	6160	
-0.429438	-0.717209	1822	
0.939229	0.036161	9133	
0.562520	-0.772940	6555	
0.872100	-0.068492	8008	
-0.701021	0.297352	4485	
0.759227	0.569821	8497	
-0.319990	0.688071	6256	
0.191196	-0.568774	8251	
0.831369	-0.014104	5427	
0.128267	-0.591404	9238	
-0.018479	-0.940435	2203	
0.080155	-0.944762	3614	
-0.137391	-0.481303	685	
-0.192775	-0.452492	5715	
0.711048	-0.516678	7680	
0.178614	-0.928766	8256	
-0.583436	0.372129	4036	
0.730882	-0.492240	5892	
0.914045	0.192861	7640	
0.389625	-0.470958	2246	
-0.649656	-0.323279	7321	
-0.266229	-0.496952	3179	
-0.622025	-0.551304	8600	
0.566485	-0.048522	1719	
0.224134	-0.823482	8000	
0.135891	-0.783258	3492	
-0.274069	0.686813	7639	
0.675779	-0.635477	7691	
-0.740047	0.024928	2033	
0.526554	-0.763177	1268	
-0.688198	-0.237251	3799	
0.930015	-0.043430	2434	
-0.427336	-0.822387	527	
0.383919	-0.834963	2830	
-0.068829	0.740223	2135	
0.838054	-0.451822	9197	
0.410956	0.390288	4464	
0.820357	0.284960	5512	
0.188076	-0.959970	3860	
0.266162	0.617443	6004	
0.635266	0.043698	4269	
-0.801439	-0.054076	1125	
-0.722826	0.243532	5667	
-0.587342	-0.603890	4170	
0.136816	0.692880	2269	
-0.618617	0.342282	6489	
0.849147	-0.460110	9197	
-0.582990	-0.582155	6703	
0.059406	-0.965470	4033	
-0.724037	-0.016667	2854	
-0.799786	-0.201872	7007	
0.521289	-0.163742	6073	
-0.643407	-0.199853	6014	
0.255746	-0.527116	7448	
0.181858	0.611942	7972	
0.428748	0.128382	6441	
0.496399	0.210332	4078	
0.494843	0.355802	971	
-0.360642	-0.872218	1251	
0.104010	-0.799611	6389	
-0.166918	-0.899744	1754	
-0.795791	0.104970	5591	
0.670066	-0.566500	8706	
-0.792536	-0.021821	712	
-0.686797	0.044632	802	
-0.551379	-0.550576	5362	
0.947426	0.188374	1483	
0.612371	-0.654224	8348	
0.735062	-0.391267	7094	
0.505117	-0.281473	7222	
-0.580922	0.430093	2101	
-0.696114	-0.287002	3413	
-0.049589	-0.533531	7096	
0.423242	0.484563	1617	
-0.685963	-0.321048	4624	
-0.812124	-0.282585	5350	
-0.594371	0.489787	1140	
-0.366486	-0.703386	502	
0.583083	-0.010863	2430	
-0.688904	0.170486	2613	
0.097712	-0.885068	7835	
-0.729114	-0.008239	2854	
-0.364581	0.302542	5332	
-0.375907	0.390610	6891	
-0.240507	0.661975	4282	
0.354026	-0.870509	679	
0.622350	0.053669	1946	
-0.262496	-0.877058	5805	
0.415309	-0.420425	2451	
0.270264	-0.738784	6316	
-0.506235	-0.154422	4442	
-0.651635	-0.379220	3360	
-0.033301	-0.917259	4954	
0.911550	0.175833	5530	
-0.633984	0.272891	1637	
-0.364419	0.681701	1960	
-0.658696	0.313748	356	
-0.627865	-0.355487	4469	
-0.089730	0.681716	2653	
-0.047728	-0.782636	5447	
0.763856	-0.523106	4393	
0.627662	0.145301	2769	
-0.747335	0.047108	3787	
0.883849	0.157031	6437	
0.925638	0.258718	8882	
0.457799	0.489060	1966	
-0.680926	0.290928	2553	
0.475262	-0.340391	4730	
-0.384883	-0.334279	6569	
0.032655	0.619861	2162	
-0.075835	-0.874535	3975	
-0.180005	-0.760751	1500	
0.181173	-0.897696	2824	
0.142406	-0.800793	4989	
0.477424	-0.742198	1079	
-0.628991	0.411629	5353	
0.884858	-0.012611	6182	
0.714039	-0.418793	4400	
-0.600055	-0.337967	5027	
-0.540404	-0.553177	5362	
-0.100724	-0.869177	4978	
-0.292325	0.626526	6828	
-0.066520	-0.428709	8534	
0.619707	0.071883	2800	
-0.524852	-0.618409	4847	
-0.212812	-0.740466	3545	
0.031660	-0.553633	3336	
0.213617	-0.872201	1982	
-0.727679	-0.449442	6120	
0.274323	0.585850	1745	
-0.222078	-0.827177	5992	
-0.768861	-0.144547	1363	
0.358357	0.454058	6016	
-0.480099	0.174896	1607	
0.827910	0.500813	4537	
0.596012	0.109232	3395	
0.646119	-0.516411	4728	
-0.532682	0.363879	5081	
0.641178	-0.711019	8049	
-0.346544	0.562961	8533	
-0.762972	0.093403	5112	
-0.712454	0.062215	1227	
-0.208801	0.542157	8845	
0.423020	0.513035	2891	
-0.656430	0.278239	2834	
0.621330	-0.627631	6796	
-0.638493	-0.533985	8437	
0.973996	-0.157771	9059	
-0.422520	-0.276054	1856	
0.854134	0.087803	8035	
0.455738	0.403524	2509	
0.201938	-0.876914	1982	
-0.466224	0.205202	1806	
0.274911	-0.569769	546	
-0.776895	-0.087596	626	
0.402179	-0.476658	1384	
-0.448119	-0.231495	3661	
0.707065	-0.543776	1368	
-0.169003	-0.775319	1773	
-0.256364	-0.804074	8340	
-0.660217	-0.013047	5436	
0.415642	-0.462683	6413	
0.398229	0.415659	6985	
-0.258105	-0.886017	5805	
0.685729	-0.486356	6994	
0.867806	0.458478	3312	
-0.055627	-0.793857	5447	
0.563301	-0.093534	5649	
0.942729	0.065522	999	
0.271143	-0.511321	1922	
0.484004	-0.296727	8462	
0.447777	-0.667282	2232	
0.006380	-0.584742	7977	
-0.752277	0.224388	746	
0.048555	0.724797	8052	
-0.643299	-0.073432	3836	
0.357525	0.552107	2733	
0.494834	-0.219292	2810	
0.815572	-0.562271	8480	
0.219695	-0.758840	5016	
-0.588944	-0.430801	6649	
-0.138845	-0.485713	685	
0.211430	0.680935	1913	
0.267005	-0.788391	3767	
0.964940	-0.231984	6480	
0.224650	0.952289	4591	
0.801072	0.532079	9386	
0.255198	-0.576469	7141	
0.151148	0.595642	4667	
0.334289	-0.498073	6788	
-0.081112	0.556028	9029	
-0.218873	0.695917	410	
0.475223	-0.815953	9425	
0.350656	0.508323	9441	
-0.734283	0.068696	1331	
0.887264	-0.341684	1727	
-0.274633	0.502490	1965	
-0.172332	-0.741807	1846	
0.394212	-0.487504	262	
0.344162	0.435105	5782	
-0.681332	0.109688	5237	
0.487228	-0.246132	2802	
-0.048505	-0.867154	8678	
0.029498	-0.921799	632	
-0.282568	-0.784021	8218	
-0.814361	-0.010769	712	
-0.678057	0.230656	2407	
-0.269057	-0.900487	8316	
-0.176085	-0.922642	8959	
0.854742	-0.453653	4313	
0.619879	-0.509148	2750	
-0.173194	-0.711950	2392	
-0.646910	-0.206845	6014	
-0.586863	0.483514	1140	
-0.060897	0.665134	2758	
-0.591989	-0.308413	7009	
0.636629	-0.632135	5876	
0.664066	-0.644423	7691	
0.854951	-0.198542	4796	
0.365905	0.457345	5883	
0.753735	-0.341251	1463	
-0.066741	-0.531827	8912	
0.520538	-0.748542	324	
0.505882	-0.824659	1693	
0.904981	0.261033	9259	
0.782294	0.583084	885	
0.231621	0.575019	5478	
-0.223212	-0.821890	5992	
0.618052	-0.625692	6796	
-0.684813	0.151596	2828	
0.194845	-0.574834	8251	
-0.641830	-0.127624	4151	
0.391498	-0.438470	7543	
0.403872	0.483930	2594	
0.891587	-0.017771	6182	
0.191095	-0.796143	8439	
0.000172	-0.857343	9134	
0.670280	-0.455008	6240	
0.611351	-0.086929	3323	
0.116513	-0.938586	4497	
0.759861	-0.313511	1839	
-0.544223	-0.636178	5541	
-0.693600	-0.223845	3194	
-0.044676	-0.922384	6042	
0.025292	-0.831278	7254	
0.455538	-0.636689	8336	
-0.601970	-0.336839	6745	
0.618084	-0.038105	3953	
-0.359723	-0.792331	5944	
0.253321	0.648428	2122	
0.938059	-0.109801	5727	
0.717880	-0.619593	4950	
-0.614926	0.356364	6818	
0.294492	-0.781168	6027	
0.061742	0.622708	2012	
0.598210	-0.688847	8293	
0.896474	0.291211	9380	
0.499331	0.196354	1829	
-0.400957	-0.329939	8577	
-0.535021	0.498533	8960	
0.788063	-0.246009	5125	
0.248969	-0.755765	7144	
0.494048	0.822236	1057	
