time = 123.15	Re = 1
-0.336649	0.915175	6399	
-0.363552	0.905166	6034	
-0.397066	0.892016	6050	
-0.436630	0.875094	6071	
-0.481643	0.853693	6085	
-0.531215	0.827133	2604	
-0.048691	0.948914	6653	
-0.077545	0.947324	404	
-0.114169	0.944618	351	
-0.158172	0.939907	246	
-0.209127	0.932225	521	
-0.266656	0.920454	635	
-0.330063	0.903438	289	
-0.398348	0.880036	6864	
-0.471558	0.848559	6757	
-0.551423	0.805783	570	
-0.628136	0.755348	1159	
0.249253	0.890813	3938	
0.221180	0.898539	4342	
0.185017	0.907696	5783	
0.140627	0.917288	3676	
0.087946	0.926120	5988	
0.026812	0.932868	6820	
-0.042099	0.935871	6550	
-0.119853	0.933600	6684	
-0.204877	0.924013	464	
-0.294546	0.905455	6221	
-0.386475	0.876915	6683	
-0.480007	0.837192	6740	
-0.575195	0.784019	569	
-0.670449	0.715464	6749	
-0.755413	0.638166	6821	
0.524450	0.731347	4532	
0.500391	0.748433	3943	
0.468499	0.770010	4787	
0.428145	0.795108	4814	
0.378785	0.822423	3853	
0.319980	0.850382	3458	
0.251456	0.877106	3938	
0.173768	0.900298	3647	
0.087190	0.917869	5986	
-0.007021	0.927653	5930	
-0.108536	0.927576	6382	
-0.217169	0.915520	464	
-0.331117	0.889180	289	
-0.443672	0.847957	6701	
-0.553209	0.791506	334	
-0.662745	0.715294	6749	
-0.760576	0.625736	6412	
0.735800	0.473629	2517	
0.719466	0.498715	3689	
0.696912	0.531525	3300	
0.667227	0.571067	2627	
0.629255	0.616229	2904	
0.582017	0.665256	2676	
0.524501	0.716272	4532	
0.455938	0.767046	4787	
0.376231	0.814875	3853	
0.284543	0.857419	3474	
0.180851	0.891826	3647	
0.067416	0.914770	6169	
-0.053094	0.923498	6205	
-0.178589	0.916006	463	
-0.309036	0.890178	4796	
-0.440325	0.844225	6701	
-0.563929	0.779575	334	
-0.681164	0.694443	1336	
0.838969	0.136718	5676	
0.833910	0.166655	1356	
0.825971	0.206913	2218	
0.813703	0.257008	1276	
0.795358	0.316114	5751	
0.769012	0.383128	1382	
0.733004	0.455795	3551	
0.685136	0.532715	4013	
0.624056	0.610855	2904	
0.548079	0.687611	3189	
0.457376	0.758850	4787	
0.352319	0.820962	3107	
0.234182	0.870376	3451	
0.102785	0.904153	5981	
-0.037083	0.918529	3797	
-0.180575	0.911277	463	
-0.326166	0.880787	6154	
-0.471446	0.825334	6771	
-0.605211	0.747568	6204	
-0.729179	0.645461	6504	
-0.834799	0.524948	6299	
0.791574	-0.232553	4073	
0.800061	-0.202941	3865	
0.810576	-0.161683	1487	
0.821242	-0.108897	2166	
0.829864	-0.044599	2168	
0.833857	0.031387	1398	
0.830243	0.117841	2113	
0.816113	0.212830	1308	
0.788293	0.315054	5750	
0.744188	0.421262	1751	
0.682053	0.527225	3300	
0.600623	0.628952	2211	
0.499522	0.721912	3241	
0.379781	0.801274	4009	
0.244462	0.862155	2593	
0.095710	0.901076	5981	
-0.062919	0.914748	6469	
-0.222943	0.900825	4021	
-0.381853	0.858492	6826	
-0.536273	0.786775	376	
-0.673442	0.690765	6640	
-0.797059	0.566682	6065	
-0.892865	0.430674	6137	
0.571292	-0.560035	3572	
0.593122	-0.537443	3124	
0.622780	-0.504648	1404	
0.658584	-0.460371	2451	
0.697839	-0.403799	3663	
0.737764	-0.333748	3866	
0.774661	-0.249931	3933	
0.804835	-0.151480	1487	
0.823697	-0.039567	2313	
0.826924	0.082781	5233	
0.810585	0.213325	1348	
0.771707	0.346646	1466	
0.707496	0.479032	3689	
0.617931	0.603177	1653	
0.503718	0.713338	2747	
0.366570	0.803932	3853	
0.212044	0.868905	3140	
0.044357	0.904719	2537	
-0.131383	0.908482	3930	
-0.304431	0.879064	4796	
-0.472771	0.816267	6767	
-0.628350	0.721839	6455	
-0.761641	0.601929	5841	
-0.873848	0.454994	2613	
0.199572	-0.748928	2459	
0.230365	-0.740454	3066	
0.274099	-0.726695	5439	
0.329761	-0.705410	5022	
0.395478	-0.674038	4066	
0.468940	-0.629637	3448	
0.546584	-0.569615	3091	
0.624485	-0.491224	2380	
0.696582	-0.394210	3353	
0.757839	-0.277432	4590	
0.801503	-0.144200	1950	
0.822350	0.003900	5489	
0.815319	0.160938	1260	
0.776949	0.320400	5750	
0.705712	0.474484	1979	
0.601892	0.615646	2211	
0.468988	0.735370	3247	
0.310676	0.827515	2268	
0.135235	0.885876	1302	
-0.051601	0.907468	3299	
-0.240745	0.890363	4830	
-0.421061	0.835777	6775	
-0.592135	0.743516	416	
-0.737556	0.622338	544	
-0.859937	0.470400	6185	
-0.241906	-0.710041	2208	
-0.210867	-0.720297	1295	
-0.164669	-0.733516	901	
-0.102974	-0.746769	5666	
-0.025732	-0.756326	5906	
0.065951	-0.757598	1856	
0.170656	-0.745664	2547	
0.285181	-0.715484	5287	
0.404300	-0.662674	3825	
0.521244	-0.584393	3059	
0.629171	-0.478745	715	
0.719999	-0.346053	3739	
0.785091	-0.190187	4537	
0.817245	-0.017966	1439	
0.811158	0.164462	1260	
0.764069	0.345492	1466	
0.676003	0.515323	3829	
0.549730	0.664048	2695	
0.391638	0.782116	3367	
0.208733	0.862882	3140	
0.012788	0.901234	3301	
-0.190136	0.895588	3590	
-0.384275	0.846859	5226	
-0.565921	0.756856	314	
-0.723561	0.631766	487	
-0.852850	0.475392	6184	
-0.601000	-0.405703	4584	
-0.581868	-0.433458	1571	
-0.551204	-0.473875	4888	
-0.507177	-0.523664	2080	
-0.446732	-0.579875	2723	
-0.366677	-0.637954	3334	
-0.265596	-0.691196	1114	
-0.144747	-0.731763	901	
-0.006222	-0.752144	1832	
0.145828	-0.745107	2308	
0.303510	-0.704368	3952	
0.457917	-0.625815	3448	
0.596610	-0.509658	1263	
0.709333	-0.357935	3739	
0.785222	-0.177736	4740	
0.816056	0.019781	1521	
0.797025	0.224493	1348	
0.727570	0.420640	5313	
0.610676	0.596009	1653	
0.453435	0.738721	3247	
0.265324	0.839816	2280	
0.059089	0.893145	6166	
-0.154469	0.896771	3216	
-0.362143	0.851555	4804	
-0.552572	0.761580	314	
-0.719783	0.631191	487	
-0.853086	0.469650	6185	
-0.946950	0.290143	6058	
-0.694599	0.087555	4305	
-0.698506	0.053405	4921	
-0.701900	0.000414	5868	
-0.700522	-0.071480	3203	
-0.688811	-0.160139	2682	
-0.660716	-0.262982	4495	
-0.609920	-0.375014	4122	
-0.531139	-0.488521	1458	
-0.421381	-0.593850	2259	
-0.281367	-0.679448	972	
-0.113337	-0.734689	1033	
0.072699	-0.748646	1710	
0.265137	-0.714052	3129	
0.449624	-0.627358	2922	
0.609000	-0.491606	695	
0.729848	-0.313010	2934	
0.799441	-0.104502	1692	
0.810470	0.117609	1595	
0.760716	0.337384	3793	
0.653963	0.536681	3956	
0.497357	0.701913	2747	
0.304555	0.820347	1795	
0.087912	0.885875	5610	
-0.135679	0.895589	3561	
-0.354975	0.850931	4804	
-0.553277	0.757723	314	
-0.726623	0.620319	487	
-0.860569	0.452714	6839	
-0.954449	0.262158	6109	
-0.407659	0.538139	3231	
-0.435840	0.516194	3733	
-0.477570	0.479674	5472	
-0.530721	0.423863	938	
-0.587937	0.346441	5377	
-0.641680	0.243984	5902	
-0.681645	0.116418	4454	
-0.696635	-0.032849	5609	
-0.676180	-0.196470	1486	
-0.611666	-0.363574	4122	
-0.498774	-0.519160	2060	
-0.340442	-0.644626	944	
-0.144581	-0.724457	738	
0.074366	-0.745559	1710	
0.295999	-0.700493	3171	
0.499581	-0.588882	2175	
0.662952	-0.419757	2341	
0.770493	-0.206426	4594	
0.810697	0.030985	1313	
0.779689	0.270822	4103	
0.681263	0.491480	5049	
0.524980	0.675039	4489	
0.325580	0.807593	2510	
0.099376	0.881130	5610	
-0.134498	0.892975	3561	
-0.363324	0.845185	4804	
-0.567467	0.745393	4587	
-0.743853	0.598512	5841	
-0.876461	0.421127	6224	
-0.965237	0.221847	6033	
0.156435	0.630938	4914	
0.120722	0.639211	2816	
0.061071	0.649099	4375	
-0.022081	0.653971	4299	
-0.126821	0.645347	4080	
-0.248247	0.613621	5664	
-0.378451	0.549391	3214	
-0.505041	0.445198	1009	
-0.610606	0.299544	4452	
-0.678086	0.115784	4454	
-0.690333	-0.092633	3048	
-0.636208	-0.305890	4608	
-0.512841	-0.499621	1227	
-0.326792	-0.649294	1115	
-0.097343	-0.731883	526	
0.152608	-0.734833	2547	
0.393071	-0.654332	4066	
0.596136	-0.497804	695	
0.738025	-0.283491	3776	
0.804404	-0.033232	1439	
0.789021	0.223615	5741	
0.695743	0.462716	5044	
0.536707	0.661044	2185	
0.328971	0.803103	2510	
0.092278	0.879792	5610	
-0.151391	0.888878	2448	
-0.387515	0.833615	5240	
-0.595187	0.723452	5511	
-0.770521	0.564866	674	
-0.899097	0.374096	6173	
0.590867	0.203614	630	
0.577693	0.239823	4172	
0.551010	0.299343	4524	
0.504960	0.375879	4965	
0.430985	0.463663	1476	
0.324052	0.548875	4706	
0.179244	0.617327	5869	
0.003835	0.649093	4991	
-0.192737	0.627282	4591	
-0.388271	0.539081	2678	
-0.553677	0.383012	1027	
-0.661622	0.169090	1535	
-0.688675	-0.080133	2527	
-0.622721	-0.329554	1991	
-0.465963	-0.544179	1728	
-0.237902	-0.689085	1135	
0.030588	-0.741488	2087	
0.301590	-0.693157	3171	
0.538318	-0.550856	1781	
0.709999	-0.334999	2579	
0.796943	-0.074259	1573	
0.791799	0.198461	1624	
0.698846	0.452497	5044	
0.532922	0.661279	5255	
0.314370	0.807379	2268	
0.066473	0.881412	5863	
-0.186115	0.882261	3159	
-0.427200	0.814768	4979	
-0.635271	0.690432	6621	
-0.804928	0.518249	6848	
-0.924595	0.313804	6514	
0.423059	-0.425475	5142	
0.450994	-0.396571	5032	
0.495046	-0.342765	3610	
0.546308	-0.259229	4558	
0.591726	-0.141342	618	
0.612909	0.008530	1090	
0.591518	0.180886	452	
0.510386	0.360654	3239	
0.360474	0.519761	1586	
0.149527	0.623199	1881	
-0.097872	0.642611	5256	
-0.348459	0.560563	3258	
-0.552749	0.380149	922	
-0.670936	0.124599	4082	
-0.674997	-0.164308	3577	
-0.560006	-0.432534	1368	
-0.343314	-0.634267	944	
-0.064233	-0.732576	5701	
0.232258	-0.713243	2541	
0.496824	-0.582158	2175	
0.691835	-0.362547	2519	
0.792201	-0.089842	1573	
0.789784	0.196978	1624	
0.690687	0.462160	5044	
0.513167	0.675798	4489	
0.281149	0.819540	2257	
0.021695	0.884353	5586	
-0.238286	0.871045	3566	
-0.480957	0.786623	4204	
-0.685278	0.644779	6323	
-0.844596	0.457524	6804	
-0.950353	0.239994	2492	
-0.266898	-0.509363	5490	
-0.229417	-0.527890	5248	
-0.158590	-0.555027	3653	
-0.053441	-0.577438	5834	
0.084141	-0.577589	3818	
0.246061	-0.534634	1107	
0.409231	-0.430907	5127	
0.542939	-0.257855	4558	
0.608367	-0.025301	649	
0.573302	0.229567	865	
0.424511	0.461516	1476	
0.179259	0.611651	5869	
-0.118231	0.637742	3620	
-0.403815	0.522690	3231	
-0.609380	0.286188	4456	
-0.686166	-0.021310	5862	
-0.616321	-0.332977	5154	
-0.414798	-0.582558	1705	
-0.126886	-0.719169	1181	
0.190448	-0.721220	3310	
0.476879	-0.594461	1762	
0.686973	-0.366589	2519	
0.791650	-0.080232	1573	
0.783084	0.219286	5741	
0.670396	0.491133	4290	
0.476030	0.703349	2395	
0.228507	0.837246	2221	
-0.041996	0.885724	2508	
-0.307056	0.852181	4696	
-0.546586	0.746688	4741	
-0.743020	0.583967	272	
-0.886317	0.381758	5456	
-0.973295	0.152728	6302	
-0.516112	0.190106	6027	
-0.530113	0.148682	5578	
-0.548124	0.068092	3381	
-0.552830	-0.051297	4362	
-0.521353	-0.201944	1769	
-0.431527	-0.363232	2534	
-0.266790	-0.503850	5490	
-0.033297	-0.576255	2419	
0.229448	-0.538481	1107	
0.462627	-0.372970	3909	
0.595910	-0.099558	644	
0.575369	0.217127	548	
0.391831	0.488911	1621	
0.088489	0.632712	4337	
-0.251119	0.601654	5542	
-0.532090	0.400098	4127	
-0.674737	0.085458	3787	
-0.644881	-0.259584	4793	
-0.455466	-0.545580	1712	
-0.156873	-0.709759	738	
0.177956	-0.721770	2063	
0.480370	-0.589542	1762	
0.696146	-0.347060	2906	
0.794435	-0.044970	1643	
0.769695	0.264815	4103	
0.635621	0.537711	4518	
0.419850	0.740787	3302	
0.155717	0.856714	5814	
-0.124175	0.881521	2770	
-0.390413	0.821979	5240	
-0.621073	0.692175	6595	
-0.804389	0.506359	6848	
-0.926678	0.289283	300	
-0.989827	0.054129	2465	
0.218085	0.477654	1536	
0.174654	0.495808	2182	
0.087971	0.520033	1357	
-0.044415	0.528578	1932	
-0.210202	0.491440	2116	
-0.384877	0.378273	2316	
-0.517592	0.173834	4633	
-0.544908	-0.097239	3163	
-0.424941	-0.367585	2534	
-0.162298	-0.547655	3079	
0.175034	-0.554547	908	
0.468210	-0.363487	3546	
0.603959	-0.029640	649	
0.522551	0.329103	3891	
0.246996	0.580609	1512	
-0.124876	0.633028	3620	
-0.462968	0.470432	4109	
-0.658272	0.151870	1610	
-0.656285	-0.217863	1358	
-0.468437	-0.530967	1719	
-0.155627	-0.708214	738	
0.196719	-0.716019	3310	
0.507273	-0.566558	2181	
0.717432	-0.302691	2934	
0.797120	0.016186	1521	
0.745632	0.332211	3793	
0.582784	0.598784	2388	
0.342595	0.783530	1703	
0.062607	0.872814	5942	
-0.222576	0.866989	3133	
-0.485242	0.776391	4631	
-0.701053	0.619958	6614	
-0.863713	0.412161	6594	
-0.962046	0.175775	6497	
0.363218	-0.343756	534	
0.396208	-0.306146	6241	
0.450733	-0.222292	1977	
0.498524	-0.084132	4325	
0.497597	0.111397	716	
0.399355	0.325731	1846	
0.179994	0.490092	1882	
-0.124491	0.515002	2386	
-0.408902	0.350291	4439	
-0.547929	0.020074	2910	
-0.444271	-0.339403	3071	
-0.125261	-0.556703	3154	
0.271840	-0.515920	1103	
0.552602	-0.224450	3811	
0.582433	0.182575	4370	
0.350955	0.517111	1586	
-0.039089	0.639196	5079	
-0.419096	0.504965	3431	
-0.648654	0.178574	2902	
-0.655713	-0.213940	1454	
-0.455064	-0.541309	1712	
-0.120899	-0.714958	1181	
0.245786	-0.701585	2290	
0.554852	-0.522432	663	
0.745902	-0.231772	2667	
0.793796	0.102615	1287	
0.705224	0.418591	5176	
0.508425	0.668719	4489	
0.242743	0.825306	1349	
-0.050493	0.879286	2508	
-0.334899	0.836808	3979	
-0.586391	0.711943	5511	
-0.782662	0.526541	322	
-0.916642	0.300744	898	
-0.467509	-0.084436	1708	
-0.455043	-0.138875	4759	
-0.411391	-0.242889	1967	
-0.306869	-0.370174	1194	
-0.111798	-0.472292	1142	
0.157769	-0.465156	975	
0.408996	-0.284374	4621	
0.504301	0.044606	724	
0.345073	0.382768	1467	
-0.028655	0.524852	2666	
-0.405002	0.352328	4439	
-0.546094	-0.055050	4362	
-0.343921	-0.444313	3179	
0.083292	-0.569489	3818	
0.473949	-0.351630	3546	
0.600545	0.074951	619	
0.404915	0.470867	1337	
0.000779	0.637369	4757	
-0.409788	0.510134	3431	
-0.651315	0.164846	1535	
-0.643868	-0.247318	4793	
-0.413087	-0.575090	1705	
-0.051793	-0.725041	5748	
0.323248	-0.672273	3227	
0.617223	-0.452525	1240	
0.773799	-0.132572	5109	
0.776457	0.212809	5741	
0.642412	0.518245	3912	
0.409355	0.740366	2264	
0.120637	0.858347	1250	
-0.180187	0.869297	2410	
-0.457881	0.785189	3835	
-0.688116	0.626045	6323	
-0.858801	0.411174	6594	
-0.959286	0.167610	6302	
0.333254	0.302380	2271	
0.292491	0.342762	3151	
0.183271	0.414025	4519	
-0.004740	0.456156	1802	
-0.250084	0.387266	4602	
-0.441966	0.150875	4285	
-0.430346	-0.199527	2073	
-0.142282	-0.461350	1271	
0.276973	-0.407176	941	
0.502630	-0.023448	1243	
0.319696	0.403453	1631	
-0.147970	0.506212	1930	
-0.509075	0.182777	4633	
-0.464030	-0.304767	2363	
-0.052825	-0.567644	5834	
0.410374	-0.418128	5185	
0.601709	0.022312	1090	
0.416904	0.457724	1460	
-0.009841	0.636319	4108	
-0.436805	0.487203	3701	
-0.663831	0.109445	4082	
-0.615182	-0.315799	4019	
-0.338273	-0.625054	944	
0.049797	-0.728581	1677	
0.422800	-0.619611	1198	
0.685322	-0.351524	2906	
0.790599	-0.005406	5429	
0.736359	0.340531	3928	
0.551918	0.622835	1447	
0.282666	0.805149	1757	
-0.022568	0.874400	2849	
-0.321745	0.836398	4822	
-0.584091	0.708134	5511	
-0.785849	0.515034	5771	
-0.920780	0.278036	300	
-0.289736	-0.310674	960	
-0.233320	-0.356136	2162	
-0.099255	-0.416201	6193	
0.123233	-0.413525	1650	
0.362862	-0.242955	3574	
0.431494	0.100573	5992	
0.185764	0.410497	3669	
-0.258871	0.379722	1221	
-0.467131	-0.049703	1217	
-0.171232	-0.449286	4158	
0.341369	-0.355774	534	
0.482250	0.154032	627	
0.081737	0.513859	1357	
-0.421273	0.329874	5785	
-0.513527	-0.198462	1769	
-0.120993	-0.553741	3154	
0.387889	-0.436159	4306	
0.600419	0.027843	657	
0.390022	0.480844	1442	
-0.069948	0.633525	4826	
-0.495078	0.430733	1009	
-0.675483	0.011303	4106	
-0.558438	-0.414020	4760	
-0.225455	-0.678682	5638	
0.182672	-0.712356	3310	
0.535419	-0.533628	641	
0.745803	-0.216761	2504	
0.784012	0.147018	5487	
0.664738	0.478352	4010	
0.429275	0.722529	5125	
0.130259	0.852173	1296	
-0.182986	0.864770	2410	
-0.469738	0.774499	4204	
-0.704526	0.604019	6614	
-0.872361	0.377389	6912	
-0.964714	0.124740	320	
0.377344	0.132147	4031	
0.347650	0.198960	3657	
0.228467	0.332209	540	
-0.014861	0.406573	4350	
-0.322716	0.256640	3803	
-0.395108	-0.139855	1265	
-0.037029	-0.425582	5168	
0.400472	-0.174089	4649	
0.282451	0.346760	3151	
-0.277424	0.365568	1345	
-0.431532	-0.190428	2073	
0.078173	-0.479002	5922	
0.496671	-0.058204	660	
0.224284	0.463985	4932	
-0.357801	0.393168	2522	
-0.524796	-0.158781	2228	
-0.120727	-0.552670	3154	
0.413663	-0.411796	5185	
0.594922	0.092833	664	
0.318696	0.533031	5289	
-0.178700	0.614972	4591	
-0.571351	0.330465	3823	
-0.668212	-0.126792	1790	
-0.461886	-0.526701	1719	
-0.072757	-0.717538	1258	
0.338518	-0.660440	2730	
0.645850	-0.406859	2140	
0.783127	-0.049563	5225	
0.741746	0.315975	3308	
0.554463	0.615004	1694	
0.274225	0.804583	5693	
-0.043787	0.871093	2241	
-0.351756	0.822338	4761	
-0.615978	0.679198	5644	
-0.812739	0.470772	5556	
-0.936539	0.220570	6593	
-0.983857	-0.045190	6138	
-0.237306	0.290358	4938	
-0.298834	0.227970	2174	
-0.375514	0.045431	1736	
-0.288229	-0.251462	2944	
0.079047	-0.380000	4802	
0.393149	-0.040387	2373	
0.096621	0.392036	870	
-0.399590	0.107623	2131	
-0.111198	-0.409970	5900	
0.429244	-0.084191	5844	
0.079472	0.443481	2199	
-0.458491	0.077660	4744	
-0.111567	-0.467037	1142	
0.464602	-0.174162	692	
0.274433	0.433323	1576	
-0.352257	0.396585	1749	
-0.513438	-0.192358	1769	
-0.050905	-0.564516	5834	
0.479186	-0.337069	2406	
0.566663	0.212516	548	
0.191792	0.594810	5710	
-0.323716	0.558172	2077	
-0.641529	0.177906	5911	
-0.619210	-0.296409	4608	
-0.313625	-0.634320	1238	
0.114562	-0.719942	2086	
0.500128	-0.559617	2181	
0.735333	-0.235916	2667	
0.781002	0.143906	5487	
0.654509	0.487804	4290	
0.403882	0.734894	2264	
0.089845	0.856287	5803	
-0.232588	0.852401	3566	
-0.520421	0.741807	3374	
-0.747723	0.551311	6709	
-0.901084	0.307653	898	
-0.974254	0.041260	6834	
-0.348882	-0.030041	5075	
-0.326381	-0.129469	3463	
-0.177770	-0.305721	3378	
0.183694	-0.307480	3387	
0.348282	0.105213	3009	
-0.139160	0.344744	935	
-0.311349	-0.219120	3771	
0.315882	-0.230753	4300	
0.084491	0.394195	870	
-0.408457	-0.079506	1151	
0.225430	-0.366278	4974	
0.292192	0.335923	3151	
-0.402651	0.224411	3504	
-0.184137	-0.440837	4158	
0.457227	-0.189405	2795	
0.243778	0.451293	5335	
-0.406950	0.342042	3597	
-0.465818	-0.293459	2807	
0.088859	-0.563142	1306	
0.556963	-0.195131	2498	
0.484557	0.371187	5052	
0.004311	0.630949	4757	
-0.482523	0.438440	1075	
-0.672763	-0.025981	5861	
-0.506497	-0.475493	5697	
-0.112714	-0.707498	5798	
0.321799	-0.664536	2730	
0.645651	-0.401802	2093	
0.782186	-0.027732	5359	
0.725348	0.349334	3683	
0.515989	0.647141	1611	
0.215652	0.822599	5754	
-0.114248	0.865756	2193	
-0.423396	0.789822	4733	
-0.678341	0.620430	5036	
-0.857745	0.390121	6642	
-0.957301	0.126884	320	
-0.978386	-0.143737	6516	
-0.311993	0.090547	5588	
-0.325160	-0.019070	4288	
-0.171143	-0.281023	1893	
0.231095	-0.240159	1463	
0.197255	0.276508	2935	
-0.348288	-0.006656	4638	
0.247039	-0.259376	2926	
-0.001076	0.368999	2733	
-0.232411	-0.302691	5215	
0.388779	0.070980	5425	
-0.335853	0.234882	4933	
0.026032	-0.424945	4483	
0.364603	0.250345	878	
-0.384912	0.251067	4749	
-0.150736	-0.453347	1271	
0.484744	-0.105961	5787	
0.124129	0.500176	1346	
-0.493157	0.207595	4164	
-0.344275	-0.435567	3179	
0.284375	-0.500427	5381	
0.596149	0.019603	1090	
0.320683	0.527797	1355	
-0.228078	0.596797	5752	
-0.615670	0.239235	6268	
-0.629943	-0.262402	4793	
-0.320256	-0.627588	1238	
0.128341	-0.715476	2372	
0.523210	-0.536344	641	
0.748365	-0.188938	3046	
0.767668	0.204869	5714	
0.608528	0.545806	4475	
0.329587	0.773105	1432	
-0.001399	0.863517	5779	
-0.326995	0.824229	3979	
-0.604953	0.679780	5644	
-0.810488	0.462678	5549	
-0.935786	0.200455	6289	
-0.977585	-0.075563	6091	
0.176532	0.243273	363	
0.056349	0.296091	1523	
-0.232872	0.195181	328	
-0.061400	-0.303976	341	
0.297762	0.104147	1524	
-0.322984	-0.034880	4612	
0.332612	-0.038004	3036	
-0.347233	0.013060	3249	
0.360018	-0.025535	5965	
-0.363811	0.090764	2930	
0.336689	-0.197714	4346	
-0.227310	0.337435	1004	
-0.029040	-0.423025	2137	
0.343421	0.278697	489	
-0.432308	0.160021	5103	
-0.005986	-0.480143	3460	
0.493023	0.083704	450	
-0.095937	0.511423	1507	
-0.540218	-0.027628	4540	
-0.118999	-0.549134	3154	
0.482929	-0.326882	2406	
0.535202	0.281427	4524	
0.064356	0.623237	4237	
-0.462052	0.455220	5466	
-0.670304	-0.027846	5861	
-0.487019	-0.493476	1120	
-0.065900	-0.712946	1258	
0.378306	-0.634556	1199	
0.684506	-0.334098	1286	
0.782211	0.062054	5407	
0.679116	0.437421	4069	
0.429907	0.711222	5125	
0.104234	0.848037	5803	
-0.232460	0.846548	3123	
-0.530555	0.728640	3374	
-0.761805	0.524714	5747	
-0.910014	0.268615	300	
-0.972369	-0.005527	6743	
-0.271189	0.051856	3923	
-0.252525	-0.114268	6597	
0.119442	-0.253694	6489	
0.109381	0.263048	5315	
0.000972	-0.293321	3094	
-0.145737	0.264851	6437	
0.302219	-0.083586	1764	
-0.278101	-0.169565	396	
0.096702	0.325596	1850	
0.146085	-0.324063	3272	
-0.261258	0.264524	2989	
0.295801	-0.252525	4586	
-0.255459	0.316648	1052	
0.096497	-0.414676	2042	
0.204014	0.395746	3494	
-0.460535	-0.064591	1188	
0.244793	-0.419107	562	
0.376360	0.338607	1717	
-0.363010	0.382611	2522	
-0.445901	-0.320040	3027	
0.192830	-0.537082	3075	
0.591914	-0.031788	649	
0.329672	0.519176	1355	
-0.244719	0.588542	5538	
-0.629989	0.196916	6244	
-0.601918	-0.322547	5448	
-0.243444	-0.662637	5638	
0.223309	-0.693961	1609	
0.598020	-0.456228	1240	
0.772097	-0.072181	5106	
0.729423	0.325725	2405	
0.515261	0.640923	1611	
0.201072	0.821751	1497	
-0.142806	0.857866	1185	
-0.459035	0.766421	3815	
-0.711747	0.578596	4705	
-0.880549	0.331625	4313	
-0.963450	0.055331	466	
0.023752	0.249840	6921	
-0.222512	0.122198	5953	
0.144194	-0.212384	1219	
-0.107694	0.238163	411	
0.254405	0.089733	6335	
0.182747	-0.212608	1314	
-0.072855	-0.283034	429	
-0.304301	-0.009814	5078	
-0.143490	0.285823	1960	
0.302357	0.146792	1737	
0.041784	-0.351193	2065	
-0.284715	0.239070	2961	
0.367001	-0.133305	4401	
-0.385169	0.140084	2020	
0.332162	-0.273212	2245	
-0.098197	0.439738	2179	
-0.303897	-0.360770	1194	
0.471415	-0.144524	1100	
0.057736	0.511509	4864	
-0.533401	0.060607	3705	
-0.151270	-0.538251	3079	
0.485724	-0.319766	2406	
0.514252	0.317121	3414	
-0.004649	0.627043	4108	
-0.522175	0.387141	4127	
-0.659183	-0.136943	1790	
-0.393746	-0.574555	1549	
0.069115	-0.716607	2660	
0.496757	-0.553054	637	
0.741756	-0.195063	3046	
0.760489	0.216142	3118	
0.585357	0.566175	3817	
0.286163	0.787827	2005	
-0.059953	0.859982	2241	
-0.390381	0.795393	4005	
-0.661660	0.624717	5012	
-0.850661	0.385427	6903	
-0.952209	0.107891	508	
-0.966693	-0.174943	2621	
-0.056345	0.220002	4217	
-0.202165	0.106714	3712	
0.076630	0.220866	1152	
0.225631	-0.079466	6320	
0.248077	-0.014635	774	
0.231763	-0.110622	6548	
0.106513	0.248988	1157	
-0.000601	0.284930	1192	
-0.131832	0.271090	1841	
0.027364	0.316405	1807	
0.285223	0.177813	1867	
0.206546	-0.289299	3492	
-0.374714	-0.014174	4354	
0.338662	0.203684	4360	
-0.338393	-0.242153	4429	
0.418114	0.128561	6179	
-0.427169	0.167739	5103	
0.111682	-0.467670	3721	
0.415800	0.283361	1937	
-0.354869	0.387782	2522	
-0.423152	-0.348670	2534	
0.260516	-0.508356	1103	
0.590251	0.068996	816	
0.220218	0.576984	1318	
-0.371396	0.522323	2106	
-0.662878	0.044309	4161	
-0.510152	-0.461468	5697	
-0.076086	-0.707481	1258	
0.388305	-0.624540	1199	
0.696770	-0.301607	1283	
0.774808	0.113510	5488	
0.640126	0.491453	3778	
0.360394	0.748846	5565	
0.014907	0.855018	5543	
-0.326379	0.816502	3468	
-0.613782	0.662877	4549	
-0.821807	0.430372	5950	
-0.939578	0.154265	380	
-0.967514	-0.131392	6466	
0.007213	-0.200293	3902	
0.181743	0.132762	488	
0.037768	-0.234174	296	
-0.136189	0.210926	1001	
0.094486	-0.248816	6339	
0.119918	0.257203	344	
-0.163889	0.252987	6671	
-0.199009	0.250269	6253	
-0.008115	0.339546	2511	
0.342604	0.113457	2189	
-0.071072	-0.374930	3998	
-0.127878	0.382335	1029	
0.137047	-0.402102	2407	
0.016475	0.446950	943	
-0.327822	-0.336481	4783	
0.478572	-0.116094	843	
-0.021018	0.514913	2666	
-0.535643	-0.054927	3195	
-0.007921	-0.561815	955	
0.560158	-0.169799	2941	
0.397282	0.461424	1337	
-0.199635	0.600196	1903	
-0.622683	0.207127	6432	
-0.590957	-0.336660	5448	
-0.203597	-0.674070	5827	
0.281576	-0.671517	2172	
0.642576	-0.390973	5928	
0.775997	0.020690	5283	
0.682066	0.418816	3361	
0.422565	0.708148	5125	
0.080931	0.845052	5803	
-0.268462	0.830972	3078	
-0.570472	0.692913	5493	
-0.794536	0.467757	5556	
-0.926108	0.195186	6289	
-0.966657	-0.089367	6664	
-0.080480	-0.197668	4324	
-0.040583	0.230256	4860	
0.146905	0.201512	4743	
0.121949	-0.236496	5138	
-0.069328	0.276276	6532	
-0.283418	-0.111117	1763	
-0.182607	-0.269671	1893	
-0.309125	-0.158649	2366	
-0.203961	0.307515	4503	
0.391172	0.006656	6020	
-0.375184	-0.174627	5635	
0.412077	0.144523	1951	
-0.452009	0.083088	4744	
0.244410	-0.416382	562	
0.292935	0.412915	1431	
-0.480393	0.223503	5483	
-0.248989	-0.494368	2915	
0.451159	-0.360074	3909	
0.516574	0.307278	3414	
-0.029835	0.624244	3874	
-0.552714	0.340363	3383	
-0.638604	-0.213191	1312	
-0.309798	-0.624822	6158	
0.181050	-0.698557	1587	
0.585121	-0.462668	4380	
0.767804	-0.060987	4002	
0.711921	0.352759	3314	
0.473724	0.668047	1562	
0.136871	0.832222	5790	
-0.218680	0.839864	5603	
-0.532648	0.715906	2974	
-0.769564	0.498496	4201	
-0.912849	0.229520	6703	
-0.964212	-0.058589	6840	
-0.064323	0.201445	578	
-0.078056	0.220382	235	
-0.197356	0.155435	1000	
0.021411	0.269813	1192	
0.063632	-0.285154	6517	
0.299846	0.091698	1524	
0.289022	0.168902	1867	
0.356287	-0.036855	5965	
-0.074178	-0.373430	3998	
-0.217366	0.340268	984	
0.296740	-0.307357	5702	
-0.203638	0.401945	3497	
-0.098236	-0.464082	1142	
0.467634	0.171662	6209	
-0.310111	0.420020	1335	
-0.421055	-0.347609	1654	
0.298678	-0.485637	5513	
0.575905	0.146543	533	
0.118898	0.607012	5000	
-0.468664	0.439966	5641	
-0.659686	-0.099305	2026	
-0.394267	-0.568105	1549	
0.092062	-0.710039	2033	
0.528973	-0.518141	662	
0.753930	-0.129339	3152	
0.732443	0.294486	2210	
0.513651	0.631445	1611	
0.182021	0.818560	1289	
-0.177294	0.844753	1591	
-0.500627	0.733156	2920	
-0.748111	0.522367	5747	
-0.901205	0.255847	4063	
-0.961181	-0.035621	6755	
-0.029326	-0.211340	3716	
0.158134	-0.176942	475	
0.255052	0.029109	6360	
0.272419	-0.066214	1372	
-0.283334	0.105224	2701	
-0.204874	-0.252120	1857	
-0.228623	-0.262819	3134	
-0.355169	0.109915	1235	
0.267427	0.291009	869	
-0.109732	-0.404516	5900	
0.149030	0.417235	3737	
-0.357163	-0.300893	2294	
0.482566	-0.091624	5787	
-0.099302	0.505681	1722	
-0.511192	-0.172897	1683	
0.140854	-0.546182	2980	
0.588532	0.001713	801	
0.237066	0.565259	1229	
-0.381918	0.510296	2106	
-0.661927	-0.002788	4950	
-0.457707	-0.511649	1720	
0.017919	-0.710895	2070	
0.478200	-0.559240	805	
0.738002	-0.183460	2533	
0.745161	0.247104	3226	
0.542976	0.600711	4924	
0.217121	0.805693	1509	
-0.145424	0.846766	1707	
-0.475623	0.745046	2994	
-0.730952	0.539661	1224	
-0.892279	0.273496	6300	
-0.958103	-0.019444	6694	
-0.934390	-0.305364	2622	
0.153203	0.163048	592	
0.196885	0.151429	6883	
0.103702	0.249011	1157	
0.224054	-0.189309	550	
0.098414	0.299719	6096	
-0.118413	0.318331	1917	
0.094271	0.351379	2911	
0.368776	-0.121049	4401	
-0.378311	-0.163954	5634	
0.379356	0.216265	4493	
-0.456747	-0.062456	1188	
0.387057	-0.292830	5946	
0.088894	0.502085	1393	
-0.534309	-0.014399	5037	
0.005170	-0.559059	767	
0.572025	-0.116093	499	
0.325892	0.513717	1379	
-0.305719	0.554303	5431	
-0.653585	0.073339	3286	
-0.502203	-0.462029	4135	
-0.039338	-0.706068	710	
0.437128	-0.587141	2024	
0.723103	-0.223178	2578	
0.752374	0.211268	3118	
0.563234	0.576881	4895	
0.241687	0.795129	1320	
-0.122772	0.847018	1185	
-0.458284	0.752110	3815	
-0.719164	0.550132	3678	
-0.885908	0.283896	6300	
-0.955337	-0.010396	6694	
-0.933692	-0.298307	2622	
-0.209934	0.030110	3855	
0.213585	0.107722	4811	
-0.257394	0.045565	3269	
-0.170670	0.228098	412	
0.236892	-0.200181	1952	
0.317097	0.102594	1541	
0.355751	0.041640	3362	
0.121083	-0.362841	4984	
-0.384321	0.133507	1906	
0.430695	-0.026250	2769	
-0.432781	0.144197	4285	
0.257135	-0.406299	941	
0.227149	0.451661	1385	
-0.519740	0.105983	5328	
-0.099048	-0.546273	5860	
0.544276	-0.200118	2498	
0.385939	0.465511	1442	
-0.245387	0.579694	5538	
-0.641739	0.127795	3659	
-0.530200	-0.424492	4882	
-0.078838	-0.699705	934	
0.408539	-0.603772	688	
0.711518	-0.248997	1836	
0.755577	0.188221	3576	
0.574870	0.561411	3817	
0.255327	0.788090	1488	
-0.110393	0.846145	1748	
-0.449087	0.754734	4233	
-0.713224	0.553898	3678	
-0.882635	0.286614	6592	
-0.953086	-0.008692	6694	
-0.931580	-0.297634	2622	
-0.151632	0.177676	297	
0.250531	0.056201	2231	
0.279855	0.016910	1933	
-0.259915	-0.157365	485	
0.214509	-0.249503	5969	
0.243796	-0.256209	2926	
-0.142384	-0.350442	5567	
-0.264644	0.304115	1104	
0.381383	-0.193959	4707	
-0.363265	0.270222	5093	
0.151402	-0.453133	3121	
0.307616	0.397424	1364	
-0.493840	0.185142	4589	
-0.166449	-0.526637	3079	
0.519021	-0.252576	2850	
0.420333	0.431112	4835	
-0.207427	0.591755	5757	
-0.631995	0.160084	1644	
-0.544961	-0.401444	4760	
-0.100353	-0.694669	1057	
0.393488	-0.611187	932	
0.705079	-0.260791	1738	
0.755918	0.178276	3557	
0.578388	0.554954	3817	
0.258570	0.785043	1488	
-0.108504	0.844541	1748	
-0.448568	0.752986	4233	
-0.713312	0.550977	3678	
-0.882448	0.281825	6300	
-0.951385	-0.014347	6694	
0.104660	-0.205412	294	
-0.152522	-0.203014	993	
0.058824	-0.270903	1316	
-0.283203	0.103189	2701	
-0.033706	-0.323943	819	
0.080492	-0.341766	2122	
-0.266679	-0.264851	2942	
-0.153365	0.370031	1077	
0.325890	-0.273991	2245	
-0.307333	0.329467	1094	
0.089464	-0.467268	4359	
0.344760	0.363072	1637	
-0.476623	0.221645	5364	
-0.196766	-0.514194	3022	
0.505647	-0.274929	2381	
0.433026	0.416086	4835	
-0.192531	0.595116	1873	
-0.627917	0.169896	5911	
-0.547264	-0.396084	3796	
-0.103377	-0.692850	1057	
0.392088	-0.610509	932	
0.704552	-0.258611	1738	
0.753789	0.182006	3093	
0.573562	0.558253	3817	
0.251159	0.786247	1488	
-0.117238	0.842272	1315	
-0.456694	0.746842	2994	
-0.719441	0.541231	3678	
-0.885265	0.269435	4872	
-0.950093	-0.027573	6721	
-0.922612	-0.316664	5926	
-0.190828	0.119528	590	
-0.249123	0.031546	516	
-0.061412	-0.269195	647	
-0.244279	0.175065	4029	
-0.093906	-0.310974	500	
0.029414	-0.348916	2065	
-0.291280	-0.236111	2944	
-0.130315	0.377927	1141	
0.309510	-0.290948	5826	
-0.301804	0.333764	1094	
0.083482	-0.467654	4359	
0.344455	0.362513	1637	
-0.477250	0.218866	5364	
-0.190880	-0.515808	3022	
0.509042	-0.267439	2381	
0.425761	0.422743	4835	
-0.203237	0.590986	5757	
-0.630818	0.156849	1644	
-0.538359	-0.407328	4760	
-0.087855	-0.694537	621	
0.405450	-0.601170	688	
0.709944	-0.242144	1836	
0.748969	0.199369	3576	
0.560168	0.571144	4918	
0.232722	0.791512	1246	
-0.136555	0.838981	1185	
-0.473519	0.735869	3318	
-0.731286	0.524519	1224	
-0.890794	0.249310	4063	
-0.948916	-0.048639	6878	
-0.915180	-0.336626	6523	
-0.118612	-0.193802	1086	
-0.118100	-0.224684	6904	
0.111983	-0.253674	6850	
-0.297034	0.051418	5188	
0.016853	-0.325268	6439	
0.128894	-0.326623	2436	
-0.228884	-0.298139	5215	
-0.198116	0.348125	936	
0.355817	-0.233814	4569	
-0.342050	0.293262	1130	
0.137802	-0.455366	2581	
0.306703	0.395768	1364	
-0.495522	0.175374	4589	
-0.149284	-0.529927	2094	
0.527604	-0.229999	2826	
0.396909	0.450675	4885	
-0.239456	0.577839	5538	
-0.639125	0.121123	3659	
-0.516458	-0.435493	4903	
-0.053686	-0.698459	710	
0.433230	-0.582036	2024	
0.720209	-0.211128	2111	
0.740501	0.230161	3637	
0.537587	0.592978	4924	
0.203095	0.800009	1509	
-0.166503	0.833929	5330	
-0.498591	0.719548	3863	
-0.748379	0.500456	5719	
-0.898525	0.221232	5599	
-0.947328	-0.077503	1016	
-0.905169	-0.363536	6089	
-0.215169	0.090743	1145	
0.208532	0.149553	6883	
0.253351	0.120131	933	
-0.193281	-0.234453	392	
0.280459	-0.172122	1600	
0.306466	-0.176557	2971	
-0.046089	-0.375425	3419	
-0.331637	0.229246	2951	
0.415995	-0.100111	4264	
-0.413713	0.183894	5189	
0.242541	-0.411628	562	
0.222807	0.450477	1385	
-0.519909	0.088636	5020	
-0.068743	-0.548013	5933	
0.554852	-0.159144	2293	
0.343192	0.494737	1280	
-0.298906	0.551239	5431	
-0.649055	0.061505	3286	
-0.479859	-0.477370	1120	
-0.000651	-0.701875	5924	
0.473664	-0.551380	805	
0.733459	-0.164896	2427	
0.726749	0.273889	2210	
0.504796	0.622649	5104	
0.161866	0.810522	4120	
-0.206752	0.826000	5270	
-0.531410	0.696994	2337	
-0.769960	0.468563	5260	
-0.907682	0.185078	5517	
-0.944622	-0.114119	6688	
-0.090149	-0.192423	576	
0.119349	0.207157	243	
-0.238207	-0.107885	6762	
-0.262833	0.109607	1983	
0.304202	-0.060374	1793	
0.239924	0.231326	3819	
0.307098	0.184313	2202	
0.251791	-0.287975	5541	
-0.406609	-0.014676	5179	
0.413691	0.122590	6175	
-0.456176	-0.004093	1205	
0.369811	-0.307283	5946	
0.084753	0.498383	4854	
-0.528634	-0.043806	4357	
0.050771	-0.552848	1916	
0.577409	-0.053797	506	
0.259564	0.546145	1321	
-0.375613	0.505152	1682	
-0.653984	-0.021730	5858	
-0.424055	-0.530565	1978	
0.071222	-0.700524	5966	
0.523484	-0.507348	4773	
0.746741	-0.103168	2633	
0.705467	0.329591	2811	
0.460498	0.658488	1562	
0.109028	0.821209	4079	
-0.256855	0.813744	1495	
-0.570971	0.667302	5626	
-0.795059	0.428217	5244	
-0.917279	0.140686	5880	
-0.939914	-0.158126	558	
0.010588	0.223399	834	
0.032880	0.246109	6443	
-0.099838	0.250617	1010	
0.293314	-0.000617	5904	
-0.101695	0.298636	1711	
-0.277168	0.196306	6369	
-0.106196	0.347962	3083	
0.379976	0.079213	5821	
-0.256536	-0.322802	979	
0.242996	0.362851	2630	
-0.387231	-0.250110	1681	
0.472181	-0.112255	1270	
-0.111025	0.497659	1722	
-0.491568	-0.209850	1596	
0.201745	-0.521438	3176	
0.577631	0.083874	530	
0.141630	0.591641	4983	
-0.463432	0.431203	5641	
-0.645395	-0.126560	1747	
-0.346668	-0.587807	1226	
0.159951	-0.688844	4485	
0.579779	-0.446835	4380	
0.756326	-0.025884	3276	
0.674096	0.395333	535	
0.403915	0.697769	1298	
0.044729	0.829840	5580	
-0.315992	0.795405	2299	
-0.616160	0.629316	3994	
-0.822374	0.378869	3884	
-0.926115	0.088013	4936	
-0.932235	-0.209073	1264	
-0.853707	-0.481610	6031	
0.147445	-0.153794	599	
0.236736	0.014824	456	
0.107434	0.233009	1157	
0.209510	0.186264	3876	
-0.264913	-0.145641	6286	
0.034970	-0.322992	6580	
0.007352	-0.348273	6222	
-0.344360	-0.140160	4585	
0.039373	0.393231	4899	
0.140366	-0.394956	1760	
-0.100795	0.431425	2179	
-0.150628	-0.442069	4689	
0.465112	0.157896	6209	
-0.325649	0.399427	1588	
-0.378350	-0.384803	1954	
0.363118	-0.431640	3072	
0.534675	0.245922	3980	
-0.008418	0.612887	3382	
-0.548817	0.324115	1774	
-0.613655	-0.248132	3575	
-0.244097	-0.641640	4049	
0.262884	-0.660761	1428	
0.637873	-0.366788	408	
0.757614	0.065831	3421	
0.629687	0.468844	2945	
0.333843	0.737720	1338	
-0.031291	0.833846	1158	
-0.383043	0.769057	3001	
-0.665202	0.582072	4737	
-0.850350	0.320048	4185	
-0.932868	0.026870	6690	
-0.920465	-0.266601	274	
-0.827147	-0.531184	6359	
-0.211184	0.010496	585	
-0.232787	-0.019108	4609	
-0.210651	-0.137043	4663	
-0.253164	0.096627	6384	
0.282942	-0.073075	2121	
0.083925	0.302139	1125	
0.036497	0.332745	1807	
0.258265	0.248186	3806	
0.219916	-0.310837	4507	
-0.392168	0.096143	2230	
0.425691	-0.036192	2769	
-0.410857	0.184973	5189	
0.200157	-0.430100	3225	
0.284119	0.409198	1431	
-0.490111	0.179902	4589	
-0.173819	-0.517609	3022	
0.503883	-0.266712	515	
0.430880	0.409250	3929	
-0.180801	0.591539	1903	
-0.617302	0.179314	1175	
-0.549420	-0.378388	3290	
-0.116512	-0.681617	4102	
0.374964	-0.609962	549	
0.691153	-0.265681	2115	
0.745675	0.170593	3557	
0.569666	0.546518	2992	
0.250006	0.774633	1320	
-0.117759	0.830244	1315	
-0.455725	0.733051	3318	
-0.716234	0.524544	1292	
-0.877084	0.251523	4872	
-0.935874	-0.042039	6725	
-0.903452	-0.330009	6523	
0.209822	-0.040900	6815	
-0.225053	-0.061929	364	
-0.183965	0.168034	371	
0.246786	0.099697	401	
-0.284813	0.001537	5067	
0.009624	-0.304292	6578	
0.169896	-0.277910	1947	
-0.011457	-0.347314	6446	
-0.369005	-0.001449	4596	
0.228211	0.317818	868	
-0.106626	-0.399882	5900	
0.173135	0.400923	3669	
-0.379440	-0.259285	1011	
0.461534	-0.141731	1100	
-0.044952	0.504250	1949	
-0.514929	-0.124858	1770	
0.097426	-0.544871	1306	
0.576296	-0.033084	788	
0.257755	0.543003	1321	
-0.360826	0.510288	5232	
-0.649112	0.003834	4950	
-0.445202	-0.505044	2387	
0.032831	-0.696622	564	
0.488526	-0.531143	653	
0.731765	-0.144765	2090	
0.715484	0.285146	2210	
0.491259	0.624459	5104	
0.151520	0.804820	4120	
-0.212753	0.816128	5270	
-0.532668	0.685175	5333	
-0.767018	0.455974	5191	
-0.900288	0.173823	5505	
-0.933607	-0.119795	5508	
-0.880053	-0.398295	6860	
0.034918	0.196360	261	
-0.125038	0.185275	3718	
0.207050	0.115761	4811	
-0.171341	-0.183577	6546	
0.230276	0.133292	614	
-0.257194	0.119803	730	
-0.270813	-0.132394	6286	
-0.286053	-0.143047	1968	
-0.325756	0.096086	5588	
0.024517	0.360064	2014	
0.303516	-0.231389	3427	
-0.394603	0.082713	1899	
0.410404	-0.109705	4775	
-0.348255	0.280684	5871	
0.050628	-0.467038	5761	
0.406727	0.277627	675	
-0.383144	0.344664	2402	
-0.349837	-0.409328	1985	
0.368013	-0.424610	3650	
0.538332	0.229794	3533	
0.025111	0.608354	4246	
-0.519861	0.360317	3371	
-0.627229	-0.192942	2215	
-0.299446	-0.610673	4131	
0.196493	-0.676177	1628	
0.593859	-0.421358	666	
0.752161	-0.006177	2806	
0.662611	0.404389	2518	
0.394217	0.696585	1298	
0.039593	0.823684	5580	
-0.315024	0.788309	2299	
-0.610834	0.624076	3994	
-0.814851	0.376269	3520	
-0.917869	0.087233	4307	
-0.924022	-0.204827	6587	
-0.848587	-0.471498	6539	
-0.118452	-0.191892	1086	
0.134565	-0.182932	299	
-0.070896	0.228098	250	
-0.140939	0.204387	1001	
-0.032607	0.254685	1131	
-0.270922	-0.008127	4397	
-0.276093	-0.069953	347	
-0.253594	-0.162992	6444	
-0.316533	0.026441	5090	
-0.149729	0.300943	1960	
0.323502	0.147356	1869	
-0.089926	-0.364063	3827	
-0.072538	0.388493	916	
0.080620	-0.408249	3547	
0.082722	0.429547	750	
-0.365024	-0.278159	2294	
0.449735	-0.170092	692	
0.022522	0.502668	2762	
-0.524849	-0.029398	4357	
-0.019484	-0.547954	1563	
0.547827	-0.161781	2293	
0.372596	0.462959	4961	
-0.229904	0.573192	5672	
-0.623273	0.149275	4517	
-0.538964	-0.388428	3796	
-0.115603	-0.678120	3599	
0.363736	-0.611597	1144	
0.679493	-0.281260	2115	
0.745102	0.145913	3065	
0.584358	0.521279	2443	
0.277413	0.757850	1325	
-0.082790	0.826916	5692	
-0.421248	0.744206	4245	
-0.687602	0.548086	3291	
-0.857403	0.284579	4843	
-0.927657	-0.006996	3295	
-0.905467	-0.294497	284	
-0.805808	-0.551380	6338	
-0.006331	-0.251161	776	
0.209736	-0.142717	267	
-0.041248	0.253411	1131	
-0.034216	-0.259361	240	
-0.256988	0.082886	6384	
0.042089	0.277103	5975	
0.285307	0.062862	2428	
0.112113	-0.283078	6540	
-0.245366	-0.205149	6908	
-0.178857	0.284562	1880	
0.350971	0.043787	2354	
-0.263872	-0.261938	2942	
0.196323	0.337544	888	
-0.233658	-0.336753	1015	
0.365798	0.226196	821	
-0.443810	0.077926	3944	
0.191426	-0.431147	2538	
0.355048	0.342151	4658	
-0.403975	0.319046	5785	
-0.351864	-0.405443	1985	
0.339966	-0.443890	3567	
0.554386	0.175606	3693	
0.099124	0.595987	3215	
-0.461782	0.424231	5462	
-0.642582	-0.098245	5119	
-0.382833	-0.553828	1516	
0.092840	-0.690307	2017	
0.519299	-0.498648	4773	
0.734730	-0.113189	2633	
0.704322	0.303597	2153	
0.478686	0.629229	5104	
0.144143	0.801510	4120	
-0.213352	0.810581	5270	
-0.527252	0.682044	5333	
-0.758845	0.457377	5136	
-0.891825	0.180875	5505	
-0.927580	-0.108530	4565	
-0.876929	-0.386432	6902	
-0.755372	-0.628097	6555	
0.274086	-0.035842	6214	
0.265467	0.080634	3763	
-0.039337	0.277602	1133	
-0.228610	-0.169934	4682	
0.189779	0.223642	313	
-0.105461	-0.283295	283	
-0.092353	0.299607	6345	
0.270655	-0.181263	1662	
-0.339530	-0.009017	4638	
0.287877	0.208553	1493	
-0.238023	-0.285620	4410	
0.251543	0.296641	869	
-0.337198	-0.227660	4429	
0.424899	0.027373	5760	
-0.336759	0.291249	5772	
-0.076256	-0.458753	4469	
0.478909	0.078848	455	
-0.154875	0.481996	1464	
-0.505960	-0.148951	1361	
0.055772	-0.546034	1938	
0.556899	-0.124546	3060	
0.363101	0.468539	4961	
-0.217697	0.575183	5575	
-0.611800	0.178808	1175	
-0.560376	-0.348768	5389	
-0.168778	-0.661715	3054	
0.306119	-0.636125	5837	
0.644736	-0.340244	6000	
0.748649	0.072886	3421	
0.625729	0.458028	2558	
0.345947	0.720065	1370	
-0.003987	0.822345	1304	
-0.346692	0.771700	4363	
-0.628980	0.600600	4674	
-0.820968	0.352302	6418	
-0.914779	0.067413	6152	
-0.915525	-0.217161	6654	
-0.837207	-0.479974	5669	
-0.177269	-0.242634	5960	
-0.104032	-0.282936	283	
0.161432	-0.257466	1629	
0.198914	0.237936	313	
-0.300003	0.097366	4687	
0.252173	-0.204872	1550	
-0.171038	0.287781	1880	
0.158559	-0.309185	2662	
-0.114836	0.342147	3544	
0.015301	-0.374684	2761	
0.133019	0.367118	573	
-0.315986	-0.256311	1780	
0.423092	-0.028588	2769	
-0.251058	0.364143	2948	
-0.223734	-0.403072	2739	
0.467255	-0.110763	1270	
0.057126	0.496798	4864	
-0.514036	0.080843	5020	
-0.182026	-0.509380	1863	
0.444831	-0.343281	737	
0.515710	0.272216	2818	
0.029093	0.603988	4246	
-0.489219	0.391458	3671	
-0.637691	-0.118656	5484	
-0.379822	-0.553014	1516	
0.080517	-0.688638	5797	
0.499844	-0.512657	4624	
0.724534	-0.144311	2090	
0.713984	0.265328	1830	
0.509517	0.596758	5111	
0.190059	0.785126	5730	
-0.161031	0.815305	5468	
-0.479098	0.707468	5151	
-0.721941	0.499481	5524	
-0.870381	0.234178	3626	
-0.923505	-0.053112	4920	
-0.889187	-0.331090	910	
-0.784054	-0.575138	6863	
0.312218	-0.089994	1668	
0.324442	-0.029541	5825	
0.246522	0.217983	3819	
-0.105332	0.316202	1711	
-0.318390	-0.118176	3463	
0.263201	-0.228248	2028	
0.037534	0.356178	2775	
-0.307517	-0.203937	5984	
0.374940	-0.071121	3911	
-0.204685	0.338092	984	
-0.140065	-0.385183	1017	
0.414616	0.096780	5885	
-0.279243	0.342989	3047	
-0.250806	-0.385115	2118	
0.441065	-0.183614	539	
0.173346	0.464931	1278	
-0.464336	0.223564	5364	
-0.329270	-0.421794	1918	
0.305364	-0.463696	2797	
0.569423	0.083990	530	
0.223790	0.552907	1269	
-0.329592	0.522287	1475	
-0.632813	0.087997	2461	
-0.522397	-0.404221	4351	
-0.124198	-0.671025	3599	
0.329935	-0.622561	1845	
0.649426	-0.326542	403	
0.745557	0.074602	3421	
0.627229	0.449807	912	
0.357778	0.709432	1370	
0.017833	0.817246	5587	
-0.320469	0.776932	2299	
-0.603241	0.617881	3666	
-0.801295	0.379737	4312	
-0.904162	0.102777	4870	
-0.916009	-0.178597	6522	
-0.847969	-0.443645	6772	
-0.715479	-0.670426	6629	
0.348797	0.031196	3362	
0.341040	0.083692	2318	
0.254815	0.245255	3197	
-0.044152	0.355454	1700	
-0.351736	0.092946	2930	
-0.110230	-0.355083	3827	
0.373344	-0.074700	3753	
-0.006327	0.391148	4350	
-0.382642	-0.126892	3838	
0.242016	-0.338521	1332	
0.273297	0.332081	2497	
-0.395611	0.204197	4636	
-0.159933	-0.432361	4689	
0.453370	-0.150689	1100	
0.188865	0.457471	1391	
-0.433542	0.274077	4607	
-0.392821	-0.358199	2377	
0.198993	-0.513358	3176	
0.567729	-0.052293	506	
0.351196	0.474301	4993	
-0.183054	0.582304	1873	
-0.580812	0.246544	2252	
-0.601481	-0.251562	4459	
-0.285836	-0.609580	3263	
0.164681	-0.674923	4615	
0.544398	-0.465725	4273	
0.731948	-0.097050	3172	
0.700398	0.296230	462	
0.491456	0.609142	5184	
0.177570	0.785267	5730	
-0.164582	0.811140	5468	
-0.474554	0.705679	5151	
-0.713383	0.503658	5524	
-0.862168	0.244429	3973	
-0.918536	-0.037098	3784	
-0.890178	-0.309040	6322	
-0.791518	-0.553190	1259	
-0.638174	-0.755401	6495	
0.237365	-0.290328	5494	
0.266831	-0.264793	5547	
0.351053	-0.140926	4379	
0.362350	0.122589	4031	
0.119403	0.369332	751	
-0.291008	0.267395	1633	
-0.340372	-0.217199	4499	
0.174072	-0.375456	1394	
0.402150	0.136816	1951	
-0.127636	0.418377	2421	
-0.439827	-0.097840	2358	
0.064279	-0.460565	5913	
0.480164	-0.006084	673	
0.105749	0.484783	3995	
-0.451317	0.243685	5203	
-0.396489	-0.352370	1411	
0.159063	-0.524726	2398	
0.553833	-0.120662	3060	
0.417819	0.410698	4728	
-0.075341	0.600497	4719	
-0.517395	0.350545	3371	
-0.632970	-0.125311	1747	
-0.399924	-0.532243	3081	
0.021697	-0.686158	1173	
0.432799	-0.559831	5832	
0.689202	-0.237606	2412	
0.734793	0.152893	3065	
0.588744	0.499752	2594	
0.312827	0.729945	5396	
-0.019939	0.816052	5723	
-0.345617	0.764031	4363	
-0.615719	0.601829	4214	
-0.803967	0.366500	4312	
-0.901089	0.095678	3812	
-0.911277	-0.180600	6522	
-0.844233	-0.440306	6772	
-0.715313	-0.662719	6629	
-0.377118	-0.132772	3838	
-0.369438	-0.154833	5634	
-0.303221	-0.265712	1715	
-0.132680	-0.384635	1017	
0.164195	-0.378237	1678	
0.404520	-0.109737	4775	
0.307567	0.296487	1220	
-0.144031	0.412238	3199	
-0.446923	0.017329	4130	
-0.168485	-0.426870	4689	
0.360497	-0.304224	4746	
0.419337	0.244318	565	
-0.083345	0.493054	2200	
-0.500106	0.124397	5521	
-0.342058	-0.406951	1985	
0.192511	-0.513401	2452	
0.552713	-0.120592	3060	
0.435944	0.388129	2928	
-0.022658	0.601688	3382	
-0.471095	0.404660	3668	
-0.639203	-0.039395	5836	
-0.470173	-0.463255	1231	
-0.085113	-0.674784	621	
0.333291	-0.616188	608	
0.634396	-0.343081	6000	
0.741503	0.030871	2840	
0.654208	0.393274	535	
0.419619	0.663051	5416	
0.104305	0.799471	3312	
-0.224631	0.796998	5245	
-0.515434	0.675938	5473	
-0.735424	0.468909	4236	
-0.868929	0.211980	4673	
-0.914755	-0.062972	4920	
-0.880781	-0.326183	5481	
-0.779585	-0.563912	6863	
-0.625741	-0.760568	6409	
0.289358	0.311042	519	
0.272321	0.327322	1274	
0.192763	0.382022	2927	
0.024970	0.430762	1026	
-0.216450	0.379269	2881	
-0.417380	0.148612	5217	
-0.402064	-0.203357	1242	
-0.083830	-0.451844	4469	
0.336175	-0.328134	522	
0.467636	0.111837	6153	
0.144872	0.471293	1105	
-0.338243	0.376677	1195	
-0.511539	-0.095247	2265	
-0.207725	-0.493116	2048	
0.293497	-0.465825	3331	
0.564529	-0.050944	506	
0.411726	0.413727	4728	
-0.027979	0.600399	3382	
-0.457883	0.416733	3668	
-0.637398	0.000471	5009	
-0.504783	-0.419326	4465	
-0.151567	-0.658353	3218	
0.259869	-0.644794	1428	
0.582737	-0.414560	669	
0.732632	-0.063930	2091	
0.693053	0.301831	462	
0.497643	0.596293	5184	
0.206241	0.770554	4100	
-0.117783	0.810451	3461	
-0.420793	0.727506	4274	
-0.664127	0.549643	3649	
-0.827550	0.310597	3759	
-0.904730	0.044323	6099	
-0.900822	-0.222978	6654	
-0.825336	-0.471439	6539	
-0.694471	-0.681131	636	
-0.333036	-0.302632	2340	
-0.328197	-0.308764	2340	
-0.269346	-0.363959	3368	
-0.143089	-0.433196	3526	
0.062906	-0.456680	4358	
0.300941	-0.357151	3007	
0.464121	-0.098131	947	
0.416451	0.244236	609	
0.116482	0.478460	1213	
-0.282815	0.416166	1268	
-0.511452	0.058256	5497	
-0.382743	-0.362868	1484	
0.027121	-0.540208	953	
0.435311	-0.344575	737	
0.563179	0.088689	530	
0.337123	0.479160	4993	
-0.092863	0.594907	3503	
-0.480912	0.389928	3178	
-0.636341	-0.010017	5009	
-0.510009	-0.409948	4351	
-0.178365	-0.648724	2478	
0.218124	-0.656219	1580	
0.545748	-0.455274	3588	
0.719229	-0.126664	4756	
0.713175	0.232487	2212	
0.550705	0.538487	2479	
0.283299	0.738117	5482	
-0.031158	0.810691	5723	
-0.337493	0.760684	1575	
-0.596102	0.610600	3666	
-0.782161	0.391554	4140	
-0.885898	0.135166	3173	
-0.908482	-0.131439	5593	
-0.858481	-0.381879	6733	
-0.747581	-0.605191	1063	
0.467469	0.084747	3020	
0.467118	0.090344	3661	
0.452902	0.152084	6203	
0.405799	0.257900	609	
0.292443	0.387359	1491	
0.091279	0.482624	4854	
-0.171618	0.467645	1519	
-0.412810	0.293054	5920	
-0.514941	-0.020647	4541	
-0.387905	-0.354730	1484	
-0.060972	-0.533340	897	
0.319749	-0.446120	3394	
0.549046	-0.119387	3060	
0.500551	0.284093	782	
0.195317	0.556895	5368	
-0.212398	0.566708	5575	
-0.532964	0.318769	1782	
-0.633536	-0.069997	5636	
-0.487161	-0.436853	4098	
-0.164751	-0.651337	3218	
0.214140	-0.655664	4788	
0.531084	-0.468316	2985	
0.709816	-0.156693	1679	
0.721179	0.190628	2304	
0.582047	0.496956	2594	
0.334856	0.710083	5530	
0.033074	0.804408	5763	
-0.270952	0.779657	5128	
-0.536783	0.653896	5395	
-0.738771	0.453358	5136	
-0.862906	0.208666	4673	
-0.907474	-0.051658	4239	
-0.879052	-0.304473	6599	
-0.786783	-0.536257	1259	
-0.645462	-0.729180	6301	
-0.363340	0.343618	2007	
-0.363804	0.344021	2007	
-0.397966	0.306918	5799	
-0.452003	0.226453	5364	
-0.502168	0.088547	5596	
-0.505640	-0.099638	1319	
-0.420059	-0.310033	1638	
-0.223711	-0.480312	1557	
0.054787	-0.535644	1938	
0.348421	-0.423365	3072	
0.538129	-0.151664	2293	
0.537187	0.192461	3341	
0.327253	0.482671	4196	
-0.019316	0.596126	3382	
-0.371017	0.484687	1613	
-0.594734	0.191985	5853	
-0.615001	-0.178578	1612	
-0.430756	-0.495064	2074	
-0.109366	-0.663840	4150	
0.247409	-0.643848	1533	
0.541356	-0.455009	3588	
0.708256	-0.155499	1679	
0.721742	0.178101	2304	
0.594373	0.476983	1825	
0.362433	0.691911	5501	
0.074110	0.796955	2513	
-0.223718	0.789000	5245	
-0.491632	0.681180	1685	
-0.701974	0.497278	5403	
-0.839845	0.265252	4226	
-0.901247	0.012716	5795	
-0.890355	-0.240798	3627	
-0.816270	-0.472764	5704	
-0.690774	-0.673430	1206	
-0.524950	-0.834795	6070	
-0.218009	-0.477691	1557	
-0.220889	-0.477017	1557	
-0.184315	-0.494186	1659	
-0.105394	-0.519872	867	
0.014985	-0.534295	791	
0.173248	-0.511099	807	
0.347674	-0.421028	3072	
0.494250	-0.249171	1934	
0.561823	-0.008202	4231	
0.508452	0.260265	2426	
0.320119	0.485483	5148	
0.032073	0.591868	2399	
-0.281124	0.535360	1619	
-0.527622	0.320914	1782	
-0.630955	0.004557	5009	
-0.558242	-0.323561	5263	
-0.330552	-0.571314	2827	
-0.011307	-0.675469	1209	
0.315828	-0.615186	608	
0.575098	-0.413063	430	
0.714984	-0.120831	4756	
0.715995	0.196812	1805	
0.589499	0.480410	2594	
0.366503	0.687035	5355	
0.089718	0.792213	1828	
-0.198548	0.791782	5571	
-0.462808	0.695701	4845	
-0.675094	0.524913	5467	
-0.820371	0.304495	3346	
-0.893157	0.059042	6100	
-0.895584	-0.190194	3745	
-0.835765	-0.421087	6157	
-0.721850	-0.628334	884	
-0.566685	-0.797056	6028	
0.516105	-0.190140	2415	
0.514478	-0.196074	2415	
0.526870	-0.165780	2213	
0.546389	-0.098564	2422	
0.559087	0.005547	3434	
0.546126	0.141109	3655	
0.485617	0.298665	503	
0.360176	0.451081	4968	
0.169971	0.560100	5357	
-0.068666	0.590261	4719	
-0.316896	0.514393	1475	
-0.518973	0.329940	1658	
-0.623209	0.064655	1785	
-0.596897	-0.227762	4515	
-0.438608	-0.482363	2074	
-0.178133	-0.641454	2044	
0.126708	-0.668218	2832	
0.413989	-0.558479	629	
0.625011	-0.338324	6000	
0.725053	-0.051815	4319	
0.701568	0.245811	2083	
0.566546	0.507278	2079	
0.347012	0.696181	5532	
0.080174	0.791650	2489	
-0.197035	0.789773	5571	
-0.452564	0.698820	4486	
-0.661075	0.536669	5467	
-0.807607	0.325543	6388	
-0.885879	0.087892	4431	
-0.896770	-0.154513	5342	
-0.846846	-0.384296	6357	
-0.743517	-0.592129	844	
-0.601951	-0.761623	305	
-0.430665	-0.892867	2609	
0.266900	0.509364	4238	
0.274346	0.506005	4238	
0.251986	0.519347	5274	
0.199703	0.544451	5368	
0.115758	0.572096	3886	
-0.001911	0.588517	3729	
-0.146648	0.575876	4712	
-0.307252	0.516601	2707	
-0.461330	0.397366	3668	
-0.576868	0.220450	2865	
-0.627053	-0.004399	5009	
-0.588623	-0.244485	4369	
-0.455400	-0.461862	1210	
-0.239406	-0.615607	2628	
0.025771	-0.672747	1173	
0.296253	-0.619292	1627	
0.526604	-0.461984	2592	
0.678656	-0.225517	2412	
0.728595	0.049751	2171	
0.672273	0.323221	857	
0.522436	0.554846	2524	
0.302709	0.717426	4110	
0.044951	0.794426	2839	
-0.219303	0.783082	5420	
-0.462196	0.690676	4845	
-0.661292	0.532903	5467	
-0.803114	0.328940	6388	
-0.881140	0.099351	4431	
-0.895590	-0.135699	5342	
-0.851546	-0.362166	6357	
-0.756867	-0.565902	6867	
-0.622350	-0.737545	399	
-0.454991	-0.873848	6133	
-0.423105	0.425424	4157	
-0.416472	0.432686	4896	
-0.431510	0.419948	4093	
-0.465685	0.385731	3178	
-0.513907	0.325581	1658	
-0.565318	0.236914	2252	
-0.607068	0.118693	2141	
-0.624258	-0.029801	4966	
-0.600217	-0.199548	1792	
-0.522411	-0.371239	4037	
-0.387328	-0.522039	5982	
-0.197088	-0.629932	3968	
0.027583	-0.670287	1173	
0.262263	-0.630014	6190	
0.475337	-0.506641	3957	
0.634225	-0.313775	1137	
0.717528	-0.072908	2091	
0.712378	0.182559	2304	
0.619635	0.422733	1092	
0.452588	0.617177	3188	
0.231787	0.745896	3598	
-0.016170	0.797108	3327	
-0.264807	0.769702	5128	
-0.491142	0.670399	4946	
-0.675799	0.513160	1230	
-0.807382	0.314357	6388	
-0.879801	0.092259	4431	
-0.892976	-0.134516	5301	
-0.850928	-0.354978	6647	
-0.761575	-0.552581	6867	
-0.631776	-0.723551	6291	
-0.470397	-0.859938	6086	
-0.590855	-0.203662	5265	
-0.594998	-0.192947	1792	
-0.591600	-0.207919	1792	
-0.579546	-0.245759	4369	
-0.554157	-0.305973	5149	
-0.510192	-0.382054	4037	
-0.439885	-0.468748	1543	
-0.340324	-0.552756	5943	
-0.207173	-0.622671	3968	
-0.044372	-0.662857	1069	
0.136842	-0.659197	2364	
0.322414	-0.602001	611	
0.493324	-0.487164	3004	
0.627468	-0.320441	1422	
0.707471	-0.112883	4756	
0.719964	0.114433	2232	
0.660469	0.338415	440	
0.533688	0.535347	642	
0.351609	0.685281	5501	
0.132618	0.773781	3250	
-0.102538	0.793793	3736	
-0.332190	0.745649	1648	
-0.537708	0.635630	5395	
-0.703339	0.476036	5403	
-0.819532	0.281164	3346	
-0.881419	0.066465	4784	
-0.888881	-0.151394	5342	
-0.845176	-0.363349	6357	
-0.757722	-0.553277	6867	
-0.631206	-0.719768	6291	
-0.475395	-0.852847	6083	
-0.156403	-0.630949	1666	
-0.169450	-0.628059	2044	
-0.159607	-0.632137	1666	
-0.127435	-0.641821	4821	
-0.073038	-0.653620	4443	
0.003023	-0.661922	1042	
0.099480	-0.659662	2041	
0.213283	-0.638584	4547	
0.336632	-0.590990	611	
0.461429	-0.510199	3064	
0.574513	-0.393791	430	
0.662581	-0.243567	3092	
0.712945	-0.066030	5195	
0.715505	0.128170	5602	
0.664580	0.321650	857	
0.559712	0.499996	721	
0.406948	0.645792	3280	
0.216885	0.745758	3141	
0.005509	0.790580	3665	
-0.212735	0.776472	5420	
-0.418527	0.705268	4274	
-0.598775	0.582793	3964	
-0.740762	0.419878	4941	
-0.837240	0.228527	4388	
-0.884360	0.021694	5830	
-0.882261	-0.186128	4295	
-0.833609	-0.387528	4211	
-0.745405	-0.567446	6674	
-0.620335	-0.726608	399	
-0.469669	-0.853072	6086	
0.407659	-0.538147	3257	
0.396432	-0.547051	3257	
0.401706	-0.544802	3257	
0.424725	-0.530049	3185	
0.462253	-0.502024	3064	
0.511781	-0.457570	2985	
0.568197	-0.394134	430	
0.624862	-0.309708	1137	
0.674084	-0.203561	4480	
0.707484	-0.076139	5195	
0.716622	0.069034	5503	
0.693979	0.223222	2083	
0.634587	0.378212	5298	
0.536419	0.523118	642	
0.401922	0.645574	3280	
0.236026	0.735291	3598	
0.049690	0.783096	2336	
-0.146922	0.784019	2981	
-0.340458	0.736397	4527	
-0.518198	0.642453	5161	
-0.668746	0.508398	1230	
-0.783501	0.342641	6387	
-0.856709	0.155748	5453	
-0.885729	-0.041981	3780	
-0.871047	-0.238272	3359	
-0.814774	-0.427183	3758	
-0.723468	-0.595162	4173	
-0.598528	-0.743841	383	
-0.452750	-0.860548	6735	
-0.290151	-0.946944	6051	
0.694609	-0.087508	1369	
0.692916	-0.103092	1518	
0.694732	-0.100080	1369	
0.699765	-0.078551	1504	
0.706105	-0.039125	1311	
0.710912	0.018096	5047	
0.710035	0.092185	1471	
0.698538	0.181132	1050	
0.671500	0.281588	6188	
0.624529	0.388287	5298	
0.553085	0.496705	721	
0.456304	0.597960	3188	
0.334192	0.684461	2875	
0.189039	0.748329	3157	
0.027843	0.782163	2336	
-0.143808	0.781009	2635	
-0.315886	0.741785	1648	
-0.478274	0.664797	4805	
-0.622758	0.551990	3248	
-0.740322	0.409411	4767	
-0.825286	0.242795	3587	
-0.872812	0.062663	4952	
-0.881526	-0.124143	5301	
-0.852185	-0.307034	5370	
-0.786628	-0.480941	3802	
-0.690452	-0.635245	6293	
-0.564889	-0.770505	6463	
-0.262169	-0.954443	2565	
0.601003	0.405696	542	
0.610343	0.392349	479	
0.611041	0.393709	479	
0.603632	0.408742	542	
0.587021	0.437281	4948	
0.559124	0.478336	437	
0.518059	0.529059	545	
0.462614	0.585174	2652	
0.390932	0.642614	2817	
0.301620	0.696771	2933	
0.195086	0.741746	3621	
0.072255	0.772074	2489	
-0.061985	0.782204	2552	
-0.204774	0.767687	5420	
-0.349246	0.725394	5011	
-0.487730	0.654567	5166	
-0.614957	0.554509	2843	
-0.722486	0.429327	4847	
-0.805124	0.282720	6097	
-0.858341	0.120692	5281	
-0.879290	-0.050456	3780	
-0.866995	-0.222544	3359	
-0.821986	-0.390385	4211	
-0.746702	-0.546562	6557	
-0.644810	-0.685247	6663	
-0.518263	-0.804918	6754	
-0.374077	-0.899107	803	
-0.221869	-0.965227	6479	
0.241917	0.710035	3115	
0.258395	0.704647	3035	
0.260573	0.705176	3035	
0.248795	0.711602	3115	
0.222999	0.723168	3598	
0.183303	0.738046	494	
0.129227	0.753948	689	
0.060905	0.767803	2798	
-0.020737	0.775984	2505	
-0.113493	0.774802	1829	
-0.216112	0.760497	3834	
-0.325676	0.729451	4527	
-0.437370	0.679156	4675	
-0.545752	0.608575	4839	
-0.647086	0.516044	3100	
-0.734845	0.403946	4767	
-0.804553	0.274293	6097	
-0.852161	0.130337	4911	
-0.874405	-0.022507	2749	
-0.869304	-0.180147	4317	
-0.836821	-0.334847	4925	
-0.776402	-0.485214	3422	
-0.692187	-0.621058	6589	
-0.584003	-0.742993	305	
-0.457536	-0.844587	6735	
-0.313817	-0.924589	6392	
-0.199562	0.748929	2477	
-0.182190	0.753754	2477	
-0.178478	0.755880	2982	
-0.188391	0.755543	2477	
-0.211424	0.752341	3026	
-0.247220	0.745134	5459	
-0.294590	0.732417	5238	
-0.352825	0.711903	4851	
-0.418869	0.682051	4232	
-0.491476	0.640117	5166	
-0.566170	0.585365	4701	
-0.640893	0.515287	3100	
-0.711186	0.429948	4726	
-0.773080	0.329627	6167	
-0.822574	0.215726	4388	
-0.856282	0.089909	4464	
-0.871098	-0.043723	2151	
-0.864777	-0.182945	4317	
-0.836405	-0.321709	4253	
-0.785204	-0.457840	3320	
-0.711965	-0.586357	3846	
-0.619994	-0.701019	4526	
-0.506390	-0.804368	6704	
-0.381779	-0.886304	356	
-0.240010	-0.950347	6125	
-0.571287	0.560038	3604	
-0.558416	0.573424	3139	
-0.555095	0.578270	3512	
-0.561544	0.574757	3139	
-0.576983	0.563141	3604	
-0.600799	0.542888	2843	
-0.631508	0.513578	3100	
-0.668089	0.473663	5378	
-0.708167	0.422526	4726	
-0.748842	0.360389	3430	
-0.787819	0.286174	1174	
-0.821744	0.201102	2856	
-0.848032	0.104289	5281	
-0.863521	-0.001340	5791	
-0.865763	-0.114193	5005	
-0.852411	-0.232538	5374	
-0.822351	-0.351706	4887	
-0.774523	-0.469678	3802	
-0.708158	-0.584054	3846	
-0.626068	-0.688094	6368	
-0.526573	-0.782640	6705	
-0.412190	-0.863695	855	
-0.289339	-0.926656	6613	
-0.152756	-0.973287	6393	
-0.791576	0.232544	4207	
-0.786302	0.251012	3767	
-0.785111	0.258397	6344	
-0.788139	0.255200	3767	
-0.795169	0.241578	4207	
-0.805727	0.217025	4685	
-0.818586	0.181941	2856	
-0.832238	0.136826	5432	
-0.845062	0.080910	4464	
-0.855027	0.014893	5999	
-0.859989	-0.059951	3773	
-0.857871	-0.142795	4653	
-0.846552	-0.232433	5374	
-0.824234	-0.326964	4253	
-0.789840	-0.423346	3758	
-0.741829	-0.520377	3321	
-0.679229	-0.615938	6589	
-0.604047	-0.704501	4526	
-0.515047	-0.785845	6704	
-0.411197	-0.858789	855	
-0.300757	-0.916637	6266	
-0.175788	-0.962042	2470	
-0.054153	-0.989821	2671	
-0.838971	-0.136709	4897	
-0.842266	-0.117362	4693	
-0.844539	-0.108608	4693	
-0.846141	-0.110539	5005	
-0.847013	-0.122888	5005	
-0.846761	-0.145507	4653	
-0.844744	-0.177372	4041	
-0.839853	-0.218743	2546	
-0.830961	-0.268494	5450	
-0.816489	-0.326407	3754	
-0.795386	-0.390385	3774	
-0.766428	-0.459009	3320	
-0.728650	-0.530530	5996	
-0.679810	-0.604914	3662	
-0.620455	-0.678320	4287	
-0.551339	-0.747705	4827	
-0.470784	-0.812735	6673	
-0.377396	-0.872360	333	
-0.278047	-0.920774	6613	
-0.167595	-0.959289	6393	
-0.735804	-0.473623	2553	
-0.746770	-0.456815	3336	
-0.752929	-0.448665	3336	
-0.754683	-0.449174	3336	
-0.752067	-0.458356	3336	
-0.745012	-0.475674	2553	
-0.733119	-0.500679	2919	
-0.715885	-0.532675	5996	
-0.692903	-0.570482	3530	
-0.662871	-0.613783	3584	
-0.624730	-0.661650	4287	
-0.578610	-0.711741	4057	
-0.524722	-0.761805	4765	
-0.462686	-0.810487	6673	
-0.390126	-0.857747	333	
-0.307671	-0.901077	6266	
-0.220591	-0.936531	275	
-0.124748	-0.964714	537	
-0.524458	-0.731343	3376	
-0.541174	-0.719496	3450	
-0.550905	-0.713380	3450	
-0.553856	-0.713266	3450	
-0.550096	-0.719202	3450	
-0.539632	-0.730984	4677	
-0.522353	-0.748129	3990	
-0.498476	-0.769588	4554	
-0.467745	-0.794551	4813	
-0.430360	-0.821820	6729	
-0.385419	-0.850669	4755	
-0.331633	-0.880549	5619	
-0.268639	-0.910005	6689	
-0.200481	-0.935777	293	
-0.126902	-0.957296	537	
-0.041289	-0.974249	6095	
-0.249251	-0.890816	4039	
-0.269388	-0.885285	6626	
-0.281786	-0.882466	6325	
-0.286578	-0.882650	3854	
-0.283842	-0.885930	6325	
-0.273452	-0.892296	6626	
-0.255811	-0.901218	6689	
-0.229481	-0.912864	6780	
-0.195168	-0.926112	5307	
-0.154264	-0.939578	5993	
-0.107908	-0.952204	6905	
-0.055350	-0.963446	931	
0.005475	-0.972367	5413	
0.075545	-0.977586	6057	
0.143697	-0.978386	961	
0.048688	-0.948916	6680	
0.027608	-0.950094	6658	
0.014377	-0.951385	6706	
0.008712	-0.953084	6706	
0.010418	-0.955337	6706	
0.019453	-0.958102	6706	
0.035619	-0.961180	6844	
0.058582	-0.964211	5949	
0.089330	-0.966659	6873	
0.131375	-0.967515	939	
0.174906	-0.966694	6541	
0.336608	-0.915185	6478	
0.316643	-0.922618	6346	
0.303696	-0.927963	6346	
0.297625	-0.931584	6825	
0.298285	-0.933698	2721	
0.305337	-0.934397	2721	
