time = 41.75	Re = 1
-0.709641	0.668673	6714	
-0.727624	0.649540	6504	
-0.747160	0.628457	6519	
-0.768030	0.605348	6285	
-0.790005	0.580146	6065	
-0.812826	0.552809	6126	
-0.621390	0.718667	6422	
-0.641278	0.701424	6468	
-0.663016	0.682294	6361	
-0.686400	0.661130	5976	
-0.711181	0.637823	469	
-0.737141	0.612229	5841	
-0.764008	0.584245	273	
-0.791486	0.553791	674	
-0.819502	0.520476	6731	
-0.848241	0.483420	6184	
-0.875925	0.444743	2613	
-0.524778	0.761744	4699	
-0.546497	0.746732	4741	
-0.570372	0.729938	4434	
-0.596240	0.711149	5511	
-0.623898	0.690156	6621	
-0.653118	0.666775	6361	
-0.683596	0.640827	5036	
-0.715168	0.612123	6313	
-0.747420	0.580549	272	
-0.779826	0.546115	336	
-0.811885	0.508964	6848	
-0.843369	0.469038	6804	
-0.874310	0.425650	6224	
-0.904384	0.378667	6173	
-0.931996	0.330808	6805	
-0.419547	0.796215	4721	
-0.442995	0.783811	4886	
-0.469022	0.769737	3815	
-0.497478	0.753728	3377	
-0.528151	0.735537	3374	
-0.560732	0.714968	3439	
-0.594928	0.691796	5624	
-0.630326	0.665848	4817	
-0.666593	0.636934	5036	
-0.703232	0.605044	6614	
-0.740049	0.569836	6298	
-0.776757	0.531201	322	
-0.812909	0.489154	6454	
-0.847589	0.444190	6591	
-0.880520	0.396475	6876	
-0.912232	0.344303	6568	
-0.941058	0.290548	6058	
-0.305825	0.819840	3032	
-0.330799	0.810470	3468	
-0.358818	0.799632	3397	
-0.389651	0.787051	4005	
-0.423100	0.772427	4733	
-0.458871	0.755457	3815	
-0.496653	0.735849	2920	
-0.536083	0.713347	2974	
-0.576664	0.687799	5493	
-0.618213	0.658806	4549	
-0.660334	0.626150	5012	
-0.702256	0.590016	4138	
-0.743457	0.550369	6709	
-0.783546	0.507151	4201	
-0.822411	0.460097	6722	
-0.859452	0.409521	6594	
-0.893701	0.356323	900	
-0.925442	0.299665	6514	
-0.183801	0.829902	1591	
-0.209974	0.824049	5270	
-0.239611	0.817071	1495	
-0.272546	0.808618	5254	
-0.308602	0.798299	2306	
-0.347513	0.785736	3397	
-0.388796	0.770624	3001	
-0.432301	0.752512	3821	
-0.477495	0.731119	3318	
-0.524129	0.706004	2337	
-0.571415	0.677127	5626	
-0.618821	0.644342	3994	
-0.665778	0.607622	5012	
-0.712181	0.566478	4618	
-0.757019	0.521481	5747	
-0.799690	0.472848	5556	
-0.840119	0.420218	5950	
-0.877987	0.363818	900	
-0.912188	0.304894	898	
-0.943128	0.242279	6039	
-0.969981	0.177828	6497	
-0.054690	0.823193	5478	
-0.081606	0.821339	5692	
-0.112446	0.818838	5427	
-0.147043	0.815255	5468	
-0.185210	0.810144	2127	
-0.226869	0.802992	5245	
-0.271614	0.793331	5496	
-0.318927	0.780749	2299	
-0.368712	0.764654	4363	
-0.420314	0.744717	4245	
-0.472997	0.720706	5151	
-0.526238	0.692353	2337	
-0.579544	0.659371	5626	
-0.632217	0.621735	3935	
-0.683437	0.579669	3993	
-0.732891	0.532977	1224	
-0.780013	0.481905	4087	
-0.823880	0.427136	5950	
-0.864470	0.368386	6751	
-0.901537	0.305937	898	
-0.933998	0.241439	6787	
-0.962538	0.172714	6497	
-0.985892	0.104846	6511	
0.079574	0.796034	2489	
0.052530	0.798666	2839	
0.021143	0.801285	5587	
-0.014587	0.803383	3327	
-0.054440	0.804390	3722	
-0.098227	0.803737	3736	
-0.145629	0.800819	5468	
-0.196592	0.794985	5571	
-0.250667	0.785607	2554	
-0.306913	0.772294	1959	
-0.365044	0.754496	5237	
-0.424105	0.731978	3856	
-0.483938	0.704142	3863	
-0.543262	0.671196	5442	
-0.601490	0.633036	3994	
-0.658170	0.589446	4737	
-0.712212	0.541047	3678	
-0.763264	0.487855	4255	
-0.810865	0.430147	5244	
-0.854101	0.368869	6751	
-0.893167	0.303615	6292	
-0.927532	0.235365	6619	
-0.956640	0.165264	380	
-0.980917	0.091807	5959	
0.215009	0.744603	3141	
0.188699	0.752112	3157	
0.157728	0.760444	3213	
0.122029	0.769015	2394	
0.081658	0.777164	1828	
0.036625	0.784176	2336	
-0.012824	0.789293	3327	
-0.066693	0.791710	3417	
-0.124031	0.790719	3461	
-0.184757	0.785573	5571	
-0.247696	0.775753	2554	
-0.312807	0.760530	5084	
-0.378896	0.739641	2812	
-0.445152	0.712820	2744	
-0.510735	0.679920	4946	
-0.574907	0.640894	3238	
-0.636571	0.596177	4674	
-0.695397	0.545601	3291	
-0.750286	0.490068	4255	
-0.801045	0.429582	5244	
-0.847023	0.364964	6751	
-0.887623	0.297023	6592	
-0.923302	0.225264	6619	
-0.952967	0.152054	380	
-0.977248	0.075225	6501	
0.346940	0.664985	3365	
0.322414	0.677677	2875	
0.293014	0.692251	2933	
0.258530	0.708057	3558	
0.218919	0.724324	3141	
0.174078	0.740193	494	
0.123927	0.754773	689	
0.068718	0.767094	2798	
0.008864	0.776168	2813	
-0.054906	0.781106	2890	
-0.122296	0.781059	2635	
-0.192685	0.775242	5571	
-0.264909	0.763106	3564	
-0.337750	0.744362	4527	
-0.410980	0.718403	4274	
-0.482849	0.685564	4642	
-0.552683	0.645796	5529	
-0.619646	0.599308	4214	
-0.682692	0.546764	1462	
-0.741445	0.488241	5719	
-0.794846	0.425058	5244	
-0.843056	0.356947	6431	
-0.885051	0.285695	6592	
-0.921227	0.210853	6381	
-0.951107	0.133999	342	
-0.974799	0.054486	6670	
0.467547	0.554162	725	
0.446160	0.572077	546	
0.419955	0.593183	822	
0.388649	0.616670	854	
0.351910	0.641764	2147	
0.309117	0.667658	551	
0.260193	0.693170	655	
0.205588	0.716969	2260	
0.145300	0.737940	509	
0.079712	0.754953	1080	
0.009247	0.766854	668	
-0.065367	0.772649	895	
-0.142626	0.771559	2635	
-0.222107	0.762836	3834	
-0.302356	0.746133	5084	
-0.381896	0.721410	2987	
-0.460361	0.688259	4845	
-0.535820	0.647427	5395	
-0.607664	0.599060	4214	
-0.674865	0.543892	5467	
-0.736789	0.482471	4236	
-0.792671	0.415810	4269	
-0.842299	0.344428	6401	
-0.885227	0.269506	4872	
-0.921309	0.191615	6381	
-0.950768	0.111243	508	
-0.973308	0.029347	6834	
-0.989158	-0.051932	6138	
0.567193	0.410283	4954	
0.550583	0.433041	3999	
0.529656	0.460450	2599	
0.503693	0.491929	1166	
0.471971	0.526578	448	
0.434152	0.563180	546	
0.389753	0.600538	854	
0.338347	0.637338	2147	
0.280135	0.672013	2209	
0.215316	0.703083	846	
0.143775	0.729287	514	
0.067055	0.749108	1080	
-0.014163	0.761472	911	
-0.099026	0.765403	1829	
-0.185555	0.760316	2982	
-0.272988	0.745726	5447	
-0.359576	0.721602	4851	
-0.443759	0.688276	4675	
-0.524797	0.645829	5395	
-0.601054	0.595297	3964	
-0.672085	0.536943	5467	
-0.736535	0.472402	4236	
-0.794348	0.401876	4269	
-0.844754	0.327060	6401	
-0.887893	0.248338	4063	
-0.923329	0.167227	5784	
-0.951637	0.083575	6651	
-0.972416	-0.000496	6743	
-0.986245	-0.084965	2670	
0.632740	0.235196	1058	
0.622639	0.261974	3605	
0.609238	0.294897	5105	
0.591577	0.333628	5212	
0.568710	0.377111	4256	
0.539443	0.424569	3477	
0.503085	0.474394	2449	
0.458993	0.524992	448	
0.406772	0.574660	837	
0.345789	0.621859	851	
0.276779	0.664516	761	
0.200496	0.700792	846	
0.117581	0.729266	694	
0.029392	0.748611	2096	
-0.062384	0.757809	895	
-0.156608	0.756142	2097	
-0.250800	0.743462	5459	
-0.343994	0.719668	5011	
-0.434207	0.685279	4675	
-0.520195	0.640820	5161	
-0.600523	0.587373	3964	
-0.674387	0.525788	5467	
-0.740890	0.457412	4236	
-0.799681	0.383093	3520	
-0.850205	0.304515	4185	
-0.892743	0.222008	5599	
-0.926838	0.137597	5720	
-0.953293	0.050832	466	
-0.971755	-0.035847	6755	
-0.982932	-0.122365	6742	
0.649082	0.035056	3403	
0.647351	0.063978	3456	
0.644110	0.100801	3522	
0.638025	0.145169	3097	
0.627705	0.196236	5883	
0.611623	0.253073	5923	
0.588353	0.314401	5212	
0.556543	0.378715	3920	
0.515088	0.444072	2658	
0.463334	0.508398	3068	
0.401372	0.569163	837	
0.329570	0.624166	858	
0.248466	0.671421	554	
0.159593	0.709034	5346	
0.064803	0.735411	1196	
-0.034315	0.749653	553	
-0.135508	0.751116	2625	
-0.236932	0.739596	3120	
-0.336077	0.715589	4959	
-0.431946	0.679382	4675	
-0.522125	0.632379	5161	
-0.605885	0.575359	3964	
-0.681904	0.509911	1200	
-0.749572	0.437358	4972	
-0.808508	0.358924	6407	
-0.858301	0.276420	4843	
-0.899356	0.190222	5505	
-0.931370	0.102535	4936	
-0.955213	0.012948	6889	
-0.970724	-0.076692	6091	
0.600075	-0.174725	1150	
0.608144	-0.146355	424	
0.617473	-0.109096	1134	
0.626344	-0.062981	3205	
0.632938	-0.008137	2758	
0.635026	0.054828	2894	
0.630463	0.125220	3005	
0.617203	0.200852	5887	
0.593084	0.280828	4445	
0.557037	0.361915	3920	
0.508330	0.441319	2658	
0.446587	0.516560	2544	
0.372297	0.584842	648	
0.287367	0.643206	696	
0.192579	0.689980	523	
0.090976	0.723201	879	
-0.015412	0.741898	787	
-0.123613	0.745661	2625	
-0.231546	0.734534	3120	
-0.336661	0.709179	4986	
-0.437113	0.670490	4534	
-0.530946	0.619978	4030	
-0.617172	0.558773	3248	
-0.694429	0.488902	5403	
-0.762268	0.411810	4941	
-0.820357	0.329061	6391	
-0.868477	0.242563	3973	
-0.907163	0.152774	5880	
-0.936306	0.061958	6470	
-0.956782	-0.030060	6755	
-0.968643	-0.122194	6742	
0.472821	-0.369389	3909	
0.491146	-0.345568	3610	
0.514373	-0.312959	3750	
0.540713	-0.270676	4610	
0.567847	-0.218151	4114	
0.592951	-0.155142	640	
0.612964	-0.082583	427	
0.624991	0.000176	2758	
0.625999	0.090313	2924	
0.613442	0.185326	452	
0.585704	0.281862	4999	
0.541355	0.377559	3920	
0.481102	0.467490	2300	
0.405362	0.548928	4637	
0.315893	0.618668	672	
0.215702	0.673882	5802	
0.107148	0.713133	4905	
-0.005932	0.735276	1191	
-0.121346	0.740146	962	
-0.235391	0.728182	3120	
-0.345824	0.700310	5034	
-0.450212	0.657983	4534	
-0.546698	0.603026	4701	
-0.634230	0.537010	2953	
-0.711567	0.462255	4105	
-0.778437	0.380364	4234	
-0.834596	0.293196	3346	
-0.880048	0.202732	5581	
-0.915433	0.109615	4870	
-0.940894	0.015923	6888	
-0.957323	-0.078056	1016	
-0.964937	-0.171963	2621	
0.264731	-0.510473	1103	
0.291882	-0.496079	5381	
0.328236	-0.474802	4435	
0.372020	-0.444841	5273	
0.420640	-0.404625	3664	
0.471519	-0.352083	3546	
0.520802	-0.286163	3398	
0.564362	-0.206762	4114	
0.597944	-0.114590	618	
0.617359	-0.012908	432	
0.619485	0.096893	1072	
0.602004	0.209349	5887	
0.564055	0.320115	5040	
0.505404	0.425215	3581	
0.428299	0.519349	3174	
0.334730	0.599342	683	
0.228558	0.662130	1279	
0.113010	0.706064	4222	
-0.007358	0.730149	1191	
-0.129339	0.734556	962	
-0.248900	0.720227	2632	
-0.363732	0.688460	4581	
-0.470986	0.641331	4078	
-0.568922	0.581032	3604	
-0.656500	0.509544	5663	
-0.732698	0.429434	4847	
-0.797334	0.342643	6397	
-0.850420	0.251081	3973	
-0.892194	0.156766	3623	
-0.923348	0.060818	6152	
-0.944382	-0.035555	6725	
-0.956119	-0.130784	6174	
-0.959018	-0.225638	6042	
-0.005505	-0.549976	1563	
0.025914	-0.549956	953	
0.070151	-0.547816	5585	
0.126560	-0.540511	891	
0.193461	-0.524515	2452	
0.267677	-0.496491	4129	
0.346379	-0.452822	5393	
0.424347	-0.391254	3703	
0.495250	-0.311850	2774	
0.554141	-0.214576	3525	
0.595420	-0.102363	644	
0.614615	0.019940	1090	
0.608958	0.147242	1053	
0.577452	0.273250	4616	
0.520967	0.391907	3614	
0.441491	0.498229	2544	
0.343263	0.587105	1070	
0.230197	0.655878	973	
0.107656	0.702446	4905	
-0.019861	0.726498	1191	
-0.147774	0.728489	613	
-0.272105	0.710033	3175	
-0.390179	0.672897	4028	
-0.499013	0.619773	3455	
-0.596981	0.553292	2843	
-0.683213	0.475760	5589	
-0.756906	0.390000	4059	
-0.818014	0.298334	3346	
-0.866882	0.202521	5584	
-0.903958	0.104739	4870	
-0.930003	0.006448	6715	
-0.945908	-0.092156	758	
-0.952382	-0.188259	1127	
-0.950379	-0.282411	6110	
-0.282673	-0.442454	1970	
-0.255084	-0.459591	2378	
-0.213709	-0.482164	2048	
-0.157476	-0.506462	1890	
-0.086122	-0.527472	867	
0.000576	-0.539658	791	
0.099804	-0.536804	1148	
0.206049	-0.513656	3176	
0.313332	-0.466349	3394	
0.414524	-0.392972	3162	
0.501311	-0.294638	2774	
0.565971	-0.175928	492	
0.603208	-0.042056	1118	
0.609564	0.098599	664	
0.583861	0.239184	865	
0.528002	0.370772	3239	
0.445288	0.487180	4314	
0.341047	0.583081	1070	
0.220709	0.655304	1279	
0.090708	0.702171	4905	
-0.043528	0.723720	4192	
-0.176865	0.721115	708	
-0.304828	0.696615	3222	
-0.424716	0.652613	3030	
-0.533590	0.592384	3069	
-0.630001	0.519013	3100	
-0.713382	0.434997	4847	
-0.783073	0.343590	6387	
-0.839357	0.247261	3587	
-0.882846	0.147720	3623	
-0.914318	0.046812	6099	
-0.934481	-0.053392	6707	
-0.944587	-0.153197	622	
-0.945096	-0.251205	6040	
-0.468351	-0.175142	3880	
-0.456131	-0.206372	3164	
-0.434719	-0.252068	2720	
-0.400186	-0.308971	4975	
-0.347656	-0.373021	1413	
-0.274284	-0.436341	2743	
-0.179059	-0.490375	1659	
-0.063777	-0.525904	897	
0.065325	-0.534499	5800	
0.201729	-0.509833	3176	
0.332428	-0.449471	2917	
0.446838	-0.354893	507	
0.535397	-0.230993	3811	
0.589992	-0.087033	773	
0.606635	0.067196	619	
0.584937	0.220082	865	
0.527483	0.363013	3239	
0.439480	0.487317	2855	
0.327755	0.587476	3363	
0.199168	0.660293	5673	
0.061678	0.704427	705	
-0.078773	0.720739	3916	
-0.216343	0.711152	628	
-0.346522	0.678684	3277	
-0.466466	0.626455	3426	
-0.573663	0.558158	3604	
-0.666878	0.477273	5378	
-0.745638	0.386861	4059	
-0.809911	0.289931	6341	
-0.860160	0.189143	5584	
-0.897200	0.086634	3812	
-0.922163	-0.016633	2899	
-0.935893	-0.118480	5508	
-0.939709	-0.218158	6573	
-0.439421	0.180424	4520	
-0.452235	0.147576	4551	
-0.468086	0.095251	5158	
-0.480332	0.022867	5056	
-0.480509	-0.068703	1222	
-0.459010	-0.174794	3880	
-0.407861	-0.285952	4800	
-0.323234	-0.389597	1794	
-0.204407	-0.473109	1557	
-0.058977	-0.522274	897	
0.099709	-0.527434	1148	
0.258601	-0.484126	3264	
0.399414	-0.395108	3664	
0.509741	-0.267213	2381	
0.579057	-0.113413	499	
0.602864	0.052996	436	
0.581589	0.217673	548	
0.519295	0.369548	4965	
0.423390	0.498875	2855	
0.302484	0.599833	2862	
0.165053	0.669637	5899	
0.020195	0.707719	893	
-0.125429	0.715872	866	
-0.265700	0.696937	2702	
-0.396235	0.654731	4028	
-0.514276	0.593130	3502	
-0.617931	0.516043	1889	
-0.706020	0.427539	3801	
-0.778469	0.331113	6387	
-0.835926	0.229133	4388	
-0.879004	0.124458	3173	
-0.908768	0.019220	5795	
-0.926464	-0.085007	4829	
-0.933277	-0.188057	1264	
-0.930212	-0.287908	6059	
-0.135600	0.429076	2421	
-0.170212	0.417285	2526	
-0.225230	0.392767	5174	
-0.294434	0.348466	1111	
-0.368823	0.276513	5792	
-0.433400	0.173983	4520	
-0.472427	0.042629	5073	
-0.470426	-0.108655	1759	
-0.416714	-0.262346	2234	
-0.310551	-0.395849	1794	
-0.159315	-0.489491	1895	
0.018905	-0.527028	654	
0.201084	-0.502083	2590	
0.365832	-0.417521	3650	
0.493805	-0.284873	797	
0.573314	-0.120287	499	
0.599285	0.058090	619	
0.573582	0.232769	865	
0.502432	0.390582	5052	
0.395809	0.521033	2651	
0.264258	0.618644	3488	
0.117849	0.681359	4036	
-0.033629	0.709858	4192	
-0.182658	0.706984	6008	
-0.323783	0.676557	3237	
-0.452620	0.623145	2960	
-0.566494	0.551462	2353	
-0.664400	0.465529	5378	
-0.745571	0.369636	3858	
-0.810411	0.267153	4208	
-0.859688	0.161155	5453	
-0.894557	0.053676	6100	
-0.916342	-0.053477	4239	
-0.926263	-0.158303	6246	
-0.925803	-0.260646	6604	
0.282631	0.317338	519	
0.252265	0.342958	3210	
0.196577	0.380110	3494	
0.111611	0.416849	1169	
-0.003413	0.436603	861	
-0.140260	0.420213	2421	
-0.279934	0.353156	3047	
-0.398724	0.228546	4684	
-0.466139	0.057913	5088	
-0.461841	-0.133815	4939	
-0.379078	-0.315277	4033	
-0.229893	-0.451016	1753	
-0.036916	-0.518916	826	
0.166095	-0.508600	985	
0.350520	-0.424571	3072	
0.490802	-0.283483	797	
0.573866	-0.106402	499	
0.595273	0.083114	1072	
0.559348	0.265160	4242	
0.475146	0.424832	1642	
0.355197	0.551789	2737	
0.212109	0.641336	5650	
0.057241	0.692739	705	
-0.099178	0.708147	1165	
-0.249624	0.691654	1847	
-0.389134	0.647993	3380	
-0.513704	0.582468	3069	
-0.621289	0.500259	5130	
-0.711257	0.405907	4726	
-0.783819	0.303148	6353	
-0.839554	0.195685	2856	
-0.879685	0.086197	4431	
-0.905571	-0.023018	2899	
-0.918802	-0.130524	5593	
-0.920682	-0.235743	6598	
-0.912658	-0.336595	6523	
0.370604	-0.150352	5181	
0.384896	-0.111465	4613	
0.401392	-0.037603	2417	
0.401327	0.067332	3706	
0.362633	0.196189	4261	
0.268214	0.322028	1274	
0.113384	0.411871	1169	
-0.081904	0.428859	970	
-0.275239	0.352476	3723	
-0.418426	0.188461	5189	
-0.470830	-0.028494	1253	
-0.417190	-0.248059	2234	
-0.269903	-0.420918	1859	
-0.063821	-0.511390	6240	
0.158020	-0.507504	985	
0.356189	-0.416845	3072	
0.501104	-0.262480	515	
0.579267	-0.071421	789	
0.588330	0.127995	832	
0.536033	0.313526	4107	
0.434888	0.470016	4314	
0.299939	0.587946	2862	
0.145602	0.664322	3845	
-0.016054	0.700286	5535	
-0.175441	0.699485	6008	
-0.324790	0.667228	2771	
-0.459500	0.609445	2288	
-0.577062	0.531658	3906	
-0.676167	0.439095	2584	
-0.756481	0.336704	2586	
-0.818753	0.228386	4388	
-0.864253	0.117176	5281	
-0.894408	0.005502	5830	
-0.910877	-0.104739	5172	
-0.915191	-0.211691	6654	
-0.908995	-0.315275	5926	
-0.893213	-0.414939	6093	
-0.109991	-0.358510	5629	
-0.065518	-0.370095	3998	
0.019145	-0.377808	3941	
0.139931	-0.355941	5039	
0.271938	-0.276932	5547	
0.374725	-0.125714	4401	
0.395716	0.080600	5425	
0.299666	0.285394	759	
0.100611	0.412824	1024	
-0.148424	0.411387	3199	
-0.358167	0.273468	5871	
-0.463200	0.041048	5030	
-0.432420	-0.208809	2574	
-0.282003	-0.408289	1672	
-0.060138	-0.509389	6240	
0.177717	-0.499709	807	
0.382333	-0.393004	2100	
0.522314	-0.220104	2826	
0.585624	-0.014839	4231	
0.574077	0.191543	862	
0.499854	0.375164	5052	
0.379143	0.522053	3603	
0.228897	0.625112	3596	
0.064578	0.683437	4890	
-0.101490	0.700252	950	
-0.260124	0.680925	2130	
-0.405025	0.631783	5566	
-0.532487	0.559244	2687	
-0.640435	0.469552	1161	
-0.728568	0.368054	3493	
-0.797628	0.258715	4208	
-0.848541	0.145772	5347	
-0.882965	0.032009	6098	
-0.902636	-0.080352	4829	
-0.909422	-0.189869	6522	
-0.904791	-0.296180	1215	
-0.890179	-0.397855	6093	
-0.301690	0.177552	6371	
-0.324953	0.132601	1273	
-0.351365	0.039444	5392	
-0.342792	-0.103224	5810	
-0.254646	-0.259985	2274	
-0.065268	-0.365910	3998	
0.175510	-0.337914	5222	
0.359068	-0.155433	4482	
0.385087	0.119205	5820	
0.223444	0.351013	540	
-0.051966	0.426926	814	
-0.314544	0.314964	1866	
-0.455537	0.070588	4744	
-0.431732	-0.204340	2073	
-0.266576	-0.417030	1859	
-0.024861	-0.512324	905	
0.224067	-0.482016	999	
0.425478	-0.349413	507	
0.548781	-0.154440	2293	
0.586666	0.063309	816	
0.546944	0.270873	4242	
0.446883	0.445447	1530	
0.305864	0.575742	3363	
0.141811	0.658076	2908	
-0.029642	0.694017	4329	
-0.196409	0.688911	6005	
-0.350778	0.649628	2870	
-0.487698	0.583393	1787	
-0.604671	0.496887	5130	
-0.700856	0.396153	4145	
-0.776449	0.286591	5909	
-0.832725	0.172377	5385	
-0.871392	0.056681	4952	
-0.894280	-0.058131	3780	
-0.903337	-0.170332	6522	
-0.900358	-0.278226	284	
-0.887191	-0.381315	5918	
-0.864910	-0.479560	6107	
0.303843	0.115289	1834	
0.280642	0.165641	1867	
0.205460	0.256833	6450	
0.055082	0.328823	2266	
-0.156766	0.301518	2731	
-0.331450	0.106820	1420	
-0.311746	-0.176023	3670	
-0.073319	-0.361719	3278	
0.239206	-0.297346	5494	
0.394930	-0.015908	5691	
0.288158	0.291591	759	
-0.003552	0.425684	861	
-0.302399	0.322743	1094	
-0.455963	0.057685	5030	
-0.415385	-0.235817	1801	
-0.220980	-0.444302	1822	
0.042354	-0.513624	1911	
0.293651	-0.447273	2797	
0.478647	-0.281173	797	
0.571965	-0.064238	789	
0.574491	0.160100	836	
0.501576	0.360156	4646	
0.373923	0.518014	3603	
0.213594	0.625016	5650	
0.039557	0.681229	714	
-0.134229	0.691580	5196	
-0.297809	0.662973	883	
-0.443918	0.603533	2303	
-0.569622	0.520766	3906	
-0.673382	0.421679	2015	
-0.755459	0.312142	2921	
-0.817123	0.196424	2856	
-0.859911	0.078739	4464	
-0.885887	-0.038312	2749	
-0.897124	-0.152569	5342	
-0.895684	-0.262486	3184	
-0.883241	-0.368237	5918	
-0.861131	-0.468771	6053	
-0.229692	-0.193298	6816	
-0.185296	-0.237417	5960	
-0.066451	-0.296667	341	
0.143307	-0.274464	1674	
0.306181	-0.077995	1865	
0.236388	0.222976	3819	
-0.078387	0.325894	1908	
-0.338565	0.077578	5595	
-0.234392	-0.274113	3134	
0.126911	-0.352868	4930	
0.380811	-0.086383	3753	
0.305245	0.269102	536	
-0.009747	0.424043	1108	
-0.327202	0.297561	5772	
-0.460984	0.000034	4309	
-0.375954	-0.298760	2905	
-0.141085	-0.479706	1895	
0.139240	-0.501288	603	
0.378869	-0.386005	2100	
0.530519	-0.184944	2415	
0.581126	0.048332	4311	
0.540979	0.270128	3606	
0.432193	0.453586	1476	
0.279422	0.585313	2862	
0.104277	0.662680	3921	
-0.075423	0.689172	3391	
-0.246589	0.672126	1798	
-0.401455	0.620093	5566	
-0.535441	0.541632	2687	
-0.646753	0.444248	2500	
-0.735299	0.334431	2586	
-0.801984	0.217842	4685	
-0.848728	0.098379	4124	
-0.877624	-0.020642	2749	
-0.890918	-0.136875	5342	
-0.890767	-0.249347	3627	
-0.879071	-0.356829	976	
-0.857777	-0.458049	6053	
0.268694	0.060650	2231	
0.243652	0.130791	933	
0.127672	0.248967	344	
-0.117885	0.259270	6176	
-0.292122	-0.020149	4660	
-0.058059	-0.296535	341	
0.290825	-0.116836	1551	
0.169833	0.278148	1912	
-0.246182	0.234258	6370	
-0.299393	-0.191408	5984	
0.080530	-0.362877	2122	
0.379198	-0.086382	3753	
0.280790	0.294513	519	
-0.074126	0.419218	970	
-0.380220	0.231467	4619	
-0.454068	-0.100354	4165	
-0.300573	-0.381138	1988	
-0.024659	-0.505625	905	
0.257432	-0.460309	1976	
0.465417	-0.290929	661	
0.567458	-0.060257	789	
0.565408	0.177765	4370	
0.479639	0.384837	5031	
0.337138	0.540932	2088	
0.163537	0.639449	4914	
-0.019816	0.682554	4329	
-0.198160	0.677447	6005	
-0.361200	0.633136	772	
-0.503182	0.559007	1755	
-0.621665	0.463476	1167	
-0.716060	0.354103	2430	
-0.787602	0.236513	3767	
-0.838032	0.115581	4605	
-0.869628	-0.005580	5791	
-0.884712	-0.124126	5301	
-0.885676	-0.238464	3627	
-0.874637	-0.347187	976	
-0.853601	-0.450145	6836	
-0.039139	0.247286	4533	
-0.126552	0.217609	473	
-0.256739	0.000481	4659	
-0.110344	-0.236838	6564	
0.249649	-0.101240	6870	
0.054448	0.274367	6451	
-0.289972	-0.032049	4477	
0.100944	-0.287680	307	
0.275124	0.163549	6363	
-0.187911	0.278829	1880	
-0.304682	-0.179376	5819	
0.114435	-0.353650	4930	
0.390170	-0.016116	5691	
0.203543	0.355880	1381	
-0.187726	0.386971	2705	
-0.435889	0.114388	4292	
-0.410610	-0.232141	1801	
-0.177962	-0.459841	1477	
0.123528	-0.499738	603	
0.380941	-0.378206	2038	
0.535681	-0.159944	2293	
0.574903	0.087402	530	
0.515849	0.314487	3414	
0.386889	0.493441	5070	
0.217325	0.612613	5515	
0.030943	0.672463	714	
-0.153549	0.679313	4178	
-0.323931	0.642858	2146	
-0.473236	0.573235	1647	
-0.598189	0.479933	5380	
-0.698230	0.370793	4258	
-0.774266	0.252306	6344	
-0.828099	0.129516	5008	
-0.862034	0.006624	5791	
-0.878671	-0.113818	5252	
-0.880496	-0.229851	3168	
-0.869890	-0.340112	4875	
-0.848657	-0.444951	6772	
-0.818289	-0.543540	6338	
-0.007756	0.225613	6445	
-0.116008	0.195031	473	
-0.205875	-0.107731	6556	
0.150180	-0.184324	995	
0.038961	0.244119	6737	
-0.222627	-0.128162	6258	
0.270330	0.010878	6669	
-0.208557	0.193993	367	
-0.006020	-0.301101	6471	
0.288738	0.133242	1834	
-0.216110	0.257596	6553	
-0.255807	-0.246626	2942	
0.220328	-0.303429	4507	
0.375192	0.124295	4031	
0.057347	0.412110	4494	
-0.324729	0.292964	5772	
-0.455459	-0.056431	1217	
-0.306528	-0.370503	1194	
-0.010702	-0.503016	4535	
0.285371	-0.441417	848	
0.489163	-0.247682	1934	
0.571201	0.001433	801	
0.541396	0.244982	3980	
0.428408	0.444711	1570	
0.263677	0.584081	5122	
0.076134	0.659912	4375	
-0.113188	0.678481	5326	
-0.290035	0.649739	1047	
-0.445961	0.584651	1223	
-0.577178	0.493137	3485	
-0.682342	0.384129	4258	
-0.762375	0.264657	6344	
-0.819055	0.140657	5008	
-0.854992	0.015983	5999	
-0.872856	-0.106184	5141	
-0.875307	-0.223709	3168	
-0.864802	-0.335749	5540	
-0.843290	-0.441849	6772	
-0.812528	-0.541292	6338	
0.016836	-0.199307	3902	
-0.019677	0.223227	6797	
0.116839	-0.205270	369	
-0.181641	0.172486	371	
0.207970	-0.165754	824	
-0.186858	0.213551	412	
0.029827	-0.299710	6659	
0.233422	0.218926	6785	
-0.306375	0.147017	6328	
-0.111447	-0.342990	3082	
0.347536	-0.157624	4482	
0.271151	0.298318	793	
-0.146726	0.398793	1303	
-0.431792	0.116465	4292	
-0.395968	-0.252675	1967	
-0.133358	-0.474045	875	
0.184524	-0.481221	983	
0.432200	-0.321213	6251	
0.556645	-0.076232	3160	
0.557110	0.179334	3693	
0.460891	0.397796	4018	
0.303318	0.555013	1547	
0.115620	0.645954	2816	
-0.077724	0.675630	3391	
-0.260301	0.654172	899	
-0.422570	0.592886	952	
-0.559066	0.503108	2610	
-0.668692	0.394171	3869	
-0.751988	0.274105	6376	
-0.811139	0.148540	4321	
-0.848612	0.022395	5999	
-0.867326	-0.101373	5141	
-0.870031	-0.220566	3359	
-0.859316	-0.334069	4875	
-0.837476	-0.440798	6660	
-0.806719	-0.540067	5766	
0.114535	-0.181304	600	
-0.127983	-0.193812	6770	
-0.109217	0.222848	6551	
0.227098	-0.138383	6492	
-0.249308	0.137621	730	
0.192514	-0.236412	582	
0.037004	0.323722	1807	
-0.332975	-0.098844	3292	
0.137877	-0.342352	5039	
0.380446	0.091482	5821	
0.046200	0.411226	5007	
-0.351339	0.259228	5093	
-0.443035	-0.122303	2975	
-0.237578	-0.420330	1936	
0.086901	-0.498717	971	
0.371458	-0.377750	2100	
0.534562	-0.143321	2379	
0.564525	0.120275	4289	
0.486096	0.353500	4646	
0.335821	0.527107	2088	
0.148861	0.631759	4914	
-0.048084	0.671451	4670	
-0.235834	0.656255	1798	
-0.403111	0.598479	849	
-0.544215	0.510041	2219	
-0.657445	0.401146	3869	
-0.743538	0.280007	6376	
-0.804454	0.153311	3734	
-0.842990	0.025523	5990	
-0.862078	-0.099859	5141	
-0.864661	-0.220459	3359	
-0.853535	-0.334868	4875	
-0.831084	-0.442100	6660	
-0.799478	-0.542183	5766	
-0.041329	-0.207517	584	
-0.095707	-0.211559	6900	
-0.224558	0.111121	6378	
0.247980	0.107966	401	
-0.241709	-0.163347	6444	
0.307902	0.058353	3428	
-0.258139	0.213825	5418	
-0.122979	-0.336236	3580	
0.360169	-0.123564	3755	
0.214490	0.342198	835	
-0.235859	0.356185	2948	
-0.450657	0.003512	4130	
-0.317491	-0.352429	1218	
-0.000085	-0.498117	656	
0.310840	-0.419427	2176	
0.508502	-0.198864	2846	
0.565974	0.068516	816	
0.504112	0.314625	3414	
0.361352	0.501960	1380	
0.174595	0.618602	5869	
-0.024747	0.666623	4322	
-0.216629	0.656667	1374	
-0.388073	0.601624	977	
-0.532977	0.513918	2227	
-0.649022	0.404729	5945	
-0.737059	0.282644	6376	
-0.799171	0.154408	4321	
-0.838163	0.025053	5990	
-0.857153	-0.101512	5141	
-0.859253	-0.223180	3359	
-0.847355	-0.338379	4875	
-0.824026	-0.446023	6586	
-0.791229	-0.546811	1259	
0.163249	-0.139159	3931	
0.199629	-0.126363	267	
-0.121052	-0.226465	5977	
-0.119493	0.252854	385	
0.150799	-0.261828	1629	
0.011128	0.324743	1842	
-0.301456	-0.174359	5819	
0.241984	-0.282180	5494	
0.325302	0.224518	4301	
-0.112145	0.403802	1008	
-0.429244	0.109555	4292	
-0.372580	-0.281592	2905	
-0.073843	-0.485581	5940	
0.255884	-0.447378	1976	
0.481988	-0.242734	1934	
0.563408	0.026722	520	
0.516077	0.282738	2818	
0.379059	0.481635	1442	
0.193664	0.607245	5520	
-0.008122	0.661853	4322	
-0.203189	0.655720	1374	
-0.378065	0.602264	977	
-0.525540	0.514891	2227	
-0.643682	0.404780	5801	
-0.732875	0.281359	1281	
-0.795381	0.151685	4321	
-0.834155	0.021222	5990	
-0.852516	-0.106563	5005	
-0.853722	-0.228956	3359	
-0.840724	-0.344632	4925	
-0.816223	-0.452688	6586	
-0.782086	-0.553657	1259	
-0.739977	-0.647077	6510	
-0.137657	0.176251	594	
-0.132940	0.208299	1001	
0.244539	0.113020	401	
-0.172778	-0.236422	5960	
0.246744	0.197247	942	
-0.337533	0.039506	5230	
0.086446	-0.353524	2884	
0.375585	0.097794	5961	
-0.002433	0.412293	4816	
-0.392283	0.191699	4823	
-0.406723	-0.216937	1242	
-0.130944	-0.467387	875	
0.210483	-0.464438	999	
0.458809	-0.274098	4929	
0.559037	-0.003664	3288	
0.522905	0.259232	2426	
0.390616	0.466319	1337	
0.205322	0.598744	5515	
0.001611	0.657642	5085	
-0.195941	0.653638	5838	
-0.373293	0.600572	977	
-0.522476	0.512544	2227	
-0.641607	0.401110	5801	
-0.730950	0.276322	1281	
-0.793030	0.145291	4321	
-0.830929	0.013756	5990	
-0.848122	-0.114866	5005	
-0.847972	-0.237876	5374	
-0.833538	-0.353774	4887	
-0.807559	-0.461952	5704	
-0.771940	-0.562759	6911	
-0.728435	-0.655783	2488	
0.094841	-0.190020	595	
0.237891	0.000217	490	
0.135489	-0.223184	1153	
-0.283172	0.030725	5067	
0.309537	-0.004176	5919	
-0.271496	0.193552	5418	
-0.046389	-0.354985	5365	
0.382381	-0.007775	1061	
0.082693	0.398432	870	
-0.353367	0.247667	5258	
-0.425192	-0.165274	2188	
-0.169936	-0.449836	4158	
0.177804	-0.473288	743	
0.441973	-0.293157	4641	
0.554654	-0.022946	3288	
0.525412	0.245342	428	
0.395528	0.457372	1460	
0.209495	0.593600	5515	
0.004062	0.654295	5085	
-0.195534	0.650407	5838	
-0.373954	0.596533	929	
-0.523975	0.506711	1969	
-0.642784	0.393682	3894	
-0.731314	0.267290	1281	
-0.792081	0.135056	4321	
-0.828405	0.002435	5985	
-0.843850	-0.126691	4693	
-0.841882	-0.249987	5152	
-0.825679	-0.365828	4887	
-0.797927	-0.473855	5534	
-0.760661	-0.574130	1327	
-0.715695	-0.666399	6629	
0.002061	-0.232139	1138	
-0.095183	-0.238355	6564	
-0.186561	0.208448	353	
0.259127	-0.159032	2334	
-0.182416	0.273614	1880	
-0.136183	-0.326299	2863	
0.369577	-0.080754	3753	
0.135661	0.379612	5299	
-0.323861	0.279665	5806	
-0.432693	-0.133273	2282	
-0.190856	-0.437889	4158	
0.160761	-0.476105	975	
0.433008	-0.301055	4641	
0.551473	-0.030005	2629	
0.524386	0.241141	428	
0.393905	0.455357	1460	
0.206035	0.592195	5778	
-0.000956	0.651914	5085	
-0.201821	0.646061	1374	
-0.380424	0.589771	929	
-0.529832	0.497476	2184	
-0.647163	0.382383	3894	
-0.733835	0.254213	2793	
-0.792402	0.120823	5170	
-0.826420	-0.012665	5762	
-0.839529	-0.142118	4897	
-0.835303	-0.265346	5208	
-0.816960	-0.380834	4211	
-0.787180	-0.488338	5534	
-0.748136	-0.587707	844	
-0.208908	-0.089699	6648	
-0.237178	-0.084426	361	
-0.082071	0.263886	6532	
0.203956	-0.221649	582	
-0.119666	0.303052	1917	
-0.177848	-0.302569	3378	
0.357984	-0.114493	3755	
0.158833	0.367865	954	
-0.310766	0.290974	1155	
-0.433653	-0.122570	2282	
-0.194596	-0.434077	2888	
0.159555	-0.474537	975	
0.433103	-0.297800	4641	
0.550031	-0.024300	2629	
0.519596	0.247509	428	
0.385348	0.460585	1442	
0.194586	0.594456	5778	
-0.013920	0.650321	4299	
-0.215056	0.640343	783	
-0.392576	0.580128	4023	
-0.539900	0.484575	2206	
-0.654630	0.366910	4252	
-0.738356	0.236852	2793	
-0.793812	0.102381	5170	
-0.824774	-0.031660	5739	
-0.834969	-0.161133	4345	
-0.828039	-0.283934	5340	
-0.807202	-0.398760	3774	
-0.775175	-0.505335	3881	
-0.734197	-0.603472	1063	
-0.685985	-0.693364	718	
-0.225396	0.007528	585	
-0.247616	-0.036459	559	
-0.057873	0.269091	1133	
0.193812	-0.229294	582	
-0.114085	0.304216	1711	
-0.177714	-0.301582	3378	
0.358437	-0.110245	3108	
0.150854	0.370372	954	
-0.316875	0.283083	5772	
-0.429153	-0.135315	2282	
-0.180752	-0.439280	4158	
0.174842	-0.468456	743	
0.442266	-0.282909	777	
0.549972	-0.005730	3288	
0.510530	0.264527	2426	
0.369506	0.472717	1442	
0.174857	0.600021	5874	
-0.034907	0.649055	5079	
-0.235072	0.632774	745	
-0.410194	0.567253	1079	
-0.554078	0.467619	2588	
-0.664918	0.347018	4252	
-0.744565	0.215094	2641	
-0.796022	0.079656	4373	
-0.823195	-0.054619	2804	
-0.829907	-0.183746	4041	
-0.819846	-0.305776	5340	
-0.796225	-0.419505	3758	
-0.761759	-0.524746	3844	
-0.718685	-0.621360	6290	
-0.668684	-0.709625	6795	
-0.193941	-0.117506	4764	
-0.218151	-0.125649	6556	
-0.129999	0.243946	385	
0.238554	-0.183955	1510	
-0.164862	0.281060	1657	
-0.132943	-0.324821	2863	
0.370028	-0.065894	3911	
0.111839	0.384761	751	
-0.342735	0.252533	5258	
-0.417393	-0.169889	1929	
-0.148001	-0.452077	1271	
0.206127	-0.456246	765	
0.459441	-0.255294	5552	
0.549967	0.025693	3434	
0.496153	0.291673	503	
0.345691	0.491052	1380	
0.146480	0.608095	1881	
-0.063838	0.647333	5296	
-0.261843	0.622681	3472	
-0.432961	0.550642	1081	
-0.571998	0.446230	5889	
-0.677607	0.322506	4628	
-0.752082	0.188782	2392	
-0.798657	0.052618	3011	
-0.821343	-0.081542	3748	
-0.824054	-0.209921	2546	
-0.810477	-0.330748	3754	
-0.783822	-0.442953	3618	
-0.746750	-0.546465	6557	
-0.701443	-0.641250	318	
-0.649551	-0.727610	6301	
0.104094	-0.207480	294	
0.005215	-0.256620	776	
-0.249186	0.127187	6901	
0.296825	-0.065826	1793	
-0.256553	0.205762	5418	
-0.039058	-0.351425	5365	
0.377827	0.018991	5951	
0.037980	0.401317	5007	
-0.379929	0.196844	4928	
-0.392881	-0.224999	1508	
-0.095463	-0.468026	1142	
0.251882	-0.434844	562	
0.482055	-0.213895	1961	
0.547840	0.069940	2929	
0.474877	0.328057	2135	
0.313105	0.514276	1355	
0.109251	0.617416	4501	
-0.100657	0.644102	5256	
-0.294814	0.609276	3385	
-0.460375	0.529717	5654	
-0.593104	0.420028	5829	
-0.692194	0.293096	5925	
-0.760418	0.157815	4371	
-0.801283	0.021221	3501	
-0.818842	-0.112376	4060	
-0.817076	-0.239560	5202	
-0.799642	-0.358761	3761	
-0.769748	-0.468983	3802	
-0.729959	-0.570337	5931	
-0.682316	-0.662987	1206	
0.209687	-0.040036	6815	
0.192844	0.139009	6891	
0.236989	-0.109952	6548	
-0.259414	-0.117628	6531	
0.274229	0.143723	1972	
-0.328862	0.054933	5230	
0.103413	-0.342779	2236	
0.355885	0.140074	2819	
-0.067253	0.401318	1102	
-0.416797	0.111756	2131	
-0.348601	-0.294253	2294	
-0.023044	-0.480297	4186	
0.308827	-0.400309	753	
0.506386	-0.157665	2403	
0.540540	0.126388	3074	
0.444901	0.371910	2454	
0.270785	0.540655	1342	
0.063085	0.626305	4386	
-0.145056	0.638030	3617	
-0.333550	0.591624	4148	
-0.491847	0.503759	1095	
-0.616602	0.388716	978	
-0.708014	0.258605	2765	
-0.769000	0.122109	4931	
-0.803385	-0.014521	5998	
-0.815262	-0.146987	4162	
-0.808625	-0.272492	4376	
-0.787062	-0.389603	2214	
-0.753743	-0.497437	2583	
-0.711172	-0.596205	3846	
-0.661156	-0.686371	6367	
-0.223103	0.010863	585	
-0.242495	0.047174	6575	
0.098175	0.250795	1157	
0.019871	-0.292161	6659	
0.078834	0.305949	6249	
-0.301304	-0.157168	2366	
0.260348	-0.254317	3680	
0.276871	0.271972	4577	
-0.196248	0.362617	936	
-0.436629	-0.003387	4725	
-0.276557	-0.368819	2956	
0.068583	-0.480503	5922	
0.372912	-0.347760	1941	
0.527462	-0.086209	439	
0.524527	0.193376	483	
0.404691	0.420558	4728	
0.218253	0.567803	1318	
0.008241	0.632906	4757	
-0.196152	0.627722	4591	
-0.377043	0.568756	4023	
-0.526522	0.472018	5348	
-0.641723	0.351952	4193	
-0.724295	0.218983	1989	
-0.777157	0.081728	3882	
-0.804395	-0.054382	5781	
-0.810150	-0.185159	3252	
-0.798305	-0.308555	3333	
-0.772440	-0.423054	2783	
-0.735558	-0.528103	6002	
-0.690181	-0.623861	6293	
-0.637853	-0.711150	6354	
-0.580158	-0.789991	2464	
0.195774	0.086745	3714	
0.208779	0.110707	4811	
0.130356	-0.221248	5138	
-0.274902	0.052022	3923	
0.296552	-0.057952	1793	
-0.222947	0.236392	6252	
-0.106567	-0.331554	3082	
0.366007	-0.064925	3911	
0.125376	0.374854	751	
-0.322145	0.268072	3803	
-0.420188	-0.140357	5604	
-0.173933	-0.433446	4158	
0.174780	-0.459034	743	
0.436314	-0.274299	777	
0.539677	0.000552	2823	
0.496493	0.267616	782	
0.352117	0.471496	4993	
0.155176	0.592935	1839	
-0.054796	0.635010	4447	
-0.253035	0.611642	5664	
-0.424535	0.539474	906	
-0.563146	0.434179	2638	
-0.667618	0.309166	6311	
-0.740175	0.174132	2145	
-0.784177	0.036676	2509	
-0.803744	-0.098180	3224	
-0.802998	-0.226828	5242	
-0.785743	-0.347474	2374	
-0.755472	-0.458828	3336	
-0.714993	-0.560689	5921	
-0.666804	-0.653085	4862	
-0.612258	-0.737112	399	
-0.552818	-0.812814	6048	
0.198448	-0.075042	468	
0.187058	-0.137158	295	
-0.172500	-0.181571	6546	
-0.014514	0.270179	461	
0.032162	-0.289973	6659	
0.117184	0.290675	5890	
-0.325804	-0.078710	3893	
0.176500	-0.311514	3387	
0.337760	0.175799	2270	
-0.080785	0.395677	916	
-0.411943	0.113170	2131	
-0.352965	-0.280193	1099	
-0.042448	-0.472440	2325	
0.286055	-0.407830	733	
0.490386	-0.179023	1515	
0.536813	0.099815	2999	
0.452798	0.346381	2788	
0.286163	0.520818	1323	
0.082606	0.612943	3622	
-0.125198	0.630455	3620	
-0.314381	0.588373	3296	
-0.474372	0.503106	5645	
-0.600517	0.389769	978	
-0.693148	0.260229	2573	
-0.754770	0.123970	4291	
-0.789300	-0.012782	5998	
-0.800826	-0.145591	4162	
-0.793335	-0.271581	4376	
-0.770632	-0.388757	2169	
-0.735865	-0.496617	2919	
-0.691824	-0.594887	3662	
-0.640864	-0.683558	6663	
-0.584272	-0.763983	280	
0.142005	0.160837	592	
0.208382	-0.102061	652	
-0.226958	-0.099704	361	
0.163753	0.209436	4876	
-0.195179	-0.207487	276	
0.287731	0.100803	1524	
-0.278220	0.169651	1232	
-0.077122	-0.338710	2057	
0.361786	-0.073121	3911	
0.154758	0.359412	937	
-0.285653	0.299436	921	
-0.428832	-0.082215	3040	
-0.228447	-0.398824	3243	
0.108862	-0.470392	4359	
0.389690	-0.323136	1096	
0.525953	-0.063636	443	
0.513624	0.206108	697	
0.391213	0.424390	4885	
0.206726	0.564387	1318	
-0.000245	0.624981	4757	
-0.200858	0.617202	5813	
-0.378720	0.556554	3214	
-0.524989	0.458992	5616	
-0.637324	0.338354	4259	
-0.716963	0.205611	1989	
-0.767098	0.068753	2502	
-0.791720	-0.066668	2156	
-0.794989	-0.196576	3252	
-0.780754	-0.318891	2207	
-0.752520	-0.432268	5345	
-0.713366	-0.536048	5996	
-0.665880	-0.630289	4735	
-0.612166	-0.715129	3925	
-0.553815	-0.791465	6872	
0.034690	0.196355	261	
-0.185830	-0.123532	4199	
0.139442	0.190783	4743	
-0.117832	-0.220860	6904	
0.133775	0.229812	252	
-0.213389	-0.186933	384	
0.301086	-0.005871	5904	
-0.163450	0.275137	1657	
-0.233906	-0.246560	1870	
0.274364	-0.234136	3135	
0.297077	0.239540	3887	
-0.119754	0.384947	1141	
-0.412960	0.100174	1723	
-0.352118	-0.275738	1099	
-0.057597	-0.466184	2325	
0.262579	-0.416624	755	
0.473187	-0.204239	2795	
0.534504	0.065549	2929	
0.466236	0.313488	1914	
0.311770	0.495331	5148	
0.114516	0.597953	5000	
-0.090370	0.625985	4229	
-0.280898	0.593074	2912	
-0.444112	0.515070	3733	
-0.574651	0.406772	1326	
-0.672006	0.280135	6310	
-0.737947	0.145305	3338	
-0.776186	0.008858	3396	
-0.790727	-0.124021	2767	
-0.785609	-0.250653	5015	
-0.764654	-0.368697	1840	
-0.731125	-0.477472	3508	
-0.687823	-0.576630	3530	
-0.636968	-0.666561	4287	
-0.580588	-0.747390	305	
-0.520514	-0.819472	6792	
-0.007291	-0.224648	591	
0.052376	-0.220814	471	
0.011925	0.237248	6462	
-0.211471	-0.127777	4764	
0.227889	-0.118502	6548	
-0.117251	0.243928	411	
-0.137075	-0.249735	6257	
0.299702	0.029326	1831	
-0.133486	0.288582	1998	
-0.278243	-0.188820	396	
0.191787	-0.299197	2772	
0.352770	0.127214	2819	
0.015412	0.394944	4769	
-0.351247	0.223062	4471	
-0.411256	-0.148834	1265	
-0.188219	-0.418580	2888	
0.134267	-0.461756	2581	
0.396066	-0.310312	6241	
0.522347	-0.058706	443	
0.509768	0.201907	697	
0.392853	0.414654	2965	
0.214432	0.554224	5368	
0.012792	0.617354	4546	
-0.185415	0.613427	4591	
-0.361985	0.557016	2688	
-0.508440	0.463296	1146	
-0.621881	0.345748	4259	
-0.703094	0.215294	2062	
-0.754969	0.079701	2854	
-0.781119	-0.054910	5970	
-0.785576	-0.184761	4883	
-0.772292	-0.306911	2207	
-0.744719	-0.420296	5345	
-0.706016	-0.524106	5995	
-0.658826	-0.618190	3584	
-0.605075	-0.703207	4526	
-0.546147	-0.779803	6884	
-0.483439	-0.848225	6083	
0.045809	-0.246241	998	
0.086087	-0.236466	994	
0.232617	-0.108690	6548	
0.220511	0.139901	614	
-0.119150	0.241754	411	
-0.248435	-0.128984	6597	
0.163173	-0.241819	6464	
0.236310	0.192618	1006	
-0.220600	0.231902	6252	
-0.257226	-0.216539	6314	
0.180005	-0.304366	3387	
0.362795	0.080894	5821	
0.085786	0.380951	870	
-0.291962	0.287809	1155	
-0.426930	-0.052260	3507	
-0.273106	-0.358499	3368	
0.028852	-0.470814	1064	
0.315571	-0.378891	753	
0.489598	-0.159047	830	
0.527419	0.099942	2120	
0.449329	0.332620	2788	
0.294490	0.501434	5150	
0.102215	0.595451	3215	
-0.097026	0.619465	4229	
-0.281990	0.585671	2912	
-0.441390	0.508291	4210	
-0.569202	0.401319	1326	
-0.664532	0.276742	6310	
-0.729308	0.143743	1693	
-0.766871	0.009223	5824	
-0.781068	-0.122319	2842	
-0.775752	-0.247707	5015	
-0.754492	-0.365046	4998	
-0.720708	-0.472987	3508	
-0.677143	-0.571394	3530	
-0.626178	-0.660310	4287	
-0.569863	-0.740033	4848	
-0.508990	-0.811865	6792	
-0.444755	-0.875913	6133	
-0.267421	-0.066078	391	
-0.261524	-0.089986	6143	
-0.201560	-0.194264	384	
-0.031355	-0.283177	6026	
0.236259	-0.173083	6347	
0.261947	0.150556	1972	
-0.058754	0.307847	6198	
-0.323818	0.036374	5090	
-0.146751	-0.306520	2756	
0.247211	-0.255323	2926	
0.353508	0.114892	2189	
0.085909	0.379299	870	
-0.269234	0.305133	1104	
-0.425748	-0.003897	4725	
-0.314687	-0.314859	3043	
-0.040577	-0.463258	2325	
0.248360	-0.417066	562	
0.451162	-0.229620	5695	
0.527064	0.019245	882	
0.484005	0.258830	638	
0.354730	0.447004	4968	
0.175767	0.566039	5357	
-0.020133	0.614614	3874	
-0.209506	0.601973	5752	
-0.377678	0.541304	3214	
-0.516634	0.446514	1249	
-0.624200	0.329505	4259	
-0.700819	0.200439	2808	
-0.749131	0.067013	2986	
-0.772665	-0.065405	4404	
-0.775244	-0.192720	4718	
-0.760522	-0.312830	2224	
-0.731970	-0.424112	1455	
-0.692354	-0.526235	5907	
-0.644358	-0.618808	3111	
-0.590041	-0.702241	4057	
-0.531235	-0.776738	6884	
-0.469054	-0.843357	6602	
0.229841	0.193103	1006	
0.221962	0.203581	6789	
0.157623	0.260044	785	
0.003364	0.309543	1811	
-0.197652	0.246477	6253	
-0.324765	0.010778	3147	
-0.213299	-0.258608	1857	
0.098950	-0.332979	2236	
0.343161	-0.110972	2391	
0.303094	0.220806	3405	
0.016009	0.390141	4769	
-0.294718	0.280594	1633	
-0.424074	-0.009840	4725	
-0.322571	-0.302603	2340	
-0.070359	-0.455580	4469	
0.209099	-0.432330	958	
0.421121	-0.269615	946	
0.518986	-0.036627	1966	
0.501989	0.201349	6260	
0.394921	0.399625	2965	
0.230820	0.535499	5278	
0.041865	0.603224	3594	
-0.147412	0.608931	2409	
-0.320260	0.564007	2738	
-0.467606	0.481020	5472	
-0.584912	0.372202	1164	
-0.671453	0.248403	6270	
-0.729298	0.117512	4304	
-0.761494	-0.014221	5824	
-0.771566	-0.142673	3727	
-0.763099	-0.264947	4407	
-0.739630	-0.378920	1522	
-0.704135	-0.483948	1237	
-0.659375	-0.579543	2376	
-0.607638	-0.665768	3777	
-0.550393	-0.743447	4827	
-0.489183	-0.812892	6880	
-0.425683	-0.874290	6073	
-0.303710	-0.115608	1763	
-0.302480	-0.121301	2006	
-0.272811	-0.183725	396	
-0.192728	-0.272138	1893	
-0.039538	-0.337550	4525	
0.174483	-0.301405	3387	
0.336171	-0.123136	2391	
0.342345	0.137891	2025	
0.157666	0.347522	4457	
-0.124650	0.375092	1141	
-0.355877	0.203516	3997	
-0.419247	-0.074084	2869	
-0.297358	-0.327424	1365	
-0.057619	-0.455963	2325	
0.204513	-0.431693	958	
0.408470	-0.281768	4621	
0.511457	-0.063563	443	
0.508534	0.166325	2117	
0.417372	0.366018	1661	
0.267024	0.509882	4238	
0.086826	0.590032	3946	
-0.098776	0.609541	4229	
-0.273416	0.577410	2136	
-0.425356	0.505322	3733	
-0.549010	0.405264	1022	
-0.643255	0.287274	6295	
-0.709069	0.159517	1593	
-0.748640	0.029325	3792	
-0.765415	-0.099094	4402	
-0.762832	-0.222160	5024	
-0.744346	-0.337790	5433	
-0.712808	-0.445169	5461	
-0.671194	-0.543270	5816	
-0.621743	-0.632218	3518	
-0.566501	-0.712171	3514	
-0.507172	-0.783539	6704	
-0.444208	-0.847578	6895	
-0.378674	-0.904378	803	
0.301905	-0.177245	1600	
0.303168	-0.176938	1600	
0.326549	-0.135667	3158	
0.355157	-0.045544	2963	
0.353398	0.086995	3009	
0.282236	0.241867	3887	
0.123744	0.360096	573	
-0.091383	0.380443	1098	
-0.298105	0.271351	1633	
-0.412106	0.057458	1971	
-0.386993	-0.187643	5635	
-0.231550	-0.380187	1909	
-0.000026	-0.460966	4171	
0.235798	-0.415426	562	
0.417137	-0.266424	790	
0.509435	-0.060000	443	
0.507458	0.158193	700	
0.424444	0.350670	2382	
0.284716	0.493930	5150	
0.113248	0.579101	3886	
-0.067356	0.606619	4719	
-0.239349	0.583822	5538	
-0.392050	0.520895	2106	
-0.519440	0.428206	1249	
-0.618725	0.315794	4452	
-0.690020	0.192494	2808	
-0.735447	0.064715	2986	
-0.757829	-0.062458	2292	
-0.760315	-0.185622	4718	
-0.746119	-0.302406	1783	
-0.718388	-0.411012	5438	
-0.679908	-0.510752	5980	
-0.633033	-0.601501	2349	
-0.579681	-0.683436	3049	
-0.521501	-0.757014	3990	
-0.460123	-0.822403	6607	
-0.396485	-0.880514	268	
-0.330809	-0.931994	6476	
0.109756	0.358569	809	
0.113658	0.358258	573	
0.080031	0.369746	2347	
0.007214	0.382381	4769	
-0.098307	0.375456	4567	
-0.224672	0.325203	984	
-0.342067	0.214645	3601	
-0.411215	0.046415	1623	
-0.398830	-0.146599	1265	
-0.293166	-0.324537	1365	
-0.114518	-0.435855	5600	
0.100264	-0.454086	3677	
0.298709	-0.376018	566	
0.444323	-0.220929	454	
0.512354	-0.024811	5477	
0.499687	0.177758	5143	
0.416774	0.356263	1661	
0.283383	0.490884	5250	
0.120132	0.573352	3886	
-0.053139	0.602851	4600	
-0.220251	0.584901	5757	
-0.370902	0.527945	2106	
-0.498309	0.441412	1009	
-0.599406	0.334628	3826	
-0.673925	0.215609	2027	
-0.723237	0.090886	2501	
-0.749676	-0.034401	5939	
-0.756143	-0.156681	3230	
-0.745712	-0.273051	4723	
-0.721390	-0.381940	1697	
-0.685544	-0.482883	1430	
-0.640889	-0.574919	1993	
-0.589451	-0.658180	2535	
-0.532991	-0.732891	3376	
-0.472863	-0.799689	6673	
-0.409537	-0.859446	855	
-0.344309	-0.912227	6281	
-0.370707	0.150081	2715	
-0.368139	0.158221	2715	
-0.379772	0.135225	1906	
-0.398514	0.082421	2107	
-0.412317	-0.002554	5137	
-0.403772	-0.112288	5822	
-0.356221	-0.235791	5713	
-0.259413	-0.351212	3368	
-0.116694	-0.431724	5600	
0.056131	-0.455467	5913	
0.232016	-0.410701	3342	
0.381061	-0.300646	5946	
0.479667	-0.141183	843	
0.513638	0.042278	724	
0.482003	0.224044	4620	
0.392963	0.382371	2196	
0.262420	0.501157	4238	
0.106288	0.573887	3511	
-0.058198	0.599268	4600	
-0.217783	0.581567	5757	
-0.363128	0.527438	5232	
-0.487277	0.445200	1075	
-0.587167	0.343165	5377	
-0.662175	0.228467	5962	
-0.713167	0.107066	4449	
-0.741923	-0.015493	5898	
-0.751121	-0.135584	2016	
-0.743448	-0.250873	4094	
-0.721578	-0.359635	5100	
-0.688239	-0.460397	5471	
-0.645780	-0.552712	1003	
-0.596170	-0.636589	3024	
-0.541052	-0.712222	3450	
-0.481914	-0.780018	4795	
-0.420237	-0.840115	6655	
-0.356330	-0.893697	352	
-0.290548	-0.941056	6051	
-0.282556	-0.317414	960	
-0.290522	-0.311255	960	
-0.279387	-0.324150	979	
-0.247318	-0.353658	2162	
-0.191572	-0.392374	1472	
-0.109386	-0.429301	6187	
-0.003542	-0.450637	2543	
0.122050	-0.443092	2887	
0.252539	-0.396077	3495	
0.370492	-0.306547	5946	
0.459778	-0.178094	692	
0.505626	-0.024847	5477	
0.501318	0.139064	713	
0.447267	0.293607	766	
0.349404	0.425489	2512	
0.220117	0.522315	4352	
0.071375	0.579259	3569	
-0.083151	0.595259	3822	
-0.232855	0.573565	5672	
-0.369651	0.519252	2106	
-0.487386	0.439415	1009	
-0.583136	0.340959	3823	
-0.655913	0.230120	5962	
-0.706099	0.112926	4304	
-0.735305	-0.006024	5898	
-0.745670	-0.123696	2016	
-0.739584	-0.237005	4094	
-0.719646	-0.344050	5323	
-0.688247	-0.443811	4156	
-0.647406	-0.535857	5916	
-0.599300	-0.619667	5531	
-0.545600	-0.695414	3025	
-0.487864	-0.763268	4554	
-0.427144	-0.823884	6729	
-0.363830	-0.877985	356	
-0.299682	-0.925437	6266	
0.135786	-0.429049	1650	
0.123150	-0.433537	2887	
0.133648	-0.432617	1650	
0.165591	-0.425115	2439	
0.217119	-0.406675	2636	
0.281605	-0.372601	3641	
0.352469	-0.317462	626	
0.420281	-0.237644	681	
0.474003	-0.133491	6023	
0.503017	-0.010917	1243	
0.499768	0.123360	716	
0.460335	0.257321	1189	
0.386093	0.378748	2371	
0.281288	0.478583	3329	
0.154506	0.548754	3694	
0.014865	0.585598	2754	
-0.127993	0.588322	3602	
-0.265199	0.559346	1415	
-0.390642	0.502404	1682	
-0.498920	0.423340	1252	
-0.587502	0.327699	3393	
-0.655337	0.220643	5962	
-0.702479	0.107585	4305	
-0.730173	-0.007420	5709	
-0.740153	-0.121422	3444	
-0.734521	-0.231620	4094	
-0.715562	-0.336144	5323	
-0.685252	-0.434254	4156	
-0.645807	-0.524828	3039	
-0.599046	-0.607691	5531	
-0.546753	-0.682715	2503	
-0.490068	-0.750301	3349	
-0.430149	-0.810873	4807	
-0.368396	-0.864472	333	
-0.304899	-0.912185	6266	
0.439468	-0.180352	539	
0.434258	-0.194214	459	
0.438028	-0.190560	459	
0.449987	-0.169571	692	
0.467471	-0.130718	6023	
0.485625	-0.073717	4325	
0.498144	-0.000093	673	
0.498734	0.086826	450	
0.481239	0.184417	5967	
0.441441	0.285284	766	
0.378270	0.380854	2371	
0.291041	0.465346	3329	
0.185076	0.530465	2949	
0.064350	0.571926	2204	
-0.063238	0.586652	4719	
-0.191500	0.574090	1873	
-0.313510	0.536053	2077	
-0.424850	0.475138	4910	
-0.521041	0.395788	1056	
-0.599841	0.302456	4452	
-0.660317	0.199116	2054	
-0.702194	0.090667	4305	
-0.726520	-0.019908	5709	
-0.734562	-0.129392	2016	
-0.728172	-0.235447	3652	
-0.709157	-0.336711	5288	
-0.679354	-0.431991	4156	
-0.640795	-0.520232	3039	
-0.595277	-0.601085	1352	
-0.543885	-0.674887	2503	
-0.488236	-0.741462	3349	
-0.429579	-0.801057	4573	
-0.368865	-0.854110	4755	
-0.305941	-0.901537	6266	
-0.242279	-0.943128	6064	
0.468335	0.175221	6209	
0.474444	0.159878	627	
0.476024	0.161050	627	
0.473195	0.178061	6209	
0.464366	0.210628	4583	
0.447298	0.255996	5512	
0.419425	0.310807	1877	
0.377788	0.371396	2371	
0.321259	0.432169	2663	
0.247770	0.489121	2834	
0.160076	0.535627	3110	
0.060386	0.567415	2204	
-0.048169	0.581104	2777	
-0.160005	0.574503	4691	
-0.270808	0.546979	1415	
-0.375111	0.499897	1682	
-0.469986	0.434908	5641	
-0.551774	0.355196	3807	
-0.618640	0.264247	4647	
-0.669650	0.165032	1535	
-0.704443	0.061668	4428	
-0.723738	-0.043557	3832	
-0.728493	-0.147813	1997	
-0.720218	-0.248937	3652	
-0.700290	-0.345864	5228	
-0.670462	-0.437157	3965	
-0.632358	-0.522154	3039	
-0.587356	-0.600557	1724	
-0.536936	-0.672106	2503	
-0.482462	-0.736809	3349	
-0.425052	-0.794863	3325	
-0.364964	-0.847031	4755	
-0.303619	-0.893167	3854	
-0.241436	-0.933997	6827	
-0.177827	-0.969980	2470	
0.282637	0.442483	3476	
0.297558	0.433309	5025	
0.300807	0.433220	5025	
0.292998	0.442113	3476	
0.273962	0.458920	2785	
0.242638	0.482062	2834	
0.198838	0.508524	3486	
0.143356	0.534546	3110	
0.076322	0.556607	1891	
-0.001336	0.571171	2278	
-0.087271	0.574895	3822	
-0.177672	0.565426	4849	
-0.270028	0.541027	1619	
-0.360075	0.501635	3042	
-0.445381	0.446935	4323	
-0.522001	0.379184	3782	
-0.587914	0.299965	2768	
-0.641329	0.212118	6432	
-0.681367	0.117854	4454	
-0.707734	0.020199	4652	
-0.720753	-0.078780	4293	
-0.721117	-0.176888	2690	
-0.710025	-0.272118	4095	
-0.688441	-0.363762	5228	
-0.657962	-0.450242	3563	
-0.619961	-0.530970	1129	
-0.575345	-0.605911	1724	
-0.525777	-0.674410	2457	
-0.472393	-0.736555	2879	
-0.415810	-0.792683	2831	
-0.356940	-0.843068	3903	
-0.297022	-0.887626	3854	
-0.235363	-0.927530	6601	
-0.172712	-0.962538	2470	
0.005480	0.549974	2352	
0.024049	0.550041	2352	
0.029768	0.551483	1481	
0.022780	0.554653	2352	
0.003535	0.559027	2278	
-0.026794	0.563392	1800	
-0.068525	0.565955	2778	
-0.120224	0.564520	2947	
-0.179267	0.557127	4849	
-0.244886	0.541440	5373	
-0.314405	0.515903	1475	
-0.384730	0.479717	1613	
-0.453506	0.432255	5641	
-0.517926	0.373999	3782	
-0.575681	0.305929	2390	
-0.625073	0.228958	5902	
-0.664314	0.145638	1610	
-0.692747	0.057278	4921	
-0.709870	-0.033599	5631	
-0.715882	-0.125414	2069	
-0.711150	-0.216347	1656	
-0.696610	-0.304821	4916	
-0.672882	-0.390192	3437	
-0.641318	-0.470996	2973	
-0.603015	-0.546712	5592	
-0.558762	-0.617191	1343	
-0.509909	-0.681918	2457	
-0.457410	-0.740903	2237	
-0.401870	-0.794361	3289	
-0.344421	-0.842309	3903	
-0.285688	-0.885056	6325	
-0.225261	-0.923303	275	
-0.165277	-0.956636	1387	
-0.104841	-0.985891	2618	
-0.264730	0.510463	5247	
-0.247718	0.519532	4198	
-0.241347	0.524325	4198	
-0.245478	0.525374	4198	
-0.259331	0.522882	5247	
-0.282795	0.516068	5369	
-0.314661	0.504108	1475	
-0.353500	0.486108	3889	
-0.397761	0.460923	3150	
-0.444648	0.428457	4323	
-0.493372	0.386939	3671	
-0.540861	0.337203	3383	
-0.585249	0.279499	2768	
-0.624979	0.213664	6432	
-0.658054	0.141890	1610	
-0.683433	0.064656	4921	
-0.700296	-0.015994	5862	
-0.708157	-0.099150	3743	
-0.706989	-0.182632	1815	
-0.696933	-0.265685	3654	
-0.678679	-0.346509	5367	
-0.652606	-0.424701	3516	
-0.619766	-0.499015	5628	
-0.581029	-0.568925	5545	
-0.537009	-0.634240	2216	
-0.488903	-0.694439	2338	
-0.437355	-0.749585	2255	
-0.383087	-0.799693	2781	
-0.327058	-0.844758	3181	
-0.269505	-0.885230	6626	
-0.210856	-0.921224	275	
-0.152050	-0.952965	1387	
-0.091805	-0.980916	6078	
-0.472823	0.369381	2235	
-0.460699	0.385222	3178	
-0.455477	0.393779	3668	
-0.457439	0.395454	3668	
-0.466396	0.390528	3178	
-0.481660	0.379019	3671	
-0.501982	0.361307	3284	
-0.527088	0.335824	1658	
-0.554977	0.303341	2383	
-0.584037	0.263722	2815	
-0.612572	0.217392	6254	
-0.639426	0.163603	1644	
-0.662663	0.104375	3337	
-0.681233	0.039624	4945	
-0.694025	-0.029559	5609	
-0.700263	-0.101417	3048	
-0.699492	-0.175390	2682	
-0.691658	-0.249578	2600	
-0.676556	-0.323752	4907	
-0.654731	-0.396209	3437	
-0.626454	-0.466450	2973	
-0.592385	-0.533582	3559	
-0.553297	-0.596979	1376	
-0.509549	-0.656504	5434	
-0.462257	-0.711575	1775	
-0.411811	-0.762276	2165	
-0.358919	-0.808518	2746	
-0.304512	-0.850209	2675	
-0.248337	-0.887895	4039	
-0.191609	-0.921311	5282	
-0.133995	-0.951104	610	
-0.075223	-0.977248	6139	
-0.600077	0.174720	1175	
-0.594508	0.194460	5853	
-0.592258	0.205887	6237	
-0.593650	0.209378	6254	
-0.598777	0.205236	5853	
-0.607262	0.193621	5853	
-0.618617	0.174557	1175	
-0.631768	0.148848	4517	
-0.645956	0.115651	3659	
-0.659916	0.076174	3787	
-0.672472	0.030989	4479	
-0.682565	-0.019751	5862	
-0.689183	-0.075338	2527	
-0.691593	-0.134147	1943	
-0.688919	-0.196349	1816	
-0.680931	-0.260068	3654	
-0.667231	-0.324747	3443	
-0.647999	-0.389092	3437	
-0.623151	-0.452587	2328	
-0.593134	-0.514259	3559	
-0.558171	-0.573645	5717	
-0.519020	-0.630000	1284	
-0.475763	-0.683218	1389	
-0.429437	-0.732704	2343	
-0.380370	-0.778441	5055	
-0.329056	-0.820364	2729	
-0.276422	-0.858301	2779	
-0.222004	-0.892745	4844	
-0.167227	-0.923329	6656	
-0.111242	-0.950765	6905	
-0.054484	-0.974797	6092	
-0.649082	-0.035057	5858	
-0.650353	-0.014065	4950	
-0.651951	-0.001105	4950	
-0.654325	0.003955	4950	
-0.657672	0.001520	4950	
-0.661879	-0.008183	4950	
-0.666645	-0.024787	5861	
-0.671470	-0.048097	5680	
-0.675644	-0.077705	2527	
-0.678493	-0.113152	2043	
-0.679322	-0.153514	2348	
-0.677455	-0.198106	1486	
-0.672133	-0.246529	2081	
-0.662984	-0.297738	4433	
-0.649637	-0.350723	3416	
-0.631798	-0.404964	1744	
-0.609453	-0.459465	2114	
-0.582489	-0.513661	2680	
-0.551477	-0.566470	5717	
-0.516057	-0.617920	1742	
-0.477290	-0.666872	1329	
-0.435004	-0.713387	2068	
-0.390012	-0.756906	1525	
-0.342649	-0.797336	2177	
-0.293195	-0.834601	2164	
-0.242562	-0.868478	4039	
-0.190216	-0.899357	5282	
-0.137605	-0.926834	239	
-0.083576	-0.951634	604	
-0.029349	-0.973307	6095	
-0.632745	-0.235184	1353	
-0.640321	-0.215177	1312	
-0.646045	-0.201913	2215	
-0.650392	-0.195627	3155	
-0.653626	-0.196028	3155	
-0.655713	-0.203238	3155	
-0.656660	-0.216668	1358	
-0.656247	-0.235859	1358	
-0.654169	-0.260295	4495	
-0.649739	-0.290010	4433	
-0.642862	-0.323887	4011	
-0.633140	-0.361159	2539	
-0.620101	-0.401413	1744	
-0.603547	-0.443871	2634	
-0.583409	-0.487656	2877	
-0.559265	-0.532451	2514	
-0.531680	-0.577035	5700	
-0.500285	-0.621269	5470	
-0.465553	-0.664387	1329	
-0.427555	-0.706016	2068	
-0.386875	-0.745641	1425	
-0.343600	-0.783072	5408	
-0.298346	-0.818011	5221	
-0.251081	-0.850420	4906	
-0.202734	-0.880044	4881	
-0.152777	-0.907159	279	
-0.102546	-0.931366	6213	
-0.050833	-0.953289	6859	
0.000474	-0.972413	5413	
0.051931	-0.989154	2619	
-0.567195	-0.410288	5612	
-0.580081	-0.392649	5583	
-0.589725	-0.380499	5583	
-0.596485	-0.374029	4122	
-0.600536	-0.373346	4122	
-0.602233	-0.378109	4122	
-0.601601	-0.388102	5268	
-0.598463	-0.403124	4584	
-0.592878	-0.422562	1275	
-0.584646	-0.445949	2123	
-0.573242	-0.473211	2893	
-0.559022	-0.503151	4406	
-0.541644	-0.535419	2514	
-0.520789	-0.569596	3132	
-0.496915	-0.604646	3939	
-0.469579	-0.640419	1779	
-0.439120	-0.676155	1479	
-0.405927	-0.711249	1184	
-0.369659	-0.745561	1425	
-0.331129	-0.778463	1502	
-0.289943	-0.809907	5221	
-0.247271	-0.839352	4906	
-0.202531	-0.866876	4089	
-0.156774	-0.892187	5210	
-0.109625	-0.915429	6213	
-0.061974	-0.936301	6457	
-0.012956	-0.955208	6262	
0.084963	-0.986241	6108	
-0.467562	-0.554150	1728	
-0.484522	-0.539971	2152	
-0.497423	-0.529899	2152	
-0.506662	-0.524039	2080	
-0.512507	-0.522525	1552	
-0.514855	-0.525585	1552	
-0.513892	-0.533009	2080	
-0.510025	-0.544234	2080	
-0.503098	-0.559081	2606	
-0.493138	-0.577181	2606	
-0.479946	-0.598184	3170	
-0.463504	-0.621646	5639	
-0.444267	-0.646745	4115	
-0.421702	-0.673372	1812	
-0.396178	-0.700846	1233	
-0.368081	-0.728559	5318	
-0.336726	-0.756473	2143	
-0.303171	-0.783811	1915	
-0.267166	-0.810406	1618	
-0.229145	-0.835918	3186	
-0.189149	-0.860154	4221	
-0.147736	-0.882838	5175	
-0.104749	-0.903951	4278	
-0.060836	-0.923343	6457	
-0.015944	-0.940890	6435	
0.030054	-0.956778	6844	
0.076687	-0.970725	5949	
0.122359	-0.982929	2491	
-0.346953	-0.664979	5738	
-0.366848	-0.654689	3334	
-0.382322	-0.647226	3334	
-0.393629	-0.642842	3285	
-0.401067	-0.641659	3285	
-0.404737	-0.643730	3285	
-0.404703	-0.649057	5553	
-0.401125	-0.657473	5409	
-0.394159	-0.668715	5409	
-0.384135	-0.682349	3842	
-0.370790	-0.698242	5479	
-0.354118	-0.716061	4111	
-0.334447	-0.735297	5353	
-0.312156	-0.755455	5229	
-0.286613	-0.776441	5089	
-0.258736	-0.797618	3788	
-0.228402	-0.818744	3186	
-0.195706	-0.839542	3675	
-0.161170	-0.859677	5074	
-0.124469	-0.878994	5193	
-0.086657	-0.897190	4278	
-0.046827	-0.914312	6210	
-0.006464	-0.929999	4197	
0.035528	-0.944379	6608	
0.078046	-0.957320	6377	
0.122183	-0.968641	939	
-0.215019	-0.744600	1453	
-0.236784	-0.738391	2243	
-0.254139	-0.733878	3534	
-0.267231	-0.731351	3045	
-0.276271	-0.730984	3045	
-0.281317	-0.732905	3528	
-0.282605	-0.737086	3528	
-0.279978	-0.743559	3528	
-0.274082	-0.752006	5146	
-0.264645	-0.762384	5146	
-0.252309	-0.774268	5080	
-0.236516	-0.787601	4133	
-0.217855	-0.801978	4772	
-0.196438	-0.817116	4893	
-0.172392	-0.832715	4169	
-0.145793	-0.848530	5051	
-0.117201	-0.864241	5114	
-0.086214	-0.879675	4230	
-0.053698	-0.894549	5167	
-0.019242	-0.908761	4227	
0.016611	-0.922158	4528	
0.053362	-0.934479	6145	
0.092135	-0.945906	6563	
0.130769	-0.956116	6287	
0.171956	-0.964934	6541	
-0.079578	-0.796034	2442	
-0.102298	-0.793830	3274	
-0.120748	-0.792418	3639	
-0.134987	-0.792100	2759	
-0.145237	-0.793044	3228	
-0.151641	-0.795394	3228	
-0.154374	-0.799181	3228	
-0.153272	-0.804461	3228	
-0.148516	-0.811142	4068	
-0.140650	-0.819053	4068	
-0.129515	-0.828095	4531	
-0.115582	-0.838025	4531	
-0.098391	-0.848718	4180	
-0.078759	-0.859900	4710	
-0.056703	-0.871380	4990	
-0.032034	-0.882955	5099	
-0.005532	-0.894399	4190	
0.022986	-0.905563	3899	
0.053452	-0.916339	6145	
0.084985	-0.926463	6308	
0.118451	-0.935895	6342	
0.153174	-0.944585	3996	
0.188217	-0.952384	6417	
0.225628	-0.959015	6569	
0.054689	-0.823194	4752	
0.031721	-0.824775	4523	
0.012730	-0.826424	4425	
-0.002387	-0.828406	3816	
-0.013713	-0.830930	3816	
-0.021187	-0.834155	4090	
-0.025022	-0.838163	4090	
-0.025514	-0.842985	4514	
-0.022381	-0.848608	4090	
-0.015978	-0.854986	4090	
-0.006634	-0.862027	4203	
0.005569	-0.869621	5016	
0.020624	-0.877617	4544	
0.038289	-0.885881	5205	
0.058099	-0.894273	5147	
0.080318	-0.902631	5325	
0.104706	-0.910876	4690	
0.130499	-0.918803	6641	
0.158275	-0.926268	4200	
0.188034	-0.933277	6216	
0.218141	-0.939708	316	
0.251191	-0.945097	571	
0.282402	-0.950377	6506	
0.183798	-0.829905	5611	
0.161179	-0.834966	2711	
0.142153	-0.839527	3896	
0.126733	-0.843848	3896	
0.114899	-0.848121	3852	
0.106580	-0.852515	3852	
0.101527	-0.857152	3852	
0.099868	-0.862077	3852	
0.101377	-0.867323	3852	
0.106179	-0.872854	4008	
0.113804	-0.878670	4008	
0.124099	-0.884711	4879	
0.136853	-0.890917	4879	
0.152534	-0.897125	3954	
0.170301	-0.903340	3954	
0.189842	-0.909424	6627	
0.211663	-0.915198	6428	
0.235720	-0.920686	1907	
0.260628	-0.925805	6488	
0.287900	-0.930217	6711	
0.305820	-0.819844	2545	
0.283983	-0.828039	3052	
0.265379	-0.835305	3553	
0.250017	-0.841883	3116	
0.237894	-0.847975	3116	
0.228967	-0.853727	3579	
0.223190	-0.859257	5718	
0.220457	-0.864666	5718	
0.220556	-0.870036	5718	
0.223704	-0.875310	5736	
0.229828	-0.880503	3978	
0.238439	-0.885684	3978	
0.249322	-0.890777	3978	
0.262468	-0.895692	6700	
0.278200	-0.900370	6700	
0.296156	-0.904797	6206	
0.315256	-0.908999	6146	
0.336570	-0.912669	343	
0.419534	-0.796224	4729	
0.398788	-0.807202	4729	
0.380864	-0.816958	3885	
0.365848	-0.825679	3142	
0.353787	-0.833542	3545	
0.344638	-0.840729	3545	
0.338372	-0.847364	4081	
0.334864	-0.853544	4081	
0.334062	-0.859326	4081	
0.335742	-0.864810	4081	
0.340102	-0.869900	4081	
0.347160	-0.874652	4629	
0.356799	-0.879084	256	
0.368214	-0.883248	253	
0.381302	-0.887196	253	
0.397836	-0.890186	6066	
0.524769	-0.761755	4792	
0.505352	-0.775174	4548	
0.488348	-0.787183	4694	
0.473865	-0.797930	3809	
0.461970	-0.807560	4251	
0.452699	-0.816226	6739	
0.446025	-0.824034	6739	
0.442099	-0.831094	6739	
0.440787	-0.837489	6750	
0.441840	-0.843297	6726	
0.444938	-0.848663	6726	
0.450134	-0.853606	6887	
0.458014	-0.857795	6887	
0.468757	-0.861139	6617	
0.479545	-0.864913	6420	
0.621385	-0.718673	691	
0.603492	-0.734188	557	
0.587724	-0.748130	413	
0.574142	-0.760657	278	
0.562770	-0.771937	4855	
0.553662	-0.782085	6583	
0.546813	-0.791229	6875	
0.542184	-0.799479	6637	
0.540045	-0.806734	6637	
0.541278	-0.812538	6512	
0.543523	-0.818299	6512	
0.709621	-0.668687	6499	
0.693363	-0.685988	6063	
0.678935	-0.701604	2572	
0.666398	-0.715700	6274	
0.655777	-0.728443	6309	
0.647069	-0.739986	6309	
