time = 78.45	Re = 1
0.256117	0.940847	6037	
0.229697	0.947971	6520	
0.198681	0.955929	6487	
0.163126	0.964241	6150	
0.123107	0.972402	6552	
0.078804	0.979845	2480	
0.419863	0.852300	686	
0.395179	0.864384	6584	
0.365852	0.878276	338	
0.331796	0.893446	6151	
0.292985	0.909307	6632	
0.249296	0.925265	6871	
0.200751	0.940633	326	
0.147471	0.954667	6734	
0.088855	0.966724	5910	
0.023042	0.976085	6366	
-0.044277	0.981380	2646	
0.570060	0.728486	6180	
0.548254	0.745451	4770	
0.522037	0.765256	5123	
0.491101	0.787426	5227	
0.455155	0.811382	5303	
0.413897	0.836516	3756	
0.367229	0.861951	4668	
0.314556	0.887206	5903	
0.256059	0.911128	6723	
0.192372	0.932453	326	
0.124271	0.950167	612	
0.051757	0.963639	6250	
-0.026210	0.972051	6853	
-0.109608	0.974334	2596	
-0.191686	0.970175	6494	
0.697281	0.568985	4191	
0.679596	0.590526	3913	
0.657858	0.616167	3041	
0.631587	0.645481	3085	
0.600324	0.677879	3804	
0.563691	0.712617	4720	
0.521286	0.748861	5069	
0.472980	0.785485	5239	
0.418529	0.821519	4635	
0.358163	0.855760	4448	
0.291435	0.887332	4072	
0.218107	0.915353	4046	
0.138486	0.938613	6736	
0.054962	0.955385	6250	
-0.031904	0.965140	6853	
-0.125438	0.966980	6047	
-0.218506	0.960348	6559	
0.790104	0.376064	2532	
0.777921	0.401435	3628	
0.762464	0.432230	2523	
0.743178	0.467942	2517	
0.719403	0.508064	3313	
0.690498	0.551816	4191	
0.655822	0.598362	2789	
0.614822	0.646712	2664	
0.567212	0.695601	4720	
0.512202	0.744195	4762	
0.449420	0.791272	5303	
0.379511	0.835039	4262	
0.302991	0.873985	4072	
0.220189	0.906961	4046	
0.130577	0.933240	3658	
0.035406	0.951428	6890	
-0.061844	0.960145	6386	
-0.162787	0.959031	6029	
0.835853	0.154565	5371	
0.830578	0.182490	3019	
0.823378	0.216971	2191	
0.813474	0.257707	1276	
0.799952	0.304287	5808	
0.781873	0.356125	1466	
0.758418	0.412103	1751	
0.728468	0.471702	1626	
0.691296	0.533539	3300	
0.645883	0.596662	4650	
0.592115	0.659111	3137	
0.529786	0.719332	4532	
0.459033	0.775712	4787	
0.379057	0.827288	4262	
0.291550	0.871806	3474	
0.197879	0.907693	5937	
0.097803	0.934194	5988	
-0.008089	0.950396	6842	
-0.115144	0.954897	6544	
-0.225527	0.947304	1542	
-0.334358	0.927728	6603	
0.820730	-0.084060	5259	
0.823530	-0.055487	1572	
0.826310	-0.019414	2313	
0.828079	0.023932	4982	
0.827725	0.074330	5590	
0.823976	0.131712	5676	
0.815493	0.195282	1308	
0.801027	0.263928	1276	
0.779062	0.337209	1466	
0.748505	0.413528	1751	
0.708575	0.490986	3689	
0.658548	0.567989	2627	
0.597881	0.642803	2664	
0.526637	0.713384	4532	
0.445657	0.777486	4000	
0.355032	0.833732	3489	
0.255702	0.880513	3938	
0.150494	0.915728	3676	
0.039500	0.938810	6820	
-0.076383	0.949018	404	
-0.191468	0.945514	6211	
-0.309808	0.927569	6498	
-0.420361	0.897854	2602	
0.732425	-0.321808	2579	
0.744000	-0.295125	4413	
0.758015	-0.260637	3519	
0.773389	-0.218014	3568	
0.788688	-0.167331	4740	
0.802430	-0.108532	1692	
0.812890	-0.041990	1643	
0.818311	0.032390	1313	
0.816763	0.113694	1287	
0.806621	0.200005	1308	
0.786255	0.290400	5627	
0.754612	0.382395	5294	
0.710276	0.474887	1626	
0.653358	0.564595	2425	
0.583780	0.649424	2676	
0.501539	0.727405	3943	
0.408499	0.795679	4598	
0.305484	0.852771	3017	
0.193828	0.897213	3631	
0.077252	0.927107	6169	
-0.044484	0.942281	6550	
-0.168251	0.942058	246	
-0.289774	0.926541	6566	
-0.411488	0.895157	6050	
0.564507	-0.531058	2246	
0.584555	-0.509514	1397	
0.609905	-0.480827	695	
0.639479	-0.444266	465	
0.671796	-0.399215	2829	
0.705205	-0.344950	2906	
0.737642	-0.281183	3776	
0.766995	-0.207347	4594	
0.790628	-0.124668	5204	
0.806343	-0.033109	1439	
0.811767	0.064897	1579	
0.804834	0.168827	1260	
0.783970	0.275718	5627	
0.748051	0.383014	5294	
0.696532	0.487841	5049	
0.629354	0.587528	4650	
0.547711	0.678744	2695	
0.452117	0.759521	4787	
0.345394	0.826918	3489	
0.228671	0.879718	3828	
0.104941	0.916329	5988	
-0.022085	0.935669	6752	
-0.153345	0.937979	405	
-0.281181	0.923155	6566	
-0.409180	0.890667	6050	
0.319946	-0.678425	3227	
0.346920	-0.665505	3275	
0.382202	-0.647335	3319	
0.424878	-0.622666	1198	
0.473619	-0.590190	1762	
0.526676	-0.548509	1781	
0.582119	-0.496211	693	
0.637401	-0.432335	712	
0.689518	-0.356525	2906	
0.735310	-0.269243	2939	
0.771941	-0.170722	4740	
0.796421	-0.062158	1400	
0.805998	0.053809	1594	
0.798719	0.173841	1624	
0.772867	0.296112	5807	
0.728220	0.415740	5313	
0.664829	0.529644	3956	
0.583544	0.634525	5046	
0.486504	0.726887	3241	
0.375275	0.804551	4009	
0.253994	0.864821	3055	
0.123497	0.907158	3251	
-0.010240	0.929936	5930	
-0.147083	0.933527	405	
-0.282041	0.918183	6566	
-0.414591	0.883959	6050	
0.019877	-0.724802	2070	
0.050346	-0.723771	1677	
0.091575	-0.721044	2033	
0.142699	-0.714853	2372	
0.203237	-0.703169	2411	
0.272547	-0.683442	2089	
0.348588	-0.653245	3275	
0.428146	-0.610795	2220	
0.508451	-0.554256	2181	
0.586173	-0.482471	728	
0.657360	-0.395060	6233	
0.718150	-0.292490	2401	
0.764334	-0.177397	4537	
0.792859	-0.051430	1643	
0.800944	0.081491	1409	
0.787003	0.216616	5741	
0.749913	0.351083	3928	
0.690606	0.478892	4981	
0.610120	0.596567	1653	
0.510927	0.700172	3220	
0.395735	0.786804	4598	
0.268543	0.853876	2324	
0.132267	0.900325	3251	
-0.008643	0.925309	5930	
-0.150697	0.928832	246	
-0.291968	0.911678	6221	
-0.427974	0.874695	6071	
-0.553868	0.821131	570	
-0.292253	-0.636145	5597	
-0.264009	-0.648858	5594	
-0.224327	-0.665043	5818	
-0.172448	-0.682657	5828	
-0.108253	-0.698815	1057	
-0.032144	-0.710378	2780	
0.055063	-0.713829	1555	
0.151730	-0.705471	1745	
0.254854	-0.682049	2445	
0.360621	-0.640866	2799	
0.465638	-0.579453	1762	
0.563791	-0.497846	671	
0.650317	-0.396465	5928	
0.720432	-0.276884	2939	
0.769374	-0.143541	5019	
0.794135	0.000296	1501	
0.792387	0.148780	1371	
0.763586	0.295959	5807	
0.708021	0.437276	5176	
0.628086	0.566721	2896	
0.525921	0.680760	2714	
0.406506	0.774881	3367	
0.272798	0.847398	2324	
0.130569	0.896375	2416	
-0.017277	0.921821	5930	
-0.164705	0.923722	246	
-0.311164	0.903246	6218	
-0.449493	0.862278	6757	
-0.579147	0.802746	569	
-0.544576	-0.398941	3796	
-0.525545	-0.424448	4882	
-0.497396	-0.459073	3635	
-0.457881	-0.501647	1720	
-0.405614	-0.548781	1940	
-0.338461	-0.597267	5912	
-0.255864	-0.642421	5594	
-0.158093	-0.679213	3619	
-0.046627	-0.702543	710	
0.076518	-0.707414	2660	
0.206500	-0.689634	1406	
0.337038	-0.646362	1845	
0.462324	-0.576164	525	
0.575580	-0.479634	728	
0.669986	-0.359648	748	
0.740279	-0.219780	2504	
0.781780	-0.067039	5106	
0.792194	0.093253	1409	
0.770672	0.253411	5577	
0.718111	0.406894	5313	
0.637344	0.547214	4518	
0.531922	0.669573	5255	
0.406867	0.769830	3367	
0.266798	0.845625	2324	
0.118010	0.895328	2416	
-0.036343	0.919228	3797	
-0.188870	0.917681	463	
-0.339640	0.892232	290	
-0.480546	0.845365	6740	
-0.611036	0.779528	6117	
-0.648676	-0.042025	5858	
-0.646245	-0.074385	5636	
-0.640524	-0.121573	1747	
-0.628361	-0.182541	5386	
-0.606139	-0.255206	4459	
-0.569950	-0.336588	5399	
-0.516149	-0.422630	4882	
-0.441730	-0.508031	2387	
-0.345510	-0.585814	1226	
-0.227762	-0.649078	4049	
-0.092074	-0.690361	621	
0.056240	-0.703622	5726	
0.210324	-0.684361	1406	
0.361700	-0.630447	2139	
0.500500	-0.542760	653	
0.619158	-0.424090	645	
0.709932	-0.280328	2401	
0.767550	-0.118472	5109	
0.788868	0.052204	5407	
0.773114	0.224581	5744	
0.722093	0.388724	3799	
0.638845	0.538541	4518	
0.528574	0.667555	5255	
0.396912	0.771773	3367	
0.249747	0.848622	2324	
0.094176	0.896765	5981	
-0.066175	0.916878	6469	
-0.223356	0.909904	464	
-0.377132	0.877754	324	
-0.520568	0.822957	6072	
-0.526379	0.336930	1658	
-0.544131	0.308490	2383	
-0.568564	0.264419	2190	
-0.595518	0.204016	5853	
-0.620367	0.125859	2727	
-0.636643	0.030880	4146	
-0.637800	-0.080027	5491	
-0.617214	-0.200887	1293	
-0.568840	-0.327168	5404	
-0.489507	-0.449103	3635	
-0.379187	-0.556270	1516	
-0.240351	-0.639168	3169	
-0.079166	-0.688755	864	
0.093596	-0.698258	2066	
0.268420	-0.664197	2172	
0.431893	-0.587232	2024	
0.573284	-0.471216	4681	
0.682986	-0.323845	1180	
0.754631	-0.154020	3113	
0.784573	0.027410	5283	
0.772296	0.210188	5741	
0.720247	0.384102	3799	
0.632484	0.541385	4518	
0.515567	0.674885	4489	
0.376147	0.780501	3388	
0.221326	0.855746	3451	
0.058953	0.899767	6166	
-0.106861	0.913722	3781	
-0.267906	0.899235	6727	
-0.423113	0.858710	6845	
-0.567204	0.794701	569	
-0.170282	0.575331	4691	
-0.203314	0.565081	5361	
-0.253200	0.546293	2150	
-0.317428	0.514676	1475	
-0.391888	0.465295	3259	
-0.469613	0.393883	3178	
-0.541766	0.298407	2787	
-0.599601	0.176256	1175	
-0.631707	0.031706	4146	
-0.628150	-0.126978	1747	
-0.582703	-0.288038	4395	
-0.491901	-0.440076	4098	
-0.359845	-0.566173	6014	
-0.193461	-0.654392	2478	
-0.004885	-0.694646	5924	
0.189435	-0.681750	1628	
0.375225	-0.615884	549	
0.536518	-0.502877	663	
0.662920	-0.350897	748	
0.745547	-0.172787	2533	
0.780827	0.019172	5283	
0.768605	0.211847	5714	
0.712384	0.393746	3945	
0.617618	0.556044	4475	
0.492240	0.691179	2285	
0.343980	0.795203	1752	
0.181156	0.865861	2369	
0.012216	0.902991	3301	
-0.158065	0.908334	3740	
-0.321764	0.884260	6154	
-0.476723	0.833874	6740	
-0.619245	0.759773	1159	
0.284946	0.499480	5150	
0.253624	0.516689	5274	
0.201689	0.540840	4352	
0.128078	0.565578	3886	
0.032937	0.582731	2399	
-0.082769	0.582637	3822	
-0.212472	0.554970	5361	
-0.346544	0.491097	3042	
-0.470944	0.385873	3178	
-0.567915	0.242468	2252	
-0.623548	0.066052	1785	
-0.624678	-0.126590	5484	
-0.565828	-0.317011	5412	
-0.448025	-0.485318	1543	
-0.281950	-0.611324	3263	
-0.082876	-0.681455	864	
0.129117	-0.688487	2991	
0.334405	-0.632095	1845	
0.513321	-0.519370	662	
0.652458	-0.361460	748	
0.741910	-0.174066	2533	
0.778147	0.028185	5283	
0.761862	0.229556	5744	
0.697928	0.417342	3872	
0.593402	0.581819	1564	
0.457621	0.715451	2760	
0.299776	0.814437	1795	
0.128950	0.877287	1302	
-0.046016	0.904667	3299	
-0.219156	0.899027	4021	
-0.384411	0.863332	6826	
-0.536768	0.801973	301	
-0.675354	0.717308	6749	
0.545060	0.073746	2929	
0.539414	0.110309	2999	
0.525450	0.170146	2117	
0.495750	0.249856	435	
0.441825	0.342560	2792	
0.356755	0.436901	3202	
0.234816	0.519511	5401	
0.078307	0.571859	3569	
-0.100100	0.576652	3503	
-0.284105	0.521930	1619	
-0.449527	0.403641	3236	
-0.570353	0.229898	2252	
-0.626254	0.018634	4487	
-0.605478	-0.203803	1293	
-0.508128	-0.408438	4351	
-0.344709	-0.569524	6014	
-0.136921	-0.666172	3599	
0.091296	-0.689104	2017	
0.312747	-0.638170	2104	
0.505773	-0.521995	653	
0.652679	-0.355781	748	
0.743910	-0.157612	3113	
0.775930	0.054672	5407	
0.750909	0.263181	3725	
0.675512	0.454109	3707	
0.558503	0.617428	1694	
0.410764	0.745856	2859	
0.242967	0.836149	2221	
0.064554	0.887878	5863	
-0.115218	0.902669	3246	
-0.289298	0.883856	6405	
-0.454390	0.834780	6771	
-0.602348	0.761331	6043	
-0.733360	0.667109	2486	
0.320323	-0.416036	2176	
0.350741	-0.391530	1036	
0.398612	-0.345368	1117	
0.455679	-0.271462	4929	
0.508018	-0.166098	1673	
0.538987	-0.027191	2629	
0.528493	0.137191	449	
0.460549	0.306942	1914	
0.328966	0.455476	3261	
0.139912	0.553785	3694	
-0.084060	0.575381	3822	
-0.306741	0.507167	2707	
-0.490760	0.353232	2350	
-0.602320	0.136139	2612	
-0.621117	-0.111030	5484	
-0.543689	-0.347398	3738	
-0.383329	-0.537308	5220	
-0.166045	-0.654798	2626	
0.076425	-0.687245	5797	
0.311997	-0.635596	1732	
0.514147	-0.511258	4773	
0.663671	-0.332967	359	
0.750438	-0.122843	3152	
0.772376	0.098707	4257	
0.733665	0.312041	3308	
0.643122	0.502688	3778	
0.511220	0.660921	4489	
0.350694	0.779931	1703	
0.173238	0.857716	2369	
-0.011307	0.895038	3642	
-0.194487	0.894635	3590	
-0.367567	0.860740	4804	
-0.529258	0.797291	301	
-0.673508	0.709051	6749	
-0.263351	-0.425107	1859	
-0.227950	-0.445787	1753	
-0.161611	-0.475853	1267	
-0.062178	-0.501734	6240	
0.071540	-0.504858	951	
0.225987	-0.463191	827	
0.378279	-0.359807	1941	
0.494168	-0.191012	1874	
0.537881	0.025187	2907	
0.483895	0.257789	638	
0.328510	0.452366	2663	
0.096119	0.562463	3511	
-0.168934	0.558115	4691	
-0.407676	0.435312	4896	
-0.569901	0.218497	2267	
-0.623280	-0.045947	5782	
-0.561031	-0.308702	5149	
-0.399307	-0.520754	2148	
-0.170390	-0.650809	3054	
0.086598	-0.684240	5797	
0.332612	-0.624052	1845	
0.538478	-0.485562	4566	
0.683548	-0.292125	2098	
0.758905	-0.069315	3234	
0.764558	0.159718	4121	
0.707287	0.374657	3314	
0.598199	0.560981	4657	
0.450178	0.709228	2160	
0.276656	0.814554	5693	
0.090268	0.876081	5610	
-0.098207	0.895987	3246	
-0.282114	0.878120	4833	
-0.452899	0.827503	6771	
-0.607260	0.749598	6204	
-0.439652	0.179907	4520	
-0.455206	0.138238	4551	
-0.473990	0.059600	5088	
-0.477643	-0.055485	1188	
-0.441780	-0.200998	2574	
-0.341972	-0.352575	4919	
-0.169571	-0.468387	1477	
0.056930	-0.503022	951	
0.294011	-0.423281	1014	
0.474090	-0.226978	1926	
0.535140	0.042230	2907	
0.448665	0.316126	1914	
0.232390	0.511529	3402	
-0.057112	0.572695	2103	
-0.339470	0.482677	5159	
-0.542431	0.268355	1820	
-0.620874	-0.013077	4966	
-0.564224	-0.296460	5412	
-0.393326	-0.522919	3081	
-0.149056	-0.655066	3218	
0.121583	-0.678902	2991	
0.373880	-0.601286	932	
0.576406	-0.442767	4281	
0.708986	-0.231750	2578	
0.765313	0.002974	5424	
0.748566	0.236536	3637	
0.668327	0.448874	3707	
0.538531	0.625503	1447	
0.374241	0.758702	2223	
0.188770	0.845965	1351	
-0.004669	0.887757	3642	
-0.195518	0.887678	3159	
-0.375991	0.850962	5226	
-0.542536	0.782388	376	
-0.688524	0.688609	1336	
0.200833	0.402708	3494	
0.158711	0.421764	3737	
0.070646	0.447212	2199	
-0.061523	0.452021	813	
-0.226263	0.401640	5174	
-0.382099	0.268521	5711	
-0.471560	0.051395	5030	
-0.436101	-0.207128	2574	
-0.252970	-0.422502	1936	
0.033622	-0.502010	940	
0.326424	-0.398040	1034	
0.509483	-0.136268	2403	
0.507587	0.186796	1068	
0.320227	0.453481	3261	
0.017182	0.569824	2278	
-0.298756	0.503923	5243	
-0.530153	0.285388	2275	
-0.618911	-0.014202	4276	
-0.553997	-0.313181	5149	
-0.364469	-0.543432	5943	
-0.101096	-0.665103	4150	
0.180718	-0.667464	4838	
0.433015	-0.563543	1178	
0.623140	-0.380712	408	
0.734686	-0.151158	2090	
0.764516	0.093394	4257	
0.719961	0.326634	2811	
0.613881	0.530394	4475	
0.462532	0.691804	2395	
0.281955	0.805391	1757	
0.087158	0.870320	5610	
-0.109977	0.889380	3246	
-0.300282	0.867413	4825	
-0.475067	0.810706	6767	
-0.632038	0.724996	6455	
0.284586	-0.315515	5702	
0.322803	-0.277615	2245	
0.381984	-0.192861	4707	
0.428783	-0.048625	3814	
0.410822	0.147962	1951	
0.279661	0.343614	3151	
0.034908	0.449244	990	
-0.256481	0.381358	1221	
-0.452060	0.127624	5120	
-0.434091	-0.206745	2574	
-0.188139	-0.455755	1698	
0.165855	-0.478305	975	
0.451570	-0.258398	5552	
0.527085	0.091960	2120	
0.365672	0.411577	3099	
0.048443	0.564716	1984	
-0.293043	0.504764	5243	
-0.536824	0.270311	1820	
-0.617090	-0.049569	5734	
-0.527874	-0.357202	2128	
-0.310112	-0.578336	3317	
-0.025949	-0.675026	1209	
0.262290	-0.643765	1428	
0.505228	-0.506084	4624	
0.673036	-0.296260	658	
0.754239	-0.049976	3234	
0.750609	0.199413	3576	
0.674024	0.426563	2518	
0.540893	0.614908	1447	
0.368606	0.755268	2223	
0.174476	0.844222	1351	
-0.027134	0.883487	2849	
-0.224252	0.877643	3556	
-0.409100	0.832980	5277	
-0.576716	0.755463	390	
-0.720853	0.653154	6714	
-0.399891	0.001620	5137	
-0.396985	-0.054071	5647	
-0.364930	-0.171328	5686	
-0.262177	-0.311175	1025	
-0.053891	-0.408763	5165	
0.213239	-0.360826	5382	
0.409728	-0.120938	5405	
0.377577	0.219289	4493	
0.088428	0.438377	959	
-0.284332	0.360221	1686	
-0.471420	0.016141	4575	
-0.330673	-0.355297	1218	
0.043663	-0.498112	940	
0.400685	-0.324105	6248	
0.529465	0.047325	532	
0.374122	0.400822	1928	
0.035556	0.564568	1984	
-0.323129	0.486057	5094	
-0.559997	0.221183	853	
-0.609573	-0.118672	1520	
-0.479490	-0.424457	3634	
-0.226820	-0.619841	3169	
0.075121	-0.675942	5797	
0.360632	-0.600552	5703	
0.583319	-0.424080	669	
0.717983	-0.187665	3323	
0.760093	0.069773	3421	
0.717876	0.316764	2405	
0.607086	0.530535	2988	
0.447122	0.696946	5444	
0.256997	0.810238	5455	
0.053214	0.870547	5942	
-0.150635	0.881638	2448	
-0.344587	0.849681	6149	
-0.520088	0.782176	376	
-0.674989	0.685638	6640	
-0.805720	0.566416	6126	
0.351755	0.129983	2819	
0.325005	0.188801	2198	
0.237861	0.294137	552	
0.048037	0.379428	4035	
-0.210184	0.326271	5062	
-0.389570	0.066615	1567	
-0.291450	-0.279500	4643	
0.081726	-0.405674	2042	
0.399163	-0.145497	5376	
0.331697	0.285087	736	
-0.076479	0.444050	813	
-0.432010	0.172042	5103	
-0.397660	-0.269154	2892	
-0.019810	-0.495784	4535	
0.382898	-0.341298	1096	
0.527456	0.055883	2037	
0.347475	0.424138	2512	
-0.022375	0.566352	2335	
-0.384857	0.441682	4794	
-0.589954	0.134990	2317	
-0.585409	-0.218836	4884	
-0.401491	-0.505093	1136	
-0.112698	-0.656105	3599	
0.199084	-0.656997	3922	
0.469152	-0.529704	6269	
0.657485	-0.314780	403	
0.748322	-0.057073	3234	
0.744627	0.204591	3576	
0.660909	0.440277	3707	
0.517081	0.631616	1611	
0.333084	0.769560	1432	
0.128857	0.851279	1296	
-0.079874	0.879932	2822	
-0.280735	0.861597	4032	
-0.465770	0.803822	3835	
-0.630526	0.713382	6455	
-0.769956	0.598289	6475	
-0.348097	-0.037473	5075	
-0.333513	-0.109534	4055	
-0.253712	-0.246295	2274	
-0.035413	-0.356315	5365	
0.255753	-0.258853	3680	
0.356954	0.103811	3009	
0.043383	0.378253	4035	
-0.351655	0.171444	2718	
-0.271624	-0.297890	1025	
0.212961	-0.357487	1603	
0.420182	0.091804	5992	
0.065329	0.440338	744	
-0.388462	0.248159	4749	
-0.415204	-0.236205	1801	
-0.017646	-0.494601	4535	
0.405555	-0.314042	6248	
0.518465	0.117316	699	
0.279839	0.474150	3329	
-0.123829	0.556488	2947	
-0.467344	0.360287	2273	
-0.610294	0.010024	4163	
-0.530513	-0.341578	1956	
-0.287144	-0.585318	2722	
0.030532	-0.672517	564	
0.337847	-0.607011	611	
0.576015	-0.425933	669	
0.716658	-0.177496	2427	
0.754817	0.092229	3481	
0.701577	0.346883	680	
0.576431	0.562033	3817	
0.402104	0.723423	1478	
0.199955	0.826544	1497	
-0.012047	0.873159	2367	
-0.219867	0.868766	3133	
-0.413738	0.820899	4979	
-0.585745	0.738173	416	
-0.733120	0.628531	544	
-0.854058	0.498568	6184	
0.181007	-0.269858	1947	
0.242708	-0.217422	1664	
0.327238	-0.033896	5825	
0.238075	0.233358	3819	
-0.116717	0.319058	1917	
-0.341470	-0.068518	4688	
0.043881	-0.355390	2065	
0.367181	0.037193	5849	
-0.049731	0.378337	3469	
-0.392669	-0.044867	5661	
0.024745	-0.409147	4852	
0.424752	-0.029089	2769	
0.121473	0.425266	948	
-0.383360	0.253457	3794	
-0.396484	-0.266443	2892	
0.051130	-0.493551	940	
0.458672	-0.234989	5695	
0.484472	0.227073	4620	
0.161085	0.531274	3110	
-0.260979	0.512996	5247	
-0.549387	0.232112	1426	
-0.599790	-0.146936	1334	
-0.431895	-0.470780	1543	
-0.133339	-0.646910	4821	
0.195612	-0.653767	3922	
0.477788	-0.517765	3957	
0.667680	-0.287215	414	
0.749074	-0.015898	2806	
0.728996	0.253499	2356	
0.626069	0.489188	3778	
0.463870	0.673060	1407	
0.265096	0.797507	5693	
0.050984	0.862003	1743	
-0.162546	0.871690	2045	
-0.363354	0.834306	4804	
-0.543304	0.758874	4741	
-0.699848	0.652686	423	
-0.828758	0.523922	6299	
0.299882	0.016270	1933	
0.281002	0.108639	1401	
0.137062	0.271317	344	
-0.228839	0.209019	328	
-0.241359	-0.203345	6908	
0.270396	-0.180217	1662	
0.085312	0.323944	1850	
-0.339060	-0.075659	4688	
0.217069	-0.288210	3492	
0.203800	0.314781	888	
-0.372123	0.118209	1906	
-0.058301	-0.402692	5165	
0.421217	-0.049532	3814	
0.087139	0.433605	750	
-0.421896	0.185721	5189	
-0.328724	-0.350056	4783	
0.181717	-0.465866	743	
0.512163	-0.091737	439	
0.396468	0.367926	2196	
-0.010367	0.561746	2335	
-0.411950	0.412730	4157	
-0.602189	0.054931	1735	
-0.536495	-0.323594	5263	
-0.282562	-0.583827	2722	
0.052029	-0.668828	806	
0.369198	-0.586842	6256	
0.604130	-0.384213	727	
0.729284	-0.117755	3172	
0.744338	0.161479	3557	
0.665591	0.415510	2518	
0.516865	0.620791	1706	
0.323958	0.765309	1432	
0.109211	0.847403	5613	
-0.108635	0.871123	2193	
-0.315719	0.844251	4822	
-0.504205	0.775523	4468	
-0.667798	0.673961	6361	
-0.802397	0.549294	6406	
0.250772	-0.114807	6200	
0.276956	-0.000278	6646	
0.138249	0.243570	344	
-0.245189	0.144856	6576	
0.041338	-0.290130	6777	
0.177811	0.244445	363	
-0.295862	-0.103463	2133	
0.316377	-0.077938	1826	
-0.214065	0.263770	6553	
0.000595	-0.355404	1716	
0.289504	0.233190	3405	
-0.360017	0.147070	1894	
-0.023344	-0.406211	4512	
0.423680	0.041963	5760	
-0.041012	0.443268	814	
-0.463815	0.033713	5073	
-0.181279	-0.450250	1698	
0.347604	-0.368064	731	
0.515487	0.111495	699	
0.231414	0.497706	3402	
-0.220332	0.526390	5506	
-0.541046	0.242033	2000	
-0.594173	-0.158562	1480	
-0.406660	-0.490811	5343	
-0.085181	-0.654514	3613	
0.254761	-0.633579	5004	
0.530417	-0.465757	2592	
0.697893	-0.210530	1886	
0.748477	0.074238	3421	
0.695151	0.343599	680	
0.562219	0.567502	4895	
0.376202	0.731261	2327	
0.162382	0.830244	1581	
-0.059272	0.867631	2241	
-0.272702	0.850735	3537	
-0.467797	0.788979	3835	
-0.637118	0.692478	6621	
-0.778847	0.569804	674	
-0.250568	-0.008587	4340	
-0.193101	-0.163084	271	
0.216168	-0.138340	458	
0.048416	0.256763	6737	
-0.094916	-0.252411	398	
0.067405	0.271806	6451	
0.014513	-0.291601	6659	
-0.052745	0.300106	6686	
0.100158	-0.303903	1630	
-0.062621	0.330289	2039	
-0.054828	-0.349346	4525	
0.266310	0.259358	3806	
-0.387410	0.048803	1736	
0.129335	-0.388994	2407	
0.367597	0.223251	821	
-0.241873	0.380205	3633	
-0.430622	-0.192517	2073	
0.057378	-0.489714	951	
0.487554	-0.165169	830	
0.416999	0.338043	1846	
-0.008941	0.558990	2335	
-0.428156	0.393497	2441	
-0.604118	0.008319	4510	
-0.500941	-0.377139	4776	
-0.210763	-0.614914	3968	
0.141402	-0.658197	2364	
0.450801	-0.530922	6269	
0.657796	-0.292479	414	
0.743335	-0.006722	2806	
0.716249	0.274198	2210	
0.599723	0.515138	2988	
0.421685	0.696678	1490	
0.208958	0.811709	1497	
-0.015079	0.861928	2367	
-0.233574	0.854675	3566	
-0.434389	0.799623	4730	
-0.609885	0.707343	6332	
-0.758197	0.586003	272	
-0.876047	0.444531	2613	
-0.178122	-0.140784	303	
-0.049196	-0.221463	387	
0.078942	0.219324	1152	
-0.089623	-0.220823	6611	
-0.162311	0.187243	372	
0.256475	-0.010030	6646	
0.068043	-0.262119	6350	
-0.282088	0.039162	3923	
0.160055	0.255312	785	
0.005286	-0.317762	6578	
-0.096844	0.321929	1996	
0.070265	-0.348391	2122	
0.108012	0.359079	809	
-0.351580	-0.180504	5845	
0.342320	-0.236570	5102	
0.158031	0.407855	3080	
-0.430201	0.159813	5103	
-0.242383	-0.415294	1936	
0.328454	-0.381183	927	
0.510566	0.124937	699	
0.190978	0.513968	2949	
-0.280809	0.497417	5369	
-0.571484	0.162924	1354	
-0.563448	-0.252698	4369	
-0.317260	-0.556831	5262	
0.034125	-0.663436	850	
0.369422	-0.580275	6256	
0.611869	-0.363196	873	
0.730965	-0.080291	2091	
0.729563	0.210046	2225	
0.629527	0.465687	2558	
0.459774	0.663240	1407	
0.249782	0.792622	1320	
0.023760	0.854810	5543	
-0.198954	0.856496	1435	
-0.404777	0.807671	4721	
-0.586514	0.718752	5511	
-0.739905	0.599178	5841	
-0.862050	0.458409	6185	
0.005341	-0.199552	3902	
-0.218473	-0.051927	467	
-0.191007	-0.139860	4663	
-0.192355	-0.161014	271	
-0.248389	-0.095145	6762	
-0.261977	0.108928	1983	
0.128183	0.272706	6016	
0.162010	-0.275857	1674	
-0.284882	0.185083	6371	
0.310688	-0.183392	2258	
-0.214888	0.315350	4503	
-0.082439	-0.394615	4545	
0.412409	0.102160	5885	
-0.193003	0.403461	3260	
-0.429516	-0.190181	2073	
0.095692	-0.483060	5929	
0.506145	-0.097083	439	
0.352519	0.407045	2447	
-0.121399	0.548576	2298	
-0.506335	0.293567	5656	
-0.594833	-0.129907	1566	
-0.404332	-0.486393	5343	
-0.063777	-0.653115	4443	
0.290295	-0.615054	1627	
0.563753	-0.421820	4281	
0.713736	-0.143950	2090	
0.736549	0.152366	3065	
0.652508	0.420449	2898	
0.491702	0.631553	1529	
0.284071	0.774161	1288	
0.057009	0.846992	5947	
-0.169281	0.856676	2045	
-0.380075	0.813100	4774	
-0.566917	0.727092	4587	
-0.723940	0.609613	4672	
-0.848826	0.471105	6804	
-0.081624	-0.197826	576	
-0.037336	0.230113	4860	
-0.248142	0.015615	386	
-0.235260	-0.124051	6258	
-0.283231	-0.030042	4660	
-0.150834	0.264691	6437	
0.319933	0.061564	3428	
-0.258287	-0.232314	6618	
0.286119	0.233073	3887	
-0.384063	-0.074701	1299	
0.323418	-0.258209	5117	
0.128137	0.417436	948	
-0.451453	0.086132	4744	
-0.141660	-0.461564	1271	
0.419877	-0.282820	4622	
0.457372	0.267397	667	
0.030690	0.552613	1481	
-0.421514	0.394325	4061	
-0.600894	-0.014225	4276	
-0.470924	-0.410882	3667	
-0.148843	-0.631787	1666	
0.217542	-0.637100	4547	
0.516826	-0.468209	2985	
0.693868	-0.198136	1602	
0.738849	0.102339	3481	
0.669800	0.380195	902	
0.516837	0.603447	5111	
0.312267	0.757075	1255	
0.084038	0.839185	5803	
-0.145528	0.855561	1707	
-0.360464	0.816276	4576	
-0.550996	0.732871	4587	
-0.710956	0.616940	6313	
-0.839439	0.477992	5712	
-0.196971	0.077921	589	
-0.074278	0.220947	235	
-0.133305	-0.212514	6904	
0.153530	-0.222830	1219	
0.147153	-0.252115	1629	
-0.193816	-0.246267	1649	
-0.125910	0.310416	1917	
0.264042	-0.241918	3135	
-0.229572	0.303747	5059	
0.001532	-0.403789	4570	
0.360350	0.229455	529	
-0.328114	0.308870	5001	
-0.323910	-0.346550	4783	
0.286148	-0.407769	733	
0.508606	0.117793	699	
0.162737	0.521194	2159	
-0.328361	0.466055	5159	
-0.588037	0.085743	1963	
-0.518292	-0.337527	1956	
-0.218223	-0.604620	1553	
0.153634	-0.649170	2968	
0.473529	-0.503921	3064	
0.673694	-0.242322	3092	
0.737935	0.060693	2883	
0.681948	0.346437	680	
0.536152	0.579408	4924	
0.333671	0.742431	1338	
0.104328	0.832025	4079	
-0.127561	0.853668	1185	
-0.345713	0.817690	4761	
-0.539292	0.735998	3917	
-0.701707	0.620821	6614	
-0.833003	0.480826	5712	
-0.024728	-0.212488	3716	
-0.095914	-0.216410	6611	
0.222887	0.127262	614	
-0.105448	0.259400	924	
-0.025858	0.301124	6201	
0.318949	0.062139	3428	
-0.178066	-0.299327	3378	
0.145364	0.342170	4457	
-0.286675	-0.272086	4643	
0.418068	-0.029928	2769	
-0.137516	0.421138	2421	
-0.427103	-0.188909	2073	
0.138538	-0.471235	779	
0.515034	-0.018667	5477	
0.267273	0.468833	2785	
-0.239663	0.510596	3242	
-0.564377	0.166715	5897	
-0.548682	-0.273160	3268	
-0.273432	-0.575759	1505	
0.101087	-0.654150	684	
0.436377	-0.529954	5974	
0.655314	-0.276098	2056	
0.735248	0.027847	2840	
0.689698	0.320219	481	
0.549222	0.560939	3031	
0.348207	0.731035	1437	
0.118350	0.825988	5613	
-0.115887	0.851301	2193	
-0.336346	0.817408	3979	
-0.531992	0.736582	3917	
-0.696632	0.621103	6614	
-0.829267	0.480185	5712	
-0.928272	0.323442	6514	
-0.173593	-0.140744	303	
-0.245366	0.033839	516	
0.121495	-0.240731	6489	
0.248203	-0.155870	6665	
0.015356	-0.315178	6578	
-0.329597	0.082321	5595	
0.354839	0.080640	2318	
-0.387621	-0.019605	4354	
0.335336	-0.239916	5102	
0.050904	0.433660	796	
-0.459679	-0.034786	1253	
0.005694	-0.485321	583	
0.493487	-0.128352	843	
0.341400	0.411229	2447	
-0.164905	0.534185	2359	
-0.537310	0.227921	1426	
-0.567310	-0.219571	4556	
-0.313330	-0.550008	5262	
0.061018	-0.654823	5731	
0.407473	-0.547393	629	
0.640490	-0.299706	665	
0.731929	0.005175	5397	
0.693690	0.302321	462	
0.556738	0.548372	2479	
0.356392	0.723190	1370	
0.125661	0.821485	5790	
-0.110236	0.848735	1748	
-0.332584	0.815508	3468	
-0.529523	0.734513	3374	
-0.695333	0.618071	6614	
-0.828352	0.475929	5712	
-0.927161	0.317943	6514	
-0.184029	-0.105994	3711	
0.107207	-0.212689	294	
-0.185374	0.184133	625	
-0.249665	-0.137130	6773	
-0.293002	-0.100856	2133	
-0.105458	0.316231	1711	
0.310493	-0.178377	2971	
-0.331736	0.190348	2126	
0.195033	-0.357124	1603	
0.192699	0.386091	2927	
-0.447450	0.088855	3944	
-0.094748	-0.471404	1142	
0.461266	-0.206948	1977	
0.388455	0.361139	2371	
-0.107684	0.544598	1663	
-0.513664	0.269089	1256	
-0.577019	-0.180784	5362	
-0.339320	-0.530209	6018	
0.034413	-0.653413	850	
0.388745	-0.556936	4123	
0.630533	-0.313317	1137	
0.728923	-0.006811	2125	
0.694496	0.293039	462	
0.558716	0.542337	2479	
0.358058	0.719335	1370	
0.125875	0.818788	5790	
-0.111172	0.846036	1748	
-0.334564	0.812002	3468	
-0.531994	0.729745	3374	
-0.698000	0.611562	6614	
-0.830295	0.467910	6804	
-0.927940	0.308693	6514	
-0.154428	0.174309	297	
0.208017	0.150263	6883	
-0.176134	0.217805	412	
-0.212359	0.217426	497	
0.132334	0.301164	5890	
0.165562	-0.312461	3387	
-0.221261	0.306803	4503	
0.075381	-0.396016	4802	
0.276667	0.326416	1274	
-0.420629	0.167480	5217	
-0.157378	-0.451045	1271	
0.434194	-0.253005	946	
0.414625	0.325921	1846	
-0.072168	0.547547	2800	
-0.497661	0.292367	1527	
-0.580733	-0.158957	5251	
-0.351728	-0.519100	6009	
0.021889	-0.651563	4399	
0.380625	-0.559710	4123	
0.626337	-0.316680	1137	
0.726787	-0.008448	2125	
0.692373	0.292749	462	
0.555292	0.542968	2479	
0.353099	0.719603	1370	
0.119186	0.817878	5790	
-0.118840	0.843141	1315	
-0.342473	0.806773	3397	
-0.539451	0.722098	2974	
-0.704507	0.601502	6614	
-0.835003	0.456050	6804	
0.228306	-0.008928	490	
0.129082	-0.217237	369	
0.055278	0.271140	6451	
-0.061583	0.294960	919	
0.253270	0.204916	6329	
0.060280	-0.345830	1858	
-0.143180	0.347487	1140	
0.003618	-0.400607	4570	
0.313849	0.287658	1220	
-0.401232	0.205057	4636	
-0.185859	-0.437922	4158	
0.420499	-0.271729	946	
0.423336	0.311548	1921	
-0.060491	0.547210	1883	
-0.492466	0.297866	1527	
-0.580100	-0.155295	5251	
-0.351178	-0.517610	6009	
0.024250	-0.650028	4399	
0.384164	-0.555668	3287	
0.628273	-0.309774	1137	
0.725519	0.000187	5397	
0.687169	0.301669	462	
0.546202	0.550416	3031	
0.341121	0.724058	1437	
0.105356	0.818627	4079	
-0.133265	0.839873	1185	
-0.356268	0.799610	3397	
-0.551839	0.711365	3439	
-0.714729	0.587738	4705	
-0.842385	0.440122	6527	
-0.934945	0.277995	6058	
0.085204	-0.208011	595	
0.003961	-0.250661	776	
0.119968	0.248143	379	
-0.017459	0.299868	6232	
0.271139	0.179000	6667	
0.037056	-0.348127	2065	
-0.129352	0.351957	935	
-0.002747	-0.399835	4512	
0.316186	0.283770	1220	
-0.402450	0.201265	4636	
-0.180503	-0.439402	4158	
0.424751	-0.263855	946	
0.416339	0.319863	1846	
-0.073247	0.545079	2800	
-0.499236	0.285294	5668	
-0.575397	-0.170009	5362	
-0.337148	-0.526240	5560	
0.041755	-0.648664	850	
0.398738	-0.544724	3257	
0.636047	-0.292412	665	
0.724805	0.019686	5047	
0.678467	0.319792	481	
0.531155	0.564399	2524	
0.321921	0.732368	1338	
0.084183	0.820697	3749	
-0.154450	0.835861	5330	
-0.375980	0.790142	3386	
-0.568935	0.697318	5493	
-0.728461	0.570084	4618	
-0.852277	0.419898	6224	
-0.940838	0.256137	6039	
0.222725	-0.043326	964	
0.163847	-0.192097	995	
0.001999	0.276697	1192	
-0.111723	0.279863	6657	
0.218583	0.241593	6192	
0.109024	-0.333692	2236	
-0.188162	0.325348	4935	
0.053376	-0.397055	4330	
0.277926	0.322519	793	
-0.421522	0.159252	5217	
-0.138985	-0.454963	5722	
0.445540	-0.228373	6178	
0.391825	0.350363	1498	
-0.109893	0.539469	1663	
-0.516462	0.253996	817	
-0.565162	-0.203023	4556	
-0.308709	-0.544009	5519	
0.074128	-0.646246	1020	
0.424224	-0.525720	3185	
0.648772	-0.264164	2031	
0.723782	0.050174	2171	
0.665558	0.346752	440	
0.509615	0.584451	3109	
0.295247	0.743943	1474	
0.055598	0.823502	3775	
-0.182380	0.830591	1591	
-0.401342	0.777965	3849	
-0.590480	0.679632	5624	
-0.745429	0.548277	6709	
-0.864365	0.395212	6642	
-0.947966	0.229711	6033	
-0.215954	0.087022	1145	
0.133058	0.219452	252	
-0.244046	0.137509	6782	
-0.271952	0.135760	360	
0.034779	0.327081	1807	
0.246960	-0.253129	2926	
-0.293881	0.238147	2961	
0.170728	-0.365216	1394	
0.193333	0.381730	2927	
-0.447143	0.071085	3944	
-0.059949	-0.473925	2784	
0.475716	-0.161967	623	
0.345655	0.398332	2447	
-0.169728	0.525563	2359	
-0.540671	0.202051	1076	
-0.546410	-0.252878	3636	
-0.264700	-0.568429	1505	
0.121305	-0.640553	682	
0.458941	-0.497512	3064	
0.664980	-0.224467	3037	
0.721062	0.091405	5253	
0.647387	0.382060	535	
0.480935	0.609809	5104	
0.260752	0.757964	5670	
0.019542	0.826286	5587	
-0.216862	0.823397	5603	
-0.432140	0.762513	4233	
-0.616125	0.657894	4549	
-0.765231	0.522065	5771	
-0.878254	0.365893	900	
0.003127	-0.212360	3902	
0.209012	-0.114009	652	
-0.256766	0.048365	3923	
-0.145069	-0.245126	6348	
-0.208356	-0.229414	247	
-0.233464	0.237958	1848	
0.356383	-0.035032	5965	
-0.379489	0.047750	1736	
0.311126	-0.262251	5117	
0.048986	0.428691	796	
-0.452082	-0.061120	1217	
0.055140	-0.477662	5913	
0.501692	-0.062534	660	
0.271789	0.455482	1990	
-0.249540	0.495908	2882	
-0.565511	0.128321	2317	
-0.514787	-0.317198	5026	
-0.204209	-0.595446	1429	
0.182327	-0.628413	3006	
0.501534	-0.457994	2414	
0.682611	-0.172604	1639	
0.714876	0.142549	5602	
0.622718	0.424758	913	
0.444362	0.639405	5354	
0.218113	0.773350	4100	
-0.023831	0.828064	1304	
-0.257599	0.813501	1495	
-0.467868	0.743225	2994	
-0.645435	0.631627	3935	
-0.787400	0.491132	4201	
-0.893425	0.331841	1046	
-0.023756	-0.221965	591	
-0.195889	-0.151539	271	
0.254753	-0.088316	5987	
0.290236	0.040546	2101	
0.201866	-0.242597	5969	
-0.318772	-0.117438	4055	
0.258237	0.256368	3806	
-0.326156	-0.210362	4462	
0.408814	-0.053739	3769	
-0.147905	0.410839	3199	
-0.401629	-0.226245	1801	
0.200748	-0.441904	765	
0.504893	0.071310	1809	
0.166290	0.507945	2182	
-0.342438	0.441922	3609	
-0.582727	0.033123	3685	
-0.465425	-0.391707	4195	
-0.126042	-0.620312	2833	
0.255054	-0.606208	4937	
0.548677	-0.405725	4436	
0.698798	-0.108368	1518	
0.703183	0.203152	1734	
0.590237	0.473531	431	
0.399305	0.671739	5279	
0.167418	0.788656	5561	
-0.074231	0.827718	1310	
-0.304195	0.799985	2306	
-0.508006	0.719444	2920	
-0.677831	0.600368	5010	
-0.811353	0.455195	5549	
-0.909286	0.293036	317	
-0.972395	0.123130	6784	
0.167490	-0.132619	593	
0.128155	-0.198822	299	
0.007171	0.256537	527	
-0.272780	0.063520	3166	
-0.244518	0.177641	4029	
0.180280	0.270330	1912	
0.069057	-0.341399	1858	
-0.104433	0.356778	3877	
-0.065975	-0.389687	4545	
0.360658	0.213500	529	
-0.343699	0.279539	5871	
-0.268408	-0.382209	1920	
0.352610	-0.341953	522	
0.463190	0.225939	4604	
0.027253	0.538956	1481	
-0.436807	0.356839	1727	
-0.582662	-0.082656	4497	
-0.393942	-0.469566	5706	
-0.030932	-0.636623	892	
0.336529	-0.570002	2844	
0.597216	-0.338518	6011	
0.710384	-0.032210	1574	
0.683455	0.272462	510	
0.548558	0.526610	642	
0.345017	0.705172	5532	
0.108604	0.802405	3312	
-0.131633	0.823978	1315	
-0.356059	0.781904	2925	
-0.551768	0.690534	5442	
-0.712583	0.563726	3678	
-0.836490	0.413939	5950	
-0.925247	0.249351	6787	
-0.979841	0.078825	6769	
-0.120847	-0.173585	3717	
-0.231931	-0.020898	4609	
0.161024	-0.192090	995	
0.260244	0.074936	3763	
0.291598	0.014453	1933	
0.102907	-0.296122	1630	
-0.324158	0.084450	5595	
0.355304	0.044840	3362	
-0.378351	0.042786	1736	
0.279760	-0.291215	5633	
0.120452	0.409877	1169	
-0.449330	0.034350	4423	
-0.051017	-0.471604	2325	
0.468456	-0.169389	623	
0.359739	0.378347	3316	
-0.137195	0.528487	2386	
-0.519507	0.234789	1002	
-0.554963	-0.212476	3974	
-0.298461	-0.541752	1660	
0.079986	-0.637791	1020	
0.422605	-0.516185	3185	
0.642392	-0.255912	2031	
0.713840	0.055035	2171	
0.653250	0.348533	440	
0.496248	0.582086	2585	
0.281239	0.737620	5482	
0.042050	0.812870	5763	
-0.195217	0.815503	2127	
-0.412047	0.758452	3849	
-0.598329	0.655851	3643	
-0.748831	0.521319	5747	
-0.861926	0.367277	6751	
-0.940618	0.200804	6289	
0.211578	-0.032308	6815	
-0.224068	-0.063175	364	
-0.033839	-0.246095	309	
0.098877	-0.247027	6339	
-0.041096	-0.281936	264	
-0.300010	-0.052919	1290	
0.077660	0.316404	1699	
0.076631	-0.338891	1858	
-0.037522	0.367124	1700	
-0.169971	-0.352452	4522	
0.405573	0.082367	5425	
-0.219819	0.377304	2881	
-0.381185	-0.256742	1011	
0.207480	-0.435976	958	
0.503018	0.057189	724	
0.190792	0.494272	1882	
-0.307046	0.460504	3112	
-0.571892	0.078216	1999	
-0.491060	-0.346586	4343	
-0.176135	-0.599649	2102	
0.200898	-0.617219	3106	
0.508032	-0.441731	2645	
0.679217	-0.158097	1605	
0.705473	0.151733	1427	
0.610790	0.428129	746	
0.432369	0.637384	5354	
0.207378	0.766982	4100	
-0.032354	0.818301	5536	
-0.263873	0.801045	5496	
-0.471662	0.728499	3318	
-0.646686	0.614845	4676	
-0.785461	0.473011	5260	
-0.887181	0.314613	6292	
-0.954656	0.147523	380	
0.034951	0.196361	261	
0.112481	-0.192965	3975	
0.201811	-0.123157	652	
0.204689	-0.144513	267	
0.132017	-0.230945	5138	
-0.109008	-0.261956	283	
-0.255463	0.159734	6576	
0.303953	0.100011	1524	
-0.263405	-0.214538	6229	
0.287673	0.217777	1493	
-0.378276	-0.050478	5661	
0.298686	-0.270814	5428	
0.144589	0.399524	5539	
-0.438683	0.087210	3944	
-0.127051	-0.452249	5722	
0.422764	-0.252546	946	
0.423068	0.294305	1925	
-0.025586	0.537857	1776	
-0.455671	0.328693	5850	
-0.576641	-0.100315	5327	
-0.385795	-0.471032	5675	
-0.031586	-0.631707	4614	
0.327299	-0.568797	2844	
0.585853	-0.345436	1620	
0.702561	-0.046602	1421	
0.682035	0.254872	885	
0.554239	0.508464	721	
0.356484	0.689557	5501	
0.124676	0.790620	3250	
-0.113661	0.816760	5427	
-0.337181	0.779080	2299	
-0.533517	0.691317	5333	
-0.695578	0.567235	3993	
-0.821498	0.418563	5950	
-0.911110	0.256116	6610	
-0.966716	0.088908	5959	
0.209937	0.081461	6207	
0.111119	0.197715	302	
0.222540	0.084822	340	
-0.043226	-0.243785	387	
-0.130066	0.221404	355	
0.211435	0.169089	480	
0.031020	-0.283234	2302	
-0.272357	0.128778	730	
0.317776	0.006024	5919	
-0.329950	-0.064503	3307	
0.355430	0.001408	5872	
-0.315071	0.203322	2126	
0.045847	-0.392581	4330	
0.357118	0.213576	529	
-0.285786	0.331137	1111	
-0.359879	-0.284794	2294	
0.207512	-0.433786	958	
0.502013	0.034235	556	
0.226524	0.474339	4932	
-0.258114	0.483756	3510	
-0.553881	0.139607	6238	
-0.521790	-0.284377	5139	
-0.242284	-0.568021	1730	
0.127149	-0.628122	682	
0.449215	-0.489430	2536	
0.649121	-0.227655	2858	
0.707421	0.076632	5503	
0.640818	0.360681	5292	
0.482442	0.586208	3148	
0.269217	0.735327	5646	
0.033107	0.806333	5763	
-0.199999	0.806623	2127	
-0.413510	0.748524	4245	
-0.596651	0.645895	3643	
-0.744178	0.512222	5747	
-0.855746	0.358190	6786	
-0.932439	0.192427	6289	
-0.976081	0.023074	6030	
0.250049	0.020432	456	
0.214150	0.134543	6390	
-0.137775	0.216766	355	
-0.178464	-0.191098	6633	
0.234024	0.134014	614	
-0.251771	-0.122823	6597	
0.252419	0.146589	1972	
-0.264331	-0.151494	6303	
0.273522	0.166115	6667	
-0.321642	-0.097729	3292	
0.349576	-0.053549	2963	
-0.233664	0.289125	4938	
-0.117101	-0.372518	5620	
0.409142	0.025681	1154	
-0.092368	0.420052	1241	
-0.443949	-0.077366	3040	
-0.015487	-0.471447	3460	
0.456028	-0.187529	692	
0.397701	0.326842	1846	
-0.042644	0.535104	1932	
-0.452613	0.328177	5562	
-0.575361	-0.084416	4497	
-0.403457	-0.449721	1236	
-0.065803	-0.623575	4383	
0.288268	-0.582628	6296	
0.556359	-0.379062	5107	
0.690401	-0.091943	1369	
0.689606	0.206615	1734	
0.579390	0.465711	433	
0.395020	0.657398	5279	
0.170679	0.771950	3640	
-0.064920	0.811759	3417	
-0.290409	0.786261	2306	
-0.490997	0.708580	3863	
-0.659107	0.592120	4737	
-0.791259	0.449438	5244	
-0.887325	0.291460	6592	
-0.950161	0.124318	320	
-0.981378	-0.044250	6138	
-0.254902	0.105328	6384	
-0.273871	0.040850	3923	
-0.206194	-0.189687	384	
0.136600	-0.249945	6730	
0.156127	0.248048	237	
-0.301083	-0.025695	4477	
0.246619	-0.193552	1510	
-0.062501	0.319738	6198	
-0.184671	-0.285171	2637	
0.348126	0.071710	3095	
-0.259942	0.265758	2989	
-0.146207	-0.360403	5440	
0.402764	-0.057979	3769	
0.028224	0.424802	1031	
-0.440493	0.064558	3281	
-0.171229	-0.432379	4158	
0.355677	-0.330294	626	
0.478125	0.166401	627	
0.135660	0.509667	2050	
-0.316514	0.448428	3600	
-0.562569	0.095700	1919	
-0.507009	-0.307009	5026	
-0.229561	-0.570527	1730	
0.126892	-0.624633	682	
0.440271	-0.491761	2536	
0.639252	-0.240159	2059	
0.703638	0.056395	1392	
0.646292	0.337163	856	
0.497774	0.563870	2585	
0.292414	0.718194	4110	
0.062088	0.796424	2513	
-0.168867	0.804828	3779	
-0.382421	0.754613	2812	
-0.568004	0.658544	5626	
-0.719338	0.529778	1224	
-0.835034	0.379520	3884	
-0.915348	0.218139	6650	
-0.963637	0.051791	466	
-0.299911	-0.015887	4660	
-0.295003	-0.061028	1182	
-0.215075	-0.214787	276	
0.102142	-0.292564	307	
0.315198	0.016331	5938	
-0.062221	0.318896	6198	
-0.309878	-0.127278	2006	
0.232416	-0.258226	2926	
0.182556	0.311223	3279	
-0.359328	0.107206	2930	
-0.048608	-0.387426	4184	
0.406295	-0.022658	2417	
0.049268	0.421229	1031	
-0.425411	0.121015	3595	
-0.247757	-0.388770	2118	
0.269616	-0.397398	941	
0.498099	0.044348	556	
0.257911	0.451897	1990	
-0.187289	0.507432	2453	
-0.511748	0.231925	1002	
-0.558040	-0.169222	3783	
-0.352975	-0.490985	5422	
-0.018319	-0.626266	4542	
0.317273	-0.565725	2844	
0.566324	-0.359621	1625	
0.688814	-0.078926	1504	
0.684320	0.210484	2149	
0.576060	0.462460	433	
0.396371	0.650396	3280	
0.177295	0.764367	3640	
-0.053880	0.805992	3722	
-0.275767	0.783965	5128	
-0.474923	0.710269	5151	
-0.642822	0.597866	4674	
-0.775709	0.459035	5191	
-0.873985	0.303000	6592	
-0.938609	0.138526	342	
-0.972048	-0.026168	6755	
-0.181271	0.269653	1880	
-0.207173	0.251453	6553	
-0.302339	0.129634	1309	
-0.315629	-0.107258	3292	
-0.082438	-0.329611	764	
0.299515	-0.177831	1600	
0.242214	0.263733	3063	
-0.233110	0.286072	3057	
-0.315379	-0.214830	3771	
0.181182	-0.351292	1688	
0.388983	0.129332	1951	
-0.042015	0.423648	1109	
-0.433726	0.086611	3944	
-0.253319	-0.383487	2118	
0.236526	-0.415068	562	
0.495852	-0.019253	1243	
0.323737	0.401017	1631	
-0.092434	0.527012	1507	
-0.453715	0.319896	1179	
-0.572692	-0.057529	4969	
-0.435037	-0.408002	4656	
-0.135820	-0.602409	5029	
0.204114	-0.605403	3106	
0.485549	-0.447808	3101	
0.654487	-0.193215	4571	
0.698258	0.093847	1254	
0.630353	0.361859	5292	
0.479529	0.575684	3148	
0.276762	0.720497	5646	
0.051326	0.792866	2839	
-0.173914	0.798709	5411	
-0.383059	0.748044	2812	
-0.564634	0.653338	5568	
-0.713402	0.526615	1292	
-0.827284	0.379061	3884	
-0.906959	0.220209	6650	
-0.955386	0.054993	466	
-0.974332	-0.109596	6507	
0.348039	0.038152	3362	
0.345515	0.062219	3095	
0.311937	0.166596	1758	
0.177024	0.311316	3279	
-0.081714	0.354577	3304	
-0.342039	0.145586	1894	
-0.303979	-0.229259	2429	
0.074524	-0.384099	4802	
0.394491	-0.083016	4331	
0.236735	0.342208	540	
-0.223182	0.367650	2881	
-0.443305	-0.040864	1545	
-0.185697	-0.421934	2888	
0.266431	-0.396531	941	
0.494653	-0.017273	1243	
0.341096	0.383094	1467	
-0.047659	0.529423	1932	
-0.411819	0.365413	4202	
-0.569869	0.016845	3122	
-0.482491	-0.339746	4343	
-0.218221	-0.570037	1838	
0.111344	-0.621073	687	
0.408699	-0.507964	2047	
0.611444	-0.281712	421	
0.694683	-0.004637	1417	
0.664123	0.268615	5886	
0.542633	0.500651	493	
0.359521	0.670078	3365	
0.143410	0.769403	3213	
-0.081584	0.800936	3417	
-0.296178	0.772857	1821	
-0.487887	0.696516	1636	
-0.649456	0.583753	4543	
-0.777496	0.445640	5191	
-0.871805	0.291560	4834	
-0.933242	0.130599	5720	
-0.965141	-0.031884	6755	
-0.970175	-0.191679	6062	
-0.351681	-0.130110	5637	
-0.346922	-0.144633	4585	
-0.306121	-0.222247	2429	
-0.189510	-0.332258	5417	
0.020727	-0.387584	3941	
0.272222	-0.286578	5547	
0.403818	0.001298	5881	
0.258511	0.323158	1274	
-0.102030	0.412424	1008	
-0.407614	0.158545	5217	
-0.380307	-0.241693	1681	
-0.033900	-0.463782	2713	
0.349979	-0.328806	626	
0.493564	0.051248	556	
0.313968	0.405622	1631	
-0.055970	0.527426	1932	
-0.400945	0.373992	4202	
-0.564761	0.048239	1473	
-0.503780	-0.298991	3810	
-0.268138	-0.542570	1721	
0.046269	-0.623263	541	
0.347654	-0.543569	2084	
0.569616	-0.344554	5095	
0.681515	-0.082632	1504	
0.681706	0.189638	1050	
0.587114	0.432058	4948	
0.423961	0.619273	3212	
0.219651	0.740329	3141	
-0.000416	0.794135	3665	
-0.216706	0.786989	5420	
-0.415814	0.728199	3856	
-0.587575	0.629323	3238	
-0.727434	0.501501	5524	
-0.833738	0.355021	6418	
-0.907697	0.197886	6381	
-0.951430	0.035431	419	
-0.966980	-0.125426	6742	
0.399907	-0.001136	5881	
0.400646	0.004735	5881	
0.395882	0.076231	5425	
0.356812	0.195599	3657	
0.239798	0.335436	540	
0.029842	0.418032	1031	
-0.229290	0.360440	3633	
-0.417309	0.128483	2279	
-0.403640	-0.192545	5660	
-0.160305	-0.430016	4689	
0.192257	-0.430752	2538	
0.450115	-0.181555	692	
0.465926	0.181501	4564	
0.235138	0.458603	5335	
-0.117298	0.518458	2386	
-0.424192	0.347394	4439	
-0.564593	0.035459	1473	
-0.504660	-0.293218	2825	
-0.285216	-0.530279	1660	
0.013295	-0.620868	3969	
0.308916	-0.560952	5968	
0.537463	-0.383129	4455	
0.666239	-0.136705	4828	
0.688467	0.129339	1384	
0.615787	0.375374	632	
0.471094	0.573407	639	
0.280199	0.710001	3452	
0.066911	0.781789	2489	
-0.148891	0.792374	2981	
-0.351165	0.749895	5237	
-0.529710	0.664795	5473	
-0.678783	0.547672	5467	
-0.795698	0.408466	4269	
-0.880522	0.255692	4872	
-0.934200	0.097814	4927	
-0.960147	-0.061830	6840	
-0.960348	-0.218504	6042	
-0.284804	0.315303	921	
-0.288661	0.312982	921	
-0.326929	0.276077	5806	
-0.386460	0.191976	4928	
-0.433699	0.050751	4423	
-0.421047	-0.137821	5604	
-0.308929	-0.328064	1365	
-0.086617	-0.451334	6208	
0.189910	-0.429654	2538	
0.415335	-0.242299	504	
0.489751	0.057130	556	
0.368255	0.347365	1592	
0.092124	0.512058	1357	
-0.227001	0.484514	2134	
-0.474138	0.279819	1202	
-0.566374	-0.022334	4509	
-0.486013	-0.323180	3515	
-0.270247	-0.536880	1721	
0.014360	-0.618899	3969	
0.296655	-0.564157	5866	
0.520877	-0.399156	2240	
0.654871	-0.165837	3915	
0.689104	0.091489	1324	
0.632003	0.334572	3908	
0.502747	0.536660	808	
0.323704	0.683075	3389	
0.118335	0.767575	2394	
-0.093359	0.792184	2937	
-0.296056	0.763566	1821	
-0.478980	0.690569	4642	
-0.634578	0.583498	4543	
-0.759550	0.452073	5136	
-0.852776	0.305475	4185	
-0.915735	0.150491	5880	
-0.950400	-0.008075	6721	
-0.959032	-0.162770	622	
-0.200602	-0.402832	5183	
-0.204094	-0.401794	2739	
-0.166874	-0.420914	3526	
-0.088188	-0.447603	6208	
0.035118	-0.459649	4578	
0.188927	-0.427121	2538	
0.346616	-0.323859	626	
0.461527	-0.141773	1100	
0.483104	0.095451	457	
0.381425	0.328124	2901	
0.165471	0.487444	1105	
-0.111333	0.515507	1722	
-0.367671	0.396686	2522	
-0.531172	0.161358	5578	
-0.556522	-0.123688	3735	
-0.441714	-0.384806	2515	
-0.221186	-0.560008	1838	
0.049646	-0.617074	4679	
0.313303	-0.553958	5297	
0.523007	-0.393217	4450	
0.650860	-0.170258	3915	
0.687250	0.076602	1324	
0.638094	0.312897	3465	
0.519273	0.513430	1166	
0.350777	0.663005	3365	
0.153883	0.754666	509	
-0.052333	0.788861	3722	
-0.253509	0.770655	2554	
-0.437345	0.707998	2744	
-0.596626	0.610077	3666	
-0.726920	0.486461	3509	
-0.826936	0.345359	6418	
-0.897223	0.193816	5581	
-0.938817	0.039499	6690	
-0.954898	-0.115132	6688	
0.439737	-0.179747	539	
0.438196	-0.185233	539	
0.451236	-0.156863	1100	
0.471557	-0.094132	947	
0.485347	0.006124	673	
0.471174	0.138772	6160	
0.407757	0.286120	1937	
0.282913	0.419825	1431	
0.097295	0.506083	1393	
-0.124793	0.510590	1599	
-0.337851	0.417150	1588	
-0.497576	0.231633	5994	
-0.561759	-0.010108	4024	
-0.513075	-0.260769	2432	
-0.360396	-0.467268	4271	
-0.135059	-0.589930	4466	
0.118624	-0.609574	1085	
0.357244	-0.527872	1489	
0.543457	-0.364425	4994	
0.655095	-0.148976	3915	
0.684242	0.086739	1324	
0.635541	0.312092	3465	
0.521915	0.505862	1166	
0.361374	0.652527	2852	
0.172680	0.745577	494	
-0.027508	0.784566	2505	
-0.224667	0.773101	3834	
-0.406975	0.718086	4274	
-0.566783	0.628047	3315	
-0.700208	0.510883	1211	
-0.804569	0.375241	4312	
-0.879727	0.228654	4044	
-0.927115	0.077240	6152	
-0.949022	-0.076372	1016	
-0.947304	-0.225539	6042	
0.263242	0.425181	1294	
0.271207	0.420885	1294	
0.252520	0.434518	1294	
0.206478	0.461508	1262	
0.128102	0.493554	1160	
0.018442	0.515027	4711	
-0.117728	0.508611	1599	
-0.267276	0.457449	4926	
-0.406962	0.352596	4439	
-0.513874	0.191170	6027	
-0.559000	-0.008659	4024	
-0.526468	-0.220091	1750	
-0.412926	-0.411737	3966	
-0.232287	-0.549317	1558	
-0.010160	-0.610269	3747	
0.218725	-0.585456	974	
0.424419	-0.479534	4409	
0.578323	-0.310111	4378	
0.665128	-0.101051	4034	
0.678900	0.121656	1403	
0.624018	0.332646	963	
0.511199	0.514210	1166	
0.355713	0.652734	2852	
0.173993	0.741931	494	
-0.019255	0.780820	2505	
-0.210270	0.772283	5420	
-0.388785	0.722080	3008	
-0.547299	0.637294	3315	
-0.680800	0.525875	1462	
-0.786826	0.395694	4140	
-0.864836	0.253962	4867	
-0.916338	0.104925	4936	
-0.942284	-0.044477	6878	
-0.945515	-0.191469	1127	
-0.927727	-0.334357	6810	
-0.320369	0.415991	2124	
-0.312016	0.423031	1335	
-0.326390	0.414296	2124	
-0.361427	0.388209	2522	
-0.411435	0.341159	3597	
-0.468922	0.267097	5502	
-0.521197	0.162710	5578	
-0.552618	0.030814	1347	
-0.548617	-0.121210	3735	
-0.497492	-0.280626	2158	
-0.393682	-0.427970	5341	
-0.242209	-0.540973	5248	
-0.055140	-0.602145	3593	
0.146765	-0.599822	860	
0.341459	-0.530600	2084	
0.505019	-0.401568	3791	
0.619818	-0.226868	1171	
0.675045	-0.025944	5216	
0.667455	0.180743	1060	
0.601263	0.373886	632	
0.485539	0.538504	808	
0.332923	0.663706	2875	
0.157580	0.743914	514	
-0.028247	0.778137	2505	
-0.211914	0.768595	3834	
-0.384155	0.720236	2987	
-0.538595	0.638814	5395	
-0.669608	0.531881	5467	
-0.774898	0.406472	4140	
-0.853885	0.268524	4843	
-0.907168	0.123479	4870	
-0.935676	-0.022097	6725	
-0.942060	-0.168248	558	
-0.927567	-0.309813	6513	
-0.545053	-0.073736	3195	
-0.547197	-0.060962	3195	
-0.547526	-0.072614	3195	
-0.544564	-0.107982	3163	
-0.534129	-0.165125	2228	
-0.510536	-0.239778	2201	
-0.466049	-0.328346	2450	
-0.394396	-0.421448	3000	
-0.293679	-0.506285	5344	
-0.163121	-0.571419	5126	
-0.008485	-0.604091	3747	
0.158342	-0.594223	860	
0.323444	-0.536597	5546	
0.470636	-0.432036	2857	
0.585243	-0.287255	3523	
0.656083	-0.112833	4853	
0.675956	0.075071	5332	
0.643763	0.262258	3605	
0.563555	0.432971	4263	
0.442778	0.576402	546	
0.292114	0.683560	2933	
0.122844	0.750429	689	
-0.054701	0.775920	722	
-0.229579	0.761860	5302	
-0.393782	0.712380	4750	
-0.541426	0.632462	3315	
-0.667574	0.528551	5467	
-0.769840	0.406843	5113	
-0.847403	0.272782	4843	
-0.900333	0.132258	3623	
-0.929942	-0.010252	6715	
-0.937981	-0.153351	622	
-0.926543	-0.289765	274	
-0.897850	-0.420366	6140	
-0.284976	-0.499459	5344	
-0.297532	-0.492715	4168	
-0.292042	-0.497899	5344	
-0.268862	-0.513818	5352	
-0.227737	-0.537417	5248	
-0.166608	-0.564419	5126	
-0.085677	-0.588039	3907	
0.014209	-0.600876	3407	
0.129827	-0.594843	1085	
0.252576	-0.563514	823	
0.377031	-0.501036	5445	
0.490705	-0.406770	3791	
0.583740	-0.282699	3523	
0.646888	-0.133450	3086	
0.672532	0.030401	5218	
0.657015	0.198979	5815	
0.600572	0.360550	949	
0.506112	0.505188	1166	
0.380742	0.623128	547	
0.231774	0.708975	486	
0.069331	0.758892	1080	
-0.098684	0.772370	2937	
-0.263186	0.750913	5447	
-0.417355	0.697934	3847	
-0.556066	0.617606	4839	
-0.674891	0.515556	5663	
-0.771778	0.396893	4234	
-0.845629	0.266788	4843	
-0.896380	0.130569	3173	
-0.925316	-0.008651	3295	
-0.933529	-0.147081	5593	
-0.923154	-0.281181	274	
-0.895156	-0.411489	6093	
0.170319	-0.575330	1091	
0.155610	-0.580035	1082	
0.159296	-0.580664	1082	
0.180958	-0.576980	1091	
0.219802	-0.567250	852	
0.273270	-0.548655	6196	
0.337651	-0.518247	1489	
0.410881	-0.470939	1416	
0.486359	-0.404365	3791	
0.556768	-0.317340	4220	
0.614862	-0.210876	420	
0.654506	-0.085289	4034	
0.668844	0.051869	5331	
0.653784	0.195516	5815	
0.607050	0.337720	749	
0.529766	0.469058	2599	
0.424156	0.583259	460	
0.296332	0.673004	2209	
0.151199	0.734666	514	
-0.002927	0.765296	668	
-0.159693	0.764558	2435	
-0.312025	0.733679	5084	
-0.454107	0.675524	4534	
-0.581823	0.593400	4836	
-0.691176	0.492236	1200	
-0.780500	0.376139	3686	
-0.848626	0.249741	3973	
-0.895333	0.118012	4091	
-0.921825	-0.017278	2899	
-0.928834	-0.150715	5632	
-0.918181	-0.282045	274	
-0.890666	-0.409182	6093	
0.526406	-0.336902	4284	
0.517774	-0.350947	4601	
0.519299	-0.351456	4601	
0.530358	-0.339101	4284	
0.550114	-0.313151	4220	
0.575806	-0.273324	3340	
0.604653	-0.218135	651	
0.631807	-0.148796	2494	
0.653123	-0.063804	5131	
0.663452	0.034085	4282	
0.658211	0.141345	5574	
0.633595	0.254671	3605	
0.586889	0.369073	5121	
0.517841	0.477678	3018	
0.426018	0.575947	460	
0.314859	0.657448	551	
0.187733	0.717955	828	
0.050041	0.754217	2154	
-0.093322	0.764510	1829	
-0.236494	0.748579	5459	
-0.374613	0.707317	2987	
-0.502677	0.643138	5286	
-0.617423	0.558505	3248	
-0.715440	0.457625	4105	
-0.795193	0.343989	6397	
-0.855748	0.221328	3626	
-0.896768	0.094185	4431	
-0.919234	-0.036355	3784	
-0.923723	-0.164715	6246	
-0.911677	-0.291970	284	
-0.883958	-0.414590	6093	
0.648679	0.042052	3403	
0.650052	0.024547	4282	
0.651591	0.022205	4282	
0.653432	0.034652	4282	
0.654832	0.061216	5474	
0.654146	0.101235	4326	
0.649153	0.153750	4391	
0.637078	0.217599	880	
0.615045	0.290270	4445	
0.580281	0.369376	5121	
0.530942	0.450757	2599	
0.465817	0.530354	448	
0.384300	0.604076	854	
0.287320	0.667632	2209	
0.177584	0.716623	828	
0.057173	0.748293	1080	
-0.069702	0.760084	895	
-0.199317	0.750625	2477	
-0.326569	0.719994	4959	
-0.448838	0.668357	4534	
-0.560944	0.598229	4701	
-0.660911	0.511224	5663	
-0.745835	0.410785	4767	
-0.814427	0.299790	6341	
-0.865862	0.181164	5460	
-0.899773	0.058954	6100	
-0.916883	-0.066183	4920	
-0.917683	-0.188865	6587	
-0.903244	-0.311166	1215	
-0.874693	-0.427970	6079	
0.544573	0.398947	3441	
0.555514	0.384388	3920	
0.559595	0.380786	3920	
0.556828	0.388890	3920	
0.547276	0.407624	3967	
0.529874	0.436466	3581	
0.503855	0.473599	3018	
0.468165	0.516868	448	
0.421805	0.563773	1190	
0.363226	0.611857	851	
0.292530	0.657777	859	
0.210585	0.697871	846	
0.117821	0.729258	694	
0.015975	0.749052	909	
-0.092135	0.754810	703	
-0.204502	0.744644	3026	
-0.316690	0.717910	4959	
-0.426514	0.674060	4675	
-0.530355	0.613914	4030	
-0.625472	0.538557	2953	
-0.709226	0.450179	4105	
-0.779907	0.350724	3235	
-0.836140	0.242989	3587	
-0.877288	0.128968	3173	
-0.902994	0.012232	5795	
-0.913725	-0.106855	5172	
-0.909904	-0.223350	6713	
-0.892230	-0.339640	910	
-0.862285	-0.449469	6053	
-0.821132	-0.553861	6338	
0.292216	0.636164	696	
0.309619	0.628374	672	
0.316529	0.626439	672	
0.313162	0.630634	672	
0.299591	0.640563	859	
0.276001	0.655371	761	
0.242238	0.673734	554	
0.198086	0.693886	770	
0.143939	0.713731	5526	
0.080301	0.730951	786	
0.006762	0.743318	909	
-0.074171	0.748467	717	
-0.161411	0.744343	2097	
-0.253421	0.729023	2632	
-0.346814	0.701616	5034	
-0.440224	0.660951	4534	
-0.530490	0.607124	4030	
-0.614861	0.540935	1824	
-0.691757	0.462578	5589	
-0.758670	0.374279	4059	
-0.814536	0.276691	6097	
-0.857707	0.173276	5460	
-0.887879	0.064582	4784	
-0.904671	-0.046001	4239	
-0.908337	-0.158061	5632	
-0.899235	-0.267897	6304	
-0.877754	-0.377123	6902	
-0.802747	-0.579137	6056	
-0.019868	0.724801	1191	
-0.000371	0.725520	739	
0.008281	0.726786	739	
0.006657	0.728922	739	
-0.005296	0.731924	1191	
-0.027951	0.735239	787	
-0.060761	0.737924	1074	
-0.102379	0.738838	877	
-0.152391	0.736542	615	
-0.210033	0.729568	2531	
-0.274170	0.716267	3175	
-0.343545	0.695186	5034	
-0.415469	0.665626	3839	
-0.489142	0.626108	3455	
-0.561989	0.576470	3139	
-0.631572	0.517120	3100	
-0.696911	0.447158	3840	
-0.755238	0.368642	3858	
-0.805371	0.281993	6097	
-0.845956	0.188807	5460	
-0.876080	0.090299	4431	
-0.895041	-0.011281	2891	
-0.902672	-0.115204	5172	
-0.899030	-0.219148	3961	
-0.884261	-0.321751	5481	
-0.858709	-0.423107	1247	
-0.822955	-0.520573	6830	
-0.779531	-0.611021	6165	
-0.319936	0.678425	3237	
-0.301806	0.687135	2728	
-0.292888	0.692339	3222	
-0.293167	0.694465	3222	
-0.302433	0.693664	3222	
-0.320319	0.689674	3237	
-0.346500	0.681935	4581	
-0.380239	0.669796	4028	
-0.420483	0.652504	3030	
-0.465682	0.629542	3426	
-0.515127	0.599739	3502	
-0.567478	0.562241	3604	
-0.620763	0.516889	1889	
-0.673025	0.463903	5378	
-0.723385	0.402146	4771	
-0.769529	0.333130	6167	
-0.810217	0.257047	4208	
-0.844208	0.174530	5385	
-0.870317	0.087202	4124	
-0.887759	-0.004636	5788	
-0.895991	-0.098172	5002	
-0.894637	-0.194480	4295	
-0.883857	-0.289289	6599	
-0.863334	-0.384394	6733	
-0.833876	-0.476713	5669	
-0.794709	-0.567187	6056	
-0.564496	0.531068	2654	
-0.550509	0.546125	2353	
-0.543077	0.555208	2353	
-0.542428	0.558646	2353	
-0.548453	0.556675	2353	
-0.561000	0.549172	2353	
-0.579455	0.536111	3906	
-0.603478	0.516804	1889	
-0.631574	0.491673	1655	
-0.663246	0.459759	2955	
-0.696667	0.421687	3801	
-0.731238	0.376224	3493	
-0.765285	0.323994	6167	
-0.797491	0.265127	6097	
-0.826528	0.200004	2856	
-0.851273	0.128904	4911	
-0.870546	0.053255	4952	
-0.883490	-0.027104	2749	
-0.889384	-0.109952	5252	
-0.887681	-0.195498	4295	
-0.878122	-0.282101	6599	
-0.860744	-0.367544	6357	
-0.834785	-0.454371	6586	
-0.801981	-0.536749	5766	
-0.759781	-0.619228	6555	
-0.732419	0.321817	6319	
-0.724117	0.341008	2575	
-0.719655	0.353000	2430	
-0.719386	0.357963	2430	
-0.723228	0.356316	2430	
-0.731067	0.348142	2575	
-0.742453	0.333619	2586	
-0.757092	0.312224	2921	
-0.774168	0.284047	5909	
-0.792620	0.249785	4207	
-0.811707	0.208969	4685	
-0.830241	0.162405	5329	
-0.847400	0.109250	5281	
-0.862003	0.051028	4871	
-0.873162	-0.012010	5788	
-0.879936	-0.079839	3924	
-0.881643	-0.150603	5342	
-0.877646	-0.224220	3168	
-0.867415	-0.300266	5449	
-0.850964	-0.375976	6357	
-0.827509	-0.452879	6586	
-0.797303	-0.529232	5766	
-0.761358	-0.602304	1327	
-0.717319	-0.675331	6629	
-0.820729	0.084064	5098	
-0.818656	0.105260	5098	
-0.817912	0.119076	5008	
-0.818816	0.125795	5008	
-0.821509	0.125592	5008	
-0.826010	0.118294	4605	
-0.832043	0.104276	5098	
-0.839199	0.084010	4070	
-0.847002	0.056996	4871	
-0.854819	0.023754	5999	
-0.861935	-0.015072	5756	
-0.867637	-0.059260	3773	
-0.871128	-0.108616	5141	
-0.871693	-0.162526	3741	
-0.868771	-0.219837	3359	
-0.861601	-0.280712	5406	
-0.849685	-0.344567	4875	
-0.832983	-0.409083	6364	
-0.810710	-0.475057	5534	
-0.782398	-0.542515	1259	
-0.749608	-0.607242	1063	
-0.709065	-0.673488	6629	
-0.667116	-0.733342	2562	
-0.835856	-0.154553	4897	
-0.839871	-0.133355	4897	
-0.843142	-0.118914	4693	
-0.846038	-0.111268	5005	
-0.848738	-0.110311	5005	
-0.851305	-0.115940	5005	
-0.853671	-0.127611	5077	
-0.855563	-0.145569	4653	
-0.856677	-0.169303	3741	
-0.856494	-0.198974	3986	
-0.854673	-0.233581	5374	
-0.850735	-0.272690	5406	
-0.844251	-0.315707	5339	
-0.834309	-0.363334	4887	
-0.820902	-0.413725	6157	
-0.803828	-0.465752	5534	
-0.782182	-0.520077	3881	
-0.755472	-0.576700	844	
-0.725007	-0.632020	1176	
-0.688614	-0.688518	636	
-0.790110	-0.376053	3306	
-0.799575	-0.356357	3761	
-0.806745	-0.342548	3273	
-0.811977	-0.334633	3754	
-0.815488	-0.332641	3754	
-0.817390	-0.336392	4253	
-0.817672	-0.345760	4887	
-0.816264	-0.360489	3761	
-0.813093	-0.380086	3774	
-0.807664	-0.404787	3309	
-0.799621	-0.434385	3831	
-0.788981	-0.467791	5534	
-0.775525	-0.504199	3881	
-0.758877	-0.543295	6867	
-0.738185	-0.585728	844	
-0.713398	-0.630502	884	
-0.685656	-0.674967	1206	
-0.653176	-0.720832	6781	
-0.697289	-0.568975	3530	
-0.711336	-0.551879	5921	
-0.722065	-0.539502	5996	
-0.729722	-0.532025	5996	
-0.734495	-0.529548	6002	
-0.736567	-0.532012	6002	
-0.735994	-0.539297	6002	
-0.732865	-0.551006	6002	
-0.727089	-0.566921	5931	
-0.718752	-0.586515	3846	
-0.707346	-0.609881	6290	
-0.692496	-0.637100	6293	
-0.673985	-0.667771	4857	
-0.652711	-0.699823	6795	
-0.628546	-0.733105	6291	
-0.598316	-0.769932	6036	
-0.570066	-0.728483	4848	
-0.587728	-0.714746	4057	
-0.601497	-0.704518	3925	
-0.611559	-0.698009	4526	
-0.618057	-0.695352	4526	
-0.621095	-0.696645	6368	
-0.620820	-0.701714	6368	
-0.616942	-0.710962	3925	
-0.609623	-0.723935	399	
-0.599192	-0.739897	383	
-0.586023	-0.758182	280	
-0.569822	-0.778834	6463	
-0.549338	-0.802367	6835	
-0.523941	-0.828746	6070	
-0.498588	-0.854039	6083	
-0.419871	-0.852298	6655	
-0.440104	-0.842399	6894	
-0.456035	-0.835016	6602	
-0.467902	-0.830303	6602	
-0.475921	-0.828359	6768	
-0.480184	-0.829269	6768	
-0.480829	-0.833002	6768	
-0.477996	-0.839436	6768	
-0.471136	-0.848807	6602	
-0.458427	-0.862039	6086	
-0.444555	-0.876030	6133	
-0.256146	-0.940833	6064	
-0.278007	-0.934941	6051	
-0.295452	-0.930577	6051	
-0.308699	-0.927938	6392	
-0.317958	-0.927155	6392	
-0.323458	-0.928264	6392	
