time = 242.35	Re = 1
-0.581213	0.782166	2108	
-0.851794	0.476655	6152	
-0.826848	-0.520710	2158	
0.492441	-0.846980	2223	
-0.452381	-0.833453	3074	
-0.327565	-0.890014	607	
-0.041188	-0.945960	6895	
0.404298	-0.856659	893	
0.943168	-0.110404	1049	
-0.482862	0.826166	6788	
-0.957914	-0.040987	3110	
0.358343	0.904203	756	
-0.225967	-0.952272	1853	
0.873968	0.300036	3181	
0.692527	0.614897	5961	
0.029805	0.928084	954	
-0.907747	0.217276	716	
-0.613612	-0.704135	4888	
0.187599	-0.914200	545	
0.789073	-0.505277	5509	
0.616327	0.706054	4887	
-0.919901	-0.205041	2300	
0.547677	-0.773001	3777	
-0.618106	0.730750	2094	
-0.409283	0.883151	4840	
0.805292	0.389091	4737	
0.712297	0.541886	5177	
0.423740	0.797598	5479	
-0.678444	0.594711	3844	
-0.878272	-0.193803	3618	
0.350592	-0.832962	6083	
0.826773	0.371079	4085	
-0.817274	0.418101	652	
0.922225	-0.020377	4611	
-0.721695	-0.590424	6086	
0.647750	-0.673325	2153	
0.254831	0.903689	3138	
-0.001800	-0.946329	6465	
-0.639003	0.712635	2094	
0.563098	-0.782572	2793	
0.508737	-0.836818	2223	
-0.676671	-0.532361	4798	
-0.530757	-0.687461	6726	
0.509778	-0.697240	5421	
0.710269	-0.507448	6193	
-0.300781	0.814735	1452	
-0.639196	-0.595277	4879	
-0.512258	0.723705	4588	
0.479719	-0.751871	6327	
0.263194	0.861938	6278	
-0.727648	-0.529884	5720	
0.794381	0.436230	4355	
-0.865610	-0.285473	3104	
-0.925524	-0.103533	940	
0.712248	-0.606067	5309	
-0.581256	0.737682	6118	
0.838780	-0.446604	3537	
-0.644410	-0.712493	2758	
-0.652647	0.722792	2094	
0.380404	-0.902011	6495	
0.825582	0.064551	5173	
0.537150	0.644863	6385	
-0.520675	0.651171	3220	
-0.600362	-0.586723	2263	
0.802699	0.248014	5635	
-0.460515	-0.731013	5202	
0.803893	0.285589	6631	
-0.643822	-0.573234	4622	
0.813167	-0.327845	5525	
-0.736998	-0.462829	4820	
-0.750504	-0.477296	2064	
0.677429	0.585748	6783	
-0.738849	-0.513733	5720	
0.003953	0.909547	6216	
0.916964	-0.097537	1049	
0.154019	-0.920217	1409	
0.481673	0.805867	2073	
0.513709	-0.795446	1239	
-0.651907	-0.705311	2758	
0.789106	-0.581579	4387	
0.565197	0.568027	3364	
-0.409437	0.685338	5980	
-0.765304	-0.229691	5352	
0.209974	-0.772065	2527	
-0.332953	0.734195	4730	
0.359749	0.761877	5251	
-0.274390	-0.797317	6017	
-0.543843	0.632957	3114	
0.812426	0.213204	1365	
0.447334	-0.724355	471	
-0.818228	-0.263379	5636	
0.822537	-0.301157	671	
0.042401	-0.872521	5003	
0.334157	-0.825978	6083	
-0.670855	0.602438	3844	
0.900056	-0.106216	4773	
0.617689	-0.681646	541	
0.038950	-0.932196	5683	
0.218383	0.912368	5754	
0.919710	-0.235765	1855	
0.508089	-0.818516	2911	
0.868729	0.456863	1039	
0.240794	-0.718759	4399	
0.703110	-0.378031	6031	
0.030944	0.766855	2072	
0.287428	-0.712817	5143	
0.534476	-0.579566	549	
-0.777968	-0.136698	5354	
0.733721	0.299527	3245	
0.318177	-0.734186	4129	
0.820164	-0.033486	1685	
-0.813500	0.174060	3810	
-0.647512	0.537843	6242	
0.117581	0.840537	5160	
0.814265	0.252648	5635	
0.136726	-0.850648	6169	
-0.747724	0.464207	5260	
-0.474743	-0.762201	5208	
-0.055433	0.893116	4648	
0.904970	-0.002656	4479	
0.911280	-0.140409	1373	
0.556284	-0.749616	6597	
-0.934806	0.111425	1224	
-0.798401	0.530211	1446	
0.002924	0.727959	4090	
-0.112065	0.716377	2214	
-0.701936	0.328869	1419	
0.511023	-0.525991	5813	
0.073900	-0.749896	3419	
-0.229158	0.717964	4400	
-0.252023	0.719979	5082	
-0.440057	-0.678195	876	
-0.752246	-0.240124	4036	
-0.462808	0.651103	4860	
0.570124	0.577303	3868	
0.055679	0.821032	3522	
0.374321	-0.733901	3295	
0.404356	-0.731981	575	
0.694950	-0.510637	6161	
-0.420740	-0.766263	392	
-0.751970	0.457819	4444	
0.007349	-0.891154	4389	
-0.866504	-0.240033	4682	
-0.307566	0.855797	598	
-0.868682	0.342623	1442	
0.905310	0.230524	2191	
0.671900	-0.668216	2153	
0.657108	-0.705194	1857	
-0.382954	-0.642766	6291	
0.196452	-0.668180	1137	
0.693836	0.061016	2737	
-0.554464	0.455311	2839	
-0.561971	-0.458954	5246	
-0.282095	0.667630	4526	
0.729385	-0.009356	3047	
0.409043	0.676311	5843	
0.252388	-0.714214	5081	
0.441026	-0.631151	4223	
0.568825	0.549137	826	
0.792718	-0.131772	1107	
0.281863	-0.748550	6437	
0.594325	0.569813	2264	
0.192961	-0.800924	3317	
0.306646	-0.777315	5237	
0.841684	-0.178203	1903	
0.404878	-0.760715	963	
-0.287238	-0.834180	6137	
0.893117	-0.044948	5425	
0.020137	-0.901234	4977	
-0.026278	-0.915550	6919	
0.594581	-0.719788	4043	
-0.664076	-0.670468	4514	
-0.831721	-0.476693	5916	
-0.902361	-0.371073	3244	
0.348654	0.607024	3740	
0.435328	-0.473820	1775	
0.439096	-0.499320	1663	
-0.466538	-0.504435	973	
-0.529043	-0.456634	3678	
0.105578	0.701056	4500	
0.364819	0.660552	5876	
-0.110514	0.716634	2214	
-0.114943	-0.730290	1085	
0.272245	-0.701766	4685	
-0.707185	0.362796	1348	
-0.608337	-0.467703	6558	
0.760053	0.191479	4039	
0.775970	-0.256560	5647	
0.205650	-0.772873	5023	
0.421350	0.727499	1133	
0.593603	-0.580162	3091	
0.614943	0.578093	3288	
-0.290383	0.806299	1452	
0.859209	0.084838	6353	
-0.873635	-0.158108	6572	
-0.898174	-0.047569	4558	
-0.572212	0.707801	6624	
-0.421878	-0.835586	3022	
-0.558174	0.753891	3552	
-0.871810	0.399191	1800	
0.873397	0.447249	5179	
-0.641590	0.284047	5055	
0.484080	0.461053	514	
-0.116575	-0.680315	3963	
0.002794	-0.698104	4845	
-0.060388	0.694340	944	
0.555982	0.425039	4823	
-0.038254	0.725314	4940	
-0.399458	-0.656724	4309	
-0.716967	0.329237	5758	
-0.480274	0.585080	3666	
-0.652097	-0.400376	1264	
0.681997	0.386942	2361	
0.792945	0.037189	4655	
0.689838	0.411980	3741	
-0.375289	0.727528	3296	
-0.824432	0.173314	6132	
0.144613	-0.837628	4563	
-0.203707	-0.844327	6645	
0.275854	-0.828015	3331	
0.475544	0.766552	5207	
0.661627	0.621284	6823	
-0.864197	0.353161	1036	
0.441481	0.828433	3073	
-0.512398	0.806484	1240	
-0.602163	0.346140	3869	
-0.341781	-0.612434	4899	
-0.130730	0.637631	6154	
-0.530512	0.429766	4985	
0.162603	-0.658371	1831	
0.369964	-0.589650	5603	
-0.160101	0.678114	2310	
0.599654	0.358424	1065	
-0.063598	0.722934	1166	
-0.303601	-0.711888	1289	
-0.018159	-0.755503	2071	
-0.734995	-0.166495	3278	
0.546109	-0.552157	573	
-0.086814	0.780676	5430	
-0.758284	-0.251197	4014	
0.470136	-0.667758	773	
0.325640	-0.756623	4129	
0.435040	0.739745	731	
-0.841736	-0.173819	736	
-0.814315	0.337542	5526	
0.882192	-0.157046	747	
0.895005	-0.147303	747	
0.074814	0.923527	408	
0.722111	0.593770	5595	
0.608390	0.731259	6743	
-0.833241	0.505322	5134	
-0.052461	0.205474	821	
-0.607192	0.348159	3869	
0.641872	-0.283505	5056	
-0.347644	-0.610118	4899	
0.239640	-0.609080	679	
-0.673772	0.202518	3533	
0.292549	-0.611573	4087	
0.434143	-0.546111	2595	
-0.258829	0.646996	6082	
0.166316	0.705363	4436	
-0.275769	0.670268	4526	
0.345950	-0.637315	4957	
0.210383	0.752428	4854	
0.626491	0.432901	6591	
0.078581	-0.778572	4721	
0.789733	-0.166972	6003	
0.702494	0.388829	2017	
-0.791761	0.281507	6622	
0.055459	-0.834151	5431	
0.563421	0.649828	5933	
0.706099	0.497338	6715	
0.595247	-0.664993	4897	
0.423715	-0.795929	3583	
0.589238	0.713707	5229	
0.697905	0.622320	5961	
-0.570726	0.766362	2108	
-0.964761	0.138309	1526	
0.066488	0.309795	922	
-0.434376	0.463930	1822	
-0.218340	0.605672	6346	
-0.604063	0.347444	3869	
-0.340107	-0.610381	4899	
-0.642144	0.283029	5055	
-0.644211	0.194334	891	
-0.664998	0.307321	399	
0.303745	-0.605961	4087	
0.586683	-0.430454	850	
-0.524575	0.477799	2471	
-0.631464	-0.348815	5442	
-0.603243	0.450615	926	
0.606602	-0.460810	1437	
-0.454940	0.603369	4740	
0.472807	-0.608719	4503	
-0.441133	0.650289	1060	
-0.187267	-0.793820	3853	
-0.242800	0.781621	840	
-0.824966	-0.110927	6848	
0.832425	0.182021	735	
0.832435	0.227313	1315	
0.451260	-0.768024	1375	
0.461242	-0.774974	1375	
0.008039	0.925988	6216	
0.335470	0.876563	1038	
-0.922436	0.259463	1878	
-0.311371	0.230606	4679	
-0.236311	0.226342	2219	
0.059797	0.375934	2672	
0.150334	0.585217	2190	
0.088464	0.423880	5032	
-0.231851	0.225111	2219	
-0.607964	0.340540	4901	
-0.602490	0.346519	3869	
-0.269039	0.593088	5330	
-0.678256	0.256073	5685	
0.533607	-0.444320	6576	
0.672578	0.180343	6541	
-0.588705	-0.373604	2826	
0.116813	0.730081	1086	
0.022664	-0.726650	4939	
-0.043696	0.754042	4946	
-0.431124	0.630413	4224	
0.372438	0.726758	2767	
-0.658375	-0.454472	2128	
0.307479	0.782718	6213	
-0.830096	0.121346	4246	
0.853590	-0.024400	2695	
0.821430	0.264183	6143	
0.658635	-0.604948	4723	
0.904205	-0.045005	1139	
-0.907031	0.213489	716	
-0.699944	0.626150	502	
-0.707216	-0.647567	3334	
-0.010773	-0.977469	5397	
0.109385	0.409846	622	
-0.369519	0.515612	772	
0.041312	0.368153	2316	
0.103926	0.504852	2942	
-0.317153	0.298960	2944	
-0.271270	0.284441	1934	
0.118468	0.550374	1978	
-0.191166	0.243278	3503	
-0.498023	0.396064	4965	
-0.340124	-0.609870	4899	
-0.659847	0.261489	487	
-0.130769	-0.668023	1527	
-0.698887	0.057277	5688	
-0.123605	0.685483	1812	
-0.703143	-0.156547	1630	
-0.726542	-0.022187	4944	
-0.169191	-0.752384	5907	
0.675072	0.348866	961	
0.745600	0.239909	3267	
-0.638332	0.503070	5974	
0.499519	0.666671	5343	
-0.833481	0.066425	2186	
0.812118	0.257617	5635	
0.628987	0.595122	4294	
0.893154	-0.001508	4993	
0.520411	0.748257	1349	
-0.187591	-0.914975	6357	
-0.455954	-0.828603	3074	
0.841232	-0.473078	6151	
0.145144	0.480700	966	
-0.403835	0.300584	1973	
-0.363464	0.305744	1406	
0.080358	0.486097	3024	
-0.009295	0.371035	2216	
-0.376663	0.360590	1762	
-0.232329	0.309049	1644	
-0.410007	0.409751	6244	
-0.308580	0.312093	4520	
-0.141363	0.261291	3726	
0.159276	0.532520	1074	
-0.647526	0.256047	3609	
0.399315	0.577718	4470	
0.356768	-0.575675	3761	
0.598526	0.355314	1065	
0.699816	-0.275937	5882	
-0.576396	0.472882	1455	
0.250940	0.736936	5756	
0.711035	-0.362372	1347	
0.784449	0.027867	4655	
-0.691492	0.443213	1592	
0.218618	0.805276	4970	
-0.799387	-0.230651	5528	
0.445606	0.744715	4449	
-0.861391	0.146916	1180	
0.246074	0.866436	6064	
-0.742690	0.532953	5824	
0.795469	-0.494344	6417	
0.866368	-0.388795	4789	
-0.562042	0.793273	2794	
0.144836	0.480107	966	
-0.028570	0.280686	3239	
-0.103426	0.272914	6401	
-0.292831	0.307863	2986	
-0.123521	0.321049	2424	
-0.380464	0.392639	4422	
0.015800	0.463718	2430	
0.030794	0.558309	4468	
0.006157	0.446117	2430	
-0.285369	0.540883	4760	
0.055769	0.462053	2818	
-0.286527	0.275480	1847	
-0.605695	0.341567	4901	
0.341718	0.605304	4900	
-0.244835	-0.687937	5835	
0.680247	-0.327917	6494	
-0.403392	-0.622794	5817	
-0.491529	0.540209	5886	
0.552092	0.501258	5734	
0.740924	-0.290203	3505	
0.715354	0.319318	6205	
-0.589658	-0.546679	767	
-0.389121	0.720274	3296	
0.244342	-0.798453	6831	
-0.768449	-0.384998	4518	
0.456846	-0.743818	4119	
-0.836562	-0.329092	1202	
0.476157	-0.783608	1239	
0.757392	0.547159	1233	
-0.946357	0.146065	1526	
-0.441443	-0.872010	1710	
0.129333	0.448787	2568	
-0.023830	0.283773	3239	
0.058491	0.418522	846	
-0.106300	0.307526	2390	
0.059275	0.526932	3486	
0.035233	0.514869	3374	
-0.137613	0.357597	3326	
0.004926	0.547258	6350	
-0.132247	0.578506	5620	
0.010548	0.533997	6818	
-0.339125	0.383201	3306	
-0.390423	0.418529	3408	
-0.385417	0.478404	3478	
0.004641	0.283203	2687	
-0.650781	0.261215	487	
-0.639144	-0.194242	6382	
0.234726	-0.655654	1305	
-0.531500	-0.455693	3678	
-0.522270	0.516282	4289	
0.122374	0.745797	2932	
0.608985	0.457833	6529	
0.192004	0.779952	6428	
0.008138	-0.801762	4231	
-0.822140	0.029232	1686	
0.135180	0.837163	1004	
0.097744	-0.854460	6169	
-0.743555	-0.485694	4796	
0.362359	-0.824669	4817	
-0.927222	-0.071730	4558	
-0.893157	-0.294743	3182	
0.837380	-0.479285	6151	
0.107207	0.406002	622	
-0.043792	0.272037	2967	
0.051520	0.407593	2934	
-0.079257	0.319394	1990	
-0.258542	0.555054	4096	
-0.359701	0.432023	5718	
-0.055739	0.577524	738	
-0.182363	0.371949	5154	
-0.056298	0.551651	568	
-0.112334	0.561885	2456	
-0.071060	0.420013	4190	
-0.249642	0.539129	5488	
-0.109147	0.594136	5838	
-0.389143	0.367563	2544	
-0.438652	0.327079	1041	
0.610308	-0.347120	4902	
-0.666765	0.073621	2370	
0.271726	-0.641087	6081	
-0.331152	-0.679426	6507	
-0.674809	0.376411	6360	
0.114367	-0.742574	3269	
-0.586818	0.509958	5200	
-0.646262	0.480254	3782	
0.488540	0.659441	5019	
0.572217	-0.599158	3249	
0.468743	-0.709537	4635	
0.753327	0.421130	6845	
0.823069	0.345809	4085	
-0.675190	0.612878	4724	
0.863862	-0.363054	1035	
0.916343	0.242402	3507	
-0.971811	-0.070226	6706	
0.066372	0.333785	3426	
-0.359038	0.281179	5218	
0.029462	0.375811	2656	
-0.098521	0.310845	2390	
-0.315137	0.517952	2352	
-0.320053	0.376676	2640	
-0.324548	0.465279	6490	
-0.079188	0.556427	2206	
-0.229028	0.407113	1274	
-0.121906	0.428048	3434	
-0.110833	0.434532	3434	
-0.299719	0.444984	3252	
-0.085908	0.407313	5236	
-0.114545	0.362248	3586	
-0.024847	0.377938	2866	
0.083718	0.434844	2246	
0.612222	-0.343106	4902	
-0.608348	-0.275301	4474	
0.702429	-0.167766	4395	
0.701820	-0.067087	5687	
-0.691983	-0.215911	5290	
-0.266469	0.704923	4686	
0.707432	-0.383477	6031	
0.779407	0.142291	5353	
0.777972	-0.315334	531	
-0.805465	-0.208061	1366	
-0.685589	0.529447	6810	
0.165267	-0.855502	4807	
-0.626801	-0.647937	4528	
0.841912	0.371709	785	
-0.294003	0.888638	1228	
-0.047736	0.232468	3535	
-0.492546	0.370772	1985	
-0.034634	0.311500	2516	
-0.159317	0.294766	1114	
-0.183194	0.585611	4826	
-0.335753	0.387812	3306	
-0.306372	0.402932	3708	
-0.121065	0.559466	2456	
-0.159621	0.413038	3192	
-0.120357	0.528843	442	
-0.178889	0.523168	3600	
-0.180194	0.523408	3600	
-0.078459	0.465571	4430	
-0.067691	0.562748	678	
0.002097	0.482102	4362	
-0.024332	0.377883	2866	
-0.462139	0.341215	1939	
-0.641240	0.284650	5055	
-0.067432	-0.679627	4463	
0.490125	0.507590	1574	
-0.530334	-0.498064	5494	
0.303812	-0.658206	4009	
-0.705839	0.365170	1348	
0.519077	-0.590679	1369	
-0.536391	-0.606975	2727	
-0.695712	0.465728	4338	
0.125892	0.837753	2102	
0.766258	-0.424137	4457	
0.504079	-0.734387	4587	
0.745455	0.512287	5719	
0.593706	-0.720003	4043	
0.903138	-0.291363	3755	
-0.963703	0.141721	1526	
-0.427908	0.284109	5613	
-0.082682	0.631653	6840	
-0.403129	0.325594	2631	
-0.360007	0.335023	1684	
0.053204	0.556957	4252	
-0.347424	0.462452	5746	
-0.313259	0.476871	2612	
-0.083780	0.556803	2206	
-0.177066	0.409772	856	
-0.126934	0.529275	442	
-0.221034	0.471164	2676	
-0.209871	0.451601	2002	
-0.245203	0.471471	1516	
-0.063891	0.499801	3206	
-0.086287	0.566421	2206	
-0.088372	0.375125	4098	
-0.373463	0.355673	1762	
-0.073353	0.240481	6531	
-0.643623	0.279824	5055	
0.515487	-0.457786	1386	
-0.397063	0.572493	3788	
-0.220058	0.690625	1280	
0.725820	0.131576	2009	
0.164815	0.762164	2458	
-0.469801	0.630799	4504	
0.244984	0.787762	4882	
0.822671	0.059995	5173	
0.774474	0.354871	4617	
-0.861034	-0.115717	6908	
-0.582285	0.680389	5608	
0.914311	-0.106163	1223	
-0.170934	0.919875	546	
0.142076	0.453977	2562	
0.120589	0.469528	1030	
-0.284936	0.565071	4562	
0.095494	0.570379	4766	
-0.084884	0.338527	1726	
0.032827	0.523271	5224	
-0.006672	0.551439	5928	
-0.037135	0.519113	3984	
-0.220897	0.410465	1530	
-0.095018	0.514264	406	
-0.197712	0.471767	2226	
-0.185227	0.464187	434	
-0.154493	0.470198	4534	
-0.245404	0.452500	1342	
-0.063337	0.499027	3206	
-0.043433	0.447371	5040	
-0.232695	0.561448	6440	
-0.417210	0.439621	3664	
-0.610074	0.347461	4901	
0.098880	0.666350	1908	
-0.574401	-0.392430	5036	
-0.350688	-0.668465	5379	
-0.728447	0.013796	3048	
-0.263051	0.706214	4686	
0.773066	-0.043964	2137	
0.619759	0.497608	6702	
-0.168726	0.800939	3318	
0.778410	-0.355646	5517	
0.192268	-0.837883	3985	
0.231959	-0.859001	5341	
0.736467	0.525202	5719	
0.746528	-0.563467	4221	
0.902100	0.290600	3181	
-0.852746	-0.472617	5280	
-0.002433	0.235892	6476	
-0.180280	0.219142	2720	
-0.045170	0.286715	3199	
-0.022459	0.342122	1008	
-0.403332	0.399566	4982	
-0.155433	0.334547	3118	
-0.127412	0.365533	4152	
-0.258709	0.381622	3498	
-0.277572	0.466022	2298	
-0.098493	0.472456	3648	
-0.159235	0.513579	2464	
-0.182451	0.491475	420	
-0.142785	0.489216	702	
-0.150158	0.454143	4038	
-0.247178	0.471540	1516	
-0.255336	0.399100	3936	
-0.337591	0.454795	5866	
-0.374565	0.379009	3292	
-0.237071	0.262205	2503	
0.638608	-0.287487	5056	
0.470776	-0.477620	1701	
0.472730	0.530256	1480	
-0.138041	-0.727272	2739	
0.729214	-0.202774	6159	
-0.342964	-0.717695	3404	
0.171759	0.782071	2234	
0.739364	-0.373971	631	
0.691785	-0.477504	4337	
0.830515	0.188431	735	
-0.837019	-0.231750	1316	
-0.831614	-0.341042	4086	
0.701301	0.597861	5961	
-0.938149	0.049125	1140	
0.959820	-0.093336	4145	
-0.131193	0.188743	2359	
-0.504843	0.360114	1509	
-0.384933	0.305349	6069	
-0.210547	0.594753	6510	
0.068265	0.507737	2822	
-0.077230	0.601618	3262	
-0.316348	0.499112	1600	
-0.058902	0.574617	738	
-0.038266	0.500873	1422	
-0.265453	0.432116	1748	
-0.104395	0.466249	4248	
-0.127031	0.509768	442	
-0.157688	0.499448	486	
-0.126170	0.471616	4568	
-0.233625	0.438017	5862	
-0.067305	0.523346	698	
-0.013126	0.516409	6128	
-0.256773	0.346287	2404	
0.083087	0.526145	1636	
-0.383442	0.269898	3297	
-0.645651	0.039676	1898	
0.679795	-0.071363	3747	
-0.699615	0.022209	5630	
-0.689041	0.354137	5840	
0.690592	-0.387990	1647	
0.145662	-0.751721	4321	
0.701103	0.368800	2017	
-0.084247	0.814698	5430	
0.838660	-0.005035	4453	
0.755702	-0.441287	4457	
0.864654	-0.241204	6803	
-0.701763	0.582848	5124	
0.914727	0.186620	2585	
-0.954994	-0.062241	2892	
0.330883	-0.919811	4861	
-0.240535	0.197637	519	
0.147439	0.612455	5514	
-0.042786	0.272800	2967	
-0.100174	0.279037	5708	
-0.412846	0.436739	3664	
-0.211479	0.312428	2558	
-0.142726	0.338829	3118	
-0.216082	0.352763	4042	
-0.311018	0.476099	2612	
-0.041263	0.490443	1422	
-0.274395	0.453612	2046	
-0.148980	0.434583	3550	
-0.142742	0.438146	3222	
-0.166687	0.430283	3134	
-0.229023	0.434740	5862	
-0.097742	0.542247	2084	
-0.304271	0.452421	5504	
-0.173009	0.572625	6594	
-0.354753	0.487131	6718	
-0.116198	0.266645	5580	
0.639871	-0.278167	3610	
-0.625338	-0.234726	5312	
0.669147	0.192763	6541	
-0.646528	0.382910	6729	
0.317955	-0.651433	2869	
-0.750440	-0.076597	3384	
0.293166	0.759870	4896	
0.799600	-0.137273	1107	
0.826196	-0.050904	3487	
0.262132	0.825173	5472	
0.724322	-0.503486	6005	
0.032886	-0.899606	4977	
-0.422983	-0.834247	3022	
0.764812	-0.559947	4221	
-0.479846	0.302950	4141	
-0.311991	0.246016	4166	
-0.100309	0.629716	6868	
0.069783	0.416543	624	
-0.260529	0.288278	2149	
0.050450	0.468185	2818	
0.044160	0.493386	3378	
-0.019198	0.421475	3716	
-0.198557	0.353119	6178	
-0.278906	0.509749	1098	
-0.067473	0.447887	5356	
-0.177533	0.540126	4216	
-0.252517	0.495451	3044	
-0.239415	0.506551	3156	
-0.182309	0.535821	4502	
-0.056571	0.510671	2308	
-0.306021	0.448806	3252	
-0.337254	0.413544	5248	
0.044083	0.536986	4058	
-0.391066	0.344367	1353	
-0.250626	0.592685	5216	
-0.567667	0.375468	451	
0.685971	-0.203599	4967	
-0.703864	0.196873	3872	
-0.621313	0.434911	1363	
0.125795	-0.739212	1979	
0.417662	-0.643454	1059	
0.585296	0.541591	768	
-0.652596	0.515455	5996	
-0.669751	0.528550	6400	
0.700024	0.505957	6715	
-0.177790	0.876550	5264	
-0.090802	-0.908517	5225	
-0.624128	0.698932	548	
0.917496	-0.297216	1813	
-0.271688	0.199734	5265	
0.019705	0.272733	2707	
-0.498452	0.347701	1509	
0.120392	0.491464	1982	
-0.166957	0.264790	5010	
0.019229	0.388716	2248	
0.023873	0.597487	4652	
0.049740	0.555771	4468	
-0.044858	0.394976	3912	
-0.285937	0.368166	1632	
-0.001453	0.514039	6668	
-0.314649	0.465696	6490	
-0.135915	0.400745	6062	
-0.116535	0.409928	5350	
-0.143356	0.398488	6062	
-0.231791	0.391744	1274	
-0.025190	0.549627	510	
-0.334703	0.468060	5866	
-0.313339	0.511731	2352	
-0.311895	0.325740	4520	
-0.248202	0.249866	1919	
-0.348121	-0.609612	655	
-0.584593	-0.321072	6880	
0.687606	0.109144	2431	
-0.305006	0.628963	4524	
0.333280	-0.643738	2869	
-0.532212	-0.547564	6309	
-0.241635	0.745754	726	
-0.295910	0.747977	4928	
-0.762180	-0.333165	5436	
-0.153894	-0.852245	1495	
0.133224	-0.879445	967	
-0.037653	0.905956	5684	
0.897430	0.257201	3507	
-0.935398	-0.202197	3100	
-0.128462	0.631690	6154	
-0.178321	0.182767	775	
-0.030970	0.256646	1905	
0.143756	0.522165	4030	
-0.293023	0.270530	1847	
-0.026194	0.320058	3470	
0.026624	0.606878	3800	
0.060166	0.577138	3184	
0.006541	0.427487	1696	
-0.251570	0.337793	2506	
-0.065211	0.587658	2302	
-0.303419	0.376886	2540	
-0.093281	0.388718	4876	
-0.011541	0.531684	6128	
-0.029481	0.554289	510	
-0.027263	0.462200	4288	
-0.261808	0.366123	2782	
0.018579	0.539778	3968	
-0.188389	0.579203	6234	
-0.064553	0.341911	2748	
-0.018348	0.623740	2006	
-0.611650	0.340417	4901	
-0.308640	-0.645473	3851	
0.679990	-0.093272	4427	
-0.703091	0.174013	5064	
-0.694765	0.343676	3713	
0.743315	0.122151	3285	
0.744050	0.193874	3273	
-0.628849	-0.496058	6092	
-0.510859	-0.658498	5344	
0.838378	0.148109	4787	
0.187485	-0.849842	5049	
0.187142	-0.880102	5263	
0.253872	-0.896946	1129	
0.929363	0.183575	2585	
-0.593075	-0.775151	5204	
0.065822	0.253593	3924	
-0.467753	0.288647	4069	
0.135319	0.443549	4272	
0.130768	0.476379	2048	
-0.000098	0.632597	758	
-0.251398	0.258433	2241	
-0.055170	0.300936	3817	
-0.032960	0.335486	2282	
-0.020362	0.371444	2216	
-0.358000	0.358063	1956	
0.042724	0.495538	4094	
-0.360949	0.386969	3292	
-0.135544	0.344555	3326	
0.022481	0.525947	5256	
0.008550	0.560657	3630	
0.019379	0.541157	3968	
-0.032768	0.417011	3422	
-0.372952	0.414846	5228	
-0.105632	0.338471	2114	
-0.155784	0.305845	1114	
-0.184750	0.268894	3542	
-0.240199	0.227093	2219	
-0.649755	0.257381	487	
-0.456987	-0.495267	5887	
0.680114	0.148978	831	
-0.456837	0.533021	3214	
0.634552	-0.422832	5710	
0.740603	0.162492	3277	
0.021612	-0.791910	4641	
0.282308	0.789980	6156	
0.040728	0.842132	5656	
0.622086	0.602739	4294	
-0.677510	0.589478	5124	
0.345876	0.860042	5534	
-0.165427	-0.929043	6089	
-0.528801	0.319469	5241	
0.196413	0.609109	6028	
0.137191	0.489882	1982	
0.113462	0.616255	4762	
-0.374799	0.303157	6483	
-0.279843	0.280441	2188	
-0.414657	0.355991	1935	
-0.002384	0.611978	814	
-0.078536	0.329227	1726	
0.014558	0.598599	6728	
-0.373121	0.368927	2544	
-0.148750	0.322172	5364	
-0.050399	0.369596	2734	
-0.039341	0.379538	2662	
-0.110464	0.335235	2338	
-0.375406	0.373514	2544	
0.065600	0.528080	2924	
0.001692	0.609785	814	
-0.163833	0.269876	4712	
0.151882	0.569902	1328	
-0.348571	-0.606438	3739	
0.385186	0.566390	2916	
0.680119	-0.099652	3895	
-0.702783	0.167047	4396	
-0.730029	0.148463	5972	
-0.513008	0.560036	550	
0.713606	-0.391953	1647	
0.782670	0.168277	5515	
-0.752447	-0.354623	4618	
0.328820	-0.794217	5017	
0.858195	0.242296	4681	
-0.668881	-0.620895	6824	
-0.452858	0.818911	6788	
0.963547	-0.026360	769	
0.199297	0.597185	6028	
0.086140	0.392050	572	
0.079411	0.396645	572	
0.037405	0.349444	2272	
-0.039269	0.294130	2755	
-0.326843	0.296829	2944	
0.084153	0.473740	4234	
-0.311732	0.306002	4372	
-0.093545	0.301596	1426	
0.071314	0.588075	4852	
-0.262745	0.564617	4096	
-0.314784	0.533126	1490	
-0.255474	0.568172	4096	
-0.031311	0.613527	2006	
0.033757	0.420184	1346	
-0.383235	0.481909	3478	
-0.283560	0.563409	4562	
-0.271173	0.577530	4962	
-0.601578	0.344470	3869	
0.649529	-0.270988	488	
-0.579070	-0.330547	5766	
0.700725	-0.112079	4757	
-0.706801	0.212770	5072	
-0.001321	0.729166	1326	
-0.742280	-0.177013	3278	
-0.279923	0.742060	6438	
0.710637	-0.453165	4417	
-0.125256	0.844790	6170	
-0.801262	-0.379242	4738	
-0.146108	0.894521	968	
0.715189	0.601035	5595	
-0.249566	-0.926761	1807	
-0.543807	0.360392	5769	
0.094160	0.365621	614	
-0.155131	0.216770	6336	
0.080934	0.626919	1414	
0.114733	0.462741	394	
-0.283658	0.256766	1731	
0.023107	0.626452	744	
-0.384767	0.308397	6069	
0.029779	0.364107	2250	
0.121052	0.533173	1806	
-0.453291	0.394141	2541	
-0.434314	0.353324	1275	
-0.437188	0.356064	1487	
-0.452312	0.380068	2541	
0.119913	0.584543	3900	
-0.030444	0.305128	2755	
0.022350	0.625639	744	
0.129517	0.607151	4196	
-0.523343	0.359746	1449	
0.643281	-0.280641	5056	
-0.591307	-0.271580	5910	
0.667169	-0.323899	2606	
-0.702351	0.253638	1379	
-0.710281	-0.145239	1630	
-0.746976	-0.102396	4114	
0.030188	-0.791238	4641	
-0.653592	0.514360	5996	
0.619578	-0.588844	2181	
0.469865	-0.734141	4119	
0.884485	0.186281	3649	
0.933156	-0.031194	1139	
-0.918982	-0.266913	2714	
0.850111	-0.485910	6151	
-0.435558	0.466942	1822	
-0.347007	0.241945	5906	
-0.182457	0.199890	5559	
-0.364552	0.523214	1106	
0.011105	0.287537	2447	
0.115502	0.446881	4960	
-0.447233	0.445300	6614	
-0.209731	0.228360	1889	
-0.051287	0.259951	2949	
0.026498	0.320267	560	
0.092091	0.421924	5032	
-0.144941	0.621447	3180	
-0.084842	0.630175	6840	
0.117361	0.612086	4762	
-0.041532	0.265779	3061	
-0.280319	0.248042	985	
-0.003207	0.276196	2805	
-0.448316	0.300402	1291	
-0.611146	0.345742	4901	
0.641443	-0.284284	5056	
-0.357000	0.562125	2808	
0.424546	-0.552878	2595	
0.449599	-0.568981	3703	
0.743017	0.122685	3285	
0.610914	0.494226	6702	
-0.752013	-0.291023	3246	
-0.157139	0.825670	4564	
-0.854342	-0.156778	6934	
0.039670	-0.899060	5683	
0.586966	-0.724963	4043	
0.290932	0.905377	5564	
-0.118517	0.162467	1453	
0.078836	0.310426	5874	
-0.497301	0.405088	4965	
0.140450	0.445353	5574	
0.075017	0.633694	4786	
-0.519184	0.324706	6685	
-0.368532	0.251974	4849	
-0.167093	0.184651	3581	
0.077704	0.341046	4644	
0.112561	0.626665	468	
-0.524327	0.353484	1449	
-0.506693	0.332702	1299	
-0.493875	0.324464	1657	
-0.506265	0.332434	1299	
-0.522894	0.361346	1449	
0.115706	0.625965	468	
-0.130298	0.194500	2359	
0.202666	0.581166	6050	
0.021444	0.233462	610	
-0.612222	0.343228	4901	
-0.643505	0.280127	5055	
0.436261	-0.519686	1697	
-0.503645	-0.491551	2099	
0.577164	0.442920	5053	
0.729040	0.243771	3267	
0.784347	0.159554	5353	
0.530748	-0.647183	4065	
0.596719	0.629543	6188	
-0.618142	-0.656181	3796	
-0.319341	-0.878539	607	
0.906681	0.274226	3507	
-0.172856	-0.961011	4441	
0.432894	0.523642	6776	
-0.000057	0.698289	4846	
-0.397137	-0.658626	4309	
-0.767096	0.074939	1588	
0.185420	-0.777376	5023	
-0.683478	-0.475716	3196	
0.740592	0.443299	6519	
-0.751524	0.497837	5270	
-0.927147	0.056247	1140	
0.939159	-0.124253	1373	
-0.639550	0.286793	5055	
0.677550	0.160315	831	
-0.723101	-0.062184	1670	
0.408513	0.682242	5843	
-0.667751	-0.438560	3116	
-0.616713	0.565198	1546	
0.614321	-0.607079	3189	
-0.501377	0.741015	6830	
-0.593660	0.710721	4044	
0.873784	-0.369341	4789	
-0.734605	-0.640744	4218	
-0.650833	0.261775	487	
0.619027	-0.405154	6926	
-0.728278	0.009420	3048	
0.721949	0.230215	2025	
-0.556810	0.574732	670	
-0.053772	0.826515	5432	
0.527839	-0.680051	5421	
-0.365929	0.816069	4818	
-0.338049	0.860193	1018	
0.841315	-0.437898	3537	
0.379920	0.544244	2382	
0.673363	0.177164	3655	
-0.719042	-0.095002	1862	
0.393466	0.693079	1511	
-0.687492	-0.405575	3742	
-0.644539	0.537385	6242	
0.629285	-0.592730	5117	
-0.531654	0.719893	5288	
-0.624120	0.684466	542	
0.885673	-0.339372	1441	
-0.703438	-0.674898	3334	
-0.642875	0.281567	5055	
0.519052	0.414330	4512	
-0.054601	0.694617	944	
-0.352247	-0.690001	6411	
-0.766744	0.028104	2138	
0.225714	-0.766548	839	
-0.663069	-0.504688	3226	
0.705254	0.498307	6715	
-0.796260	0.426244	6816	
-0.928302	-0.014491	4480	
0.946435	-0.027342	1139	
-0.253662	0.065794	3925	
-0.333599	-0.549823	6079	
-0.200462	-0.270846	1357	
-0.346307	-0.543810	463	
-0.186597	-0.199447	3411	
-0.257512	0.024868	6737	
-0.560671	0.190302	741	
-0.347089	-0.530221	463	
-0.263603	-0.380443	5783	
-0.210441	-0.251319	2303	
-0.194039	-0.163659	1605	
-0.216406	-0.082115	3141	
-0.239667	-0.021259	5987	
-0.254001	0.003953	3563	
-0.257307	0.008774	3563	
-0.231268	-0.039621	721	
-0.193578	-0.189327	5473	
-0.557897	0.190878	741	
-0.226785	0.008381	3933	
-0.348784	-0.608273	3739	
0.643138	-0.280955	5056	
0.465503	-0.496869	1701	
-0.460132	-0.548369	1553	
0.577342	0.442450	5053	
0.703846	0.309005	6059	
0.778711	0.183982	4677	
0.579730	-0.606493	3091	
0.507106	0.710515	6013	
-0.598353	-0.674985	3796	
-0.222180	-0.906654	5753	
0.862022	0.392577	2465	
-0.033073	-0.975579	6341	
-0.254767	-0.393883	4067	
-0.267629	0.031853	6365	
-0.206810	-0.115713	799	
-0.361732	-0.517830	4675	
-0.286121	0.018151	3367	
-0.583161	0.175826	2875	
-0.237507	-0.094452	1787	
-0.618001	0.106889	4779	
-0.424569	-0.461563	4691	
-0.336648	-0.467566	2591	
-0.297360	-0.394509	899	
-0.272303	-0.337049	2547	
-0.259771	-0.305106	3441	
-0.259938	-0.305733	1715	
-0.276916	-0.348667	3527	
-0.343523	-0.477309	1497	
-0.308851	-0.445302	5729	
-0.245396	-0.320826	5819	
-0.344840	-0.611671	4899	
-0.640917	0.272303	3609	
-0.454049	0.489397	1212	
0.487934	-0.505118	2283	
0.477977	-0.547704	4873	
0.741783	0.128153	3285	
0.554604	0.564396	5384	
-0.746341	-0.304670	3992	
-0.239173	0.805385	3960	
-0.813359	-0.304556	6632	
0.198224	-0.877335	5263	
0.711975	-0.604758	5309	
0.134264	0.940072	5400	
-0.286939	-0.462412	4017	
-0.637559	0.015693	1746	
-0.271518	-0.375437	5783	
-0.282125	-0.379822	2131	
-0.528472	-0.352005	5654	
-0.270367	-0.045301	2433	
-0.249755	-0.200765	3659	
-0.322872	0.001257	3323	
-0.492559	0.110734	2549	
-0.279249	-0.287848	4185	
-0.263713	-0.149129	3652	
-0.288256	-0.069859	3379	
-0.320032	-0.019284	3611	
-0.309373	-0.033057	3619	
-0.283270	-0.080046	2953	
-0.502731	-0.375889	2760	
-0.436405	0.082783	479	
-0.233216	-0.143588	2610	
-0.255559	-0.344888	5999	
-0.340572	-0.607934	4899	
-0.493334	-0.417285	3381	
0.680708	-0.125734	4757	
-0.701074	0.113191	4758	
-0.669429	-0.277947	802	
-0.708734	-0.255628	3812	
0.174549	-0.770377	5023	
-0.754155	0.375646	956	
0.714415	-0.483213	5219	
0.547123	-0.678787	5305	
0.830681	0.355931	4085	
0.912556	0.195445	2299	
-0.826407	-0.482573	5916	
0.943753	-0.260140	1877	
-0.638651	-0.029717	2638	
-0.225589	-0.098066	6765	
-0.602041	0.146311	5067	
-0.600014	0.131642	4267	
-0.323997	0.001839	3323	
-0.265547	-0.229237	4616	
-0.620279	0.002245	1430	
-0.285070	-0.267728	5327	
-0.466169	-0.391872	1971	
-0.300596	-0.252094	1196	
-0.317735	-0.086049	4127	
-0.342221	-0.044357	5562	
-0.355920	-0.027227	3786	
-0.343616	-0.042362	5562	
-0.298155	-0.248530	3290	
-0.276981	-0.140580	2976	
-0.376686	0.033441	2407	
-0.572847	0.151704	3877	
-0.348332	-0.605165	3739	
0.646716	-0.274712	488	
-0.460307	-0.490737	4705	
0.696333	0.030618	4713	
-0.705940	0.236835	5378	
0.071874	0.730895	706	
-0.716896	-0.260619	3812	
-0.288663	0.738089	4928	
0.800465	-0.262389	6203	
-0.287353	0.803313	5238	
-0.734366	-0.496436	4796	
-0.368178	0.828088	4132	
0.508225	0.787059	1269	
-0.328934	-0.543341	6079	
-0.620309	0.157459	1231	
-0.237756	-0.064214	3025	
-0.632340	-0.065318	4548	
-0.255560	-0.236715	4100	
-0.289416	-0.314206	4083	
-0.429258	-0.432162	5463	
-0.393156	-0.421039	3969	
-0.342604	-0.045722	5562	
-0.348846	-0.346578	2545	
-0.313043	-0.158168	4646	
-0.490964	0.046556	2897	
-0.599287	-0.016252	1834	
-0.516744	-0.316423	3154	
-0.596808	-0.002797	1834	
-0.526093	0.058752	3906	
-0.319378	-0.126352	5334	
-0.426530	0.032916	1773	
-0.349481	-0.421561	1143	
-0.254756	-0.070648	2823	
0.348441	0.605675	3740	
0.648762	0.040763	4297	
0.664101	0.136901	527	
-0.693849	-0.064184	1176	
-0.717819	-0.103274	1862	
-0.692820	0.386215	6032	
0.755987	-0.299693	4727	
0.735418	0.315242	3991	
-0.637261	-0.538515	2208	
0.570476	-0.646093	4101	
0.746353	0.488412	4795	
-0.407295	-0.822718	704	
-0.704128	0.618436	5310	
0.919248	0.289363	1851	
-0.299076	0.087951	6361	
-0.337146	-0.553220	5437	
-0.555194	0.185656	1215	
-0.210965	-0.164469	1519	
-0.623578	0.077961	2803	
-0.250033	-0.189211	4159	
-0.376262	0.025993	3201	
-0.575769	0.085213	4715	
-0.319688	-0.085196	4127	
-0.326316	-0.290444	526	
-0.586349	-0.175017	4952	
-0.335987	-0.264501	4608	
-0.416528	-0.016991	1816	
-0.470362	-0.342940	998	
-0.420414	-0.358928	689	
-0.403173	-0.352223	3743	
-0.500424	-0.319989	2320	
-0.408101	-0.021230	1816	
-0.351435	-0.317679	4208	
-0.309559	-0.213948	1738	
-0.329766	-0.389670	1355	
-0.362690	-0.510104	2231	
0.643596	-0.279956	5056	
-0.258980	-0.677991	5829	
0.572382	0.396632	4229	
-0.489828	0.507385	2284	
0.730212	-0.141344	5971	
0.697590	0.295180	6059	
0.280850	-0.738220	6437	
0.022797	0.820189	3392	
-0.214830	0.812058	3198	
0.321939	0.815331	6712	
-0.862144	0.262483	6892	
0.031731	0.921969	954	
0.200304	-0.920911	713	
-0.357497	0.103555	5077	
-0.187649	-0.155239	2925	
-0.359710	-0.515214	4675	
-0.495925	0.130400	2491	
-0.280080	-0.316926	4083	
-0.347363	0.001264	5107	
-0.610347	-0.121952	6274	
-0.543393	-0.288188	6420	
-0.388844	-0.022364	3068	
-0.342010	-0.284857	3790	
-0.533463	-0.273034	5468	
-0.353392	-0.167464	2384	
-0.549363	-0.004260	1924	
-0.527434	-0.260989	5396	
-0.429754	-0.328078	4143	
-0.481755	-0.313500	2320	
-0.558102	-0.005098	1976	
-0.347246	-0.235735	4688	
-0.373955	-0.057381	6290	
-0.317820	-0.130330	5334	
-0.426290	0.066127	557	
-0.347755	-0.603440	3739	
0.047058	-0.648113	5369	
0.623757	0.266435	4473	
-0.679404	-0.153896	832	
-0.725158	-0.040414	4606	
0.691545	0.296879	6059	
0.627173	0.447095	6529	
-0.589178	-0.545599	767	
-0.171981	-0.813781	3853	
0.726276	0.444088	4819	
0.469848	-0.732634	4119	
0.512368	-0.739909	6829	
0.602792	-0.711601	4043	
0.772524	0.548461	1233	
-0.188191	-0.957557	4441	
-0.378681	-0.523493	6497	
-0.249747	-0.342472	5985	
-0.431757	-0.459891	4893	
-0.454710	0.099853	3019	
-0.344746	-0.428570	1841	
-0.512638	0.083277	2060	
-0.584110	-0.202553	4720	
-0.518535	0.051879	3366	
-0.346863	-0.112219	1194	
-0.360266	-0.267020	604	
-0.576357	-0.104090	3728	
-0.376850	-0.214019	402	
-0.458243	-0.049519	4206	
-0.557844	-0.093811	1700	
-0.558088	-0.134062	3628	
-0.521282	-0.027700	6046	
-0.372918	-0.174186	2412	
-0.529342	0.011159	6410	
-0.440334	0.004651	2204	
-0.337375	-0.327418	1581	
-0.358599	0.034051	2877	
0.348591	0.606561	3740	
-0.365960	-0.627318	6107	
0.526665	0.460117	3677	
-0.410801	0.565951	3804	
0.637374	-0.419955	5710	
-0.228385	-0.750279	1517	
-0.560337	0.559291	670	
-0.591602	0.557355	5320	
-0.536709	-0.648684	6386	
0.256609	-0.820355	6457	
0.497920	-0.737213	4587	
-0.448039	0.787873	1968	
0.671577	0.649582	5323	
-0.734157	-0.614125	1916	
-0.273444	0.046998	4829	
-0.506190	0.154716	1757	
-0.516595	0.139597	5359	
-0.251790	-0.156361	3652	
-0.621750	-0.064594	3774	
-0.295862	-0.188929	4582	
-0.344833	-0.080230	3889	
-0.336184	-0.146901	1984	
-0.352422	-0.215772	3876	
-0.485947	-0.304788	3722	
-0.485867	-0.041180	4948	
-0.465769	-0.278915	2406	
-0.410416	-0.224929	3962	
-0.414201	-0.158045	2770	
-0.411665	-0.162413	2770	
-0.406562	-0.229624	3962	
-0.529574	-0.027318	1616	
-0.577047	-0.041223	2156	
-0.377302	-0.052578	1400	
-0.292128	-0.219393	3228	
-0.237216	-0.300831	1609	
-0.393075	-0.533101	6479	
0.600377	0.314685	5935	
-0.654349	-0.239289	6692	
-0.722220	-0.070244	1670	
0.076141	-0.744163	1371	
0.445927	-0.623288	4739	
0.123116	0.793295	544	
-0.820986	0.057240	1564	
-0.839376	0.129660	1180	
0.296945	0.823862	6768	
-0.583211	0.679574	5608	
0.343994	-0.844065	1017	
-0.902515	0.259131	6544	
0.941546	0.202342	3099	
-0.614110	-0.196754	4516	
-0.223979	-0.248170	2303	
-0.262302	-0.302317	3847	
-0.364951	-0.449788	1389	
-0.611027	-0.113126	6274	
-0.404223	-0.400703	6883	
-0.394622	-0.372202	5457	
-0.389291	-0.327681	4209	
-0.519826	-0.266818	5468	
-0.499783	-0.039519	3558	
-0.444883	-0.278763	2122	
-0.468063	-0.097572	6456	
-0.521165	-0.115243	2502	
-0.523339	-0.157273	1770	
-0.529194	-0.108666	2502	
-0.412299	-0.148350	2512	
-0.554093	-0.051843	1470	
-0.491505	0.006613	6772	
-0.600147	-0.125917	6274	
-0.283431	-0.074684	2953	
-0.650375	0.268319	487	
-0.338440	-0.649221	6111	
0.406728	0.617313	5818	
-0.704395	0.127332	5092	
0.712946	-0.300837	1295	
-0.556609	-0.517359	6609	
-0.196502	0.758761	5150	
0.750197	0.277373	4013	
0.731510	0.379031	3233	
-0.251153	0.814743	6458	
0.873406	0.023263	4585	
0.530081	-0.727493	4587	
0.135770	-0.921411	4661	
0.946297	-0.004933	843	
-0.260765	-0.385828	4455	
-0.262782	-0.014844	3235	
-0.411322	-0.459538	4669	
-0.402152	0.043183	2651	
-0.303196	-0.255951	1196	
-0.528402	0.048438	4488	
-0.579530	-0.019863	2582	
-0.534648	-0.006171	1924	
-0.433792	-0.079748	3060	
-0.471471	-0.275067	2406	
-0.455747	-0.109753	4188	
-0.516393	-0.145158	1436	
-0.472623	-0.208103	1484	
-0.478125	-0.222055	1484	
-0.529860	-0.161752	3162	
-0.418580	-0.131766	2336	
-0.447194	-0.048566	3514	
-0.517078	-0.305703	4508	
-0.519249	0.079244	2060	
-0.204229	-0.162260	1605	
-0.362641	-0.596917	823	
0.457250	0.516603	854	
-0.479397	-0.522583	1479	
-0.670795	-0.274644	802	
0.734912	0.159663	2023	
0.397871	-0.653554	6873	
0.234023	0.780596	4882	
-0.562348	0.600671	5368	
0.697255	0.462884	4663	
0.853761	0.116302	6907	
0.822329	0.343125	4553	
-0.909509	-0.005291	4480	
0.600541	0.717024	5229	
-0.718368	-0.632566	1916	
0.824726	-0.526015	2029	
-0.193924	-0.133207	927	
-0.364227	-0.500521	1717	
-0.280920	-0.317213	4083	
-0.523422	-0.339890	3880	
-0.594886	-0.165007	4952	
-0.475041	-0.354713	998	
-0.395419	-0.333956	4379	
-0.434147	-0.316597	995	
-0.541291	-0.175666	3940	
-0.430130	-0.152875	2348	
-0.506217	-0.117410	2168	
-0.494974	-0.177019	3098	
-0.463625	-0.186326	2276	
-0.453976	-0.218489	1258	
-0.527185	-0.174791	3162	
-0.439429	-0.297505	1222	
-0.579162	-0.138277	4542	
-0.550523	-0.270495	5930	
-0.462792	-0.417770	6617	
-0.650324	0.258928	487	
0.632291	-0.361268	6210	
-0.204478	0.665811	1138	
0.336494	-0.637832	4957	
0.634317	0.351536	5441	
0.273623	-0.702339	4685	
-0.416230	0.664866	6666	
0.771812	0.209564	5527	
0.800262	0.195426	5527	
0.507367	0.697681	6073	
-0.455445	-0.753550	4450	
-0.596103	-0.676676	3796	
0.056683	0.920295	430	
-0.736877	-0.582407	6086	
-0.260245	0.019139	6583	
-0.249603	-0.079770	2887	
-0.251124	-0.170855	3979	
-0.474432	0.065584	1502	
-0.423985	-0.399105	6371	
-0.336329	-0.251302	4434	
-0.386234	-0.096634	1736	
-0.382397	-0.210015	402	
-0.498342	-0.250530	3908	
-0.454933	-0.124353	1570	
-0.504956	-0.147393	1436	
-0.489669	-0.141780	1622	
-0.466484	-0.158931	1112	
-0.461452	-0.238091	2700	
-0.444201	-0.092699	4236	
-0.405857	-0.086843	3950	
-0.554729	0.038692	6861	
-0.338264	-0.370033	2375	
-0.348328	-0.605098	3739	
-0.598775	0.386321	4791	
-0.086466	-0.699456	4499	
0.344023	-0.606346	5183	
-0.451731	-0.602026	4632	
-0.756674	0.144582	3322	
0.540074	0.560765	5384	
-0.054627	0.791637	5460	
-0.743234	0.395681	632	
0.774346	0.313955	5317	
0.763893	-0.424901	4457	
0.771987	-0.459622	4443	
0.059647	0.903680	430	
0.918266	0.165123	2585	
0.437968	0.843325	3073	
-0.275963	-0.935811	1807	
-0.341858	0.077679	991	
-0.309600	0.015774	1661	
-0.609003	0.081159	6301	
-0.612236	-0.096401	6208	
-0.316878	-0.222804	2312	
-0.515391	0.021811	5696	
-0.486702	-0.012227	6842	
-0.415626	-0.107618	2694	
-0.490328	-0.256409	3010	
-0.443807	-0.144662	2348	
-0.464078	-0.130305	1570	
-0.448410	-0.158497	2436	
-0.446335	-0.230172	2710	
-0.497362	-0.063276	2864	
-0.562393	-0.067368	1642	
-0.347147	-0.161781	2920	
-0.329694	-0.310248	2816	
-0.249330	-0.048820	5793	
0.649902	-0.270006	488	
0.583225	0.344860	5765	
-0.686997	-0.114298	2432	
-0.730091	0.124968	1448	
0.430205	0.639649	6398	
-0.452319	0.613461	4740	
-0.782064	-0.074289	5466	
-0.390462	0.701908	3002	
0.576345	0.597763	3868	
0.173747	0.842385	1496	
-0.451054	-0.756380	4450	
-0.893043	-0.056752	3082	
0.724961	0.565201	6085	
-0.802486	0.487289	6844	
-0.426493	0.122645	615	
-0.360164	0.054790	1995	
-0.588286	-0.233761	3336	
-0.455107	-0.397067	1793	
-0.331539	-0.111790	6602	
-0.523381	0.022725	5696	
-0.526811	-0.008852	6046	
-0.402648	-0.133685	2110	
-0.537545	-0.178316	3940	
-0.434815	-0.237863	3352	
-0.441587	-0.244700	2496	
-0.473789	-0.250138	3174	
-0.478216	-0.065449	410	
-0.566341	-0.090819	1700	
-0.378653	-0.080918	1654	
-0.410641	0.004296	2262	
-0.395972	-0.477156	2143	
0.639998	-0.286324	5056	
0.641490	-0.363640	6210	
-0.369952	0.589709	5604	
0.158344	-0.702794	5621	
0.726138	0.030028	4943	
-0.588842	-0.475036	6190	
0.771398	0.128534	4047	
0.283379	-0.746902	6437	
-0.727951	-0.374409	3234	
-0.607458	0.588619	2182	
0.763306	0.399895	5087	
0.891244	0.002059	4585	
-0.062585	0.902541	5476	
0.931470	0.053392	3109	
0.792276	0.518699	2065	
-0.725313	-0.649883	4218	
-0.502289	0.159921	1757	
-0.399229	0.078849	2161	
-0.495117	-0.379966	2760	
-0.441487	-0.406185	1901	
-0.373490	-0.046926	4904	
-0.499861	0.017733	6230	
-0.432555	-0.047931	2624	
-0.410219	-0.293111	447	
-0.513139	-0.056487	2178	
-0.532827	-0.069042	1752	
-0.508045	-0.057550	2864	
-0.395915	-0.241649	2584	
-0.445173	-0.044172	3514	
-0.355016	-0.129828	1194	
-0.420468	0.011797	2262	
-0.496670	0.114410	2038	
-0.642658	0.282050	5055	
0.121298	-0.656119	1565	
0.311094	0.687607	5700	
0.274742	0.699963	6088	
0.030013	-0.725988	4939	
-0.750724	-0.074296	3384	
0.607126	0.475204	6557	
0.160601	0.790359	2446	
0.679137	0.452877	4025	
-0.175924	-0.824057	6021	
-0.792628	-0.326035	4554	
0.828671	-0.304224	671	
0.248782	-0.864124	4613	
0.120370	0.914075	5226	
-0.904230	0.251112	1856	
0.682273	-0.675533	5567	
-0.567851	0.188996	741	
-0.412702	0.086507	1253	
-0.460435	-0.414381	6617	
-0.471627	-0.383667	1971	
-0.316054	-0.203974	2164	
-0.360937	-0.099908	6436	
-0.380073	-0.305337	871	
-0.552698	-0.028615	1604	
-0.477179	-0.300065	3566	
-0.487480	-0.291347	3722	
-0.530065	-0.015832	1616	
-0.512317	-0.292755	4640	
-0.587990	-0.005266	1834	
-0.329260	-0.310612	3112	
-0.418105	-0.463057	4669	
-0.643891	0.279209	5055	
-0.107191	-0.666742	1863	
0.651568	0.245459	6599	
0.601722	-0.420480	2994	
-0.472441	-0.577191	1431	
0.752437	0.027760	4883	
-0.635348	-0.423587	2644	
-0.644586	-0.449777	4924	
-0.404911	0.693551	5670	
0.758646	0.320873	5317	
0.837867	0.142817	4787	
-0.091631	0.858456	5900	
0.057413	0.892567	6272	
-0.856459	-0.305742	418	
0.751918	0.553110	1335	
0.256828	0.914204	3138	
-0.466908	-0.856265	3724	
-0.591481	0.195028	489	
-0.399799	0.079056	2161	
-0.574472	-0.264011	5910	
-0.577630	-0.233627	3336	
-0.377240	-0.378877	5111	
-0.533803	-0.286937	4640	
-0.497166	0.016187	6772	
-0.490416	-0.317798	2320	
-0.457214	-0.340099	4411	
-0.584400	-0.071448	2288	
-0.408483	-0.370864	917	
-0.446332	-0.384884	1793	
-0.320982	-0.334153	5681	
-0.214796	-0.195773	1739	
0.643486	-0.280126	5056	
0.203228	-0.636310	5811	
0.637193	0.280372	4709	
0.432804	-0.548483	2595	
-0.541151	-0.490514	5494	
-0.744429	0.173841	6888	
-0.375219	0.661074	5714	
-0.724206	0.377035	1348	
0.794573	-0.181270	3809	
-0.288529	-0.789651	6155	
-0.730285	0.449103	4418	
0.843721	-0.207247	6753	
0.154635	-0.874278	967	
0.901038	0.026302	5025	
-0.322609	-0.876183	607	
-0.130397	-0.932374	5399	
0.833218	0.483388	5915	
-0.581089	0.192712	511	
-0.358639	0.053469	1995	
-0.609896	0.076202	6301	
-0.468613	0.060779	1209	
-0.576168	0.052674	4597	
-0.390179	-0.033481	2260	
-0.583693	0.008386	2374	
-0.596414	-0.046289	2156	
-0.522936	0.043210	4488	
-0.478949	-0.361958	998	
-0.588593	0.062768	5253	
-0.403520	-0.462308	3839	
-0.340390	-0.611586	4899	
0.165977	0.634555	5084	
0.682058	-0.155045	4955	
0.155843	0.702101	4992	
0.665721	-0.355206	5362	
-0.518917	-0.519110	3909	
-0.559813	0.505381	4333	
0.289911	0.741143	3580	
-0.242527	0.744706	6580	
0.483284	-0.638542	4859	
-0.779675	-0.248705	5456	
0.831803	0.080127	5645	
0.196583	-0.836660	3985	
0.811435	0.321752	6445	
0.064455	-0.897079	5475	
0.874481	0.276139	3103	
-0.225890	0.906440	796	
-0.532210	-0.796986	1270	
0.593948	-0.775058	2107	
-0.512361	0.164270	5701	
-0.289846	-0.006098	2555	
-0.258815	-0.242559	4316	
-0.513726	0.099580	2321	
-0.601390	-0.161529	1026	
-0.410412	0.005328	2262	
-0.448159	0.030918	2235	
-0.308578	-0.231747	2312	
-0.293193	-0.147548	5316	
-0.254643	-0.158262	4225	
-0.204761	-0.191226	2861	
-0.650105	0.258250	487	
-0.666434	0.109847	3256	
0.452007	0.523596	5610	
-0.513651	0.485408	1597	
0.084666	0.702140	4988	
-0.377567	-0.673886	6024	
-0.746064	0.107699	1192	
0.200316	0.757391	2938	
-0.053868	0.782498	4722	
-0.315027	-0.763536	5102	
-0.788222	0.290553	6296	
0.118320	-0.823914	6169	
-0.642121	0.571230	6760	
-0.340862	-0.813060	4357	
-0.770617	0.469323	6710	
-0.712057	-0.566799	6368	
0.716385	0.598672	5595	
0.671664	0.668411	5113	
-0.943725	-0.233415	2394	
-0.371282	0.093005	587	
-0.229312	-0.182659	2677	
-0.619632	-0.137614	476	
-0.612953	0.064823	1127	
-0.269119	-0.189527	5416	
-0.270379	-0.210735	4110	
-0.542038	0.120083	2841	
-0.253633	-0.113204	4483	
-0.388722	0.101413	599	
-0.344725	-0.611718	4899	
0.392416	-0.516506	771	
0.641924	0.186671	6033	
0.366052	-0.591293	5603	
-0.585908	-0.376337	2826	
0.463365	-0.556150	4133	
0.215122	-0.692193	1279	
0.692758	0.290597	6059	
-0.487905	0.587329	3666	
-0.312729	0.717948	4672	
-0.293385	-0.770633	6043	
-0.672291	0.493145	5300	
-0.117291	-0.830454	5159	
-0.187648	0.831261	3986	
-0.509863	0.697285	5422	
0.147607	0.883539	6066	
-0.619771	0.663000	6270	
0.843737	-0.405520	873	
0.672288	-0.662181	1151	
-0.230628	-0.035219	5767	
-0.225862	-0.105394	6157	
-0.323132	0.026896	2523	
-0.598023	-0.225236	4530	
-0.303257	0.008400	1965	
-0.360525	-0.511091	2231	
-0.348410	-0.605523	3739	
-0.640987	0.284977	5055	
-0.222443	-0.652284	4459	
0.148715	-0.650713	1831	
0.066741	0.679627	4464	
-0.531903	0.471420	2471	
0.618428	-0.407001	6926	
-0.697686	-0.196718	3656	
0.663391	0.292376	935	
-0.692280	-0.297327	6060	
-0.516779	-0.579161	6245	
-0.781864	0.173123	2970	
0.560950	-0.577603	3249	
-0.804636	0.222196	5058	
-0.078805	-0.832965	4843	
0.017085	0.853653	5462	
-0.234120	0.830549	3960	
0.651284	0.610768	4880	
0.140652	0.895961	6066	
-0.347770	-0.866354	5533	
-0.768075	-0.538403	1234	
0.455600	-0.843370	6787	
0.942910	-0.259679	1877	
-0.629501	0.107645	653	
-0.204108	-0.161506	1605	
-0.399307	-0.496229	2837	
-0.340225	-0.609093	4899	
-0.643271	0.262586	3609	
0.638619	-0.286514	3610	
0.644894	-0.082109	1256	
0.240757	-0.622918	987	
0.215067	0.686713	5152	
-0.174866	0.674120	6524	
-0.042567	-0.700325	5615	
0.726683	-0.187104	6125	
-0.031324	-0.729050	1249	
-0.105774	0.729999	2214	
-0.338692	-0.719524	3404	
0.382654	0.707930	1511	
-0.497520	-0.629212	4462	
0.801526	0.012654	4307	
-0.720552	-0.388541	4550	
0.234648	-0.798244	2527	
-0.251463	0.814096	6458	
-0.270387	0.819423	6458	
0.760994	0.463117	6389	
0.803612	0.408824	4569	
-0.924252	0.063098	958	
-0.823914	0.449843	6936	
-0.403338	-0.869836	1362	
-0.249522	0.037835	6749	
-0.346322	-0.601803	3739	
0.644597	-0.277231	5056	
-0.605359	0.347837	3869	
-0.412232	0.504956	2326	
0.454657	-0.489428	1211	
0.132737	0.680859	4314	
-0.117450	0.686348	1812	
-0.241280	-0.703591	6323	
-0.457338	-0.556264	1553	
-0.365941	-0.681757	6658	
0.240649	0.726172	5612	
-0.693849	-0.293649	6060	
-0.756766	0.221395	1538	
0.609106	0.494988	6702	
-0.142220	0.779466	4630	
-0.634079	0.515011	5974	
-0.032195	-0.822158	3391	
0.797815	0.246223	5455	
-0.755283	0.429022	4458	
-0.592914	0.630940	3190	
0.601229	0.662173	3795	
0.782354	0.448138	4355	
-0.742319	0.554263	4222	
-0.588902	0.726052	4044	
-0.806829	-0.511930	5916	
-0.245548	-0.943533	3311	
-0.346392	-0.601803	3739	
-0.648333	0.273181	487	
-0.058434	-0.645682	4077	
0.265938	-0.612317	4051	
0.146358	0.681485	4314	
-0.139713	0.682187	1830	
-0.203382	-0.704093	4979	
-0.681970	-0.153647	832	
-0.443509	-0.611609	5738	
0.659005	0.302067	931	
0.264207	0.743320	5582	
0.752013	-0.215801	4933	
0.044766	0.773057	1618	
-0.646084	-0.447260	4924	
0.629434	-0.514759	5973	
0.289631	0.786419	6044	
0.604792	0.565625	2264	
-0.834293	0.158311	914	
0.395139	-0.763249	4493	
-0.145075	-0.861688	2101	
-0.002966	0.893054	4390	
0.030111	0.904655	6920	
-0.925964	-0.001640	4480	
-0.619512	0.700397	548	
-0.708421	0.634135	502	
-0.537440	-0.812811	3988	
-0.347234	-0.610381	4899	
0.645858	-0.275075	488	
-0.588405	-0.313643	6880	
0.350956	0.651095	6038	
0.155775	0.702053	4992	
-0.183790	-0.703450	5089	
-0.625440	-0.312118	3356	
-0.367072	-0.681017	6658	
0.647245	0.326551	3355	
0.728551	0.176581	2023	
0.082505	-0.749940	3419	
0.763594	0.065537	4599	
-0.779099	0.198268	2698	
-0.497833	0.619593	1668	
-0.779826	0.277525	6622	
-0.461474	-0.699069	5060	
0.200895	-0.807300	3197	
0.724848	0.444044	4819	
0.854985	0.093599	6353	
0.714454	0.502482	6715	
-0.869104	0.235143	6804	
-0.743030	0.527553	5824	
-0.181111	-0.913720	6357	
-0.872161	0.347004	1442	
-0.767114	-0.569789	1336	
-0.342971	-0.603113	4899	
0.162181	0.633340	6820	
-0.422188	0.513072	3208	
0.509153	0.450168	3677	
0.558064	0.417120	4823	
-0.244081	-0.703294	6323	
-0.333129	-0.680100	6507	
-0.158488	-0.729870	6201	
0.432942	0.623749	816	
-0.171952	0.733471	4626	
0.572258	-0.511566	4334	
0.697939	0.315525	6059	
-0.752467	0.315331	3518	
-0.366391	0.702379	3264	
0.387399	0.731893	2767	
-0.799437	-0.175327	5516	
0.001852	0.826167	4856	
-0.839141	0.111015	4246	
-0.504263	-0.706547	6074	
-0.430314	0.748200	576	
0.468979	-0.754066	6327	
0.348649	-0.828659	6083	
-0.533089	-0.742605	1350	
0.916805	-0.177875	869	
-0.651223	-0.676178	4514	
-0.260585	-0.922091	1807	
-0.140726	-0.964421	4115	
-0.510561	0.837962	2224	
0.381848	0.643790	6292	
-0.183751	0.671755	6538	
-0.698115	-0.001033	4922	
0.503900	-0.494138	1598	
0.543773	0.484079	5657	
0.133394	-0.712598	2387	
-0.730612	0.038988	906	
-0.556904	-0.516959	6609	
-0.150443	0.743408	4626	
-0.179587	0.747676	5150	
-0.749074	-0.231005	4036	
-0.546051	0.581607	5368	
0.156728	0.797861	2446	
-0.816466	-0.066912	5174	
0.475027	0.693784	5059	
0.335885	0.786825	1567	
-0.357563	0.773279	4718	
0.416056	0.770826	391	
0.854539	0.170088	3617	
-0.350763	0.820985	4818	
0.815220	0.383278	4737	
0.755955	0.519159	1233	
0.493871	0.795700	2073	
0.826434	-0.459887	6935	
0.627109	-0.725233	2093	
0.522482	-0.823980	2911	
-0.003765	-0.728000	4089	
0.078072	-0.721251	1371	
0.671796	-0.380605	6359	
-0.530564	0.510752	4289	
-0.105571	0.746008	3270	
0.110661	-0.745929	3269	
0.134805	-0.751256	3269	
0.412120	0.700189	533	
0.792408	0.009916	4307	
0.480063	-0.640351	4859	
-0.752571	-0.284020	4014	
-0.531459	-0.637158	6386	
0.063109	0.825893	3522	
0.019276	0.838845	5394	
-0.195101	0.829044	3986	
0.838196	0.191023	735	
0.125621	-0.859625	387	
0.718500	0.526732	6183	
0.653983	-0.620837	4723	
-0.677612	-0.607340	5962	
0.088643	-0.925765	937	
-0.546126	0.758131	3552	
0.414150	0.854458	1361	
0.481963	0.836147	3723	
-0.240794	0.718759	4400	
-0.691986	0.395119	696	
-0.064614	-0.767185	4769	
-0.229359	0.733688	540	
-0.484148	0.618370	3688	
0.792560	-0.000453	1303	
-0.730229	-0.309684	3992	
-0.164917	0.783389	3318	
-0.787802	0.289733	6296	
0.665124	-0.503606	5299	
0.322872	-0.766578	5017	
-0.536214	-0.662708	6386	
-0.825140	0.262015	5444	
0.450920	0.749320	4449	
0.223267	-0.839333	5049	
0.859659	0.229392	4681	
-0.679835	-0.582917	6784	
-0.601156	0.677301	6270	
-0.379486	0.838491	5602	
0.358416	0.865750	5534	
0.290554	-0.894482	1227	
-0.147526	-0.946097	2849	
-0.565197	-0.568027	3363	
0.406315	-0.687266	5979	
0.776507	0.188880	4677	
-0.180557	0.779732	5024	
0.308398	-0.745092	4927	
-0.529228	-0.639330	6072	
0.456338	0.708266	4273	
0.336907	-0.760487	4129	
-0.842332	0.021185	2696	
-0.143751	0.839203	4564	
0.853820	-0.141638	1179	
-0.503161	0.701939	4636	
0.510456	0.718917	6013	
0.227573	0.867925	3626	
0.357294	-0.824809	4817	
-0.572258	0.701206	6624	
0.131279	0.911367	5400	
0.724820	0.587708	6085	
-0.891383	-0.285682	3182	
-0.224048	0.920947	796	
0.504068	0.822429	6545	
-0.756956	0.625293	5828	
-0.825582	-0.064551	5174	
-0.565766	-0.616186	1548	
0.465179	-0.690465	1407	
0.655201	0.520216	3225	
-0.822289	-0.174051	620	
0.570960	0.637790	5933	
-0.845442	-0.120221	6908	
0.794740	0.327671	4553	
-0.600113	0.624404	3190	
0.854804	0.163134	6571	
0.876645	0.150465	6571	
-0.876347	-0.178827	3650	
0.899288	0.038709	5025	
-0.626845	-0.660668	4528	
-0.621681	0.680888	542	
0.559772	0.749321	6265	
-0.921067	-0.164553	3064	
0.308744	0.897465	608	
0.948079	-0.153058	1525	
0.115771	0.973144	1002	
0.677797	0.530868	4797	
0.498311	0.714072	6013	
-0.442812	0.740862	472	
-0.630113	0.596114	5118	
0.153467	-0.854996	4807	
0.705943	0.512294	6183	
0.406922	-0.787762	4493	
-0.250111	0.855996	4614	
-0.590919	-0.676191	3796	
0.877694	0.198080	3617	
-0.905990	-0.035937	4558	
0.911980	-0.025490	4611	
0.836855	-0.417929	873	
-0.190536	0.913919	714	
-0.074634	-0.936462	407	
-0.260770	0.911086	2070	
0.960090	-0.010863	423	
0.511540	0.835566	6545	
-0.805958	-0.387715	4738	
-0.728610	-0.519402	5720	
-0.493175	-0.754758	5722	
0.664847	-0.609320	4723	
0.898865	0.043036	4557	
-0.250972	0.868475	6596	
-0.895782	-0.137919	6798	
0.626059	-0.664195	6269	
-0.856489	0.354600	1036	
0.891546	0.272141	3103	
-0.255213	0.898009	1130	
-0.727708	-0.589894	6086	
0.575156	0.753111	5815	
0.061099	-0.955028	6145	
0.091516	0.959969	562	
0.280092	0.939033	1808	
-0.873968	-0.300036	3182	
-0.724294	-0.576644	6086	
-0.083390	-0.925307	407	
0.874398	-0.330730	1441	
0.730214	0.580304	6085	
0.017493	0.933504	6896	
-0.612897	0.705223	548	
-0.816610	-0.457073	2040	
0.930239	-0.158580	1373	
-0.155820	0.934348	1410	
0.188182	-0.938224	3049	
0.312352	0.912416	422	
-0.164268	-0.959855	4441	
0.442561	0.838850	3073	
0.366058	0.875160	6320	
0.128952	0.938515	5400	
-0.274772	0.906419	1228	
-0.897827	0.313484	3756	
0.270193	-0.917967	2069	
0.926741	-0.249884	1877	
-0.694844	-0.679314	1824	
0.661677	0.720900	5325	
0.581213	-0.782166	2107	
0.797312	-0.562596	3027	
0.913578	0.346615	2451	
-0.223489	0.953892	2356	
