time = 0.509	Re = 1
0.474661	-0.823174	0	0
0.544706	-0.697305	0	1
0.309488	-0.647545	0	2
0.422431	-0.642482	1	2
0.575167	-0.634050	2	2
0.650586	-0.553439	3	2
0.178805	-0.620592	0	3
0.352772	-0.608326	1	3
0.476234	-0.572726	2	3
0.613285	-0.523108	3	3
0.704668	-0.452079	4	3
0.107631	-0.595125	0	4
0.260979	-0.553946	1	4
0.413915	-0.519853	2	4
0.547345	-0.469406	3	4
0.655617	-0.410299	4	4
0.762423	-0.332190	5	4
0.226092	-0.495696	0	5
0.359353	-0.459604	1	5
0.483996	-0.415967	2	5
0.614885	-0.355658	3	5
0.728283	-0.287361	4	5
0.835942	-0.197885	5	5
0.206203	-0.416762	0	6
0.326128	-0.391769	1	6
0.451150	-0.349932	2	6
0.569875	-0.295563	3	6
0.686071	-0.220190	4	6
0.790459	-0.138867	5	6
0.876316	-0.049457	6	6
0.095760	-0.315175	0	7
0.195619	-0.325127	1	7
0.303621	-0.315573	2	7
0.423586	-0.279480	3	7
0.542833	-0.222896	4	7
0.652925	-0.156356	5	7
0.764236	-0.076075	6	7
0.856569	0.021809	7	7
0.931804	0.119061	8	7
0.189761	-0.225862	0	8
0.293714	-0.224941	1	8
0.407083	-0.202047	2	8
0.525903	-0.150763	3	8
0.632550	-0.080099	4	8
0.729478	0.004139	5	8
0.814031	0.094127	6	8
0.290354	-0.141292	0	9
0.403158	-0.112321	1	9
0.509012	-0.062528	2	9
0.607381	0.005398	3	9
0.698940	0.088168	4	9
0.782355	0.178971	5	9
0.848292	0.263265	6	9
0.299332	-0.037589	0	10
0.400136	-0.016113	1	10
0.498968	0.031950	2	10
0.590840	0.100195	3	10
0.676942	0.181695	4	10
0.752449	0.265783	5	10
0.811004	0.358077	6	10
0.305265	0.064677	0	11
0.400274	0.087669	1	11
0.490120	0.136054	2	11
0.572140	0.202296	3	11
0.654020	0.275721	4	11
0.716628	0.364988	5	11
0.770168	0.457807	6	11
0.211507	0.172471	0	12
0.306382	0.172937	1	12
0.395285	0.198013	2	12
0.473916	0.247810	3	12
0.551270	0.307946	4	12
0.614477	0.382669	5	12
0.674039	0.466275	6	12
0.105130	0.284629	0	13
0.204748	0.274702	1	13
0.299015	0.281479	2	13
0.378070	0.317518	3	13
0.450423	0.362211	4	13
0.512232	0.422693	5	13
0.577178	0.497077	6	13
0.637075	0.574165	7	13
0.674718	0.653696	8	13
0.198240	0.380271	0	14
0.286014	0.393314	1	14
0.349734	0.437201	2	14
0.408512	0.481784	3	14
0.471991	0.545769	4	14
0.516325	0.611890	5	14
0.564064	0.674022	6	14
0.181242	0.498074	0	15
0.243473	0.531304	1	15
0.303274	0.569644	2	15
0.364981	0.611909	3	15
0.409788	0.666164	4	15
0.452535	0.707424	5	15
0.119541	0.649858	0	16
0.179530	0.677388	1	16
0.244480	0.702715	2	16
0.280818	0.736927	3	16
0.331437	0.767583	4	16
-0.067396	0.743750	0	17
0.012604	0.794245	1	17
0.052530	0.801967	2	17
0.123751	0.827190	3	17
0.191032	0.837301	4	17
-0.246531	0.790082	0	18
-0.188616	0.850595	1	18
-0.051531	0.920934	2	18
0.017686	0.904179	3	18
-0.273672	0.903819	0	19
