time = 37.597	Re = 4	rotation = 33.1844
0.114854	0.914546	1245	
-0.762227	0.358549	682	
-0.764567	0.561386	9080	
-0.020649	0.732699	9023	
0.310092	0.741359	367	
-0.697301	0.451736	8084	
-0.294954	0.456466	3491	
-0.530512	0.605713	5500	
-0.518792	0.363468	2530	
-0.714246	0.048412	7159	
0.473989	0.811692	462	
0.245277	0.794388	5817	
0.689205	0.521541	9658	
0.804948	0.450853	1343	
0.776662	0.490733	5119	
-0.848396	-0.027480	631	
0.137133	0.905558	9027	
-0.567818	0.712510	9338	
-0.810763	0.439677	10084	
-0.514094	0.698613	8434	
-0.663735	0.579809	3060	
-0.527304	0.548359	2416	
-0.515403	0.048798	3061	
-0.378632	-0.035738	2086	
-0.196257	0.065196	6896	
0.001364	-0.248435	6312	
-0.106946	-0.374807	3391	
-0.230414	-0.359124	3094	
-0.350820	-0.671888	7278	
-0.070339	-0.537517	4322	
-0.107737	-0.535402	381	
-0.133669	-0.536596	381	
-0.100193	-0.526799	4869	
-0.083789	-0.531702	4869	
-0.052141	-0.533027	2171	
-0.122458	-0.530385	381	
-0.093608	-0.526229	4797	
-0.057399	-0.531631	3386	
-0.066443	-0.526910	3386	
-0.082190	-0.515780	3600	
-0.069140	-0.523626	3386	
-0.074002	-0.523719	3386	
-0.068561	-0.517968	3386	
-0.082118	-0.516251	3600	
-0.067571	-0.527394	3386	
-0.069048	-0.528550	3386	
-0.112834	-0.528906	381	
-0.133952	-0.537044	381	
-0.112917	-0.534570	381	
-0.151366	-0.539381	3722	
-0.000408	-0.540849	3384	
-0.508665	-0.254613	5982	
-0.220685	-0.362686	3094	
-0.421664	-0.278970	5642	
-0.004848	-0.271221	1467	
0.002159	-0.243973	4726	
-0.251908	-0.012540	7119	
-0.387341	-0.010599	6007	
-0.478197	0.036061	2691	
-0.582488	0.651011	7865	
-0.182773	0.859699	7165	
-0.067211	0.785293	1209	
-0.912004	0.199801	9255	
0.323290	0.858291	9835	
0.804120	0.444634	1343	
-0.705080	0.286263	6880	
0.812761	0.477803	1486	
-0.336863	0.536012	7766	
-0.523363	0.358268	2530	
-0.368523	0.817032	7257	
0.143121	0.760444	2626	
-0.104829	0.925659	9900	
-0.797575	0.290969	8754	
-0.301064	0.576264	8684	
0.082519	0.747691	495	
0.798464	0.508551	1337	
-0.440857	0.516313	6967	
-0.504003	-0.171461	6904	
-0.763748	0.061710	590	
-0.238514	0.661876	3393	
0.004211	0.793006	3196	
0.347738	0.886873	9096	
-0.228405	0.887397	6218	
-0.583485	-0.085816	2374	
-0.460718	-0.114340	6807	
0.707956	0.596158	1064	
-0.136376	0.942779	2212	
-0.104491	0.947574	9604	
-0.776294	0.542310	524	
-0.015124	0.913386	8120	
0.704595	0.526164	3891	
-0.188896	0.851418	6148	
0.344697	0.876324	9152	
-0.628791	0.686767	4450	
-0.583978	0.495484	7381	
-0.936041	-0.002095	638	
0.549907	0.776232	10025	
-0.411034	-0.175922	3001	
-0.782462	0.314869	9587	
-0.411446	-0.176759	3001	
-0.036482	0.725865	8277	
0.508129	0.804092	9440	
-0.579593	0.739587	3674	
0.224731	0.875710	8013	
-0.223851	0.731959	4947	
-0.426358	-0.114083	8872	
0.344606	0.847563	1241	
0.078798	0.785148	8605	
-0.702563	0.005987	9480	
-0.342274	0.436900	9539	
-0.077397	0.823561	3653	
-0.047815	0.907443	5974	
0.595412	0.594479	5064	
0.580959	0.729734	7144	
-0.651662	0.385923	5528	
-0.807823	-0.126559	6852	
-0.535313	0.692258	9762	
-0.350269	0.828613	9111	
-0.857021	0.350233	2231	
-0.232523	0.847720	5077	
-0.705398	0.059209	6671	
-0.745680	0.096862	5394	
-0.601547	0.105621	2950	
-0.300997	-0.046943	8960	
-0.091369	-0.093265	7857	
-0.043425	-0.144237	5262	
0.000331	-0.234000	3820	
-0.598370	-0.246989	2875	
-0.039712	-0.539072	3067	
-0.069288	-0.537577	4322	
-0.076594	-0.532146	4322	
-0.096727	-0.532566	4869	
-0.048469	-0.531351	2171	
-0.011812	-0.536282	3384	
-0.035278	-0.533516	3067	
-0.025691	-0.535734	3573	
-0.044905	-0.531108	3067	
-0.057529	-0.527362	3386	
-0.044278	-0.527823	2171	
-0.023069	-0.532405	3573	
-0.032059	-0.527413	3067	
-0.053556	-0.516178	2171	
-0.053989	-0.516253	2171	
-0.030818	-0.529211	3067	
-0.038755	-0.529425	3067	
-0.043076	-0.528042	2171	
-0.055776	-0.530156	3386	
-0.095881	-0.526814	4869	
-0.070630	-0.532877	3386	
0.059023	-0.551807	2581	
-0.108594	-0.538498	381	
-0.640982	-0.367438	436	
-0.314534	-0.323038	7424	
-0.172684	-0.372812	3342	
-0.026764	-0.312069	4104	
-0.004165	-0.267815	1467	
-0.194052	0.066756	6896	
-0.313753	-0.046888	3556	
-0.416065	-0.005599	6175	
-0.454262	0.701277	9424	
-0.317850	0.799702	7502	
-0.481802	0.680650	8464	
-0.432062	0.784780	6702	
-0.451511	0.539049	7389	
0.632623	0.673376	8227	
-0.465003	0.397327	7784	
0.641093	0.632472	8918	
0.196044	0.772662	2878	
-0.759385	0.171932	8316	
-0.427407	0.779349	8581	
0.245206	0.751440	6172	
-0.320898	0.669228	2922	
-0.567801	0.344421	8003	
-0.327411	0.547640	1312	
0.391473	0.852940	2078	
-0.221722	0.843024	5695	
0.165644	0.930620	10160	
-0.414976	0.410464	699	
-0.689678	-0.155760	6866	
0.669695	0.567643	5193	
0.451890	0.832361	378	
-0.311514	0.496932	4896	
-0.733888	-0.202761	8079	
-0.613020	0.007277	2597	
-0.573327	0.348142	5667	
0.293459	0.727320	4801	
-0.679119	-0.175369	5381	
-0.464057	-0.126803	6943	
0.736586	0.549289	413	
-0.901860	0.044139	10018	
-0.422184	0.528719	939	
-0.345640	0.647738	2360	
-0.830505	-0.119621	1813	
-0.656671	0.013408	731	
-0.340379	0.437430	9539	
-0.789947	0.231837	9473	
0.502459	0.803549	9440	
-0.810855	-0.226723	5084	
-0.432831	-0.098481	4900	
-0.849145	-0.198530	7959	
-0.704653	0.543108	4649	
-0.281154	0.608262	4296	
0.377459	0.762017	4936	
-0.708936	0.015046	9224	
-0.285813	0.634792	2930	
-0.201209	0.711690	4270	
0.573378	0.702263	5686	
-0.639910	0.354387	3984	
0.170139	0.748106	7943	
-0.320767	0.560098	1668	
0.299910	0.756418	433	
0.693994	0.615290	1163	
0.755104	0.541595	395	
0.784853	0.466972	6396	
-0.615935	-0.124161	5890	
-0.898042	0.002887	9220	
-0.526212	0.486788	8063	
-0.423339	0.787919	4436	
-0.838520	0.033257	3164	
-0.228104	0.830438	3991	
-0.542142	0.547582	2309	
-0.711994	0.164813	7245	
-0.423227	-0.006517	6175	
-0.210767	0.009021	2727	
-0.014483	-0.179028	6929	
-0.000338	-0.212266	2682	
-0.020153	-0.295819	3078	
-0.600854	-0.248443	2750	
0.030761	-0.546526	3528	
-0.029970	-0.536648	3067	
-0.036382	-0.532126	3067	
-0.061225	-0.528251	3386	
-0.024885	-0.531706	3573	
0.030022	-0.542965	3528	
0.007421	-0.537518	2166	
0.016858	-0.538882	2166	
-0.006276	-0.533059	3384	
-0.018243	-0.529925	3573	
-0.004113	-0.531275	3384	
0.024889	-0.539802	2964	
0.008777	-0.532133	2166	
-0.019752	-0.518854	3073	
-0.020027	-0.518628	3073	
0.018407	-0.535210	2166	
-0.003579	-0.531606	3384	
-0.018993	-0.527652	3573	
-0.019326	-0.533059	3573	
-0.059945	-0.524836	3386	
-0.011841	-0.536391	3384	
0.099879	-0.561643	4078	
-0.041306	-0.534798	3067	
-0.640923	-0.382984	466	
-0.366867	-0.299431	2479	
-0.226724	-0.358919	3094	
-0.057907	-0.345668	1102	
-0.029826	-0.314757	4104	
-0.063453	-0.125839	7773	
-0.228226	-0.014608	9430	
-0.336023	-0.033518	5400	
-0.540501	0.545528	2309	
-0.404158	0.728923	5844	
-0.815912	0.155174	8488	
-0.535115	0.707534	5155	
-0.792808	0.350202	1290	
0.479422	0.784146	2620	
-0.424364	0.450549	4666	
-0.145301	0.758261	6131	
-0.784895	-0.081404	9108	
-0.550599	0.453486	8314	
-0.823751	0.044489	418	
0.445323	0.785080	6765	
-0.430136	0.637421	6870	
-0.465099	0.407448	7784	
-0.323361	0.576291	9962	
0.319290	0.878105	10155	
-0.686477	0.107075	3021	
-0.668832	0.659771	9106	
-0.381912	0.454930	3671	
-0.810627	-0.173900	5534	
-0.623907	0.021914	2562	
0.184259	0.927527	9632	
-0.344712	0.496192	4924	
-0.877314	0.369502	8528	
-0.769002	0.165051	8698	
0.772279	0.469311	6396	
0.413988	0.831845	7158	
-0.710689	-0.186065	7623	
0.559007	0.632319	7787	
-0.207819	0.684398	2468	
0.550920	0.733470	5373	
0.150937	0.811435	5139	
-0.492993	0.401799	6571	
0.591439	0.730037	7144	
-0.745703	0.011262	2280	
0.301875	0.799907	4789	
-0.675892	0.363891	2862	
0.427945	0.841064	5866	
-0.887064	-0.122831	6236	
-0.534290	-0.175272	7376	
-0.827384	-0.209706	6211	
-0.552424	0.586334	3791	
0.605406	0.581058	5730	
-0.197938	0.791011	5188	
-0.894539	0.053134	10076	
0.682422	0.564541	5846	
0.009942	0.750775	1132	
0.595590	0.662024	7673	
0.431419	0.767325	6443	
0.750853	0.467168	6420	
-0.126055	0.706596	2889	
-0.040305	0.767275	1928	
0.677091	0.623781	3661	
0.477210	0.795832	462	
0.612041	0.682961	4413	
-0.724954	-0.102404	8056	
-0.904371	0.064457	9481	
0.039958	0.842448	5228	
-0.364857	0.799173	3769	
-0.862924	0.266612	9004	
-0.350070	0.754821	8306	
-0.498036	0.034461	2011	
-0.444974	-0.001852	5215	
-0.340242	-0.039335	487	
-0.147565	0.045034	3053	
-0.002155	-0.245201	6312	
-0.009381	-0.272218	1703	
-0.049802	-0.334538	6359	
-0.632198	-0.274854	2488	
0.081137	-0.557300	3355	
0.051804	-0.549030	3362	
0.011801	-0.537223	2166	
-0.032213	-0.526582	3067	
0.016812	-0.535549	2166	
0.083479	-0.554164	3355	
0.055825	-0.546395	3362	
0.065933	-0.548620	2581	
0.062387	-0.546614	2581	
0.029870	-0.536383	3528	
0.041959	-0.539126	3528	
0.063573	-0.544297	6719	
0.061144	-0.543085	6719	
0.020346	-0.525547	4621	
0.020341	-0.525520	4621	
0.060064	-0.543108	6719	
0.053561	-0.542036	3528	
0.035179	-0.537244	3528	
0.024893	-0.538573	2964	
-0.033656	-0.526667	3067	
0.032434	-0.542952	3528	
0.136680	-0.577347	2670	
0.000968	-0.538327	2166	
-0.639655	-0.399565	3665	
-0.454699	-0.266246	7562	
-0.283577	-0.335993	6414	
-0.085951	-0.361060	3622	
-0.061611	-0.347217	1102	
-0.012978	-0.184996	1127	
-0.168844	0.079154	1841	
-0.254538	-0.023162	6126	
-0.525067	0.054774	2656	
-0.519604	0.562904	2205	
-0.612812	0.490829	5876	
-0.525671	0.691394	2289	
-0.799978	0.035175	8149	
0.358906	0.836721	959	
-0.370859	0.536711	673	
-0.651557	-0.056008	6209	
-0.738662	-0.000286	2240	
-0.783024	0.337971	1266	
-0.856765	0.227475	8632	
0.220530	0.860977	7949	
-0.420714	0.757273	6487	
-0.401279	0.488653	8849	
-0.129734	0.709007	2889	
0.216868	0.905083	9056	
0.043634	0.818229	3730	
-0.622913	0.696812	4450	
-0.416504	0.451668	5359	
-0.539277	-0.143635	2899	
0.129823	0.786636	3840	
0.146314	0.929634	9703	
-0.310561	0.583863	8684	
-0.822715	0.464847	1692	
-0.740141	0.408460	8016	
0.060685	0.885909	7030	
0.157660	0.907627	6206	
-0.761538	-0.197092	7780	
-0.628536	0.412207	6634	
-0.602181	0.678220	1418	
0.090253	0.899959	8240	
0.293408	0.758462	433	
-0.409867	0.502727	8873	
0.534884	0.766448	9605	
-0.575104	0.542004	9331	
-0.160138	0.724499	7813	
-0.320219	0.674470	2186	
0.358420	0.868023	9210	
-0.922877	-0.011081	638	
-0.636737	-0.153318	7921	
-0.836471	-0.181713	7150	
-0.735838	0.517890	6164	
0.528098	0.634481	7207	
-0.543074	0.442592	8314	
-0.823921	0.043576	418	
-0.801690	0.024675	8568	
0.108494	0.907189	8240	
0.411786	0.776552	6009	
0.390883	0.814368	6817	
0.805396	0.437918	1343	
0.307787	0.729391	585	
-0.042857	0.803129	8779	
0.722373	0.530701	1067	
0.752143	0.499672	4559	
0.375518	0.829812	7790	
-0.793032	-0.075716	9108	
-0.864085	0.335660	2513	
-0.397185	0.676979	1124	
-0.458274	0.734362	5328	
-0.700893	0.493973	4373	
-0.507383	0.566674	2205	
-0.389130	-0.036990	2130	
-0.338226	-0.038579	487	
-0.258262	-0.032514	6390	
-0.069178	-0.121538	3854	
-0.022605	-0.296503	2696	
-0.041951	-0.325220	6359	
-0.086116	-0.357906	3622	
-0.641277	-0.338147	7617	
-0.016051	-0.537662	3573	
0.026655	-0.543539	2964	
0.060576	-0.546540	2581	
0.010473	-0.531695	2166	
0.067543	-0.546744	2581	
0.121912	-0.568215	3704	
0.104014	-0.558754	4078	
0.118255	-0.565196	3704	
0.093653	-0.554107	4078	
0.075442	-0.546776	6719	
0.095682	-0.553282	3522	
0.109187	-0.557329	4078	
0.108168	-0.555929	3522	
0.066398	-0.536370	6719	
0.065500	-0.536034	6719	
0.110657	-0.557364	3522	
0.098963	-0.554271	3522	
0.095645	-0.552944	3522	
0.077818	-0.549755	2581	
0.007584	-0.531217	2166	
0.085982	-0.554736	3355	
0.136217	-0.648334	6142	
0.045271	-0.546028	3528	
-0.634505	-0.436701	2515	
-0.522558	-0.249818	7486	
-0.342107	-0.308374	473	
-0.129931	-0.370594	2105	
-0.098968	-0.365023	2818	
-0.005559	-0.248791	6312	
-0.100565	-0.083971	5725	
-0.191090	0.072780	6554	
-0.390748	-0.037968	2130	
-0.503801	0.035874	1573	
-0.500290	0.049218	1745	
-0.513502	0.663990	9196	
-0.844920	0.272381	671	
0.180041	0.879025	7062	
-0.167196	0.702074	7813	
-0.679010	-0.008882	2356	
-0.119884	0.765737	7131	
-0.255837	0.777278	8750	
-0.791008	0.315743	9587	
-0.316876	0.720254	5242	
-0.561635	0.038481	2332	
-0.295077	0.627146	2930	
0.476409	0.671194	4382	
0.176333	0.907024	6206	
-0.458106	0.414240	5520	
-0.581175	0.725659	2798	
-0.322784	0.606749	8594	
-0.619408	-0.124120	5890	
-0.493525	0.503123	5106	
0.098849	0.929994	8949	
0.057127	0.750293	495	
0.461573	0.810430	462	
-0.486713	0.710470	8964	
-0.899215	0.191911	9452	
0.080534	0.909882	8240	
-0.797366	-0.178376	5534	
-0.401703	0.737750	5844	
-0.792856	0.356094	4630	
0.383607	0.812267	5544	
-0.623028	0.378210	3451	
-0.275571	0.651810	5567	
-0.722791	-0.097644	1923	
-0.511700	0.708752	9051	
-0.618280	0.529046	7506	
-0.523073	0.597607	5500	
0.291553	0.889198	9741	
-0.921722	0.011883	9122	
-0.729394	-0.162387	7006	
-0.855075	-0.138849	7113	
-0.656174	0.576801	3060	
0.737778	0.478333	6420	
-0.513687	0.388684	3051	
-0.841673	0.153061	746	
-0.203667	0.833818	5104	
0.158310	0.891243	6013	
0.088748	0.852260	6626	
-0.481903	0.505977	6649	
0.761827	0.517967	395	
0.636047	0.574717	5145	
-0.808945	0.219941	2163	
-0.748906	0.306271	8596	
0.503899	0.758400	7151	
0.230856	0.868550	8013	
-0.856297	0.013429	7091	
-0.753581	0.502240	7524	
-0.628868	0.025617	3070	
-0.475716	0.689093	6861	
-0.597695	0.504182	7507	
-0.528116	0.055584	2656	
-0.294302	-0.049410	8960	
-0.257927	-0.035039	6390	
-0.192314	0.058154	2102	
-0.006932	-0.203285	813	
-0.054061	-0.335740	7908	
-0.068674	-0.345848	1102	
-0.118460	-0.366038	3391	
-0.642868	-0.364579	466	
0.030675	-0.543829	3528	
0.076293	-0.554068	2581	
0.111305	-0.560812	4078	
0.104025	-0.557218	4078	
0.117033	-0.560380	3704	
0.164780	-0.602631	6080	
0.151357	-0.581423	1971	
0.157746	-0.587537	1971	
0.126348	-0.565158	3704	
0.123609	-0.560144	7629	
0.142006	-0.570072	2670	
0.162241	-0.591384	5464	
0.155677	-0.578644	1971	
0.118365	-0.551845	5285	
0.116358	-0.551008	5285	
0.160648	-0.584257	1971	
0.145935	-0.573594	2670	
0.142584	-0.570402	2670	
0.109661	-0.555953	3522	
0.053798	-0.540330	3123	
0.107897	-0.560640	4078	
0.068405	-0.686455	2827	
0.063630	-0.548535	2581	
-0.638750	-0.424141	2959	
-0.582952	-0.242122	6111	
-0.406211	-0.281318	3323	
-0.173037	-0.368130	3342	
-0.140694	-0.369824	2105	
-0.028569	-0.300556	2696	
-0.013241	-0.189283	1127	
-0.132459	-0.026690	10211	
-0.310797	-0.055189	2045	
-0.383503	-0.042209	2086	
-0.407783	-0.006600	7301	
-0.539221	0.551321	2309	
-0.684598	0.454011	2072	
0.057962	0.880933	7030	
0.435440	0.699129	3754	
-0.335566	0.723822	5993	
-0.833362	0.011875	7982	
-0.007836	0.758217	1138	
-0.658901	0.321409	5131	
-0.416298	0.653122	6870	
-0.537202	-0.098702	1593	
0.201404	0.754072	3318	
0.730282	0.508044	8902	
0.066833	0.913095	6058	
-0.453029	0.455221	5180	
-0.561087	0.732934	2798	
0.076899	0.759380	4355	
-0.811447	-0.099084	1953	
-0.546074	0.493685	5658	
-0.109810	0.921079	9900	
0.370589	0.712073	3649	
0.363472	0.851021	959	
0.649466	0.611010	7366	
-0.228293	0.694232	3812	
0.117312	0.897056	8174	
-0.836136	-0.144096	6097	
-0.314858	0.702177	5242	
-0.010294	0.857678	4775	
-0.114995	0.868029	5402	
-0.392552	0.571186	3032	
0.473234	0.688639	4382	
-0.391160	0.810253	9593	
-0.753489	-0.045053	8910	
-0.806990	0.214850	1381	
-0.841754	0.090082	8525	
0.220402	0.904249	9056	
-0.930380	0.144173	1582	
-0.784453	-0.149737	8109	
-0.892883	-0.057933	989	
0.029013	0.868940	7146	
0.799631	0.434767	715	
-0.414196	0.495403	8873	
-0.783151	0.180486	8615	
0.318719	0.758937	433	
0.150811	0.883043	6977	
-0.380155	0.721248	5072	
-0.144084	0.733830	4861	
0.619051	0.677679	4413	
0.745647	0.501798	9773	
-0.690012	0.311036	389	
-0.819645	0.408214	8294	
0.483951	0.758862	2620	
0.075331	0.879824	7030	
-0.890666	0.169899	8409	
-0.658426	0.586230	3060	
-0.784263	0.129618	6919	
-0.539275	0.551336	2309	
-0.509428	0.051556	1745	
-0.400067	-0.033007	1874	
-0.211804	0.001615	7127	
-0.190573	0.061441	6896	
-0.135865	-0.017159	1815	
-0.011650	-0.263468	1703	
-0.090566	-0.357676	3622	
-0.109119	-0.362290	2818	
-0.140559	-0.364994	2105	
-0.642852	-0.388055	2478	
0.084834	-0.555163	3355	
0.162124	-0.614653	6080	
0.151095	-0.579994	1971	
0.150438	-0.578352	1971	
0.157681	-0.581664	1971	
0.145187	-0.643456	6142	
0.163422	-0.620084	6080	
0.157804	-0.630122	6142	
0.168625	-0.603004	6080	
0.164550	-0.585881	5464	
0.170146	-0.605696	6080	
0.167922	-0.618658	6080	
0.169254	-0.616798	6080	
0.164076	-0.574050	1971	
0.164346	-0.574156	1971	
0.163600	-0.626537	7454	
0.168944	-0.615591	6080	
0.170247	-0.606679	6080	
0.163621	-0.591519	5464	
0.106853	-0.554302	3522	
0.155535	-0.585292	1971	
-0.244445	-0.703482	5924	
0.115368	-0.563647	3744	
-0.635375	-0.437555	2515	
-0.632118	-0.266109	2488	
-0.479275	-0.258114	5403	
-0.227524	-0.354280	3094	
-0.187301	-0.365175	3846	
-0.048730	-0.322726	6359	
-0.009534	-0.253450	8835	
-0.036992	-0.158304	5411	
-0.226387	-0.021127	9468	
-0.305367	-0.057955	8198	
-0.335086	-0.036742	5400	
-0.489565	0.024526	4555	
-0.728584	0.078128	7994	
-0.119409	0.853261	5402	
0.656397	0.592220	7316	
-0.775782	0.163663	8860	
-0.814234	0.390646	1313	
-0.629045	0.637653	7134	
-0.464446	0.459707	6859	
-0.541995	-0.061346	4359	
-0.600576	-0.096228	1754	
0.557711	0.636931	7787	
0.690116	0.588702	6103	
0.023894	0.906896	7007	
-0.330494	0.609867	9343	
-0.282818	0.865582	9008	
0.602832	0.607842	7620	
-0.862412	-0.029534	1489	
0.133255	0.797092	3706	
-0.156001	0.905414	8216	
0.655967	0.560290	5193	
0.274528	0.875554	9495	
0.444137	0.762986	6443	
-0.437528	0.665947	9094	
0.560967	0.699603	6181	
-0.877411	-0.070957	3489	
-0.439686	0.508189	6667	
-0.596499	-0.031300	8295	
0.095411	0.793931	2103	
-0.552434	0.407321	3233	
0.561713	0.675445	5115	
-0.682816	0.598496	7984	
-0.641679	0.068198	4840	
-0.638381	0.330950	2520	
-0.574177	0.543167	9542	
0.147429	0.911884	9703	
-0.906210	0.272274	1189	
-0.771151	-0.130227	6716	
-0.904175	-0.020219	7655	
-0.810568	-0.125518	6852	
0.744692	0.546010	1225	
-0.254642	0.663490	3393	
-0.668942	0.320760	653	
-0.711713	0.107446	1934	
0.026833	0.879566	7146	
-0.571323	0.385231	1318	
-0.218810	0.811216	3771	
0.579476	0.702532	7050	
0.667538	0.615168	3661	
-0.479153	0.458885	5315	
-0.746029	0.493689	4607	
0.298268	0.834348	5912	
-0.119726	0.853220	5402	
-0.790913	0.420412	7917	
-0.584631	0.610421	6270	
-0.727422	0.371618	2444	
-0.492112	0.024928	2011	
-0.403541	-0.012545	6867	
-0.316960	-0.055498	2045	
-0.149258	0.039723	3053	
-0.085491	-0.105810	1173	
-0.031019	-0.168929	7597	
-0.039960	-0.312101	4912	
-0.131881	-0.365910	2105	
-0.152269	-0.365068	2017	
-0.192853	-0.359252	3846	
-0.642754	-0.399372	3665	
0.134233	-0.572631	3704	
0.101765	-0.672593	6965	
0.162410	-0.623918	6080	
0.167205	-0.615392	6080	
0.159338	-0.630141	6142	
-0.000938	-0.707995	5337	
0.092791	-0.677968	6965	
0.061390	-0.690600	2827	
0.127000	-0.660273	741	
0.159260	-0.633881	6142	
0.124085	-0.662858	741	
0.081961	-0.684179	3774	
0.096585	-0.677771	6965	
0.177596	-0.614081	7454	
0.177233	-0.614902	7454	
0.075658	-0.686659	3774	
0.122004	-0.664047	741	
0.126692	-0.661360	741	
0.160445	-0.630439	6142	
0.151784	-0.574765	1971	
0.133142	-0.654319	851	
-0.130872	-0.717460	4186	
0.162428	-0.600403	6080	
-0.633702	-0.444158	2515	
-0.640705	-0.299696	6019	
-0.551109	-0.242780	1008	
-0.281801	-0.332655	6414	
-0.241943	-0.348232	3859	
-0.086760	-0.349568	550	
-0.033986	-0.301816	2696	
-0.009317	-0.226158	3820	
-0.159171	0.056403	2237	
-0.214806	-0.008322	936	
-0.248811	-0.014570	5969	
-0.382576	-0.046814	6750	
-0.770342	0.304961	8131	
-0.305082	0.772518	7963	
0.501473	0.728854	7827	
-0.692260	0.342088	5426	
-0.738850	0.108865	2422	
-0.780230	0.437650	7917	
-0.298348	0.643962	4060	
-0.576616	-0.055500	8373	
-0.808385	-0.037670	9510	
0.663176	0.597048	7316	
0.505900	0.743812	7827	
-0.121895	0.885821	5952	
0.152887	0.762685	3151	
-0.375576	0.819626	4011	
0.668038	0.589476	7295	
-0.840572	0.386883	9560	
-0.481712	0.514177	6649	
-0.176005	0.894694	8216	
0.753440	0.499365	4559	
0.119066	0.899513	8174	
0.196311	0.775828	2878	
-0.579549	0.391215	500	
0.511418	0.681824	5900	
-0.921643	0.095937	8010	
0.536201	0.664917	7199	
-0.775537	0.041764	1960	
-0.486749	0.480599	6108	
0.015156	0.831214	3834	
0.285060	0.814007	4789	
-0.677844	0.583700	7898	
-0.656315	0.113083	9354	
-0.493228	0.438662	3657	
-0.517318	-0.052712	4140	
0.078580	0.912286	8240	
-0.763884	0.528822	524	
-0.873568	-0.041332	937	
-0.813786	0.455720	1692	
-0.567445	-0.112596	8888	
0.613613	0.682266	4413	
-0.103473	0.733622	4844	
-0.458212	0.479898	7261	
0.141971	0.797424	3840	
0.430367	0.730108	4416	
-0.394553	0.570475	2408	
-0.352823	0.687915	2435	
0.417003	0.797897	5871	
0.494045	0.752035	7711	
-0.272281	0.667889	4940	
-0.548955	0.652652	7968	
0.066871	0.863528	7030	
-0.295480	0.776301	1875	
-0.666390	0.534691	9290	
-0.560794	0.537140	9331	
-0.451436	-0.004734	5959	
-0.383760	-0.048964	6750	
-0.323950	-0.035468	7328	
-0.231282	-0.026677	5252	
-0.064157	-0.131416	9557	
-0.013869	-0.198597	1127	
-0.012827	-0.236612	4754	
-0.074892	-0.342036	550	
-0.178762	-0.363160	3342	
-0.204267	-0.356846	3128	
-0.247623	-0.342418	3363	
-0.642652	-0.411290	3665	
0.164046	-0.603164	6080	
-0.057954	-0.715613	8148	
0.073070	-0.686484	2827	
0.140600	-0.650794	6479	
-0.030944	-0.713522	8291	
-0.119535	-0.718942	4186	
-0.082943	-0.718089	8794	
-0.130445	-0.718504	4186	
0.004305	-0.707830	4683	
0.056108	-0.694066	3762	
-0.012988	-0.711590	5337	
-0.110171	-0.719963	1597	
-0.090356	-0.719665	1597	
0.103215	-0.677501	6965	
0.107104	-0.675620	6965	
-0.107739	-0.719937	1597	
-0.047981	-0.716353	6075	
0.021467	-0.704117	5347	
0.026773	-0.702161	5347	
0.172018	-0.610857	6080	
0.084361	-0.681642	5025	
-0.377915	-0.661413	4284	
0.133783	-0.653393	851	
-0.631117	-0.451935	3637	
-0.646484	-0.337629	7599	
-0.609577	-0.245440	2750	
-0.343282	-0.304167	473	
-0.300703	-0.323884	6165	
-0.129040	-0.359868	698	
-0.067693	-0.335946	7908	
-0.025971	-0.281838	1838	
-0.077196	-0.118310	3854	
-0.156259	0.045917	4872	
-0.187689	0.082056	1744	
-0.303432	-0.062018	8198	
-0.444577	-0.012033	7748	
-0.504937	0.560817	2205	
0.224980	0.835424	6974	
-0.386563	0.615716	5840	
-0.217411	0.712397	4947	
-0.657878	0.544462	9290	
0.306872	0.750417	433	
-0.781115	-0.008779	7965	
-0.847251	0.040973	3164	
0.467935	0.751801	7877	
0.318298	0.826607	7122	
-0.177749	0.861517	7165	
0.592705	0.623996	7620	
-0.388009	0.803375	6284	
0.476388	0.747662	7877	
-0.729814	0.534980	6164	
0.078210	0.778797	4355	
-0.176870	0.887542	3838	
0.642323	0.643792	9184	
-0.003135	0.896036	7153	
-0.522772	0.439926	7350	
-0.716316	0.330766	1191	
0.288337	0.812981	4789	
-0.885396	0.307423	1251	
-0.281968	0.807664	6748	
-0.768102	0.126221	2043	
-0.440267	0.580664	4020	
-0.531459	0.497631	3786	
-0.035751	0.829969	3720	
-0.593604	0.630217	7085	
-0.371026	0.688357	3288	
-0.351412	0.610474	9293	
-0.593548	-0.097538	2794	
0.000491	0.906156	8928	
-0.691838	0.603277	7984	
-0.769936	0.512938	9065	
-0.653372	0.640886	7468	
-0.700549	-0.075130	893	
0.423171	0.807748	6137	
0.475170	0.694591	4836	
-0.229441	0.690307	4031	
-0.484539	0.508427	6649	
-0.122295	0.820990	4001	
0.103768	0.769069	2074	
-0.567030	-0.007586	4975	
0.214593	0.860051	7949	
0.286733	0.838577	6215	
0.381515	0.739686	5312	
-0.559020	0.575782	5457	
-0.202377	0.809568	3565	
-0.501348	0.561595	7002	
-0.585682	0.520245	9231	
-0.477246	0.012377	4207	
-0.359230	-0.055528	7068	
-0.300679	-0.061161	8198	
-0.239700	-0.018143	5966	
-0.164912	0.062826	2844	
-0.012872	-0.213101	1892	
-0.016368	-0.237942	4754	
-0.031494	-0.287993	1938	
-0.115776	-0.356774	5392	
-0.232444	-0.348790	3859	
-0.258432	-0.338422	2365	
-0.332833	-0.306884	439	
-0.643078	-0.420711	2959	
0.144823	-0.643040	6142	
-0.008925	-0.709351	5337	
-0.114764	-0.719037	4186	
-0.067349	-0.717643	8148	
-0.170357	-0.716967	2285	
-0.331177	-0.681501	8804	
-0.251543	-0.703609	5924	
-0.294782	-0.692833	4400	
-0.159356	-0.718330	2285	
-0.139160	-0.719853	4186	
-0.279470	-0.698102	4400	
-0.298818	-0.692666	8116	
-0.263816	-0.702191	4418	
-0.088578	-0.721314	1597	
-0.224336	-0.710547	4056	
-0.282674	-0.697359	4400	
-0.224378	-0.710106	4056	
-0.148914	-0.719550	1812	
-0.153142	-0.718690	2285	
0.109842	-0.671934	6965	
-0.108196	-0.718916	1597	
-0.462565	-0.616597	7000	
-0.014107	-0.710389	5337	
-0.626817	-0.461765	3637	
-0.649257	-0.362519	466	
-0.639260	-0.275998	2488	
-0.407899	-0.277172	4226	
-0.361856	-0.295525	2183	
-0.176797	-0.357898	3846	
-0.107633	-0.353770	5392	
-0.061340	-0.327121	7908	
-0.019005	-0.199141	817	
-0.074468	-0.124058	3854	
-0.125005	-0.051788	5336	
-0.220319	-0.023102	9468	
-0.355368	-0.059971	9182	
-0.576385	0.089073	9718	
-0.104403	0.827166	4001	
0.201520	0.798964	4634	
-0.411742	0.617855	4517	
-0.584135	0.525432	9179	
0.443237	0.738451	6035	
-0.852777	0.118069	8830	
-0.868795	0.243711	9710	
0.197746	0.842910	7169	
0.125196	0.857982	6827	
-0.246427	0.825772	3991	
0.548857	0.691277	6181	
-0.388895	0.788497	7015	
0.228327	0.836114	6974	
-0.644072	0.601205	4668	
0.206307	0.799910	4634	
-0.212289	0.867913	6120	
0.385951	0.813831	5544	
-0.108259	0.874874	5952	
-0.266438	0.682155	3616	
0.377838	0.740394	5312	
-0.702400	0.336971	497	
-0.795819	0.463670	7496	
-0.359679	0.742095	6271	
-0.736640	0.347548	1663	
0.138672	0.791758	3840	
0.080270	0.789186	3340	
-0.490449	0.542740	6888	
-0.544499	0.618879	6511	
-0.685765	0.001688	2627	
-0.457155	0.540204	7389	
-0.740825	-0.053378	1472	
-0.099483	0.888819	5535	
-0.624169	0.657094	7882	
-0.886033	0.280447	1389	
-0.595848	0.678276	1418	
-0.758689	0.513262	7524	
0.341760	0.833466	1241	
0.369332	0.783367	3172	
0.410053	0.730870	4868	
0.258344	0.767593	7280	
-0.542810	0.467177	8919	
0.552490	0.661993	5274	
-0.618482	-0.044939	4828	
-0.000279	0.866478	5292	
0.058052	0.864246	5964	
0.145038	0.819716	5139	
-0.712299	0.062670	6671	
-0.480395	0.586655	5467	
-0.586958	0.095258	4187	
-0.463395	-0.004826	4173	
-0.376317	-0.053721	2372	
-0.275609	-0.055685	6220	
-0.215992	-0.016874	936	
-0.174696	0.078023	1841	
-0.089056	-0.106510	1173	
-0.024564	-0.271467	5076	
-0.042154	-0.298029	2911	
-0.065023	-0.326330	8090	
-0.162682	-0.358591	2017	
-0.291566	-0.324930	6414	
-0.328924	-0.308095	439	
-0.378679	-0.285642	3049	
-0.644362	-0.422876	2959	
0.007497	-0.705632	4683	
-0.192126	-0.713557	6144	
-0.268033	-0.700072	4418	
-0.081704	-0.719352	8717	
-0.342952	-0.678297	7278	
-0.430612	-0.637837	2564	
-0.379122	-0.663086	4284	
-0.408063	-0.649710	3779	
-0.350377	-0.676023	7278	
-0.309716	-0.690953	2349	
-0.403707	-0.653323	3779	
-0.421011	-0.644636	1089	
-0.392483	-0.658953	4284	
-0.274703	-0.701665	4400	
-0.271031	-0.702542	4400	
-0.413515	-0.648624	3779	
-0.377860	-0.665207	4284	
-0.314000	-0.689620	2349	
-0.303294	-0.691862	2349	
-0.060937	-0.718054	8148	
-0.262927	-0.701056	4418	
-0.497230	-0.593981	3154	
-0.196969	-0.712928	6144	
-0.625600	-0.465375	837	
-0.653163	-0.374059	466	
-0.647633	-0.315330	6019	
-0.480074	-0.254799	5403	
-0.430484	-0.269268	6240	
-0.230934	-0.344421	3859	
-0.153089	-0.358143	850	
-0.098342	-0.346810	9192	
-0.025935	-0.267609	5076	
-0.020399	-0.211105	3113	
-0.029493	-0.181135	873	
-0.154549	0.037905	4872	
-0.273867	-0.058380	6220	
-0.419987	-0.017217	7432	
-0.473462	0.580456	2217	
-0.415588	0.621783	6815	
-0.610708	0.100619	2590	
-0.472000	-0.020060	7880	
0.059564	0.832254	4613	
-0.820371	0.320429	8651	
-0.724332	0.468301	1331	
-0.117927	0.826106	4001	
-0.179198	0.815889	6154	
-0.372302	0.747198	6271	
0.272467	0.821426	5906	
-0.400559	0.764847	9455	
-0.114165	0.829014	4001	
-0.582380	0.614785	6270	
-0.409413	0.630726	6815	
-0.311978	0.823262	5107	
0.218651	0.858811	7949	
-0.343456	0.791652	1094	
0.204789	0.801509	4634	
0.151261	0.819718	5139	
-0.541850	0.483717	8609	
-0.467510	0.751746	8948	
-0.515440	0.519280	4974	
-0.394559	0.625318	7117	
-0.414096	0.631017	6815	
-0.406598	0.623682	6815	
0.193675	0.794011	4634	
-0.574907	0.415367	2491	
-0.817928	0.133360	7528	
0.282526	0.819095	5906	
-0.776227	-0.009385	5864	
-0.187741	0.859087	7165	
-0.575933	0.679089	2544	
-0.769903	0.480276	10145	
-0.550838	0.696355	9762	
-0.716182	0.550127	7178	
0.156856	0.871870	6013	
0.000173	0.837175	3746	
0.152068	0.819449	5139	
0.181707	0.810662	5135	
0.000142	0.779688	3196	
0.368198	0.781665	3172	
-0.773868	0.032367	3538	
-0.234424	0.801188	5280	
-0.211065	0.807382	3741	
-0.432347	0.610996	3928	
-0.779613	0.285880	3735	
-0.517930	0.041358	2631	
-0.423694	-0.017398	8832	
-0.371118	-0.066444	1870	
-0.295584	-0.064659	6418	
-0.198472	0.014176	8269	
-0.152040	0.030814	9839	
-0.109239	-0.079812	1675	
-0.023248	-0.201583	3520	
-0.055347	-0.314679	4171	
-0.073900	-0.324638	8090	
-0.105607	-0.346588	5392	
-0.213471	-0.348881	2446	
-0.353971	-0.295990	9267	
-0.387745	-0.281557	3323	
-0.438815	-0.263531	7562	
-0.641774	-0.435275	2959	
-0.234807	-0.706421	6262	
-0.359833	-0.670234	3258	
-0.395759	-0.655727	6886	
-0.251247	-0.705202	5924	
-0.444549	-0.631566	1732	
-0.499760	-0.595698	3154	
-0.469537	-0.615838	2484	
-0.485226	-0.605646	3154	
-0.452505	-0.627675	1732	
-0.431046	-0.641673	1732	
-0.489771	-0.604928	3154	
-0.489268	-0.605643	3154	
-0.480921	-0.611525	2484	
-0.409485	-0.654046	3779	
-0.430044	-0.643369	3795	
-0.506035	-0.594124	5452	
-0.476806	-0.613595	2484	
-0.442198	-0.635132	1732	
-0.414216	-0.648786	3779	
-0.221745	-0.711197	4056	
-0.389315	-0.658428	4284	
-0.547208	-0.556667	6535	
-0.349083	-0.674751	7278	
-0.621731	-0.472840	837	
-0.655271	-0.391034	2478	
-0.652534	-0.342687	7586	
-0.557673	-0.238445	1008	
-0.506382	-0.248546	5256	
-0.290505	-0.320697	5848	
-0.204549	-0.350495	2446	
-0.146300	-0.355217	1062	
-0.054406	-0.306925	4171	
-0.033016	-0.269384	5591	
-0.023117	-0.246304	8727	
-0.074482	-0.127513	3854	
-0.194187	0.021567	10059	
-0.334790	-0.049179	356	
-0.586949	0.091495	4187	
-0.558241	0.063499	5226	
-0.437073	-0.056452	9478	
-0.415163	-0.080728	3008	
-0.446984	0.600847	3928	
-0.663072	0.451086	2522	
-0.609455	0.502127	7482	
-0.469868	0.588867	2217	
-0.478060	0.590510	5467	
-0.507707	0.578149	7002	
-0.070370	0.832221	4229	
-0.449010	0.706280	9424	
-0.453072	0.613291	5346	
-0.562644	0.541709	9542	
-0.535630	0.042534	6824	
-0.341448	0.792192	1026	
0.014931	0.866288	6948	
-0.459174	0.700637	9914	
-0.411789	0.628497	6815	
-0.419957	0.626516	6815	
0.185317	0.795573	4634	
-0.466761	0.730201	9837	
0.169251	0.793380	3715	
-0.644606	0.121983	9664	
-0.549743	0.054378	6589	
-0.579571	0.078210	8604	
-0.406175	0.629640	7117	
-0.326789	0.660718	7474	
-0.719515	0.415394	8845	
-0.067951	0.834057	4229	
-0.853837	0.119862	8830	
-0.288126	0.811792	4063	
-0.538762	0.683098	2289	
-0.610415	0.630291	7085	
-0.539350	0.682665	2289	
-0.615038	0.626486	7085	
-0.063731	0.861841	7704	
-0.437833	0.620504	3928	
-0.421729	0.625401	6815	
-0.418354	0.625909	6815	
-0.416354	0.612426	4517	
-0.010671	0.834470	3746	
-0.843738	0.225468	7340	
-0.480398	0.595219	5467	
-0.479728	0.589784	5467	
-0.558722	0.066552	5226	
-0.440186	-0.030221	8558	
-0.398242	-0.048396	9050	
-0.337156	-0.050832	356	
-0.295960	-0.074537	6664	
-0.212448	-0.016939	936	
-0.142296	-0.015348	4353	
-0.065855	-0.138250	3901	
-0.028293	-0.192720	817	
-0.031408	-0.262982	7509	
-0.093481	-0.339046	492	
-0.115948	-0.342321	782	
-0.152392	-0.352401	850	
-0.273249	-0.327437	1727	
-0.421630	-0.269429	5642	
-0.461825	-0.257280	4995	
-0.552038	-0.237649	1503	
-0.637739	-0.446848	2515	
-0.391730	-0.656211	4284	
-0.476776	-0.609072	2484	
-0.480281	-0.609142	2484	
-0.389517	-0.660785	4284	
-0.515648	-0.586736	6227	
-0.546820	-0.561957	6535	
-0.528605	-0.576415	6227	
-0.539168	-0.568272	7821	
-0.523754	-0.581940	6227	
-0.512047	-0.592977	6346	
-0.548743	-0.564138	6535	
-0.548944	-0.564521	6535	
-0.544819	-0.568543	6535	
-0.497103	-0.605770	3154	
-0.538306	-0.574408	7821	
-0.556533	-0.557942	8229	
-0.534445	-0.575571	7821	
-0.520042	-0.586849	6227	
-0.508348	-0.593275	6346	
-0.368895	-0.670077	3258	
-0.469666	-0.615675	2484	
-0.568030	-0.539085	8448	
-0.408149	-0.649265	3779	
-0.622005	-0.474581	837	
-0.658667	-0.396841	2478	
-0.657427	-0.362653	466	
-0.616045	-0.242401	2875	
-0.579308	-0.235937	6111	
-0.354962	-0.291499	9267	
-0.263987	-0.330547	2365	
-0.198372	-0.349135	3128	
-0.093055	-0.333377	492	
-0.064990	-0.309804	4984	
-0.049129	-0.292976	2911	
-0.026284	-0.212703	3113	
-0.140688	-0.029689	6788	
-0.249561	-0.034484	6390	
-0.418209	-0.035178	1642	
-0.420449	-0.066056	3798	
-0.386676	-0.105481	4970	
-0.374286	-0.117030	5988	
-0.563514	0.072095	5226	
-0.451389	-0.023886	8390	
-0.457295	-0.017837	7748	
-0.545421	0.062156	5068	
-0.517483	0.039336	2631	
-0.478617	-0.004767	7404	
-0.461069	0.596926	2217	
-0.523833	0.567731	2205	
-0.494094	0.005444	4968	
-0.465920	-0.024111	7880	
-0.421372	-0.073999	3008	
-0.423953	0.720023	9826	
-0.229639	0.802522	3771	
-0.534385	0.561667	2416	
-0.559211	0.063509	5226	
-0.520510	0.030239	2631	
-0.428305	0.605637	4517	
-0.476854	0.689871	6861	
-0.420194	0.610151	4517	
-0.437776	-0.057807	9478	
-0.424619	-0.072878	3308	
-0.396198	-0.105339	5998	
-0.544333	0.050562	6589	
-0.702532	0.156153	9305	
-0.781150	0.211104	1881	
-0.438660	0.619093	3928	
-0.780968	0.391336	7706	
-0.385860	0.740135	5072	
-0.520251	0.660905	1527	
-0.554633	0.635878	7968	
-0.527870	0.655431	1527	
-0.564605	0.628346	8044	
-0.261866	0.791852	8750	
-0.504081	0.014977	4131	
-0.521153	0.031261	2631	
-0.534796	0.043433	6824	
-0.639383	0.119926	9664	
-0.457328	0.593745	2217	
-0.689319	0.422554	2246	
-0.488102	0.005266	4968	
-0.507014	0.030136	1573	
-0.415866	-0.058092	3798	
-0.361055	-0.079273	6962	
-0.320499	-0.070754	5046	
-0.252315	-0.038219	6390	
-0.215639	-0.031594	10250	
-0.150503	0.015388	9247	
-0.045000	-0.166245	7846	
-0.027567	-0.216102	3113	
-0.031481	-0.255091	9146	
-0.062184	-0.305076	4984	
-0.139101	-0.349041	698	
-0.168933	-0.346880	1282	
-0.205967	-0.344900	2276	
-0.336319	-0.299056	439	
-0.494704	-0.248573	5256	
-0.539047	-0.239283	7497	
-0.589016	-0.231935	6111	
-0.635497	-0.454209	3637	
-0.474565	-0.610646	2484	
-0.486488	-0.603948	3154	
-0.530723	-0.575343	6227	
-0.481126	-0.612222	2484	
-0.549636	-0.562917	6535	
-0.585631	-0.529541	1518	
-0.568107	-0.546425	8229	
-0.579272	-0.536296	8226	
-0.563090	-0.553980	8229	
-0.567638	-0.553018	8229	
-0.593531	-0.528037	1518	
-0.594775	-0.527655	1518	
-0.591582	-0.531776	1518	
-0.569433	-0.555214	8229	
-0.567015	-0.557658	8229	
-0.596965	-0.525042	1518	
-0.583657	-0.537633	1518	
-0.572129	-0.549114	8229	
-0.562571	-0.553816	8229	
-0.483379	-0.610895	2484	
-0.532848	-0.573168	7821	
-0.599046	-0.509489	8554	
-0.483031	-0.606513	3154	
-0.624408	-0.474428	837	
-0.659551	-0.410595	2500	
-0.661411	-0.377925	2478	
-0.643645	-0.271662	3378	
-0.628694	-0.249291	5164	
-0.422929	-0.265323	5642	
-0.325613	-0.303363	7547	
-0.256056	-0.331158	1727	
-0.139194	-0.344071	1062	
-0.106774	-0.332940	8972	
-0.088696	-0.326459	8204	
-0.043310	-0.273783	5591	
-0.045924	-0.173255	543	
-0.184005	0.064425	3906	
-0.336754	-0.069052	1606	
-0.367453	-0.104793	1451	
-0.354393	-0.122509	6798	
-0.348099	-0.126164	6730	
-0.414035	-0.051453	9176	
-0.371508	-0.080726	3777	
-0.374670	-0.077638	1870	
-0.406574	-0.045000	9038	
-0.395680	-0.055649	9050	
-0.392817	-0.081639	2162	
-0.532269	0.050544	3237	
-0.474042	-0.008075	7404	
-0.406197	-0.083377	2896	
-0.397392	-0.093408	2162	
-0.379147	-0.112689	5988	
-0.515172	0.571822	2205	
-0.478852	0.595043	5467	
-0.471188	-0.015119	7880	
-0.423584	-0.066679	3798	
-0.413964	-0.077201	3008	
-0.657768	0.131407	10229	
-0.528909	0.564204	2205	
-0.632524	0.115963	5502	
-0.389582	-0.107661	4970	
-0.376362	-0.121436	5988	
-0.370715	-0.127072	5988	
-0.421992	-0.071523	3008	
-0.440134	-0.051294	9478	
-0.443087	-0.048130	9478	
-0.504897	0.017015	4131	
-0.638501	0.476041	5674	
-0.507827	0.577046	7002	
-0.538452	0.557419	2309	
-0.544182	0.553309	4783	
-0.540287	0.556109	2309	
-0.553378	0.547127	4783	
-0.485105	0.589275	7028	
-0.408227	-0.082284	3008	
-0.414925	-0.074462	3008	
-0.414391	-0.074684	3008	
-0.433350	-0.052029	9478	
-0.566524	0.075688	7916	
-0.448396	-0.028102	8390	
-0.395485	-0.076940	1830	
-0.393881	-0.057913	9050	
-0.351074	-0.092944	1556	
-0.290959	-0.082026	5506	
-0.232900	-0.049393	9679	
-0.185015	0.061344	3906	
-0.154115	0.015357	9247	
-0.062733	-0.148641	5035	
-0.029553	-0.235914	7888	
-0.045062	-0.272174	5591	
-0.063221	-0.300879	4984	
-0.104167	-0.330257	8972	
-0.191477	-0.345154	1004	
-0.224351	-0.335605	3454	
-0.263754	-0.325654	1727	
-0.402731	-0.271375	4226	
-0.572973	-0.233058	6111	
-0.605666	-0.234710	2875	
-0.638400	-0.250923	5164	
-0.633019	-0.461223	3637	
-0.526296	-0.575385	6227	
-0.538418	-0.567671	7821	
-0.574088	-0.541919	8448	
-0.567559	-0.550262	8229	
-0.599580	-0.521487	1518	
-0.615068	-0.504409	8554	
-0.606694	-0.513400	8554	
-0.611677	-0.508843	8554	
-0.615333	-0.507528	8554	
-0.615927	-0.512536	2207	
-0.629605	-0.497641	1053	
-0.630005	-0.498718	1053	
-0.630455	-0.498928	1053	
-0.621517	-0.512381	2207	
-0.621894	-0.511631	2207	
-0.634116	-0.493067	1053	
-0.624360	-0.503237	2207	
-0.608838	-0.520216	8554	
-0.603479	-0.520069	8554	
-0.546210	-0.568742	6535	
-0.578196	-0.536986	8226	
-0.617256	-0.491878	837	
-0.551936	-0.556761	6535	
-0.625121	-0.477030	837	
-0.661287	-0.416706	3122	
-0.665594	-0.389021	2326	
-0.654635	-0.314415	6019	
-0.647481	-0.287472	3378	
-0.499040	-0.244485	5256	
-0.391030	-0.275256	3323	
-0.300619	-0.310744	6409	
-0.191827	-0.340616	2334	
-0.156773	-0.339900	850	
-0.134104	-0.339262	9996	
-0.078228	-0.310873	4298	
-0.038536	-0.240785	7888	
-0.117897	-0.075471	464	
-0.255976	-0.056657	5364	
-0.323259	-0.111763	8701	
-0.324179	-0.122093	7735	
-0.316299	-0.124486	7735	
-0.342245	-0.084306	1171	
-0.306171	-0.089832	6652	
-0.308057	-0.088418	6652	
-0.328081	-0.072716	1345	
-0.320882	-0.077354	5046	
-0.338658	-0.102756	6728	
-0.403069	-0.051502	9038	
-0.389256	-0.081813	2162	
-0.362952	-0.112671	5186	
-0.359169	-0.117046	5186	
-0.349805	-0.125676	6798	
-0.478636	0.001509	4945	
-0.488570	0.007278	4968	
-0.393928	-0.087664	2162	
-0.373876	-0.107303	5988	
-0.313472	-0.151503	7812	
-0.432769	-0.047539	10132	
-0.474377	-0.005812	7404	
-0.431771	-0.052417	9478	
-0.361589	-0.126037	6798	
-0.360665	-0.126930	6798	
-0.351490	-0.135193	7459	
-0.376807	-0.111204	5988	
-0.382319	-0.105717	4970	
-0.386364	-0.101516	3540	
-0.406651	-0.079758	3008	
-0.454117	-0.028114	8558	
-0.479290	-0.000848	4945	
-0.470209	-0.008815	7404	
-0.468805	-0.010078	7404	
-0.469120	-0.009674	7404	
-0.466994	-0.014489	7880	
-0.493371	0.015521	4968	
-0.365524	-0.112662	5186	
-0.368123	-0.109098	5186	
-0.367354	-0.109082	5186	
-0.373636	-0.098544	2189	
-0.413387	-0.046010	9176	
-0.370969	-0.083672	3777	
-0.337838	-0.099629	6728	
-0.319729	-0.078851	5046	
-0.288076	-0.091466	5506	
-0.214081	-0.038580	10250	
-0.168302	0.042896	4076	
-0.124921	-0.064094	1074	
-0.068693	-0.146875	5035	
-0.035861	-0.224975	4949	
-0.055280	-0.285568	3261	
-0.080900	-0.309369	5073	
-0.103458	-0.325693	7714	
-0.151366	-0.338202	1062	
-0.248905	-0.328761	2512	
-0.286479	-0.312770	5848	
-0.325852	-0.298444	7547	
-0.475952	-0.248938	3980	
-0.627296	-0.242865	5164	
-0.643694	-0.258932	5164	
-0.654777	-0.289298	5221	
-0.633800	-0.463936	3637	
-0.569152	-0.540796	8448	
-0.579916	-0.533579	8226	
-0.607640	-0.513683	8554	
-0.614193	-0.509731	8554	
-0.627229	-0.499248	1053	
-0.642954	-0.480877	1053	
-0.635019	-0.489215	1053	
-0.639917	-0.485018	1053	
-0.647625	-0.479661	8462	
-0.654807	-0.479112	8462	
-0.660062	-0.472962	4378	
-0.668626	-0.465058	4378	
-0.670733	-0.463413	3604	
-0.670013	-0.469738	8462	
-0.669553	-0.469762	8462	
-0.670777	-0.461135	3604	
-0.661665	-0.470977	4378	
-0.657819	-0.475979	8462	
-0.640413	-0.488409	1053	
-0.595325	-0.530068	1518	
-0.613303	-0.506406	8554	
-0.622832	-0.491251	837	
-0.590319	-0.523874	1518	
-0.631701	-0.473166	837	
-0.661761	-0.423935	3122	
-0.668046	-0.400041	2326	
-0.661928	-0.336063	7586	
-0.657210	-0.318660	7599	
-0.570351	-0.230104	6627	
-0.463775	-0.251887	5403	
-0.379855	-0.276715	3049	
-0.250753	-0.324130	2512	
-0.214065	-0.332483	2276	
-0.187102	-0.337865	1004	
-0.123400	-0.329994	9996	
-0.068087	-0.286869	2994	
-0.043990	-0.191556	541	
-0.184422	0.034927	7472	
-0.268805	-0.098295	591	
-0.279479	-0.110334	949	
-0.269923	-0.110655	949	
-0.270526	-0.077013	7220	
-0.232708	-0.061251	10098	
-0.233888	-0.060611	10098	
-0.247425	-0.054708	6325	
-0.241553	-0.055283	10013	
-0.280234	-0.095735	949	
-0.327656	-0.077540	1345	
-0.333325	-0.100798	6640	
-0.324147	-0.117906	8701	
-0.323287	-0.120190	8701	
-0.318516	-0.124677	7735	
-0.385368	-0.072586	1830	
-0.393688	-0.074278	1830	
-0.347530	-0.108936	6728	
-0.335498	-0.117820	6730	
-0.315761	-0.129772	7735	
-0.367019	-0.093397	2189	
-0.387363	-0.078682	1830	
-0.370917	-0.098259	2189	
-0.335901	-0.130357	5386	
-0.336012	-0.130325	5386	
-0.330648	-0.134625	5386	
-0.344504	-0.123137	6730	
-0.347433	-0.120609	6730	
-0.349432	-0.118847	6730	
-0.359716	-0.109260	1451	
-0.380412	-0.088311	3540	
-0.389069	-0.076659	1830	
-0.383950	-0.078960	1830	
-0.383137	-0.079385	1830	
-0.383576	-0.078778	1830	
-0.385612	-0.083218	2162	
-0.390941	-0.067235	1830	
-0.328132	-0.119058	8701	
-0.328063	-0.117079	8701	
-0.327956	-0.115941	8701	
-0.326076	-0.108966	6640	
-0.337090	-0.077997	755	
-0.307819	-0.092607	6652	
-0.276460	-0.091833	591	
-0.241106	-0.056286	10013	
-0.216234	-0.050751	9470	
-0.155178	0.006638	3917	
-0.091778	-0.118824	1802	
-0.044904	-0.188125	541	
-0.044025	-0.224206	4244	
-0.058859	-0.276815	9617	
-0.094356	-0.316901	7744	
-0.126950	-0.328416	6723	
-0.153709	-0.334551	7089	
-0.209400	-0.331600	2276	
-0.311616	-0.302773	7593	
-0.347700	-0.284461	8879	
-0.391888	-0.270382	3323	
-0.553135	-0.232675	1503	
-0.649943	-0.279696	3378	
-0.656983	-0.296811	5221	
-0.665752	-0.318685	6533	
-0.636186	-0.465250	3637	
-0.600325	-0.512803	8554	
-0.610529	-0.506869	8554	
-0.640769	-0.485383	1053	
-0.645000	-0.484300	1053	
-0.663036	-0.468135	4378	
-0.673579	-0.454338	3604	
-0.668557	-0.459975	3604	
-0.672743	-0.456429	3604	
-0.683580	-0.447894	4329	
-0.700737	-0.436514	3584	
-0.709163	-0.425408	3096	
-0.713561	-0.422113	3096	
-0.716991	-0.419058	2448	
-0.724320	-0.416565	3215	
-0.723856	-0.416483	3215	
-0.713712	-0.421320	3096	
-0.703224	-0.433198	3584	
-0.697951	-0.440533	3584	
-0.677778	-0.456706	4329	
-0.638197	-0.493862	1053	
-0.641382	-0.482388	1053	
-0.643116	-0.474348	3637	
-0.615500	-0.502410	8554	
-0.640534	-0.467916	3637	
-0.661247	-0.432294	3122	
-0.670376	-0.408183	2500	
-0.671086	-0.352124	953	
-0.664878	-0.342524	953	
-0.628236	-0.237638	5640	
-0.542683	-0.234205	1503	
-0.433005	-0.257010	6240	
-0.316552	-0.297681	7547	
-0.272903	-0.311738	1373	
-0.244651	-0.322667	2512	
-0.176254	-0.332467	1282	
-0.110972	-0.313853	6330	
-0.051732	-0.252466	9304	
-0.124978	-0.076184	1437	
-0.204549	-0.050126	9546	
-0.221271	-0.075634	2966	
-0.213545	-0.071911	9218	
-0.195829	-0.012099	5021	
-0.170315	0.028009	9490	
-0.170892	0.030047	9490	
-0.179788	0.042074	4076	
-0.174837	0.040800	4076	
-0.211938	-0.052306	9470	
-0.249312	-0.060247	10013	
-0.271723	-0.090830	591	
-0.275522	-0.105670	949	
-0.276606	-0.107842	949	
-0.274925	-0.110980	949	
-0.319094	-0.088997	6652	
-0.332257	-0.096084	6486	
-0.297491	-0.106917	7663	
-0.290162	-0.110575	1243	
-0.276363	-0.115625	949	
-0.310765	-0.100368	7663	
-0.327074	-0.096604	6486	
-0.321381	-0.107383	6640	
-0.303370	-0.123895	1469	
-0.301858	-0.125317	1469	
-0.303254	-0.124132	1469	
-0.307942	-0.120029	7952	
-0.310109	-0.118170	7952	
-0.310529	-0.117759	7952	
-0.315739	-0.112934	8701	
-0.325870	-0.102584	6640	
-0.327839	-0.095626	6486	
-0.322495	-0.094957	6486	
-0.321566	-0.094997	6486	
-0.322457	-0.094363	6486	
-0.328945	-0.100265	6640	
-0.322234	-0.086882	6486	
-0.281645	-0.108669	1243	
-0.279729	-0.106360	949	
-0.278529	-0.105069	949	
-0.269664	-0.096698	591	
-0.260780	-0.066920	6364	
-0.236411	-0.066217	7410	
-0.206708	-0.043381	10231	
-0.174887	0.039551	6233	
-0.159287	0.008303	3917	
-0.071020	-0.150392	5035	
-0.049175	-0.209623	2835	
-0.050174	-0.249946	9304	
-0.069238	-0.274306	8626	
-0.098404	-0.309162	7744	
-0.142513	-0.330052	7089	
-0.180564	-0.329992	1282	
-0.209752	-0.328088	2276	
-0.269023	-0.311951	1373	
-0.375590	-0.274412	3049	
-0.415640	-0.258269	5642	
-0.465087	-0.247596	5403	
-0.618463	-0.232931	4197	
-0.661680	-0.311276	6037	
-0.667314	-0.324476	7586	
-0.676322	-0.337633	7586	
-0.641386	-0.463836	3637	
-0.620022	-0.495840	1053	
-0.640050	-0.479498	837	
-0.674813	-0.455562	3604	
-0.680591	-0.454964	4329	
-0.708452	-0.424378	3096	
-0.711342	-0.419217	3096	
-0.705815	-0.425644	3096	
-0.711804	-0.419950	3096	
-0.726653	-0.405552	3215	
-0.753312	-0.381154	2677	
-0.756754	-0.375433	2791	
-0.764567	-0.364890	5039	
-0.771596	-0.358087	5039	
-0.780157	-0.351296	6526	
-0.780309	-0.351424	6526	
-0.765769	-0.364593	5039	
-0.756703	-0.375767	2791	
-0.753798	-0.380841	2677	
-0.723515	-0.412008	3215	
-0.688732	-0.447837	4329	
-0.672849	-0.455059	3604	
-0.665022	-0.456194	3604	
-0.640361	-0.481563	837	
-0.651797	-0.461032	4378	
-0.663481	-0.436281	3122	
-0.672198	-0.415437	2500	
-0.679867	-0.363366	845	
-0.673762	-0.356944	953	
-0.653442	-0.273077	3378	
-0.612454	-0.230167	4197	
-0.533770	-0.233830	7497	
-0.381962	-0.269456	3049	
-0.336828	-0.283871	10065	
-0.306653	-0.297554	7593	
-0.234947	-0.320044	2512	
-0.162834	-0.322145	8032	
-0.086807	-0.291809	4441	
-0.063395	-0.189541	8798	
-0.155070	-0.029259	2865	
-0.168802	-0.006675	2363	
-0.165360	-0.011086	3026	
-0.142421	-0.053917	9823	
-0.098219	-0.120831	2541	
-0.098673	-0.119542	2541	
-0.115142	-0.092526	9271	
-0.105438	-0.106565	3455	
-0.158391	-0.004540	3917	
-0.180283	0.032318	7472	
-0.202557	-0.038505	9162	
-0.214487	-0.066296	9871	
-0.217011	-0.070328	9218	
-0.217701	-0.074534	2966	
-0.245899	-0.068731	10257	
-0.266690	-0.085043	591	
-0.235706	-0.079505	10253	
-0.231214	-0.081063	6814	
-0.222484	-0.082381	2966	
-0.245048	-0.078253	9800	
-0.261244	-0.083376	1741	
-0.262877	-0.091885	383	
-0.256513	-0.104340	3636	
-0.256110	-0.105569	3636	
-0.256548	-0.104439	3636	
-0.257929	-0.101750	383	
-0.258862	-0.100123	383	
-0.258937	-0.099975	383	
-0.260584	-0.096361	383	
-0.264016	-0.089042	591	
-0.260813	-0.081701	1741	
-0.254127	-0.078047	8733	
-0.252185	-0.077518	8733	
-0.253753	-0.077353	8733	
-0.265907	-0.088004	591	
-0.248665	-0.067929	10257	
-0.222058	-0.074094	2966	
-0.218715	-0.069393	9218	
-0.216690	-0.066597	9871	
-0.204127	-0.047237	10231	
-0.187647	0.013252	10246	
-0.173148	0.022234	1001	
-0.154207	-0.020921	3079	
-0.105554	-0.107153	3455	
-0.079698	-0.144730	4841	
-0.052394	-0.225473	5110	
-0.069550	-0.262931	5032	
-0.084602	-0.290260	4441	
-0.111784	-0.303629	6330	
-0.148091	-0.322173	6462	
-0.197902	-0.327090	2334	
-0.239535	-0.316576	2512	
-0.270160	-0.308275	1373	
-0.333828	-0.283848	10065	
-0.446126	-0.250790	4995	
-0.491920	-0.237617	5256	
-0.545598	-0.229954	1503	
-0.652019	-0.262956	3142	
-0.672237	-0.337606	7586	
-0.678633	-0.341056	953	
-0.687032	-0.350109	845	
-0.650627	-0.458768	4378	
-0.642543	-0.476977	837	
-0.665429	-0.458014	3604	
-0.713877	-0.418180	2448	
-0.728542	-0.407696	3215	
-0.757094	-0.372794	2791	
-0.759127	-0.368591	2791	
-0.752516	-0.376839	2677	
-0.759228	-0.369132	2791	
-0.778244	-0.347684	6526	
-0.815278	-0.304846	5769	
-0.815888	-0.303136	5769	
-0.825078	-0.289275	4138	
-0.829920	-0.282350	4138	
-0.842227	-0.267104	4619	
-0.843743	-0.265153	4619	
-0.820855	-0.295055	4138	
-0.815891	-0.303179	5769	
-0.816354	-0.303394	5769	
-0.774485	-0.353342	5039	
-0.730674	-0.405892	3215	
-0.709994	-0.420456	3096	
-0.694146	-0.430650	3584	
-0.666866	-0.459313	3604	
-0.669618	-0.447495	3604	
-0.669475	-0.435725	3122	
-0.674944	-0.420738	2500	
-0.686806	-0.373148	2362	
-0.681789	-0.368077	845	
-0.667561	-0.304269	6037	
-0.650473	-0.254125	2600	
-0.609945	-0.226794	4197	
-0.454631	-0.246113	4995	
-0.403056	-0.257398	3397	
-0.372887	-0.269020	2869	
-0.297788	-0.295663	5834	
-0.221498	-0.314022	3388	
-0.135192	-0.312014	6053	
-0.077555	-0.246681	9909	
-0.078877	-0.162943	8503	
-0.100486	-0.135693	4760	
-0.094071	-0.143601	10015	
-0.073757	-0.176614	7083	
-0.066389	-0.207945	4383	
-0.065537	-0.207538	4383	
-0.063961	-0.196374	1887	
-0.062157	-0.201954	3213	
-0.078558	-0.152118	8571	
-0.117856	-0.092453	9271	
-0.151369	-0.038477	2605	
-0.163586	-0.005659	2363	
-0.165744	-0.004949	2363	
-0.167448	-0.008779	2363	
-0.179019	0.018886	1024	
-0.196350	-0.024367	5529	
-0.176487	-0.002251	3757	
-0.175099	-0.006733	2363	
-0.172049	-0.015283	2363	
-0.180784	0.000344	3466	
-0.191895	-0.017304	5529	
-0.196900	-0.034929	6735	
-0.199608	-0.055633	9546	
-0.200130	-0.058316	9796	
-0.199809	-0.056184	9546	
-0.199178	-0.051548	9546	
-0.198869	-0.048911	9546	
-0.198841	-0.048642	9546	
-0.197666	-0.041539	6735	
-0.196277	-0.029990	6735	
-0.190961	-0.013790	5529	
-0.185620	-0.002375	3466	
-0.184356	-0.000283	3466	
-0.184899	-0.000347	3466	
-0.197149	-0.029399	6735	
-0.180397	0.019459	9794	
-0.168885	-0.001927	2258	
-0.166028	-0.000792	2258	
-0.164374	-0.001782	2258	
-0.154294	-0.031292	2865	
-0.131972	-0.071645	595	
-0.105170	-0.116016	2541	
-0.073188	-0.162140	8503	
-0.062957	-0.202330	3213	
-0.060866	-0.221288	5110	
-0.081146	-0.272591	2026	
-0.109353	-0.293365	5182	
-0.132046	-0.311326	6053	
-0.163694	-0.313477	8032	
-0.205738	-0.317970	1850	
-0.258195	-0.309706	1373	
-0.302215	-0.291974	6388	
-0.332228	-0.281405	10065	
-0.398206	-0.257919	3397	
-0.525585	-0.231955	7478	
-0.567096	-0.221676	8937	
-0.617038	-0.225742	4197	
-0.666772	-0.296975	6037	
-0.682643	-0.351010	845	
-0.689640	-0.351135	845	
-0.695894	-0.360314	845	
-0.664703	-0.449201	3604	
-0.664795	-0.460059	4378	
-0.696438	-0.430389	3584	
-0.766965	-0.359985	5039	
-0.783357	-0.344143	6526	
-0.813319	-0.305106	6670	
-0.813742	-0.302483	5769	
-0.807344	-0.311413	5836	
-0.816511	-0.299148	4138	
-0.835905	-0.271330	4619	
-0.873707	-0.216629	1792	
-0.876393	-0.210382	722	
-0.880550	-0.202312	722	
-0.883748	-0.196136	722	
-0.885132	-0.193225	722	
-0.894508	-0.178342	7946	
-0.874756	-0.212323	722	
-0.873437	-0.215882	722	
-0.875043	-0.214368	722	
-0.838816	-0.269393	4619	
-0.789843	-0.338011	6876	
-0.756430	-0.371881	2791	
-0.731064	-0.395253	3215	
-0.703427	-0.425673	3096	
-0.693019	-0.427895	3096	
-0.679469	-0.431459	3122	
-0.680377	-0.422096	2500	
-0.691615	-0.385085	2362	
-0.687576	-0.378459	2362	
-0.680790	-0.326546	6533	
-0.666586	-0.289216	6037	
-0.650805	-0.248671	2600	
-0.536043	-0.227614	7497	
-0.480243	-0.236496	3980	
-0.443700	-0.245417	6690	
-0.362196	-0.267471	10161	
-0.283562	-0.292116	4426	
-0.191005	-0.312972	4316	
-0.118312	-0.279631	3561	
-0.078898	-0.228300	7354	
-0.088825	-0.208911	4534	
-0.085185	-0.214565	4534	
-0.082764	-0.236415	7702	
-0.090978	-0.257466	10062	
-0.090090	-0.256701	10062	
-0.082732	-0.250362	10010	
-0.083460	-0.255119	10062	
-0.067750	-0.224453	5271	
-0.070207	-0.194530	1887	
-0.076824	-0.168167	7095	
-0.089865	-0.144398	8826	
-0.094261	-0.140516	4760	
-0.098091	-0.138971	4760	
-0.117509	-0.100021	9427	
-0.144142	-0.059768	1273	
-0.115123	-0.115744	3455	
-0.112650	-0.121398	3787	
-0.109282	-0.129009	3787	
-0.122431	-0.102075	1623	
-0.138834	-0.073124	1273	
-0.145644	-0.061582	1273	
-0.155146	-0.045352	8483	
-0.156308	-0.043324	4113	
-0.155390	-0.044751	8483	
-0.153291	-0.048286	8483	
-0.152425	-0.049732	8483	
-0.152217	-0.050148	8483	
-0.149317	-0.055549	8483	
-0.145219	-0.061631	1273	
-0.137820	-0.074346	595	
-0.129630	-0.088291	4030	
-0.128542	-0.089858	4030	
-0.128763	-0.089185	4030	
-0.145714	-0.057854	1273	
-0.119711	-0.096033	9271	
-0.100294	-0.133702	4760	
-0.094494	-0.138445	4760	
-0.091180	-0.141538	4841	
-0.078063	-0.164381	8503	
-0.073676	-0.184512	8798	
-0.074115	-0.203744	2892	
-0.069185	-0.229853	7633	
-0.084546	-0.254567	10010	
-0.090236	-0.267293	10062	
-0.126581	-0.298173	4509	
-0.162195	-0.305710	4553	
-0.187793	-0.313391	4316	
-0.222671	-0.305572	4126	
-0.266259	-0.299414	1539	
-0.321319	-0.283148	6323	
-0.366681	-0.263964	9595	
-0.398261	-0.254926	3397	
-0.472484	-0.236848	4500	
-0.603961	-0.220159	5763	
-0.633946	-0.225076	5640	
-0.656234	-0.250919	2600	
-0.679829	-0.320167	6533	
-0.692390	-0.358105	845	
-0.698599	-0.360389	1307	
-0.703713	-0.368916	3998	
-0.683082	-0.435208	4329	
-0.697217	-0.430898	3584	
-0.736634	-0.390963	3413	
-0.819129	-0.295554	4138	
-0.844073	-0.261278	4619	
-0.872044	-0.216246	722	
-0.871274	-0.215397	722	
-0.865795	-0.224683	1293	
-0.873442	-0.212119	722	
-0.891362	-0.179438	7946	
-0.913937	-0.138291	2055	
-0.915603	-0.132605	2055	
-0.916516	-0.128145	2055	
-0.920975	-0.118048	2055	
-0.923670	-0.112001	869	
-0.928326	-0.102232	1394	
-0.918586	-0.123897	2055	
-0.913445	-0.137881	2055	
-0.914583	-0.137309	2055	
-0.887649	-0.187664	812	
-0.852167	-0.250278	1347	
-0.812950	-0.303657	6670	
-0.779488	-0.341646	6876	
-0.747559	-0.380399	2677	
-0.722697	-0.400751	2448	
-0.697662	-0.417900	3096	
-0.691621	-0.417064	3096	
-0.697701	-0.390187	3998	
-0.693138	-0.386224	2362	
-0.693133	-0.338424	1307	
-0.679841	-0.314376	6533	
-0.668401	-0.284719	5267	
-0.609880	-0.216853	5763	
-0.562741	-0.219386	8937	
-0.524550	-0.226848	7497	
-0.431842	-0.243821	5230	
-0.346627	-0.264746	10141	
-0.251854	-0.297811	1193	
-0.171397	-0.290648	4553	
-0.115724	-0.265499	9553	
-0.120965	-0.248388	9851	
-0.118783	-0.253639	10148	
-0.122762	-0.269901	9553	
-0.136723	-0.282660	4509	
-0.135609	-0.282732	4509	
-0.125367	-0.280464	4529	
-0.126744	-0.283642	4529	
-0.100313	-0.267179	3585	
-0.089923	-0.246762	10010	
-0.080314	-0.231387	7354	
-0.078735	-0.217076	5271	
-0.082674	-0.213833	4534	
-0.087883	-0.211121	4534	
-0.079809	-0.194347	2892	
-0.084915	-0.174413	3577	
-0.094233	-0.195758	3017	
-0.095797	-0.198170	4578	
-0.097249	-0.200748	4578	
-0.092843	-0.189493	2318	
-0.090492	-0.176771	3577	
-0.090370	-0.171445	3143	
-0.091087	-0.162938	3143	
-0.091109	-0.161970	3143	
-0.090889	-0.162762	3143	
-0.090569	-0.164909	3143	
-0.090368	-0.165689	3143	
-0.090415	-0.165793	3143	
-0.089940	-0.168808	3143	
-0.089559	-0.171953	3577	
-0.089841	-0.177667	3577	
-0.090503	-0.183599	2318	
-0.090526	-0.185501	2318	
-0.089914	-0.184627	2318	
-0.085575	-0.172652	3577	
-0.079427	-0.192801	2892	
-0.086493	-0.208623	4534	
-0.080831	-0.213211	4534	
-0.078034	-0.215701	5271	
-0.078984	-0.229184	7354	
-0.088572	-0.240396	9874	
-0.099600	-0.251518	9859	
-0.104079	-0.269995	3585	
-0.128105	-0.282942	4529	
-0.137111	-0.290556	4509	
-0.181264	-0.303737	5330	
-0.221598	-0.299018	4126	
-0.248364	-0.299110	1193	
-0.284754	-0.283639	4426	
-0.329131	-0.272608	7543	
-0.386506	-0.256111	2401	
-0.435853	-0.240877	6789	
-0.472722	-0.234277	4500	
-0.559417	-0.218893	8937	
-0.652116	-0.239741	2600	
-0.664851	-0.263232	3142	
-0.674509	-0.284660	5267	
-0.694797	-0.332259	7683	
-0.699342	-0.368057	2362	
-0.707036	-0.366777	2396	
-0.712391	-0.372139	2396	
-0.712126	-0.409338	2448	
-0.739522	-0.388686	3413	
-0.788052	-0.333310	6876	
-0.876900	-0.205913	722	
-0.893552	-0.174967	7946	
-0.912127	-0.138246	7241	
-0.911758	-0.135428	2055	
-0.907672	-0.143673	7046	
-0.913278	-0.132573	2055	
-0.925457	-0.101462	1426	
-0.940906	-0.066260	1480	
-0.942047	-0.061327	2629	
-0.942395	-0.057554	2629	
-0.945009	-0.049934	2629	
-0.946923	-0.044559	2629	
-0.946727	-0.045058	2629	
-0.942598	-0.056348	2629	
-0.940961	-0.062924	1480	
-0.940451	-0.069002	1480	
-0.922711	-0.111773	869	
-0.902112	-0.160464	7046	
-0.870390	-0.217086	722	
-0.834723	-0.269023	4619	
-0.800141	-0.318578	5836	
-0.768673	-0.351738	5039	
-0.726884	-0.392098	3215	
-0.708744	-0.408540	2448	
-0.706110	-0.391759	3998	
-0.699997	-0.389981	3998	
-0.704759	-0.348165	1307	
-0.695706	-0.327093	7683	
-0.683096	-0.308538	6533	
-0.658089	-0.238766	2600	
-0.632131	-0.219037	5640	
-0.607286	-0.213839	5763	
-0.511956	-0.225057	5223	
-0.413372	-0.240787	4258	
-0.314407	-0.272293	7543	
-0.230294	-0.282419	1845	
-0.167084	-0.279758	10260	
-0.170048	-0.263436	9865	
-0.169080	-0.268531	9524	
-0.176149	-0.280651	4580	
-0.191831	-0.287163	4494	
-0.190942	-0.287270	4494	
-0.179250	-0.288699	4494	
-0.181168	-0.291090	4494	
-0.149426	-0.286718	7978	
-0.133513	-0.274875	984	
-0.118850	-0.267190	9553	
-0.111559	-0.258049	9859	
-0.115356	-0.254241	10148	
-0.120691	-0.250248	10148	
-0.102798	-0.243267	9885	
-0.097463	-0.230406	7702	
-0.121684	-0.237380	9295	
-0.124753	-0.238106	9295	
-0.127092	-0.238710	9295	
-0.116946	-0.234335	9942	
-0.106837	-0.228764	7694	
-0.104307	-0.227119	7694	
-0.097711	-0.222500	6756	
-0.097249	-0.222383	6756	
-0.097268	-0.222547	6756	
-0.098448	-0.223573	6756	
-0.098768	-0.224017	6756	
-0.098918	-0.224038	6756	
-0.100071	-0.225169	6756	
-0.102272	-0.227040	6756	
-0.106420	-0.229466	7694	
-0.110811	-0.232145	9942	
-0.111975	-0.233147	9942	
-0.110809	-0.233078	9942	
-0.097117	-0.229304	7702	
-0.101492	-0.242505	9885	
-0.117949	-0.249240	10148	
-0.112801	-0.254612	9859	
-0.110241	-0.257409	9859	
-0.116115	-0.266110	9553	
-0.130411	-0.270694	9553	
-0.145971	-0.274634	1048	
-0.154208	-0.287794	9735	
-0.182643	-0.290020	4494	
-0.192840	-0.293731	4494	
-0.241564	-0.291743	1193	
-0.283086	-0.277659	4250	
-0.310917	-0.273985	6388	
-0.347040	-0.256479	10037	
-0.394119	-0.246787	3397	
-0.459160	-0.235012	6690	
-0.517180	-0.222449	5985	
-0.557231	-0.216768	8937	
-0.630941	-0.216930	5640	
-0.672082	-0.275316	3904	
-0.682948	-0.291897	5267	
-0.691058	-0.304833	6377	
-0.708166	-0.339668	1307	
-0.706818	-0.374289	3998	
-0.715556	-0.371796	2396	
-0.723591	-0.372460	2396	
-0.750514	-0.371165	2677	
-0.793361	-0.327598	6876	
-0.844345	-0.254947	1049	
-0.915547	-0.127456	2055	
-0.928063	-0.095447	1426	
-0.939972	-0.060899	2629	
-0.939080	-0.057791	2629	
-0.937570	-0.061539	2629	
-0.940806	-0.053725	2629	
-0.948589	-0.031295	2536	
-0.957035	0.002301	1720	
-0.957294	0.007032	1720	
-0.958620	0.019647	1720	
-0.958567	0.021543	1720	
-0.959371	0.028566	7359	
-0.958423	0.020927	1720	
-0.957585	0.014539	1720	
-0.956531	0.006038	1720	
-0.956797	-0.001096	1720	
-0.946317	-0.044062	2629	
-0.930200	-0.090606	1426	
-0.911186	-0.136978	7241	
-0.887335	-0.180670	7946	
-0.859999	-0.232749	1347	
-0.821355	-0.285879	4138	
-0.768366	-0.349034	2791	
-0.742423	-0.376679	2677	
-0.723656	-0.380900	2396	
-0.709671	-0.389782	3998	
-0.714557	-0.354824	1141	
-0.710364	-0.334751	1307	
-0.699964	-0.318543	7683	
-0.679990	-0.272914	3904	
-0.667113	-0.250260	2600	
-0.657510	-0.231480	2754	
-0.598475	-0.209033	815	
-0.492195	-0.221997	1292	
-0.377575	-0.246126	2401	
-0.289886	-0.260387	4196	
-0.224472	-0.273929	1496	
-0.224651	-0.258148	7872	
-0.224713	-0.263105	7872	
-0.234093	-0.271848	1496	
-0.251228	-0.273270	3259	
-0.250001	-0.273867	3259	
-0.238287	-0.278277	1845	
-0.240652	-0.279824	1845	
-0.206334	-0.286048	8771	
-0.188196	-0.281133	1610	
-0.170957	-0.279884	10260	
-0.160939	-0.275371	10260	
-0.164764	-0.270604	10217	
-0.170095	-0.265102	9524	
-0.148257	-0.266761	1048	
-0.139043	-0.259198	984	
-0.168727	-0.254066	9865	
-0.171755	-0.253385	9865	
-0.177812	-0.252513	6785	
-0.162313	-0.253588	5908	
-0.146271	-0.253743	6328	
-0.145948	-0.253678	6328	
-0.136600	-0.253509	8810	
-0.135723	-0.253602	8810	
-0.136206	-0.253761	8810	
-0.137881	-0.253875	8810	
-0.138481	-0.254033	8810	
-0.138711	-0.253976	8810	
-0.140402	-0.254231	8810	
-0.143609	-0.254551	8810	
-0.148954	-0.254439	6328	
-0.154932	-0.254511	5908	
-0.156373	-0.254819	5908	
-0.155552	-0.255231	5908	
-0.138283	-0.258551	984	
-0.146523	-0.266675	1048	
-0.166764	-0.265369	9865	
-0.162469	-0.271672	10217	
-0.159517	-0.275167	10260	
-0.167763	-0.280277	10260	
-0.184709	-0.278472	1610	
-0.202186	-0.275782	4764	
-0.211374	-0.285325	8771	
-0.242159	-0.278367	1845	
-0.253160	-0.279147	2311	
-0.303071	-0.267713	5798	
-0.344876	-0.251230	10037	
-0.374399	-0.248064	2401	
-0.412411	-0.233605	3450	
-0.468197	-0.226948	8326	
-0.543077	-0.217230	7497	
-0.603549	-0.206725	5763	
-0.631551	-0.212868	345	
-0.667835	-0.246727	2754	
-0.689405	-0.298975	5267	
-0.700545	-0.308504	7767	
-0.709769	-0.314967	7767	
-0.718933	-0.346994	1141	
-0.715113	-0.378512	2396	
-0.729417	-0.368513	2396	
-0.745334	-0.358470	2791	
-0.799770	-0.313971	5836	
-0.852088	-0.245284	1347	
-0.893307	-0.166321	7946	
-0.942942	-0.049788	2629	
-0.949410	-0.025697	2536	
-0.955900	0.013013	1720	
-0.955692	0.020366	7359	
-0.954154	0.013898	1720	
-0.955999	0.021542	7359	
-0.958568	0.040850	5003	
-0.961728	0.077510	1361	
-0.961408	0.086271	1361	
-0.961254	0.100120	1715	
-0.961034	0.107848	1112	
-0.960796	0.114795	1112	
-0.960980	0.108075	1112	
-0.961313	0.099887	1715	
-0.960971	0.087592	1361	
-0.961940	0.076123	1361	
-0.958586	0.030851	7359	
-0.950638	-0.019851	476	
-0.937181	-0.061835	2629	
-0.923114	-0.099853	4541	
-0.904133	-0.147265	7046	
-0.875083	-0.201556	722	
-0.819362	-0.285741	4138	
-0.789294	-0.323746	6876	
-0.752776	-0.355735	2791	
-0.729040	-0.377432	2396	
-0.725139	-0.358508	2396	
-0.722210	-0.341377	1141	
-0.716382	-0.326985	7722	
-0.699791	-0.292568	6377	
-0.689334	-0.276812	3904	
-0.681507	-0.265770	3904	
-0.657077	-0.221105	385	
-0.579841	-0.204852	815	
-0.446432	-0.226360	6690	
-0.347552	-0.235204	9705	
-0.282010	-0.253634	2820	
-0.277837	-0.238664	1589	
-0.279547	-0.243351	2820	
-0.291301	-0.249872	4323	
-0.309399	-0.248989	5683	
-0.308253	-0.249721	5683	
-0.297094	-0.255498	6332	
-0.299723	-0.256791	6332	
-0.266087	-0.268622	3259	
-0.246641	-0.268710	683	
-0.228462	-0.272730	1496	
-0.217444	-0.271879	7872	
-0.220280	-0.266657	7872	
-0.225018	-0.259653	7872	
-0.202832	-0.268646	4438	
-0.191840	-0.265481	8820	
-0.220573	-0.250392	8824	
-0.224086	-0.248418	8824	
-0.227329	-0.246683	6516	
-0.214828	-0.251964	8824	
-0.198401	-0.257888	8820	
-0.195482	-0.258870	8820	
-0.188131	-0.261487	6785	
-0.187258	-0.261890	6785	
-0.187812	-0.261831	6785	
-0.189663	-0.261252	6785	
-0.190224	-0.261145	6785	
-0.190462	-0.261037	6785	
-0.192694	-0.260458	6785	
-0.195827	-0.259592	8820	
-0.201540	-0.257453	8820	
-0.207470	-0.255441	8820	
-0.209072	-0.255173	9842	
-0.208702	-0.255667	8820	
-0.190957	-0.265184	6785	
-0.201012	-0.269176	4438	
-0.221742	-0.260996	7872	
-0.218140	-0.268316	7872	
-0.215742	-0.272360	4438	
-0.225163	-0.274469	1845	
-0.242894	-0.267008	683	
-0.259561	-0.260681	663	
-0.271299	-0.266840	4250	
-0.301336	-0.254943	6332	
-0.312589	-0.254750	6332	
-0.364404	-0.241604	8655	
-0.408358	-0.229004	3450	
-0.444016	-0.227908	6789	
-0.490014	-0.216573	1292	
-0.555607	-0.209447	9000	
-0.622233	-0.206648	9923	
-0.660798	-0.220810	4033	
-0.671048	-0.242236	2754	
-0.691023	-0.273429	3904	
-0.709143	-0.309056	7767	
-0.718769	-0.315791	7722	
-0.725268	-0.322555	7722	
-0.730613	-0.350815	1141	
-0.733027	-0.368732	2677	
-0.756484	-0.347104	2559	
-0.781183	-0.323223	6876	
-0.855377	-0.234797	1347	
-0.897849	-0.158226	7046	
-0.929043	-0.083525	1426	
-0.957003	0.024382	7359	
-0.959207	0.054286	5003	
-0.959696	0.098109	1715	
-0.958584	0.109206	1112	
-0.957911	0.102636	1715	
-0.958738	0.108488	1112	
-0.957408	0.135420	1112	
-0.954552	0.172813	1762	
-0.953337	0.177620	1762	
-0.950169	0.194720	1824	
-0.948520	0.201947	1824	
-0.947418	0.207165	1824	
-0.948513	0.201979	1824	
-0.950447	0.193050	1824	
-0.952475	0.180476	3982	
-0.955229	0.168854	1762	
-0.959645	0.119428	1112	
-0.960164	0.066637	1361	
-0.955232	0.021413	7359	
-0.946120	-0.025860	2536	
-0.934910	-0.065793	1480	
-0.914388	-0.118644	2055	
-0.873664	-0.200720	722	
-0.842600	-0.252495	1049	
-0.795555	-0.308105	5836	
-0.761159	-0.348485	2791	
-0.740754	-0.354444	2791	
-0.735351	-0.344079	4698	
-0.730516	-0.332195	4698	
-0.720854	-0.301029	7722	
-0.709784	-0.291629	6377	
-0.702412	-0.285970	6377	
-0.685110	-0.255529	2433	
-0.650448	-0.207024	385	
-0.532541	-0.209453	6344	
-0.406703	-0.215970	4272	
-0.336430	-0.229364	7584	
-0.324689	-0.215992	6174	
-0.329049	-0.220170	7628	
-0.344925	-0.225965	9705	
-0.365948	-0.225266	9533	
-0.364902	-0.225759	9533	
-0.354627	-0.230604	9705	
-0.357613	-0.231878	8223	
-0.323786	-0.243757	6424	
-0.303516	-0.245262	5683	
-0.285728	-0.251894	2820	
-0.274566	-0.253043	2820	
-0.276088	-0.247512	2820	
-0.278724	-0.240041	2820	
-0.259149	-0.253152	663	
-0.247182	-0.253221	683	
-0.270689	-0.232318	1589	
-0.273365	-0.229840	1589	
-0.275957	-0.227587	1589	
-0.265685	-0.234951	9400	
-0.251615	-0.244492	10074	
-0.248926	-0.246245	5249	
-0.242403	-0.250617	5249	
-0.241897	-0.251129	683	
-0.242357	-0.250866	683	
-0.243859	-0.249984	5249	
-0.244404	-0.249723	5249	
-0.244613	-0.249554	5249	
-0.246507	-0.248510	5249	
-0.249459	-0.246816	5249	
-0.254407	-0.243390	10074	
-0.259884	-0.239870	9400	
-0.260656	-0.239682	9400	
-0.260798	-0.240042	9400	
-0.246200	-0.253186	683	
-0.257477	-0.254101	663	
-0.275762	-0.241943	8876	
-0.274353	-0.249534	8876	
-0.273096	-0.253762	8876	
-0.282753	-0.253943	2820	
-0.299387	-0.244038	5683	
-0.314525	-0.236894	6169	
-0.328750	-0.241837	6424	
-0.358762	-0.230356	9705	
-0.371493	-0.230321	9159	
-0.430080	-0.222140	6683	
-0.483431	-0.212637	1292	
-0.528454	-0.211020	6344	
-0.581516	-0.199282	1039	
-0.636345	-0.201809	8781	
-0.671025	-0.227739	4033	
-0.688810	-0.253969	2433	
-0.696043	-0.268090	2433	
-0.712446	-0.288696	6377	
-0.727444	-0.314228	7722	
-0.734067	-0.321602	7722	
-0.740717	-0.326352	4698	
-0.748803	-0.344095	2559	
-0.763824	-0.341728	2559	
-0.797730	-0.301135	7184	
-0.828125	-0.264805	4619	
-0.901884	-0.142783	7241	
-0.928624	-0.080880	1426	
-0.949441	-0.006343	476	
-0.959164	0.108288	1112	
-0.955701	0.147255	5693	
-0.948592	0.194589	1824	
-0.944873	0.209217	1824	
-0.945574	0.202543	1397	
-0.945236	0.208880	1824	
-0.939805	0.235115	2271	
-0.932088	0.266284	2302	
-0.929674	0.273116	2302	
-0.924881	0.288879	2690	
-0.922270	0.297897	1350	
-0.920966	0.302698	1350	
-0.922706	0.297009	1350	
-0.924875	0.288900	2690	
-0.928151	0.277355	2302	
-0.933126	0.263365	2302	
-0.944581	0.216678	2030	
-0.954674	0.154944	5693	
-0.957888	0.108488	1112	
-0.956824	0.059852	2329	
-0.952455	0.012971	1720	
-0.941954	-0.034259	2536	
-0.913699	-0.115187	2055	
-0.891962	-0.162108	7946	
-0.846360	-0.240334	1347	
-0.806210	-0.296034	4602	
-0.770701	-0.328824	6593	
-0.754552	-0.336813	2559	
-0.745909	-0.333477	2559	
-0.737998	-0.306573	6692	
-0.730746	-0.298448	6692	
-0.724900	-0.293939	6635	
-0.708413	-0.275192	5571	
-0.687040	-0.237089	9405	
-0.622532	-0.193744	9923	
-0.479512	-0.203828	1718	
-0.389867	-0.210390	2852	
-0.367269	-0.198411	5433	
-0.375303	-0.202222	9675	
-0.399118	-0.208420	2430	
-0.426566	-0.209631	6683	
-0.425203	-0.209790	4272	
-0.413615	-0.212817	4272	
-0.418243	-0.213934	4272	
-0.380534	-0.221597	2983	
-0.357151	-0.221773	8465	
-0.339928	-0.227664	7584	
-0.327904	-0.228950	6424	
-0.327199	-0.223955	7584	
-0.326416	-0.217193	7628	
-0.311638	-0.229541	6169	
-0.298905	-0.231026	9324	
-0.313466	-0.210269	6174	
-0.314982	-0.207938	6174	
-0.316498	-0.205925	6174	
-0.309547	-0.212821	5556	
-0.299338	-0.222799	7956	
-0.297738	-0.224210	7956	
-0.292956	-0.229125	9324	
-0.293195	-0.229129	9324	
-0.292964	-0.229434	9324	
-0.294216	-0.228329	9324	
-0.294608	-0.228074	9324	
-0.294795	-0.227849	9324	
-0.296104	-0.226823	7956	
-0.298471	-0.224806	7956	
-0.301533	-0.221615	7956	
-0.305987	-0.217692	5556	
-0.306501	-0.217666	5556	
-0.306517	-0.218290	5556	
-0.297895	-0.231064	9324	
-0.310026	-0.230843	6169	
-0.324023	-0.219059	6174	
-0.326213	-0.225849	7584	
-0.326665	-0.229719	6424	
-0.337414	-0.229583	7584	
-0.351620	-0.220852	8465	
-0.366263	-0.215047	9533	
-0.385825	-0.220093	2983	
-0.419212	-0.212857	4272	
-0.436006	-0.213733	7025	
-0.512237	-0.206885	5985	
-0.576359	-0.195410	1039	
-0.618440	-0.194681	9923	
-0.655230	-0.200178	385	
-0.680711	-0.227380	4033	
-0.699618	-0.255028	2433	
-0.713538	-0.271762	5571	
-0.720105	-0.279750	5571	
-0.734242	-0.294580	6692	
-0.744239	-0.317856	6692	
-0.751467	-0.321740	6593	
-0.760070	-0.321765	6593	
-0.780390	-0.315892	6876	
-0.807148	-0.291528	4602	
-0.846378	-0.236241	1347	
-0.879931	-0.178258	7946	
-0.932889	-0.058278	2629	
-0.949266	-0.000282	1720	
-0.956587	0.084248	1361	
-0.945984	0.207805	1824	
-0.935446	0.248469	2271	
-0.921831	0.293099	1350	
-0.916600	0.306053	1350	
-0.917068	0.302344	1350	
-0.917360	0.305012	1350	
-0.911434	0.324474	1350	
-0.902227	0.348704	1851	
-0.898549	0.356365	8590	
-0.892746	0.371151	7844	
-0.889106	0.379269	7844	
-0.887475	0.382896	7844	
-0.890020	0.377201	7844	
-0.892303	0.371417	7844	
-0.895063	0.364467	8528	
-0.903442	0.346492	1851	
-0.916990	0.311797	1350	
-0.932409	0.258666	2302	
-0.944552	0.207964	1824	
-0.952587	0.156117	5693	
-0.956215	0.105108	1112	
-0.954462	0.050361	5003	
-0.940299	-0.030219	2536	
-0.926079	-0.080497	4541	
-0.893349	-0.149628	7046	
-0.858914	-0.219676	7106	
-0.813507	-0.278766	4602	
-0.788389	-0.305347	7184	
-0.769789	-0.319573	6593	
-0.757340	-0.306821	6916	
-0.749921	-0.301379	6916	
-0.743704	-0.299795	6692	
-0.733393	-0.280870	6635	
-0.714844	-0.257304	3467	
-0.679155	-0.210540	8357	
-0.574579	-0.187609	9368	
-0.453498	-0.199809	8099	
-0.413774	-0.189676	4275	
-0.428351	-0.193274	4275	
-0.466630	-0.198438	7777	
-0.505988	-0.197645	5270	
-0.503528	-0.197764	5270	
-0.488320	-0.201101	1718	
-0.494950	-0.201557	1300	
-0.444984	-0.207666	7025	
-0.412930	-0.206116	3481	
-0.393559	-0.209213	2852	
-0.378868	-0.209426	9675	
-0.375166	-0.205154	9675	
-0.370413	-0.199215	9172	
-0.358893	-0.208764	9143	
-0.344207	-0.210008	7678	
-0.349175	-0.192445	6595	
-0.349315	-0.190709	6595	
-0.349706	-0.189165	7658	
-0.346101	-0.194190	6595	
-0.340245	-0.202206	7678	
-0.339197	-0.203423	7678	
-0.336491	-0.207594	7628	
-0.336772	-0.207604	7628	
-0.336581	-0.208027	7628	
-0.337372	-0.207094	7678	
-0.337787	-0.206735	7678	
-0.337897	-0.206520	7678	
-0.338850	-0.205619	7678	
-0.340519	-0.203825	7678	
-0.342599	-0.200856	7678	
-0.345065	-0.198179	7678	
-0.345750	-0.198124	7678	
-0.346181	-0.198657	7678	
-0.343340	-0.209556	7678	
-0.357617	-0.209775	9143	
-0.368485	-0.200683	9172	
-0.374988	-0.206873	9675	
-0.377678	-0.209939	9675	
-0.391201	-0.210550	2852	
-0.405443	-0.204852	3481	
-0.422290	-0.202054	3481	
-0.451718	-0.206716	8099	
-0.496153	-0.200677	1300	
-0.518861	-0.200043	5270	
-0.605334	-0.188634	9045	
-0.655657	-0.192266	6450	
-0.676343	-0.210505	8357	
-0.694425	-0.228743	9389	
-0.711086	-0.250195	3467	
-0.725366	-0.267482	5571	
-0.738614	-0.277291	6635	
-0.743850	-0.283320	6635	
-0.754097	-0.297195	6916	
-0.764443	-0.313059	6916	
-0.775909	-0.308421	6186	
-0.791680	-0.293269	7184	
-0.824624	-0.262647	4619	
-0.858636	-0.217152	7106	
-0.893847	-0.144032	7241	
-0.917475	-0.091046	4541	
-0.950563	0.025211	7359	
-0.955256	0.093131	1361	
-0.947628	0.184803	1397	
-0.917632	0.306342	1350	
-0.906047	0.334394	1851	
-0.885859	0.382065	7844	
-0.878540	0.396557	10180	
-0.878176	0.395732	10180	
-0.879913	0.394167	7844	
-0.873250	0.409288	8776	
-0.864266	0.427473	8776	
-0.859882	0.435646	888	
-0.853500	0.447139	888	
-0.850316	0.453205	1839	
-0.848804	0.455868	1839	
-0.850516	0.452775	1839	
-0.853201	0.447577	888	
-0.857074	0.441291	888	
-0.865436	0.426247	8776	
-0.881410	0.394532	7844	
-0.902166	0.342753	8590	
-0.915894	0.305659	1350	
-0.929431	0.262772	1403	
-0.944132	0.202137	1397	
-0.952031	0.147691	5693	
-0.952866	0.060612	2329	
-0.947292	0.001791	1720	
-0.927127	-0.064048	5515	
-0.903389	-0.127415	2055	
-0.863653	-0.203617	7959	
-0.832562	-0.250519	1049	
-0.808504	-0.277342	4602	
-0.781346	-0.295248	6186	
-0.771234	-0.297556	6186	
-0.764822	-0.298037	6186	
-0.755223	-0.284016	5384	
-0.743728	-0.261096	5707	
-0.714455	-0.233732	9677	
-0.660655	-0.180011	2270	
-0.542050	-0.187706	7376	
-0.480767	-0.185783	708	
-0.505288	-0.186818	5270	
-0.559809	-0.184589	7520	
-0.604433	-0.179689	9045	
-0.601054	-0.180322	8689	
-0.584683	-0.184177	1039	
-0.591810	-0.184214	8689	
-0.530543	-0.194692	7376	
-0.485608	-0.196253	1718	
-0.458296	-0.199003	7777	
-0.437441	-0.198648	5672	
-0.429741	-0.195353	5672	
-0.418940	-0.190606	4275	
-0.408414	-0.196379	3481	
-0.389048	-0.195579	2430	
-0.382928	-0.182673	9134	
-0.381808	-0.181257	9134	
-0.381069	-0.180160	9134	
-0.379965	-0.183528	9134	
-0.377984	-0.188955	9172	
-0.377499	-0.189819	9172	
-0.376964	-0.192813	9172	
-0.377309	-0.192891	9172	
-0.377315	-0.193124	9172	
-0.377719	-0.192589	9172	
-0.378145	-0.192314	9172	
-0.378056	-0.192136	9172	
-0.378703	-0.191515	9172	
-0.379585	-0.190341	9172	
-0.380152	-0.188178	9134	
-0.381494	-0.186457	9134	
-0.382384	-0.186542	9134	
-0.383403	-0.186935	9134	
-0.387504	-0.195058	1984	
-0.407222	-0.196975	3481	
-0.417090	-0.191488	4275	
-0.430498	-0.196591	5672	
-0.436060	-0.198922	5672	
-0.455885	-0.200054	7777	
-0.474139	-0.195951	7777	
-0.498305	-0.192740	1300	
-0.539587	-0.193154	7376	
-0.592881	-0.183401	8689	
-0.616185	-0.181515	9045	
-0.674923	-0.194987	5184	
-0.698536	-0.219209	7741	
-0.710867	-0.234508	9677	
-0.725547	-0.245859	3425	
-0.741258	-0.255339	4008	
-0.750696	-0.270756	5707	
-0.761374	-0.278905	5384	
-0.766515	-0.282260	5384	
-0.776018	-0.292108	6186	
-0.796863	-0.284039	4602	
-0.814392	-0.265551	4602	
-0.834042	-0.241563	1049	
-0.874279	-0.181887	8085	
-0.903025	-0.124379	2055	
-0.926991	-0.057470	5515	
-0.941865	-0.002514	476	
-0.952625	0.123289	1112	
-0.943967	0.198864	1397	
-0.919510	0.290282	788	
-0.881051	0.393094	7844	
-0.865618	0.420625	8776	
-0.844608	0.458592	888	
-0.836045	0.471583	2142	
-0.833619	0.474223	2142	
-0.837317	0.469980	2142	
-0.831387	0.481326	2142	
-0.822214	0.495545	2142	
-0.817681	0.502467	934	
-0.810909	0.513405	934	
-0.807772	0.518024	934	
-0.806771	0.519812	934	
-0.807945	0.517873	934	
-0.810392	0.513867	934	
-0.815315	0.506496	934	
-0.823883	0.494203	2142	
-0.840786	0.467369	2608	
-0.860945	0.429139	7961	
-0.876825	0.398170	10180	
-0.895382	0.355601	8590	
-0.913299	0.308250	788	
-0.929400	0.258697	1403	
-0.947791	0.166971	5693	
-0.953262	0.097722	1715	
-0.946060	0.026445	7359	
-0.933465	-0.035037	5515	
-0.906402	-0.110198	2055	
-0.881108	-0.165416	7946	
-0.855266	-0.211396	7106	
-0.818106	-0.256477	975	
-0.803410	-0.269722	8420	
-0.791608	-0.281068	4602	
-0.779611	-0.277321	5384	
-0.769028	-0.261176	9966	
-0.747511	-0.239237	4572	
-0.708698	-0.203979	9369	
-0.642121	-0.168612	2510	
-0.578621	-0.172494	6722	
-0.607323	-0.169315	8730	
-0.655164	-0.169448	2270	
-0.680168	-0.182460	6117	
-0.677951	-0.182043	5184	
-0.667889	-0.180242	2270	
-0.670878	-0.183422	6450	
-0.629142	-0.176004	9808	
-0.583630	-0.179933	8689	
-0.548560	-0.186378	7376	
-0.519591	-0.188873	6738	
-0.507577	-0.187717	5270	
-0.489156	-0.186239	1300	
-0.475239	-0.190487	7777	
-0.445224	-0.189878	394	
-0.426350	-0.180752	3494	
-0.423618	-0.179764	3494	
-0.421485	-0.178903	3494	
-0.422393	-0.180945	3494	
-0.423259	-0.184325	4275	
-0.423102	-0.184827	4275	
-0.424571	-0.186898	4275	
-0.425165	-0.187025	4275	
-0.425338	-0.187199	4275	
-0.425625	-0.186844	4275	
-0.426059	-0.186649	4275	
-0.425799	-0.186555	4275	
-0.426350	-0.186123	4275	
-0.426820	-0.185463	4275	
-0.426040	-0.184011	4275	
-0.426979	-0.183027	4275	
-0.428338	-0.183209	4275	
-0.430345	-0.183539	4275	
-0.442409	-0.189521	5672	
-0.473664	-0.190913	7777	
-0.486532	-0.186983	1300	
-0.508978	-0.188366	5270	
-0.517661	-0.189216	6738	
-0.545291	-0.187589	7376	
-0.569157	-0.181499	7520	
-0.598020	-0.175474	8689	
-0.636968	-0.174993	9808	
-0.671938	-0.182728	2270	
-0.684017	-0.190482	5184	
-0.713698	-0.221066	9389	
-0.732977	-0.233796	9677	
-0.742545	-0.242705	4008	
-0.755733	-0.247675	4572	
-0.767776	-0.255232	8738	
-0.775311	-0.267751	9966	
-0.785917	-0.270679	8420	
-0.792242	-0.269425	8420	
-0.809662	-0.259894	8251	
-0.838748	-0.231936	1347	
-0.860651	-0.198157	7959	
-0.880194	-0.159942	7946	
-0.914152	-0.088372	4541	
-0.932953	-0.029987	8195	
-0.945884	0.035534	7359	
-0.949468	0.101753	1715	
-0.934500	0.235290	2053	
-0.913209	0.304712	788	
-0.879899	0.388545	7844	
-0.839536	0.467784	2142	
-0.821281	0.493118	2142	
-0.799281	0.525487	996	
-0.787911	0.539649	566	
-0.785066	0.542053	566	
-0.790988	0.535810	566	
-0.785454	0.544573	566	
-0.775314	0.558172	524	
-0.769017	0.567028	9080	
-0.764521	0.573482	9598	
-0.761354	0.577433	9598	
-0.760663	0.578387	9598	
-0.761568	0.577195	9598	
-0.764005	0.573909	9598	
-0.768805	0.567664	9080	
-0.778690	0.555158	524	
-0.797265	0.530220	566	
-0.815300	0.502269	934	
-0.831346	0.478074	2142	
-0.851971	0.441968	888	
-0.870609	0.405453	8776	
-0.893647	0.356685	8590	
-0.919630	0.281651	1403	
-0.939936	0.209523	1397	
-0.947558	0.137292	1582	
-0.948637	0.060035	2329	
-0.934736	-0.014687	638	
-0.919004	-0.070385	1211	
-0.899296	-0.118631	2055	
-0.862072	-0.190862	7959	
-0.844629	-0.216905	7106	
-0.830632	-0.235329	1049	
-0.811094	-0.249676	975	
-0.796639	-0.247929	8251	
-0.778000	-0.234600	8376	
-0.748449	-0.212146	9565	
-0.705923	-0.181225	7623	
-0.673461	-0.159671	6072	
-0.688161	-0.168736	5381	
-0.710970	-0.188613	7623	
-0.724420	-0.204466	8079	
-0.722245	-0.204997	8079	
-0.714034	-0.203750	9369	
-0.714453	-0.208902	9369	
-0.693752	-0.187976	6117	
-0.670548	-0.172740	6072	
-0.647383	-0.168265	2510	
-0.622217	-0.169006	8199	
-0.609624	-0.169930	8199	
-0.589388	-0.171155	8741	
-0.571098	-0.177136	7520	
-0.529696	-0.181865	6738	
-0.497423	-0.179128	708	
-0.492291	-0.178878	708	
-0.488417	-0.178770	708	
-0.490883	-0.179792	708	
-0.493704	-0.181637	708	
-0.493674	-0.181971	708	
-0.496864	-0.183140	1300	
-0.497856	-0.183165	1300	
-0.498244	-0.183224	1300	
-0.498557	-0.182953	1300	
-0.499021	-0.182803	1300	
-0.498750	-0.182748	1300	
-0.499481	-0.182433	1300	
-0.499996	-0.181948	708	
-0.498095	-0.181126	708	
-0.499176	-0.180407	708	
-0.501476	-0.180248	708	
-0.505061	-0.180053	708	
-0.525490	-0.182127	6738	
-0.568773	-0.177736	7520	
-0.585904	-0.172177	8741	
-0.610830	-0.170322	8199	
-0.620065	-0.169601	8199	
-0.644369	-0.169046	2510	
-0.662449	-0.168552	2270	
-0.679957	-0.173336	5381	
-0.699015	-0.188489	6117	
-0.715882	-0.208290	9369	
-0.725698	-0.211271	8079	
-0.748373	-0.228482	9565	
-0.765594	-0.233007	4572	
-0.773232	-0.238052	8738	
-0.783913	-0.241723	8376	
-0.796002	-0.242804	8251	
-0.803745	-0.249272	8251	
-0.820160	-0.237468	975	
-0.828525	-0.229679	975	
-0.850485	-0.205530	7106	
-0.883421	-0.148750	7241	
-0.903125	-0.104179	2391	
-0.918500	-0.064942	1211	
-0.939198	0.006314	1720	
-0.947670	0.069131	2329	
-0.945633	0.149695	5693	
-0.933044	0.226931	2053	
-0.898638	0.341459	8590	
-0.868907	0.406487	8776	
-0.832645	0.473179	2142	
-0.794809	0.531752	566	
-0.771407	0.559929	9080	
-0.749290	0.586201	10125	
-0.737188	0.597702	9584	
-0.732040	0.602411	10176	
-0.740423	0.594552	10125	
-0.736308	0.600970	9584	
-0.726907	0.612336	10176	
-0.722182	0.618574	10176	
-0.718773	0.623270	10176	
-0.715753	0.626874	10198	
-0.715233	0.627540	10198	
-0.716014	0.626676	10198	
-0.718125	0.623940	10176	
-0.722187	0.619096	10176	
-0.730848	0.608902	10176	
-0.748371	0.588962	10125	
-0.765941	0.567075	9080	
-0.782959	0.544896	566	
-0.803758	0.515625	934	
-0.821501	0.488109	2142	
-0.847735	0.446640	888	
-0.875973	0.389816	10180	
-0.905139	0.321091	788	
-0.923698	0.260557	1403	
-0.942746	0.176964	577	
-0.946581	0.093057	1715	
-0.941290	0.029015	7359	
-0.929998	-0.020136	638	
-0.903011	-0.097766	2391	
-0.887827	-0.131612	7241	
-0.874205	-0.160816	8085	
-0.851133	-0.194703	7959	
-0.832045	-0.210123	6211	
-0.809470	-0.217326	5084	
-0.784439	-0.205344	5916	
-0.752467	-0.188173	10007	
-0.728561	-0.177231	7755	
-0.738048	-0.184820	7763	
-0.754714	-0.194897	7780	
-0.763451	-0.206083	7780	
-0.761202	-0.207459	7780	
-0.754895	-0.207343	7780	
-0.753951	-0.212371	8578	
-0.738636	-0.200858	10007	
-0.720080	-0.194124	9369	
-0.708507	-0.182402	7623	
-0.695426	-0.174465	5381	
-0.689288	-0.169949	5381	
-0.679416	-0.162453	6072	
-0.666533	-0.163200	6072	
-0.634614	-0.161267	7921	
-0.600899	-0.163073	9576	
-0.594322	-0.164317	8741	
-0.589105	-0.165246	8741	
-0.592334	-0.165488	8741	
-0.595525	-0.166097	8741	
-0.595625	-0.166379	8741	
-0.598731	-0.167083	8741	
-0.600095	-0.166861	9576	
-0.600473	-0.166884	9576	
-0.600804	-0.166683	9576	
-0.601408	-0.166477	9576	
-0.601245	-0.166330	9576	
-0.602187	-0.165884	9576	
-0.602990	-0.165355	9576	
-0.601015	-0.164857	9576	
-0.602507	-0.164047	9576	
-0.605309	-0.163464	9576	
-0.609311	-0.162740	8730	
-0.630470	-0.161833	6901	
-0.665001	-0.162729	6072	
-0.677202	-0.162197	6072	
-0.689730	-0.170906	5381	
-0.694280	-0.174077	5381	
-0.706663	-0.182260	7623	
-0.715674	-0.189353	7623	
-0.727652	-0.193852	8079	
-0.742886	-0.200804	10007	
-0.755288	-0.211281	8578	
-0.764752	-0.209831	8578	
-0.782027	-0.220672	4584	
-0.796351	-0.222912	5916	
-0.803862	-0.223980	5084	
-0.815089	-0.220616	5084	
-0.830119	-0.209033	6211	
-0.840983	-0.204567	7106	
-0.860015	-0.179700	8017	
-0.869699	-0.162354	8085	
-0.893221	-0.117020	2055	
-0.920823	-0.053138	5515	
-0.932210	-0.003156	638	
-0.939932	0.036444	7359	
-0.945226	0.120426	1112	
-0.938781	0.192545	1397	
-0.917529	0.276626	1403	
-0.889847	0.354360	8590	
-0.850379	0.438612	888	
-0.817924	0.491373	5574	
-0.782291	0.543512	566	
-0.744918	0.590828	10125	
-0.721427	0.615410	10176	
-0.701346	0.636549	9033	
-0.689453	0.646168	9033	
-0.684495	0.649899	7590	
-0.692406	0.643689	9033	
-0.690196	0.647987	9033	
-0.682079	0.656960	9106	
-0.678655	0.661306	9106	
-0.674830	0.665647	9106	
-0.671668	0.668845	9668	
-0.671069	0.669563	9668	
-0.671887	0.668747	9668	
-0.674671	0.665716	9106	
-0.678576	0.661879	9106	
-0.686143	0.654252	7590	
-0.701595	0.638017	9033	
-0.715801	0.621885	10176	
-0.730588	0.604384	10176	
-0.752866	0.578976	10125	
-0.769413	0.557635	9080	
-0.798491	0.520140	996	
-0.824001	0.479847	2142	
-0.855402	0.426905	7961	
-0.876829	0.381663	7844	
-0.907600	0.305426	788	
-0.930798	0.224714	2053	
-0.941934	0.150420	5693	
-0.944160	0.085977	1361	
-0.932213	0.007751	9122	
-0.922921	-0.033148	8195	
-0.913132	-0.064260	1211	
-0.892587	-0.108247	2391	
-0.871487	-0.145538	7113	
-0.846534	-0.172736	8017	
-0.819755	-0.182723	5277	
-0.794357	-0.175478	5534	
-0.775938	-0.171839	8075	
-0.783395	-0.174340	8075	
-0.794486	-0.182832	9616	
-0.801524	-0.189214	5534	
-0.799267	-0.191202	9616	
-0.792565	-0.195370	9616	
-0.790650	-0.201324	9616	
-0.779924	-0.192332	9487	
-0.763992	-0.192980	7780	
-0.755101	-0.187382	10007	
-0.744105	-0.185870	7763	
-0.738400	-0.185936	7763	
-0.731931	-0.180869	7763	
-0.721750	-0.181805	7755	
-0.706504	-0.167537	6866	
-0.689449	-0.156511	6866	
-0.685975	-0.154933	5381	
-0.683426	-0.153342	6072	
-0.684419	-0.155623	5381	
-0.685233	-0.158321	5381	
-0.685084	-0.158800	5381	
-0.685996	-0.161324	5381	
-0.686528	-0.161775	5381	
-0.686688	-0.161985	5381	
-0.686967	-0.161873	5381	
-0.687440	-0.161785	5381	
-0.687356	-0.161475	5381	
-0.688206	-0.161293	5381	
-0.688934	-0.160844	5381	
-0.688269	-0.159269	5381	
-0.689667	-0.158754	5381	
-0.691135	-0.159122	5381	
-0.693554	-0.160029	6866	
-0.704302	-0.166529	6866	
-0.720667	-0.181500	7755	
-0.730000	-0.180993	7763	
-0.738409	-0.186850	7763	
-0.742899	-0.186272	7763	
-0.753320	-0.188127	10007	
-0.760217	-0.191222	7780	
-0.769717	-0.192398	9487	
-0.782978	-0.192104	9616	
-0.792435	-0.199087	9616	
-0.801365	-0.194312	9616	
-0.815866	-0.199953	6211	
-0.830075	-0.193459	5277	
-0.839421	-0.186130	7150	
-0.852980	-0.170185	8017	
-0.868746	-0.147906	7113	
-0.881289	-0.129707	6236	
-0.900099	-0.089223	2391	
-0.908860	-0.067058	1211	
-0.925710	-0.014366	638	
-0.940439	0.053796	2329	
-0.942758	0.111042	1715	
-0.938856	0.166688	577	
-0.921903	0.254434	1547	
-0.898528	0.327390	9908	
-0.867145	0.398262	10180	
-0.835211	0.457690	966	
-0.798114	0.517531	996	
-0.764410	0.561805	9080	
-0.729627	0.603505	10176	
-0.696931	0.640481	9033	
-0.674702	0.661388	9106	
-0.652908	0.681116	7226	
-0.642279	0.687520	7226	
-0.637697	0.690166	4450	
-0.644853	0.685852	7226	
-0.643638	0.689226	7226	
-0.636504	0.696400	4450	
-0.633301	0.700082	4450	
-0.629159	0.704516	8844	
-0.625921	0.707572	8844	
-0.625143	0.708371	8844	
-0.626052	0.707584	8844	
-0.628906	0.704629	8844	
-0.633471	0.700575	4450	
-0.639977	0.694925	4450	
-0.654152	0.681754	7226	
-0.668929	0.667031	9106	
-0.683496	0.651390	7590	
-0.702680	0.631848	9033	
-0.716467	0.616270	10152	
-0.746034	0.583733	10125	
-0.769350	0.553404	524	
-0.801610	0.509819	934	
-0.821602	0.478259	2142	
-0.854240	0.422078	7961	
-0.882612	0.362789	8528	
-0.909992	0.289733	1189	
-0.929419	0.220821	4979	
-0.939772	0.133062	1582	
-0.939787	0.083979	1361	
-0.936841	0.047778	2329	
-0.924283	-0.004029	638	
-0.908883	-0.051874	1211	
-0.884883	-0.098555	5008	
-0.858701	-0.129373	7113	
-0.833705	-0.142633	6097	
-0.821489	-0.139207	7080	
-0.826196	-0.141603	7264	
-0.832943	-0.150548	7264	
-0.838503	-0.155319	7264	
-0.835730	-0.159680	7264	
-0.829328	-0.166104	7150	
-0.826810	-0.173563	7150	
-0.818710	-0.167974	7264	
-0.805860	-0.171387	5534	
-0.797503	-0.172908	8020	
-0.788859	-0.173141	8020	
-0.783564	-0.175348	8075	
-0.777422	-0.175619	8075	
-0.768929	-0.178557	8075	
-0.757419	-0.172373	7074	
-0.744185	-0.168858	7074	
-0.741264	-0.168926	7074	
-0.739727	-0.167686	7074	
-0.739438	-0.170461	7763	
-0.739221	-0.173500	7763	
-0.738786	-0.173951	7763	
-0.738983	-0.175871	7763	
-0.739200	-0.176517	7763	
-0.739255	-0.176776	7763	
-0.739560	-0.176487	7763	
-0.739973	-0.176375	7763	
-0.740163	-0.175830	7763	
-0.741047	-0.175351	7763	
-0.741915	-0.174470	7763	
-0.741924	-0.172760	7763	
-0.743501	-0.171476	7763	
-0.744696	-0.171442	7074	
-0.746631	-0.171551	7074	
-0.755749	-0.172020	7074	
-0.767887	-0.178901	8075	
-0.775564	-0.176624	8075	
-0.783352	-0.176400	8075	
-0.787525	-0.174286	8109	
-0.795352	-0.174442	5534	
-0.801759	-0.173427	5534	
-0.810286	-0.170657	5534	
-0.820838	-0.167552	7150	
-0.828750	-0.170445	7150	
-0.837554	-0.161866	7264	
-0.854143	-0.150443	7113	
-0.868214	-0.132735	6236	
-0.877740	-0.117829	3727	
-0.891320	-0.090076	5008	
-0.906432	-0.055611	1211	
-0.917297	-0.029563	8195	
-0.929038	0.018308	5570	
-0.934255	0.047156	9341	
-0.939671	0.107439	1715	
-0.934728	0.186835	1397	
-0.919896	0.252653	1547	
-0.899306	0.316872	1251	
-0.868090	0.390169	10180	
-0.840755	0.443364	888	
-0.808409	0.494798	5574	
-0.778112	0.538502	566	
-0.743989	0.583155	10125	
-0.711139	0.619687	10152	
-0.680369	0.652451	7590	
-0.649001	0.683977	7226	
-0.629606	0.699203	4450	
-0.609369	0.714910	9086	
-0.597665	0.721228	9086	
-0.591971	0.724274	3868	
-0.600468	0.719912	9086	
-0.599894	0.722462	9086	
-0.594156	0.727792	3868	
-0.591528	0.730525	3674	
-0.588390	0.733744	3674	
-0.584580	0.736882	3674	
-0.583355	0.737984	3674	
-0.584611	0.736966	3674	
-0.587600	0.734406	3674	
-0.591405	0.731480	3674	
-0.598313	0.725994	3868	
-0.610466	0.716105	9086	
-0.623960	0.704116	8844	
-0.637527	0.691020	4450	
-0.653762	0.677127	7226	
-0.666923	0.664619	9106	
-0.694241	0.636670	9033	
-0.714582	0.613463	10152	
-0.745049	0.579209	10104	
-0.763140	0.555851	9080	
-0.794886	0.512522	996	
-0.822564	0.470536	2142	
-0.851885	0.419374	7961	
-0.877523	0.367660	8528	
-0.909227	0.283113	1189	
-0.923995	0.228892	2053	
-0.932681	0.183822	577	
-0.936243	0.122714	1582	
-0.932025	0.065512	9341	
-0.917025	0.006083	9122	
-0.895813	-0.045275	767	
-0.875007	-0.072599	3489	
-0.861768	-0.087884	2213	
-0.866830	-0.083950	3489	
-0.873781	-0.081837	3489	
-0.878506	-0.082712	3489	
-0.875852	-0.089126	5008	
-0.869700	-0.100441	3727	
-0.866695	-0.111072	3727	
-0.856632	-0.120838	2547	
-0.844574	-0.133279	6097	
-0.837184	-0.137032	6097	
-0.830171	-0.140326	6097	
-0.826126	-0.142833	7264	
-0.821123	-0.145668	7080	
-0.813963	-0.150493	7080	
-0.803374	-0.152678	7080	
-0.792942	-0.153525	8020	
-0.790081	-0.155439	8109	
-0.788480	-0.155939	8109	
-0.787771	-0.158556	8109	
-0.787003	-0.161805	8109	
-0.786427	-0.162664	8109	
-0.786367	-0.164276	8109	
-0.786349	-0.164978	8109	
-0.786427	-0.165088	8109	
-0.786712	-0.164738	8109	
-0.787202	-0.164261	8109	
-0.787506	-0.163572	8109	
-0.788513	-0.162435	8109	
-0.789519	-0.161034	8109	
-0.789977	-0.159088	8109	
-0.791736	-0.156807	8109	
-0.793026	-0.155750	8020	
-0.795009	-0.154330	8020	
-0.802407	-0.152009	7080	
-0.813067	-0.151348	7080	
-0.819534	-0.147039	7080	
-0.825610	-0.144723	7264	
-0.829135	-0.141227	7264	
-0.835136	-0.139763	6097	
-0.840581	-0.137368	6097	
-0.848810	-0.129453	6097	
-0.859119	-0.117245	3727	
-0.868628	-0.106161	3727	
-0.877057	-0.091513	5008	
-0.892122	-0.070223	989	
-0.905030	-0.040784	8195	
-0.912389	-0.021487	8195	
-0.921605	0.016895	5570	
-0.930821	0.060360	9341	
-0.934608	0.095936	1715	
-0.933719	0.151661	5693	
-0.930220	0.187162	1397	
-0.916052	0.256295	1547	
-0.887443	0.341596	8590	
-0.861001	0.397872	10180	
-0.837163	0.442144	888	
-0.805584	0.493199	5574	
-0.780324	0.530200	566	
-0.748986	0.569636	10090	
-0.720291	0.603570	10152	
-0.690421	0.637551	9033	
-0.661796	0.667054	9106	
-0.633614	0.692301	4450	
-0.605496	0.717468	9086	
-0.585744	0.730931	3674	
-0.565299	0.744396	3674	
-0.553900	0.749229	5236	
-0.550504	0.750222	5236	
-0.556154	0.748232	5236	
-0.556177	0.750169	5738	
-0.553358	0.753742	5738	
-0.550381	0.756456	5738	
-0.547713	0.759045	5738	
-0.544760	0.761286	5738	
-0.543385	0.762376	5738	
-0.544916	0.761320	5738	
-0.547554	0.759251	5738	
-0.551355	0.756580	5738	
-0.557525	0.752071	5738	
-0.568089	0.744674	3674	
-0.580967	0.734683	3674	
-0.592296	0.724612	3868	
-0.610397	0.710964	9086	
-0.622011	0.700894	4450	
-0.644902	0.680317	7226	
-0.663776	0.662244	9106	
-0.689581	0.635985	9033	
-0.706299	0.616841	10082	
-0.736486	0.582824	10104	
-0.762129	0.550230	524	
-0.787982	0.515699	996	
-0.813897	0.477863	2142	
-0.845803	0.422698	7961	
-0.864367	0.386115	10180	
-0.882451	0.347576	8590	
-0.904200	0.289105	1189	
-0.922020	0.215127	4979	
-0.927546	0.144722	1270	
-0.922362	0.078767	8243	
-0.908763	0.033552	10018	
-0.899913	0.012187	9220	
-0.903122	0.016250	9220	
-0.907924	0.021278	9220	
-0.911622	0.023151	9122	
-0.909679	0.013048	9220	
-0.904969	-0.004386	9220	
-0.902987	-0.018674	7655	
-0.894182	-0.036538	7655	
-0.885294	-0.050888	767	
-0.878599	-0.062297	989	
-0.871217	-0.076581	3489	
-0.866614	-0.085237	3489	
-0.861230	-0.094345	2547	
-0.853857	-0.106010	2547	
-0.845467	-0.110520	2547	
-0.838404	-0.110718	1813	
-0.836094	-0.113364	1813	
-0.834685	-0.114541	1813	
-0.833560	-0.118450	1813	
-0.832280	-0.122871	1813	
-0.831543	-0.124495	1813	
-0.831103	-0.126618	1813	
-0.830885	-0.127690	1813	
-0.830932	-0.127730	1813	
-0.831178	-0.127413	1813	
-0.831616	-0.126796	1813	
-0.831966	-0.125866	1813	
-0.833030	-0.124147	1813	
-0.834039	-0.122178	1813	
-0.834973	-0.119102	1813	
-0.836709	-0.115789	1813	
-0.837882	-0.114094	1813	
-0.839530	-0.112099	1813	
-0.844614	-0.110410	2547	
-0.853040	-0.107248	2547	
-0.859448	-0.097480	2547	
-0.866046	-0.087717	3489	
-0.870115	-0.078686	3489	
-0.876586	-0.067624	3489	
-0.881971	-0.057814	989	
-0.888754	-0.044601	767	
-0.896486	-0.031502	7655	
-0.904432	-0.011475	7655	
-0.910901	0.011439	9122	
-0.921362	0.041860	6510	
-0.927627	0.080881	8010	
-0.929750	0.109224	8010	
-0.927858	0.158781	577	
-0.922607	0.209363	4979	
-0.911579	0.260506	1403	
-0.891836	0.320057	1251	
-0.876789	0.355537	8528	
-0.851115	0.409148	7961	
-0.821172	0.462774	1692	
-0.794282	0.503009	934	
-0.772854	0.532122	524	
-0.744589	0.568789	10090	
-0.720388	0.598128	10152	
-0.688860	0.631859	9033	
-0.665703	0.655482	9106	
-0.639440	0.681773	7226	
-0.615931	0.703064	9058	
-0.588247	0.725468	3674	
-0.561385	0.746412	5738	
-0.544738	0.755633	5236	
-0.532780	0.759584	5236	
-0.523492	0.762180	8367	
-0.520327	0.762816	9318	
-0.525130	0.761700	8367	
-0.525725	0.763266	8367	
-0.523038	0.766832	9318	
-0.520302	0.769634	9318	
-0.517627	0.772329	9318	
-0.514232	0.774840	9318	
-0.513413	0.775315	9318	
-0.513907	0.775259	9318	
-0.517174	0.772715	9318	
-0.519792	0.771114	9318	
-0.525205	0.767191	9318	
-0.533119	0.762608	5236	
-0.541077	0.757737	5236	
-0.549748	0.751636	5236	
-0.565333	0.741110	2798	
-0.575954	0.733295	2798	
-0.597581	0.716404	9058	
-0.615798	0.700796	1418	
-0.637570	0.680787	7226	
-0.652302	0.666623	10130	
-0.677123	0.641137	7590	
-0.697363	0.619627	10082	
-0.725261	0.589194	10050	
-0.749645	0.559013	10090	
-0.777729	0.520940	996	
-0.794341	0.498019	934	
-0.811465	0.472762	2142	
-0.835274	0.432647	888	
-0.858372	0.385322	10086	
-0.880152	0.332642	9908	
-0.902639	0.261746	1403	
-0.911186	0.204281	9255	
-0.912541	0.173917	456	
-0.913839	0.177152	456	
-0.915743	0.183780	456	
-0.917684	0.185346	577	
-0.920032	0.168682	456	
-0.920948	0.144844	8654	
-0.922413	0.123114	4342	
-0.920280	0.095935	8010	
-0.916169	0.070230	9481	
-0.911205	0.046844	10018	
-0.906047	0.027503	9917	
-0.902892	0.014439	9220	
-0.899053	0.001799	9220	
-0.893917	-0.011204	7954	
-0.886825	-0.022475	7655	
-0.880626	-0.031861	767	
-0.878552	-0.036945	767	
-0.876896	-0.041501	767	
-0.875815	-0.046626	767	
-0.874785	-0.051552	767	
-0.873879	-0.054963	767	
-0.873533	-0.056979	767	
-0.873200	-0.058615	989	
-0.873121	-0.059401	989	
-0.873389	-0.059077	989	
-0.873794	-0.057961	989	
-0.874145	-0.056304	767	
-0.875165	-0.053607	767	
-0.876289	-0.049938	767	
-0.877254	-0.045382	767	
-0.878836	-0.039895	767	
-0.880024	-0.036402	767	
-0.881483	-0.032587	767	
-0.886020	-0.023971	7655	
-0.893155	-0.013327	7954	
-0.897785	-0.001817	7954	
-0.902294	0.010347	9220	
-0.905297	0.024160	9917	
-0.909840	0.040664	10018	
-0.914024	0.059528	9481	
-0.917909	0.081027	8243	
-0.920893	0.104167	8010	
-0.922159	0.133789	1270	
-0.921327	0.165211	456	
-0.917320	0.209184	4979	
-0.908491	0.255084	1547	
-0.897594	0.290715	1189	
-0.876884	0.343261	2513	
-0.859500	0.381337	10086	
-0.840943	0.417828	7961	
-0.821369	0.451676	1692	
-0.802004	0.482248	5574	
-0.779850	0.513995	996	
-0.753927	0.550317	9080	
-0.728048	0.582252	10104	
-0.703968	0.608795	10082	
-0.681543	0.631528	9033	
-0.661195	0.652960	9106	
-0.637854	0.674549	7226	
-0.616051	0.695640	1608	
-0.591521	0.717453	9058	
-0.570265	0.733728	2798	
-0.548861	0.748832	5236	
-0.530610	0.759815	8367	
-0.515106	0.767898	9318	
-0.503974	0.771811	9318	
-0.494038	0.774771	10214	
-0.491185	0.775410	10214	
-0.495563	0.774332	10214	
-0.497387	0.775476	10214	
-0.496146	0.778155	10214	
-0.494118	0.780389	10214	
-0.491627	0.782522	10214	
-0.488745	0.784588	9934	
-0.487671	0.785335	9934	
-0.488342	0.784994	9934	
-0.490948	0.783260	9934	
-0.494390	0.781042	10214	
-0.499931	0.777333	10214	
-0.505737	0.773579	9318	
-0.512151	0.769254	9318	
-0.519792	0.764105	9318	
-0.531778	0.756855	5236	
-0.542652	0.749839	5236	
-0.557097	0.740500	3669	
-0.570671	0.730438	2798	
-0.588294	0.716664	9338	
-0.603582	0.703959	9058	
-0.623543	0.685685	1608	
-0.644415	0.665292	10130	
-0.663864	0.645965	7590	
-0.683951	0.624639	9033	
-0.706431	0.601787	10152	
-0.723532	0.582159	10050	
-0.740458	0.562171	10090	
-0.760789	0.533275	524	
-0.780008	0.503739	9065	
-0.799245	0.471050	9971	
-0.818361	0.434471	10084	
-0.832215	0.401966	9139	
-0.839687	0.383621	9560	
-0.842198	0.382396	10086	
-0.846807	0.378864	10086	
-0.850809	0.376133	10086	
-0.857271	0.365912	10111	
-0.867652	0.344679	2231	
-0.879747	0.318921	1251	
-0.891104	0.289127	1189	
-0.899863	0.258200	1169	
-0.906772	0.226590	8899	
-0.911752	0.196024	9255	
-0.914179	0.174507	456	
-0.915216	0.155458	8654	
-0.915267	0.135163	1270	
-0.913643	0.114839	4342	
-0.911593	0.098896	8010	
-0.910676	0.088006	8243	
-0.910113	0.079206	8243	
-0.909535	0.071379	9481	
-0.908903	0.064183	9481	
-0.908443	0.059192	9481	
-0.908217	0.056028	10076	
-0.907945	0.053445	10076	
-0.907876	0.052337	10076	
-0.908068	0.052768	10076	
-0.908336	0.054072	10076	
-0.908612	0.056538	9481	
-0.909215	0.060491	9481	
-0.909906	0.066200	9481	
-0.910433	0.073232	9481	
-0.911131	0.081622	8243	
-0.911659	0.089933	8243	
-0.912169	0.098884	8010	
-0.913504	0.111934	4342	
-0.915302	0.131066	1270	
-0.915401	0.150155	8654	
-0.914836	0.168829	456	
-0.912664	0.189883	8501	
-0.908815	0.216628	9255	
-0.903055	0.244577	1169	
-0.896489	0.270996	1189	
-0.887322	0.299163	1251	
-0.874693	0.330121	2513	
-0.860627	0.362074	8214	
-0.847109	0.390813	10086	
-0.832074	0.419405	9139	
-0.816358	0.446813	1692	
-0.798079	0.475598	9971	
-0.780183	0.501897	9065	
-0.762169	0.527098	7616	
-0.744893	0.550937	10090	
-0.726618	0.573901	10104	
-0.707034	0.596950	10152	
-0.686127	0.618859	10082	
-0.665216	0.640648	7590	
-0.645731	0.660150	10130	
-0.625709	0.678504	1608	
-0.608268	0.694495	1418	
-0.589742	0.709862	9058	
-0.571605	0.723964	2798	
-0.554146	0.737645	3669	
-0.535891	0.750697	5236	
-0.517672	0.762119	9318	
-0.501591	0.772019	9318	
-0.487053	0.779784	9934	
-0.474975	0.783729	9934	
-0.467772	0.783522	9940	
-0.466701	0.782797	9940	
-0.468390	0.784065	9940	
-0.469634	0.786149	9940	
-0.468837	0.788739	9934	
-0.466656	0.791113	9940	
-0.464413	0.792994	9940	
-0.462387	0.794284	6702	
-0.461331	0.794939	6541	
-0.461909	0.794734	6541	
-0.463644	0.793746	6702	
-0.466785	0.791931	9934	
-0.471234	0.789310	9934	
-0.477115	0.785761	9934	
-0.483622	0.781555	9934	
-0.491368	0.776323	10214	
-0.500951	0.769878	10214	
-0.510916	0.763282	9318	
-0.523629	0.755257	8367	
-0.536452	0.746739	5236	
-0.550028	0.736844	3669	
-0.563660	0.726302	2798	
-0.578092	0.715023	9338	
-0.593279	0.702459	9058	
-0.609115	0.688697	1418	
-0.625411	0.673803	1608	
-0.641929	0.658100	8060	
