time = 251.8	Re = 90
0.991523	0.001755	2654	
0.989463	0.065419	6469	
0.895205	0.428569	1973	
0.699120	0.705773	6406	
0.322893	0.940760	5637	
0.873704	-0.423397	429	
0.905360	-0.350698	6581	
0.951809	-0.191538	5960	
0.968583	0.066394	5843	
0.898121	0.368933	1291	
0.703501	0.669553	566	
0.378577	0.894868	6195	
-0.062733	0.969216	5863	
-0.478232	0.844978	6616	
0.918136	0.375490	2130	
0.271298	0.956720	864	
0.734650	0.570160	717	
0.712575	0.597688	4565	
0.638916	0.676616	6444	
0.503208	0.784882	6520	
0.288241	0.888080	6142	
-0.050229	0.930600	6720	
-0.451480	0.814003	6372	
-0.527393	-0.774153	6239	
0.055535	-0.969633	5864	
0.964261	0.112877	971	
0.583008	0.777194	6817	
-0.091345	0.966910	5975	
0.974100	-0.178992	6149	
0.448056	0.887054	2081	
-0.447153	0.889336	5732	
0.772804	0.438978	4599	
0.764605	0.453149	5263	
0.663662	0.592459	4778	
0.345299	0.828911	5172	
-0.324385	0.831075	2913	
-0.876458	-0.173169	4158	
-0.663723	0.641715	6072	
0.520666	-0.769416	5036	
0.852844	0.369898	6801	
0.356960	0.862743	463	
-0.299163	0.881688	6904	
-0.005166	-0.940587	6742	
0.910559	-0.336928	513	
0.617376	0.749957	862	
-0.240295	0.940888	6386	
0.915956	0.379782	2130	
-0.782625	0.361811	3028	
-0.686954	0.519507	4692	
-0.857513	-0.106418	4576	
-0.293067	-0.829100	5972	
0.778223	-0.396059	2827	
-0.621805	0.628366	3801	
-0.127508	-0.884490	2152	
0.735131	-0.499121	2833	
0.851032	0.255018	3364	
-0.148953	0.880521	4547	
0.872641	0.259530	3930	
0.838849	-0.400528	3120	
0.463691	0.809341	6498	
-0.357284	0.859595	3504	
0.620327	0.734087	4961	
0.914280	0.326665	6929	
0.042746	0.970402	6647	
0.988892	0.058509	6469	
-0.791910	0.604010	5958	
0.511910	-0.670666	2019	
0.413460	-0.736163	3901	
0.579095	-0.613202	4130	
0.814729	-0.219393	2455	
0.775398	0.331019	1887	
-0.093554	0.847141	4141	
-0.723790	-0.444764	4928	
0.855088	-0.049980	4035	
-0.225479	0.832655	6784	
0.863513	-0.131920	2322	
-0.074632	-0.889654	1994	
0.887333	-0.046323	5919	
0.029188	0.894054	3959	
-0.386334	0.835981	5848	
0.882782	0.290793	4462	
-0.019972	0.931722	6698	
-0.931086	0.008964	5780	
0.955217	0.173831	535	
0.008587	0.971278	6407	
0.935401	0.327777	6437	
-0.411225	0.906074	2155	
0.193528	0.800054	1347	
0.358817	0.743318	5059	
0.179388	0.802651	1347	
-0.560246	0.580196	2789	
-0.584439	-0.558006	572	
0.322709	-0.746098	2866	
-0.258318	0.777167	2859	
0.017118	0.843959	4432	
0.550120	-0.639237	3237	
0.436650	0.736411	5257	
-0.130049	-0.852944	4990	
0.180790	0.850267	4637	
0.870942	0.069571	2853	
0.432915	-0.776109	3110	
0.738368	0.494359	4921	
-0.704998	-0.550059	712	
0.927236	-0.062696	6574	
-0.008575	0.931923	6725	
-0.842482	-0.397644	4429	
0.850388	0.468600	6473	
-0.330439	0.913059	5862	
0.560665	0.819354	5467	
-0.725940	-0.258023	1224	
-0.771560	-0.020438	3089	
-0.723279	-0.265116	1224	
-0.255691	-0.758567	5119	
0.773644	-0.047626	4120	
-0.523735	-0.587411	940	
0.746334	0.249620	5281	
0.440946	-0.669435	2801	
-0.613422	0.523224	2539	
0.451798	-0.673790	2801	
0.473919	-0.677778	3755	
0.496321	-0.682007	4909	
-0.194366	0.828058	6258	
0.832484	-0.198169	4274	
-0.578887	-0.645518	4603	
0.030404	-0.890860	4744	
0.783093	0.419531	4448	
-0.602483	-0.663133	5117	
0.881900	0.293272	4462	
-0.307374	0.878689	6446	
-0.845340	-0.471830	6474	
0.379478	0.894473	6195	
-0.766684	0.595661	6634	
-0.420807	0.901556	2155	
0.489028	-0.570432	5657	
-0.286043	-0.726595	1142	
0.673698	-0.331528	2534	
-0.601872	0.453003	3162	
-0.536612	-0.523999	6816	
0.755377	0.018788	2182	
-0.242002	0.722240	1005	
-0.656030	0.406215	2578	
0.705907	-0.320358	3061	
0.659910	-0.431273	2759	
0.226762	-0.771874	2477	
-0.775888	0.219880	2669	
0.693913	0.417092	5067	
-0.832920	-0.100351	5288	
0.507765	0.682252	5089	
0.592445	-0.615141	4130	
-0.543402	-0.677691	5055	
0.322617	-0.828478	2914	
0.536899	0.712939	5431	
-0.813575	0.435959	620	
0.387044	0.849342	872	
-0.807329	0.463448	3040	
0.898939	0.366880	1291	
-0.457901	0.856188	570	
0.176133	0.977933	1537	
0.623343	0.330381	2974	
0.695010	0.147078	4441	
0.653370	-0.320303	2430	
0.099159	-0.733559	4156	
0.622663	0.373844	3113	
-0.689827	-0.244313	5008	
0.612967	0.400434	3491	
-0.368077	0.659618	2211	
0.411723	-0.636459	686	
0.094128	0.768881	5107	
-0.770903	0.028567	2327	
-0.709168	0.330756	3036	
-0.530207	0.591114	2569	
-0.210667	0.781642	6760	
0.810060	-0.014379	3372	
-0.837294	-0.049467	5676	
0.219511	0.830106	4853	
0.785757	0.340130	5925	
0.872902	0.003638	5771	
0.866021	-0.199279	2567	
-0.672069	0.584862	3192	
0.928972	-0.023485	499	
-0.392102	0.844039	5848	
0.535775	-0.809665	6377	
-0.084727	0.967516	5975	
0.631543	0.765240	844	
-0.459915	-0.476330	593	
-0.438390	-0.497332	557	
-0.363815	-0.618643	5935	
0.611676	-0.310700	1644	
0.688479	0.101001	4995	
0.696812	0.086164	4995	
-0.662663	-0.279385	5412	
0.731238	0.025084	2072	
-0.693807	-0.233281	1464	
0.078854	0.752530	6459	
-0.704528	-0.258690	5008	
0.684476	0.312867	3992	
-0.235612	0.738831	607	
0.431794	0.666952	1135	
-0.502407	0.615012	2318	
-0.572609	0.566756	3131	
0.444352	0.696218	1549	
0.379452	-0.754040	3561	
-0.845155	-0.078356	5350	
-0.400983	0.761652	2924	
-0.084980	-0.888547	1396	
0.491976	0.746463	5632	
-0.650214	-0.660964	5361	
-0.044511	0.930685	6720	
0.913221	0.273307	5923	
0.202673	0.950160	6281	
0.828291	0.544657	623	
-0.350680	-0.603895	5595	
0.012924	0.691382	4495	
-0.368540	-0.613891	5935	
0.618250	-0.297453	2622	
-0.613380	-0.326312	2973	
0.212888	0.701193	5291	
-0.376731	-0.663484	5827	
-0.194991	0.713879	4704	
0.567811	-0.468235	2733	
-0.743709	0.118309	1522	
0.680953	0.320166	3992	
-0.592536	0.493965	2415	
-0.765978	0.159477	3079	
-0.648542	-0.455324	4682	
-0.242828	-0.792737	5164	
0.785079	-0.260819	1667	
0.584133	0.610918	4635	
0.818736	0.249347	2134	
0.485314	0.737320	5902	
0.828596	0.319949	3875	
0.481726	-0.759494	3316	
0.225885	0.905426	4775	
-0.905626	-0.215758	3812	
0.361590	0.901948	6128	
0.928958	0.343916	6805	
0.208091	0.080146	749	
0.360133	0.583112	873	
0.363509	0.589075	873	
-0.351832	-0.604544	5595	
-0.244755	0.642364	4850	
-0.197334	-0.677527	5542	
-0.181215	-0.695316	5202	
0.638071	-0.296610	2594	
-0.417758	0.600344	5601	
-0.014409	0.745857	6486	
0.626328	-0.386113	1658	
-0.655468	-0.362108	3142	
0.309989	0.724604	1145	
-0.351691	-0.719276	5380	
0.774154	-0.148499	2840	
-0.054608	0.811051	949	
0.528540	0.620969	4889	
0.759996	-0.365070	2635	
0.054925	-0.856475	4228	
0.441634	-0.749542	2756	
0.886231	-0.061127	4717	
-0.812457	-0.369295	6290	
0.409639	0.838406	1233	
-0.929508	0.049749	5330	
0.398119	0.886226	6195	
0.912276	0.386102	5799	
-0.218812	-0.591922	6226	
0.256522	0.321959	6717	
-0.117790	-0.433192	6788	
-0.083867	-0.375777	5605	
0.495476	0.413962	1680	
0.358919	0.582444	873	
0.233904	0.670700	5335	
-0.339713	-0.637232	6585	
0.417797	0.520204	606	
0.640141	-0.292189	2594	
-0.663141	-0.294954	5412	
-0.648869	0.344702	2702	
-0.223012	0.710173	6091	
0.595400	-0.466469	3877	
0.678483	-0.349488	2719	
-0.764633	0.165720	3079	
0.543387	-0.587704	2570	
0.452767	-0.672934	2801	
-0.616864	-0.570266	5868	
-0.821633	-0.211937	1293	
-0.676235	-0.537525	6518	
0.821576	-0.338249	3422	
-0.891479	0.013809	5929	
0.447070	0.818652	6824	
-0.930744	-0.010942	6512	
0.283120	0.929537	6822	
0.757064	0.640019	5560	
-0.913254	0.396820	6212	
-0.204528	-0.565971	2858	
-0.178034	-0.541243	639	
-0.034468	-0.361007	1262	
0.250731	0.186429	1724	
0.015245	-0.333216	1544	
0.247712	0.164518	3982	
-0.056149	-0.390640	1566	
0.355369	0.487911	6771	
0.365231	0.595872	873	
-0.328773	-0.644071	6841	
-0.101352	-0.703350	4769	
0.244956	0.695492	1286	
0.728095	-0.074266	1852	
0.404533	-0.616672	6000	
-0.689634	-0.294279	5694	
-0.104084	0.758069	4561	
0.574845	-0.518698	2026	
-0.740077	0.286770	3509	
-0.083035	-0.818239	4113	
-0.759505	0.353130	2636	
-0.794659	0.296712	2493	
-0.822521	0.253446	2558	
0.808734	-0.367758	3136	
-0.887610	-0.084355	2483	
0.298680	0.884363	576	
-0.848772	-0.382720	6336	
0.032220	0.970800	6647	
-0.962708	0.255082	2657	
-0.191268	-0.542169	6692	
0.656231	-0.144502	2285	
0.529363	-0.403527	2874	
-0.125113	-0.539779	1298	
0.265093	0.187441	2216	
-0.026238	-0.418207	2061	
0.005842	-0.377311	4525	
0.391159	0.433334	904	
-0.013624	-0.363981	1638	
-0.110819	-0.420259	6788	
0.360535	0.603075	5596	
-0.140506	-0.685261	4473	
-0.601499	-0.344906	1975	
0.547007	0.466256	652	
-0.733047	0.046214	3821	
0.727941	0.175582	4059	
0.559587	0.501287	6522	
-0.187941	-0.773692	5396	
0.519408	0.597228	939	
-0.569704	-0.571693	6346	
-0.413608	0.727575	3902	
-0.752316	0.391195	3402	
-0.860016	0.032819	4036	
0.869367	-0.183097	2895	
-0.623519	-0.641351	5615	
0.016407	0.931758	6753	
0.079590	0.958738	6727	
-0.310192	0.920149	590	
-0.176564	-0.515882	6479	
0.616377	-0.266997	2505	
0.569141	0.314901	1476	
0.613151	0.226179	4033	
-0.084624	-0.513661	2078	
0.470126	0.388912	2966	
0.289827	-0.004280	758	
0.288965	-0.011634	758	
0.423951	0.406798	1496	
-0.081903	-0.506799	2078	
-0.086128	-0.468942	3825	
0.345965	0.480723	6771	
-0.271953	0.630821	4640	
0.388938	0.572706	5887	
-0.315857	0.632552	2566	
0.101459	0.745864	6409	
-0.315153	0.672217	990	
0.658114	0.363328	3141	
-0.511618	-0.581218	1074	
0.677216	0.397860	5457	
-0.600040	-0.537514	6291	
-0.690819	0.472102	4523	
-0.846145	-0.056686	5350	
-0.413286	-0.771126	4955	
0.859741	0.222563	2741	
0.473902	0.783566	5448	
-0.312059	0.876842	6446	
0.856794	-0.456754	6414	
-0.699862	0.672915	986	
-0.162487	-0.490438	811	
0.499152	-0.449130	5982	
0.328857	0.387028	682	
0.318634	0.339789	1890	
0.456779	-0.467438	1232	
0.106228	-0.328659	1861	
-0.053602	-0.564388	2769	
0.181605	-0.609496	3743	
0.226940	-0.596142	4357	
-0.047081	-0.594130	4151	
0.232382	-0.188812	3013	
-0.086247	-0.514768	2078	
0.656470	0.098739	4965	
0.353259	0.604913	5596	
0.161422	-0.669983	5149	
0.687626	0.137660	4445	
0.578992	0.435078	1338	
-0.191913	0.719958	4704	
0.695829	0.287712	5693	
-0.496075	-0.597677	5643	
0.533716	0.582064	4255	
-0.048211	-0.819541	4127	
-0.756973	-0.359339	6238	
-0.384088	-0.773200	511	
0.852272	-0.180166	3523	
0.640265	0.617174	4884	
0.300582	-0.878621	6903	
-0.681191	0.633770	6072	
0.684993	0.688528	638	
-0.929089	0.281603	677	
-0.148549	-0.465192	6966	
-0.207852	-0.626201	6283	
0.388115	0.448016	1770	
0.308579	0.318213	1858	
0.629391	0.155903	4271	
0.009688	-0.433170	4237	
0.472065	-0.430408	5234	
0.617806	0.140136	4551	
0.437864	0.355477	4402	
0.437821	0.358176	4402	
0.573406	0.248268	1572	
0.152771	-0.618310	4069	
0.326727	0.311984	1968	
-0.102526	-0.642036	724	
-0.166551	-0.497832	811	
-0.092395	-0.690041	4769	
0.687045	-0.152176	1659	
0.667881	0.288845	5411	
-0.224899	0.709515	6091	
0.624882	0.416504	4969	
-0.081857	-0.785415	5108	
-0.752371	0.252520	3569	
0.431662	-0.686764	4013	
0.626715	-0.563127	3099	
0.778749	-0.350692	3027	
-0.883220	0.029111	5920	
-0.117279	0.884814	4614	
0.734355	0.569747	717	
-0.930340	-0.026147	6512	
-0.071617	0.968597	5863	
0.135893	0.983476	6088	
-0.133700	-0.438432	6748	
-0.111733	-0.424680	6788	
0.659744	-0.089172	4721	
0.330346	0.361166	2060	
0.627260	0.162284	4271	
-0.014820	-0.472528	1096	
0.568487	-0.292470	2000	
0.432146	0.351375	4282	
0.330838	0.109416	6032	
0.330749	0.005834	1023	
0.328293	-0.009547	957	
0.328031	0.173195	4592	
0.512911	0.325118	1182	
-0.056542	-0.560592	2769	
0.245780	-0.112081	6515	
0.282984	0.377115	6785	
-0.143435	-0.684898	4473	
0.689212	-0.141908	1659	
0.563150	0.454839	568	
-0.405717	0.620042	5999	
0.482003	0.587930	5140	
0.650327	-0.419631	2759	
0.440513	-0.668611	2801	
0.633413	0.503320	4948	
0.641406	0.547062	747	
-0.005897	0.864478	4488	
0.704552	-0.540247	4855	
-0.814167	-0.363949	6314	
-0.176402	0.914283	4082	
0.285184	-0.927532	1019	
-0.744074	0.623734	6900	
-0.115792	-0.406975	6840	
0.078012	-0.227894	582	
0.380704	-0.545783	3245	
0.369540	0.414519	1047	
0.646579	0.076078	4223	
-0.022401	-0.485304	1742	
0.629041	-0.110359	1086	
0.355332	0.245099	2063	
0.332306	0.054171	6564	
0.316019	-0.135227	3122	
0.290649	-0.202929	2490	
0.270402	-0.228848	2207	
0.301584	-0.145828	3300	
0.330843	0.197537	3190	
0.246183	-0.591064	3179	
-0.111431	-0.598971	1744	
-0.015761	-0.286086	1466	
-0.099650	-0.689461	4769	
0.697571	0.080373	4995	
0.063042	0.747202	6433	
0.683826	0.300498	3992	
-0.282126	0.706374	2073	
-0.776856	0.086135	3351	
0.157532	0.805062	1388	
0.408636	-0.717151	3901	
-0.636052	0.559045	3100	
-0.339884	-0.807816	5363	
0.718927	0.521859	4570	
-0.026891	-0.929027	6752	
-0.767672	0.525889	3032	
0.411388	0.880127	1184	
0.597879	0.790908	1453	
-0.088818	-0.361016	6455	
0.213832	-0.078041	810	
-0.023340	-0.662681	1435	
0.506611	0.377828	2098	
0.647874	-0.083268	4641	
-0.008105	-0.462223	854	
0.626037	-0.124733	1086	
0.349283	0.223696	1721	
0.337839	-0.030628	3946	
0.322789	-0.140842	3122	
0.297701	-0.202392	2490	
0.270580	-0.248044	2313	
0.241278	-0.285675	2282	
0.229588	-0.283804	1157	
0.313367	-0.101693	3210	
0.638813	-0.051273	1194	
-0.095266	-0.622027	1636	
0.291584	0.393454	393	
0.099679	-0.682841	4425	
-0.250900	0.661742	4764	
-0.725851	-0.104179	3067	
-0.553421	-0.503493	6521	
0.753653	-0.118350	1521	
0.783909	0.072840	3861	
-0.297666	-0.774072	1449	
-0.376111	-0.767938	6687	
0.721468	-0.456390	2307	
-0.869296	-0.158898	3702	
-0.467696	0.757722	2723	
0.287617	0.887886	6142	
0.885800	-0.320367	493	
-0.591163	0.770161	5748	
-0.702166	0.704477	5758	
-0.057735	-0.313273	6045	
0.220464	0.061334	1039	
-0.115297	-0.647593	740	
0.452910	-0.481408	1232	
0.268215	-0.594734	1327	
0.038121	-0.400689	3751	
0.599264	-0.218840	5954	
0.359657	0.251965	984	
0.340962	0.004119	6069	
0.333945	-0.108026	3296	
0.340847	-0.118960	3164	
0.340946	-0.131056	3164	
0.319189	-0.188915	3430	
0.256767	-0.283281	2373	
0.201589	-0.329241	887	
0.290076	-0.167591	2926	
0.638512	0.036661	3391	
-0.105360	-0.555392	1754	
0.187261	-0.116336	2794	
0.664368	-0.172065	2511	
-0.343125	0.631895	5575	
0.609241	-0.412563	2418	
0.749577	-0.098097	2397	
0.062058	-0.780734	6390	
-0.551484	-0.572975	6171	
0.622828	0.516410	6869	
0.418694	0.746860	6505	
-0.581789	0.632409	3365	
0.881349	0.108206	3487	
-0.551409	0.733745	3297	
-0.673427	0.641878	6072	
0.551093	0.800264	5017	
0.675088	0.725366	1536	
0.022453	-0.242150	554	
0.252156	0.311656	6699	
0.125293	-0.229795	1155	
-0.130260	-0.552851	1780	
-0.032637	-0.638709	1274	
0.096114	-0.340742	2265	
0.518726	-0.370113	6008	
0.377590	0.287804	5659	
0.342549	0.049796	6425	
0.344598	-0.058443	3664	
0.361147	-0.020928	3438	
0.370444	0.034665	3920	
0.377738	0.059826	4000	
0.355898	-0.097029	3390	
0.278438	-0.261003	2313	
0.181940	-0.352305	4030	
0.277460	-0.192493	2997	
0.398079	-0.504077	3983	
0.595915	0.264145	1897	
0.351728	0.588727	5596	
0.533569	0.424925	1301	
0.693721	0.223484	1746	
-0.540455	0.504836	2982	
-0.192947	0.737782	5910	
-0.743558	-0.236788	1760	
-0.593658	0.543239	2807	
-0.505395	0.665500	2020	
-0.206094	-0.837750	4154	
0.027700	0.882216	3959	
-0.225492	0.862585	3262	
0.375430	0.854388	1284	
0.798609	-0.496068	735	
-0.659378	0.712582	435	
-0.800071	0.591149	6148	
0.180493	-0.126628	790	
0.662382	-0.118559	2768	
0.189473	-0.167591	549	
0.011886	-0.337784	1544	
-0.032824	-0.430731	798	
0.194826	-0.248940	5679	
0.229762	-0.591571	4357	
0.410138	0.325863	4215	
0.343545	0.097294	6235	
0.350462	-0.008499	3438	
0.371212	0.090948	4012	
0.409827	0.209058	3955	
0.434631	0.235557	899	
0.414059	0.206532	3955	
0.380384	0.056552	4116	
0.296583	-0.240370	2994	
0.164680	-0.370770	3493	
0.287080	-0.172694	2926	
-0.046698	-0.600146	1383	
0.391919	0.454264	1326	
-0.144196	-0.684809	4473	
0.493878	0.479670	4177	
-0.710351	-0.178192	4008	
-0.184514	-0.756616	6078	
-0.751815	-0.165309	4842	
-0.523058	0.594497	2268	
0.799002	-0.131935	3398	
0.584155	0.610055	4635	
-0.464853	0.722937	3961	
0.878320	0.130155	3457	
-0.895974	0.214728	3645	
-0.764651	0.530177	3032	
0.292810	0.926562	6822	
0.202955	0.100802	1321	
-0.202427	-0.638853	778	
0.341614	0.429421	6403	
0.126816	-0.247347	3788	
0.147798	-0.254542	3730	
0.296720	0.022197	3433	
0.094747	-0.619109	4136	
0.579836	0.224074	1738	
0.347137	0.150195	4336	
0.352095	0.041447	2952	
0.378250	0.147352	3258	
0.451948	0.251038	891	
0.566768	0.134314	2590	
0.586684	0.011915	2017	
0.513806	0.216563	4182	
0.386559	0.104371	3856	
0.279754	-0.267034	2555	
0.150702	-0.383390	3854	
0.320328	0.113808	6032	
0.433134	0.408983	2394	
-0.131457	-0.443602	6748	
0.672319	0.124327	5151	
-0.422008	-0.618343	842	
-0.167637	0.726634	5300	
0.204075	0.755471	6075	
-0.607485	0.488501	2351	
-0.495250	0.634672	2788	
-0.540661	0.636829	3238	
-0.002221	-0.857752	4487	
-0.717697	0.512275	4476	
-0.603295	0.654449	4277	
-0.046277	0.930373	6720	
-0.362427	-0.898897	6127	
-0.889758	0.388392	1100	
0.322851	0.467928	2715	
-0.166412	-0.514351	6479	
-0.016850	-0.313607	1466	
0.258369	-0.012027	539	
0.289029	0.264565	1734	
0.639714	-0.130965	5900	
-0.019780	-0.493753	1982	
0.634344	-0.022884	5692	
0.368864	0.262900	984	
0.353010	0.088898	4370	
0.382786	0.174401	1650	
0.490088	0.247823	2428	
0.584212	-0.085452	2465	
0.500379	-0.295626	5624	
0.483993	-0.314022	5578	
0.575715	0.085175	1880	
0.383911	0.067390	4116	
0.218615	-0.337602	881	
0.147423	-0.370383	3854	
0.541257	0.298077	1810	
0.647157	-0.143875	5900	
-0.467575	0.500963	2007	
0.696360	0.089076	4995	
-0.697649	0.229394	2538	
-0.255658	-0.741114	4811	
-0.727753	-0.248603	5282	
-0.791758	0.042759	2831	
0.693904	0.414237	5067	
0.183693	0.836856	4637	
-0.841710	0.176332	3524	
0.653625	0.602549	4778	
0.721790	-0.583849	6655	
-0.925784	0.094215	5724	
-0.320761	0.916508	590	
-0.105337	-0.388890	507	
0.200114	0.173884	405	
0.392499	-0.544961	3445	
-0.134534	-0.639424	688	
0.194294	-0.630853	3871	
-0.070748	-0.625294	1319	
0.155848	-0.288800	3528	
0.426258	-0.471556	5984	
0.419610	0.327399	4215	
0.356278	0.143337	4336	
0.376997	0.168929	1650	
0.512209	0.233446	3704	
0.526580	-0.254765	5614	
0.305819	-0.462837	2045	
0.274295	-0.459339	2897	
0.388088	-0.409826	3604	
0.569739	0.106086	1620	
0.371210	-0.060544	3572	
0.151293	-0.401912	4319	
0.242794	-0.245237	2057	
0.077079	-0.343947	1817	
-0.124597	-0.443641	6746	
0.653216	-0.210345	2011	
-0.326202	-0.694491	5563	
-0.482104	0.561500	6110	
-0.188000	0.739175	5910	
-0.630436	-0.457146	4471	
-0.755511	-0.276083	1201	
-0.203719	-0.829529	4154	
0.849407	0.086051	5125	
0.575574	-0.675522	2706	
-0.582022	-0.679392	5209	
-0.588217	0.720692	6814	
0.638200	0.732271	6430	
0.609635	0.781243	1453	
0.365325	0.596421	873	
0.297062	0.410975	1281	
0.206360	0.131186	921	
0.239276	-0.064305	6808	
0.117559	-0.254614	2948	
0.168965	-0.235793	816	
0.296854	-0.013305	758	
0.028010	-0.614895	1785	
0.509254	0.308229	1415	
0.363964	0.195324	1671	
0.379010	0.187879	1676	
0.519631	0.227106	4182	
0.498170	-0.303614	3076	
0.264196	-0.471049	2541	
0.249553	-0.425233	2166	
0.252315	-0.435691	2051	
0.350009	-0.431839	2862	
0.510945	0.210071	4182	
0.272126	-0.282209	2253	
0.119654	-0.417456	3844	
0.448429	0.366099	3680	
0.414624	0.437633	1276	
-0.576942	0.369313	4226	
0.579040	0.379604	1556	
-0.468363	-0.568461	4852	
0.491894	-0.573801	5657	
0.301340	-0.716720	1122	
0.793080	-0.103262	3002	
0.159957	-0.812581	6151	
-0.844541	-0.068700	5350	
0.824553	0.281429	4253	
-0.211499	0.866082	3262	
0.156152	0.919321	5244	
-0.738028	0.619787	1124	
-0.894347	0.377674	460	
-0.981097	0.168540	6150	
0.352098	0.587806	5596	
0.025980	-0.240417	554	
-0.204543	-0.584356	6676	
-0.052060	-0.359150	1266	
0.250706	0.162307	3982	
0.517213	0.365850	3916	
0.440709	-0.480028	1244	
0.031919	-0.415493	4725	
0.606720	-0.186885	5480	
0.386685	0.273381	5136	
0.374081	0.187104	1676	
0.493155	0.252727	2428	
0.537871	-0.239728	3227	
0.243869	-0.463045	2437	
0.300556	-0.335624	1056	
0.374375	-0.216279	3312	
0.260018	-0.419536	2166	
0.484435	-0.306978	3076	
0.392982	0.111685	4086	
0.151161	-0.408054	4319	
0.217570	-0.276310	1157	
0.284416	0.029154	3575	
-0.054639	-0.319148	628	
0.368228	-0.592535	3705	
0.583992	0.427816	1582	
0.295837	0.725808	1145	
0.591044	-0.479470	2352	
0.556055	0.557600	6941	
0.744973	-0.317628	3172	
0.448301	0.726935	5323	
-0.772988	0.375966	2708	
0.653719	0.602342	4778	
0.777450	-0.507559	3375	
-0.928973	-0.052621	3626	
-0.492329	0.836843	6616	
-0.718387	0.687300	5764	
-0.361505	-0.584701	874	
0.255464	0.337868	3973	
0.257699	0.332355	6717	
0.210263	-0.090004	810	
0.246622	-0.016095	697	
0.081636	-0.281105	1736	
0.003104	-0.387861	4525	
0.271948	-0.131606	6359	
0.229380	-0.588773	4357	
0.481325	0.324301	1246	
0.374835	0.218635	1903	
0.458330	0.269915	902	
0.553963	-0.206778	2703	
0.234464	-0.462888	2109	
0.340387	-0.268122	3000	
0.420988	-0.022366	3248	
0.401849	-0.142456	5797	
0.268415	-0.447098	2897	
0.556722	0.138488	2590	
0.263108	-0.296093	2189	
0.105285	-0.431412	3814	
0.574497	0.250435	1572	
-0.043414	-0.401942	1482	
0.164645	-0.669168	4507	
0.149291	0.719640	5262	
0.722420	0.129340	3130	
0.096071	0.768658	5107	
-0.680317	-0.379569	5516	
-0.759776	-0.263976	4780	
-0.003277	-0.848569	3979	
0.717288	0.464062	4927	
0.809306	-0.365268	3136	
0.530122	-0.723199	4711	
-0.788502	0.493967	3376	
0.130378	0.962630	573	
0.350993	0.590740	5596	
0.158507	-0.154976	788	
-0.098991	-0.396748	523	
0.228284	0.073630	1039	
0.274905	0.263894	1734	
0.379820	0.418185	904	
0.644379	-0.102101	2768	
-0.031159	-0.569260	3697	
0.589109	0.193134	1805	
0.392576	0.261606	5180	
0.427525	0.267437	5650	
0.569077	-0.166560	5482	
0.228795	-0.461024	2109	
0.372546	-0.198292	5352	
0.436117	0.086140	3828	
0.433709	0.049304	4064	
0.376598	-0.222321	3312	
0.405308	-0.390405	3222	
0.386983	0.044803	4294	
0.105728	-0.452033	3927	
0.318229	-0.017686	957	
-0.061638	-0.637731	919	
-0.364841	-0.594162	874	
0.645625	0.264853	5365	
-0.509058	-0.521724	4631	
0.629461	-0.417198	2496	
0.609205	-0.477286	2352	
0.681684	0.414552	5067	
0.818998	0.102200	5287	
-0.089016	-0.854817	4668	
-0.863503	0.182612	2568	
-0.852603	0.257375	3489	
-0.482073	0.795578	6384	
0.863516	0.444026	5939	
-0.965907	-0.097773	6244	
0.349380	0.597098	5596	
0.122711	-0.187905	6494	
0.659650	0.118078	5223	
0.235632	0.127199	6294	
0.105039	-0.264288	2560	
-0.067948	-0.499293	4305	
0.198418	-0.248110	917	
0.517462	-0.365345	5538	
0.425420	0.311853	5387	
0.423244	0.269543	5650	
0.596914	-0.004058	2184	
0.232108	-0.473827	2335	
0.376720	-0.184550	5352	
0.473937	0.149096	1664	
0.456386	0.122806	1799	
0.425998	-0.026617	3248	
0.269443	-0.441954	2897	
0.479664	0.224585	1131	
0.186943	-0.381371	3868	
0.147687	-0.351949	3798	
0.043020	-0.376897	4083	
-0.019342	-0.279120	6881	
0.507683	0.453063	5215	
0.122552	0.743665	6329	
-0.583205	-0.467033	1467	
-0.755394	-0.147309	4658	
-0.541772	-0.583071	4256	
-0.054618	0.818614	6064	
-0.607095	0.588946	3459	
0.843694	-0.210487	2573	
-0.169194	0.875537	4071	
0.106107	0.926064	5285	
-0.963972	0.053480	6730	
-0.953838	0.181072	824	
-0.995247	-0.023853	450	
0.373931	0.496819	6743	
-0.206680	-0.615675	6503	
0.311738	0.348122	1890	
0.271064	0.084434	478	
0.296433	0.118393	6508	
0.097647	-0.615280	4338	
0.528862	0.285570	1694	
0.413529	0.272011	5946	
0.594387	0.045724	1895	
0.264709	-0.487572	1447	
0.379804	-0.173731	5352	
0.504444	0.143028	1205	
0.493424	0.133067	1205	
0.446961	0.078562	4080	
0.363189	-0.256434	2890	
0.559240	-0.152030	5914	
0.308268	-0.243512	2994	
0.086337	-0.460106	3628	
0.600684	-0.232088	5954	
-0.160488	-0.569414	6327	
0.603986	-0.325350	1344	
0.432171	-0.591743	5974	
-0.701641	0.232658	2538	
-0.215956	-0.754523	5654	
0.586702	0.522730	2066	
0.769947	-0.251044	2690	
0.252600	0.820159	5260	
-0.858556	0.040809	4036	
0.396737	0.803763	6958	
0.847555	0.380151	6335	
-0.710262	-0.601967	6843	
-0.808831	0.537081	6004	
-0.970224	0.220405	6395	
0.494983	-0.457144	2408	
-0.103192	-0.403802	523	
0.236840	0.176200	1724	
-0.134247	-0.577258	2013	
0.217243	-0.612407	4443	
-0.028443	-0.540764	3727	
0.607894	0.139476	4551	
0.421316	0.290575	1014	
0.580090	0.125239	1846	
0.291344	-0.482014	1688	
0.382504	-0.163623	5822	
0.531150	0.109947	3554	
0.503206	0.115179	2358	
0.453521	0.071258	4504	
0.417955	-0.092846	5794	
0.397735	-0.396118	3884	
0.381892	-0.027061	3908	
0.082923	-0.479939	3975	
0.339787	0.256421	1484	
0.096275	-0.653716	4513	
0.171744	-0.667299	2572	
0.074818	0.724694	4974	
0.663485	0.306547	4648	
-0.279911	0.707253	2073	
0.153952	-0.775328	6126	
0.231932	-0.779204	2477	
0.821984	0.182107	1970	
-0.440657	0.737655	3799	
0.756806	0.464368	5029	
0.360622	-0.854861	3899	
-0.925409	-0.096020	4196	
-0.600324	0.763056	5748	
0.158862	-0.154584	788	
0.514880	0.392004	2080	
0.257939	0.045006	3932	
-0.034344	-0.444499	798	
0.125450	-0.322449	3516	
0.628720	-0.039010	5696	
0.443948	0.302788	766	
0.557576	0.188390	4456	
0.300959	-0.479214	2315	
0.384925	-0.153986	5822	
0.548368	0.057828	3764	
0.512480	0.106648	2358	
0.445455	0.006559	5376	
0.433851	-0.015090	3989	
0.283380	-0.437394	2897	
0.411642	0.161598	1841	
0.110158	-0.466666	3927	
0.307090	-0.089612	3678	
-0.015689	-0.393511	1692	
-0.654913	0.201933	2482	
-0.387551	0.589483	3706	
0.677067	-0.287873	2775	
0.173941	0.760601	6093	
-0.724502	0.287042	3152	
-0.763586	-0.251415	2459	
0.184581	-0.824730	6861	
0.331628	0.803982	5364	
0.887641	-0.003279	5640	
-0.643654	0.652178	4139	
-0.915914	0.163756	3332	
-0.364461	0.899959	6462	
0.294433	0.415351	1281	
0.350384	0.482727	6771	
0.413775	0.441311	1170	
0.274627	0.020486	4026	
0.278440	-0.118348	6107	
0.465302	-0.428289	5234	
0.466000	0.304300	4498	
0.565065	0.174601	4210	
0.290751	-0.483646	1688	
0.389972	-0.134158	5812	
0.555688	0.009939	2446	
0.487530	0.111566	2614	
0.436126	-0.103982	5786	
0.437837	-0.036572	4904	
0.326648	-0.329913	1111	
0.472751	0.222446	1131	
0.130435	-0.446331	4053	
0.161613	-0.334204	3832	
0.625850	0.176115	4271	
0.364731	0.593618	873	
0.578805	0.379857	1556	
-0.017725	-0.748894	6500	
0.612490	0.434077	2471	
0.675325	0.372120	5515	
-0.652020	0.470769	4118	
-0.760878	-0.346903	5932	
0.848631	0.087947	5125	
0.780259	-0.423085	2675	
0.421471	-0.790725	3110	
-0.863840	0.345922	3905	
-0.142683	0.960595	6198	
-0.351491	0.928350	6778	
-0.035183	-0.304335	6858	
-0.023121	-0.356239	1350	
0.274829	0.194328	1962	
0.298729	0.055989	6051	
0.362790	-0.516742	3265	
0.486559	0.297789	4090	
0.573275	0.156834	1304	
0.276560	-0.488676	1447	
0.400304	-0.085471	5514	
0.556767	-0.022470	1564	
0.498715	0.105701	3726	
0.421906	-0.223190	5832	
0.428704	-0.123557	5340	
0.363738	-0.262678	3052	
0.576842	0.040809	3042	
0.167847	-0.409110	4179	
0.113952	-0.385804	1305	
0.280449	0.109802	6508	
0.349593	0.602391	5596	
0.689778	0.127375	5151	
-0.596173	-0.416101	1992	
0.699122	-0.285485	2943	
0.747814	-0.198782	3054	
0.381112	0.727850	1081	
-0.381609	0.742466	3362	
0.768294	-0.371155	2707	
0.452610	-0.763208	2492	
-0.363248	-0.823888	5171	
-0.812500	0.453406	804	
0.043178	0.970384	6647	
-0.169703	0.977505	6883	
0.330660	0.469552	6781	
0.243776	0.212137	1342	
0.476475	0.398273	1656	
0.297526	0.128445	6300	
0.314873	-0.546191	3665	
0.504676	0.286073	1415	
0.586986	0.116369	2006	
0.251471	-0.494408	3107	
0.409545	-0.015144	3248	
0.543535	-0.104839	2370	
0.454820	0.036369	4125	
0.450050	-0.235731	5222	
0.413257	-0.215226	5283	
0.388020	-0.211565	5295	
0.578222	-0.031453	1642	
0.172412	-0.405097	4179	
0.091838	-0.410731	1316	
0.225473	-0.188048	3346	
0.349306	0.600693	5596	
0.272579	-0.651783	4093	
-0.723435	-0.116053	3067	
0.502869	-0.563523	6109	
0.624118	-0.457569	3161	
0.556793	0.575443	6941	
0.649839	0.509505	4750	
0.425603	-0.738546	3800	
0.050575	-0.888303	4744	
-0.672838	-0.585345	4694	
-0.784910	0.499432	3376	
0.155490	0.958929	680	
-0.077600	0.988910	2033	
0.353598	0.584205	5596	
0.385901	0.493070	1524	
0.251124	0.237467	1200	
0.368365	0.401896	930	
0.297481	0.114104	6508	
0.311584	-0.547808	1569	
0.519102	0.272484	1768	
0.599012	0.056840	1895	
0.220358	-0.492742	2105	
0.431979	0.122409	1793	
0.542183	-0.106879	2195	
0.437833	-0.136807	2934	
0.480777	-0.200657	2299	
0.408646	-0.248060	1681	
0.395190	-0.196162	5404	
0.552988	-0.160215	5914	
0.196015	-0.384218	5571	
0.075421	-0.431453	1221	
0.025672	-0.394005	4083	
0.326685	0.473992	2715	
-0.499994	0.486967	2371	
-0.733259	-0.016995	2115	
0.450435	-0.606747	856	
0.560427	-0.534106	2026	
0.595291	0.532535	6292	
0.717826	0.406068	3806	
0.350035	-0.777446	3475	
-0.116843	-0.884055	3468	
-0.729290	-0.512069	4572	
-0.783305	0.501898	3376	
0.177728	0.955079	680	
0.058482	-0.236424	690	
0.011439	-0.319472	1514	
0.278216	0.209623	2248	
0.299957	0.000082	3433	
0.431592	-0.460472	5984	
0.528521	0.261007	1768	
0.593876	-0.095104	5880	
0.208954	-0.451109	4798	
0.529769	0.127557	4858	
0.538409	-0.103234	2370	
0.434519	-0.232250	5222	
0.522816	0.017574	1932	
0.440862	-0.258344	5326	
0.388596	-0.216242	5295	
0.555610	-0.151226	5914	
0.179177	-0.401839	5505	
0.072826	-0.434356	1221	
0.159389	-0.263430	2936	
0.354319	0.582872	873	
0.223155	-0.671120	4998	
-0.712043	-0.170022	4008	
0.538485	-0.529122	2461	
0.639930	-0.434757	2587	
0.524131	0.609182	4889	
0.646985	0.512639	4750	
0.445354	-0.726450	4469	
0.069372	-0.886793	4700	
-0.644027	-0.617421	4941	
-0.809425	0.458725	3040	
0.097279	0.966520	6924	
-0.122056	0.984383	5704	
-0.177671	-0.534649	639	
0.475691	0.409304	1656	
0.186788	-0.221285	814	
0.187866	-0.266786	5679	
0.596023	-0.202390	5944	
0.536263	0.250219	2410	
0.525315	-0.280519	1036	
0.289652	-0.329165	1056	
0.560896	0.001641	3216	
0.543426	-0.021208	1728	
0.496620	-0.162880	1929	
0.480324	0.042155	5046	
0.461390	-0.238859	1837	
0.381746	-0.234929	2908	
0.572140	-0.076411	2465	
0.152002	-0.432622	4247	
0.079444	-0.425136	2068	
0.284108	0.019743	4026	
0.351657	0.604478	5596	
0.668930	0.205184	2217	
-0.528345	-0.499589	6202	
0.731825	-0.186000	2852	
0.765840	-0.109054	2397	
0.252194	0.783087	5163	
-0.400290	0.732023	2663	
0.787750	-0.327455	3118	
0.512111	-0.724232	3944	
-0.291924	-0.851780	6138	
-0.854390	0.368608	3387	
-0.063091	0.969189	5863	
-0.269075	0.954981	6100	
0.196943	0.189271	431	
-0.072605	-0.366878	6105	
0.251559	0.117511	6931	
-0.089826	-0.593948	1608	
0.018073	-0.450257	4237	
0.624017	-0.074321	5446	
0.574036	0.172546	4210	
0.357900	-0.458031	3348	
0.389982	-0.122979	5797	
0.518978	-0.194558	2353	
0.462405	0.041481	4125	
0.493533	0.040332	5116	
0.462580	-0.134540	2934	
0.471623	-0.225923	1933	
0.373970	-0.254221	2908	
0.558348	0.116228	1834	
0.135586	-0.455583	4053	
0.101177	-0.395406	1258	
0.396636	0.408755	828	
0.350911	0.590981	5596	
0.498580	0.474692	4177	
0.138092	-0.729752	4049	
0.518715	0.547395	5211	
0.597013	0.487438	2112	
-0.724094	0.349923	3086	
-0.702665	-0.452937	4612	
0.823547	0.221859	1294	
0.830787	-0.312508	3326	
0.508738	-0.736966	4758	
-0.906824	0.208227	3645	
-0.282580	0.929015	1020	
-0.498419	0.858502	2441	
0.544130	0.364322	4323	
0.303284	0.361006	387	
0.242310	-0.612470	2271	
0.357542	0.333306	673	
0.059348	-0.609427	2197	
0.606401	0.116980	4365	
0.605582	-0.006152	2135	
0.218162	-0.502659	2385	
0.423452	0.109525	2884	
0.496812	-0.226925	2743	
0.434798	-0.194222	2595	
0.468758	-0.063720	5162	
0.465085	-0.150759	2149	
0.466709	-0.232820	1933	
0.343470	-0.315253	1589	
0.454512	0.210026	1272	
0.106584	-0.501409	4363	
0.223474	-0.254788	829	
0.010705	-0.648793	4330	
-0.683117	0.050308	3205	
-0.519236	0.475854	2961	
0.732354	-0.066000	3350	
-0.039724	0.766454	5716	
-0.776212	0.065774	3351	
-0.669875	-0.443480	4574	
0.338764	-0.771931	3279	
0.230045	0.837378	5022	
0.872082	0.164281	3701	
-0.704280	0.584937	3059	
-0.929815	-0.029973	3638	
-0.540925	0.806250	6378	
0.197145	0.190221	431	
0.108246	-0.213419	6950	
0.330452	0.380977	672	
0.156374	-0.253658	3730	
0.267823	-0.151529	5903	
0.510729	-0.365403	1004	
0.587043	0.159056	1854	
0.518968	-0.293834	994	
0.263018	-0.361593	1087	
0.562747	-0.023213	1642	
0.533947	-0.111416	2195	
0.511787	-0.120781	3140	
0.480115	-0.128808	1673	
0.469554	-0.160245	2149	
0.407368	-0.292674	5252	
0.306481	-0.391018	3742	
0.394721	0.045055	4294	
0.096879	-0.532575	1950	
0.314805	0.032874	6601	
0.594750	-0.292214	1442	
0.371965	-0.577601	2749	
-0.147812	0.703415	5228	
0.529897	0.499504	6201	
-0.510940	0.558889	2004	
0.422640	-0.662189	2270	
0.457256	-0.668286	3755	
0.740610	0.399269	2402	
-0.622317	0.591164	3653	
0.624402	0.632939	4884	
0.505546	-0.777405	3592	
-0.871575	-0.325479	5948	
-0.775925	0.583560	6634	
-0.951141	0.289803	6472	
-0.012037	-0.281071	3970	
0.282241	0.316248	6836	
0.005024	-0.653495	1361	
0.634292	0.115647	4505	
-0.012782	-0.515257	1712	
0.620903	-0.080623	5446	
0.605187	0.058260	1895	
0.293309	-0.493544	3550	
0.401705	-0.055280	5383	
0.482719	-0.262471	3029	
0.470810	0.065578	4540	
0.486883	0.019706	4880	
0.488006	-0.039090	3256	
0.456353	-0.153725	2575	
0.385154	-0.280635	2976	
0.398898	-0.387409	3884	
0.333482	-0.213609	3441	
0.074306	-0.545967	1197	
0.403824	0.359296	3685	
0.434653	0.442404	4633	
0.682565	-0.069306	5238	
0.670312	-0.292640	2606	
-0.729393	-0.109584	3067	
0.189589	-0.740515	5909	
0.328154	0.744484	1179	
0.807610	0.046558	3584	
-0.077254	0.846344	3771	
-0.829791	-0.221859	1293	
0.089534	0.889754	1395	
0.705976	0.604074	4565	
-0.495851	-0.790599	6519	
-0.935331	0.260090	1236	
-0.991543	-0.083646	2439	
0.195100	0.178007	405	
0.399291	0.486458	1368	
0.163179	-0.183069	611	
0.265531	0.233759	1494	
0.103227	-0.299737	3674	
0.298820	-0.036170	6933	
0.278435	-0.561695	4003	
0.612227	0.060968	2279	
0.568604	-0.202365	2244	
0.195852	-0.460068	4918	
0.479159	0.184181	1045	
0.459793	-0.274872	2607	
0.436890	-0.180571	2595	
0.473589	-0.078034	1419	
0.484056	-0.068076	1419	
0.480382	0.058431	5116	
0.378150	-0.262938	2976	
0.569547	-0.087189	2465	
0.188497	-0.404184	5505	
0.044010	-0.524813	1713	
0.077435	-0.630364	3236	
-0.132277	-0.445050	6746	
0.331019	0.659034	6534	
-0.277091	0.682768	5319	
-0.219490	-0.749525	5654	
-0.534768	-0.553960	5212	
-0.120446	-0.802682	1389	
-0.407460	0.704549	3774	
-0.792772	0.294939	2493	
0.862754	0.101843	4575	
-0.482772	0.747291	3315	
-0.239539	0.899193	5332	
-0.964454	-0.003497	648	
-0.956101	-0.168856	536	
-0.920974	-0.378076	2129	
0.190909	0.049036	1849	
0.290006	-0.608429	2036	
-0.009184	-0.289153	1654	
0.656596	-0.094939	4721	
0.387829	0.414250	828	
0.442851	0.384331	2986	
-0.001732	-0.492928	1516	
0.570329	-0.261280	5000	
0.610380	0.000647	2135	
0.359668	-0.463192	3394	
0.358751	-0.204110	3720	
0.521896	-0.199280	2353	
0.507476	-0.182949	2225	
0.497192	-0.153921	1929	
0.498697	-0.069300	3304	
0.497444	-0.125289	1819	
0.496288	-0.186193	2147	
0.318590	-0.366128	5684	
0.409561	0.137642	1830	
0.109350	-0.524642	4387	
0.122078	-0.367945	1359	
0.474229	-0.453540	5524	
-0.362913	-0.587415	874	
0.439692	0.541461	5245	
0.035446	-0.745476	6501	
0.738937	0.148928	4145	
0.772900	-0.021047	2328	
0.340989	0.749316	4993	
0.658602	0.496087	2514	
0.335282	-0.783654	2875	
-0.865359	-0.169263	2234	
-0.882671	-0.113619	3758	
-0.764297	0.530140	3032	
0.627932	0.741122	6430	
-0.845160	-0.477947	6474	
-0.306007	-0.628937	5214	
0.212237	0.238935	533	
0.540705	-0.399486	3018	
0.338417	0.422180	6403	
0.115831	-0.258682	2948	
-0.042106	-0.466239	4774	
0.277812	-0.134528	6359	
0.235192	-0.578183	3683	
0.616835	-0.032411	5696	
0.552526	-0.242654	3568	
0.184757	-0.486923	4984	
0.435409	0.153095	1605	
0.415249	-0.337511	5318	
0.481353	0.080228	4540	
0.512860	0.003066	1456	
0.493905	0.004804	4880	
0.454370	-0.085173	2487	
0.382710	-0.282339	2976	
0.482232	-0.296823	3096	
0.311705	-0.254895	2994	
0.091637	-0.560121	1345	
0.332385	0.245899	1382	
-0.142278	-0.616636	1376	
0.539351	-0.423978	3034	
-0.418217	0.578968	3242	
0.484175	0.551079	4847	
-0.433253	0.622041	4747	
-0.279229	-0.758725	1264	
-0.452781	-0.682070	1280	
0.520848	-0.660997	2019	
0.362014	0.789021	4629	
0.884762	0.066428	2853	
0.775115	-0.449860	2829	
-0.927063	0.076465	5174	
-0.324254	0.915268	590	
-0.434767	0.891855	5714	
0.191020	0.049155	1849	
0.665550	-0.103597	2768	
0.663950	0.081281	4965	
0.479691	0.405896	1340	
0.366012	0.396779	930	
0.434555	0.384852	2986	
0.014387	-0.465870	894	
0.508032	-0.366322	5358	
0.610473	-0.057113	3521	
0.355924	-0.466960	3394	
0.335570	-0.248173	3232	
0.546866	-0.135952	2381	
0.434179	-0.300983	5804	
0.453074	-0.059157	5162	
0.517378	-0.040804	2638	
0.469543	-0.179927	2103	
0.449232	-0.263762	2607	
0.326504	-0.362501	3184	
0.483897	0.207002	1029	
0.122933	-0.497365	4363	
0.035724	-0.491865	1684	
-0.053076	-0.517920	1604	
-0.089667	-0.372133	6468	
0.673923	-0.175439	1873	
-0.001445	0.745147	6488	
-0.750431	0.045904	3219	
0.637005	0.410288	4969	
-0.155008	0.780212	6125	
0.753789	0.290868	1202	
-0.157201	0.833774	2174	
-0.848341	-0.133211	1354	
0.183844	0.876528	5005	
0.926937	-0.048058	5329	
-0.776496	-0.512617	502	
-0.848630	0.471753	1238	
0.045314	-0.243364	908	
0.477911	0.416647	1340	
0.258901	0.039317	441	
0.082476	-0.318367	1772	
0.301648	0.069154	6051	
0.044266	-0.602654	1855	
0.602964	-0.138573	5414	
0.564611	-0.223357	2968	
0.185677	-0.503086	1802	
0.413357	0.071487	4396	
0.440445	-0.325541	3064	
0.465131	-0.259358	2607	
0.457580	-0.020531	5464	
0.444826	-0.167318	2213	
0.535187	-0.010661	1558	
0.359605	-0.317407	1061	
0.532812	-0.205726	2739	
0.304249	-0.268022	2555	
0.114141	-0.566791	1919	
0.311180	-0.033918	6353	
0.258754	0.089935	6448	
-0.637795	-0.233477	1764	
-0.136754	0.695946	5192	
0.426854	-0.600779	4748	
0.694639	0.288578	5693	
0.768834	-0.084345	3352	
0.541522	0.590926	4255	
0.762531	-0.310942	2518	
-0.521298	-0.675049	4881	
0.370384	0.801152	6343	
-0.688284	0.563298	3038	
-0.413531	0.833066	6190	
-0.910991	0.311719	542	
-0.956731	-0.165126	536	
-0.919134	-0.382115	2129	
0.463644	-0.486882	2008	
0.195850	-0.165392	549	
-0.095056	-0.634333	724	
0.361106	-0.537949	3265	
0.140116	-0.320472	3516	
0.373931	-0.500060	3611	
0.601280	-0.137340	5414	
0.453475	-0.391444	5998	
0.218781	-0.406938	4878	
0.476180	0.189966	1045	
0.391466	-0.361966	3436	
0.447769	-0.280493	5326	
0.527183	0.040602	2334	
0.533714	-0.063018	2454	
0.375971	-0.312982	4742	
0.346711	-0.403756	3544	
0.396418	0.035253	4294	
0.123306	-0.521552	4421	
0.030069	-0.504009	1684	
0.090061	-0.630054	4136	
-0.065199	-0.345285	1266	
0.382927	0.589016	1151	
0.707294	0.176833	4007	
-0.725863	-0.129714	3129	
-0.754214	0.053179	3219	
0.633180	-0.463462	2579	
-0.132705	-0.811311	1797	
0.654099	-0.528980	3175	
0.460644	0.730287	5374	
0.883554	-0.080389	4717	
0.090345	-0.891561	4700	
-0.908302	0.201004	3645	
0.069774	0.968875	6735	
0.023047	0.990612	5688	
0.311222	0.447164	6618	
0.212534	0.194429	531	
0.645497	-0.153001	5900	
0.417280	0.420087	1276	
0.448570	0.381318	3680	
0.023261	-0.455325	894	
0.499213	-0.372231	5358	
0.571101	-0.215278	2244	
0.275166	-0.509315	1369	
0.316529	-0.274001	2856	
0.549177	0.113426	1834	
0.373866	-0.372732	5042	
0.392198	-0.329706	5508	
0.411710	-0.311940	5252	
0.357269	-0.340687	1176	
0.343120	-0.401839	3656	
0.463246	0.203523	1272	
0.165831	-0.440442	5405	
0.113848	-0.570112	1919	
0.315417	0.179324	4592	
0.550287	0.334549	1250	
-0.617678	-0.277058	4376	
0.174521	0.705791	5201	
-0.080581	-0.748322	6460	
0.650290	-0.382171	1840	
0.284723	-0.722539	2074	
0.147430	-0.788335	6145	
-0.239666	0.779568	2145	
-0.596449	0.598221	4147	
-0.572985	-0.644400	4603	
-0.026946	0.892272	4405	
0.919849	0.123955	3879	
-0.766753	-0.527062	424	
-0.825477	0.511162	490	
-0.899162	0.422657	6387	
0.266777	0.361562	3749	
0.087235	-0.227772	636	
0.504881	0.384442	2098	
0.271902	0.148234	5851	
0.335125	0.284001	934	
-0.007227	-0.557909	3317	
0.527752	-0.326483	5442	
0.523732	-0.307579	994	
0.202831	-0.521038	1960	
0.380122	-0.132181	5812	
0.550556	0.111543	1834	
0.377589	-0.380274	3478	
0.346740	-0.380625	3656	
0.336671	-0.377531	3338	
0.373630	-0.389120	3532	
0.517237	0.176998	1509	
0.220682	-0.377416	915	
0.161056	-0.565464	3533	
0.139834	-0.340004	2894	
0.284765	0.204961	2248	
-0.219089	-0.592548	6226	
-0.450528	-0.485304	593	
0.533395	0.488547	6201	
-0.714619	-0.179195	4008	
-0.721448	0.227627	2811	
-0.116934	-0.791437	4756	
-0.691807	-0.406364	5256	
-0.549925	-0.635148	1352	
0.817034	-0.242382	2413	
-0.627584	-0.622539	4893	
-0.888624	-0.043710	3354	
-0.706875	0.604268	3059	
0.266894	-0.930688	1019	
-0.920928	-0.307330	412	
0.254432	0.335703	3973	
-0.202071	-0.623430	6283	
0.371079	0.430824	818	
0.217739	-0.189355	3302	
0.302726	0.132286	6300	
0.011796	-0.585123	1091	
0.534770	-0.306725	994	
0.482095	-0.364917	1002	
0.182991	-0.516947	1802	
0.367596	-0.167543	5838	
0.490677	0.192403	1117	
0.487174	-0.273222	3029	
0.427808	-0.345543	3154	
0.566664	-0.087524	2023	
0.434491	0.177299	1116	
0.235270	-0.362133	936	
0.169364	-0.555819	4378	
0.025874	-0.513877	1698	
0.436265	-0.474227	1244	
-0.126028	-0.647765	740	
0.626147	-0.280523	2594	
-0.628925	-0.301623	4828	
0.638340	-0.365409	1840	
0.750850	0.066840	1952	
0.514344	-0.577961	2289	
0.176399	-0.781670	6161	
0.026178	0.821172	4400	
-0.415270	0.736442	3902	
-0.851104	-0.112298	5066	
0.364069	0.819290	5172	
-0.527833	-0.759806	617	
-0.903194	-0.222265	3812	
-0.481084	0.843373	6616	
0.250643	0.327708	3973	
0.446092	0.447875	4813	
0.319575	0.361200	2060	
0.055568	-0.346294	1859	
0.298023	-0.080640	461	
0.111407	-0.598978	3306	
0.511587	-0.342397	1004	
0.452201	-0.399985	5574	
0.185759	-0.523012	1960	
0.280738	-0.319483	2325	
0.406855	0.063837	4396	
0.478185	0.195858	1045	
0.458652	0.192565	4296	
0.374408	-0.126402	2718	
0.166801	-0.445489	5353	
0.186380	-0.554197	4378	
0.021654	-0.542943	1159	
0.567254	0.270735	1600	
0.390862	-0.534812	3909	
-0.634181	-0.241905	1774	
0.448745	0.529841	4795	
-0.646014	0.347015	1757	
-0.732598	0.169678	2480	
0.074399	-0.763557	3888	
0.781032	0.084598	4017	
-0.293914	-0.773856	1449	
-0.289327	-0.803534	5402	
0.791907	-0.314086	2642	
-0.879315	0.037145	5920	
-0.860608	0.226015	2574	
-0.515233	0.774092	5035	
0.884065	0.319417	6399	
-0.970454	-0.026952	450	
-0.973914	-0.203124	6710	
-0.044943	-0.306813	6858	
0.233932	0.222044	6182	
0.272322	0.253182	2092	
0.028765	-0.374649	4283	
0.290917	-0.109507	5769	
0.088003	-0.598197	4338	
0.477268	-0.388281	5382	
0.440120	-0.414973	3211	
0.215748	-0.526784	1313	
0.183046	-0.440581	5405	
0.261372	-0.338934	2287	
0.303106	-0.284523	2856	
0.221140	-0.382961	936	
0.146253	-0.516472	5043	
0.222851	-0.551179	1462	
0.021539	-0.546817	1227	
0.374157	0.333907	3462	
0.262508	0.041455	3932	
0.363800	0.590005	873	
0.095841	0.705402	4800	
0.550065	0.469045	652	
-0.736938	0.051164	3349	
-0.404397	0.641654	837	
0.555020	0.535813	6915	
0.524256	0.608284	4889	
-0.782763	0.220300	2669	
-0.694243	0.481068	4523	
-0.755741	-0.407298	3709	
0.223355	0.867737	4874	
-0.657083	-0.646915	4843	
-0.910041	-0.192047	4132	
-0.337774	0.910359	6270	
-0.195451	0.971484	504	
-0.113507	-0.412412	6840	
0.238895	0.023284	877	
0.261793	0.218333	1200	
0.042306	-0.360738	1859	
0.307007	-0.023991	6353	
-0.002908	-0.549737	2259	
0.391805	-0.477732	3796	
0.459583	-0.404435	5574	
0.324968	-0.499279	3602	
0.216265	-0.535790	1462	
0.163463	-0.520386	4862	
0.184741	-0.540816	4378	
0.225953	-0.544078	1313	
0.215832	-0.561152	3618	
0.020488	-0.517810	1698	
0.537043	0.311753	1810	
0.197011	-0.189588	3302	
0.365202	0.595811	873	
-0.159342	0.670518	5150	
-0.447701	0.575795	6221	
0.617775	0.386635	3491	
0.712643	0.240880	1463	
0.078378	-0.777024	3888	
-0.616716	0.492653	2545	
0.808479	0.021132	3791	
0.775921	0.324296	1887	
0.544347	0.662218	4830	
0.509265	-0.725347	3944	
-0.867941	-0.195143	2732	
-0.672705	0.642004	6072	
0.695813	0.635959	6918	
-0.968599	-0.066309	5844	
-0.980527	-0.167340	630	
-0.103094	-0.394552	523	
0.232113	-0.061914	6808	
0.289595	0.297669	1726	
0.113469	-0.296926	3674	
0.327519	0.257785	1484	
0.021928	-0.473033	906	
0.166513	-0.590429	3779	
0.392974	-0.469927	3796	
0.394677	-0.466266	3796	
0.347941	-0.492475	3540	
0.327423	-0.509399	3602	
0.268038	-0.543238	3596	
0.098758	-0.585874	1489	
0.136409	-0.340926	2894	
0.547569	-0.341088	2620	
0.629364	0.189338	1631	
0.349291	0.597864	5596	
0.270406	0.667200	1451	
-0.522184	0.485683	3278	
0.601366	-0.423521	1762	
0.557591	-0.507819	2029	
0.545894	0.526810	6815	
0.589525	0.517991	2066	
-0.405474	-0.716793	858	
-0.662112	0.504485	3538	
-0.091047	-0.853167	4668	
0.818273	0.289820	4253	
-0.344964	0.820467	3294	
0.922217	-0.101831	5723	
-0.815546	-0.447583	4234	
-0.591108	0.770184	5748	
-0.387592	0.912357	548	
-0.082037	-0.359808	6455	
0.223357	0.147360	6902	
0.390702	0.439853	1170	
0.279701	0.002865	621	
0.507893	0.344294	4520	
0.187985	-0.280147	5629	
0.008374	-0.554625	1227	
0.097174	-0.595161	3072	
0.211469	-0.572374	3618	
0.173669	-0.581168	3533	
0.039039	-0.578434	2169	
0.082254	-0.396004	1166	
0.312224	0.158426	5142	
0.254182	-0.133624	5903	
0.249092	0.058857	1039	
0.349490	0.596381	5596	
-0.364882	0.582165	2750	
-0.528690	0.478503	3370	
0.393096	-0.623679	6000	
0.145081	-0.746665	4261	
0.011421	-0.769408	4919	
-0.012050	-0.794752	4211	
-0.307134	0.743407	2347	
0.144755	-0.811231	6151	
-0.734327	0.417422	2028	
-0.845956	-0.144265	5038	
0.612364	0.644446	5280	
0.410646	-0.794261	3395	
-0.915342	0.165190	3332	
0.970331	0.012087	413	
-0.890191	-0.387722	1292	
0.078240	-0.220962	636	
0.599707	0.276029	3083	
0.644757	0.138672	4567	
0.565596	0.301762	1476	
0.286862	-0.577460	3403	
0.348525	0.304114	796	
0.264098	-0.177817	3223	
0.165438	-0.304977	4176	
0.160425	-0.310322	4174	
0.265657	-0.178417	3223	
0.367748	0.330323	3997	
-0.070154	-0.548643	2365	
0.102978	-0.276591	2560	
-0.187186	-0.554656	6692	
-0.445780	-0.487488	593	
-0.096284	0.696955	4536	
0.598433	-0.407990	2602	
0.557060	-0.480467	2187	
0.093242	-0.756509	2817	
-0.613065	-0.433787	2472	
-0.718436	0.295393	3152	
0.362070	0.738021	5059	
-0.365352	0.726667	3362	
-0.166655	0.831440	5188	
-0.387871	0.765732	3560	
0.718892	-0.518399	4475	
-0.886135	-0.076490	2854	
-0.460374	0.807884	6372	
-0.228051	-0.905713	5040	
-0.925822	0.292230	584	
0.302318	0.430086	5965	
0.053358	-0.248233	908	
0.009496	-0.659138	1361	
-0.045857	-0.428627	798	
0.275010	0.138900	5851	
-0.077012	-0.580066	2055	
0.593321	-0.255531	5884	
0.602002	-0.234349	5954	
-0.031316	-0.621430	1101	
0.276380	0.147085	5851	
0.211097	-0.169459	763	
-0.087389	-0.438165	738	
0.362865	0.587170	873	
0.667710	0.144824	4065	
0.283077	0.685820	646	
0.608431	0.392362	3491	
0.702990	0.206707	1553	
0.475451	-0.586061	6036	
-0.477665	-0.593167	5139	
-0.545443	0.552397	2391	
0.688384	0.400773	5255	
0.359475	0.748334	5059	
0.563551	0.628946	3769	
0.646850	0.556214	447	
-0.746656	0.459322	2458	
-0.656624	0.599371	3469	
0.806394	0.459857	4233	
-0.786456	-0.496736	402	
-0.493088	0.836400	6616	
-0.595029	-0.767987	5895	
0.356137	0.503831	6763	
-0.146141	-0.657104	722	
0.561287	-0.360094	2836	
0.532388	-0.394288	3018	
0.253440	0.164070	3982	
-0.005490	-0.374934	1997	
0.011679	-0.355586	1944	
0.348063	0.405858	1047	
-0.131117	-0.548130	1780	
0.242263	0.277312	6214	
0.362901	0.587338	873	
0.679631	-0.094451	1213	
0.634308	0.270590	4375	
-0.525081	-0.447789	6594	
-0.639436	0.358263	1401	
0.111793	0.747287	6325	
0.749522	-0.081132	1835	
0.678933	-0.338673	2534	
-0.744090	-0.221137	2342	
0.601328	0.523758	6292	
0.496112	0.648672	3360	
0.814880	0.207474	1294	
0.819546	-0.230362	2455	
0.503476	0.715980	5892	
-0.366206	0.811002	3808	
-0.454170	-0.806440	6497	
-0.917042	-0.154603	6732	
0.575516	0.782840	6817	
-0.834708	-0.495913	4546	
-0.108791	-0.667823	5073	
0.224932	0.249401	389	
0.147221	-0.656875	4507	
-0.162821	-0.531851	559	
0.488721	-0.458439	2408	
0.138826	-0.193198	580	
0.221512	0.240105	1163	
0.365338	0.596408	873	
-0.515142	-0.420208	1591	
0.677591	0.095680	4965	
0.626363	0.286697	4793	
-0.236348	0.666610	5912	
0.593286	0.413839	1991	
0.447703	-0.584738	5974	
0.711026	0.220461	1955	
-0.280441	0.706971	2073	
-0.671039	-0.369070	5516	
0.289812	-0.731079	2054	
0.057524	0.811426	1766	
0.177472	0.808000	1414	
0.782755	0.306767	3181	
0.779247	-0.341564	3118	
0.769897	0.400613	4316	
-0.148877	0.878834	4547	
0.891787	0.089619	3487	
-0.927523	0.067801	5174	
-0.882828	-0.387485	4960	
-0.962423	-0.127587	6624	
0.364013	0.590747	873	
0.249038	0.324247	3973	
0.349690	0.595338	5596	
0.349237	0.598587	5596	
0.361574	0.602556	5596	
-0.399298	-0.543502	968	
0.673766	0.117164	5151	
0.401184	0.544899	967	
-0.368762	0.593931	3706	
-0.609741	0.351283	1646	
0.726009	-0.082981	2096	
-0.393707	-0.652592	970	
-0.049031	0.744644	6060	
0.665005	-0.354879	2701	
-0.755283	0.030902	3385	
0.756929	-0.156534	3080	
-0.036672	0.797569	6578	
-0.789703	0.145417	3397	
-0.616756	0.527510	2539	
0.387695	0.763707	512	
0.844010	-0.110730	1627	
0.748839	0.438723	4531	
-0.090174	0.887225	4270	
0.692231	-0.565734	3037	
-0.901340	0.229734	6301	
0.652984	-0.664938	6661	
-0.961603	0.134084	6973	
-0.797678	0.589941	6148	
-0.444491	-0.891646	2082	
0.349342	0.600939	5596	
0.364985	0.594768	873	
-0.308664	-0.652583	5333	
0.614571	0.285454	3083	
0.367084	0.615443	5936	
-0.321137	0.621516	2566	
-0.053033	0.709684	4166	
-0.031176	-0.716325	4824	
0.082017	0.745049	6459	
-0.138110	-0.743911	6330	
-0.009328	0.747996	6486	
0.138324	-0.747954	4261	
-0.592190	0.470983	3878	
-0.207738	0.740846	4785	
-0.704506	0.325552	3062	
-0.194938	-0.790173	4868	
0.177971	-0.792145	6439	
0.816247	-0.100966	4607	
-0.435537	0.723891	3799	
0.496288	0.702362	5418	
0.365105	0.801457	6343	
-0.229968	0.860441	3262	
0.705728	-0.548687	4855	
-0.892126	0.263132	6203	
0.161445	-0.918042	5652	
-0.925113	0.294434	584	
-0.602058	0.787603	5748	
-0.525119	-0.846500	5702	
0.352256	0.587395	5596	
0.600638	0.310275	1941	
-0.077955	0.686072	4193	
0.617159	0.320365	3911	
-0.510721	-0.462908	5774	
0.618468	-0.389058	2418	
-0.722441	0.122674	1430	
0.714236	-0.174984	2175	
-0.625687	-0.381282	3492	
0.402367	-0.639122	838	
-0.570891	0.496744	2188	
0.758179	0.016695	2182	
0.553811	0.536747	6915	
-0.163208	0.777854	6125	
-0.315072	0.739609	2231	
0.600145	0.541383	6532	
-0.577263	-0.605736	4730	
-0.840570	0.081186	4327	
-0.674631	0.529110	3226	
-0.848553	0.221814	2574	
-0.499872	0.735378	4757	
0.873614	0.199911	2159	
-0.917212	0.153687	6724	
0.194477	-0.911480	4199	
-0.913870	0.327793	514	
-0.430606	0.892364	5714	
0.350471	0.603575	5596	
0.514768	0.422631	1592	
-0.549219	0.430301	3736	
-0.311994	-0.675864	495	
-0.110754	0.731689	4317	
-0.012694	-0.747819	6500	
0.058824	0.749572	6433	
0.384851	0.675012	6090	
0.751316	0.050018	1891	
-0.708170	0.265995	2797	
0.532021	0.540015	5211	
0.576769	0.510328	2066	
0.339996	0.737989	4993	
0.770901	0.196603	4709	
0.632074	-0.501594	2546	
0.290953	-0.767233	3643	
0.279530	0.810739	5401	
0.408557	-0.745988	2923	
-0.699615	-0.496956	4243	
0.862610	-0.204655	2847	
-0.787605	0.412826	2842	
-0.219299	-0.899872	4776	
-0.926566	-0.078306	3874	
0.727256	-0.582777	6324	
-0.945135	0.221936	6441	
-0.468703	0.872972	5734	
0.460703	0.475573	594	
0.398147	0.550724	5473	
-0.684929	0.036107	2753	
-0.543438	0.447198	3736	
-0.004065	0.744266	6488	
0.603345	-0.420044	1762	
-0.548071	-0.484520	6452	
0.503076	-0.561725	6109	
-0.328486	0.684846	731	
-0.594227	-0.458836	1467	
0.156213	-0.762409	6126	
-0.194463	0.755985	895	
-0.208297	0.765881	895	
0.614093	0.506985	4820	
0.351414	-0.728549	3111	
-0.760022	0.285339	3149	
0.632830	-0.552094	3169	
-0.840466	-0.079252	5350	
-0.095419	0.854392	4141	
0.539475	0.686034	5056	
0.284890	0.849793	6137	
-0.811264	-0.364218	6314	
0.639548	0.673873	6444	
-0.857884	-0.359036	6670	
-0.795456	-0.544781	709	
-0.970818	-0.003721	414	
-0.663155	0.736794	6217	
-0.625840	-0.326000	2973	
0.706715	0.176276	4007	
-0.731196	-0.030828	2071	
0.595634	0.418382	1991	
-0.136368	-0.748689	6330	
0.658588	0.357801	3141	
-0.754395	-0.040619	2433	
-0.219524	0.736455	691	
0.571981	0.515771	6232	
0.542028	-0.565184	2790	
-0.788215	-0.020256	3089	
-0.460028	0.656936	2802	
0.807394	-0.019072	3372	
-0.811731	-0.006699	3792	
0.486565	-0.684449	4909	
-0.823638	0.185912	4273	
0.724226	0.447640	4927	
-0.341814	-0.802252	5347	
0.841276	-0.278991	3160	
-0.674556	0.578861	3192	
0.699320	-0.555980	3037	
-0.711610	0.598269	3059	
-0.599457	-0.712801	4825	
0.370609	0.898252	6195	
-0.911758	-0.333657	6930	
-0.889316	0.439953	6888	
-0.489028	0.570432	5658	
0.497382	-0.566630	6109	
0.509201	0.555043	5816	
-0.754818	-0.033048	2761	
0.401444	0.674288	969	
0.675537	0.368492	5515	
0.508291	-0.595997	2267	
-0.729555	0.299783	3288	
-0.065853	0.806032	949	
0.262104	-0.766382	2860	
0.150490	0.812067	1388	
0.660095	0.489245	4766	
0.765145	0.346981	5931	
-0.838304	-0.097918	5126	
0.671275	0.524480	6517	
-0.528267	-0.683022	5055	
-0.585845	-0.660915	5117	
-0.336315	0.823810	3294	
-0.650483	-0.608047	4777	
0.853601	0.363310	6669	
-0.901677	-0.227278	6086	
0.117436	-0.924691	6892	
-0.737488	0.631494	458	
-0.664889	-0.708007	637	
-0.989233	-0.089873	2439	
0.725034	0.260490	1223	
0.257928	0.757935	5120	
-0.640862	-0.432585	5012	
-0.156623	0.778884	6125	
0.183660	-0.777833	1808	
-0.558133	0.574680	2789	
0.524835	-0.612935	2631	
0.020256	0.820416	4450	
0.777104	0.265673	3845	
0.691511	-0.475878	4524	
-0.730631	0.422197	2028	
0.261479	-0.810017	1710	
-0.324810	0.792986	2431	
0.204950	-0.839145	2547	
0.114059	-0.879549	4613	
-0.308697	0.834694	2913	
-0.821946	-0.338875	5986	
-0.126521	-0.916242	5494	
-0.911370	0.184934	3711	
-0.499002	-0.787967	6519	
0.890094	0.386520	1291	
-0.966301	-0.093594	6244	
-0.267243	-0.934185	5878	
-0.714203	-0.692798	6061	
-0.193523	-0.800053	1348	
0.537540	-0.601557	2916	
0.629739	0.504592	4820	
-0.237753	0.778890	2145	
0.050931	-0.821792	6063	
-0.741701	-0.375823	6194	
0.350099	0.782327	4629	
-0.841754	0.058839	3519	
0.461379	-0.713212	4469	
-0.065488	0.856862	4227	
-0.530246	-0.680930	5055	
-0.220189	0.845663	2332	
0.670242	0.581504	4693	
-0.662882	0.592027	3529	
-0.637133	-0.622111	4883	
0.051660	-0.922878	6739	
-0.885378	0.284450	3453	
-0.624080	-0.690890	6769	
0.244705	0.912207	6082	
-0.900180	0.363653	460	
-0.612385	-0.754080	861	
-0.986882	0.107413	5752	
-0.322115	-0.942506	5638	
-0.511910	0.670666	2020	
-0.758544	0.369441	2636	
-0.838040	-0.096020	5126	
-0.482610	-0.703664	5417	
0.798921	-0.290008	3662	
-0.068412	0.856503	4227	
-0.799000	-0.310000	3182	
0.668832	-0.543499	3225	
-0.869495	0.100671	4662	
0.613792	0.641973	5280	
-0.575553	0.677256	2983	
-0.875829	-0.151433	3702	
0.660201	-0.600714	3470	
0.615140	0.696229	5020	
-0.927813	-0.059754	3874	
-0.522262	-0.772255	6239	
0.456488	0.824397	6824	
-0.825962	0.510380	490	
-0.764382	-0.598982	5589	
-0.579868	-0.809015	5636	
0.784410	-0.358033	3027	
0.839513	0.205160	1399	
-0.072781	0.871129	4699	
-0.862248	-0.152195	2800	
0.874798	-0.138448	2219	
0.213025	0.869449	4923	
-0.567900	0.683584	2983	
-0.876806	0.146937	2600	
-0.594356	-0.664219	5209	
0.885206	-0.124200	2219	
0.761938	0.529107	423	
-0.905782	0.210318	3645	
-0.730767	-0.575351	718	
-0.081998	-0.929154	4708	
0.790625	-0.557994	6135	
-0.929662	0.279786	677	
-0.715540	-0.656688	6905	
-0.749477	0.648278	5766	
-0.067960	-0.993899	1561	
-0.772245	-0.439987	4600	
-0.693800	-0.556364	426	
-0.441936	-0.779754	5391	
0.138474	-0.882717	4548	
0.870137	-0.202868	2847	
-0.524143	-0.756090	617	
0.378622	0.851541	872	
-0.849922	0.377275	3009	
-0.852972	-0.370047	6802	
-0.555719	-0.747844	6645	
0.028705	-0.931789	6697	
-0.957576	-0.060252	5844	
-0.730212	0.639876	458	
-0.923106	-0.300661	412	
-0.397748	-0.886394	6196	
-0.929692	0.344960	5866	
-0.734650	-0.570160	718	
-0.710418	-0.600324	4566	
-0.639448	-0.676170	6443	
-0.532752	-0.764682	595	
-0.328774	-0.874051	6131	
-0.018225	-0.932164	6754	
0.428240	-0.826696	3699	
-0.837190	0.457270	466	
-0.287097	0.927630	1020	
-0.954120	0.179649	824	
-0.850263	-0.468830	6474	
-0.389308	-0.890178	6196	
-0.755835	0.640395	5766	
-0.895640	-0.430165	1974	
-0.243338	-0.965480	859	
-0.873704	0.423397	430	
-0.897036	0.371291	460	
-0.945883	0.218773	6441	
-0.970789	0.010667	5520	
-0.938292	-0.249186	6622	
-0.813994	-0.529343	846	
-0.590909	-0.771180	5895	
-0.225736	-0.944976	6450	
0.115189	-0.964331	5500	
-0.991753	0.024282	5744	
-0.688038	-0.717660	1535	
-0.991522	-0.001711	2653	
-0.991215	-0.030102	450	
-0.940035	-0.318871	468	
-0.814050	-0.569492	1814	
-0.536561	-0.837488	5620	
