time = 440.6	Re = 90
-0.515871	0.774056	6323	
0.440885	0.287521	682	
-0.255654	-0.896372	6697	
-0.186052	-0.626928	1361	
-0.763173	-0.260328	4346	
-0.039395	-0.787069	896	
0.177460	-0.474971	2838	
0.752167	-0.050149	4040	
0.548395	-0.542652	2719	
0.024381	-0.626135	4529	
-0.413718	0.612747	2532	
0.751995	0.040612	5007	
-0.113178	-0.431539	4237	
0.611511	0.427195	5096	
-0.015516	0.761216	1005	
-0.192911	-0.425707	4774	
0.834186	0.411915	4844	
0.953378	0.183940	6473	
-0.434033	-0.826013	6453	
-0.187839	-0.526261	3317	
0.313628	0.640163	4822	
0.576256	0.077503	2410	
0.409775	-0.333849	2299	
0.184209	-0.450673	5131	
0.204349	-0.161780	6657	
-0.769889	-0.446423	5279	
0.353775	-0.047899	2172	
-0.124820	-0.331577	1350	
-0.324864	0.800682	2586	
-0.013606	-0.237950	690	
-0.159919	0.957744	6804	
0.114976	-0.296145	917	
0.288292	0.821896	4886	
0.345882	0.726770	1390	
-0.205928	-0.683091	4231	
0.187031	-0.243927	1253	
-0.650738	-0.446361	5231	
0.681573	0.637530	6498	
-0.795416	0.556628	584	
0.263842	0.030514	6779	
0.348755	-0.249761	5343	
-0.091095	-0.454217	998	
0.818215	0.567764	1453	
0.317494	0.134765	1200	
-0.227114	-0.456766	2078	
0.547414	0.155404	1246	
0.612571	0.119489	1810	
0.042183	-0.373529	3798	
0.756009	-0.261865	3372	
0.176621	-0.349346	2253	
0.088976	0.927189	4200	
0.065665	-0.294426	3730	
-0.212090	0.768174	2668	
0.532413	-0.020180	3310	
0.071781	-0.216635	580	
-0.291975	0.792080	2020	
-0.405986	0.740739	3459	
-0.732127	0.352274	4491	
-0.628727	-0.740816	6196	
0.212524	-0.333189	2766	
-0.581742	-0.590003	6609	
0.163732	-0.562143	3137	
0.522025	0.451277	873	
0.631371	-0.625843	2841	
-0.968588	0.066105	1120	
0.607988	-0.566019	2635	
0.477611	0.095122	2467	
-0.963097	0.122775	536	
-0.035903	-0.366280	3551	
-0.144442	-0.358849	1692	
0.505986	0.170399	5387	
0.278747	0.956250	1791	
0.573047	-0.168258	2017	
-0.050702	-0.760367	6178	
0.289098	-0.430560	5508	
0.334323	-0.722387	2570	
0.351139	0.905691	6735	
0.248797	-0.219957	3026	
0.588403	-0.666293	2649	
0.642246	-0.240721	2754	
-0.712490	-0.236601	2472	
-0.266560	-0.762180	3781	
-0.662406	-0.710698	1212	
0.071036	-0.331926	3528	
0.509931	0.264103	1978	
-0.851237	-0.099246	5926	
0.523789	0.453613	873	
0.831919	0.017923	3845	
0.491881	-0.478269	1644	
0.657076	0.214298	1392	
-0.336831	-0.695657	6326	
0.496747	-0.394863	5954	
0.447749	-0.456910	5648	
0.962982	-0.123706	535	
0.370927	-0.364886	1933	
0.207928	-0.783678	4013	
0.119378	-0.196102	790	
-0.708772	-0.542786	5941	
-0.400407	0.617159	2734	
0.605401	0.329417	4898	
0.121540	-0.461880	2902	
0.290069	-0.133970	6173	
-0.399084	-0.885646	5567	
0.239984	-0.401829	2695	
0.545665	0.401647	967	
0.104944	-0.494388	2235	
0.064327	-0.570529	1313	
-0.928487	-0.284245	840	
0.747078	0.367074	5867	
0.224039	-0.299893	3082	
0.425352	0.722885	1347	
-0.374997	-0.812263	3468	
0.001806	-0.631388	3743	
0.521222	-0.124236	2334	
0.460211	-0.089985	4125	
-0.044850	-0.847375	6526	
-0.682684	-0.395660	4256	
-0.315045	0.918341	5748	
-0.763001	-0.458747	5209	
0.279228	-0.887589	5010	
-0.489293	-0.733822	5315	
-0.648310	-0.389817	5815	
0.257917	-0.040828	441	
0.506193	-0.054997	3726	
-0.019966	-0.890485	6791	
-0.752370	-0.038162	5008	
-0.362477	-0.686779	6340	
-0.316582	0.830509	2694	
-0.051738	-0.659400	4835	
0.005369	-0.639800	3743	
0.041812	0.687844	4508	
0.622953	-0.516407	2452	
-0.373940	-0.487154	2858	
0.410369	-0.075536	4064	
0.314223	0.685725	6409	
0.461886	0.206434	3462	
0.629532	-0.771289	2673	
-0.753011	0.612821	460	
-0.503512	0.606759	2760	
-0.576735	-0.782085	4985	
-0.795207	0.396124	2220	
0.541714	-0.596839	3047	
0.536202	-0.166514	3216	
0.852160	0.244327	4921	
-0.056170	-0.635327	4061	
-0.842402	-0.282279	4569	
0.051212	-0.227890	5699	
0.702694	-0.471502	2413	
0.390228	-0.446110	5578	
-0.532653	-0.622372	1377	
0.087001	-0.409293	5571	
0.824822	-0.557555	6154	
-0.735780	-0.014042	1464	
0.150259	0.846240	3693	
0.044506	-0.457855	5511	
0.448181	-0.583523	1762	
0.720375	0.464318	3092	
-0.685576	-0.353089	6916	
-0.401976	-0.668822	6094	
0.046270	-0.626142	4357	
-0.071860	-0.624539	4019	
-0.330082	-0.512268	1615	
0.347702	0.237443	6717	
0.803616	-0.469240	3646	
0.540565	-0.757327	6571	
0.550184	0.314358	4813	
-0.259215	-0.622279	979	
0.555009	-0.135806	2436	
-0.791159	-0.055879	1066	
0.769411	0.342049	6415	
0.320506	-0.135629	3324	
-0.413902	0.694391	2807	
0.535456	-0.132094	4390	
-0.584245	-0.482631	964	
-0.769970	0.291669	3197	
-0.212852	-0.681252	4231	
0.489756	0.117586	5650	
-0.861809	0.215584	3354	
-0.945315	-0.221530	4546	
-0.099507	-0.650902	4513	
0.569178	0.256219	1656	
0.679091	0.728246	2081	
0.817810	-0.211984	5717	
0.779269	-0.215629	3621	
-0.660468	-0.548353	5373	
0.491957	-0.204903	2638	
0.443954	-0.381570	3227	
-0.524793	-0.565094	951	
0.689801	0.096305	4827	
-0.468109	0.567687	2417	
0.210565	-0.728184	1106	
0.454705	-0.432395	5000	
0.273919	-0.809197	4909	
0.369389	-0.853920	6264	
0.250378	0.897845	6698	
0.296906	-0.057353	6513	
-0.531116	0.538699	2702	
-0.270200	-0.401896	6966	
0.938081	-0.332840	5749	
0.089620	-0.453675	4878	
0.125396	-0.922239	5847	
-0.740086	0.323601	2737	
0.186159	0.829127	3771	
-0.068440	-0.572731	1919	
0.368891	-0.463530	5578	
0.559367	-0.188793	2184	
0.208177	-0.156302	6657	
0.887226	0.395020	6906	
-0.576399	-0.534841	6287	
-0.104234	-0.592231	4286	
0.433486	0.089499	1903	
0.388843	0.182039	1928	
-0.095392	-0.328044	1944	
-0.650751	-0.169421	4022	
0.209297	-0.443931	3184	
-0.745205	0.236387	2735	
0.740595	0.130606	4391	
-0.677408	0.285544	1851	
0.254109	0.002627	1039	
-0.421380	0.829681	6662	
-0.382173	-0.696719	5154	
0.767883	0.446255	5118	
-0.033699	-0.417774	1316	
-0.967902	0.075782	1120	
0.560800	0.105158	1443	
0.098344	-0.251682	5810	
0.614592	0.409792	4905	
0.552442	0.662138	5294	
-0.275813	-0.931315	6310	
-0.221238	0.970946	2441	
-0.398975	-0.723228	1413	
0.466946	0.325607	6303	
-0.388586	-0.544424	6283	
-0.116172	-0.680347	4425	
-0.365356	-0.718588	1389	
0.352861	0.254182	3381	
0.170730	-0.352114	2253	
0.160869	-0.278317	2960	
0.807122	0.028390	4779	
0.164950	-0.785150	3065	
0.362942	0.194920	1726	
0.687430	0.720144	2081	
0.389310	-0.365598	1933	
-0.930092	0.013337	6098	
0.419987	-0.337152	2251	
0.731129	-0.575223	3972	
0.066981	-0.736353	720	
0.136763	-0.527573	2727	
0.628826	0.280494	5773	
0.995517	0.001356	411	
0.029741	-0.576877	4354	
0.542487	0.089604	2428	
0.505647	-0.330448	1084	
0.983649	-0.154681	629	
-0.767991	0.593974	514	
-0.674636	0.406602	4023	
0.879325	-0.126450	3701	
0.100131	0.740188	4050	
0.680645	-0.147306	5661	
0.555196	-0.796488	6633	
0.067266	-0.298749	2936	
-0.586492	0.553203	3086	
0.073413	-0.542899	1508	
0.481158	-0.370933	2244	
-0.000650	-0.776799	608	
0.254234	0.855600	4625	
0.916017	-0.161898	3879	
-0.839899	-0.162367	3709	
0.048038	-0.474343	5511	
0.712056	-0.377081	3398	
-0.929874	-0.021775	4461	
-0.304056	0.628369	2141	
0.528057	0.306299	1326	
0.027446	-0.762434	1006	
0.620357	-0.064461	4365	
0.508213	0.238484	2922	
-0.300019	-0.653471	5113	
0.828414	0.201907	4907	
-0.740242	-0.629563	6158	
-0.646120	0.669664	804	
0.143583	0.985380	6381	
0.693440	-0.035701	3947	
-0.550947	-0.381087	485	
0.798978	0.390245	4942	
-0.145472	-0.337128	1262	
-0.129050	-0.922520	5652	
0.236140	-0.698214	5974	
0.186251	-0.629112	3443	
0.457125	-0.022650	1799	
0.463996	0.354484	6781	
0.858410	0.454338	638	
0.181623	-0.839698	2756	
0.524036	-0.337039	1068	
-0.154594	-0.983416	2199	
0.361333	0.776422	4989	
0.658865	0.478084	3360	
0.484247	-0.350767	5482	
0.465008	-0.192324	3256	
-0.695164	0.095000	4954	
-0.195518	-0.320037	6455	
-0.305612	-0.428348	6595	
0.210573	-0.057089	781	
0.458737	-0.482560	2752	
-0.580688	0.559947	3250	
-0.411377	-0.531353	1033	
0.008515	-0.229457	1059	
-0.124039	-0.883001	4548	
0.383117	-0.648761	2981	
-0.116197	-0.650331	4351	
0.520867	0.637615	1450	
-0.044340	-0.860420	2547	
0.050430	0.889297	3262	
0.103188	-0.791660	2866	
0.427691	0.329993	6618	
0.344111	-0.484462	3078	
-0.543676	0.526002	2533	
0.502604	0.264556	1978	
0.610365	0.464934	5086	
0.006453	0.851603	5302	
0.393766	0.280323	393	
0.316072	-0.096770	1023	
0.441265	-0.210453	1419	
0.293259	-0.592320	2309	
0.794140	-0.246347	3923	
0.049766	-0.499776	4918	
-0.377367	0.767407	4009	
0.628707	0.157076	1250	
0.039029	-0.608608	3618	
-0.189045	-0.476473	3963	
0.728081	-0.202047	2762	
-0.435935	-0.703808	1403	
0.842721	-0.056922	1294	
-0.685456	-0.118247	3912	
-0.144688	-0.456878	854	
-0.150173	-0.592823	1855	
0.927368	0.363552	1560	
0.496803	-0.570166	3605	
0.525502	0.456312	873	
0.037009	-0.759495	988	
0.431643	-0.376245	2903	
-0.745572	0.118823	4002	
0.769389	-0.006712	1759	
-0.966838	-0.089229	1292	
0.617047	-0.695921	3341	
-0.731068	-0.034032	5106	
0.342788	-0.674572	2297	
0.860620	-0.337631	5173	
-0.918041	-0.149521	4489	
0.230277	-0.274158	2772	
0.980968	-0.169455	6625	
0.376142	-0.438086	3076	
0.397041	0.802273	2151	
0.953154	0.287642	623	
0.657543	-0.329679	3820	
0.606067	-0.589724	3401	
0.594447	-0.027373	1304	
-0.063607	-0.292685	4348	
0.849021	-0.123761	1353	
-0.654834	0.661545	620	
-0.009153	0.856575	1709	
0.192731	-0.403271	1056	
0.114131	-0.783353	2448	
0.517117	0.448187	873	
-0.664867	-0.431626	5805	
-0.013002	-0.688667	2572	
-0.256414	-0.705166	6466	
0.616429	0.458907	5086	
0.619972	-0.170496	3391	
0.192807	-0.398868	1056	
-0.757178	-0.433328	5279	
0.924043	0.107329	6801	
-0.127319	0.765816	2241	
0.011569	0.970985	1020	
0.909985	-0.193126	4195	
-0.801964	0.303928	4036	
0.439964	0.293678	1044	
0.570950	-0.342842	2285	
-0.531023	-0.767983	6638	
0.227108	-0.014644	451	
-0.752342	-0.027034	5008	
-0.152997	0.984149	5732	
-0.081383	-0.265608	3970	
-0.786608	-0.415275	4883	
-0.644618	0.488094	2869	
0.240367	-0.576759	5994	
0.192989	-0.910356	6371	
0.540643	-0.122039	3764	
0.196127	-0.566905	3394	
0.561973	0.265506	1990	
0.043956	-0.563845	2385	
-0.774661	-0.517280	6475	
0.802257	-0.022075	4623	
0.262054	-0.364581	3052	
0.738647	0.127937	4391	
0.714150	-0.657716	483	
0.136051	-0.350214	2282	
0.329625	-0.379406	5304	
-0.127498	0.962591	1190	
-0.651035	-0.493461	5159	
0.270102	0.159043	1163	
0.577196	-0.512212	3061	
0.750900	0.616749	6157	
0.245790	-0.349641	3050	
0.435266	0.825486	6454	
-0.213971	-0.709613	6485	
0.760650	-0.130347	3939	
0.477154	0.198519	4215	
-0.350910	-0.476872	6684	
0.395830	0.585087	5541	
-0.629104	-0.432911	5207	
0.931818	0.351110	5690	
0.264068	-0.426988	1079	
0.303225	-0.359043	5356	
-0.062649	-0.381725	4933	
0.406244	0.229668	1890	
0.525394	0.456131	873	
0.930226	0.011719	4462	
0.411212	0.221993	2412	
-0.699059	0.226518	2377	
-0.726134	0.336841	3001	
0.279711	-0.703817	6036	
0.026657	-0.269661	2948	
0.956804	-0.164452	6623	
0.602060	0.023918	4456	
0.071221	0.685765	5192	
-0.185750	-0.474666	1742	
0.787566	0.413526	4884	
-0.389268	0.648994	2982	
0.711451	-0.183497	2072	
0.446705	-0.752993	3214	
0.402611	0.238610	1890	
-0.790583	0.168171	5444	
0.302900	-0.080862	1971	
-0.714308	0.461980	2456	
-0.156548	-0.775729	4137	
0.596512	-0.200232	5678	
-0.428830	0.747933	3213	
0.519174	0.448806	873	
0.667755	0.267687	568	
0.387412	0.720602	1388	
-0.720706	-0.211000	4970	
-0.116591	-0.734778	4318	
-0.423470	-0.704437	1348	
0.333465	-0.572336	5524	
0.492201	-0.642855	4117	
0.265478	-0.122741	6933	
0.288637	-0.082935	3433	
-0.534209	-0.720372	5972	
0.604522	-0.324775	2519	
0.657387	-0.408131	3054	
0.549565	0.563514	1203	
-0.886920	0.056110	2160	
0.313616	-0.239608	2718	
-0.806754	-0.464735	6769	
0.409234	-0.789163	3802	
0.369020	0.174599	1928	
0.350090	-0.207529	5360	
0.269888	-0.363949	3052	
0.474381	-0.028502	2780	
0.339470	-0.783632	3274	
0.052375	-0.578658	1313	
0.880911	0.298151	399	
0.728283	0.643313	6826	
0.564966	0.521726	6090	
-0.277354	-0.772404	4127	
-0.844275	-0.181351	4544	
-0.790346	0.563827	584	
0.659768	0.071417	4375	
0.309785	0.081048	2216	
0.005824	-0.776635	608	
0.364579	0.085093	4344	
0.423725	-0.827491	6661	
0.573722	-0.338227	5900	
-0.850637	0.467972	5959	
-0.092068	-0.521104	1695	
0.549498	0.044488	4182	
-0.384721	0.727164	3271	
-0.234373	-0.432468	2126	
0.073159	-0.232245	580	
0.059361	-0.396247	3868	
0.389898	0.044348	4336	
0.671306	-0.300384	2096	
0.531638	-0.461025	2594	
-0.829426	0.504583	4870	
0.528481	-0.026984	3310	
-0.929125	0.043803	6536	
0.425794	0.305977	6643	
-0.123747	-0.345366	1638	
0.013373	-0.386287	1359	
-0.024503	-0.635614	4005	
0.414493	-0.165892	4904	
0.406182	-0.837076	4418	
0.424198	0.873927	573	
0.377829	-0.456038	5578	
0.426996	-0.379358	2903	
0.228954	0.943876	5863	
-0.587618	-0.626241	6687	
0.381202	0.716339	1388	
0.592907	0.003572	4950	
0.523659	0.453489	873	
0.581480	0.730865	6478	
0.731118	0.024058	1463	
0.903882	0.417555	5566	
-0.090483	0.791387	2231	
-0.725903	-0.086334	4647	
-0.248466	0.897020	3591	
0.216182	-0.432055	4734	
0.364245	-0.014511	4370	
0.533883	-0.077160	4564	
-0.285470	-0.430934	6245	
-0.098305	0.850012	3476	
-0.832485	-0.132488	6238	
-0.749431	-0.025954	5008	
0.581623	0.488017	1277	
-0.820977	0.047630	2423	
0.126124	-0.922115	5847	
0.254357	0.119449	431	
-0.675708	0.331406	1522	
0.623593	0.087786	1788	
-0.295045	-0.884251	6754	
-0.257717	0.851181	4757	
-0.470670	-0.806089	4976	
0.753264	0.613849	6157	
0.626991	0.380789	4847	
-0.087243	-0.324088	1544	
0.312710	-0.412857	5804	
-0.880811	0.118844	3702	
-0.337134	-0.463604	6692	
0.354188	0.184403	1782	
-0.158259	-0.594658	1785	
0.324258	-0.081673	6069	
-0.664536	0.166855	4621	
-0.379702	-0.592816	1210	
0.666405	0.016481	3407	
0.190027	-0.538820	3348	
-0.485904	-0.637048	1264	
0.405069	-0.082020	4092	
-0.167735	-0.916536	6892	
0.369384	-0.693392	2392	
0.539643	0.278371	1276	
0.270782	-0.298076	3276	
0.140438	-0.724793	4204	
0.241757	-0.522756	3104	
0.181067	-0.334224	2367	
0.255711	-0.262790	2930	
0.078832	-0.657338	1288	
-0.901213	0.361072	1038	
0.235367	-0.609491	5604	
-0.576754	-0.400037	5342	
0.496371	-0.787091	3060	
-0.170477	-0.417789	798	
0.037743	-0.334032	4174	
0.122670	0.876997	4547	
-0.851315	0.466759	5959	
0.926050	0.084284	6669	
0.887580	-0.035586	4332	
0.907182	0.346563	6820	
-0.294450	0.715994	2359	
0.308638	-0.800904	1987	
0.853722	0.245659	4921	
-0.418326	0.876109	435	
-0.199680	0.710019	5999	
0.058841	-0.550865	1329	
-0.580286	-0.634361	4630	
0.263129	-0.424901	1079	
-0.354354	-0.930212	1561	
0.516461	-0.552564	2498	
-0.400758	-0.763290	4550	
-0.190523	-0.530204	3317	
0.483735	-0.453086	1324	
0.267961	-0.275476	2844	
0.315759	-0.421270	5804	
-0.839369	-0.488761	6251	
0.266348	-0.848321	4758	
0.045568	-0.472294	5405	
0.563484	-0.251432	3521	
-0.007373	0.890670	6631	
-0.764398	0.261569	3371	
0.035457	0.778211	895	
0.341849	0.041665	5064	
0.223325	-0.235641	2926	
0.543171	-0.316347	5414	
0.051426	-0.994025	6373	
-0.067313	-0.484159	3975	
0.318764	-0.703536	2289	
-0.598693	0.764332	1172	
0.136672	-0.725613	4204	
0.380412	-0.266252	2934	
-0.361845	0.856927	6263	
0.471069	-0.303238	2381	
-0.214643	-0.947215	5976	
0.634308	-0.107348	4791	
-0.702517	0.227599	2377	
-0.730617	-0.287124	2111	
0.574396	-0.270290	5440	
0.664527	-0.523778	2494	
0.001069	-0.931139	443	
0.593001	-0.087798	2047	
0.074539	-0.887980	3293	
0.831747	0.501690	6252	
0.598729	-0.764298	1171	
0.118101	-0.767709	1126	
0.535124	-0.456989	2594	
0.149732	-0.299395	2057	
0.380381	-0.197715	5514	
0.382597	-0.652182	2029	
0.883678	0.090409	5985	
0.661184	-0.743954	509	
-0.702088	0.358071	3011	
0.561814	0.087261	3704	
0.079704	0.850079	2174	
0.439668	0.189173	670	
0.566713	-0.350377	2277	
-0.926616	-0.080844	6670	
0.715286	0.259625	1468	
0.429655	-0.263668	1673	
0.461241	0.331407	6303	
0.698757	0.555574	5942	
-0.856602	-0.234767	5083	
0.246000	-0.287234	3430	
-0.855219	0.061042	1400	
0.724650	-0.348193	4492	
0.299976	-0.317364	5295	
0.019696	0.741108	3739	
0.558116	-0.018348	1374	
0.499155	-0.785322	3060	
0.534223	0.077619	3400	
-0.017542	-0.408290	1258	
0.526151	-0.361175	5480	
-0.749406	-0.618566	6158	
0.229075	-0.006064	1039	
-0.252216	-0.743217	4915	
0.670229	0.152084	1976	
0.418954	-0.340675	2251	
0.643901	0.227891	1301	
-0.699495	-0.003446	4252	
-0.596274	-0.538113	1058	
0.499409	-0.408663	5954	
0.612393	-0.309623	2305	
0.303914	0.796723	4896	
0.078543	-0.354790	5345	
0.266261	-0.385238	2976	
-0.647455	-0.500280	5078	
0.813804	0.357693	4693	
-0.621513	0.745919	6004	
-0.230618	-0.364403	6788	
0.942631	-0.232406	5843	
-0.241295	-0.859488	4406	
0.002214	-0.370221	1527	
0.084177	-0.622767	4143	
-0.768570	0.074013	4658	
0.105326	-0.439198	4988	
0.208875	-0.282289	2490	
-0.476663	0.874299	5764	
0.940546	-0.326170	5749	
-0.723504	0.272959	4119	
0.303130	0.187407	389	
-0.739722	0.152153	1951	
-0.618175	0.514232	2451	
-0.864800	0.201482	3634	
-0.221541	-0.556672	1101	
0.532618	-0.272685	5880	
0.514806	0.470402	5596	
0.533041	0.081054	3400	
0.316351	-0.206134	2978	
0.255578	-0.894747	5036	
-0.190110	-0.329989	6105	
-0.006815	-0.241717	690	
-0.645349	-0.674515	1234	
-0.694358	0.241541	3631	
-0.301324	-0.429961	6595	
-0.521348	-0.470006	5595	
-0.732217	-0.161111	2263	
0.589764	0.364161	5098	
-0.000927	-0.995176	6259	
0.378033	-0.156951	4977	
0.518943	0.448687	873	
0.241402	-0.317949	3441	
-0.088816	-0.667796	4771	
-0.819055	0.521198	4870	
0.623166	-0.691141	3341	
-0.967682	0.078686	6180	
0.966067	0.097445	1291	
-0.654449	-0.610969	5391	
-0.690274	-0.295715	6165	
0.379708	0.227523	6878	
-0.195228	-0.518840	3727	
-0.164338	-0.307580	6164	
0.186828	-0.508639	3094	
-0.607280	-0.427534	5095	
0.607128	-0.450808	2970	
-0.682919	0.324748	2398	
-0.049733	-0.347866	1859	
-0.784080	-0.178510	5256	
-0.127729	-0.619122	1909	
0.742080	-0.213140	3090	
0.515778	0.573301	1075	
0.707370	-0.265031	3220	
0.453596	-0.451113	2000	
0.720888	-0.588605	3860	
0.866068	-0.198189	2853	
0.546718	-0.247241	3521	
-0.240587	-0.762907	4287	
0.089505	-0.322614	5665	
-0.046602	-0.761359	5909	
0.740274	-0.435341	4274	
0.804035	-0.468460	3646	
-0.674754	-0.260363	6016	
-0.329311	-0.831025	1994	
-0.968142	0.072602	1120	
0.508899	-0.138545	1932	
-0.076993	0.887446	3294	
-0.197105	-0.910735	6758	
-0.814305	-0.269118	4243	
-0.111093	0.924208	6206	
0.929581	0.033133	4257	
0.630936	-0.074907	4365	
0.547234	-0.309220	5414	
0.627108	0.149679	1250	
-0.689097	0.625438	3009	
0.538609	0.467501	5968	
-0.132984	-0.303837	1380	
0.337540	-0.694580	2003	
0.420289	0.316438	6967	
0.761711	0.236544	4681	
0.566378	0.344899	558	
0.344767	0.172717	1734	
-0.414469	0.676706	2539	
0.438509	-0.722692	3169	
-0.717562	0.592468	3905	
-0.437177	-0.737930	4154	
0.654876	0.096410	3083	
0.196872	-0.306082	2207	
0.318243	0.015384	6508	
0.642182	0.101045	1788	
0.427360	0.700052	4867	
0.474399	0.208318	3685	
0.930049	0.017483	4462	
0.524143	0.454140	873	
-0.696300	-0.212856	1992	
0.462854	-0.386577	3568	
0.547556	-0.520754	2534	
0.397250	-0.451461	5442	
0.758707	0.275757	4948	
0.433455	0.652657	5653	
0.621058	-0.038095	2504	
0.690349	-0.415666	4198	
0.538117	0.214690	3680	
0.493686	-0.788612	3060	
-0.324425	0.941536	2656	
-0.254560	-0.450960	1938	
0.475517	0.178342	3951	
0.350246	-0.421692	3022	
0.648618	-0.151326	5525	
0.594772	-0.302808	2768	
0.526166	-0.284865	5438	
-0.191036	-0.480222	1604	
0.348623	0.243258	6717	
-0.652625	-0.200797	1585	
0.144323	-0.166616	2794	
-0.131833	0.986916	2155	
0.652159	0.226935	1301	
0.591326	-0.718475	3375	
0.575651	0.474536	841	
0.756883	-0.276035	2628	
0.141906	0.731196	4155	
0.879744	0.137926	4108	
-0.749597	0.087942	4146	
0.513816	0.449128	873	
0.405277	-0.212775	3484	
-0.684399	0.321574	2398	
0.278273	-0.265892	2796	
0.388566	-0.750455	4130	
0.983309	0.158658	1973	
0.423620	-0.209001	5162	
-0.238821	-0.359429	6840	
-0.737757	-0.326581	6291	
0.982109	0.164860	5939	
0.357843	0.903065	6735	
-0.808518	-0.461379	6769	
0.254307	-0.611699	4605	
-0.723228	-0.103913	4876	
0.545168	-0.657254	2307	
-0.143970	-0.358708	1692	
-0.757599	0.359267	1628	
-0.013877	-0.592762	3533	
-0.043638	-0.319404	1500	
-0.226544	0.944125	6397	
0.392392	-0.446725	5442	
-0.750908	0.082247	4146	
0.404630	-0.127396	3989	
0.472708	-0.303412	2381	
-0.007478	0.688535	4673	
0.061798	-0.268214	1149	
0.245712	-0.624943	6101	
0.117408	-0.499897	2897	
0.442184	-0.088773	4125	
-0.027018	-0.501479	4207	
-0.035328	-0.793133	896	
-0.881835	0.106841	3702	
-0.276406	-0.637825	4715	
0.428518	-0.898185	6028	
-0.314825	-0.739088	1925	
0.380133	0.157844	2117	
0.107437	-0.547472	1447	
-0.523823	-0.681807	6012	
0.458681	-0.061157	4504	
-0.035186	0.760150	1005	
-0.586491	-0.642857	4630	
0.480465	0.508286	5213	
0.118902	0.988512	6883	
0.624843	-0.689629	3341	
0.514832	0.470442	5596	
-0.382547	0.653189	2030	
-0.171105	0.955766	570	
0.788811	-0.493845	6693	
0.283878	0.107765	1422	
0.096386	-0.756259	1126	
0.083798	-0.569312	1596	
0.759134	-0.130172	3939	
0.356697	0.258299	3749	
0.164793	0.671306	4451	
-0.098087	-0.591905	4338	
0.726851	-0.512183	3160	
-0.078252	0.967791	6462	
0.160360	-0.243291	3013	
-0.048169	-0.373851	4933	
-0.706532	-0.608951	6856	
0.703910	-0.211258	2378	
0.524973	0.275420	1276	
0.001905	0.971042	1020	
0.383495	0.055171	4302	
0.537630	-0.133740	4390	
-0.783779	0.418707	2600	
-0.293589	-0.788781	4427	
0.228970	0.001384	643	
-0.106108	0.839505	3410	
0.514442	0.470080	5596	
-0.029321	-0.861225	6311	
0.754235	-0.545038	3156	
0.424278	0.873889	573	
0.002859	-0.513517	5183	
0.265156	0.040655	6931	
-0.196064	-0.399063	760	
0.440735	-0.048734	4080	
-0.405968	-0.693573	5396	
0.128438	-0.531740	1688	
0.503932	-0.200582	1728	
-0.131487	-0.468082	1584	
0.157686	-0.620958	3707	
0.031187	0.995365	6100	
-0.129649	-0.595001	2197	
0.179098	-0.583467	3540	
0.455664	-0.143872	4538	
0.133511	-0.726236	4204	
-0.300091	-0.450488	6245	
0.651168	0.491141	5077	
-0.159024	-0.416066	982	
0.196534	-0.909600	6371	
-0.200847	0.709668	5999	
-0.328055	-0.569461	688	
-0.288768	-0.425949	811	
-0.223480	-0.970130	2034	
0.325883	0.164865	2092	
0.631181	-0.062310	4551	
0.702359	0.706286	5641	
0.518063	-0.772964	6324	
0.780199	-0.192163	3584	
0.015057	-0.930892	6903	
-0.096145	-0.649632	4513	
0.928589	0.043537	3717	
-0.323850	0.661351	2312	
0.562038	0.162817	1246	
-0.786686	-0.303890	6347	
0.521061	0.450244	873	
-0.517214	0.523285	2702	
-0.215541	0.817679	4470	
0.138528	0.850543	3987	
0.359541	-0.813034	3314	
0.211150	0.907466	6740	
-0.616841	-0.404321	4852	
-0.604357	-0.434748	5027	
0.530462	0.304703	1326	
-0.926669	0.158430	3880	
0.316925	-0.415146	5804	
0.376147	-0.850989	3514	
-0.063034	-0.269197	4666	
-0.842152	0.482990	6441	
0.852695	-0.094042	2799	
-0.805648	0.074425	1630	
0.708280	-0.537298	3326	
0.711742	0.696744	5641	
-0.213862	-0.464816	4305	
0.009841	-0.366583	1527	
-0.452161	0.645493	2809	
0.192130	-0.578761	3479	
-0.205426	0.775661	2668	
-0.733411	-0.155047	2263	
-0.068914	-0.315457	1514	
0.193361	-0.585674	3479	
-0.515948	-0.778215	6050	
0.626215	0.144334	1250	
-0.720172	-0.212692	4970	
-0.308369	-0.495731	3185	
0.410336	-0.125436	3495	
0.078875	-0.666137	2036	
0.584044	-0.006843	1304	
0.699581	-0.707929	6414	
-0.071539	-0.410704	1097	
-0.731187	-0.343644	552	
-0.207399	-0.718184	6485	
0.138883	-0.171275	790	
0.575988	-0.053026	1878	
-0.109161	0.795938	3112	
0.491550	0.097150	899	
-0.024366	-0.478071	3783	
0.724950	0.092802	4648	
-0.075480	0.968010	6462	
-0.111334	-0.449952	906	
0.485657	0.247416	2900	
-0.565744	0.559110	3174	
0.657893	0.191173	1556	
-0.882357	0.462091	6150	
0.153759	-0.532065	2644	
0.627894	0.343687	4837	
0.707576	-0.700124	2651	
-0.338024	-0.481463	6684	
0.961388	-0.135170	535	
0.484037	0.300342	818	
-0.335775	-0.584126	722	
0.792276	0.318523	6517	
0.157271	-0.643522	2239	
0.344573	-0.113013	3438	
0.789679	0.493112	4826	
0.177789	-0.320619	2367	
-0.545157	0.702707	4380	
-0.488485	0.704074	3176	
0.424125	-0.433212	1036	
0.472450	0.546198	6457	
0.325500	-0.441227	3064	
-0.730887	0.062162	4060	
-0.687641	0.513307	2603	
0.174784	-0.521168	2644	
0.641291	-0.136761	3193	
0.484439	-0.289135	2021	
0.879779	-0.123513	3701	
-0.726271	0.581825	3859	
0.561872	0.792826	6822	
0.966897	0.235904	2032	
-0.090771	0.966661	5128	
0.062999	-0.395321	4030	
0.489680	0.072085	914	
-0.027175	-0.496705	4207	
-0.787655	0.101844	4982	
-0.894716	0.376860	1038	
0.718099	0.219316	4057	
0.550580	0.220665	3680	
0.275733	0.158809	1163	
0.286581	-0.330036	3312	
0.126184	-0.468174	2902	
0.646687	-0.139581	3193	
0.560556	-0.047676	1878	
0.440060	0.763980	5005	
-0.002971	-0.724682	3833	
0.333383	0.221751	6945	
0.048544	-0.374191	3832	
-0.622923	-0.293003	5774	
0.918669	-0.146036	3879	
-0.685166	0.316111	2398	
-0.710731	0.305046	3351	
0.036121	-0.587791	1462	
-0.553569	0.592310	3290	
0.337853	0.130824	1542	
0.097972	-0.546706	2541	
-0.132339	-0.289606	6858	
0.843020	0.047785	4031	
-0.561922	0.506477	2920	
0.081723	-0.755709	1122	
-0.842834	0.285534	5929	
-0.103850	-0.989696	503	
0.041083	0.890183	3262	
-0.062876	-0.255426	4752	
0.947568	-0.211253	6483	
0.652657	0.454367	5232	
-0.862790	0.003226	4201	
0.927567	-0.063637	3811	
0.227415	-0.593724	3983	
0.854621	0.461455	638	
0.369883	-0.457170	5578	
0.641367	-0.201365	4310	
0.742407	-0.308561	2964	
-0.929722	0.023423	6098	
-0.705663	0.205403	2377	
0.084463	-0.410948	5571	
-0.743330	-0.562302	595	
0.308226	-0.273691	5838	
-0.027524	-0.245303	908	
-0.557195	-0.669274	5363	
0.568294	0.341127	558	
0.726885	0.584039	6240	
0.174179	0.915371	6846	
0.737305	0.217322	5011	
0.785186	0.418166	4884	
0.068460	0.760208	5300	
-0.702459	-0.192949	3492	
0.055761	-0.737564	5320	
0.537394	-0.660182	4524	
0.846769	-0.474835	5960	
0.547631	0.710556	5709	
0.217840	-0.670294	3343	
0.426631	-0.220798	1365	
0.703383	-0.704480	2651	
0.438849	-0.268110	1819	
-0.930115	0.001273	4393	
-0.252570	0.651146	6116	
-0.276283	0.845440	3943	
0.262733	-0.421786	1079	
-0.195767	-0.561257	1133	
-0.295074	-0.424127	811	
0.627863	-0.114157	4791	
-0.818124	-0.443932	6443	
-0.848604	-0.187159	4544	
-0.767640	0.175430	3862	
-0.702077	0.546466	3325	
0.394028	0.249795	6117	
0.820833	0.010041	2460	
0.480557	0.299006	818	
0.429857	0.279178	682	
0.543183	0.423360	5887	
0.665007	0.599063	5450	
-0.534429	-0.555239	1026	
0.392470	0.069568	4302	
0.408111	-0.095412	4092	
0.720779	-0.466889	2455	
-0.011359	-0.237595	690	
-0.026772	0.739574	6095	
-0.137853	0.879341	3396	
0.514173	0.469774	5596	
0.580153	-0.727629	3087	
-0.082702	-0.252697	3970	
0.242605	-0.260970	2880	
0.495560	-0.543857	1840	
0.088297	-0.379186	887	
0.279843	0.157761	1163	
0.367001	-0.340037	2888	
0.778296	-0.580403	513	
-0.242783	0.854477	4957	
0.553482	0.600953	4993	
-0.629949	-0.636985	725	
-0.397614	0.571597	3652	
0.488221	-0.033995	2614	
-0.264993	-0.702565	6422	
0.177982	0.874607	4270	
0.369053	0.079585	4344	
0.524455	0.467524	5596	
0.000565	0.866364	6635	
0.389088	0.041409	4336	
-0.528671	-0.673602	5328	
0.275660	-0.360558	3052	
0.272975	0.067300	6168	
-0.030189	-0.300210	3842	
0.609160	0.065832	1690	
0.614535	-0.051221	2504	
-0.393118	0.887733	742	
-0.289027	0.926859	396	
0.052346	0.969689	6386	
0.396264	0.914062	5671	
0.525476	-0.169891	3216	
0.342017	0.782716	4667	
0.177827	-0.174230	6489	
0.033390	-0.470258	5405	
-0.717099	0.153804	1539	
0.073429	-0.683980	4639	
0.187474	-0.482138	2838	
0.248998	0.118376	431	
-0.364542	-0.565591	728	
-0.035922	-0.885861	2331	
0.505442	0.120687	924	
-0.706347	0.202956	2181	
-0.796735	0.395456	2220	
0.520077	0.449393	873	
0.686504	0.500611	5089	
0.751143	-0.549480	3156	
-0.457399	-0.739137	4854	
-0.417079	-0.754147	4206	
0.611710	0.159977	1290	
0.324371	0.096025	2216	
0.704343	0.611632	6855	
0.009039	-0.941027	443	
-0.603147	-0.563903	858	
0.558355	-0.275849	5440	
0.409399	-0.031877	4240	
0.509140	0.056697	1272	
0.511082	0.216611	4282	
0.196922	-0.010163	1849	
-0.510005	-0.540984	6332	
0.365063	-0.391777	2607	
0.812124	0.328791	516	
-0.403153	0.786559	3801	
0.233456	-0.352193	3126	
-0.705142	-0.547925	5941	
0.529673	-0.098671	4628	
-0.278132	-0.719977	4804	
-0.592848	-0.577850	1082	
-0.002922	-0.530741	5043	
0.167881	-0.666272	2749	
0.551386	-0.408515	2376	
0.638492	-0.618590	2709	
0.456315	-0.884496	2683	
0.089937	-0.568993	1596	
0.513643	0.469006	5596	
-0.322564	0.605672	2561	
0.929981	0.019982	4462	
-0.829160	-0.217634	4928	
0.392061	0.586888	5541	
0.206535	-0.820314	4469	
0.553079	0.134195	4090	
-0.020184	-0.631707	3743	
-0.001728	-0.787499	608	
-0.787511	0.340201	1756	
0.573939	-0.055896	1620	
0.515508	0.448303	873	
0.792296	-0.287343	4035	
0.042686	-0.860350	2238	
-0.098415	-0.809414	6145	
0.297641	-0.428177	5318	
0.210557	-0.248871	3223	
0.382148	0.100829	3190	
-0.023623	-0.890420	6791	
-0.278210	-0.588937	909	
0.375925	-0.351601	2474	
0.487571	0.359494	6771	
0.325419	-0.508876	5570	
0.020792	-0.294747	2560	
0.459274	-0.633637	2579	
0.266544	-0.302382	3720	
0.192534	-0.119568	1093	
0.395299	0.006575	4464	
-0.411858	-0.837093	5220	
-0.449911	-0.585334	769	
0.449426	0.888876	6431	
-0.178024	-0.304941	6315	
0.462411	-0.220905	3020	
0.398204	-0.228309	2487	
-0.776943	-0.583468	6818	
0.203322	-0.079831	2783	
-0.676942	-0.153159	1899	
-0.276880	-0.806283	4431	
0.439548	0.590978	1286	
0.209076	-0.906180	6383	
0.337903	0.630200	4816	
0.464187	-0.570918	2418	
0.507716	-0.002857	955	
-0.767665	-0.134116	5808	
-0.416828	-0.639491	5426	
0.639971	-0.565569	3118	
0.394620	0.073261	1676	
0.681420	-0.427677	4024	
-0.679941	0.693092	6413	
0.218435	-0.467891	3656	
0.503440	0.264703	1978	
-0.172007	-0.408056	798	
0.778541	0.174163	5255	
-0.448816	-0.818205	6793	
-0.558749	-0.701744	5497	
0.611720	-0.646966	2675	
-0.177849	-0.466756	1742	
0.218520	-0.744017	1106	
0.336319	0.804748	4980	
-0.800627	0.474058	5455	
-0.403380	-0.609178	5248	
0.521330	0.238027	3600	
-0.612041	-0.655146	6957	
-0.846235	0.386368	6679	
0.862326	-0.214866	3353	
-0.174427	0.832403	2663	
-0.304064	-0.601685	5144	
-0.440459	0.765542	3133	
-0.684822	-0.356083	6916	
0.377562	0.593807	1209	
0.358281	-0.117350	3908	
0.445688	-0.066829	4080	
0.253292	-0.557994	5978	
-0.837881	0.142703	1354	
0.105274	-0.501606	2437	
-0.746970	-0.658073	5702	
0.094180	-0.547429	3107	
0.842135	0.067769	1887	
-0.706221	-0.251489	1531	
-0.251744	0.712504	855	
-0.639509	-0.680133	1234	
-0.720925	0.026970	1554	
-0.049521	-0.512946	4387	
-0.598686	0.764340	1172	
0.556888	0.308601	4813	
-0.486280	-0.597661	880	
-0.706420	-0.179742	3492	
-0.066119	-0.340026	1458	
0.626420	0.382118	4851	
0.553620	-0.656040	2307	
-0.347899	0.770031	3273	
0.600697	0.208528	2080	
0.512555	-0.005023	1216	
-0.124763	-0.841454	3623	
-0.238946	0.899236	3591	
-0.732804	-0.435006	3770	
0.746111	-0.113041	4001	
-0.127843	-0.281678	6858	
0.199045	0.741590	6322	
0.020293	-0.757796	1006	
0.527307	0.461066	1151	
0.457792	-0.373859	2739	
0.300201	-0.159634	3682	
0.406465	0.882284	6088	
-0.237150	-0.710515	6500	
-0.878717	0.037950	4331	
-0.649165	-0.575584	5258	
0.527757	-0.715300	4475	
-0.843266	0.007702	4528	
0.598276	-0.462632	2798	
0.470209	0.850133	6281	
-0.585835	0.774239	6136	
0.480465	0.508286	5213	
-0.967414	-0.082753	1292	
0.081105	-0.543602	3107	
0.349414	0.090939	2820	
0.225057	-0.112068	1041	
-0.837628	0.099963	5460	
0.496975	-0.097324	5076	
-0.951053	0.194983	972	
-0.480465	-0.508286	5214	
0.517978	-0.206785	1564	
-0.317876	-0.548688	1376	
0.488746	0.275498	828	
0.368031	-0.010777	4370	
0.504515	-0.436525	1208	
-0.277048	0.844522	3943	
-0.030532	0.687651	4850	
-0.762588	-0.535280	6057	
0.148849	-0.222498	763	
0.342230	0.083936	4408	
0.509626	0.104274	891	
-0.004819	-0.473885	4053	
0.910751	0.189614	4233	
0.676196	0.061263	4109	
0.655811	-0.073465	4437	
0.384100	-0.568444	3034	
-0.477350	-0.736147	5021	
-0.412291	-0.794712	5850	
0.340299	0.072815	4408	
0.852030	-0.241082	5289	
0.235844	-0.857485	3316	
0.433045	-0.823532	6661	
-0.016159	-0.407549	1258	
0.365289	-0.410343	3096	
-0.659423	0.421313	4023	
0.711630	0.696521	5641	
0.221780	0.004009	749	
-0.839886	0.291510	5929	
0.457324	-0.346708	2703	
0.280693	0.057655	6168	
-0.034790	-0.813267	6954	
0.762377	0.385369	3597	
-0.755588	-0.212987	5240	
0.413400	0.759902	4549	
-0.735581	0.040774	4008	
0.578152	0.276371	5872	
-0.495030	0.639454	4118	
0.680612	0.198568	2425	
0.373601	-0.143680	3248	
0.052256	0.700180	5150	
0.363361	0.111651	2016	
0.433888	0.594040	5025	
-0.815974	0.447075	3711	
0.737333	-0.439247	4274	
0.341532	-0.652283	2301	
-0.283195	-0.770077	4127	
0.264987	-0.159350	461	
0.815957	0.373112	4778	
-0.216111	0.905028	6384	
0.011120	0.761822	691	
0.841380	0.165969	3710	
-0.218562	-0.416971	3825	
0.636431	-0.678973	3039	
0.400674	-0.270299	2934	
-0.186974	0.870292	3127	
-0.572829	0.619485	2028	
-0.047156	-0.891156	3261	
-0.119441	-0.663095	4351	
0.170965	-0.366830	2325	
-0.441301	-0.648285	5654	
-0.162163	-0.764083	6390	
0.533325	0.164994	5199	
0.204639	0.661374	4485	
-0.778773	0.213976	3622	
0.344793	-0.392080	5326	
0.339845	-0.434035	3116	
0.263286	-0.167486	461	
-0.157380	-0.414717	982	
-0.130928	-0.377733	2061	
0.151872	-0.268859	3346	
-0.203950	-0.823721	3886	
0.100334	-0.597260	3596	
0.222667	0.864415	4743	
0.030144	-0.233692	6545	
0.945993	-0.218246	5843	
0.205874	-0.708177	5602	
0.356535	0.020219	4736	
0.401541	-0.047530	4396	
0.413208	-0.315879	2147	
0.580612	-0.060205	2006	
-0.411762	-0.527865	1033	
0.077486	-0.209627	6494	
0.929728	-0.000838	4394	
0.040978	-0.633289	4357	
0.237008	0.710732	6499	
0.366448	-0.855276	6264	
0.047847	-0.228946	5699	
0.594752	-0.314808	2768	
0.108399	-0.395841	881	
-0.222402	0.945112	6397	
-0.576494	-0.400920	5342	
0.249404	-0.385470	2695	
-0.362184	0.582708	2815	
-0.846451	0.385722	6679	
-0.459908	0.855064	6606	
-0.372939	-0.565013	728	
0.366082	0.599235	807	
0.641365	-0.065953	4619	
0.389413	-0.855251	4418	
0.477670	-0.726636	3225	
0.712249	0.478717	5056	
-0.007520	-0.241840	690	
0.591924	0.673882	5172	
-0.697479	0.334523	2763	
0.581349	-0.338961	2285	
0.744268	0.433828	4604	
-0.025807	0.777521	961	
0.380126	-0.266846	2934	
0.735802	0.153127	3141	
-0.622730	0.483182	3509	
0.529457	-0.327229	5472	
0.093742	-0.884932	3839	
-0.753723	0.023638	1866	
0.415089	-0.393489	5614	
-0.110292	0.730129	990	
-0.206777	0.729648	685	
0.280299	0.697628	6433	
-0.373397	-0.623141	5202	
0.575984	-0.236395	5270	
0.556270	-0.028207	4858	
-0.210492	-0.451729	4305	
-0.028250	-0.699616	3024	
0.528593	0.261392	1496	
0.420254	0.322445	5965	
-0.546924	-0.540880	6029	
-0.623351	-0.531230	1372	
-0.249279	-0.857171	4626	
-0.923015	-0.114455	6336	
0.407198	-0.061092	4396	
0.251941	0.111759	405	
0.206242	-0.439048	3184	
0.259081	-0.299173	3441	
0.005625	0.761752	691	
0.300318	0.797329	4896	
-0.093472	-0.667177	4771	
0.230408	-0.860663	3316	
-0.613942	0.306520	2306	
0.744657	-0.399963	1385	
-0.712777	-0.155101	4290	
0.172278	0.747231	6389	
0.459253	0.883694	6083	
0.610744	-0.786204	5885	
0.111650	-0.255176	2592	
0.666481	0.114061	1941	
0.535923	0.625514	1378	
-0.602070	0.364324	1874	
0.078128	-0.588557	3260	
-0.752853	0.412014	1588	
-0.446530	-0.671236	5587	
0.478529	0.233612	2900	
0.207022	-0.092401	655	
0.570918	0.512765	6090	
0.591856	0.298033	5927	
0.196931	-0.010144	1849	
-0.582733	-0.432934	5556	
-0.830806	-0.503261	6251	
-0.690073	0.129977	4996	
-0.228805	0.754988	2296	
-0.153107	-0.878612	4613	
-0.246866	0.829389	4737	
0.699244	-0.044592	3947	
-0.028257	0.804391	3074	
0.381660	-0.236456	5786	
0.702605	0.189483	3491	
-0.733860	0.431116	4273	
0.422499	-0.077602	4064	
0.239145	0.080918	4651	
0.059854	0.797224	1807	
0.530564	-0.538530	2701	
-0.778970	0.427912	2896	
0.769237	-0.012906	1955	
0.529022	-0.356384	5480	
-0.007773	-0.581014	3334	
-0.965997	-0.097933	1292	
-0.294934	-0.746173	1765	
0.675846	-0.577689	3512	
0.377302	0.593957	1209	
0.264676	-0.566355	5984	
0.623605	0.062603	1572	
0.412521	-0.236777	2157	
-0.233768	-0.784071	1986	
-0.070028	-0.485548	2692	
0.638999	-0.364340	2479	
-0.463527	-0.727532	5021	
0.613124	0.101396	1600	
-0.553368	-0.558726	6029	
0.210555	-0.548624	3394	
-0.825134	-0.329714	426	
0.167403	0.791392	4138	
0.629096	0.224750	1526	
0.534737	-0.362868	5480	
0.855981	0.458932	638	
0.082350	-0.701560	2552	
-0.340535	0.909209	5748	
-0.922817	-0.116591	6336	
0.544643	-0.262286	5880	
0.674276	-0.347250	1363	
-0.871547	-0.322102	718	
0.044983	-0.358261	4174	
0.561979	0.424736	5453	
0.217823	-0.651286	3286	
-0.057260	-0.508021	4363	
-0.285097	-0.530993	1700	
0.587708	-0.204552	5696	
0.358983	-0.325958	5834	
0.527217	0.462932	1151	
0.325949	-0.063151	6425	
0.514078	0.635770	1450	
-0.513860	-0.469470	5595	
0.314119	-0.518775	5574	
-0.514868	0.674701	4361	
0.107975	0.925300	3696	
-0.762187	-0.112490	5908	
0.046221	-0.785183	2054	
0.949120	0.300378	1813	
0.140572	-0.526212	2727	
0.340352	0.011729	6032	
0.679378	0.365706	5211	
-0.045012	-0.248899	908	
0.504879	-0.339425	1084	
0.023279	-0.503160	5183	
0.544106	-0.049205	3554	
0.848037	0.102341	5925	
-0.559281	0.793603	6634	
0.345234	-0.348011	5222	
-0.195459	-0.333264	507	
-0.022308	-0.614837	3779	
-0.819297	-0.344313	515	
0.534040	-0.020822	3310	
-0.065218	-0.645588	4061	
0.174471	-0.583914	3540	
0.347607	0.865400	6871	
0.340987	-0.865731	3688	
0.608569	0.025753	4341	
0.831794	0.547222	844	
-0.663780	0.232064	3097	
-0.063400	-0.538025	2746	
0.379212	-0.104358	4052	
0.475756	0.061182	1140	
-0.710385	0.339781	2763	
0.945092	0.222440	4545	
0.016623	0.928161	6810	
0.477745	0.318959	702	
-0.831768	0.547579	2657	
-0.673574	-0.274452	567	
0.113728	0.787519	4104	
0.047880	-0.373446	3832	
0.473215	0.607018	2714	
0.359156	-0.808482	3240	
0.495000	-0.095396	5116	
0.161476	0.749034	3887	
-0.010251	-0.242282	690	
0.096191	0.926276	4200	
-0.877443	-0.137579	4107	
0.635999	-0.369768	2479	
0.470849	0.061723	1140	
0.498108	0.641521	1263	
-0.763301	0.361827	1628	
0.482322	0.275449	930	
-0.824844	0.175839	5350	
-0.855893	-0.036348	4032	
-0.489489	-0.532464	5333	
0.328821	-0.163670	3672	
-0.843913	-0.391836	5053	
0.697085	0.538142	5942	
-0.226801	-0.903963	6739	
0.677775	0.729466	2081	
-0.163543	-0.384517	1790	
0.020483	-0.341080	2712	
0.279962	0.158207	1163	
0.394323	-0.236572	2487	
-0.139097	-0.274627	6045	
-0.771933	-0.215451	4574	
0.216548	-0.492600	3544	
-0.696674	0.676258	430	
0.018848	-0.555322	1960	
-0.393829	-0.845573	5220	
0.418905	-0.138416	5544	
0.503578	-0.606740	2759	
0.215074	-0.905325	6383	
-0.613743	0.527175	3171	
0.283924	-0.699144	6036	
0.737573	-0.332945	3002	
0.919077	-0.143485	3759	
-0.186121	0.952952	570	
0.195357	-0.294436	2207	
0.626822	0.176067	4323	
0.923616	-0.110604	6247	
0.605565	-0.189137	5678	
0.588159	-0.267254	4641	
0.258602	-0.226991	3122	
0.856066	0.508939	6876	
0.677642	-0.334632	1521	
0.508271	-0.856134	2543	
0.111280	0.989459	504	
-0.039682	-0.495901	4363	
0.362339	-0.900764	5735	
-0.749141	-0.074602	5694	
0.488125	-0.792067	3428	
0.471579	-0.200777	2698	
-0.688041	0.258631	3821	
0.389634	-0.586057	3735	
0.296414	-0.167300	3682	
-0.732832	0.245189	2327	
-0.570425	0.496839	2920	
0.310543	-0.111976	957	
0.919873	-0.310397	5519	
-0.910491	-0.190579	4234	
-0.449926	0.714527	3546	
-0.032279	-0.660908	4005	
0.084234	-0.886113	3293	
-0.768650	0.013195	1956	
-0.841013	0.485015	6441	
-0.671494	-0.405072	1074	
-0.692352	-0.080950	4794	
0.632961	0.686440	794	
0.414737	-0.191674	5162	
0.753532	0.262652	3896	
-0.668170	0.704468	1238	
0.243640	-0.479822	3532	
-0.047654	0.790806	2053	
0.356662	-0.903005	5735	
-0.167347	0.833457	2924	
0.737742	-0.161920	1952	
-0.696530	-0.329003	6231	
0.248797	0.647738	4646	
-0.272416	-0.700220	6422	
0.590514	0.171222	1310	
0.251433	0.856760	4625	
0.329241	-0.053203	6425	
0.719657	-0.279375	4120	
0.196932	-0.010163	1849	
-0.752717	-0.614519	6158	
0.432574	-0.151961	5464	
-0.681486	0.002170	2218	
0.398239	-0.458330	5442	
0.360712	0.778548	4989	
0.266313	0.139249	471	
-0.823816	0.513682	4870	
0.425634	-0.538000	4225	
0.472940	-0.024499	1799	
0.339169	0.868691	6871	
0.219802	-0.703824	5602	
-0.589200	-0.772761	4985	
0.531782	0.150967	4498	
0.173897	-0.576248	3540	
-0.663129	0.172668	4621	
-0.225593	0.667647	3465	
-0.077890	0.800206	2231	
0.691140	-0.345528	3012	
-0.068494	-0.315224	1488	
0.726864	0.079001	5411	
0.888077	0.019242	4222	
0.224165	-0.400097	1589	
0.481391	0.357852	6771	
-0.183519	0.978619	5963	
0.749255	-0.090994	4145	
-0.118052	0.689649	2119	
0.866687	0.438315	566	
-0.176811	0.754759	2469	
-0.725540	0.291887	4119	
-0.440298	-0.681144	4684	
-0.910769	0.188700	4196	
0.320107	-0.559338	5234	
0.178034	-0.334968	2373	
0.143788	-0.531725	1688	
0.297800	-0.788382	2019	
0.217639	-0.429720	1176	
0.427133	-0.024657	2884	
0.634136	-0.561106	2942	
0.121292	-0.845249	3561	
-0.173150	0.717288	753	
0.550275	-0.175691	2250	
0.218921	-0.422026	1111	
-0.381560	0.615232	3738	
0.454747	-0.450090	2000	
0.047621	-0.230674	5699	
-0.671765	0.274016	3821	
0.416695	0.308384	5965	
-0.299691	-0.882698	6754	
0.621802	0.143046	1250	
-0.068706	-0.811798	6439	
-0.516873	0.523635	2702	
-0.170050	-0.875657	4613	
0.307068	-0.204757	3390	
0.434392	0.896202	6431	
0.862989	-0.211217	3633	
0.968650	0.066227	6607	
-0.049703	-0.287701	4348	
0.715610	0.369782	6345	
0.445489	0.253255	672	
0.295455	-0.799410	1987	
-0.595697	-0.672172	6897	
-0.025654	-0.328555	1552	
0.125315	-0.315665	917	
0.570633	0.535176	6288	
0.215829	-0.482786	3656	
0.909275	-0.196282	4015	
-0.336881	-0.550206	1624	
-0.556717	-0.572894	5380	
-0.384700	-0.590418	5542	
0.808956	-0.266557	3993	
0.287879	-0.008768	1907	
0.785810	-0.333419	1471	
-0.891886	-0.384380	6681	
-0.201994	-0.543040	1133	
0.523241	0.468567	5596	
0.417424	0.185127	2229	
0.149455	0.959557	6198	
0.922148	-0.122107	6731	
-0.142449	-0.613621	1909	
0.169360	-0.873338	3110	
-0.181746	-0.745218	5715	
0.558918	0.301203	4813	
0.842702	-0.060684	1399	
-0.037693	-0.665823	2275	
-0.555202	-0.704301	5497	
0.155802	0.918620	6891	
0.508527	0.038701	4296	
0.035047	0.970438	6355	
0.406314	0.174323	2229	
0.268737	-0.497215	3222	
-0.082392	-0.655997	4771	
-0.085531	0.852079	2876	
0.227077	-0.509831	3648	
0.345968	-0.102722	2872	
0.305248	0.158601	6182	
0.132855	-0.451531	3936	
-0.602653	0.761232	1172	
0.650021	-0.039139	4271	
0.489430	0.704068	4930	
-0.452649	0.812682	6072	
-0.753311	-0.197664	5240	
0.409552	-0.611458	2531	
0.083100	-0.278777	897	
0.514282	-0.618527	3917	
-0.073232	-0.806851	6161	
0.278162	-0.024575	1871	
-0.702791	0.504257	2603	
-0.296930	0.715521	2359	
0.136692	-0.391004	2127	
0.959051	-0.266593	449	
0.640477	0.255169	6593	
0.620446	-0.233325	4356	
0.065488	-0.554824	1329	
0.414986	0.660878	6077	
0.185779	-0.129624	1093	
0.411003	0.577995	5664	
-0.601275	-0.666284	6897	
-0.804618	0.073371	1630	
0.872521	-0.004821	4202	
-0.223249	-0.635964	1435	
0.009413	-0.549928	4862	
0.412214	-0.360309	2251	
0.004944	-0.247910	582	
0.679556	0.364351	5211	
0.632530	-0.186700	5646	
-0.357387	-0.619807	5082	
0.659152	-0.596570	3136	
-0.682762	0.423688	4197	
0.274570	-0.009792	1871	
0.134623	-0.262302	2592	
0.486893	-0.089427	5116	
0.736518	0.633931	6551	
0.510733	-0.673211	4362	
-0.101275	-0.331529	1944	
0.610804	0.052872	1738	
0.431266	-0.824413	6661	
-0.831307	-0.235675	4940	
0.498364	0.008598	1664	
-0.753098	0.042614	4039	
-0.600049	0.710834	3376	
-0.103355	-0.868972	3942	
-0.679162	-0.144810	1975	
0.744199	-0.418690	3523	
0.386097	-0.128835	3934	
0.838208	-0.110978	5037	
0.423037	0.195687	668	
-0.018043	-0.472284	3783	
-0.649459	0.755007	490	
0.342185	-0.265563	5416	
0.099639	-0.208050	611	
0.666015	0.707369	1211	
-0.013172	0.810340	2859	
-0.084844	0.847562	2876	
0.756612	-0.467038	2847	
-0.812704	0.450064	3711	
-0.244709	-0.672173	4824	
-0.141814	-0.521305	1159	
0.605926	-0.705521	3243	
0.471208	0.090460	3207	
-0.137985	0.746563	1077	
0.206755	-0.762645	2667	
-0.849045	0.260832	5274	
0.493015	0.234328	2900	
-0.080767	-0.258870	3970	
0.764050	0.457039	5210	
0.258133	0.003517	1269	
0.104843	-0.413020	915	
-0.753092	0.546218	3155	
0.368954	-0.306018	2595	
0.418801	-0.098275	3667	
0.508686	0.302278	1170	
0.623393	-0.225068	4356	
-0.169879	-0.875685	4613	
0.375739	0.853340	5285	
-0.265647	0.709551	1127	
0.534478	-0.382626	2323	
0.852613	-0.000861	4555	
0.257180	-0.261846	2930	
-0.068531	-0.576066	1919	
0.260767	-0.239804	2930	
0.341306	-0.934983	5747	
0.133365	-0.230513	763	
-0.964485	-0.112156	716	
-0.033017	-0.247410	908	
-0.876048	0.312720	480	
-0.326060	0.739235	2632	
0.212668	-0.465406	3338	
-0.720579	-0.213239	4970	
0.466281	-0.369456	2703	
-0.414724	-0.662975	6078	
-0.567641	0.787650	6634	
0.259237	0.824126	4488	
-0.810815	0.278879	3994	
-0.211610	0.947594	6616	
-0.094882	-0.403505	4725	
0.610801	0.613437	492	
-0.800920	-0.092196	1530	
-0.220158	-0.342313	523	
0.559623	-0.397196	2011	
-0.929803	-0.022635	4461	
0.579637	0.241596	1340	
0.535016	0.095254	2428	
-0.859202	0.452129	824	
-0.701860	-0.148244	4290	
0.298881	-0.526432	5574	
-0.397007	-0.584497	5542	
0.270016	0.151108	471	
-0.385104	0.891245	742	
0.395048	0.054719	4302	
0.489520	0.839209	6449	
-0.217187	-0.339535	507	
-0.729558	-0.429958	3770	
0.145150	0.751777	3887	
0.872366	-0.426192	6317	
0.474669	0.229977	2900	
-0.728281	0.088781	4416	
0.215873	-0.173259	6187	
-0.012226	0.769718	961	
-0.023016	-0.620362	3779	
0.508752	0.738782	5087	
-0.733406	0.074266	3914	
-0.132392	0.747601	1077	
0.443201	0.063487	3199	
0.180602	-0.398923	1056	
0.168425	-0.684930	3847	
0.796975	-0.596006	5951	
-0.030066	-0.812811	6759	
-0.274118	-0.454388	1938	
0.509354	-0.133100	1932	
-0.533440	-0.766401	6638	
0.882946	0.460803	6406	
0.068850	0.854880	2548	
-0.000209	-0.500373	5183	
-0.743828	0.210201	2725	
0.231941	-0.617867	3829	
0.331066	0.051527	5064	
0.288312	-0.700148	5657	
0.519785	-0.721080	4855	
0.196984	-0.151217	6963	
-0.900087	0.234369	3626	
-0.694853	-0.561782	5835	
-0.286230	-0.545376	1636	
-0.949643	0.201698	6244	
-0.691412	0.389066	4171	
0.093769	-0.699945	2987	
0.393361	0.215002	1858	
0.270112	-0.643828	6103	
-0.627546	-0.228183	1525	
0.455535	0.184934	3997	
0.111776	-0.964515	591	
0.328775	-0.162281	3672	
0.584810	0.488381	963	
-0.171744	-0.601038	2343	
0.427815	0.101928	1749	
0.188818	-0.838148	2756	
0.913383	-0.395097	5751	
0.413198	-0.023184	4240	
0.107751	-0.461405	2902	
0.003522	-0.740675	6092	
-0.163710	-0.780366	1178	
-0.160451	-0.982394	2199	
0.495489	0.349322	6749	
0.311155	0.196884	6524	
0.575972	-0.350430	2511	
0.626926	-0.072019	4365	
0.898127	0.242342	401	
0.451060	0.093559	3207	
-0.445055	-0.646075	5654	
0.465299	0.105163	3207	
-0.339733	0.677078	2298	
0.819483	0.565609	1453	
0.803374	-0.588252	5951	
0.415469	0.211028	668	
0.084656	-0.513947	2109	
0.726405	0.082498	4648	
0.086275	0.873097	2258	
-0.081129	-0.473945	1195	
0.327778	-0.793869	2585	
-0.518710	-0.448579	874	
-0.799031	-0.108456	5990	
-0.332065	-0.589812	852	
-0.681788	0.021810	3966	
0.930118	-0.011568	6097	
0.795903	-0.308460	3520	
0.486794	-0.612713	2587	
0.018271	-0.287490	2560	
-0.565688	0.685481	2648	
-0.855809	0.043221	1293	
-0.438544	-0.782169	5134	
-0.376508	0.894923	6176	
0.383812	0.178426	1928	
0.215221	-0.904740	6383	
-0.029241	-0.890360	3641	
0.637393	-0.075246	4505	
0.514827	0.155311	766	
0.379016	0.779678	4989	
0.802370	0.383161	4778	
0.080473	-0.568544	1596	
0.137099	-0.349398	2282	
-0.650626	0.548126	3117	
-0.274928	0.888750	5009	
-0.579440	-0.732454	6131	
-0.456501	0.664675	2809	
-0.214680	-0.836337	4228	
-0.329569	-0.911229	6648	
-0.635415	-0.574671	5258	
0.255869	0.770486	4212	
-0.181835	-0.567444	1705	
-0.578101	-0.616570	6687	
0.201733	0.869918	4699	
-0.103854	-0.736145	4049	
0.308254	-0.162833	3682	
0.917656	-0.316949	5519	
0.218932	-0.904450	6383	
-0.178851	-0.329316	6105	
-0.302857	0.876742	6256	
-0.221978	-0.788080	1986	
0.514106	0.448888	873	
0.590052	-0.553854	3085	
0.416934	-0.039541	4240	
0.425207	0.194227	668	
0.395752	-0.796017	4097	
-0.008319	0.688509	4673	
-0.147291	-0.630243	1979	
0.845531	-0.048701	1294	
0.263272	-0.416864	1061	
-0.772998	-0.174252	5256	
0.844615	0.526775	6876	
0.556797	-0.692845	2647	
-0.225850	0.824976	3961	
0.584788	-0.083468	1620	
0.425503	-0.387338	2903	
-0.513002	-0.467633	5595	
-0.163912	-0.407709	798	
-0.967810	-0.077638	1186	
0.213146	-0.418418	1111	
0.647211	0.617728	5392	
0.620071	0.067207	1572	
-0.126373	-0.587798	2197	
0.285552	-0.183452	3678	
-0.502949	-0.660744	5540	
0.648877	0.388240	5816	
-0.397730	-0.843798	5220	
-0.121793	-0.839205	3623	
0.011998	-0.233612	636	
-0.093718	-0.926708	4199	
0.580413	0.241545	1340	
-0.702375	-0.354177	6936	
-0.192255	-0.395714	760	
0.229248	-0.409747	1111	
-0.554842	-0.530992	5796	
-0.309801	-0.510667	2013	
0.204076	0.949533	5975	
-0.780217	0.507051	6694	
0.017545	-0.444548	4247	
0.353816	-0.769282	3274	
-0.160250	-0.587470	1785	
0.260512	-0.520940	3104	
0.030559	-0.487818	5353	
0.624993	0.744009	6195	
0.055840	-0.704581	4093	
0.387882	0.777449	5129	
0.321340	0.220046	6945	
0.341441	-0.451388	3116	
0.515222	0.448408	873	
-0.957498	-0.161264	5940	
0.229874	-0.968308	2442	
-0.332403	-0.829790	1994	
0.524703	0.454984	873	
0.012788	-0.761357	1006	
0.569416	-0.107998	1716	
0.173683	-0.312306	2367	
-0.193410	0.951498	1022	
-0.111135	-0.476923	1684	
0.083270	-0.870408	3293	
0.481727	-0.842976	985	
0.781930	0.505082	5093	
-0.032863	-0.994738	6099	
0.804634	-0.073507	1629	
-0.502829	-0.722231	5275	
0.372244	-0.386485	2607	
0.230554	-0.328543	2994	
-0.095106	-0.536803	1197	
-0.074080	0.968115	6462	
0.368419	-0.290878	2213	
0.059821	0.969250	6386	
0.005311	-0.617681	3455	
0.286726	0.928011	6407	
0.897286	-0.245469	3625	
0.058028	0.849023	6258	
0.081488	-0.249835	897	
0.415261	0.758386	4205	
0.595388	-0.466711	2798	
0.576056	0.497871	1277	
-0.551774	0.657109	2308	
0.300020	-0.923365	5823	
0.332035	0.099574	2248	
-0.632899	-0.634297	725	
-0.781824	0.414557	2600	
0.486971	0.058690	914	
0.440105	0.026635	1841	
0.533503	-0.431525	2507	
-0.753349	-0.018977	5008	
0.536511	0.838749	860	
0.244915	-0.258558	2880	
0.520591	0.449810	873	
0.395406	-0.644505	2187	
-0.027569	-0.631275	3881	
-0.147423	-0.338526	1262	
0.096104	-0.579064	3588	
-0.589593	0.802522	6148	
-0.266430	0.762208	2598	
0.493616	0.663393	5155	
-0.193403	-0.610158	4330	
0.510341	0.011060	955	
-0.505087	-0.785211	6481	
0.148814	-0.172841	2612	
0.659495	0.466862	3360	
0.435533	-0.058002	4080	
0.927927	-0.065463	3811	
0.715540	-0.527902	3498	
0.298375	0.013555	478	
-0.580236	0.452413	2464	
0.516049	-0.358464	1068	
0.249051	-0.896646	3592	
-0.261975	-0.725030	4915	
0.542171	0.252568	2394	
0.777969	-0.220548	3791	
-0.119216	-0.529314	1159	
0.642616	0.345863	4632	
0.573190	0.148557	1246	
0.545389	-0.700621	4379	
-0.782769	-0.192713	5068	
0.844699	-0.275823	5930	
-0.092886	-0.249325	6881	
0.033764	0.761722	5910	
0.624781	0.234206	1526	
-0.537591	0.808503	6900	
0.082262	-0.286472	3320	
-0.768190	-0.032006	1224	
-0.332837	0.600047	2561	
0.499543	-0.340798	1084	
0.478383	-0.694308	3175	
0.496508	-0.862286	2543	
0.362663	0.901158	6735	
-0.311749	-0.878717	6752	
-0.677969	0.415853	4023	
-0.170092	-0.320986	1266	
-0.268127	0.933141	6378	
0.383377	0.251591	6117	
0.421565	-0.729892	3099	
-0.317093	-0.526974	1615	
0.887889	0.030933	4267	
-0.747612	0.104493	4002	
0.368198	-0.721412	3132	
-0.376380	-0.707918	5154	
-0.253426	-0.826647	4487	
-0.828110	-0.159391	2401	
-0.730455	-0.561680	595	
0.648747	-0.582015	3027	
-0.104744	0.965272	592	
0.332135	-0.106660	2872	
0.300175	-0.838652	3045	
0.840213	-0.151082	4575	
-0.309048	-0.437207	6595	
-0.468475	-0.732634	5021	
0.968579	-0.229356	6483	
0.814606	0.529170	844	
0.026876	-0.757721	1006	
0.143692	-0.878056	3395	
-0.289283	-0.694473	6434	
0.157644	-0.875579	3395	
0.426148	0.706670	1347	
-0.255808	-0.565649	1319	
0.502784	0.044903	4296	
-0.748377	0.098559	4002	
0.697345	0.619210	6962	
-0.764504	-0.360190	6416	
0.368871	-0.681407	2392	
-0.657939	-0.606761	5391	
0.423289	-0.229631	1365	
-0.618182	0.638516	2676	
0.480408	-0.747860	3037	
0.718899	0.451726	3092	
0.258790	-0.240709	2930	
0.885804	0.092434	6039	
0.773174	-0.409276	2274	
0.229459	0.734148	4810	
0.559715	-0.147269	2436	
-0.517004	0.821803	458	
0.250851	-0.543867	3356	
-0.067481	-0.325829	1488	
-0.799480	-0.475733	6319	
0.463037	0.069242	1140	
-0.397843	0.748644	4147	
0.586404	-0.291472	2768	
-0.748676	-0.078522	4325	
0.893353	0.438827	1576	
0.425576	-0.746621	3214	
-0.275929	0.804532	4910	
-0.346270	-0.461130	6692	
0.849321	0.519292	6876	
0.540521	0.178061	1312	
0.419272	-0.240400	2157	
0.444823	-0.817170	6417	
-0.079550	0.756044	1121	
-0.883643	-0.403003	6905	
0.498358	0.317500	702	
0.381693	-0.140641	3248	
0.311458	-0.535435	974	
-0.150057	0.744027	2099	
0.002429	-0.230361	690	
0.738292	-0.275640	2832	
0.371261	-0.285045	2213	
0.144345	-0.319003	829	
0.260184	-0.654628	6115	
0.250251	-0.189906	3157	
-0.061348	-0.929158	5013	
-0.752221	-0.399539	4730	
-0.098110	-0.856289	3942	
-0.173244	-0.578877	1705	
0.152007	-0.404046	2287	
-0.012134	-0.421741	3844	
0.785694	0.417202	4884	
0.312250	-0.785644	2585	
0.283196	0.847279	3959	
0.307843	-0.878063	6255	
-0.348847	-0.485823	6684	
0.516058	0.595511	1049	
-0.049003	-0.243847	554	
-0.157702	0.792121	2774	
0.480484	-0.263721	2195	
0.489974	-0.033475	2614	
0.454624	-0.663429	2810	
0.509883	0.302145	1170	
0.481968	-0.068353	4540	
-0.756339	-0.465637	5209	
0.690765	0.041691	1773	
-0.175556	-0.382196	1482	
-0.317216	-0.646885	4821	
0.391387	-0.525829	6008	
-0.005477	-0.469936	4053	
-0.089882	0.770725	977	
-0.555625	0.537579	2720	
-0.123541	-0.581283	4286	
0.507761	0.131633	924	
0.464073	-0.805651	5667	
0.875354	-0.151958	3757	
-0.697308	-0.382506	6171	
0.127348	-0.343743	1129	
0.894069	-0.256981	6511	
0.559672	-0.150053	2436	
0.048028	-0.420171	3493	
-0.321072	-0.720074	5108	
0.101158	-0.277336	816	
-0.136303	-0.398860	4077	
0.599365	-0.264879	4641	
-0.730100	-0.177570	4644	
-0.785644	0.032756	3328	
0.120646	-0.465418	2902	
-0.348916	-0.692956	6326	
-0.574262	0.732107	3032	
0.794676	0.143473	5047	
-0.385031	-0.709571	5154	
-0.533919	0.536837	2702	
-0.884540	0.100144	4158	
0.611504	0.261396	6561	
0.094107	0.801533	6146	
-0.213612	-0.866499	4744	
0.230296	-0.408386	1111	
-0.202385	-0.343667	507	
0.269833	-0.170682	3678	
-0.000898	-0.549457	4862	
0.180180	-0.384492	4808	
-0.312950	-0.648569	4787	
0.440744	0.009387	1640	
-0.346990	0.649361	2302	
0.452140	-0.606437	1912	
0.326508	0.702665	5253	
0.610560	-0.702279	3243	
-0.848800	-0.046979	4032	
-0.070327	-0.420105	1052	
0.847387	0.384631	5054	
-0.134369	-0.428953	4237	
0.192249	-0.400155	1056	
0.474762	-0.143451	4880	
-0.047539	-0.886676	3261	
0.411561	-0.198745	3484	
-0.601809	-0.567049	858	
-0.045022	-0.248907	908	
0.415741	0.211435	668	
0.304407	0.034246	6712	
0.452237	-0.102562	5046	
-0.734822	0.055267	4060	
-0.717055	-0.655736	5550	
0.524551	0.690376	6011	
0.330331	-0.351520	1427	
0.463738	-0.132058	4880	
0.444034	-0.008586	1882	
0.088307	-0.753946	1122	
-0.329319	-0.457354	639	
0.559469	-0.191589	2184	
0.631101	-0.737821	489	
0.046747	-0.306010	3864	
0.369252	0.773325	4989	
-0.766296	0.180972	3890	
-0.043139	0.865836	2237	
0.232642	0.046004	713	
0.288910	-0.371810	5826	
-0.023251	-0.688506	2572	
-0.626278	-0.429508	5207	
0.125581	-0.694564	2565	
-0.308623	-0.565449	688	
-0.333620	-0.786798	4668	
0.534795	0.059768	1029	
-0.370243	-0.856092	5286	
0.154203	-0.296919	2510	
0.904529	-0.216991	3873	
-0.323515	-0.644374	4821	
0.805776	-0.280914	3993	
-0.359810	-0.689153	6340	
0.839882	0.055169	4031	
0.475580	0.063564	1140	
-0.744182	0.115259	4002	
0.258924	-0.209465	3026	
0.190598	-0.478860	2838	
0.471871	-0.479296	1268	
0.120639	0.988353	6883	
-0.767998	-0.247002	4346	
-0.580691	0.397529	2012	
-0.498435	-0.706319	4929	
0.680458	-0.634952	3120	
0.227444	-0.647926	3286	
0.418514	-0.020904	4240	
0.487903	0.095230	899	
-0.009627	-0.355300	2265	
-0.257829	-0.851990	4626	
0.411231	0.793680	5849	
0.570887	0.389318	5245	
0.659611	0.466333	3360	
0.988099	-0.123368	2153	
-0.192216	-0.424728	4774	
0.103275	-0.281456	816	
0.262847	-0.738019	2291	
0.542760	0.429089	5887	
0.598241	-0.605662	3723	
-0.141952	-0.804163	1945	
-0.100595	0.731811	990	
-0.298895	-0.575120	724	
0.373655	0.006185	4368	
-0.530170	-0.724895	6138	
0.147601	-0.590081	3602	
0.795992	-0.395496	2219	
0.429620	0.652272	5653	
0.172810	-0.269339	2849	
-0.124899	0.855862	3044	
-0.952029	-0.190805	6474	
0.494268	-0.122126	4056	
0.000108	-0.431960	3844	
0.569130	-0.736136	3031	
0.409382	0.176730	2229	
-0.983163	0.157756	630	
-0.751725	-0.047301	1224	
-0.180007	-0.579860	1705	
0.549248	-0.430295	2222	
0.685274	0.307301	6522	
0.887732	0.031470	4267	
0.634530	0.348709	4837	
0.016313	-0.341649	2712	
-0.488145	-0.711859	4929	
0.198301	-0.836634	3800	
0.751861	-0.063579	4059	
-0.044076	-0.243014	554	
0.459872	-0.371413	2739	
0.129004	-0.326647	1157	
-0.124728	0.962944	592	
-0.507656	0.520578	1757	
0.224086	-0.202244	6359	
0.154441	-0.626983	2239	
-0.075364	-0.491768	2692	
0.788415	-0.133378	5049	
0.269024	-0.128666	6933	
0.509520	-0.130387	1932	
-0.144338	-0.766850	4512	
0.781866	0.200629	5067	
0.561849	-0.090564	1880	
-0.172539	-0.747020	5715	
0.230321	0.016553	643	
0.383727	0.035950	4336	
0.208560	-0.410377	1111	
-0.595209	-0.500036	1136	
-0.271295	-0.699754	6422	
-0.351212	0.601356	2961	
-0.118231	-0.781367	4516	
0.521965	0.607979	1063	
0.610744	0.129368	1810	
0.045248	-0.509447	4740	
0.681438	0.358738	6915	
0.031871	-0.334782	3516	
-0.667989	0.441765	3865	
-0.558546	-0.468826	6160	
0.523683	0.453458	873	
0.642762	0.676433	1233	
-0.687840	-0.686215	5483	
-0.408175	-0.536343	1033	
0.011448	-0.238090	636	
-0.380846	-0.507613	6837	
0.179964	-0.485282	2582	
0.219204	-0.861943	2724	
0.507834	-0.293070	3267	
0.833886	-0.412734	6723	
0.643972	0.727471	6195	
-0.274515	-0.890802	6742	
-0.571096	0.398458	2012	
-0.107998	0.883541	3808	
-0.181820	-0.836178	3772	
-0.784691	-0.310860	6347	
-0.670111	0.385375	3079	
-0.032798	-0.246459	908	
-0.785708	0.149268	3762	
0.268485	-0.815613	4909	
0.454219	-0.345279	2703	
-0.133434	-0.567257	2169	
0.233206	0.096026	779	
0.437543	0.203779	668	
0.465905	-0.286919	3140	
0.825556	-0.510880	4869	
-0.457701	-0.640068	5119	
0.190072	-0.254506	2849	
-0.467811	0.556395	2417	
0.568093	-0.342254	5430	
-0.724941	-0.196589	4902	
0.288904	0.183016	389	
0.709149	0.238213	2471	
-0.698398	0.228561	2377	
0.797913	0.269928	2514	
0.534785	0.554835	1025	
0.181007	-0.249324	3013	
0.089038	-0.520787	3107	
0.608134	-0.756842	6003	
-0.236547	-0.418427	2126	
-0.082110	-0.300504	2688	
-0.543036	-0.713888	5710	
0.636488	-0.678876	803	
-0.281199	-0.697357	6434	
0.239570	-0.207309	3026	
0.146820	-0.546554	2315	
0.154845	-0.439446	1087	
-0.782661	0.503308	6694	
0.232929	0.047537	713	
-0.268919	0.958905	6592	
-0.168880	-0.417347	798	
-0.766670	-0.368503	5868	
0.504591	0.292617	904	
0.800784	-0.474022	5456	
0.548789	0.207373	4095	
0.418345	-0.245076	2157	
-0.654950	0.461092	2689	
-0.252886	-0.620629	979	
0.120520	-0.548438	1447	
0.337245	-0.736467	2916	
-0.239970	-0.900572	6719	
0.035434	-0.618774	3683	
-0.068037	-0.482399	3975	
-0.536783	0.809050	6900	
0.265451	-0.410197	4742	
-0.359083	0.741253	3335	
-0.968948	-0.061618	6608	
0.771861	0.443464	5280	
-0.123148	-0.987700	6884	
0.352442	-0.103983	2872	
0.496816	-0.634743	4117	
0.687702	0.347881	6915	
-0.199290	-0.840491	4228	
0.637779	0.502485	5077	
-0.748387	-0.068771	5694	
0.113586	-0.309459	5679	
0.792362	-0.317674	4328	
-0.272442	-0.390979	6966	
-0.282781	0.928783	664	
0.142938	-0.834448	3559	
-0.081855	-0.560045	1345	
-0.493554	0.493077	1643	
0.514775	0.470487	5596	
-0.143491	-0.658373	2524	
-0.740006	-0.360831	552	
0.452326	-0.480062	2752	
-0.744430	-0.105370	3991	
-0.750179	0.301103	2627	
-0.661043	-0.362399	5212	
-0.444292	-0.562554	5336	
0.084587	-0.325152	5665	
0.313805	-0.296748	5404	
0.080328	-0.264518	897	
-0.673205	0.296125	2095	
-0.054345	-0.609906	3746	
-0.536852	0.625337	3368	
0.648076	0.333751	4632	
-0.792548	0.043780	4710	
0.825366	-0.190916	5349	
0.912762	0.331407	5590	
0.222002	-0.349508	3126	
0.139272	-0.848530	3559	
-0.089855	-0.669230	4771	
-0.678210	-0.404896	940	
0.490885	-0.436647	1208	
0.372703	-0.768489	4010	
0.199379	-0.106331	791	
0.857632	0.158146	4316	
0.409081	0.077410	1671	
-0.243095	-0.602543	919	
-0.672231	0.700594	6413	
0.219821	-0.113457	1041	
-0.639900	0.362963	2480	
0.497489	0.086108	899	
-0.444334	-0.624985	5023	
0.376345	-0.037146	4000	
-0.206988	-0.869173	4700	
0.261059	-0.392834	4742	
-0.698840	0.227913	2377	
0.331038	-0.825046	2984	
0.503863	-0.120896	5076	
0.055191	-0.698200	4093	
0.407641	0.762570	4549	
0.183799	0.953636	5499	
0.468776	0.040265	1116	
0.535717	-0.144760	2446	
-0.248661	-0.746335	3781	
0.407356	0.666734	6077	
-0.840892	0.010490	4528	
0.503850	0.222744	3600	
0.399828	-0.482699	5538	
0.118951	-0.923053	5847	
0.165718	0.956915	5499	
0.377446	-0.405002	2992	
0.558876	0.029722	4595	
0.429677	-0.680048	2792	
-0.513032	0.598183	2760	
0.281620	0.660152	4974	
-0.711153	0.184803	2071	
-0.014501	-0.787656	2477	
-0.763440	-0.638457	5620	
0.196672	-0.732353	686	
0.045681	-0.220967	6950	
0.309935	-0.828913	2693	
-0.722400	0.221870	2181	
0.521707	0.520401	6586	
0.539398	0.762363	6142	
0.275793	-0.294635	3276	
-0.754808	-0.381272	3598	
-0.419713	-0.675174	6076	
-0.608058	-0.421650	5095	
0.304682	-0.349394	5356	
0.526846	0.464988	5936	
0.262394	-0.601529	5685	
0.513650	-0.651614	2633	
-0.160170	-0.472055	1982	
0.518943	0.448687	873	
0.020893	-0.939157	6903	
0.550042	0.672267	6001	
0.715288	-0.692082	2651	
0.930145	-0.011035	6097	
0.797977	-0.088609	5175	
-0.124169	-0.845700	3623	
0.121159	-0.357948	1137	
-0.658748	-0.661311	1255	
0.874425	-0.476206	2678	
-0.394042	-0.914272	5672	
-0.234206	-0.861395	4744	
0.521700	0.204834	4402	
0.042979	-0.404231	3493	
0.276353	0.153295	1163	
0.560609	-0.343311	2806	
-0.088862	-0.247790	6881	
0.768172	-0.103294	5399	
0.198170	-0.357137	2555	
-0.431987	-0.782174	5166	
0.362908	0.236678	6707	
0.854587	-0.243404	5289	
0.769245	-0.021695	2615	
0.202787	-0.656234	3445	
0.444399	-0.767340	3470	
0.490870	0.104257	2467	
0.968135	0.229941	6369	
0.560000	-0.037111	1878	
0.968222	0.072228	6607	
0.380283	-0.920065	2527	
0.425724	-0.082240	4064	
-0.194568	-0.540083	1053	
0.308826	-0.521365	5574	
-0.247577	0.938826	6921	
0.871370	-0.358873	6574	
0.561492	-0.050486	1834	
0.610344	0.656897	6958	
0.113151	-0.586075	3578	
0.841940	-0.396195	6219	
0.686947	-0.686156	6414	
0.118778	-0.285215	885	
0.231745	0.715783	6488	
-0.793741	-0.560200	6818	
0.459312	0.204695	3997	
0.245435	-0.510417	3604	
-0.969768	0.045291	6622	
0.241857	-0.343388	3050	
0.208793	0.675092	4232	
-0.493989	-0.702629	4929	
-0.495337	-0.835804	6450	
-0.018750	-0.441936	3967	
-0.722926	0.147769	3015	
0.070268	-0.337460	5665	
0.716290	0.135781	4279	
0.807701	-0.538635	678	
-0.595692	-0.456509	3953	
0.757260	-0.368460	1491	
-0.648069	0.390058	2885	
0.178974	-0.249899	3013	
0.274105	0.073020	6168	
0.523627	0.468218	5596	
0.519390	0.271465	1496	
0.491058	-0.697292	3175	
0.611429	-0.188640	5678	
0.451075	-0.766034	3470	
0.419195	-0.242037	2157	
-0.564394	-0.566854	6495	
0.591520	0.568558	857	
0.121752	-0.695269	2565	
0.035057	-0.262067	3788	
-0.193556	-0.480543	1604	
-0.256375	-0.463565	1506	
0.588157	-0.183997	3649	
-0.087350	-0.704019	5191	
-0.039343	0.759897	987	
0.683941	-0.689130	6414	
0.047739	-0.514441	4740	
-0.006775	-0.347151	1861	
0.150224	0.750961	3887	
0.449155	-0.668751	2792	
