time = 322.65	Re = 90
0.930375	0.008894	3696	
-0.628379	0.198558	909	
-0.508775	0.779313	5053	
-0.505690	-0.422834	5982	
0.213285	-0.778492	5989	
0.784846	0.071036	895	
0.067347	-0.471896	1664	
-0.715608	0.309029	6078	
-0.606523	-0.476677	2026	
-0.188804	-0.606336	5440	
-0.690012	-0.271033	754	
-0.708713	0.329528	6076	
-0.589633	-0.241543	3707	
-0.305901	0.665044	1992	
-0.486029	-0.579698	1840	
-0.343517	0.013588	1458	
-0.073427	-0.925756	3873	
-0.239170	-0.940918	1037	
-0.358933	0.858108	498	
-0.487590	-0.408652	976	
0.531800	-0.486060	6159	
0.207432	-0.489467	766	
-0.052363	-0.456722	5376	
0.076434	-0.513796	1216	
-0.574861	0.242309	1624	
-0.258723	0.849059	4107	
-0.096576	-0.334919	3324	
0.166228	-0.279971	1342	
-0.167652	-0.847798	3993	
-0.628826	0.246922	852	
0.961558	-0.109604	5863	
-0.629301	-0.119596	4529	
-0.718135	-0.482072	4010	
0.150778	0.772812	2515	
0.699666	-0.149205	4823	
-0.633800	0.015260	4136	
0.491240	-0.610800	1073	
0.048902	-0.929325	3811	
0.842885	0.481861	5736	
-0.199832	-0.635229	4721	
-0.236922	-0.507261	2039	
-0.565199	0.071079	1187	
-0.320732	0.941960	5860	
-0.394253	0.111829	1482	
-0.367671	0.046776	4283	
0.221835	-0.443429	1109	
-0.267268	-0.169863	885	
-0.470742	0.034745	998	
-0.806059	-0.030500	6161	
-0.414739	-0.118337	5505	
0.633861	-0.683097	6058	
0.196048	-0.333235	1719	
0.763942	0.230782	2447	
-0.446578	-0.259990	2838	
-0.561126	0.315622	6837	
-0.600568	0.599628	5417	
-0.550804	0.642643	1352	
-0.821530	0.047275	6537	
-0.392602	0.888070	846	
-0.442321	-0.109045	5511	
0.477354	-0.653935	6345	
-0.352805	-0.482002	5518	
0.533370	-0.456987	5968	
-0.765924	-0.450725	2984	
0.472365	0.848239	514	
-0.749600	0.388762	5259	
-0.049349	-0.374832	3424	
0.521139	0.819079	756	
-0.390276	-0.513868	2000	
-0.264039	-0.608389	2806	
0.182164	-0.408631	2063	
-0.835848	0.540909	1219	
0.173492	-0.507647	891	
0.236367	0.715787	1522	
-0.118794	-0.422833	5314	
-0.724815	-0.331419	2801	
0.654847	-0.717619	5896	
-0.344473	-0.121345	4176	
-0.793541	-0.400373	3944	
-0.051470	-0.682943	5661	
0.725167	-0.285702	6191	
-0.770887	0.254997	1389	
-0.352704	0.904582	4546	
-0.599030	0.097377	1705	
-0.643177	0.042691	3236	
0.639320	0.572764	3226	
0.536343	-0.453813	5596	
-0.810016	0.226407	4457	
-0.320670	-0.606704	2043	
-0.250799	0.647241	1899	
0.063241	0.747851	1951	
0.267283	-0.513662	4560	
0.217287	-0.384762	934	
-0.521908	-0.818592	755	
-0.006687	-0.479927	4540	
0.811929	0.069046	6358	
-0.270425	0.049666	3970	
-0.356364	0.813077	4922	
0.163124	-0.710560	5476	
-0.362697	0.585903	5768	
-0.250626	-0.518748	5914	
-0.358876	-0.084169	2894	
-0.615903	0.751109	6429	
0.052359	-0.522874	1205	
0.526011	-0.472350	1151	
-0.087814	-0.568074	2184	
-0.470403	-0.363698	3211	
0.137953	0.960978	414	
-0.777508	-0.291442	3901	
-0.349575	-0.181742	2209	
0.714631	-0.443775	5294	
-0.642585	0.620212	5941	
0.134373	-0.612405	1738	
-0.328050	-0.354431	5826	
-0.329109	-0.377160	5304	
0.092709	-0.837511	2134	
-0.548478	-0.566231	2785	
0.964939	-0.110686	5863	
-0.251161	0.851621	4107	
-0.870888	0.335219	6793	
0.555330	-0.672808	4604	
0.761570	-0.099717	4920	
-0.512747	0.212692	1298	
-0.354781	-0.353440	5252	
-0.851139	0.275898	2152	
0.594534	-0.506192	969	
0.444810	0.608433	2533	
0.875642	0.155140	2387	
0.222962	-0.320302	1782	
0.204195	-0.364034	1484	
0.623907	0.285213	3446	
0.584860	0.559808	3148	
-0.212099	-0.076881	6950	
-0.486780	-0.196692	2897	
-0.660829	-0.326008	856	
-0.272691	-0.177384	885	
0.909657	0.402157	6592	
0.875739	0.419115	396	
-0.577698	0.555489	5078	
-0.449877	0.860571	5627	
0.495694	0.736050	3135	
0.178076	0.785736	2627	
-0.405489	-0.251473	5684	
0.448198	-0.761442	516	
0.196533	-0.357722	1484	
-0.046864	0.886940	2732	
-0.298460	0.089155	6858	
0.662906	-0.542482	4160	
0.000455	-0.590644	2006	
-0.616301	0.529820	1058	
-0.470942	-0.061854	4053	
0.764020	0.637737	5766	
-0.150536	-0.723125	3632	
0.748662	-0.438760	6001	
-0.541440	-0.091118	1802	
-0.026363	0.732534	3914	
0.322332	-0.789561	4927	
0.176775	0.752838	4119	
0.550888	0.515253	3878	
-0.144505	-0.618488	5696	
0.182078	-0.595625	1600	
-0.234825	-0.116138	5810	
0.081251	-0.223793	713	
-0.867635	-0.336879	6383	
-0.931060	0.027472	6892	
0.348515	-0.360063	649	
0.153421	-0.646210	4109	
-0.302826	-0.302947	3232	
-0.073411	0.790345	4710	
0.302897	0.783351	1864	
-0.186780	-0.298069	3122	
-0.676993	-0.443582	2916	
-0.417926	-0.282112	4734	
0.735998	0.081974	3739	
0.448597	0.690913	3057	
0.699247	-0.151744	4781	
0.075075	-0.395736	3258	
0.417857	0.784222	3159	
0.201784	0.949679	6730	
0.082134	-0.649839	1631	
-0.191225	-0.185128	889	
-0.512508	0.852986	5669	
0.841894	-0.128038	3980	
0.342164	0.733979	2669	
-0.848384	0.110152	4307	
-0.090938	-0.449314	5464	
0.145621	-0.487130	914	
0.736586	0.083969	3739	
-0.113899	0.690221	4252	
0.009139	-0.733624	3130	
0.157580	0.737607	3385	
-0.012317	-0.625210	2085	
-0.834523	-0.188223	2432	
-0.903831	0.228883	4708	
0.509425	-0.778995	5054	
-0.567275	0.146512	3697	
0.039276	-0.753540	4059	
-0.436232	0.206861	6966	
0.545110	0.830731	6212	
-0.501749	-0.273412	3348	
-0.794873	0.490083	464	
-0.269827	-0.762315	3398	
-0.163873	0.824713	2892	
-0.590746	-0.079048	3334	
-0.031943	-0.592416	1924	
0.114828	-0.440504	1501	
-0.576172	0.242706	1624	
-0.020346	-0.970617	6623	
0.029261	-0.761314	4145	
-0.571060	-0.253860	3707	
0.058502	-0.379787	4464	
-0.564475	-0.325628	4605	
-0.408205	-0.522312	1268	
-0.345332	0.567640	6562	
0.049148	-0.472220	1799	
-0.169934	-0.763270	2832	
-0.678228	0.400075	1142	
0.481989	-0.554372	4851	
0.285313	-0.343268	6878	
0.907158	-0.217604	6871	
-0.014179	0.773713	4658	
0.654975	-0.600754	5632	
-0.514128	0.059672	1698	
0.480795	0.843475	514	
0.204189	-0.472110	924	
-0.631087	0.173037	919	
-0.743472	0.037431	4156	
0.778738	0.336320	4470	
-0.711507	0.661780	6158	
-0.993344	0.063560	5721	
0.613472	-0.549351	1549	
0.042200	-0.243928	643	
-0.208167	-0.639871	2768	
-0.685882	-0.065366	2572	
-0.212350	-0.758847	2738	
-0.557156	0.318718	6226	
-0.412404	-0.117155	4179	
-0.560835	0.125735	1133	
0.121135	0.800085	3792	
-0.463045	0.651273	6346	
-0.353838	0.068309	1638	
-0.532405	0.839172	5669	
-0.226084	-0.392974	5370	
0.571358	0.734410	804	
-0.262253	-0.376761	5830	
-0.870146	-0.325695	6383	
0.268990	0.682878	2480	
0.045379	-0.563461	1878	
-0.327083	0.607739	1302	
0.246431	0.963057	2444	
-0.533622	-0.264582	3137	
0.064282	-0.402836	4086	
0.000066	-0.599284	2107	
0.427065	0.899031	2657	
0.865032	0.440801	5748	
-0.791634	0.097358	6577	
-0.368453	-0.809078	2813	
-0.715218	0.261016	6330	
-0.389511	-0.578824	2594	
-0.957487	-0.161620	589	
0.320483	-0.434864	2246	
-0.146292	-0.792366	3372	
-0.280666	-0.515335	2703	
-0.111936	-0.597436	2135	
-0.766104	0.177574	4321	
0.795349	-0.411891	6137	
-0.692419	-0.621665	6324	
0.348249	0.782172	2320	
-0.530948	-0.212201	2315	
-0.116279	0.795904	3451	
0.537193	0.759700	3119	
0.698509	0.067281	3023	
-0.562845	0.256885	1615	
0.766083	-0.110935	4920	
0.253551	-0.506729	5199	
-0.362775	-0.025132	3551	
0.681942	-0.235524	4822	
0.074443	-0.849715	1294	
-0.250365	0.938158	716	
0.922397	0.124510	6810	
-0.901230	0.423995	863	
-0.290400	-0.634458	1873	
-0.505810	0.476116	6120	
0.152955	-0.874994	4267	
-0.243958	-0.092025	1155	
-0.629627	0.686318	6057	
0.186235	0.710424	1851	
-0.629977	0.137294	1274	
-0.442620	-0.306299	3478	
-0.195797	-0.115819	611	
0.045467	-0.969817	947	
-0.590285	0.628929	4881	
-0.034806	-0.620346	2279	
0.912779	-0.394284	860	
0.420762	0.733297	2493	
-0.793281	0.203878	1925	
0.068163	-0.582657	1304	
-0.163453	-0.465130	1365	
-0.045586	-0.700848	5385	
0.030373	-0.219334	749	
0.374020	-0.373372	6967	
0.402749	-0.490259	1418	
-0.419337	0.151639	760	
-0.280782	-0.756833	4044	
-0.234743	-0.009360	690	
0.297823	-0.311651	3973	
-0.797498	0.410525	6138	
-0.674100	0.398503	1142	
0.217897	-0.316459	1734	
-0.198544	-0.774614	2964	
-0.340882	0.787024	4928	
0.860588	-0.240105	4467	
-0.795266	-0.092700	2477	
-0.481424	0.259525	6479	
-0.136186	-0.584019	2121	
0.056729	-0.752247	4040	
-0.645865	0.016674	4136	
-0.343624	-0.668366	2812	
0.486035	0.694836	2636	
-0.306356	-0.597628	2323	
-0.254729	-0.227660	2661	
-0.112225	-0.487457	2698	
0.361206	-0.452188	904	
-0.799744	0.260006	4482	
-0.430876	-0.388258	3078	
0.854034	0.082925	6312	
-0.545675	0.250666	6261	
-0.547234	-0.287044	3611	
0.138858	-0.618990	1572	
-0.381706	0.646907	5625	
0.561844	-0.593178	3360	
0.849196	0.009664	3624	
0.175262	-0.674742	4793	
-0.526443	-0.362293	1232	
-0.223841	-0.597840	1086	
-0.076204	0.992682	1168	
-0.178440	0.729541	5694	
0.538013	-0.450927	5596	
0.209372	0.724317	1836	
-0.077009	-0.399509	3248	
0.458692	-0.599164	5211	
-0.173916	-0.751293	4120	
0.330651	0.912870	824	
-0.904326	-0.211405	3503	
0.683960	-0.341664	5372	
-0.060057	0.749891	4039	
0.553558	-0.727515	5532	
0.420810	0.829648	3453	
-0.309604	-0.203278	2373	
0.414800	0.903626	2657	
0.123724	-0.467829	1140	
0.593127	-0.665891	4945	
-0.034143	0.993848	2156	
-0.303447	0.661624	1992	
0.621246	-0.584005	5548	
0.190813	-0.509838	1948	
-0.156368	-0.195213	706	
-0.816512	-0.271892	2923	
0.929977	0.060126	4112	
0.849784	-0.134715	3980	
-0.318027	-0.472933	2903	
0.117632	-0.778615	1759	
0.522335	-0.455194	873	
-0.549742	-0.565459	2785	
-0.666148	-0.171592	4639	
0.646303	0.354052	6221	
-0.764520	0.010247	4318	
-0.107512	-0.282705	461	
-0.379049	-0.424630	3076	
0.325053	-0.806032	4907	
-0.488294	-0.792440	3906	
0.634537	-0.486171	6496	
0.868196	-0.436418	6822	
-0.716634	-0.593639	3428	
0.824418	0.243106	3560	
0.005112	-0.664626	4437	
-0.400107	0.132034	1482	
-0.288180	0.883998	4581	
-0.216583	-0.086487	5699	
0.745571	-0.196501	5673	
-0.985230	0.146354	1792	
-0.007675	-0.232390	451	
-0.189656	0.867603	3876	
-0.488217	-0.645263	3173	
-0.276927	-0.564114	1068	
-0.829254	0.429288	6141	
-0.426414	-0.260709	3338	
-0.437837	-0.416867	1002	
-0.245620	-0.117382	897	
-0.467787	-0.361935	3211	
0.059465	0.928222	4196	
-0.714243	0.415289	1449	
-0.088573	-0.554200	3216	
-0.716862	-0.238400	1078	
-0.899738	-0.364924	6922	
-0.379214	-0.118531	4030	
-0.018920	-0.520752	4628	
0.922856	-0.303390	573	
0.638076	-0.523400	6033	
-0.659436	0.148860	4189	
-0.623848	-0.454833	2392	
0.234651	-0.942173	1291	
-0.446933	-0.343445	3222	
0.341106	-0.865681	497	
-0.565165	-0.450390	3277	
-0.535406	-0.557898	2587	
-0.064139	-0.312546	957	
-0.653945	-0.160406	4639	
0.652025	-0.254197	4474	
0.677088	-0.407685	1141	
-0.090186	0.990659	6376	
-0.018575	-0.453030	4125	
-0.014675	-0.533075	4628	
-0.391798	-0.511953	5648	
0.084372	-0.278600	6712	
0.537930	-0.451102	5596	
-0.584155	-0.724994	3039	
0.320374	-0.524775	1656	
0.513471	-0.536581	5028	
0.806210	-0.070388	949	
0.119106	0.744802	2181	
0.279581	-0.344099	6878	
-0.556367	-0.795678	483	
0.200511	-0.539688	1415	
0.622651	0.287837	3446	
0.061958	-0.636676	2911	
0.167580	-0.872437	4267	
-0.137630	-0.743190	3386	
-0.423497	0.592929	4631	
0.848054	-0.234775	4467	
-0.328949	0.035038	1514	
-0.279918	-0.759636	4044	
-0.407349	0.004879	1166	
0.054624	0.847768	5126	
0.786863	-0.100102	6578	
0.230070	-0.544174	1246	
0.147003	-0.850133	4253	
0.525433	-0.456595	873	
0.723313	-0.130563	4690	
-0.160025	-0.784029	2516	
0.714127	-0.318850	6077	
0.563819	0.473120	2188	
0.537362	0.596536	3918	
0.075896	-0.267343	6931	
0.745247	0.321531	2668	
-0.589467	-0.268751	3265	
-0.578641	0.143804	4151	
-0.563108	0.688720	5209	
-0.141167	-0.671153	2754	
-0.774750	-0.093624	4786	
-0.734973	0.262851	5846	
0.391630	0.799351	3489	
-0.472183	-0.123243	4798	
0.115859	0.922925	3626	
-0.875339	-0.162906	2388	
0.346808	-0.457186	828	
-0.496463	-0.220588	2727	
-0.017484	-0.550495	4372	
-0.380091	-0.378457	5788	
-0.812480	-0.265265	2923	
-0.512883	-0.304586	3374	
-0.234923	-0.899215	5173	
0.267389	-0.933445	5783	
-0.377269	0.626598	651	
0.694576	-0.455681	5594	
0.804512	-0.344209	4853	
0.847238	0.474162	5736	
0.351823	-0.360827	649	
0.284900	-0.381564	2412	
-0.767643	0.168410	4915	
-0.316308	-0.129271	5665	
-0.926400	-0.056391	4111	
-0.413802	0.144817	1434	
0.786158	0.569726	5758	
-0.563751	0.009558	1345	
-0.172934	-0.354536	2978	
0.684378	0.456099	3329	
0.139392	-0.639007	3463	
-0.616016	0.251424	722	
-0.427776	-0.059907	3844	
0.005966	-0.356425	2172	
-0.331336	0.647454	1337	
0.447168	0.543716	1646	
0.810254	0.534817	435	
-0.432786	-0.289629	3478	
0.592802	0.717122	3342	
-0.413047	0.175786	6419	
-0.444939	-0.490539	2836	
-0.501009	0.064027	1584	
0.288052	-0.437641	3685	
-0.304714	-0.434851	1933	
-0.910194	0.202255	6790	
0.594616	-0.767978	6252	
-0.014279	-0.591499	1716	
-0.108851	-0.393096	4977	
0.744068	-0.624970	5549	
-0.421806	-0.730917	2494	
0.799554	0.024781	6162	
0.195629	-0.507433	1948	
0.537067	-0.452594	5596	
0.196906	-0.909187	1007	
-0.739018	0.074675	6059	
-0.173236	0.979079	6438	
0.649886	0.455957	2789	
0.623004	-0.453377	1025	
0.819407	-0.449814	600	
0.061064	-0.488008	1498	
-0.065802	-0.340823	3946	
-0.408149	-0.307330	4732	
0.214625	-0.282818	1816	
0.857706	-0.044282	4141	
-0.738461	-0.407958	1987	
0.617615	0.427867	2298	
-0.742208	-0.024982	5299	
0.196914	0.799224	4586	
-0.794639	0.490497	464	
-0.097931	-0.204161	1093	
0.745038	0.124505	1005	
-0.281757	-0.149280	5679	
-0.504933	0.781220	5053	
0.891632	-0.033815	4614	
-0.317466	0.874432	4234	
0.231096	-0.943043	1291	
-0.741974	0.078333	6059	
-0.496911	-0.438070	2536	
-0.093053	-0.434642	5544	
0.456499	0.764335	3505	
-0.671136	-0.057349	2275	
-0.358607	0.073741	1638	
0.000998	-0.637294	4505	
-0.204514	-0.271508	2880	
-0.141993	0.663695	1774	
-0.675429	0.153878	4645	
0.361241	-0.367966	1281	
-0.045566	-0.582871	1924	
-0.070931	0.769212	2616	
-0.486127	-0.177738	2437	
-0.578613	0.729640	6769	
0.791212	-0.074953	949	
0.221013	-0.329398	1734	
-0.499171	-0.117569	4740	
0.281079	0.678841	2176	
0.019643	-0.579054	1620	
-0.375092	-0.147483	881	
-0.311257	-0.218664	2373	
0.263394	-0.348511	1512	
0.711100	0.661041	6634	
-0.480281	0.145410	4305	
0.451965	-0.527876	4795	
-0.923774	0.126700	6697	
-0.150592	-0.239144	6187	
-0.554952	-0.326521	5604	
0.328249	0.812646	2568	
0.785349	0.570823	5758	
-0.420916	-0.828565	3454	
-0.274530	-0.845203	2219	
-0.072493	-0.968114	6483	
0.754336	-0.241002	5253	
-0.708893	0.504003	491	
-0.006091	-0.888407	3457	
0.971094	0.002105	6509	
-0.304687	-0.669652	2355	
-0.361736	-0.464214	5624	
-0.534655	-0.654066	2027	
-0.007967	-0.457284	4504	
0.825434	-0.552341	1220	
-0.144757	0.737841	5008	
-0.853769	0.065170	3772	
-0.452987	-0.447924	6008	
0.008700	-0.262306	3932	
-0.397785	-0.153943	915	
-0.177694	-0.404329	5786	
-0.084252	0.967171	1168	
-0.890179	-0.035989	3251	
-0.539341	-0.182656	1369	
-0.012996	-0.613370	2047	
0.840841	-0.309408	5849	
-0.259186	-0.766223	3398	
0.577008	-0.539034	1135	
-0.360218	-0.058639	1527	
-0.420216	0.004059	1097	
0.121014	-0.603304	1738	
0.976292	-0.185964	5688	
-0.528711	0.017359	1695	
-0.759863	-0.156518	2054	
0.946828	0.215104	6462	
0.320949	0.661408	2390	
-0.291123	-0.427083	2474	
0.914959	-0.173247	6753	
-0.364134	-0.284259	1589	
-0.753551	0.613407	5377	
-0.246681	-0.188151	2960	
-0.376911	-0.635868	2798	
-0.635883	-0.466585	2362	
0.272786	-0.470514	4282	
0.625796	-0.580352	5374	
-0.702570	0.613768	6856	
0.176873	-0.528234	1868	
-0.773116	0.459683	5497	
0.099001	-0.965754	6907	
-0.946795	-0.215133	6461	
-0.574960	0.541972	944	
0.418078	0.566035	1643	
-0.469132	0.055356	906	
-0.253688	-0.494191	2349	
-0.177192	0.729247	5694	
-0.171079	-0.872112	5930	
0.871011	0.477394	5762	
-0.779473	0.190378	1765	
0.175606	-0.451109	2467	
0.686150	0.499983	4147	
-0.293729	-0.151578	5679	
-0.449196	0.177220	2126	
0.486381	0.793116	3905	
0.774658	-0.066938	6389	
-0.202786	-0.448268	1673	
-0.334412	0.101880	1266	
0.505355	-0.728819	4884	
-0.034532	0.887034	2732	
-0.365878	-0.175707	1995	
0.747857	0.422304	1988	
-0.438249	0.672422	552	
-0.202062	-0.525961	2345	
-0.491548	-0.547439	2418	
-0.312001	-0.288087	3050	
-0.924614	0.119796	6697	
-0.091141	-0.374339	3908	
-0.502022	0.052693	1684	
0.247204	-0.414638	670	
-0.237007	0.941590	1292	
0.088430	-0.229032	921	
-0.672571	0.433579	1064	
-0.095865	-0.690296	4622	
-0.263089	-0.374323	5830	
-0.003020	-0.695690	4953	
0.060597	-0.697876	3947	
0.562612	-0.560429	5145	
-0.098010	-0.282115	1113	
-0.122556	-0.674656	4310	
-0.005260	0.841629	5038	
-0.448268	0.013756	1052	
0.041360	-0.519120	3310	
0.565350	-0.588870	3360	
0.106860	-0.881981	4332	
0.939897	0.243654	592	
-0.550111	0.301081	6672	
-0.612118	-0.753682	1237	
-0.749671	0.491869	5171	
-0.596568	0.087298	1705	
-0.159005	-0.613712	5270	
0.594491	0.495701	2283	
-0.520817	-0.222857	2315	
-0.333989	-0.159177	1137	
-0.972753	-0.210591	6777	
0.552369	0.826584	1844	
0.709171	0.314305	1105	
0.013872	-0.226937	451	
0.440392	-0.610770	5211	
0.357868	-0.716140	4345	
0.301626	0.834234	2600	
0.301817	-0.503993	3680	
0.140900	-0.548127	4182	
0.522185	-0.455117	873	
-0.072747	-0.377413	3934	
-0.359891	-0.198187	2189	
-0.853546	0.378456	6481	
-0.350031	0.133326	6105	
-0.324978	0.116754	6164	
-0.131880	0.920698	4393	
0.357614	-0.633439	568	
-0.649344	0.181041	912	
-0.516396	0.450551	874	
0.742388	0.151091	987	
-0.404520	0.557959	4178	
0.969651	-0.214886	1562	
-0.482309	-0.251526	2862	
0.525044	-0.456431	873	
-0.477124	-0.101390	5353	
0.332720	-0.552206	1340	
0.820831	0.518473	742	
-0.928610	-0.069133	5013	
0.485441	0.840815	514	
-0.322812	-0.915684	823	
-0.392367	0.797017	4569	
0.743760	-0.215340	5673	
-0.664694	-0.013466	4771	
-0.346281	-0.538352	5884	
-0.492838	0.258198	639	
0.075186	-0.461190	1605	
0.732220	0.102611	6091	
-0.337666	0.668271	2472	
0.288354	-0.693669	4901	
0.214373	-0.347992	2117	
0.453727	-0.666755	571	
0.249588	-0.392317	668	
-0.568428	-0.523918	2352	
-0.655628	-0.332007	5974	
-0.578051	0.517373	1278	
0.219057	-0.386642	934	
-0.908036	-0.204985	3581	
-0.430788	-0.777678	3326	
0.133920	-0.558020	4655	
-0.107844	-0.780239	3090	
-0.591534	0.107737	1731	
0.535561	0.534399	1911	
-0.861750	0.066819	3772	
-0.862866	-0.348322	6383	
0.064410	0.723781	1539	
-0.690390	0.569274	5449	
0.477997	0.845081	514	
-0.155179	-0.430615	3484	
0.813885	-0.380036	5230	
-0.564872	0.739963	6769	
0.581127	0.632731	2450	
0.762857	-0.538843	1233	
-0.539169	-0.758552	805	
0.095024	-0.334220	5142	
0.123990	-0.602140	1738	
-0.170801	-0.201023	707	
0.910518	0.191474	3582	
0.605910	-0.392297	6457	
0.216611	-0.619344	1648	
-0.754595	-0.178376	1122	
-0.222995	-0.061732	6545	
-0.587657	-0.543165	2810	
0.460730	-0.489342	967	
-0.367973	0.084646	1692	
0.382489	0.695093	3439	
0.485348	-0.690835	3597	
0.899818	0.236224	6206	
-0.298361	-0.789316	1385	
0.375591	-0.380435	6967	
-0.336805	-0.173795	1137	
-0.535975	0.142301	2769	
-0.187834	-0.185781	889	
-0.175571	-0.780605	2628	
-0.197277	-0.249226	2926	
-0.559961	-0.743454	619	
0.536747	-0.453197	5596	
0.722176	-0.214014	6409	
-0.069759	-0.598738	2329	
-0.380194	0.644365	5625	
-0.163761	-0.581719	3521	
-0.090365	0.803690	4102	
-0.687239	-0.316995	4748	
0.257797	-0.493120	5203	
-0.071550	0.801411	4710	
-0.187858	-0.250966	3300	
-0.927552	0.088167	6739	
-0.994683	-0.039923	503	
0.253848	-0.589969	4291	
0.092967	-0.356289	5100	
-0.267711	-0.349435	5295	
-0.665587	0.032480	3776	
-0.665141	0.045542	2524	
0.133746	-0.553151	4655	
0.105183	-0.628335	1805	
-0.248287	0.014362	554	
-0.431368	0.526951	5097	
0.415596	-0.401048	2715	
-0.985464	0.136856	5656	
-0.260763	0.642772	1811	
-0.931122	-0.025512	4081	
-0.720913	0.006698	4250	
-0.182405	0.783259	868	
-0.558599	-0.478674	2733	
-0.590752	-0.671390	2823	
0.485166	-0.581962	4840	
0.518958	-0.453205	873	
-0.305453	-0.404602	5222	
0.291791	-0.692189	4901	
-0.407948	-0.149009	5571	
0.485390	-0.690342	3597	
0.129922	0.986982	450	
-0.149486	-0.448128	5162	
-0.049092	-0.212844	2783	
0.327222	-0.737190	4573	
0.123243	0.987955	5272	
0.649528	-0.722379	862	
0.087215	0.925541	3874	
0.076017	-0.266567	6931	
0.636911	-0.435098	1075	
-0.730837	-0.441973	3237	
-0.315879	-0.582822	2323	
-0.109876	-0.825451	5675	
-0.581788	-0.163691	3260	
-0.393870	0.090063	2061	
0.949804	-0.203476	6647	
-0.035401	-0.593821	1924	
0.129261	-0.746277	5007	
-0.390465	-0.388890	3064	
-0.347090	-0.292189	2695	
0.660290	0.192139	2177	
-0.658375	0.049840	2524	
-0.344148	0.117054	1266	
0.028495	-0.559641	1834	
-0.321012	-0.431864	2729	
-0.554126	-0.059585	3837	
0.094135	-0.780862	2341	
0.324505	0.827236	2568	
-0.688852	-0.001775	4753	
0.971118	0.209571	6778	
-0.172668	-0.768744	2832	
-0.617643	0.123217	2206	
-0.184400	-0.557819	2465	
-0.411273	-0.737344	3662	
-0.343907	-0.408854	2607	
-0.460771	-0.599697	2701	
0.107772	0.850897	5718	
0.570470	-0.404679	5213	
-0.920127	0.378413	6879	
-0.927851	-0.077736	5013	
0.522637	-0.443360	5596	
-0.286242	-0.701932	2886	
0.936020	-0.259816	6924	
-0.875920	-0.314464	6371	
0.373676	-0.416223	1296	
0.752458	-0.203475	5673	
-0.432246	-0.407882	3078	
-0.234050	-0.734553	2397	
-0.554340	0.316837	6226	
0.689550	0.012217	4754	
-0.581255	-0.223371	3665	
-0.719683	-0.522577	3802	
0.905812	-0.351211	6281	
0.324987	-0.501147	2394	
-0.401374	-0.504860	6018	
-0.055867	0.928342	3812	
-0.421919	0.593538	4631	
0.057357	-0.649984	4271	
0.872688	-0.427316	6822	
-0.018558	-0.341889	5607	
-0.422009	-0.268351	3184	
0.551931	0.695436	2676	
0.298273	0.772361	1864	
-0.209395	-0.100197	580	
-0.338711	0.770184	4612	
0.521056	-0.443721	5596	
-0.286950	0.808905	4544	
-0.889276	-0.273920	6189	
0.594701	-0.767931	6252	
-0.540943	-0.204531	3283	
-0.042517	-0.663232	3193	
-0.041898	-0.660038	3193	
-0.430868	-0.329872	3436	
0.721817	-0.360551	5530	
0.007936	-0.572167	1620	
-0.300903	-0.363945	1681	
-0.619891	-0.031803	3746	
0.220222	-0.378162	934	
-0.945963	0.310040	6432	
-0.409067	-0.484542	5558	
-0.481058	-0.381830	5574	
-0.079899	-0.470730	5072	
0.311260	0.665858	2356	
0.332179	-0.545492	1340	
-0.792206	0.209519	1925	
0.056707	-0.294036	470	
-0.830329	0.427213	6141	
-0.298517	-0.672337	2355	
-0.438815	0.175257	5706	
-0.225917	-0.088162	5699	
0.884308	-0.454397	5637	
-0.519837	-0.415666	5982	
0.107028	-0.338624	5142	
-0.474990	0.874911	5689	
-0.928383	0.081882	6739	
-0.542903	0.601013	3925	
-0.721128	0.592068	6401	
-0.463394	-0.468704	2878	
-0.380868	-0.846421	6693	
-0.170413	-0.715160	3350	
0.188476	-0.395219	984	
-0.641311	-0.547545	3545	
0.529215	-0.457843	1151	
0.060882	-0.730652	4007	
-0.375347	0.753745	2513	
0.463232	-0.720494	2909	
-0.883772	-0.110869	6791	
0.594110	-0.716115	4826	
0.742623	-0.073026	6060	
0.721921	0.153182	5319	
-0.568988	0.258943	1615	
0.664080	-0.666847	6140	
-0.113432	-0.427220	4904	
-0.902119	0.236626	5286	
0.173051	-0.636896	3083	
0.796116	0.555622	5758	
-0.799129	-0.318068	3800	
-0.511525	-0.631891	3289	
-0.695803	-0.552450	3470	
-0.457376	0.884439	5689	
-0.032526	-0.283087	4026	
-0.592752	0.092649	1705	
-0.632273	0.504886	858	
-0.475246	-0.386679	5574	
0.381034	-0.701306	4948	
0.732902	0.188248	1121	
-0.553093	-0.364471	5685	
-0.442864	-0.433904	1002	
-0.283254	0.885895	4581	
0.244031	-0.342157	1726	
0.716589	-0.311799	6077	
0.067207	-0.259440	6779	
-0.336883	-0.436424	3029	
-0.047844	-0.232406	1144	
0.144747	-0.443776	3955	
0.845038	0.522027	6023	
-0.622700	-0.001010	3072	
0.228493	-0.774515	5989	
0.534155	0.504236	2304	
0.411822	-0.397627	2715	
-0.026649	-0.394724	4294	
0.335342	-0.723635	4681	
-0.061703	-0.374585	4052	
-0.526677	-0.021194	4387	
-0.641598	0.427962	1076	
0.904755	-0.353934	6281	
-0.615533	0.010612	4338	
-0.529554	0.158558	2365	
0.544703	0.579648	2588	
-0.047322	-0.694750	5661	
-0.702095	-0.706159	6041	
0.054285	-0.562156	4858	
-0.544355	0.497834	696	
0.847390	0.519063	2528	
0.192908	-0.271979	6182	
0.006314	-0.963214	1027	
-0.292213	-0.028980	3842	
-0.605316	-0.292464	3245	
0.078642	-0.850084	1294	
0.132216	-0.278038	3982	
-0.193674	-0.311102	3164	
-0.004661	-0.928963	4235	
-0.351409	-0.153643	1661	
0.867835	0.203779	3294	
0.858660	-0.071437	4227	
-0.197828	-0.575533	5880	
0.627232	-0.334408	5553	
-0.233786	-0.363727	5416	
0.497112	-0.548001	5096	
0.861820	0.011560	3941	
0.112542	-0.513114	1117	
-0.511090	-0.411792	5982	
-0.341683	-0.290596	2695	
-0.373146	-0.807047	2813	
0.900300	0.235062	6206	
0.465552	-0.852238	5590	
-0.006967	0.993523	536	
0.910410	-0.339021	6281	
-0.425780	-0.065595	3978	
-0.256884	-0.309555	3276	
-0.550113	-0.046754	3849	
0.137023	0.783355	3371	
0.722621	0.648442	6900	
-0.727838	0.275620	6340	
-0.337092	-0.065431	2712	
-0.282832	0.079345	6850	
-0.227273	-0.517766	2381	
-0.116559	-0.561060	1642	
-0.112061	-0.234402	6657	
-0.339778	-0.273069	4412	
-0.513498	0.704220	4931	
-0.121807	0.698324	3340	
0.063152	-0.224822	999	
-0.451657	0.006743	1221	
0.353507	-0.591274	6593	
-0.677562	-0.637693	6185	
0.687429	-0.376640	4812	
0.746401	0.219064	1125	
-0.553221	-0.234048	3602	
-0.819279	-0.018774	6145	
0.344108	-0.455455	828	
-0.205496	-0.550304	3267	
-0.201822	-0.123899	611	
0.839308	0.119239	5302	
0.083088	-0.749493	1865	
0.438019	0.616794	2533	
0.738375	0.501225	4277	
0.939471	-0.323274	6431	
0.809707	-0.386706	5230	
-0.206276	-0.115599	588	
-0.594932	-0.767294	6414	
0.460848	0.639094	3036	
0.750054	-0.452784	5915	
-0.515755	-0.772592	3010	
0.258150	-0.538839	4500	
0.053368	-0.969408	6179	
0.067785	-0.574281	1304	
0.389458	-0.390539	6618	
-0.444293	0.668920	572	
0.543357	0.754667	806	
0.381281	-0.619703	652	
-0.472750	-0.060587	4053	
0.008232	0.930145	4236	
-0.499995	-0.230278	2644	
-0.343550	0.134490	6105	
0.123030	0.849210	5756	
0.457499	-0.490781	967	
-0.000771	-0.930414	6731	
0.569384	-0.736848	6770	
-0.208121	-0.744096	3352	
0.173291	-0.871315	3875	
-0.505035	-0.562185	4259	
0.723739	-0.205479	6459	
0.342253	0.650073	2538	
-0.390207	-0.756082	1803	
-0.356214	-0.895252	848	
0.487331	-0.743862	4778	
0.649771	0.274063	3706	
-0.106139	-0.468424	4944	
0.855757	0.505793	2528	
-0.202916	-0.472640	1819	
0.552482	0.748556	806	
0.702759	0.010839	4754	
0.891146	-0.055636	4270	
0.003907	-0.462908	4504	
-0.155281	-0.621533	1194	
-0.628311	0.243207	852	
0.056487	-0.323213	6032	
0.134891	0.920302	6512	
0.211611	-0.842140	5949	
-0.796161	0.023144	4695	
0.800520	0.390841	3943	
0.223147	-0.612555	1250	
0.099386	-0.814629	4101	
-0.288318	-0.038259	2560	
-0.663588	0.039231	3776	
0.556546	-0.455647	5596	
0.355829	-0.814129	4921	
0.737963	0.073367	4704	
0.005907	-0.348018	6705	
-0.473589	-0.261459	3094	
-0.860095	0.087382	4228	
-0.627820	0.249485	852	
-0.229943	-0.696283	3820	
0.866226	-0.225653	1395	
0.519856	-0.444019	5596	
-0.931768	0.007941	6005	
-0.627797	-0.244591	2421	
-0.297731	-0.215942	2367	
-0.025359	0.733293	3914	
-0.409366	-0.080156	3978	
0.074386	-0.226286	713	
-0.207342	-0.482931	3140	
-0.857047	-0.456162	5747	
0.843151	0.273531	3396	
0.792143	-0.143461	4212	
-0.491033	0.739915	4777	
0.327181	0.614703	2044	
-0.372712	-0.372572	5804	
0.650671	0.346107	5973	
0.698917	-0.561536	5392	
-0.248690	-0.217017	2661	
0.538397	-0.444687	5596	
-0.478122	-0.720590	3027	
0.004761	-0.357185	2172	
0.511564	-0.662726	1425	
-0.009083	-0.547640	4564	
-0.335188	-0.575286	2419	
-0.628700	-0.208587	2192	
0.243584	-0.441568	3951	
0.199110	-0.555270	1415	
0.970800	-0.026114	5499	
0.961398	-0.138206	6309	
0.848505	-0.473664	4986	
-0.751426	0.654096	5702	
-0.403719	-0.291053	4734	
0.106548	0.835730	5718	
-0.048751	-0.239310	697	
-0.546950	-0.116928	1960	
0.738338	-0.074142	6060	
-0.637553	-0.256263	2749	
0.031346	-0.449810	3828	
-0.308481	0.108668	628	
-0.059575	-0.668935	5525	
-0.598776	-0.643535	2449	
0.097280	-0.403983	1678	
0.383272	-0.618469	652	
0.712025	0.535109	3469	
0.527053	-0.457252	873	
0.365743	0.758723	2414	
-0.898799	-0.242462	5847	
-0.073328	0.853820	1293	
-0.852226	-0.052307	2547	
-0.645727	-0.087993	3675	
0.039168	-0.649196	4619	
0.039113	-0.929464	4131	
0.560209	0.754984	806	
0.580476	-0.576946	5160	
0.021436	-0.617358	4365	
-0.384135	-0.204154	2287	
-0.350095	-0.250748	4412	
-0.135765	-0.282954	461	
0.017538	-0.196375	1849	
0.573655	-0.466041	397	
-0.249778	-0.376354	5854	
0.422909	0.764449	2825	
0.070956	0.874484	2854	
-0.501410	-0.246276	2644	
-0.343230	0.818984	5083	
-0.388174	-0.324210	1079	
0.674364	0.345902	855	
0.430495	-0.684209	6292	
-0.536027	-0.227982	3550	
-0.592515	-0.346715	6103	
-0.236615	-0.644158	2519	
-0.759357	-0.461632	3240	
0.964464	0.238682	548	
-0.417684	-0.422580	5582	
0.517166	-0.444749	5596	
0.487152	0.482862	3017	
-0.552546	-0.748884	805	
0.581670	0.631619	2450	
0.653033	-0.250762	4474	
0.329369	-0.775163	4611	
0.221282	-0.469896	1014	
0.213643	-0.577856	1810	
0.786175	0.061204	1807	
0.843024	0.172163	3794	
-0.087515	-0.383267	3934	
0.538860	-0.448948	5596	
0.809114	0.236301	3562	
-0.271948	0.814756	3709	
0.789727	-0.233874	1666	
-0.139943	-0.416660	4972	
-0.430983	0.017443	1052	
-0.216580	-0.244854	3223	
-0.850710	0.277165	2152	
0.350003	-0.503567	4633	
-0.033389	-0.518213	3768	
0.238550	-0.280730	6524	
-0.317633	-0.517544	2968	
-0.378119	0.075966	1997	
0.592793	0.511080	2351	
-0.498750	-0.115561	4740	
-0.164613	-0.162713	660	
-0.101794	-0.351258	3672	
-0.379337	0.849329	502	
0.625531	-0.400386	496	
-0.720149	0.687704	1438	
0.062619	-0.217036	1321	
-0.196642	-0.466173	1819	
-0.303329	-0.409833	1837	
-0.194604	0.951214	6608	
0.428387	-0.459447	6743	
0.211856	-0.662591	3911	
-0.074621	-0.839371	5349	
-0.612704	0.421824	495	
-0.900816	0.231899	4708	
0.505533	-0.495205	5338	
0.016825	0.734006	2939	
-0.436904	-0.296569	3478	
0.181328	-0.758577	867	
0.401178	0.612194	2605	
-0.658135	-0.544086	3055	
0.010700	-0.348917	6705	
-0.303180	0.742444	5068	
0.917097	0.318891	570	
-0.055690	-0.428711	3495	
-0.646124	0.013694	4275	
-0.334256	0.000066	1500	
-0.641977	-0.478325	2554	
-0.357474	0.858504	498	
-0.508931	0.728903	4883	
-0.891270	-0.075782	3261	
0.021561	-0.641135	4551	
-0.601109	0.520881	1148	
-0.751785	-0.428196	2585	
0.851685	0.373654	3591	
0.648899	-0.346287	5025	
-0.372266	-0.007661	4933	
-0.442024	0.770874	426	
0.803336	0.468379	6814	
-0.502001	-0.734692	3136	
0.419527	0.737494	2493	
0.112934	-0.656809	3407	
-0.102805	0.870213	1965	
0.385998	0.672468	3509	
0.658226	-0.232417	4816	
-0.303071	-0.254320	2766	
-0.345392	-0.418359	2992	
-0.421560	-0.449088	1004	
-0.260146	0.808280	2401	
-0.052654	-0.570708	3042	
0.469843	-0.875387	5690	
-0.230706	-0.540619	5490	
0.847713	0.050401	6258	
0.752460	0.102065	691	
0.302870	-0.682994	4969	
-0.146283	0.918434	4461	
0.048933	-0.710414	4099	
-0.556084	-0.036342	3849	
0.946826	0.215051	6462	
-0.106182	-0.196926	810	
0.691382	0.254643	751	
0.682172	-0.350076	5024	
-0.255021	-0.135718	816	
-0.741797	0.081496	6059	
-0.815464	0.299532	4806	
-0.482479	0.691923	3598	
-0.222799	-0.148739	6765	
-0.436609	-0.294887	3478	
-0.151732	-0.830634	3547	
0.862801	-0.355118	4975	
-0.784988	0.357492	5021	
-0.653678	0.437558	1016	
-0.449070	0.223180	6960	
-0.659444	-0.374238	6036	
-0.325769	0.670193	4058	
0.539022	-0.447667	5596	
0.142808	-0.533038	4182	
-0.234469	-0.258486	2490	
0.609747	-0.756132	6252	
0.529307	0.508835	2304	
-0.864221	-0.147905	1480	
0.283774	0.810745	2273	
-0.837604	-0.299675	3110	
-0.800328	-0.270102	2923	
-0.287321	0.692269	4902	
0.553976	-0.797724	566	
0.950337	0.199111	6462	
0.570470	-0.404679	5213	
0.336715	0.910641	824	
-0.246402	-0.532621	5914	
-0.489061	0.112387	1742	
0.224447	-0.609868	1250	
-0.828378	-0.170564	3793	
-0.110342	-0.449175	1460	
0.581459	0.777552	6413	
-0.570470	0.404679	5214	
-0.405841	-0.270808	3184	
0.359448	-0.490360	1276	
-0.153057	-0.637786	1174	
-0.053462	-0.347569	2872	
-0.626617	0.212472	740	
0.877550	0.142470	2387	
0.542867	0.418117	2561	
0.030167	0.929513	3880	
-0.467230	0.167919	2126	
-0.556213	0.157351	4151	
0.008162	-0.387663	4000	
-0.533661	-0.038387	4421	
-0.410863	-0.835081	3454	
0.237777	-0.630708	1914	
-0.141229	-0.219416	6515	
-0.439114	-0.527077	2957	
0.870444	-0.032325	4533	
-0.615045	0.646036	5432	
-0.500565	0.120928	1604	
0.221939	-0.852358	5949	
-0.891475	0.019602	4534	
-0.917852	0.162243	6742	
-0.500699	0.051620	1684	
-0.290227	-0.337914	2908	
-0.370835	-0.689133	3440	
-0.473408	0.875269	5689	
0.171790	-0.641904	3083	
0.606974	0.651228	2648	
-0.107926	-0.391175	5383	
-0.449703	0.162302	3825	
0.806700	-0.148215	4450	
0.247394	-0.816075	6271	
-0.709899	-0.346774	2291	
0.597419	-0.617968	5051	
-0.200806	-0.711047	1852	
0.312286	-0.331385	6733	
-0.657923	-0.471724	3132	
-0.632109	-0.332527	3241	
-0.484966	-0.149128	2109	
0.668827	-0.255524	4936	
-0.452090	0.078161	854	
-0.627898	0.396327	645	
0.846138	0.386561	5035	
-0.861267	-0.037560	2173	
0.162239	0.717153	3821	
0.736263	-0.382659	5163	
-0.494768	0.100201	1982	
-0.902771	-0.025320	4072	
0.852144	-0.380474	6482	
-0.463894	-0.596587	2498	
-0.675505	-0.531258	3214	
0.310773	-0.550916	1680	
-0.927163	-0.086570	5331	
-0.212324	-0.434489	2934	
0.861097	-0.248065	4467	
-0.802562	0.291791	4550	
-0.604181	0.660899	5368	
0.331399	-0.553332	1340	
-0.467725	-0.086992	5353	
0.735101	0.193008	1121	
-0.720709	0.339278	6076	
0.210123	-0.429893	5136	
0.689670	-0.032434	4193	
-0.199758	-0.783563	2964	
-0.061913	-0.447188	5376	
-0.225576	-0.365704	5416	
-0.457953	0.061247	894	
0.058373	-0.294219	470	
-0.303574	-0.054868	2550	
-0.590895	-0.259608	3707	
0.511023	-0.666069	3769	
-0.532848	-0.298300	3573	
0.732167	-0.517795	6958	
-0.303801	0.094574	6858	
-0.467519	-0.846849	513	
0.303613	0.670178	2356	
-0.141548	-0.299540	3678	
-0.381939	-0.203565	2287	
-0.061493	-0.518060	1932	
0.061060	-0.412924	1830	
-0.232822	-0.016694	690	
0.361124	-0.357978	1281	
-0.455061	-0.809582	3972	
0.256017	-0.546117	4520	
-0.631670	-0.378929	5870	
-0.898037	0.252054	5286	
-0.298747	0.089385	6858	
0.401747	-0.402077	6303	
-0.457467	-0.073406	3765	
0.948905	-0.207673	6647	
0.449535	-0.529259	4795	
0.004942	-0.548124	3554	
0.274025	0.628216	2512	
0.791966	0.486721	3513	
0.954233	0.162679	590	
-0.243189	0.019404	776	
0.661783	-0.219161	4770	
-0.371134	0.010052	4933	
0.122795	0.931361	3639	
0.678557	0.542681	3213	
0.275505	-0.807509	3710	
-0.326274	0.118026	6164	
0.444571	-0.769762	425	
0.731058	0.260775	2211	
0.401959	-0.401990	6303	
-0.640652	-0.575426	3225	
0.567520	-0.546780	4912	
-0.290829	-0.427478	2474	
-0.731561	0.259610	6340	
-0.749687	0.301588	5396	
-0.038546	-0.618961	2279	
-0.882302	0.134222	4626	
0.539410	-0.546987	5086	
-0.046420	-0.406368	4028	
-0.080439	-0.727508	2072	
-0.440283	-0.617047	2534	
-0.639709	-0.364725	6222	
0.659983	-0.313024	5247	
0.060872	-0.611893	1854	
-0.362296	-0.256082	4412	
-0.227405	-0.178650	3302	
-0.637974	-0.281897	3705	
-0.647458	-0.001637	4275	
-0.489907	0.266201	6479	
0.721040	0.160371	5319	
0.778224	0.213324	2865	
-0.768913	0.460732	5497	
0.440746	0.819038	3155	
-0.456864	-0.159420	2051	
0.204445	-0.266395	6182	
0.065699	-0.488259	1664	
-0.465984	-0.107926	5405	
-0.447413	-0.608852	2534	
-0.152910	0.825927	2892	
0.347671	-0.539834	6529	
-0.781824	0.447393	5710	
0.121947	0.674767	4309	
0.794043	-0.322060	4637	
0.674352	-0.368383	4812	
-0.697587	-0.301923	686	
-0.710800	0.697809	5636	
0.914922	0.389157	6592	
-0.325795	0.003981	1500	
0.281829	-0.608448	2084	
-0.340047	-0.725363	3866	
-0.315192	-0.629165	2011	
-0.527035	-0.291802	3573	
0.856928	0.086357	6784	
0.700477	-0.403939	1263	
-0.404528	0.035497	3751	
0.065541	-0.230022	999	
-0.372964	0.629113	567	
0.422252	-0.511505	556	
0.017364	-0.196374	1849	
0.169205	0.692204	3471	
-0.100905	0.965551	6908	
-0.200924	-0.675164	1213	
-0.517769	0.597975	5805	
-0.788921	0.426843	5972	
-0.330674	-0.799227	3523	
0.020679	0.701989	4996	
0.208585	-0.770843	5407	
-0.244280	-0.480318	1929	
-0.710688	-0.188656	800	
0.083796	0.845876	5190	
-0.447437	-0.311917	3532	
-0.143329	-0.177041	2612	
0.734287	0.305381	2668	
-0.303329	0.684514	4970	
0.593119	0.661252	2648	
-0.129270	-0.759613	2736	
0.254306	-0.422878	3997	
-0.572098	-0.168526	3588	
0.322361	0.915706	824	
-0.150160	-0.773313	2516	
-0.742916	-0.488048	4278	
0.657921	-0.233538	4816	
-0.253995	-0.574824	5472	
-0.039853	-0.307545	1971	
-0.177792	-0.441406	2157	
0.789976	-0.230403	1666	
-0.531371	0.020265	1695	
-0.331939	0.646260	1337	
-0.841385	-0.133066	1710	
-0.065421	-0.302136	6353	
0.759764	0.067709	5910	
-0.273973	-0.531046	5482	
-0.128243	0.878435	3363	
0.086367	-0.794153	4709	
0.367776	-0.551938	5277	
-0.183780	-0.238556	5903	
0.050514	-0.969567	6179	
0.694098	0.134849	4764	
0.955993	0.144831	434	
0.456379	0.810739	3971	
0.069438	-0.588435	1304	
0.518777	0.558813	2495	
-0.053176	0.923814	3812	
-0.528864	0.093332	1747	
0.301186	-0.613897	1586	
-0.564121	-0.390834	2008	
-0.549818	-0.016322	1950	
-0.458031	0.140285	4433	
0.090651	-0.605376	4950	
-0.250495	-0.456934	2225	
0.539058	-0.447078	5596	
-0.243443	-0.235413	2997	
0.795155	-0.120692	3892	
-0.523574	0.455798	874	
-0.354363	-0.495780	5518	
-0.012884	0.846969	5038	
0.611198	-0.703258	5093	
0.550313	0.545981	2580	
0.780147	0.107889	607	
-0.057798	0.992396	6342	
0.059059	-0.558301	1374	
-0.291082	-0.174532	829	
-0.059856	-0.769798	1891	
-0.360735	0.149990	507	
-0.073391	-0.603040	2329	
-0.513666	-0.267632	3394	
-0.439495	-0.238234	3742	
-0.245141	-0.819117	1627	
0.956523	0.166824	590	
-0.183581	-0.499541	2370	
-0.524447	0.282960	6684	
-0.497738	-0.381308	5234	
-0.139284	0.876779	3363	
-0.446918	-0.249565	2838	
-0.354925	0.007870	1859	
-0.486980	-0.371954	5574	
0.426599	-0.826806	399	
-0.891331	0.275032	5220	
0.228094	-0.523512	4090	
-0.322064	0.940471	5860	
-0.177600	-0.680600	3472	
-0.570631	-0.045693	3837	
-0.412507	-0.172776	936	
-0.307627	-0.276138	3050	
-0.794934	0.016991	4695	
-0.200931	-0.949860	6729	
0.869736	0.294812	3426	
-0.192003	-0.639115	4721	
-0.767529	-0.634441	5765	
0.738102	-0.113642	6486	
-0.043399	0.785469	4842	
-0.458364	0.018520	998	
-0.721162	-0.163198	5320	
-0.268210	-0.837042	2219	
-0.112148	-0.448827	1460	
-0.593244	-0.469438	2029	
-0.333498	0.125386	1266	
0.680382	-0.636460	6240	
0.084658	0.884040	3634	
-0.256191	0.682645	4290	
-0.278902	-0.294207	3377	
0.037182	0.784352	4018	
-0.828679	0.201578	4895	
0.193545	-0.612784	1476	
-0.830174	-0.159635	4169	
0.617456	0.595039	4692	
-0.623375	0.347467	5336	
-0.273547	-0.266398	3082	
0.150424	0.917288	5780	
0.121148	0.864246	5290	
-0.533184	0.762977	4843	
-0.503450	0.858909	1559	
-0.585639	0.222851	1446	
-0.519878	-0.380560	5268	
-0.025078	-0.224354	781	
-0.301772	-0.413287	1837	
0.120136	-0.216149	937	
0.801603	-0.148315	4450	
-0.009814	-0.428945	4042	
0.909018	0.341158	6616	
-0.501049	-0.310107	3374	
-0.411839	0.833704	400	
-0.278284	-0.466245	2353	
0.573619	-0.558782	5077	
-0.847083	0.392008	6481	
-0.588896	-0.555518	3147	
-0.469394	0.586054	5815	
0.483466	0.650036	3250	
-0.676524	-0.638836	6185	
0.940069	-0.244729	6727	
-0.343782	-0.146870	1661	
0.058774	-0.242655	999	
-0.658708	-0.657390	4483	
0.254718	-0.433339	3997	
-0.202448	-0.226678	1247	
-0.289969	-0.209516	2367	
-0.248451	0.963736	5874	
-0.492330	0.574802	5139	
0.962300	0.253653	592	
-0.914578	0.394458	859	
-0.542992	-0.025631	3849	
-0.969346	0.059961	5976	
0.629821	-0.470714	6030	
-0.925971	0.105110	6719	
-0.181917	-0.475586	1825	
0.479871	-0.555970	4851	
0.559634	0.427092	2371	
-0.240437	-0.254363	2490	
0.675826	0.378967	1127	
0.100923	-0.747068	1955	
-0.261528	-0.222349	2661	
-0.673131	-0.699663	1171	
0.393294	0.843207	6694	
-0.628110	0.575639	5373	
0.201832	-0.307958	2092	
-0.871128	0.200790	1548	
-0.029751	0.767976	4658	
0.797474	0.553677	5758	
0.454292	-0.635377	6935	
0.133002	-0.685793	5365	
0.131626	-0.920981	4394	
-0.307363	-0.398955	5222	
-0.624691	-0.501356	2808	
0.922337	0.303451	570	
-0.091020	-0.412139	3248	
-0.190004	0.762321	884	
-0.968965	0.066041	5976	
0.371723	0.762298	2414	
-0.436849	0.612833	6916	
0.230503	0.738419	2398	
0.686596	-0.082607	4435	
0.654699	0.338637	5973	
-0.326577	-0.079856	3516	
0.724622	-0.527644	726	
-0.235204	-0.242269	2997	
-0.547734	-0.544659	3161	
0.017371	-0.196345	1849	
-0.231977	0.942830	1292	
-0.304252	-0.392121	5222	
-0.182806	0.652389	3084	
-0.243613	-0.558934	5472	
0.673386	0.514304	3459	
-0.068921	-0.214842	791	
0.816079	0.525932	435	
-0.397432	-0.559245	2622	
-0.388211	-0.373075	5788	
0.433366	-0.823329	473	
0.288426	0.676808	2176	
-0.436698	0.867322	866	
0.209876	-0.446804	1251	
-0.474172	-0.378379	5574	
-0.166922	0.656574	4376	
-0.643231	-0.288422	3733	
0.278427	-0.747804	5255	
-0.655890	-0.410358	2360	
-0.547513	-0.372859	2309	
-0.635854	0.436190	5563	
-0.234886	-0.857174	4149	
-0.048207	-0.558927	3042	
0.228704	-0.274408	389	
-0.990799	0.093992	2034	
-0.478195	0.586570	5815	
0.697731	-0.111684	4232	
0.027472	-0.970519	947	
0.730810	-0.316841	6019	
-0.231627	-0.747172	2764	
-0.429850	-0.662565	3287	
0.687791	0.626100	6186	
-0.013633	-0.300024	6513	
-0.370964	-0.150451	881	
0.038938	-0.566103	1878	
0.815040	-0.238558	4458	
0.063119	-0.491767	1498	
-0.452553	-0.166258	2051	
0.512268	-0.674019	4635	
-0.797718	-0.301263	3800	
-0.316551	-0.663936	2389	
-0.169709	-0.365658	5360	
0.065781	-0.510749	1216	
-0.345283	-0.625318	2499	
0.210352	-0.379899	822	
-0.074376	-0.218134	655	
-0.595801	-0.398293	2255	
0.158007	-0.236859	431	
-0.505115	0.781039	5053	
-0.263633	-0.602233	2806	
0.798940	-0.192894	4114	
0.054745	-0.731296	4007	
-0.783620	0.436411	5710	
-0.304918	-0.239525	2766	
-0.730736	0.676669	1438	
-0.445733	-0.769294	3326	
-0.352316	-0.904645	5960	
-0.136895	-0.208103	6489	
-0.747031	0.352287	4684	
0.283788	-0.559613	2080	
-0.667005	-0.528721	3099	
-0.116007	0.884714	3929	
0.012130	-0.283572	1871	
-0.480032	0.062990	1684	
-0.537920	-0.527409	1912	
-0.050932	-0.424014	3495	
-0.706825	-0.604885	3060	
-0.266434	-0.057546	2948	
-0.418979	0.643731	6565	
-0.659920	0.224698	4769	
-0.078921	-0.847278	5349	
0.287769	-0.550688	3614	
-0.451141	-0.725184	3118	
0.031915	0.970333	6624	
-0.190925	-0.612569	4641	
0.537732	-0.443936	5596	
-0.439445	0.071418	4237	
0.794690	-0.558895	1211	
-0.659892	-0.655969	4483	
0.274008	-0.413471	675	
-0.887357	0.095331	4744	
0.620800	0.433262	2298	
-0.643409	-0.193846	1917	
0.849342	-0.040555	3693	
-0.530311	0.247798	6327	
-0.568748	0.683812	5209	
0.578755	-0.729711	6770	
-0.428136	-0.202690	3936	
0.857108	-0.457893	4986	
-0.461058	0.093456	1096	
0.118859	-0.479133	4296	
0.199555	-0.306092	2092	
0.847900	-0.151200	4488	
0.110146	-0.478190	2144	
-0.174754	-0.317277	3164	
-0.142503	-0.197294	6489	
-0.263248	-0.511081	3105	
0.945653	0.220069	6462	
-0.649518	-0.054780	4005	
-0.039760	0.838639	1969	
0.926630	-0.091723	6740	
0.245513	-0.739703	5807	
0.085904	0.729767	2071	
-0.101344	-0.254958	1317	
-0.087539	0.798107	4624	
0.492303	0.636265	3174	
0.194900	-0.324497	1719	
0.219101	-0.835658	5949	
0.731954	-0.314833	4867	
-0.486453	-0.073726	5321	
0.491382	0.863997	5866	
-0.214359	0.662697	3912	
-0.092557	-0.241906	1317	
-0.358712	-0.467807	6054	
-0.370271	-0.655733	2798	
-0.248785	-0.001164	908	
0.646540	-0.272285	807	
-0.267508	0.849369	3291	
-0.198365	-0.784663	2964	
0.395816	0.776534	2803	
0.209396	-0.626027	1648	
-0.515206	-0.283118	3394	
-0.329408	-0.325149	2976	
0.398245	-0.476417	1408	
0.034052	-0.770127	4657	
0.352922	-0.487929	1276	
-0.698520	0.088119	4436	
-0.744727	-0.484757	4278	
0.508965	-0.624078	939	
-0.163234	-0.217445	5634	
0.329922	-0.488163	1496	
-0.167864	-0.431852	2487	
0.255705	-0.936710	715	
0.587453	-0.613519	5089	
-0.449857	-0.486382	2990	
0.251847	-0.460883	4215	
-0.918301	0.158985	6742	
0.798145	-0.360578	4853	
-0.455715	-0.260362	2582	
0.519623	-0.559862	5208	
0.919661	0.136151	6904	
0.823319	-0.308041	5165	
0.203182	-0.665704	3911	
-0.521897	-0.675808	3723	
-0.493608	-0.188768	2897	
0.834406	-0.180572	4886	
-0.493499	0.127248	3963	
-0.521440	-0.022086	4387	
-0.909464	-0.404802	6591	
-0.187747	-0.526695	2023	
-0.274743	0.056278	3970	
0.348479	-0.906230	4545	
-0.693374	-0.413643	2631	
0.568462	0.630350	2114	
-0.692220	-0.558507	3530	
0.578313	0.720311	3040	
0.694279	-0.179987	4440	
-0.603927	-0.001450	3072	
-0.902398	-0.218288	6205	
-0.067424	-0.371218	3908	
-0.390142	-0.648107	2943	
0.282601	-0.732848	5457	
0.399094	0.792990	2803	
-0.354007	-0.042396	2265	
-0.308385	0.094139	6832	
0.227457	-0.858574	6289	
0.090456	-0.654136	1631	
-0.507248	-0.069109	4991	
0.865853	0.337896	6384	
-0.273055	-0.432719	2299	
-0.382310	-0.394951	3116	
-0.271728	-0.071660	2948	
-0.084993	-0.244746	1317	
-0.781011	0.441202	5710	
0.504720	-0.780001	5054	
-0.268787	-0.706980	1651	
-0.622058	-0.208288	1917	
-0.057578	-0.850528	5125	
-0.313710	-0.218068	2373	
-0.593719	-0.086554	3334	
-0.277809	-0.236382	2207	
0.987868	0.108150	6100	
-0.617949	0.203745	724	
0.306403	0.920961	6318	
-0.245100	-0.029394	582	
0.763861	0.530437	6662	
-0.667655	-0.456574	2790	
-0.031820	-0.435878	3667	
0.464184	-0.599775	5720	
0.096606	-0.568873	4746	
0.727358	0.218801	731	
0.954769	0.176813	5862	
0.337671	-0.786540	4927	
0.805421	0.298050	2755	
0.946395	-0.218862	6735	
-0.379672	-0.520170	2000	
0.491782	-0.698404	3597	
0.108635	-0.800039	3452	
-0.011037	-0.218261	2185	
-0.225005	-0.648288	2305	
0.521997	0.769967	3009	
-0.117794	-0.235113	6657	
0.048113	-0.398308	4086	
0.775431	0.584254	986	
0.182761	-0.684950	4793	
-0.362033	-0.489478	5518	
-0.658729	0.228318	4821	
-0.287013	0.084683	6850	
0.970535	-0.035013	5499	
0.017603	-0.358304	6705	
0.536266	-0.809712	6906	
-0.008861	-0.218440	2185	
-0.628272	-0.563678	3175	
-0.599183	-0.462406	2029	
-0.757573	-0.607250	457	
-0.384242	0.005427	4933	
0.619884	-0.455084	1025	
0.154794	-0.309222	2248	
0.170019	0.747333	3219	
-0.378946	-0.505534	5648	
0.478271	-0.750302	4778	
-0.237740	-0.699734	1521	
-0.367565	-0.660755	2970	
-0.121657	-0.356167	3572	
-0.469469	-0.318035	3604	
0.671323	0.218142	2566	
0.755627	0.644567	5766	
0.815419	-0.046084	4138	
-0.102903	-0.229952	6808	
-0.159762	-0.429353	2487	
-0.269867	0.889998	4489	
-0.189422	0.977246	6806	
0.830233	-0.234988	4667	
-0.554443	-0.130561	1313	
0.675383	0.379813	1127	
0.190778	-0.617799	1788	
-0.513077	0.128959	1604	
0.050226	0.751810	1951	
-0.839618	-0.293990	3110	
0.164701	-0.273147	1342	
0.704900	0.606270	3059	
-0.345947	0.818019	5083	
-0.474875	0.154302	4305	
0.587106	0.773313	6413	
0.022759	0.791997	3762	
0.689204	0.156389	4094	
0.091875	-0.280349	5851	
-0.699283	-0.059278	4521	
-0.369641	0.550556	5278	
-0.096230	-0.304091	6173	
-0.917265	0.320006	679	
-0.268331	-0.269076	3082	
-0.365418	0.633274	567	
0.287866	-0.427914	3462	
0.083655	-0.376421	3258	
-0.578592	0.639073	5055	
0.585724	0.802178	2652	
-0.377667	-0.210431	2287	
-0.359986	-0.449332	5624	
0.362803	0.638540	2464	
-0.092639	-0.782647	2726	
0.913159	-0.392830	6285	
-0.431115	0.192225	6411	
0.034161	-0.226619	643	
-0.305873	0.114378	628	
0.213057	-0.396588	822	
-0.361378	-0.857616	5456	
0.025491	-0.380119	4012	
0.735609	0.191173	1121	
0.044187	-0.385403	4012	
-0.489620	-0.580832	3605	
-0.344543	0.932350	6886	
0.783963	0.612660	2544	
-0.605046	-0.241077	2239	
-0.160922	-0.558133	2089	
-0.641210	0.428354	1076	
-0.606347	0.632795	5422	
-0.535235	0.041821	1729	
-0.630660	0.593303	5891	
-0.524662	0.456267	874	
0.094294	-0.802072	4101	
-0.246901	0.029354	776	
-0.165008	0.658105	4376	
-0.572058	-0.733922	803	
-0.425466	-0.740477	2642	
0.570402	0.535837	2809	
-0.557873	0.229126	2013	
0.789642	0.406890	4712	
0.682112	0.520051	3213	
-0.370859	0.810454	4572	
0.970167	-0.044374	5499	
-0.493722	-0.426407	5522	
-0.901736	0.228462	4708	
-0.840993	0.307666	5850	
-0.238159	-0.197605	3346	
0.195793	-0.433120	5180	
0.207665	-0.830586	5925	
0.132701	-0.878473	3364	
-0.425213	-0.414053	5582	
-0.378608	-0.118953	4030	
0.150267	0.836279	3994	
0.883593	-0.297481	5244	
-0.205837	0.907131	6670	
-0.335416	-0.733557	3866	
-0.295331	0.804186	4532	
-0.905130	-0.311374	569	
-0.599314	-0.595485	4362	
0.003733	-0.799241	5399	
-0.326712	-0.547998	5954	
0.098741	0.819770	5676	
0.636362	-0.628847	6112	
0.463848	0.569532	1657	
-0.210341	-0.285656	2930	
-0.678081	-0.694876	6135	
-0.843905	0.399218	6050	
0.091091	-0.236548	921	
0.714429	0.576417	3427	
0.728672	-0.398496	5155	
0.538282	-0.450513	5596	
0.636170	0.501211	2807	
-0.447905	-0.166021	2051	
-0.443779	0.077134	3357	
-0.878033	-0.148229	2388	
0.601395	0.329478	3830	
-0.403264	0.076287	4077	
0.763025	-0.398618	4930	
0.017443	-0.470805	3824	
-0.196271	0.768225	868	
-0.310667	0.943984	5860	
-0.811047	-0.363852	4958	
0.858888	-0.015334	3987	
0.151081	-0.455486	3955	
0.020282	-0.419147	4240	
-0.516462	0.446204	874	
-0.234433	-0.168244	3302	
0.341511	0.908818	5959	
0.041098	-0.539363	3310	
0.626468	-0.631459	6112	
0.046799	-0.325637	634	
-0.539175	-0.324359	5994	
-0.263147	-0.231257	2207	
0.493175	-0.643746	1751	
-0.761868	-0.026586	4261	
-0.394172	0.842487	424	
0.371167	-0.752564	4766	
-0.601311	0.304388	778	
-0.638221	0.678910	6057	
-0.232377	-0.136572	5810	
-0.570909	-0.543454	2810	
-0.010618	-0.660681	4965	
0.055695	-0.523743	1205	
0.740542	0.049292	5250	
0.369902	-0.467169	1170	
0.760499	-0.604652	5378	
0.869138	0.331476	6384	
-0.493259	-0.032909	4363	
0.223188	-0.814039	5931	
-0.225819	-0.597481	1086	
-0.046394	-0.587101	1924	
-0.534669	-0.210081	3550	
0.396904	-0.886146	845	
0.698002	0.114923	4997	
-0.184708	-0.840039	4035	
-0.582538	0.333555	1033	
-0.014182	-0.417778	4064	
0.538641	-0.449252	5596	
0.261573	0.934971	1260	
0.993512	-0.000581	6883	
-0.700286	0.557388	5391	
0.529041	-0.442263	5596	
0.492206	0.574480	3606	
-0.090207	-0.384371	3934	
-0.358294	-0.128877	887	
0.941955	-0.237299	6735	
-0.575160	0.058211	2169	
0.836601	-0.268964	5129	
-0.968242	-0.074420	6385	
0.086563	-0.923826	6535	
0.960729	-0.252739	5671	
0.200683	0.784110	2963	
0.767257	-0.430312	6011	
-0.258106	-0.372623	5830	
-0.483003	-0.098129	5353	
-0.576335	-0.004946	1489	
0.904262	-0.355202	6281	
-0.275831	-0.442331	2299	
0.844688	-0.480445	4986	
-0.472054	-0.413359	976	
0.703625	-0.670133	5017	
-0.737786	-0.566694	6071	
0.295733	0.792608	1386	
0.372502	-0.426184	818	
0.683386	-0.529998	4160	
-0.099616	0.747812	1956	
-0.669285	-0.303515	5602	
0.836813	-0.224271	4667	
-0.962904	0.127288	6310	
-0.442472	-0.478799	2620	
-0.415786	0.785211	4265	
-0.224322	0.849856	5950	
-0.342421	-0.251769	4412	
-0.332305	-0.252285	2856	
-0.265034	-0.633043	2511	
0.578883	-0.518993	1147	
-0.679601	0.725662	1454	
-0.295221	-0.218862	2367	
0.528043	-0.457637	873	
-0.181675	0.728086	4325	
0.239503	-0.561872	1182	
-0.244874	-0.090419	1155	
-0.477586	-0.360534	3211	
-0.936617	-0.336888	5733	
-0.550531	-0.589969	4121	
-0.806526	-0.082859	6759	
-0.304338	-0.077901	3864	
-0.459805	-0.236295	2582	
-0.288106	0.884479	4581	
-0.206801	-0.110210	580	
-0.421036	-0.680864	3172	
-0.429271	-0.334115	3436	
-0.626093	-0.688588	3375	
-0.730892	-0.506786	4097	
-0.199222	-0.621957	4641	
0.154813	-0.714998	5476	
0.078843	-0.614727	4210	
-0.845042	0.397698	6481	
0.665450	0.362270	1127	
-0.641997	0.055378	1979	
0.353134	0.728799	2669	
-0.585075	0.014704	1823	
-0.735337	0.146124	6500	
0.201390	-0.403507	984	
-0.674711	-0.573522	3191	
0.164329	-0.790422	1202	
-0.506223	-0.730937	3003	
0.181030	-0.237342	471	
-0.523599	-0.546042	2496	
0.374727	-0.546746	5277	
0.960841	0.140380	434	
0.202465	-0.336356	1719	
0.068399	0.767059	1892	
0.484309	0.485874	3102	
-0.026041	-0.601595	1716	
0.801355	-0.292390	4549	
0.943496	0.308877	5732	
0.645694	-0.725817	862	
-0.463496	0.806761	6843	
0.400195	0.687477	3149	
-0.027705	-0.232449	1144	
0.957997	-0.160257	6407	
-0.123051	-0.207866	6951	
0.807528	-0.270387	4087	
0.328168	-0.531443	1656	
-0.241415	-0.855493	4149	
0.474254	-0.588927	5816	
0.791622	0.186439	3542	
0.732561	-0.335001	6019	
-0.166507	0.841325	4032	
-0.756630	-0.374625	4909	
-0.572671	-0.707354	3039	
0.675797	0.548115	3056	
0.915283	-0.325580	680	
-0.159674	-0.310874	3296	
-0.818175	0.375540	4873	
-0.353883	-0.777767	2455	
-0.639069	0.213698	5073	
-0.030280	0.856787	1935	
0.455818	0.883078	6472	
0.130718	-0.962009	411	
-0.276728	0.693003	4644	
-0.885054	0.115913	4744	
0.568910	0.464476	2982	
-0.886494	0.103298	4744	
-0.805912	0.141819	4449	
-0.246615	-0.163610	814	
-0.408548	-0.208999	1087	
0.474320	-0.588950	5816	
0.167897	-0.913293	3717	
-0.717735	-0.445669	3274	
-0.600177	0.522369	1148	
-0.441392	0.770361	426	
-0.115170	-0.465110	4944	
0.741171	0.488824	4277	
-0.851159	-0.258688	3395	
0.735441	0.417780	2586	
-0.281755	-0.230022	2313	
-0.639623	-0.625130	4459	
0.811400	0.323435	2491	
-0.635958	-0.410521	1957	
-0.149923	-0.370721	5312	
0.964122	0.115856	1020	
-0.360497	-0.484766	5518	
-0.488405	0.178568	1870	
-0.138065	0.916253	4461	
-0.201013	-0.332262	2778	
-0.079126	0.841721	1293	
-0.586826	0.188747	1906	
0.633391	-0.466539	1203	
-0.225529	0.967391	2129	
-0.593521	0.628744	5422	
0.442248	0.724899	2493	
-0.192140	-0.113172	788	
-0.296672	0.948689	5940	
0.178142	-0.391829	2063	
-0.125122	-0.460975	4944	
-0.919658	0.151496	6742	
-0.509173	-0.561034	4259	
0.011486	0.970769	6492	
-0.619043	0.221598	740	
-0.493519	-0.202966	2727	
-0.332319	-0.525948	2968	
-0.377039	-0.655818	2798	
0.291681	-0.307322	3973	
0.781300	-0.184193	1766	
-0.280124	-0.438286	2299	
-0.401078	-0.047071	1305	
0.631272	0.313366	3242	
-0.460423	0.061747	894	
-0.685813	0.631288	6239	
-0.690513	0.517447	511	
-0.356964	0.779337	4553	
-0.238711	-0.592815	5414	
-0.528758	-0.165376	1508	
-0.477382	0.014037	1195	
0.167915	-0.872446	4267	
0.404512	-0.739228	6348	
0.690885	-0.569547	5450	
-0.881186	0.306463	6453	
-0.076806	-0.222092	655	
-0.712877	-0.256266	2212	
-0.672171	0.059236	2524	
-0.514845	-0.620124	3047	
-0.350570	-0.327078	5178	
-0.373098	-0.371249	5804	
-0.061854	0.800317	4710	
-0.274637	-0.065434	2948	
-0.319345	-0.373582	1427	
-0.735061	0.504000	6344	
-0.187303	-0.671817	1213	
-0.089909	-0.656194	5610	
0.677428	-0.253009	4936	
-0.600942	0.183775	1319	
-0.526665	-0.030512	4387	
0.747980	-0.260329	4755	
0.765293	0.138872	961	
-0.587681	-0.209518	3665	
0.145969	-0.419821	1903	
-0.925422	-0.074908	5013	
-0.398787	-0.794706	3160	
-0.394378	0.687589	4819	
-0.387259	-0.088950	3854	
-0.748346	-0.552796	6417	
-0.133420	-0.375068	5598	
-0.462888	-0.048761	3783	
-0.674077	0.430514	1064	
0.231534	-0.353617	1928	
0.091808	-0.299643	5851	
-0.616886	0.155107	965	
0.698266	-0.359037	5120	
-0.760865	-0.215614	2448	
-0.205454	-0.537837	2345	
0.490708	0.572548	3606	
0.930888	0.023031	4082	
0.121590	0.801242	3792	
-0.225838	-0.754929	3002	
-0.355386	-0.671959	2970	
0.694451	0.562220	3529	
0.394461	-0.531802	594	
0.160340	-0.782069	1202	
-0.754562	0.484901	5171	
0.053322	-0.526075	1205	
-0.253215	-0.013116	908	
-0.389001	-0.034937	1305	
-0.539656	-0.232515	3550	
-0.525512	-0.164559	3107	
0.675942	-0.258730	4936	
-0.412777	-0.188555	1071	
-0.156085	-0.718494	3692	
-0.052655	0.751256	4060	
-0.622834	-0.427852	2003	
-0.929933	-0.050974	4199	
-0.379603	0.760020	1827	
-0.596603	0.068115	1855	
-0.214872	-0.905235	6574	
-0.130797	-0.632049	5692	
-0.359529	-0.441390	5624	
-0.102585	-0.499016	1580	
-0.771619	-0.426592	2693	
-0.306925	-0.400691	5222	
0.436906	-0.680119	6532	
-0.360382	0.149671	507	
-0.603115	-0.246019	2239	
-0.251942	-0.602538	5430	
-0.329479	-0.380511	5304	
-0.215020	-0.706939	3820	
-0.282853	0.928873	5940	
0.582154	-0.630200	4882	
-0.134480	-0.520129	2638	
-0.066784	-0.476855	4880	
-0.472060	-0.185361	2075	
0.086354	0.748046	2761	
-0.505211	0.262516	639	
0.130258	-0.448819	1140	
-0.936654	-0.255871	591	
0.279429	-0.390922	673	
0.476124	0.698989	2636	
-0.795472	-0.005214	4103	
-0.531224	-0.682951	2949	
-0.174386	-0.149108	790	
0.024687	-0.520784	2358	
-0.662438	-0.183833	2178	
0.299199	0.688779	2356	
0.682929	0.180449	2988	
0.330219	-0.395767	682	
-0.234051	-0.810746	1627	
-0.222310	-0.332813	5838	
-0.410834	0.834633	424	
-0.461424	0.046495	906	
-0.721793	-0.586996	5667	
0.673529	-0.267359	4936	
-0.368761	-0.769816	2413	
0.707109	0.274971	753	
0.606333	0.582143	4692	
-0.287785	-0.289357	3232	
0.758436	-0.097911	4920	
-0.324905	-0.152435	1129	
0.018525	-0.445975	3828	
0.417028	-0.418861	6771	
-0.917643	0.384870	6879	
0.135415	-0.796521	2460	
-0.346978	-0.612238	2376	
-0.846201	0.139032	4487	
-0.917176	-0.158637	6445	
-0.560089	-0.396536	2142	
-0.401836	-0.192245	1071	
-0.070109	-0.372962	3908	
-0.507553	-0.396146	5234	
-0.853765	-0.224319	3807	
0.855230	-0.247392	4467	
0.231741	-0.647754	1976	
-0.386877	-0.700531	2870	
0.383021	0.918070	6860	
-0.349168	0.023218	1458	
0.331338	-0.476572	1496	
0.694018	0.363459	2292	
0.564274	-0.448362	5918	
-0.312623	-0.791169	3523	
0.761562	-0.324838	1347	
-0.164509	-0.714326	3822	
0.315762	-0.383352	2060	
-0.036120	-0.349609	6069	
-0.241813	0.858236	6290	
-0.504791	-0.346165	5978	
-0.596208	-0.659134	2647	
-0.244590	-0.711085	1363	
-0.549145	0.122622	3727	
-0.330161	-0.799009	3523	
0.232449	0.942619	1038	
-0.042015	-0.489392	5116	
-0.469167	-0.019519	3628	
-0.931535	0.003384	5652	
-0.448279	0.080102	854	
-0.433655	-0.896181	2658	
0.607552	-0.494189	6288	
-0.075242	-0.634968	3391	
-0.601432	-0.354841	6103	
-0.762486	0.065830	5715	
-0.222228	-0.860504	4717	
0.496489	-0.534684	5096	
-0.470839	-0.441208	5536	
-0.842084	-0.128094	1710	
-0.465703	0.722235	2910	
-0.478464	0.586898	5815	
-0.669431	0.085425	1431	
0.143903	-0.531918	4182	
-0.417310	-0.022345	1316	
0.921974	-0.306077	573	
-0.673574	0.323795	5292	
-0.634996	0.017548	4136	
-0.131138	-0.261688	437	
-0.537511	0.020517	1695	
-0.790054	-0.151350	3073	
-0.619701	0.092442	2343	
-0.162228	-0.428657	2487	
-0.749965	0.248381	4756	
0.005437	0.809310	5138	
-0.303130	-0.299739	3232	
0.615327	0.440920	2462	
-0.201538	-0.113566	588	
-0.010429	-0.350658	2952	
-0.072692	-0.560333	2446	
0.763684	0.018304	4262	
0.280332	0.676111	2176	
0.374169	0.587219	2593	
0.789477	-0.061018	1177	
0.230625	-0.733975	5907	
-0.320693	-0.087743	4184	
-0.419547	-0.402571	3078	
0.127853	-0.758916	5281	
-0.495361	-0.413354	5522	
0.783727	-0.224746	1670	
0.507969	-0.502065	5555	
0.536217	-0.453999	5596	
0.281026	-0.884405	4582	
-0.321189	0.916296	6474	
-0.236643	-0.002841	908	
-0.319775	0.112120	6164	
-0.515324	-0.432041	2816	
0.050815	-0.456884	1799	
-0.890954	0.042742	4613	
0.090493	-0.435545	1841	
-0.838353	-0.403725	4801	
0.374752	-0.895708	845	
-0.501393	0.783937	5053	
0.088369	0.689792	4621	
0.866297	-0.223899	1395	
-0.782094	-0.334097	4469	
-0.701924	-0.469042	4130	
0.703841	0.324024	1105	
-0.310149	0.098915	6832	
0.797185	0.113650	2145	
-0.648580	0.574697	5901	
-0.195364	-0.366189	5812	
-0.605324	-0.127025	3683	
-0.535336	-0.409155	2408	
-0.410069	0.037605	4725	
-0.340380	-0.331781	2976	
-0.631216	-0.731623	585	
0.542710	-0.551151	5086	
-0.542341	0.122566	3727	
-0.688847	0.272511	5261	
-0.042564	-0.255477	6599	
0.709195	-0.332163	6075	
-0.619611	0.272883	991	
-0.653009	-0.376073	6036	
0.508668	-0.539306	5096	
0.553709	0.634259	2114	
-0.734572	-0.095989	6092	
-0.634752	0.005100	4275	
-0.123334	-0.567505	1642	
-0.944033	-0.226895	5127	
-0.094067	-0.232814	1041	
-0.180271	-0.175607	660	
-0.536376	0.709299	5279	
-0.926092	-0.095792	5331	
0.659066	0.330263	5973	
-0.453005	0.050643	894	
-0.116000	-0.575711	1642	
-0.191793	-0.539608	2023	
0.867961	0.334574	6384	
-0.099349	-0.205171	1093	
-0.995486	0.028038	2199	
-0.126664	-0.251724	615	
-0.694650	0.512057	511	
0.185630	-0.310491	1494	
-0.866370	-0.339752	6383	
-0.169678	-0.262200	3300	
-0.135685	-0.459045	5162	
0.771777	-0.269808	1798	
0.104540	-0.242407	4651	
-0.169326	-0.563067	2089	
0.795466	0.169685	3542	
-0.529832	0.765179	4843	
-0.444110	-0.443808	1002	
-0.529057	0.021574	1695	
0.960984	0.139419	434	
0.028561	-0.480083	3824	
0.773235	0.286386	3902	
0.356622	0.902964	6395	
0.161404	-0.874072	4267	
0.927104	-0.358587	6333	
-0.212556	-0.304854	2796	
0.238060	0.769966	4491	
-0.127900	-0.762152	2736	
-0.183393	0.838093	3182	
-0.218877	-0.768318	2738	
0.761967	-0.019654	4317	
-0.579958	0.117354	1133	
-0.445263	-0.728858	2642	
-0.103709	-0.193459	810	
0.960448	-0.144773	6309	
0.238475	-0.808067	6237	
-0.586723	-0.047477	3263	
0.641089	0.278492	3706	
0.522018	-0.455053	873	
0.259572	-0.601415	4323	
-0.196235	0.798140	1530	
0.153255	-0.631124	2137	
0.754882	-0.141331	5398	
-0.343956	-0.732642	2670	
0.758004	-0.133240	5398	
-0.640281	0.290701	1210	
-0.593409	0.105384	1705	
-0.253938	-0.502649	2349	
-0.489262	0.184725	1938	
0.305982	-0.660866	1991	
-0.507008	-0.371211	5268	
0.742303	0.359344	3474	
-0.733064	0.161356	6466	
0.023729	0.793888	3762	
0.680987	-0.523661	6926	
-0.088682	-0.966793	5843	
-0.519723	-0.139303	2335	
-0.481723	0.711176	3858	
-0.261087	0.059327	6881	
-0.554414	-0.560641	2785	
-0.641649	-0.133434	2271	
-0.818545	-0.248164	3559	
-0.239755	-0.029819	690	
0.182586	0.851348	2954	
0.048320	-0.365599	4370	
-0.566859	-0.336316	4605	
0.920557	0.308783	570	
0.195914	-0.287972	1200	
0.252813	-0.684150	4289	
-0.158943	-0.352188	5312	
0.646624	0.349659	6221	
-0.142859	-0.336522	3500	
-0.551106	0.702785	5279	
0.046053	-0.512790	1205	
0.366565	-0.628358	568	
-0.884292	-0.104343	6791	
-0.073311	-0.460988	5376	
-0.694462	0.135243	4588	
0.633188	-0.584692	5902	
0.773600	-0.587813	5484	
-0.394250	-0.210167	5196	
-0.419994	-0.268010	3184	
-0.312574	0.703295	5012	
-0.719992	-0.240393	1078	
-0.473450	-0.691947	2635	
-0.227137	-0.222513	2849	
-0.087203	-0.621496	2955	
-0.794006	0.491360	464	
0.784912	-0.572733	5484	
-0.280540	-0.338472	3312	
-0.123744	-0.370525	5598	
-0.008294	0.803091	5176	
-0.691809	0.427055	1377	
-0.673250	0.270671	4935	
0.397436	-0.609803	6201	
0.787726	0.043665	6665	
0.473410	-0.872446	5690	
0.247491	0.713425	1364	
0.331775	-0.335648	3187	
-0.353897	-0.805160	2573	
0.377818	-0.648836	5626	
0.353497	-0.582076	6587	
0.236115	-0.899938	6801	
-0.504953	-0.126177	2105	
-0.710682	-0.456872	3274	
-0.662162	0.447385	1180	
0.415570	0.601298	2429	
-0.003618	-0.533881	4564	
0.516471	-0.446010	873	
-0.644763	0.079946	1519	
-0.745896	0.395550	5540	
-0.502180	-0.394720	5234	
0.525044	-0.456431	873	
0.382552	0.857682	6301	
0.332027	-0.787044	4927	
0.835637	0.537213	6217	
-0.579631	-0.728110	803	
-0.666835	0.485550	6351	
-0.752202	-0.395868	2019	
-0.389434	-0.100885	3854	
-0.108697	0.923834	6098	
0.691506	0.715000	5886	
0.793058	-0.598863	5641	
-0.741689	0.504002	6897	
0.010470	-0.326742	6564	
-0.438847	-0.043757	3967	
-0.037200	-0.222491	781	
-0.621101	-0.210587	1917	
0.186394	-0.240243	471	
-0.742986	0.296149	5396	
-0.499720	-0.092352	4984	
-0.882838	0.080671	4698	
-0.338753	0.103254	1266	
-0.491795	-0.741035	3136	
-0.185928	-0.748424	4120	
-0.576398	-0.372660	5992	
-0.571558	-0.673306	2649	
0.005050	-0.384041	4000	
-0.012832	0.993131	2156	
-0.328836	-0.279117	3126	
-0.346619	-0.906874	5960	
0.986802	0.125144	734	
-0.396576	-0.378222	3064	
-0.377846	-0.514635	2000	
-0.355945	-0.494229	5518	
0.954187	-0.181688	6349	
-0.331721	0.879989	4419	
-0.320881	-0.285435	3126	
0.412963	-0.787173	4266	
-0.506274	-0.329448	3356	
-0.840323	-0.400346	5010	
-0.913848	-0.328072	6615	
-0.308841	-0.571425	5934	
-0.665339	0.393846	2713	
-0.676425	0.686623	6818	
-0.275390	-0.174213	917	
0.125124	-0.510745	1029	
0.453961	0.858198	584	
-0.506148	-0.231636	2644	
0.624558	-0.388670	926	
-0.293644	-0.790642	1385	
-0.530833	0.813287	6905	
-0.483947	-0.001396	3975	
-0.304101	-0.673693	2355	
-0.563906	0.112668	1053	
-0.730611	-0.098742	6092	
-0.831827	-0.500718	835	
0.720533	0.159613	5319	
0.749413	0.378359	3322	
0.223196	-0.718305	4391	
-0.636716	-0.053424	4069	
-0.175085	-0.642690	5238	
0.516113	-0.449049	873	
-0.476433	-0.448616	2536	
-0.630217	-0.573381	3175	
0.091679	-0.330572	5064	
-0.871301	-0.184159	2914	
-0.130805	-0.460182	5162	
-0.011496	0.772335	4658	
-0.365949	-0.712370	2690	
0.682240	0.182793	2988	
-0.015997	-0.247626	877	
0.173920	-0.606107	1788	
-0.653734	-0.083496	3675	
0.054162	-0.606655	1854	
0.709977	-0.027379	3922	
-0.471279	-0.591738	2498	
-0.915618	-0.323119	1021	
-0.387010	-0.434838	5578	
-0.136507	-0.634115	4356	
-0.601698	-0.459154	2029	
0.216744	0.775822	2737	
