time = 160.1	Re = 90
0.256867	0.952768	5669	
0.203182	0.965836	6061	
-0.111359	0.982133	5642	
-0.382440	0.913127	1538	
-0.691427	0.711072	6884	
-0.956022	0.150492	985	
-0.964309	0.083605	6899	
-0.966578	-0.057955	661	
-0.928401	-0.277427	678	
-0.809586	-0.534139	5519	
-0.572197	-0.784295	6929	
-0.222496	-0.945365	6906	
0.222366	-0.945978	6128	
0.618911	-0.748467	5975	
-0.092377	0.983066	5377	
-0.737063	0.663213	2131	
-0.754809	0.542834	5995	
-0.775354	0.512967	3503	
-0.826013	0.426421	3425	
-0.885839	0.282024	3298	
-0.925963	0.085519	6655	
-0.908144	-0.203054	3860	
-0.758523	-0.539579	6511	
0.415118	-0.843191	5219	
-0.558594	0.788154	6310	
-0.908480	-0.335968	6442	
-0.436337	-0.867351	6473	
0.251115	-0.938744	4986	
0.340123	0.924462	1814	
-0.634278	0.760466	5721	
-0.990938	0.083049	2659	
0.438821	0.773582	4107	
0.424721	0.781415	3291	
0.291443	0.840924	4265	
-0.016613	0.895807	5631	
-0.523733	0.727826	4626	
-0.897046	0.000280	2833	
0.637668	-0.657645	3696	
0.465282	0.800185	4429	
-0.623218	0.690137	6892	
-0.919857	0.134158	5667	
-0.829348	-0.422016	6680	
0.588939	-0.732884	6737	
-0.967163	0.020505	6135	
-0.473516	-0.847445	5939	
0.397195	-0.886563	680	
-0.127681	0.978666	2082	
0.646321	0.571543	5066	
0.696160	0.508739	5306	
0.473306	0.722679	5986	
-0.028920	0.874589	5893	
-0.694354	0.530220	1710	
-0.654008	-0.587450	3457	
0.634079	-0.621834	4071	
0.881443	0.107594	2710	
0.551709	0.696603	3363	
-0.432018	0.786286	1396	
-0.120858	-0.900135	5182	
0.058813	0.926446	6057	
-0.901681	0.225067	3514	
-0.799569	-0.475854	5329	
0.944726	-0.048500	6572	
-0.815331	-0.523183	5519	
0.115915	-0.964676	5484	
0.127784	0.977100	6875	
-0.941359	-0.324927	2658	
0.823342	0.174682	2517	
0.836789	0.086823	3402	
0.803500	0.250636	2414	
0.611913	0.577735	1354	
0.239790	0.807624	748	
-0.495870	0.693778	4307	
-0.777944	-0.343583	1385	
0.377399	-0.779200	4989	
0.833401	0.214692	2603	
-0.799789	0.349668	3962	
0.673461	-0.578042	2332	
0.729786	0.506283	5290	
-0.316570	0.840739	5134	
0.578716	-0.708198	5110	
-0.575069	0.730611	6739	
-0.908030	-0.201523	3860	
-0.019281	-0.934247	596	
-0.875652	-0.413282	6317	
0.150507	-0.959792	1184	
-0.105948	0.980545	5642	
-0.988775	0.096340	5765	
-0.709997	0.383005	2773	
-0.653879	0.474557	3073	
-0.718343	0.366521	2773	
-0.795290	-0.132897	2906	
-0.293218	-0.751789	4681	
0.491831	-0.655729	2037	
0.404326	0.708247	5820	
-0.505434	-0.659137	3845	
0.805417	0.243234	1804	
-0.208461	0.833503	6012	
-0.503978	-0.685855	4031	
0.858397	-0.038737	4692	
-0.847157	0.210237	3240	
0.862847	-0.204004	4277	
0.342540	0.820295	4922	
-0.831054	-0.339830	2895	
-0.283232	0.886891	6050	
-0.909004	-0.196610	3906	
0.317261	-0.881746	6482	
-0.726527	-0.641107	6623	
0.483206	-0.842682	6735	
-0.584474	0.797335	5707	
-0.124277	-0.762310	5840	
-0.285867	-0.713018	5011	
-0.112882	-0.764905	5720	
0.460115	-0.636264	6322	
0.728228	0.271424	3053	
-0.698869	0.363296	2242	
-0.214375	-0.757090	1486	
0.374865	0.703446	5048	
-0.777625	-0.213035	2690	
0.595789	-0.558253	6440	
-0.794985	0.224209	3195	
0.814911	0.208037	3661	
-0.594669	0.607852	3623	
0.358261	-0.787839	4805	
-0.027329	0.872790	5893	
0.737198	-0.492655	3294	
0.402140	0.792381	4600	
-0.783659	-0.438541	4717	
-0.587026	0.720735	6758	
-0.814255	-0.449589	5173	
0.128447	0.952440	6251	
-0.222992	-0.945152	6906	
0.860553	-0.449678	570	
-0.990197	0.075650	2659	
0.601560	-0.449139	1005	
0.346033	-0.679334	6409	
0.685180	-0.301669	837	
-0.126190	0.773980	1016	
-0.735392	0.165929	2003	
-0.053802	-0.761139	5208	
0.755691	0.061862	2497	
-0.505773	-0.579741	2615	
0.768315	0.109940	3036	
-0.643864	-0.453434	3090	
0.492969	0.626503	3451	
-0.651879	-0.473976	3621	
0.775286	0.249278	2669	
0.358845	-0.767991	4087	
-0.180130	0.839753	5328	
0.048543	-0.862190	5257	
-0.082560	0.871409	4955	
0.842070	-0.276187	2694	
0.089456	0.887439	5003	
0.811826	-0.420986	3426	
-0.919258	0.135122	5667	
-0.386661	-0.846954	497	
-0.777324	-0.577422	6611	
0.600536	-0.763341	5863	
-0.826051	0.545603	547	
-0.600740	-0.382547	3098	
-0.671748	-0.237487	1873	
0.535265	-0.493878	4768	
-0.726597	-0.052693	1658	
0.027478	-0.756132	1277	
0.563368	0.468455	4719	
-0.737200	0.044617	2531	
0.129904	0.736333	5711	
-0.573836	-0.488616	3016	
0.731871	-0.198272	5658	
-0.241367	-0.728579	1574	
-0.247853	0.767031	5587	
0.642459	-0.472673	2223	
-0.803698	0.041115	3147	
0.812820	-0.020320	3870	
0.353059	-0.770592	4087	
-0.410842	0.748600	4668	
0.660881	-0.550111	6312	
-0.852403	0.183981	4097	
0.784452	0.415550	4150	
-0.798643	0.401293	3419	
-0.337197	0.867236	4976	
-0.767194	-0.525825	6511	
-0.869506	0.420158	6615	
0.244556	-0.940468	4986	
-0.548641	0.821229	5621	
0.089694	-0.717609	6842	
0.127074	-0.711384	6457	
0.273964	-0.642957	4474	
0.530547	0.433087	5662	
-0.310592	0.641161	4769	
0.697008	-0.101354	3370	
-0.110536	-0.697939	4817	
-0.220346	-0.686419	6015	
0.558902	0.473435	5424	
-0.530110	-0.512524	3068	
-0.652467	0.381302	732	
0.292070	-0.722582	6191	
-0.700544	-0.318891	2840	
0.370976	0.681024	5808	
0.635095	-0.482584	3074	
-0.765770	-0.250344	2670	
0.644315	0.497828	3890	
0.828532	0.140080	3057	
-0.832432	-0.166193	2942	
0.757729	0.406701	1472	
0.706811	-0.534897	2387	
0.028137	0.893003	6111	
0.891240	0.223854	3485	
-0.897576	-0.242620	3156	
0.942979	0.022275	736	
-0.045456	-0.970464	6817	
-0.340118	0.925988	6286	
-0.044301	0.689978	5595	
-0.656070	-0.197364	2481	
0.269474	-0.645267	4474	
0.519668	0.445679	5070	
-0.535324	-0.451503	5069	
0.484446	0.509316	4442	
-0.674722	0.277116	5602	
0.655536	-0.330474	751	
-0.621888	0.399965	800	
-0.455610	0.612233	5715	
0.302677	-0.717201	6339	
-0.533606	-0.553861	4657	
-0.415368	0.678988	3781	
0.729234	0.318496	3397	
0.059353	-0.824288	6033	
-0.804985	-0.186829	2494	
-0.131282	0.847707	5218	
0.641070	-0.572729	2548	
-0.814042	-0.318892	2567	
0.469197	0.754008	6314	
-0.300034	-0.850124	4266	
-0.929132	-0.017365	3375	
0.231265	-0.907039	6132	
-0.202171	-0.949499	566	
-0.171847	0.970276	1219	
-0.169313	0.161174	690	
0.028077	-0.690790	873	
0.032549	-0.700027	1151	
-0.045656	0.691681	5595	
-0.536764	-0.423873	5661	
0.442867	-0.529972	4193	
0.441587	0.533199	2218	
0.576903	-0.408741	4764	
0.235428	0.675960	1337	
0.592012	-0.437251	6133	
-0.670941	0.306935	838	
-0.702155	0.275203	4748	
0.677063	-0.343790	2211	
0.446764	-0.646051	4810	
-0.439534	-0.651564	1065	
-0.793910	0.129439	2554	
0.668297	0.464564	3792	
0.643544	0.540721	5126	
-0.318988	-0.788656	4554	
-0.638977	0.592718	2257	
0.711667	0.530282	5236	
-0.840991	-0.309486	2847	
-0.918087	0.141226	6071	
0.003492	-0.933681	6240	
-0.235352	-0.941513	6906	
-0.214385	0.962052	5503	
-0.269737	-0.600029	4021	
-0.660150	0.127612	2309	
-0.103718	-0.224561	921	
-0.084062	-0.250701	2932	
-0.156112	0.588639	6676	
0.027690	-0.688992	873	
-0.674718	0.118101	2562	
0.297644	-0.630267	4770	
-0.166449	0.696518	5336	
0.578144	-0.406922	4764	
-0.463995	0.572023	3589	
0.721472	0.125414	2429	
-0.287109	-0.673706	3491	
-0.397281	-0.637517	3992	
-0.637516	0.429667	2074	
-0.420398	0.675422	3781	
0.216656	0.766951	6870	
0.629157	-0.517870	6760	
0.687828	-0.481070	4170	
-0.797390	-0.290799	2319	
0.004442	0.870843	5891	
0.823920	0.329296	2568	
-0.892212	-0.066337	2829	
-0.912393	0.173781	6661	
0.064029	-0.932209	6402	
-0.123603	-0.963035	6252	
-0.448971	0.878325	1577	
-0.828835	-0.551186	2654	
-0.469917	-0.479047	4567	
-0.155590	-0.172964	451	
-0.237946	-0.069740	6963	
-0.221365	0.598888	1624	
-0.615715	-0.247374	5900	
-0.254329	0.600336	740	
-0.249963	-0.013822	706	
-0.185679	0.642935	6283	
0.041792	-0.700928	5596	
0.308931	-0.623944	4770	
0.355439	0.589890	4794	
0.448298	0.539565	2227	
-0.244409	-0.677989	1582	
-0.495098	0.555449	4156	
-0.683901	0.318549	754	
0.757363	0.001652	2495	
0.775122	0.013975	2760	
0.777741	-0.160756	2789	
0.227165	-0.798203	5163	
0.190759	-0.828474	5327	
-0.846537	0.037990	4691	
0.388086	0.768092	4544	
0.831616	0.309029	2848	
-0.883314	-0.143997	3136	
-0.928317	0.035442	4483	
0.397401	-0.846728	5219	
0.126550	-0.963357	5484	
-0.744837	-0.661023	6625	
-0.591191	-0.323645	5238	
-0.219751	0.096028	5699	
-0.179428	0.315818	1350	
-0.098950	-0.596725	1276	
-0.266684	0.087681	897	
-0.213437	0.441335	4433	
-0.210595	0.401221	802	
-0.256945	-0.068577	6657	
-0.514499	-0.416594	3193	
-0.119617	-0.207410	713	
0.029956	-0.696345	873	
0.500847	-0.473590	5150	
-0.418406	-0.556964	4251	
0.702966	0.169644	2464	
0.641291	0.353573	3349	
0.728190	0.166361	2944	
0.498630	-0.581053	3887	
0.553523	-0.550540	4161	
0.242086	-0.775934	5588	
-0.096464	-0.805348	4889	
-0.120359	-0.825021	1425	
-0.841298	0.098309	3449	
0.247809	0.825362	6518	
0.759392	0.458690	5920	
-0.724229	-0.528335	3353	
-0.905768	-0.208558	3972	
0.845000	0.426358	6679	
0.464052	-0.853392	6924	
-0.668125	-0.088207	1442	
-0.227166	0.071349	588	
-0.180606	0.423188	738	
-0.154337	-0.233481	6714	
-0.225739	0.520610	1754	
-0.628963	-0.175182	5934	
-0.146504	-0.575111	2394	
-0.128648	-0.567702	1496	
-0.560416	-0.335115	4356	
-0.227148	0.532050	1754	
-0.187211	-0.603494	2098	
-0.207443	0.639567	728	
-0.483786	-0.481353	5151	
-0.231550	0.664218	1210	
0.103960	0.685869	5034	
0.562731	-0.475317	3739	
-0.199768	-0.703550	568	
0.352409	-0.689652	5107	
0.350627	-0.708637	5253	
0.020986	-0.805135	1279	
-0.104847	-0.803489	4889	
0.133141	-0.838662	5217	
-0.815142	-0.234628	1803	
-0.306123	0.820173	4854	
0.523700	0.716617	4268	
0.482102	-0.772889	3985	
-0.794906	-0.481905	5329	
-0.966063	0.008693	1241	
0.808121	-0.538194	6462	
-0.658479	0.143108	2008	
-0.234176	0.027830	660	
-0.188440	0.502544	1506	
-0.257091	-0.077064	6657	
-0.474672	0.444431	4061	
-0.108941	-0.455215	668	
-0.240625	-0.180413	1971	
-0.312067	0.019340	3013	
-0.311381	0.055747	2960	
-0.281553	-0.102363	461	
-0.100428	-0.479338	673	
-0.230166	0.540695	1700	
-0.179245	0.432797	738	
0.039578	-0.701406	5596	
0.670407	-0.146836	2007	
0.703671	-0.010660	3950	
0.208817	-0.732856	5024	
-0.309104	-0.664364	3491	
0.273099	-0.731519	6093	
0.377255	-0.692817	4322	
0.254488	-0.771074	4683	
0.283742	-0.777548	1347	
0.623584	-0.562110	6258	
-0.471710	-0.706031	1887	
-0.861101	0.125398	3214	
0.153265	0.876444	5279	
0.492604	0.779226	6336	
-0.521651	-0.770027	6669	
-0.497556	-0.830958	715	
0.964462	-0.111682	458	
-0.574920	0.353061	2036	
-0.179162	-0.146555	1144	
-0.183983	0.451569	2126	
-0.261027	-0.065805	6657	
-0.631912	0.159793	5685	
-0.140455	-0.339193	2820	
-0.313290	0.095653	917	
-0.280199	0.280236	4493	
-0.280080	0.386113	906	
-0.278948	0.400413	1516	
-0.271270	0.342136	4403	
-0.307840	0.070742	885	
-0.300060	-0.560678	1476	
-0.067867	-0.440722	1858	
-0.668737	0.082214	2816	
0.543800	-0.422374	4673	
0.647337	-0.279618	3706	
0.048709	-0.758644	6090	
-0.280546	-0.676256	2425	
0.410379	-0.652080	5398	
0.616074	-0.475903	607	
0.786568	-0.106816	2539	
0.630358	-0.515884	2478	
0.724509	0.424659	3519	
0.411985	-0.757603	4667	
-0.083840	-0.878163	5004	
-0.520465	0.727255	4626	
-0.801359	0.468366	6667	
0.103296	-0.928666	1256	
0.231590	-0.943750	4986	
-0.875386	0.459432	5964	
-0.432875	0.518517	2524	
-0.069514	-0.282315	531	
-0.180537	0.328054	1568	
-0.242145	-0.113837	6704	
-0.625817	0.181401	4605	
-0.154123	-0.311557	4408	
-0.305691	0.148478	5665	
-0.283303	0.371729	906	
-0.334295	0.458939	1187	
-0.376658	0.456050	4340	
-0.391914	0.453418	4286	
-0.331180	0.476363	1091	
-0.271194	0.383979	894	
-0.266693	-0.131220	6933	
-0.208651	0.300814	1944	
-0.575960	0.348597	2036	
0.498184	-0.476439	5150	
0.651113	-0.270449	3734	
0.246548	-0.716568	5389	
-0.114137	-0.726172	6038	
0.586996	-0.486004	691	
0.760772	0.148888	3288	
0.230539	0.761685	4819	
0.677720	0.448988	3371	
-0.118386	0.848653	6687	
0.832033	0.211904	2603	
0.867533	0.181877	3421	
-0.811530	-0.377887	2583	
-0.848313	-0.379534	3331	
-0.808256	0.525547	3525	
0.842610	-0.482573	6804	
-0.266203	0.622207	5144	
-0.022331	-0.529518	6967	
-0.193011	0.243835	2688	
-0.200751	-0.179880	3932	
-0.597526	0.259130	2239	
-0.159642	-0.302544	4558	
-0.301028	0.183473	4174	
-0.300062	0.413556	1698	
-0.351778	0.455886	2169	
-0.437149	0.409031	2971	
-0.483599	0.364322	3144	
-0.511425	0.334672	3635	
-0.476451	0.388050	3779	
-0.326885	0.480265	1091	
-0.298986	0.127572	2936	
-0.295147	0.565759	1089	
-0.064504	-0.287292	531	
0.537942	-0.429967	3785	
0.700880	-0.063769	3736	
0.602544	-0.420961	5319	
0.677024	0.314655	1522	
0.733715	0.187451	2969	
-0.542876	0.573281	4516	
-0.787847	0.157013	2790	
-0.823393	0.021919	3869	
-0.831740	0.154840	4148	
-0.392483	0.780071	5058	
0.250507	0.852375	515	
0.632164	0.668289	3812	
-0.406725	-0.836637	4233	
-0.228338	-0.942349	6906	
-0.632827	0.756576	5721	
-0.157553	0.651948	1033	
-0.053774	-0.618819	1524	
-0.220514	0.165333	2560	
-0.145297	-0.249866	6978	
-0.537435	0.366275	3179	
-0.144099	-0.335813	2820	
-0.305348	0.168604	4174	
-0.304891	0.413824	1698	
-0.378025	0.436824	4340	
-0.439421	0.394668	3263	
-0.482684	0.353404	3618	
-0.519134	0.307843	3260	
-0.551418	0.257076	3809	
-0.560733	0.254205	3809	
-0.459113	0.409030	3881	
-0.270629	0.285001	4493	
-0.344243	0.546606	1274	
-0.522089	0.425470	3786	
0.651934	-0.215537	3285	
0.090636	0.688885	5097	
0.541177	0.491289	3067	
-0.749957	0.061702	3877	
-0.740497	0.194319	2360	
-0.233907	-0.749283	2112	
0.183475	-0.809337	1450	
0.806105	-0.225855	3238	
0.329748	-0.799017	4637	
0.078210	-0.884306	4956	
-0.742947	0.494288	3293	
-0.928701	0.004162	3031	
0.936045	0.093464	466	
0.718113	-0.653698	2132	
-0.951457	-0.282203	6471	
-0.148445	0.599652	2858	
-0.304547	-0.584201	1648	
-0.237572	0.118944	1155	
-0.073940	-0.436626	1858	
-0.331196	0.545573	1274	
-0.118826	-0.417821	934	
-0.313596	0.128148	5629	
-0.301503	0.394749	1684	
-0.364336	0.434065	3754	
-0.420970	0.402020	1919	
-0.448064	0.369233	3334	
-0.467951	0.347120	4354	
-0.503598	0.309266	3260	
-0.557694	0.227873	3540	
-0.587746	0.173420	3796	
-0.509578	0.353347	3683	
-0.267568	0.310701	3751	
-0.252500	0.566525	1636	
-0.128877	0.267198	6123	
0.424230	0.533234	2218	
0.108343	-0.744264	952	
-0.663378	0.323036	752	
-0.071402	-0.755473	5140	
0.683952	-0.367303	2099	
0.623808	0.492024	3890	
0.652089	0.484917	3622	
-0.388160	0.760017	4668	
0.595803	0.618771	1935	
0.581028	0.670241	4331	
0.837628	-0.357938	3315	
-0.517121	-0.772784	6669	
-0.349750	-0.903346	710	
-0.577077	0.799260	5656	
-0.134962	0.443536	6748	
-0.551239	0.386069	1795	
-0.087178	-0.302091	1422	
-0.160955	-0.603626	1656	
-0.245280	0.541677	1608	
-0.111237	-0.494518	3462	
-0.321085	0.059511	2510	
-0.298534	0.367043	998	
-0.349050	0.427268	1191	
-0.397557	0.407999	1919	
-0.414017	0.377750	3849	
-0.417538	0.361484	3849	
-0.430144	0.347139	4862	
-0.478373	0.325490	1462	
-0.552384	0.229988	3602	
-0.600612	0.121442	5552	
-0.531147	0.323514	4143	
-0.282271	0.198638	2712	
-0.250092	-0.081260	615	
0.046028	-0.692318	5596	
-0.565128	0.414571	4849	
0.015617	-0.752589	963	
0.065382	-0.767433	5828	
0.747761	0.117884	2920	
-0.692992	0.368851	2242	
-0.697037	-0.400969	2628	
0.056121	-0.842999	6033	
-0.328546	-0.782842	4927	
-0.583898	-0.649805	2741	
-0.611770	0.650651	4548	
-0.925148	0.077929	6324	
0.939176	0.035588	736	
0.775273	-0.584661	590	
-0.904338	-0.410100	6149	
-0.128820	0.273162	6045	
-0.147182	0.479906	6960	
-0.064354	-0.381426	6867	
-0.656004	-0.093207	1442	
-0.215677	0.388859	798	
-0.157896	-0.568662	3680	
-0.300454	-0.080151	5769	
-0.297770	0.326010	1052	
-0.336186	0.414738	1713	
-0.379495	0.406090	1345	
-0.389838	0.363819	4421	
-0.391993	0.319420	4991	
-0.396069	0.302735	5183	
-0.407353	0.318354	5183	
-0.449821	0.330072	1960	
-0.551812	0.223877	3540	
-0.609054	0.074210	974	
-0.519340	0.341892	3683	
-0.299666	-0.034080	6359	
-0.194937	0.574482	1615	
0.497392	-0.477304	5150	
0.579935	0.397771	2399	
0.483270	0.546954	4008	
-0.694226	-0.290781	1651	
0.036179	-0.791518	1147	
0.762650	-0.216716	2268	
0.809423	0.053003	3048	
-0.232704	0.825186	4929	
0.653974	0.556314	4576	
0.559683	0.688034	3363	
0.911723	-0.046115	4834	
-0.401434	-0.838987	4967	
-0.107282	-0.963860	6430	
-0.181788	0.141521	690	
-0.139437	0.291144	6858	
-0.467996	-0.472441	4567	
-0.541425	0.381320	1795	
-0.242244	0.202086	1736	
-0.462293	-0.449544	4505	
-0.256285	-0.173094	1971	
-0.302980	0.226092	1527	
-0.324785	0.395046	1713	
-0.362280	0.400814	1197	
-0.377842	0.347720	4363	
-0.385014	0.279736	5353	
-0.397830	0.202121	4878	
-0.407212	0.177286	936	
-0.403103	0.262693	5353	
-0.443904	0.326531	1960	
-0.568204	0.184564	3573	
-0.614356	0.035654	5358	
-0.380577	0.474243	2197	
-0.420614	-0.493857	4271	
-0.134440	0.347850	6455	
0.193140	0.637664	1591	
-0.698372	0.205384	5858	
-0.321365	-0.658604	4289	
0.719384	-0.238157	1127	
-0.434242	0.663414	4211	
-0.734047	-0.328058	3398	
0.113126	-0.840054	6688	
-0.185677	-0.829901	3597	
-0.254200	-0.838675	516	
-0.818355	0.354341	3316	
-0.884320	-0.284975	6204	
-0.501190	0.820721	6648	
0.944673	-0.223946	435	
-0.069794	-0.242793	779	
-0.171449	0.180720	908	
-0.168120	0.520475	5546	
-0.229031	0.592816	1376	
-0.236725	-0.130075	539	
-0.481123	0.434077	4069	
-0.135771	-0.371228	1634	
-0.319273	0.134297	5665	
-0.306510	0.358710	1195	
-0.349529	0.389826	1894	
-0.369981	0.336450	4207	
-0.384467	0.243766	5511	
-0.406924	0.106833	2189	
-0.411788	0.024051	3050	
-0.416941	0.043876	3126	
-0.409454	0.218192	4878	
-0.461460	0.316140	1960	
-0.596001	0.094107	5574	
-0.618790	0.046539	5382	
-0.267188	0.403384	1516	
-0.209493	-0.156225	6599	
-0.280645	-0.610322	4021	
0.701924	-0.050301	3736	
0.651538	0.332718	2095	
-0.709803	-0.250208	2852	
0.135291	-0.788358	1179	
0.783924	0.123157	3086	
0.676931	0.448718	3371	
-0.560184	0.637608	3694	
0.240201	0.826074	446	
0.144141	0.877697	5279	
0.078050	0.921350	6475	
0.014119	-0.932883	6240	
0.474077	-0.847836	6735	
-0.672193	0.048456	2874	
-0.043429	-0.331139	389	
-0.203620	-0.114161	697	
-0.252787	0.057359	6765	
-0.073449	-0.560101	818	
-0.231605	0.501555	2340	
-0.143782	-0.559714	2986	
-0.316098	-0.037730	3300	
-0.304473	0.298855	1316	
-0.338003	0.370871	2692	
-0.362472	0.337424	4363	
-0.384710	0.220190	5495	
-0.407494	0.019106	3050	
-0.367743	-0.156267	5598	
-0.362348	-0.178754	5383	
-0.413170	-0.026159	3720	
-0.411474	0.230342	4790	
-0.506109	0.277485	1596	
-0.609894	-0.025357	5442	
-0.578096	0.238083	3265	
-0.160476	-0.278853	4558	
-0.157626	-0.169154	451	
0.453375	0.510245	4134	
-0.718727	0.111716	3277	
-0.024766	-0.750938	3954	
0.746765	0.123063	2920	
-0.770244	0.141503	2392	
-0.230414	-0.770489	4820	
0.833714	-0.070920	3538	
0.706610	-0.483956	3794	
0.881453	0.082120	2676	
-0.616771	-0.649009	2731	
-0.589605	-0.718487	6097	
-0.411134	-0.876295	4545	
-0.650259	0.740690	5703	
0.028331	-0.691668	873	
-0.012908	-0.593296	6771	
-0.666205	-0.086583	1442	
-0.047380	-0.484845	387	
-0.537926	0.385923	1795	
-0.253216	0.169570	3674	
-0.476761	-0.434088	4791	
-0.214245	-0.236237	6170	
-0.312519	0.223702	1527	
-0.328568	0.348123	1103	
-0.355505	0.329478	3927	
-0.384096	0.209327	5495	
-0.401443	-0.022438	3720	
-0.331234	-0.228201	4052	
-0.292056	-0.313543	2884	
-0.322488	-0.258763	4092	
-0.412581	-0.045338	5352	
-0.419307	0.274285	4918	
-0.581355	0.136095	3356	
-0.613672	-0.067254	1036	
-0.277980	0.459461	1614	
-0.268135	0.026132	763	
-0.160791	-0.642537	6561	
0.649620	0.270618	1660	
0.155229	0.708712	6202	
-0.327687	-0.673144	2264	
0.753054	-0.180816	2290	
-0.355920	0.733450	1665	
-0.812811	0.126712	2554	
-0.778087	-0.335175	1385	
-0.833717	-0.251379	2557	
-0.619653	0.642581	4124	
-0.920781	-0.121702	805	
0.471682	0.823938	602	
0.947275	-0.212514	6027	
-0.656782	-0.746706	6375	
0.028359	-0.683724	873	
-0.134451	0.437656	6748	
-0.149384	0.232678	3970	
-0.168645	0.509603	6245	
-0.194503	0.501381	1506	
-0.104427	-0.332917	1542	
-0.306528	0.549167	965	
-0.116836	-0.477869	3997	
-0.329014	0.049923	2510	
-0.317233	0.310487	2068	
-0.346616	0.330649	3628	
-0.377791	0.220453	5505	
-0.399690	-0.007864	3377	
-0.303179	-0.278748	4396	
-0.279163	-0.406466	2144	
-0.302606	-0.413059	1045	
-0.320623	-0.266558	4092	
-0.424470	0.081731	4412	
-0.469839	0.300489	1329	
-0.605837	-0.059615	1036	
-0.601011	0.175975	5994	
-0.094335	-0.472747	673	
-0.142479	0.233616	6881	
-0.039240	0.727639	404	
0.272006	-0.703704	5308	
0.383924	0.636652	3991	
-0.694830	0.321343	838	
0.309431	-0.746514	5153	
0.806272	-0.082691	2791	
-0.402124	0.751762	4668	
0.364465	0.777861	4908	
0.134645	0.879236	5279	
-0.016193	0.925811	6519	
0.165637	-0.919566	872	
0.631523	-0.737804	5499	
-0.933672	-0.333667	6394	
-0.029403	0.682714	874	
-0.164328	-0.144231	2185	
-0.014998	-0.517657	5965	
-0.408161	-0.526153	1631	
-0.044432	-0.525555	1044	
-0.590583	0.299345	2168	
-0.226181	0.284118	1398	
-0.374845	-0.514936	1703	
-0.267110	-0.163142	6353	
-0.315051	0.231597	1359	
-0.334779	0.320282	3927	
-0.369078	0.236695	4179	
-0.397904	-0.001375	3441	
-0.284969	-0.312077	4240	
-0.315019	-0.429124	1509	
-0.410269	-0.374424	4372	
-0.323232	-0.410928	1216	
-0.370942	-0.172144	5598	
-0.418472	0.250870	4798	
-0.588555	0.100218	3211	
-0.608608	-0.115565	2968	
-0.263827	0.394752	854	
-0.304840	-0.573045	1476	
0.671467	-0.141838	2007	
-0.038519	-0.715509	5453	
-0.703697	-0.214731	2537	
0.744551	-0.136881	2462	
-0.753081	0.215629	2267	
-0.224048	-0.772265	6869	
0.833986	0.071505	3234	
0.825715	-0.224226	3238	
0.794112	0.392531	2220	
0.011181	-0.903736	5632	
-0.350162	-0.861400	501	
0.054127	-0.968681	6826	
0.046565	-0.693251	5596	
-0.127352	0.294803	6045	
-0.225337	0.048671	611	
-0.169100	0.240143	1654	
-0.188506	0.417089	738	
-0.126429	-0.287947	3982	
-0.422646	0.485394	3236	
-0.148599	-0.354137	2016	
-0.328788	0.140908	5345	
-0.331056	0.291627	3814	
-0.359638	0.254977	4319	
-0.397508	0.012736	3082	
-0.274871	-0.331972	1882	
-0.368263	-0.413664	4858	
-0.481543	-0.289808	1564	
-0.431076	-0.349180	3764	
-0.295406	-0.382242	1664	
-0.426633	0.033163	3126	
-0.498751	0.273250	1596	
-0.591470	-0.163641	1922	
-0.479865	0.399458	3743	
-0.421677	0.497083	3776	
-0.039776	0.701364	5595	
0.691297	0.131524	2593	
0.176956	0.702581	6452	
-0.179390	-0.726784	6522	
0.748033	0.199026	3439	
-0.682468	0.424165	2866	
-0.585326	-0.580890	5435	
-0.206614	-0.824071	2909	
-0.000460	-0.882810	5942	
-0.891251	-0.043678	2649	
-0.669561	-0.644172	6731	
-0.641311	-0.723662	6621	
0.932923	0.268727	584	
0.047241	-0.696348	5596	
-0.127583	0.329046	6315	
-0.147620	0.470497	6960	
-0.096545	-0.610579	1408	
-0.532326	0.393123	4443	
-0.222374	0.343083	4077	
-0.240280	-0.567060	1310	
-0.317526	-0.055876	3026	
-0.324913	0.252823	3978	
-0.354188	0.256078	4319	
-0.394944	0.062520	2555	
-0.279727	-0.314478	4240	
-0.392729	-0.400242	1834	
-0.530684	-0.175900	2039	
-0.487626	-0.270219	2140	
-0.365802	-0.394789	3310	
-0.376320	-0.164445	5598	
-0.435610	0.285688	4740	
-0.601750	-0.048830	994	
-0.626454	0.006839	1004	
-0.194631	-0.228981	478	
-0.163296	0.184686	554	
-0.604753	0.352104	2178	
0.617612	-0.396465	719	
-0.750023	0.054928	3877	
0.084718	-0.792605	6496	
0.595009	0.525626	3762	
0.220039	0.782404	6870	
-0.842314	0.066581	3175	
-0.868820	-0.010723	2449	
-0.608212	0.653211	4548	
-0.911604	-0.177284	3906	
0.161416	0.939372	653	
0.970851	-0.008763	1172	
-0.508295	-0.855315	1973	
-0.329973	-0.574482	3083	
-0.069145	-0.296126	531	
-0.188159	0.348701	1568	
-0.242217	-0.127379	6704	
-0.623698	-0.172513	5934	
-0.210027	-0.249411	634	
-0.326106	0.180838	3832	
-0.346398	0.256770	3978	
-0.392712	0.079316	2253	
-0.294127	-0.277378	4116	
-0.411099	-0.387071	1880	
-0.542775	-0.117237	2353	
-0.518312	-0.191288	2021	
-0.436240	-0.334820	4390	
-0.299288	-0.348746	1799	
-0.425506	0.172752	3936	
-0.583344	0.102162	3211	
-0.585245	-0.203718	5472	
-0.258706	0.316128	3751	
-0.195244	0.214764	4348	
0.539969	0.421620	5662	
-0.534191	-0.491705	3068	
0.384186	-0.649375	6421	
-0.434826	0.639658	4809	
0.283752	-0.758067	4867	
0.810292	-0.009669	4118	
-0.552878	0.643535	3694	
0.096404	0.857783	3091	
-0.175555	0.879501	5171	
-0.722559	0.581112	6809	
0.664225	-0.655306	4200	
0.891584	-0.384349	6976	
-0.679005	-0.725414	6341	
-0.013011	-0.497768	1281	
-0.223919	0.056584	611	
-0.199740	-0.608231	2098	
-0.489134	-0.441531	4223	
-0.248342	0.527314	2055	
-0.132846	-0.409940	822	
-0.336101	0.102099	1157	
-0.340787	0.243025	3978	
-0.387474	0.101308	2189	
-0.302358	-0.259111	4294	
-0.427567	-0.373262	4372	
-0.548374	-0.058185	3029	
-0.520997	-0.166447	2039	
-0.443111	-0.318655	2446	
-0.324908	-0.398276	1216	
-0.428176	0.033665	3126	
-0.530659	0.226436	2315	
-0.562212	-0.253551	5438	
-0.338263	0.497373	1705	
-0.095962	-0.323038	1342	
0.672469	-0.136944	2141	
0.051615	-0.744163	397	
-0.625155	-0.386897	3632	
0.723432	0.222051	2995	
-0.644522	-0.445991	3090	
0.588460	-0.563340	6440	
0.162171	0.825571	4730	
0.628554	0.583695	1354	
0.259946	0.848608	426	
0.312080	0.865418	400	
0.221948	-0.907630	6132	
0.725832	-0.645134	6386	
-0.127354	0.294793	6045	
-0.195601	-0.130279	1144	
-0.204729	0.554165	3185	
-0.230202	0.280412	1398	
-0.194453	-0.567688	4500	
-0.336954	0.019284	2849	
-0.342707	0.215359	3493	
-0.381585	0.117837	2404	
-0.302452	-0.257058	4294	
-0.442347	-0.359051	3042	
-0.546612	-0.018264	3022	
-0.525305	-0.144560	2041	
-0.412629	-0.344530	2334	
-0.360567	-0.386455	2358	
-0.399373	-0.116938	5797	
-0.479788	0.277735	1508	
-0.563751	-0.235806	5438	
-0.536654	0.327522	4143	
-0.223588	0.543074	1700	
-0.062373	-0.660402	606	
-0.132716	0.732715	495	
-0.714777	0.175870	1957	
0.728362	-0.207823	5658	
-0.618102	0.484294	608	
-0.186421	-0.782574	551	
0.804952	0.230369	1804	
0.849957	0.106539	2828	
0.601954	0.650028	2160	
0.901904	-0.120001	3427	
-0.022368	-0.931809	596	
0.516265	-0.822416	6647	
-0.101275	-0.206553	1321	
-0.156063	0.553704	6692	
-0.205291	0.235198	4510	
-0.260140	-0.089676	615	
-0.473363	-0.434864	4791	
-0.298293	-0.116860	3678	
-0.344778	0.190949	4030	
-0.381497	0.104407	2404	
-0.293621	-0.271887	4116	
-0.462261	-0.336533	2436	
-0.543037	0.015875	5788	
-0.512887	-0.182825	3140	
-0.370247	-0.361680	3726	
-0.360144	-0.376511	2358	
-0.337371	-0.259760	3495	
-0.448554	0.282281	2105	
-0.573910	-0.200792	5472	
-0.627815	0.019673	5358	
-0.550117	-0.355566	5646	
0.027808	-0.689538	873	
0.645509	0.280089	2520	
-0.261962	0.713517	5390	
0.463505	-0.610822	5716	
0.328332	0.698442	5122	
-0.613344	-0.518557	3761	
0.745167	-0.377265	2663	
0.746645	-0.416954	3560	
0.801378	0.376278	2220	
0.014310	-0.902782	5632	
-0.192228	-0.910254	4844	
0.317992	-0.917133	864	
-0.988554	-0.011467	6003	
-0.192758	-0.117267	1144	
-0.086292	-0.316877	1342	
-0.170143	-0.230855	6714	
-0.608557	-0.217542	2806	
-0.264245	-0.179732	1023	
-0.347331	0.168035	887	
-0.381647	0.088575	2373	
-0.283059	-0.290470	4396	
-0.493944	-0.291037	1642	
-0.539530	0.034289	5788	
-0.515893	-0.164192	2364	
-0.352147	-0.326059	4540	
-0.339846	-0.363300	2614	
-0.315492	-0.311322	4080	
-0.432289	0.240642	2235	
-0.586118	-0.145417	2244	
-0.618881	-0.104764	5000	
-0.092353	-0.511513	666	
0.041164	-0.687222	5596	
0.703546	-0.009993	3950	
0.239332	0.683277	1337	
-0.050197	-0.759490	5208	
0.631785	0.446895	3089	
-0.797772	0.074338	2792	
0.142501	-0.835051	5217	
0.515255	-0.686508	3885	
0.883721	0.027371	2648	
-0.421741	-0.789700	4448	
-0.294641	-0.881768	717	
0.155526	-0.957312	1184	
-0.978852	0.131762	2543	
-0.054076	-0.626069	1368	
-0.319362	-0.571505	1476	
-0.084278	-0.421681	1512	
-0.640309	-0.084675	2000	
-0.245529	-0.208655	6601	
-0.350501	0.147122	1661	
-0.382534	0.061768	2555	
-0.267064	-0.322649	1830	
-0.526938	-0.224630	2345	
-0.528951	0.049939	5318	
-0.472486	-0.265190	2638	
-0.389011	-0.241205	5464	
-0.344874	-0.314489	4504	
-0.310685	-0.336401	2780	
-0.432603	0.223323	2051	
-0.586159	-0.141919	2244	
-0.602547	-0.176749	1922	
-0.133706	-0.318226	4408	
0.046408	-0.698278	5596	
0.333646	-0.634278	5114	
0.434186	0.584607	3340	
-0.252144	-0.703434	2471	
0.738646	0.230645	2995	
-0.766345	0.234658	2317	
-0.304685	-0.766055	4218	
0.238040	-0.830721	4930	
0.842377	-0.265291	2694	
-0.608503	-0.654889	2159	
-0.338141	-0.865833	423	
0.060101	-0.967526	6826	
-0.966483	0.201121	2683	
0.027902	-0.684480	873	
-0.398980	-0.534678	3407	
-0.402422	-0.524294	1631	
-0.094819	-0.381298	1734	
-0.638007	-0.099715	5000	
-0.241831	-0.214919	6425	
-0.354089	0.129046	1137	
-0.382339	0.026181	2994	
-0.251299	-0.368268	1841	
-0.555876	-0.108917	2739	
-0.527129	0.046299	5318	
-0.397264	-0.340772	3768	
-0.426903	-0.169243	2487	
-0.364507	-0.273134	5376	
-0.312757	-0.338291	2780	
-0.434126	0.192135	2902	
-0.587842	-0.124038	2968	
-0.583095	-0.232411	5414	
-0.225462	-0.185381	3575	
-0.146906	-0.159112	771	
-0.240588	-0.641610	1586	
0.484738	0.544674	4008	
-0.288968	-0.689354	4969	
0.762085	0.134231	3062	
-0.752825	0.275370	2597	
-0.359482	-0.741500	4423	
0.191953	-0.842729	6001	
0.803795	-0.365480	2723	
-0.647726	-0.615656	3701	
-0.336711	-0.866316	423	
0.048814	-0.967995	6826	
-0.081115	-0.243319	937	
-0.068880	-0.379945	6867	
-0.156443	-0.249715	6712	
-0.597472	-0.245021	5900	
-0.275363	-0.166568	957	
-0.357855	0.113806	2282	
-0.376823	-0.042461	2796	
-0.258345	-0.433106	1272	
-0.552237	0.026610	3064	
-0.523870	0.024009	5804	
-0.362096	-0.315831	5116	
-0.475208	-0.090208	2646	
-0.422957	-0.165770	2487	
-0.319467	-0.318794	4080	
-0.435424	0.196395	2902	
-0.581077	-0.156345	2244	
-0.577579	-0.246511	1108	
-0.164718	-0.264586	6712	
0.043832	-0.689634	5596	
0.325711	-0.638766	5114	
0.395244	0.610487	5412	
-0.208181	-0.717712	5626	
0.727533	0.263445	3053	
-0.778735	0.188277	2570	
-0.276383	-0.776713	4766	
0.277044	-0.817685	5022	
0.849690	-0.240334	2705	
-0.575110	-0.684339	3124	
-0.291788	-0.882602	717	
0.120977	-0.961846	5484	
-0.974907	0.155044	5741	
-0.174843	0.176105	908	
-0.221760	0.188669	3842	
-0.283881	0.036583	3302	
-0.366420	-0.516109	1703	
-0.319127	-0.084252	3157	
-0.361400	0.100083	2282	
-0.350359	-0.137905	3572	
-0.364265	-0.429810	1374	
-0.535340	0.085040	3436	
-0.525923	-0.020804	5326	
-0.414212	-0.202668	5162	
-0.489751	-0.091143	2888	
-0.445196	-0.119934	2213	
-0.327123	-0.300007	4080	
-0.438016	0.217853	2051	
-0.562749	-0.219698	5490	
-0.585647	-0.227892	5414	
-0.096616	-0.440945	1968	
0.042013	-0.700829	5596	
0.699595	0.075006	1343	
0.142060	0.710994	4631	
0.067172	-0.779324	6288	
0.571725	0.520683	4068	
-0.800512	-0.032934	3917	
0.207731	-0.821230	5539	
0.574007	-0.636274	3987	
0.877707	0.106758	2710	
-0.350823	-0.823624	5084	
-0.203370	-0.907579	5112	
0.261816	-0.934071	6548	
-0.987164	0.030669	6041	
-0.217950	0.040629	788	
-0.024594	-0.549489	5583	
-0.196221	0.496528	1506	
-0.227816	0.350998	4077	
-0.143600	-0.538198	3600	
-0.334618	-0.036291	2926	
-0.372421	0.053521	2313	
-0.288291	-0.263745	4116	
-0.504270	-0.278989	2089	
-0.510113	0.112905	3478	
-0.501120	-0.191790	3140	
-0.470945	-0.118840	2149	
-0.479902	-0.193007	1825	
-0.454151	-0.099799	2595	
-0.336360	-0.279651	3667	
-0.446280	0.253582	2109	
-0.538315	-0.276576	3521	
-0.605831	-0.170914	5944	
-0.253990	-0.578226	1290	
0.046622	-0.693364	5596	
0.572520	0.407762	2070	
-0.396730	0.634237	6466	
0.576597	-0.497900	5910	
0.198163	0.746206	1485	
-0.513060	-0.617070	3452	
0.796118	-0.249199	2020	
0.803213	-0.290984	4910	
0.739407	0.486275	5929	
0.148158	-0.893080	6660	
-0.048465	-0.930198	6058	
0.455106	-0.857013	6924	
-0.973964	-0.169558	1099	
-0.648969	-0.180353	2323	
-0.658567	-0.106361	1324	
-0.282497	-0.576545	1250	
-0.556550	0.324200	1288	
-0.158518	-0.355585	3190	
-0.351687	0.017894	2380	
-0.371569	-0.031171	3430	
-0.242034	-0.386762	1501	
-0.563975	-0.066921	6054	
-0.505688	0.086760	4732	
-0.385898	-0.337704	4628	
-0.482436	-0.145816	1621	
-0.466051	-0.227430	3020	
-0.452299	-0.102425	2213	
-0.365485	-0.218885	3989	
-0.482224	0.258577	2541	
-0.481992	-0.368668	2329	
-0.627847	0.070949	976	
-0.518515	0.400421	3871	
0.007099	-0.696403	6119	
-0.280142	0.669015	4935	
-0.733735	-0.049096	1658	
0.756525	-0.004506	2495	
-0.722661	0.298893	2295	
0.002719	-0.818126	1279	
0.740665	0.389245	4608	
0.820432	0.245133	2414	
0.463653	0.754723	6290	
0.908922	0.033046	2824	
0.186883	-0.915019	463	
0.676187	-0.696504	6555	
-0.218083	0.039805	788	
-0.534795	-0.404428	5612	
-0.194206	0.293680	1944	
-0.285289	0.027685	3302	
-0.525487	-0.370931	5646	
-0.273326	-0.181026	1023	
-0.361543	0.027720	2207	
-0.335073	-0.165207	3672	
-0.352226	-0.439071	1598	
-0.526156	0.117265	3478	
-0.516496	0.026194	5252	
-0.412566	-0.210131	5162	
-0.460795	-0.222791	3020	
-0.447959	-0.260755	2698	
-0.425880	-0.146163	5340	
-0.410568	-0.112493	5797	
-0.539883	0.188668	3348	
-0.419446	-0.436948	1846	
-0.509335	0.371699	4529	
-0.204846	-0.160938	877	
0.678947	0.098706	2621	
0.286796	-0.675130	5262	
-0.451561	-0.576786	1746	
0.597292	0.463000	1892	
-0.461414	-0.631731	5281	
0.728415	-0.356088	3066	
-0.090045	0.849702	6925	
0.448011	0.731010	5950	
0.039420	0.890207	6111	
0.123532	0.912389	5181	
0.462212	-0.810420	6871	
0.867325	-0.436498	6616	
-0.693701	-0.709078	6709	
-0.153946	-0.167662	451	
-0.610987	-0.268515	2768	
-0.500357	-0.427526	4223	
-0.302482	0.536943	1101	
-0.134545	-0.508872	3685	
-0.329674	-0.073296	3026	
-0.366543	-0.022167	2772	
-0.253965	-0.327820	1830	
-0.541480	-0.195982	2381	
-0.494603	0.125524	3338	
-0.511678	-0.149305	1929	
-0.461973	-0.146115	2934	
-0.428349	-0.235739	3256	
-0.469247	-0.230964	3020	
-0.390400	-0.204897	5314	
-0.440303	0.081826	1589	
-0.588149	0.016664	5582	
-0.398229	-0.460764	1854	
-0.295658	0.497579	1133	
-0.190700	0.556360	6327	
0.342797	0.584059	3084	
-0.242936	-0.676625	1582	
0.621404	-0.407327	719	
-0.669572	0.367924	1078	
0.558851	-0.566185	4104	
0.757129	0.288757	4197	
-0.741378	0.404292	2923	
-0.212586	0.846526	6012	
-0.470103	0.759630	4264	
-0.860314	0.343739	5010	
0.832132	-0.420249	6372	
0.966780	-0.089633	6900	
-0.428784	-0.896287	6885	
-0.137256	0.200997	454	
-0.449345	-0.496479	4133	
-0.188152	0.199597	1776	
-0.190174	0.396735	760	
-0.284596	0.061506	2592	
-0.608089	-0.213812	2806	
-0.200787	-0.284506	6032	
-0.352514	-0.032704	2880	
-0.338570	-0.143131	3572	
-0.270333	-0.455079	1131	
-0.555637	0.057651	3154	
-0.492831	0.071843	1061	
-0.401039	-0.330460	3768	
-0.470321	-0.164410	1673	
-0.441880	-0.210354	1419	
-0.504845	-0.082249	2474	
-0.364019	-0.237989	3989	
-0.444662	0.217070	2051	
-0.553984	-0.229319	3267	
-0.445109	-0.430949	4365	
-0.287644	0.149224	3528	
-0.134304	0.360989	6468	
-0.697398	0.016081	3949	
0.730308	-0.013921	1761	
-0.659072	-0.361126	1852	
0.527569	-0.573484	4561	
0.263224	0.747099	3895	
-0.166792	0.817819	4863	
-0.798502	-0.276410	2455	
-0.803690	-0.329947	3523	
-0.807003	0.375964	2492	
-0.789055	-0.488880	479	
-0.061200	0.950219	6943	
0.910457	0.337073	6441	
-0.172195	-0.979989	6056	
-0.129769	-0.148266	1849	
-0.249504	0.627814	852	
-0.131498	-0.622237	5872	
-0.262431	0.013923	763	
-0.080780	-0.471359	2412	
-0.412380	0.484133	3236	
-0.148959	-0.535209	4282	
-0.295328	-0.149821	3664	
-0.356258	-0.063609	3122	
-0.259486	-0.304627	3856	
-0.504883	-0.286136	2121	
-0.496710	0.149801	2838	
-0.505131	0.026776	5452	
-0.386375	-0.267592	5376	
-0.449958	-0.226759	3304	
-0.398831	-0.296366	4056	
-0.473129	-0.053220	5832	
-0.406713	-0.130227	5797	
-0.520016	0.216986	2315	
-0.412511	-0.437369	1846	
-0.613628	-0.148918	5954	
-0.651649	-0.080381	1442	
-0.027879	0.684806	874	
0.485836	0.505439	4442	
-0.356621	0.660515	6434	
0.359066	-0.683360	5673	
0.496273	0.591748	3328	
-0.800680	-0.007595	3917	
-0.229258	-0.791874	773	
0.237912	-0.830113	4930	
0.414710	-0.780477	4467	
-0.793396	-0.407772	4149	
-0.348711	-0.861209	501	
-0.311282	-0.915516	657	
0.745890	0.621461	6244	
-0.098262	0.692491	5214	
-0.218077	-0.027803	2700	
-0.142432	0.319483	1266	
-0.645540	0.167154	5685	
-0.317221	0.570449	919	
-0.255050	0.202967	1861	
-0.590627	-0.255161	1086	
-0.180863	-0.322715	4592	
-0.337429	-0.088413	3296	
-0.320665	-0.176329	3790	
-0.256056	-0.454360	3400	
-0.564435	0.022812	3064	
-0.478661	0.094956	1176	
-0.516259	-0.113910	2147	
-0.425139	-0.205996	5162	
-0.430603	-0.209952	1419	
-0.490087	-0.193028	3140	
-0.397286	-0.187743	4972	
-0.441399	0.149350	5196	
-0.587908	-0.050375	5624	
-0.335118	-0.496717	4341	
-0.381190	0.487575	2197	
-0.064764	-0.452388	1890	
0.605995	0.321709	5486	
0.482257	-0.534563	4249	
-0.386490	-0.620521	4648	
0.647075	0.391021	3219	
-0.723392	-0.298374	3080	
0.335629	-0.750887	1798	
0.642110	0.536103	5126	
0.822851	0.234153	2863	
0.506134	0.726221	3876	
0.448897	-0.784331	4649	
0.096472	-0.927955	6948	
0.501759	-0.830111	6647	
-0.976921	-0.145188	6388	
-0.131116	-0.146836	1849	
-0.596211	0.314077	2192	
-0.088004	-0.263885	2932	
-0.233623	0.159865	2560	
-0.084186	-0.446815	1858	
-0.406530	0.487546	3236	
-0.180658	-0.553802	4095	
-0.258667	-0.211113	6425	
-0.339025	-0.107617	3390	
-0.251083	-0.317671	4086	
-0.488619	-0.316011	2250	
-0.499177	0.162905	2582	
-0.484142	0.044756	5178	
-0.483513	-0.223617	2370	
-0.404222	-0.246610	5072	
-0.404393	-0.310135	4056	
-0.466838	-0.055849	5832	
-0.417766	-0.109417	5370	
-0.488690	0.241568	1447	
-0.444294	-0.403572	2047	
-0.465060	-0.417846	2085	
-0.294717	-0.024877	5903	
-0.133718	0.288231	6045	
-0.429499	0.557166	4452	
0.696475	-0.221837	6221	
-0.635368	0.406241	1122	
-0.642997	-0.412234	2328	
0.753941	-0.236640	2318	
0.646327	0.487967	3583	
-0.778183	0.326063	4617	
-0.166336	0.856341	5347	
-0.410994	0.793936	4468	
-0.519721	0.765680	4660	
0.633533	-0.683761	6006	
0.918713	-0.313984	5748	
-0.085256	-0.238540	937	
-0.365386	0.556039	1239	
-0.200625	0.515939	1298	
-0.286469	0.055285	3302	
-0.643255	0.003052	5538	
-0.144852	-0.423083	822	
-0.310608	-0.149419	3324	
-0.309823	-0.187542	3438	
-0.244571	-0.451301	899	
-0.569409	-0.040153	5624	
-0.473742	0.136880	2838	
-0.488959	0.034137	5178	
-0.497641	-0.184386	3140	
-0.442413	-0.285419	1456	
-0.501865	-0.025732	5304	
-0.412349	-0.144016	5786	
-0.445457	0.188526	2902	
-0.584839	-0.080332	5614	
-0.291184	-0.510818	1768	
-0.566563	0.284149	1569	
-0.202964	0.302032	1638	
0.184997	-0.684626	5335	
-0.028282	0.732442	954	
-0.599366	0.431540	5320	
0.465696	-0.607283	5716	
0.527354	0.564010	4842	
-0.786491	0.148746	2790	
-0.622261	-0.537455	5101	
-0.315449	-0.785356	4554	
-0.465910	-0.734979	5949	
-0.879448	0.137407	3470	
-0.684345	-0.627154	3759	
0.008843	0.949213	5018	
0.911736	0.333591	4870	
-0.155579	-0.982321	1536	
-0.144995	0.283873	6858	
-0.100252	-0.607831	4813	
-0.636267	-0.174497	2323	
-0.238189	0.430266	1742	
-0.424957	-0.471771	4271	
-0.201230	-0.299060	4736	
-0.311299	-0.157151	3324	
-0.261030	-0.281336	4012	
-0.372277	-0.435911	1304	
-0.545994	0.113162	3532	
-0.468947	0.088371	1176	
-0.482852	0.022205	5178	
-0.510757	-0.035115	2607	
-0.497377	-0.017972	5304	
-0.429559	-0.117378	5370	
-0.447377	0.042248	3000	
-0.556869	0.137094	3604	
-0.379703	-0.456747	4210	
-0.432856	-0.448279	4551	
-0.281732	0.169480	4184	
-0.127889	-0.197106	643	
-0.248502	0.655843	808	
0.149222	-0.750208	879	
0.634041	-0.386450	990	
0.171801	0.732680	6565	
-0.277663	-0.730183	4706	
0.556267	-0.593581	1946	
0.537873	0.640526	4528	
0.830299	0.204050	2641	
0.583868	0.664669	2742	
-0.041636	-0.898008	5980	
-0.016059	-0.931320	596	
0.192622	-0.949607	6195	
-0.962575	0.211285	2683	
-0.079996	-0.228896	937	
-0.167596	0.611635	6672	
-0.258898	-0.031780	6515	
-0.080143	-0.520012	666	
-0.374925	0.505901	2343	
-0.219598	-0.556570	1310	
-0.237777	-0.251964	6705	
-0.297653	-0.198455	2872	
-0.225066	-0.390405	3897	
-0.506125	-0.292423	2121	
-0.512574	0.178282	2862	
-0.464701	0.068425	2695	
-0.465606	-0.011929	5356	
-0.466856	-0.022172	5356	
-0.437979	-0.080875	5854	
-0.448205	0.033766	3000	
-0.507892	0.216925	1688	
-0.490274	-0.341632	2184	
-0.271279	-0.517719	1443	
-0.447558	0.441777	4019	
-0.264943	0.039509	763	
0.212380	-0.671119	5541	
0.205868	0.658192	6598	
-0.309092	0.688070	6330	
-0.011548	-0.767989	4912	
0.772524	0.001173	2588	
0.036205	0.803172	1883	
-0.092701	0.826745	6609	
-0.841052	-0.066831	2027	
-0.604606	0.619066	3942	
-0.568592	0.687086	4700	
-0.638495	0.669358	3695	
0.650837	-0.667072	5651	
0.903208	-0.356088	396	
-0.749275	-0.647431	6625	
-0.145168	-0.166126	1849	
-0.650606	-0.165336	2529	
-0.243614	0.132644	1155	
-0.135852	-0.289088	4384	
-0.537939	0.349146	3179	
-0.151176	-0.520324	4350	
-0.248214	-0.244591	6705	
-0.269784	-0.249086	2172	
-0.230991	-0.446950	899	
-0.558966	-0.158779	3105	
-0.507504	0.187838	2938	
-0.460990	0.091382	1111	
-0.455673	0.015323	3052	
-0.446984	-0.021985	2908	
-0.452697	0.081146	1111	
-0.497088	0.219524	2727	
-0.536634	-0.257757	5880	
-0.243894	-0.511127	2162	
-0.607052	-0.182424	5480	
-0.088056	-0.496944	666	
-0.267929	-0.600645	4021	
0.101602	-0.716203	5334	
0.433180	-0.600268	6502	
0.658444	-0.341519	4203	
0.304080	0.687490	4902	
-0.655209	-0.426841	2328	
0.116518	-0.817848	5059	
0.833461	0.007386	2634	
0.694898	-0.496368	3794	
0.691951	-0.545035	6641	
-0.801214	-0.390779	2219	
-0.412344	-0.832204	4233	
-0.906637	0.316556	5393	
0.851086	0.467124	1038	
-0.166519	-0.141469	2185	
-0.029087	-0.538002	6643	
-0.212720	0.221427	4510	
-0.244551	-0.136598	6704	
-0.618076	0.173331	5604	
-0.144091	-0.490452	3951	
-0.250908	-0.251050	6705	
-0.249828	-0.286430	4012	
-0.245972	-0.465540	891	
-0.558342	-0.165974	3105	
-0.527273	0.166808	2862	
-0.465838	0.170157	4242	
-0.458686	0.133688	5131	
-0.462676	0.212928	2075	
-0.532152	0.177561	2862	
-0.538922	-0.250163	5880	
-0.249727	-0.504531	1868	
-0.400016	-0.474556	1854	
-0.254169	0.297660	4083	
-0.173309	0.319595	1262	
0.507669	0.458849	4966	
-0.663806	0.243546	3241	
-0.713036	0.179623	6109	
0.367770	-0.677347	5673	
0.745569	0.203954	3439	
0.003161	0.807908	5078	
0.071329	0.814431	3925	
-0.837974	0.092943	3545	
-0.188132	0.851578	6002	
-0.283241	0.849567	5229	
0.521460	0.750374	4334	
0.397304	-0.843958	5219	
0.641833	-0.727057	5499	
-0.171799	-0.134643	781	
-0.085889	-0.272926	2932	
-0.198064	0.281358	1944	
-0.290011	0.016671	1253	
-0.640655	-0.013256	2620	
-0.149376	-0.456070	5659	
-0.236795	-0.274992	4370	
-0.234784	-0.313706	4464	
-0.241903	-0.467396	891	
-0.507806	-0.295681	2121	
-0.569948	0.045849	3166	
-0.529234	0.167166	2862	
-0.533564	0.164160	2862	
-0.581317	-0.021952	3076	
-0.460168	-0.376147	1924	
-0.233543	-0.500685	2162	
-0.323464	-0.517295	1690	
-0.269665	0.485150	2769	
-0.152735	-0.225626	6448	
0.200324	-0.677006	5664	
0.497940	0.493933	4446	
0.603538	0.410584	2377	
-0.599957	0.458015	6096	
-0.685785	0.333093	2212	
0.045742	-0.804517	1057	
0.486480	-0.654444	1985	
0.812942	0.187271	2493	
0.680956	-0.515091	1709	
0.441157	-0.763662	1993	
-0.868096	-0.200148	3506	
-0.599421	-0.708727	6535	
0.559541	0.754932	6400	
0.950021	0.199968	460	
-0.296762	-0.947674	1560	
-0.144654	0.225160	3970	
-0.196735	-0.136545	1144	
-0.192095	0.351556	1692	
-0.290451	0.041404	3346	
-0.639684	-0.029235	5558	
-0.150392	-0.477318	3951	
-0.218618	-0.304423	4368	
-0.224512	-0.328811	3258	
-0.224817	-0.453460	2467	
-0.393319	-0.430148	2590	
-0.517085	-0.284158	2563	
-0.548356	-0.214039	3267	
-0.502003	-0.315171	2617	
-0.323113	-0.478383	4655	
-0.206981	-0.491241	766	
-0.308695	-0.523338	1600	
-0.334578	0.508984	1731	
-0.199234	0.339958	1692	
0.027537	-0.686787	873	
-0.641562	-0.274032	2519	
0.432521	-0.600500	6502	
0.529890	-0.525441	5300	
0.661711	0.365770	1851	
0.055014	0.780090	5231	
-0.795121	0.087119	2792	
-0.630058	0.524467	6759	
-0.817219	-0.210369	3662	
-0.448248	0.742747	4885	
-0.407113	0.795552	4468	
0.558648	0.721997	4258	
0.374058	-0.854591	6454	
0.539731	-0.804976	6407	
-0.985737	0.013111	5885	
-0.132950	0.329389	6105	
-0.240877	-0.028785	2612	
-0.192260	0.370960	1790	
-0.290669	0.014045	1253	
-0.633208	0.094025	5234	
-0.177692	-0.539831	4402	
-0.188907	-0.352363	4302	
-0.214001	-0.327970	4336	
-0.205344	-0.406354	3897	
-0.223156	-0.467150	924	
-0.277050	-0.483643	2428	
-0.242447	-0.487038	1948	
-0.212358	-0.480404	924	
-0.191471	-0.491637	1014	
-0.362415	-0.500271	1703	
-0.277089	0.499144	2769	
-0.202684	0.453078	1870	
0.028201	-0.691204	873	
-0.669611	0.150533	2008	
-0.158441	0.743171	880	
-0.550401	-0.485581	2940	
0.493628	-0.582282	3887	
0.768421	-0.072556	2351	
0.761634	0.210381	3569	
0.749583	0.306412	4043	
-0.108408	0.847333	511	
0.828705	0.207223	2641	
0.857280	0.211884	3325	
-0.727193	-0.515296	5289	
-0.445491	-0.814642	4582	
0.401767	0.850573	416	
0.941455	0.237253	514	
-0.319119	-0.939852	5690	
-0.132832	0.311507	628	
-0.244496	0.002387	706	
-0.194469	0.315192	1997	
-0.273223	-0.078256	615	
-0.512285	0.381467	4529	
-0.295115	-0.537896	1694	
-0.155555	-0.447303	5659	
-0.190349	-0.372315	1671	
-0.193012	-0.378943	1671	
-0.194669	-0.410596	1749	
-0.187935	-0.429531	1939	
-0.181470	-0.462495	1251	
-0.199410	-0.524995	5199	
-0.591701	-0.231344	5414	
-0.248873	0.354471	4237	
-0.264615	0.001287	707	
0.047170	-0.696744	5596	
-0.365243	0.589254	4588	
0.586130	-0.411549	5912	
-0.704540	0.210192	6222	
-0.089015	-0.748132	4840	
-0.513789	-0.563073	4040	
0.429130	-0.674870	3782	
0.455681	-0.677307	4450	
0.584060	-0.596246	6152	
0.037924	-0.857102	5323	
-0.680669	-0.538297	5189	
-0.766947	0.451059	3807	
-0.550189	0.742161	4871	
0.598290	-0.714405	6757	
0.735884	-0.631497	6355	
-0.973185	-0.160133	1843	
-0.134689	0.276087	6858	
-0.204337	-0.125888	697	
-0.223863	0.191129	3842	
-0.143948	-0.281436	5851	
-0.310447	0.524254	1069	
-0.584622	-0.257921	1086	
-0.211522	-0.544942	1312	
-0.161115	-0.497225	4215	
-0.165758	-0.467236	1109	
-0.169398	-0.489195	5387	
-0.209472	-0.536767	1312	
-0.507772	-0.378608	3391	
-0.479910	0.412037	3779	
-0.139161	-0.299064	4384	
-0.664651	-0.027400	2836	
0.047269	-0.695983	5596	
-0.680001	-0.091103	1644	
0.595033	-0.398009	2551	
-0.615288	0.406381	720	
-0.418739	-0.620202	5476	
-0.688867	0.325244	754	
-0.590456	-0.511721	4017	
-0.613655	-0.513634	3761	
-0.754784	-0.320834	4044	
-0.794263	-0.284702	2319	
-0.265177	0.829827	5315	
-0.051470	0.891430	5449	
0.278900	-0.859039	5230	
0.040086	-0.931000	6855	
-0.759797	-0.593847	5843	
0.806411	0.540564	414	
-0.210540	0.087580	580	
-0.058565	-0.357109	1816	
-0.264135	0.019674	763	
-0.162255	-0.593358	1656	
-0.244485	0.315927	3751	
-0.443626	0.452436	4019	
-0.635840	-0.060724	5648	
-0.578943	-0.267727	1086	
-0.579530	-0.265461	1086	
-0.637500	-0.003661	5538	
-0.369265	0.500041	1785	
-0.292369	0.090154	814	
-0.210919	0.516324	1780	
-0.232063	-0.000326	660	
0.411094	-0.554363	4435	
-0.534253	-0.446573	5661	
0.647548	0.305489	1430	
-0.693231	0.245008	5974	
-0.450110	-0.598355	5007	
-0.341027	0.697760	5254	
-0.756715	0.185583	2289	
-0.795564	-0.083313	3173	
-0.290363	0.778451	1348	
-0.800084	0.265008	2019	
0.522591	0.677357	4610	
0.768929	0.434490	4046	
-0.767194	-0.452772	5533	
-0.630659	-0.680581	3811	
0.920307	-0.145171	6072	
0.963085	-0.122765	458	
-0.091320	-0.215964	4651	
-0.652259	0.155120	5992	
-0.104616	-0.296365	1724	
-0.346029	0.552048	1274	
-0.104855	-0.375841	1719	
-0.273916	0.166761	3864	
-0.246955	0.403514	1096	
-0.247613	0.404552	1096	
-0.270227	0.189236	2712	
-0.096028	-0.418660	1928	
-0.202185	0.462360	1870	
-0.233527	0.110796	1155	
0.030434	-0.697537	873	
0.177714	0.640936	6588	
0.297526	0.626790	1899	
0.390864	-0.631126	6465	
-0.651054	-0.340561	2096	
-0.153580	-0.731670	6815	
-0.498261	0.583603	3888	
-0.704627	0.333580	2470	
-0.765914	0.229257	2267	
0.206591	0.782904	6291	
-0.454286	0.717178	4431	
0.845636	0.116245	2708	
0.352326	-0.808716	5165	
-0.880340	0.126230	3470	
-0.836606	0.393031	3432	
0.648485	-0.668702	5651	
0.671676	-0.698407	6555	
0.449585	0.860612	6474	
-0.047881	-0.294820	471	
-0.190656	0.155656	582	
-0.182110	0.536543	559	
-0.207341	-0.155507	877	
-0.195339	0.353865	2061	
-0.259992	0.580424	1636	
-0.241971	0.577182	1446	
-0.219177	0.209716	3842	
-0.057966	-0.517130	682	
-0.152967	0.457962	6746	
0.030596	-0.697910	873	
0.360623	0.574443	4376	
-0.666433	0.203988	6115	
-0.705764	0.012231	3949	
0.575914	0.447333	1539	
-0.040739	-0.742480	5096	
0.342270	-0.691910	6325	
-0.736001	-0.196255	2970	
-0.769822	-0.124155	3035	
-0.791320	0.112033	2808	
0.303642	0.749113	4574	
-0.056246	0.849285	5258	
0.761709	-0.381631	3902	
-0.378514	-0.781879	4531	
-0.784419	0.419169	3110	
0.378048	0.831246	498	
0.358971	-0.860815	6794	
-0.172283	-0.951040	638	
0.732426	0.637243	972	
-0.006366	-0.597246	6763	
-0.489068	-0.458627	5223	
-0.177467	0.182663	908	
-0.232803	-0.606064	2080	
-0.034009	-0.512740	1044	
-0.381626	0.551844	1361	
-0.446580	-0.497866	4133	
0.042233	-0.700796	5596	
0.334941	-0.606724	4716	
0.214348	0.632568	1525	
-0.671290	0.186984	6026	
-0.182476	0.714713	769	
0.423948	-0.606631	6486	
-0.660243	0.324544	752	
0.230325	0.699547	1531	
0.711361	0.256456	3053	
0.547849	-0.550371	4161	
-0.376440	-0.682562	5807	
-0.739745	-0.304913	4172	
0.071682	0.813073	3925	
-0.153529	0.840914	5347	
0.730421	-0.438968	3410	
-0.589046	-0.636841	1399	
-0.674984	0.580295	3261	
0.799048	-0.415485	3420	
0.150149	-0.920591	872	
-0.502640	0.807529	6648	
0.924077	0.297556	677	
0.027540	-0.687352	873	
-0.216706	-0.009500	2794	
0.047252	-0.695461	5596	
0.047058	-0.697123	5596	
0.029570	-0.695340	873	
0.531753	-0.435683	2571	
0.196942	0.636791	1591	
-0.200684	0.679309	5663	
-0.293908	-0.620977	1900	
-0.502760	0.501042	5191	
0.028321	-0.753501	1277	
-0.228084	0.726628	5371	
0.139260	-0.758681	1075	
0.127410	-0.774458	1015	
0.117484	0.745831	5711	
0.498777	0.588099	2616	
0.750606	-0.243880	2318	
-0.187427	-0.779181	551	
-0.530461	0.626826	6537	
-0.603973	0.591447	5187	
0.799413	-0.293272	4910	
-0.556240	-0.665620	1966	
-0.644818	0.613918	3251	
0.551143	-0.711806	4590	
-0.008647	-0.930939	618	
0.755126	0.550296	3639	
0.970199	0.037609	490	
-0.801722	-0.576899	449	
0.499112	-0.862157	1562	
0.046291	-0.698419	5596	
0.027999	-0.690412	873	
0.634871	-0.259165	3446	
0.082854	0.657950	555	
-0.270018	0.644994	4473	
-0.319538	-0.609657	2974	
0.005772	0.718742	5337	
-0.493007	-0.502396	4441	
0.708580	-0.173544	1958	
-0.393922	0.633772	6466	
0.095328	-0.764334	1025	
-0.388348	-0.638606	3992	
0.501620	0.563283	4039	
-0.010991	-0.779553	4912	
-0.770089	0.111748	2026	
0.066641	0.795912	5805	
0.741494	-0.320899	2668	
-0.382036	-0.726040	5197	
-0.842440	0.004571	4524	
0.797277	0.304999	4273	
-0.261516	-0.828816	699	
-0.725119	0.515330	2914	
0.576373	-0.691100	4676	
-0.035550	-0.929852	6140	
0.912790	0.190855	3905	
0.962825	-0.122963	458	
-0.906636	-0.388720	5960	
0.430738	-0.897546	6431	
0.045610	-0.691710	5596	
0.066542	0.661723	605	
-0.643643	0.239533	3445	
0.631751	0.307257	1230	
-0.696895	-0.109846	2594	
-0.161534	-0.698924	6201	
0.391241	0.610981	5412	
-0.728803	-0.086605	1758	
0.730230	-0.116508	2982	
-0.176245	-0.725157	6522	
0.523722	0.543174	3914	
-0.615807	-0.447744	2762	
-0.090643	0.795221	6495	
0.778107	-0.128167	2361	
-0.568888	-0.561654	5175	
0.396087	0.704188	5820	
0.814594	0.171258	2517	
-0.625672	-0.565112	4303	
0.249417	0.819191	6518	
0.554156	-0.681457	4699	
-0.843848	0.279271	2693	
0.844826	-0.311011	4712	
0.074535	-0.928944	6498	
0.905213	0.223754	3971	
0.958091	-0.154296	986	
-0.954739	-0.244552	5951	
0.043967	-0.700087	5596	
-0.007523	0.699013	6120	
-0.109205	-0.672268	4898	
-0.613742	-0.348084	3472	
0.728842	0.009877	2417	
-0.495681	0.549863	4156	
0.018410	-0.758685	1277	
-0.169814	0.758841	941	
0.482943	-0.590359	3887	
0.310029	0.684361	4644	
-0.363009	-0.666992	4391	
-0.065347	0.795312	6287	
0.662859	-0.430896	2231	
-0.776334	0.183384	2570	
0.800762	0.104629	3250	
-0.620376	-0.534453	5101	
-0.673511	0.508243	4163	
0.498021	-0.695094	4308	
-0.597634	0.623548	3942	
0.563724	0.679638	1965	
-0.883803	-0.100904	2841	
0.188796	0.894355	5111	
0.304999	-0.881387	6482	
0.684833	0.635583	6224	
0.969391	-0.049346	6634	
-0.943987	-0.283403	6471	
-0.089238	0.717656	6841	
-0.206966	0.676185	5663	
-0.317799	-0.596248	1648	
-0.460213	0.541895	3921	
0.726566	-0.055956	2532	
-0.729452	0.075206	2733	
0.738515	0.028608	3606	
-0.062353	-0.754021	5140	
0.674030	0.340964	2398	
-0.418833	0.646860	5397	
0.765600	0.090559	2720	
-0.613180	0.483023	608	
0.785160	-0.070136	2545	
-0.797949	0.017637	2785	
0.791972	-0.154390	3131	
-0.693708	0.431097	2866	
0.366888	0.748828	4424	
-0.521372	-0.662313	4555	
0.554115	0.649434	2133	
-0.333256	-0.801330	4939	
-0.430241	0.781698	1396	
-0.578207	-0.677322	4332	
-0.913733	0.138552	6071	
0.555578	-0.747507	6720	
-0.647100	0.696547	6005	
0.954490	0.177194	1100	
-0.869353	-0.465851	5751	
0.602697	0.379458	3097	
0.323823	-0.672894	5158	
0.251706	0.676455	1581	
-0.469576	-0.561261	1553	
0.571775	0.466569	1539	
0.661470	-0.366151	1077	
0.037701	0.765174	5309	
0.123955	-0.784667	1015	
-0.089973	0.794791	6495	
-0.105590	-0.776882	1073	
0.452051	0.645211	1066	
-0.441392	-0.665352	867	
0.692836	0.416293	2627	
-0.781671	0.231798	3195	
0.440640	0.707137	5932	
-0.654183	-0.531140	5349	
0.840417	0.141288	3028	
-0.799566	0.320129	4738	
0.587284	0.658800	2742	
-0.886583	0.063231	3731	
0.618797	-0.651947	4547	
-0.355305	-0.857167	501	
0.820434	-0.439284	3700	
0.064974	-0.964856	6826	
0.837567	0.491007	6730	
-0.687041	-0.709564	6709	
-0.601560	0.449139	1006	
-0.039135	-0.759798	5310	
0.735137	-0.168414	2004	
0.044158	0.763575	5309	
-0.189611	-0.734651	6522	
0.056867	0.777953	5231	
-0.132849	-0.770534	6172	
0.605573	0.504325	4018	
-0.652485	-0.461022	3629	
0.782941	-0.194146	2915	
-0.027908	0.824213	1372	
0.129596	-0.831302	5217	
-0.305408	0.795339	4154	
-0.487840	-0.686993	4031	
0.824049	0.217613	2863	
-0.740154	0.440889	3475	
0.842504	-0.243007	2705	
-0.790165	0.406694	3110	
-0.367082	-0.812010	5029	
-0.841817	0.376505	3564	
0.450080	-0.815772	4707	
0.913060	0.186316	3905	
0.862727	-0.440632	1022	
0.527898	0.814908	1292	
-0.310445	-0.940154	5690	
0.121851	0.762895	5839	
-0.450143	0.644265	4287	
-0.613735	-0.478079	1891	
0.786467	-0.041788	2809	
-0.347773	0.731486	1389	
-0.325422	-0.728329	5409	
0.804628	0.055632	3048	
-0.164392	0.815177	4863	
-0.039539	-0.828507	4860	
0.240834	0.798444	6347	
-0.749065	-0.385329	1627	
0.467452	-0.715965	4488	
0.383894	0.762398	4544	
-0.859916	-0.057493	1983	
0.870354	0.125777	2710	
-0.782325	0.421353	3110	
-0.572384	-0.681658	4332	
0.050179	0.913954	5242	
0.066675	-0.929100	6402	
0.869763	-0.330694	4802	
-0.458447	-0.848328	487	
0.934002	0.264843	584	
0.110395	0.965075	6429	
0.256456	-0.959758	5637	
0.709997	-0.383005	2774	
0.801172	0.091679	3174	
0.371752	0.716473	5198	
-0.400646	0.719660	4113	
-0.566521	-0.587822	1629	
0.812957	0.169336	2517	
-0.691353	0.481192	3793	
-0.551713	-0.636203	1294	
0.612775	-0.591994	2174	
0.495749	0.693876	4032	
-0.758091	0.407917	2923	
0.225103	-0.851606	5971	
-0.101135	0.886991	725	
-0.886618	0.058016	4855	
-0.331501	-0.826928	4571	
-0.067390	0.915290	6497	
-0.026006	-0.929813	596	
0.813662	-0.451138	3700	
-0.126277	0.934512	1234	
0.954398	-0.170679	6606	
0.468729	0.850350	5940	
-0.442600	-0.884023	6435	
0.624731	-0.774713	2033	
-0.823342	-0.174682	2518	
-0.703496	-0.462308	3547	
-0.435333	-0.720546	5931	
0.070556	-0.854008	4160	
0.810865	-0.253112	1988	
0.478221	0.705755	3182	
-0.551542	0.663860	4142	
-0.752590	-0.422417	1471	
0.731134	-0.480604	3294	
-0.198202	0.871557	5497	
-0.874674	0.154264	3802	
-0.671038	-0.583858	3487	
0.648145	-0.620959	3252	
-0.921931	0.047586	6185	
0.315135	-0.877299	5039	
0.865427	-0.341282	5035	
-0.064509	0.939638	6943	
0.920331	-0.302267	5748	
0.644821	0.725766	1168	
0.413157	-0.903785	6431	
-0.645868	-0.572090	5065	
-0.423009	-0.753625	4316	
0.224284	-0.850927	5971	
0.817475	-0.309920	3943	
0.421058	0.774758	3291	
-0.547666	0.701077	4698	
-0.875679	0.147132	3470	
-0.801092	-0.385414	2219	
-0.259031	-0.852494	425	
0.844333	-0.303805	4712	
-0.904677	0.176609	4140	
0.060695	-0.929138	6402	
0.743601	-0.558900	6446	
0.929988	0.044375	3342	
-0.890322	-0.358014	848	
0.966024	-0.081366	6900	
0.586517	0.773634	468	
-0.786730	-0.593940	6469	
0.790616	-0.605657	6629	
-0.438523	-0.773760	4108	
-0.337270	-0.823475	4921	
-0.086649	-0.889101	5004	
0.356588	-0.825384	5849	
0.841523	-0.309493	4712	
0.060479	0.910503	5242	
-0.902804	-0.195427	3860	
-0.090075	-0.924540	5093	
0.595300	-0.715282	6757	
0.857545	-0.359902	5035	
0.919439	0.147386	3009	
-0.694937	0.641644	1010	
0.878626	-0.406142	6921	
0.854336	0.461112	1038	
0.241926	0.940576	6905	
-0.576283	-0.801066	6805	
0.754809	-0.542835	5996	
0.774950	-0.513668	3504	
0.822090	-0.434223	3426	
0.871824	-0.323137	4802	
0.919781	-0.138178	5668	
0.923032	0.120719	806	
0.790342	0.492723	480	
-0.654164	0.680546	5652	
0.633017	-0.731154	5499	
0.968821	0.028795	490	
0.753683	0.611921	6484	
0.233393	0.942747	6905	
-0.765211	-0.620625	2440	
0.031951	-0.989950	5701	
0.697410	-0.708850	6883	
0.956022	-0.150492	986	
0.961780	-0.109578	458	
0.968307	0.017969	1172	
0.949391	0.195140	460	
0.874298	0.420623	6318	
0.706060	0.666361	536	
0.445070	0.862941	6474	
0.068676	0.969069	5895	
-0.274794	0.932064	6821	
-0.320213	-0.934201	5690	
0.338987	-0.932048	860	
-0.256869	-0.952767	5670	
-0.238157	-0.957844	5566	
-0.018141	-0.988487	5635	
0.207121	-0.968293	5617	
0.504867	-0.853933	1562	
