-0.357489	-0.012996	10397	
-0.122556	-0.036167	11173	
-0.071690	0.469120	9632	
-0.036388	0.365396	10443	
0.047286	0.222993	4099	
0.135584	0.354497	10061	
0.084699	-0.318255	4650	
-0.093203	0.224170	923	
-0.307774	-0.098015	5374	
-0.196714	0.155154	5598	
-0.468101	-0.315222	8561	
-0.462908	-0.275813	10076	
-0.304136	0.282720	420	
-0.191673	-0.442724	10718	
-0.405019	0.144305	5165	
-0.197007	-0.062498	4599	
0.266524	-0.259609	8517	
-0.044991	0.061578	11285	
-0.457224	0.040271	5151	
-0.431217	0.237513	11169	
-0.311315	-0.056742	3331	
-0.188881	-0.378400	10564	
0.252508	-0.354808	2971	
-0.260833	-0.338801	1047	
-0.440438	-0.363285	8296	
0.008201	0.126357	4881	
-0.079839	0.278637	3019	
-0.259645	0.054423	6718	
0.422084	0.111234	8211	
-0.064621	-0.451212	2030	
-0.214055	-0.324691	4252	
0.009222	0.228225	4556	
0.403919	0.202572	4175	
-0.482261	-0.095444	1836	
-0.218292	0.224225	5368	
0.177619	0.409679	10675	
0.025604	0.161095	8099	
-0.332589	0.265628	5171	
0.178583	0.322096	5812	
-0.021236	0.178439	1104	
-0.201464	0.176487	4433	
-0.455719	-0.140471	9884	
-0.439647	-0.114501	9122	
0.267915	-0.353768	1434	
-0.303704	-0.101047	5374	
-0.168892	0.117278	3610	
-0.062870	-0.399680	659	
0.263925	0.354462	1504	
-0.298126	0.124062	5516	
-0.417976	0.094084	5173	
-0.053380	0.351109	618	
0.033315	0.200451	5180	
-0.207134	0.437797	1071	
0.249751	0.406771	10809	
-0.508041	-0.334290	5162	
-0.480450	0.133412	3116	
-0.244579	-0.007622	4188	
0.473662	0.110048	3437	
-0.486563	0.118209	3160	
-0.113749	0.174751	2881	
0.361190	0.421819	4969	
0.125415	0.488424	4995	
0.136974	0.207702	4378	
-0.323755	-0.090779	862	
0.242170	0.228802	2513	
-0.445429	0.067610	5163	
0.160855	0.425402	7899	
0.267079	0.305365	9750	
-0.164570	0.218634	2092	
-0.327064	0.338643	1315	
-0.155678	-0.438186	10832	
-0.354958	-0.211496	508	
-0.094530	0.347801	5607	
-0.331123	-0.030465	10209	
0.140654	0.288325	1631	
-0.292538	0.225269	2484	
-0.292175	-0.055229	653	
-0.164616	-0.335437	8403	
-0.117213	-0.037604	8702	
-0.062453	0.201244	3960	
-0.296552	-0.419824	10686	
0.515875	0.267241	9601	
-0.302703	0.037798	5471	
0.418566	0.123535	6870	
-0.092163	0.409348	2219	
0.370420	-0.250016	8054	
-0.409565	-0.144392	3684	
-0.028091	0.163948	8033	
0.150071	-0.417553	8436	
0.252720	0.298707	7158	
-0.184684	-0.090415	5965	
0.495891	-0.027866	8799	
0.303053	0.245827	8231	
0.023270	0.258908	3652	
-0.174796	0.113003	4424	
0.374441	0.377352	7577	
-0.223397	0.066707	5975	
-0.284211	0.146517	7825	
0.111777	0.131429	3637	
-0.192359	0.040079	1472	
0.450033	0.269037	8565	
-0.470654	-0.218687	8188	
0.403275	0.360967	9565	
-0.249526	0.258922	10885	
0.066752	0.274383	2199	
-0.137165	0.236494	796	
-0.275564	0.002142	3747	
-0.252726	0.319033	5776	
-0.002691	-0.447173	6088	
-0.137702	0.449212	5393	
-0.049616	0.068709	9534	
-0.181517	0.104818	3494	
-0.030927	0.054787	5710	
0.091776	0.229969	7166	
0.002272	-0.385163	2193	
-0.399750	-0.136776	3755	
-0.244161	-0.083679	8977	
-0.142609	0.238843	1040	
0.391090	0.043443	7283	
-0.079631	0.001363	5226	
-0.448638	-0.115123	7870	
-0.110362	0.399608	4134	
-0.497202	-0.143181	1038	
0.529228	0.218780	7929	
0.347940	0.437937	871	
0.000058	-0.339513	3624	
-0.411528	-0.176008	6134	
-0.234164	0.034418	2957	
-0.209267	-0.015060	3416	
0.071548	0.358064	1739	
-0.151571	0.023370	3894	
-0.314503	-0.168559	1648	
-0.491251	-0.254569	6904	
-0.023442	0.350617	11372	
0.126452	-0.419077	6865	
-0.323497	-0.068193	3884	
-0.231832	-0.047776	5737	
0.190217	0.261207	7656	
0.368375	-0.052905	8178	
0.517112	0.096946	3222	
-0.484776	-0.109793	9564	
0.521842	0.211650	7641	
0.470410	0.347780	1557	
-0.422395	-0.266728	6855	
0.080285	0.270276	7501	
0.000949	0.281174	10292	
-0.329157	-0.407446	2891	
0.387962	0.166135	4001	
0.483774	0.203525	10900	
0.004292	0.323131	1449	
-0.369234	-0.066968	7145	
-0.508430	0.084611	2027	
-0.164746	0.027890	4552	
0.261783	-0.218986	8267	
-0.499263	0.096279	2296	
-0.175205	0.251153	1064	
0.379269	0.020710	6426	
0.239720	-0.369387	4105	
-0.339022	0.162679	1162	
-0.455132	0.000031	452	
-0.156952	0.234277	900	
-0.068037	0.078632	10628	
-0.302165	0.052361	858	
0.368366	0.422321	3123	
-0.101147	0.123122	10510	
-0.173498	0.235364	9740	
0.074307	0.208005	7430	
0.384536	0.169954	2995	
0.408582	0.084744	9494	
-0.023653	0.136461	7048	
0.058634	-0.300493	1981	
-0.044630	0.406463	3094	
-0.231418	0.256130	10988	
-0.264700	-0.055750	1138	
0.021092	0.417607	4510	
-0.130516	-0.457707	6050	
0.420688	-0.164806	8803	
0.015205	-0.449411	7862	
0.282831	-0.348967	5520	
0.465353	-0.087263	7094	
-0.269966	-0.055513	4312	
0.305563	-0.333227	5921	
-0.495489	-0.353682	4612	
-0.296715	0.076340	8990	
-0.432279	-0.227618	9452	
0.061922	0.104005	716	
-0.271170	-0.018311	3689	
-0.075837	0.297765	3089	
0.211445	0.357684	9277	
-0.157762	0.190465	6781	
-0.339015	0.154847	1162	
-0.256424	-0.105598	2509	
-0.141058	-0.019869	2907	
-0.153499	0.330049	5578	
0.381971	-0.121035	3248	
0.301606	-0.312155	5196	
-0.068333	0.116229	5412	
0.064545	0.414131	10165	
-0.238063	-0.388099	8543	
0.270919	-0.141973	6201	
-0.031967	-0.349570	2756	
-0.416155	-0.184565	4968	
-0.281855	0.210610	6697	
-0.226328	0.218103	6142	
-0.008978	-0.393253	2795	
0.255418	0.313828	6813	
0.232319	0.276453	2455	
0.292031	0.347945	10947	
0.006734	0.199420	1874	
0.113355	-0.365668	1245	
0.022901	0.210535	4492	
-0.421090	-0.262908	6855	
0.153952	-0.295914	4407	
-0.016230	0.184427	1104	
-0.145419	-0.050299	11108	
0.044935	0.157552	2900	
-0.455060	-0.124955	9660	
0.420346	-0.176619	761	
-0.156227	-0.434912	10832	
-0.463207	-0.210130	3544	
-0.392696	-0.224909	1058	
0.437243	-0.017212	2282	
-0.270638	-0.383452	8250	
0.150149	0.486986	5215	
0.183038	0.470749	1415	
-0.008712	0.244016	6123	
-0.379404	0.068447	1760	
0.116348	0.420305	8258	
-0.421009	-0.010251	3510	
-0.134857	0.028974	2760	
-0.421827	-0.265996	6855	
-0.501169	-0.196759	624	
0.055700	0.137254	3142	
0.167863	0.317862	4643	
0.050225	0.301358	3210	
0.305261	0.308831	4283	
0.116525	0.325084	6655	
0.448521	0.252778	7008	
-0.119232	0.254154	3120	
-0.303099	-0.017183	3806	
0.122591	0.489220	4995	
-0.350744	-0.017890	9140	
0.417875	0.216707	3950	
0.028002	0.297142	9282	
0.303356	0.400569	7733	
0.083767	0.255723	1763	
0.227530	-0.295497	8554	
0.105418	0.118152	7593	
-0.293743	0.383592	6633	
0.347164	-0.071839	11109	
0.442147	0.043941	1113	
-0.494868	-0.236655	4544	
0.030709	0.121874	2868	
-0.205590	0.116582	9851	
-0.382971	-0.345702	6693	
-0.425674	-0.265454	6855	
-0.365006	0.221446	5860	
0.182326	0.354778	5348	
-0.044239	0.234658	8420	
-0.107800	-0.446425	9292	
0.304195	0.270981	570	
0.173179	0.180219	3102	
0.436131	0.157672	6730	
-0.312848	-0.120972	10700	
-0.412333	-0.150509	3163	
0.369720	0.303289	498	
-0.234050	-0.051348	4713	
0.336840	0.377890	6678	
0.074969	0.249729	1277	
-0.169372	0.434321	9308	
-0.237412	0.253931	10988	
0.210154	-0.311302	4379	
-0.254844	-0.325079	10015	
0.515928	0.160970	2217	
0.143919	-0.429537	2225	
0.318865	-0.104876	4015	
-0.142737	0.108564	1952	
0.234709	0.205392	11101	
-0.227851	0.215567	6142	
0.481933	0.188154	9286	
0.255786	-0.274363	3352	
-0.205217	0.095471	9058	
-0.482893	0.128978	3160	
-0.438179	-0.117173	9122	
-0.364293	-0.196870	873	
0.153324	0.290996	5664	
0.092287	0.424767	7281	
-0.104180	0.124610	1578	
-0.393663	0.187403	6820	
-0.301981	0.280602	420	
0.217015	0.406203	7829	
0.156009	-0.352717	3071	
-0.231590	0.276727	2228	
-0.066548	0.104453	4006	
0.159685	-0.338046	5577	
-0.463384	-0.254149	8944	
-0.387239	0.073420	1984	
0.213708	0.236841	11048	
0.187964	0.225900	4189	
0.034111	0.071010	9769	
-0.215003	0.002378	1327	
0.485252	0.240684	4831	
0.275111	0.348762	10952	
0.163797	0.148984	8484	
0.264706	-0.365121	2971	
0.182053	0.421679	9901	
0.480843	-0.050099	1119	
0.038637	0.482170	6248	
0.374510	0.155676	7883	
0.347035	0.306535	9995	
-0.507449	0.070465	2027	
-0.191892	0.012625	10632	
-0.266723	-0.002892	2190	
0.361177	0.113086	2666	
-0.416121	-0.167414	6134	
-0.254550	0.097003	7017	
-0.309389	0.103993	5682	
0.368665	0.421890	3123	
-0.202731	0.035458	2507	
-0.319007	-0.083363	862	
-0.226651	-0.079004	3324	
-0.407790	0.133012	5903	
0.116514	-0.374515	1807	
0.326130	-0.091537	3775	
-0.209182	0.033672	2507	
-0.348778	0.128097	952	
0.415109	0.319373	866	
-0.255429	-0.034351	2016	
0.184007	0.476286	1415	
0.363472	-0.003344	1719	
0.122643	0.234440	3972	
0.385514	-0.096193	2216	
0.178115	0.305620	4173	
0.349782	-0.188920	2400	
0.209859	0.357248	9277	
0.013408	0.239199	3678	
0.093977	0.239740	7237	
0.315202	-0.144753	6682	
0.335769	-0.110939	9467	
-0.007323	0.315199	9317	
-0.107244	0.006181	2213	
-0.383266	-0.124854	2147	
-0.327167	-0.108491	566	
-0.117035	0.453552	7595	
-0.197109	-0.447088	10718	
0.097799	0.133175	9984	
-0.137645	0.086251	4864	
0.052310	0.374779	10405	
0.291527	0.454544	8460	
-0.081336	0.142984	10795	
-0.123431	0.249265	658	
-0.242462	-0.378659	6032	
-0.066034	-0.462283	1620	
0.099442	0.204549	6175	
-0.185814	0.436576	10065	
-0.027836	0.282944	10413	
0.018561	-0.375868	9266	
0.024885	0.199795	5180	
-0.147574	0.045933	3140	
-0.389011	-0.380169	7481	
-0.042352	0.079911	1679	
-0.489835	-0.065831	2602	
-0.155665	0.136126	3744	
0.257115	0.231524	1424	
-0.434380	-0.410014	7659	
0.136942	-0.305077	3599	
0.092800	0.307896	4673	
-0.127984	0.463477	3264	
-0.398776	-0.241968	6291	
-0.164328	0.082606	1378	
0.058105	0.489616	4387	
-0.213328	-0.038962	5910	
-0.268984	-0.049873	4312	
-0.381930	-0.203114	2495	
0.112225	0.236019	6037	
-0.313877	0.196537	6967	
0.353230	-0.193273	3514	
0.207745	0.206110	1711	
-0.362879	-0.364554	8835	
-0.545895	-0.137795	5650	
0.264135	0.244479	890	
-0.480327	-0.043918	3499	
0.383089	-0.106225	2110	
0.015630	0.127699	3856	
-0.183022	0.055540	2270	
-0.429965	-0.063038	10424	
0.190268	-0.392354	5816	
-0.297491	-0.057284	2842	
0.266521	0.269768	2581	
-0.124165	0.400744	4134	
0.081356	0.417752	7281	
0.432677	0.381767	8969	
-0.393488	0.169955	5823	
-0.281834	-0.105590	2835	
-0.191283	-0.390626	9943	
0.459803	-0.126521	3785	
0.136522	0.187489	5281	
-0.142487	0.212694	2250	
-0.440494	0.058204	5163	
-0.108416	-0.345320	921	
0.062862	0.253647	1277	
-0.093162	0.112707	10510	
-0.539593	-0.238244	738	
0.236461	0.364929	5957	
-0.030226	0.070825	1294	
-0.184228	-0.346600	7998	
0.046254	0.121273	1918	
0.284279	-0.354306	5520	
0.178649	0.200007	1531	
0.163317	-0.398407	9206	
-0.224845	-0.428955	8097	
0.498871	0.312539	455	
-0.223858	-0.022467	2745	
-0.328143	-0.104854	566	
0.059473	-0.386744	2645	
-0.056229	0.139937	10504	
0.012518	-0.310480	9318	
0.266651	0.347880	1344	
0.096070	0.218333	6467	
-0.450988	0.036454	5151	
0.095845	0.145662	3476	
-0.361895	-0.201901	8986	
-0.045274	-0.339719	2712	
0.249659	0.278748	2949	
-0.377031	0.196440	5831	
-0.293525	-0.316727	7363	
0.484136	-0.013039	8242	
0.226493	0.344450	5618	
-0.297893	-0.021760	3806	
0.263683	0.363614	1504	
-0.500528	0.107198	2296	
0.004026	0.200947	1874	
-0.369267	0.088188	720	
-0.527101	-0.282266	10243	
-0.368550	-0.207091	9753	
-0.135417	0.179305	4604	
0.321712	-0.323790	1316	
-0.092971	-0.389419	6412	
-0.212189	0.095459	9058	
0.257957	-0.278770	3352	
0.364131	0.310945	536	
-0.397903	0.012087	11357	
-0.252168	0.051537	5991	
0.142282	0.478576	2384	
-0.236572	0.107890	2060	
-0.455895	-0.148758	7184	
0.095422	0.124534	9189	
-0.111147	0.170438	1352	
-0.118213	0.095113	6297	
0.216626	0.364385	9164	
-0.367043	-0.190495	1780	
-0.180777	0.033167	7201	
-0.231456	0.049509	3818	
0.439019	0.375237	1360	
-0.232539	0.036060	2957	
-0.401706	-0.350776	9873	
-0.406242	-0.007910	10112	
0.188329	0.291691	1394	
-0.090023	0.152774	5970	
-0.032370	0.162661	8963	
-0.119457	-0.332610	8878	
-0.302085	0.098890	5682	
0.381226	-0.129668	3248	
0.321446	-0.130690	5417	
0.235025	0.251833	2583	
0.238699	0.235948	2474	
0.415439	-0.189777	761	
0.392902	-0.114940	3436	
-0.382313	-0.122142	2147	
0.432144	-0.178974	745	
0.344894	-0.280689	340	
-0.108352	0.031011	4937	
-0.312622	-0.103136	5374	
0.025140	0.097801	3872	
-0.229660	-0.374978	7513	
0.007990	0.208592	1518	
-0.314483	0.277620	420	
-0.329698	-0.058090	6153	
-0.436297	0.069715	5913	
0.160352	-0.357199	1956	
0.283083	0.262429	5384	
-0.103700	-0.456104	880	
-0.107559	0.071936	8422	
0.179610	-0.280498	1683	
0.050739	0.317683	2770	
-0.117777	0.202926	6172	
0.007183	0.188655	3980	
-0.122712	0.463473	6692	
0.133340	0.207728	4378	
-0.460077	-0.012844	1158	
-0.418627	-0.026529	7077	
0.151745	0.424544	6057	
0.484591	0.159414	5931	
-0.177188	0.059168	2336	
-0.109594	0.393640	2404	
-0.420318	0.109500	5937	
0.047473	-0.302403	3040	
-0.166875	0.038351	4549	
-0.450452	0.010108	3665	
0.083174	0.237296	7332	
0.479988	0.172384	8958	
-0.490900	-0.264125	8208	
-0.121726	0.281239	4451	
0.153354	0.358244	5346	
0.250266	-0.295144	4449	
-0.512172	0.064105	774	
0.041034	-0.395149	3428	
-0.121521	0.229723	1041	
0.133459	0.133742	7402	
0.084510	0.217464	8461	
-0.445098	-0.131220	8490	
0.396494	0.092000	9350	
-0.120901	0.383546	2404	
0.380676	0.177297	3314	
-0.455270	-0.005235	460	
-0.272405	0.243726	10602	
0.040079	-0.341067	6265	
-0.324094	-0.093947	1070	
-0.335856	0.347352	5063	
-0.218252	-0.067736	2395	
-0.323091	-0.068381	3884	
-0.284058	0.378237	6361	
-0.169677	-0.378686	9491	
-0.191820	0.189894	11037	
-0.118710	0.396673	4134	
-0.089818	0.245731	1012	
-0.425238	-0.256821	5331	
-0.046925	0.047009	2128	
-0.224010	0.027841	4335	
-0.380139	0.063395	1760	
-0.177946	-0.027329	7876	
0.196922	0.186078	937	
0.132222	-0.424661	6865	
0.426915	0.342413	2825	
0.321151	0.337734	6941	
-0.113007	0.290938	1716	
0.111708	0.272951	575	
-0.279568	0.119881	6808	
0.074382	-0.379219	2380	
-0.068554	0.159404	3685	
0.474414	0.188796	9286	
-0.059940	0.015269	5157	
0.266054	0.405394	2677	
0.159883	0.252966	1535	
0.297123	0.298570	1478	
0.248203	-0.218060	8433	
0.167838	-0.401070	9206	
0.421147	0.106129	6204	
-0.047312	0.058319	11285	
0.126936	0.190728	3046	
0.004555	0.478323	4862	
-0.330937	-0.168621	5453	
-0.338975	-0.363252	9622	
0.432618	0.006460	685	
-0.038342	0.283624	9518	
-0.185560	-0.381593	10564	
-0.162450	0.068322	3157	
-0.314906	-0.325508	10701	
-0.268041	-0.054833	4312	
0.448633	0.068049	10694	
-0.076058	-0.348466	4037	
0.063307	-0.387659	3377	
-0.468281	-0.035996	5146	
0.452694	0.201445	2785	
0.195323	-0.227747	11282	
-0.411909	-0.149013	4576	
-0.255871	0.013117	4384	
-0.466234	-0.317662	8561	
0.021109	-0.342085	9270	
-0.217889	0.279465	1854	
0.157208	0.283593	4720	
0.024873	-0.451037	8040	
-0.002430	-0.442456	6088	
-0.056395	0.363288	616	
-0.404986	-0.010196	8210	
0.170345	0.224840	4292	
0.092919	0.490125	3589	
-0.093450	-0.007503	1731	
0.316772	-0.122806	5417	
0.216758	0.205171	10230	
0.466475	-0.058096	587	
-0.180482	-0.377790	10145	
-0.012033	0.211246	2829	
0.303218	-0.080810	1947	
-0.189397	0.131181	986	
-0.242808	0.091987	5493	
-0.085769	0.405892	3243	
0.055808	-0.440999	7931	
0.304140	-0.237914	2099	
0.002269	-0.377991	2193	
-0.494065	-0.252487	8316	
-0.102662	0.065828	8422	
0.004825	-0.453954	7909	
0.288838	0.355281	11081	
-0.188171	0.080595	4394	
0.333844	-0.192313	3291	
0.291412	-0.250074	2406	
-0.051064	-0.394827	755	
0.403976	-0.199611	8299	
-0.068940	0.159333	3685	
-0.163284	0.241757	3366	
0.152762	0.259919	4160	
0.451833	0.273268	8288	
-0.385257	0.297599	3382	
-0.171193	-0.455125	8861	
-0.129156	0.010874	1765	
0.519406	0.252312	9578	
0.090363	0.196399	4307	
0.338093	-0.112471	9467	
-0.250687	-0.022748	2488	
0.396790	0.021842	8209	
-0.262979	-0.003219	2190	
-0.227495	-0.038898	3299	
0.177367	-0.348448	2306	
0.170124	0.351602	7310	
-0.536127	-0.028467	488	
-0.247679	-0.130905	8583	
0.435926	0.295752	4448	
0.037189	0.374733	4390	
0.354336	-0.289472	340	
0.077223	0.210215	7430	
-0.318670	-0.061883	4373	
-0.118332	-0.384606	5199	
0.222860	-0.321986	5579	
0.053083	0.418226	4212	
0.153576	-0.402019	8644	
0.195590	-0.276424	798	
0.417490	-0.196679	10619	
0.503903	0.004607	9872	
-0.327508	-0.002410	5562	
-0.201722	0.210466	3169	
0.410379	-0.072935	3418	
-0.142586	0.245032	1040	
-0.276157	-0.123274	2718	
-0.224957	0.280449	1854	
-0.479375	-0.070783	1418	
-0.330557	-0.196998	9966	
-0.300721	0.180678	1296	
0.392247	-0.228110	9088	
-0.051565	0.259099	563	
-0.097251	0.090938	5897	
-0.495606	-0.205592	10432	
-0.053392	-0.442122	10382	
-0.070172	0.079243	10628	
-0.206506	0.186952	4164	
0.083514	0.175682	1448	
-0.403938	-0.245884	6291	
-0.515666	0.040794	1863	
-0.024470	0.083892	10046	
-0.006876	0.284230	11018	
0.189677	0.192519	2625	
-0.131044	0.251836	3120	
0.122367	0.218559	4960	
0.104312	-0.355487	1245	
0.172402	0.251337	1209	
-0.455686	-0.331752	10059	
-0.212209	0.077949	5254	
0.014934	0.217258	2564	
-0.184024	-0.451441	9445	
-0.392554	-0.227479	6241	
0.135885	0.422452	8534	
-0.018982	0.194068	1454	
-0.274466	-0.058142	4312	
-0.124018	0.071687	670	
0.480017	-0.025480	8242	
0.162877	0.251801	2653	
-0.155243	-0.060712	5927	
0.042666	0.095106	1944	
0.088193	0.159136	5279	
0.288871	0.398244	7733	
-0.234678	0.270003	2228	
-0.179700	-0.077925	10585	
0.395638	-0.071471	1983	
-0.446233	0.060771	5163	
0.180408	-0.399468	8497	
0.079996	-0.439896	7585	
0.315576	-0.130786	6273	
-0.082322	-0.385898	5837	
0.061437	-0.442701	7585	
-0.135258	0.019975	2760	
0.244210	0.311201	3010	
0.250648	-0.203087	6556	
-0.354821	-0.049688	9214	
-0.379645	0.042802	6940	
-0.157615	0.139278	3744	
-0.173945	0.180982	11205	
-0.062210	0.176760	3100	
-0.112354	0.019760	3615	
-0.492536	-0.081599	2616	
0.219868	0.262334	4127	
-0.247471	-0.093375	9987	
-0.157689	0.027632	4552	
-0.480509	-0.040520	3499	
0.248081	0.298452	7158	
0.008980	0.115804	5711	
0.355725	0.309817	2245	
0.398053	0.336797	8558	
-0.098591	0.460563	6509	
-0.157557	0.057839	2989	
0.343031	-0.277771	5902	
-0.206472	-0.393031	10005	
0.240602	0.213182	1122	
0.160547	-0.278778	4418	
-0.233537	-0.085776	4345	
0.016343	0.148785	8012	
0.124768	-0.432023	7125	
0.362102	-0.001955	1719	
0.321480	-0.131854	2135	
-0.364827	0.092399	10956	
0.050068	0.272564	2998	
0.085157	0.418850	7281	
-0.454663	-0.136498	9884	
-0.224665	0.120717	1374	
-0.247014	0.076200	6914	
-0.323622	-0.198221	5987	
0.137104	0.279374	1481	
-0.137863	0.167349	3822	
0.252793	-0.366749	2971	
0.047726	0.138768	3002	
-0.387170	-0.357788	9717	
-0.277997	0.314921	853	
-0.087054	0.345316	5607	
-0.275546	0.378129	5791	
-0.253909	0.146297	5362	
-0.100117	-0.013435	10534	
-0.359084	-0.049258	6077	
-0.011084	0.141479	6472	
-0.351603	0.102119	11376	
0.023190	-0.388709	2033	
-0.020891	0.086435	5014	
0.002027	0.474741	4862	
0.330619	-0.194923	3199	
-0.000053	0.248623	6123	
-0.381880	-0.319693	8763	
-0.172721	-0.001022	3424	
-0.040247	0.153821	11380	
-0.422408	-0.255420	5331	
-0.215583	-0.330526	4252	
0.044534	0.478494	4355	
0.224090	0.469130	3608	
-0.270758	0.164389	6610	
0.110700	0.183463	1283	
-0.144393	-0.391013	7646	
-0.018618	0.207808	2716	
-0.435931	-0.127380	7758	
-0.464656	0.025255	5143	
0.037569	0.483144	6248	
-0.371390	-0.387715	7578	
-0.226383	-0.338558	5617	
-0.059105	0.235979	7762	
0.519123	0.269814	10357	
-0.252483	0.000106	3914	
-0.312791	0.350955	8604	
-0.421499	-0.334945	2942	
0.018354	0.128168	3856	
-0.279882	0.140299	7825	
0.086705	0.240063	7332	
0.340601	0.301797	1605	
-0.043268	0.362966	618	
0.105552	0.217015	5297	
-0.022142	0.479213	9670	
-0.151472	-0.327250	7975	
-0.393924	0.176983	5823	
0.422083	-0.186284	761	
0.102269	0.359779	3172	
-0.457631	-0.197288	7153	
-0.170205	0.193931	11239	
-0.533556	-0.008530	462	
-0.083946	0.055118	10740	
0.159844	0.237618	9768	
0.028988	0.284543	4215	
0.428620	0.115966	7164	
0.359059	-0.274978	6733	
-0.295325	0.279541	420	
0.484136	0.158277	5931	
-0.031901	0.199946	2417	
-0.299119	-0.473889	4057	
0.302230	0.445514	7796	
-0.224134	0.354343	5396	
0.003644	0.270527	7813	
-0.142772	0.198193	6152	
-0.341161	-0.109242	4459	
-0.231637	0.271095	2228	
0.228653	-0.387332	4894	
-0.075175	0.411881	3243	
-0.302742	-0.426110	3321	
-0.250258	0.144289	4059	
0.142354	0.208758	3239	
-0.295077	0.040179	6951	
0.143059	-0.419847	2225	
-0.293902	-0.046365	993	
-0.175589	0.133165	5908	
-0.171128	0.184754	10461	
-0.379152	-0.212014	1056	
-0.277514	-0.062404	919	
-0.109123	0.139668	1578	
-0.426704	0.239092	11169	
-0.125566	0.120060	2628	
-0.084990	0.207108	5954	
0.115869	0.251265	3781	
0.328712	-0.016201	7160	
0.218979	0.231814	10901	
0.283025	-0.270533	467	
-0.109406	-0.341204	921	
0.172202	0.226808	4292	
-0.299220	-0.023332	3806	
-0.307792	0.026729	5057	
-0.245538	0.039374	4466	
-0.284103	-0.366695	11082	
-0.302402	-0.146955	1655	
-0.146937	0.448171	2569	
-0.362071	-0.363618	8835	
0.301870	-0.154962	1145	
0.107444	-0.430829	6073	
0.049995	0.488390	4387	
-0.395682	-0.235039	7849	
-0.143338	-0.026039	2679	
-0.108936	0.283518	2186	
-0.035355	0.236098	5392	
-0.426490	-0.288955	1399	
-0.341235	0.034508	7132	
0.401098	0.205831	1099	
-0.419535	-0.013181	8269	
-0.109289	0.078845	8052	
0.006316	0.149381	8062	
-0.122122	0.164111	3327	
-0.212337	0.434037	1071	
-0.105651	0.129093	1578	
-0.344542	0.041371	7132	
-0.161934	0.239414	3366	
0.234519	0.352094	7265	
0.387769	-0.115939	3248	
-0.077828	0.235373	392	
-0.162125	-0.327501	8403	
0.026651	0.231491	2946	
0.182913	0.176624	8791	
-0.481496	-0.368463	5589	
0.218828	0.357046	9164	
0.199631	0.355790	9039	
-0.360134	-0.363675	8835	
-0.127377	0.253353	3120	
0.180762	0.283096	2593	
0.416529	-0.057638	2322	
0.307293	-0.322335	5921	
-0.347741	-0.193841	9258	
0.373813	-0.262696	8224	
-0.173455	0.234899	9740	
-0.246262	0.404551	6090	
0.137654	0.425858	10425	
0.319172	-0.042711	5504	
-0.016790	-0.381121	2797	
-0.221950	-0.431317	8711	
-0.156925	0.382152	3635	
0.083391	0.270288	7501	
-0.125971	0.168031	3327	
-0.302733	-0.142232	2534	
-0.423321	-0.061288	1554	
0.364220	0.426543	4969	
0.466187	-0.101928	1593	
-0.231888	-0.021605	2687	
0.073109	-0.382872	2380	
-0.026417	0.185011	1454	
-0.242997	-0.430599	10588	
-0.385913	0.178736	5823	
-0.384795	0.058184	1760	
-0.052709	0.067752	9534	
-0.464734	-0.189014	8629	
-0.135585	0.112158	1952	
0.100533	0.308920	3507	
-0.214827	0.108851	1642	
0.113795	0.314086	4639	
-0.338780	0.017900	5680	
-0.017764	0.067674	1395	
-0.427775	-0.373101	8560	
-0.288495	0.194086	5982	
-0.209931	0.152970	9860	
-0.478497	-0.368480	5589	
-0.226310	-0.061749	4171	
0.356514	0.306267	2245	
-0.266524	-0.108812	2893	
-0.333438	0.253268	5156	
-0.092570	0.225429	923	
-0.297943	0.295213	882	
0.137333	0.176315	3312	
-0.011259	0.322447	3593	
0.466557	0.150104	7461	
-0.018375	0.303092	9368	
-0.009021	0.225926	3920	
-0.015387	0.305805	9368	
-0.321011	-0.066227	3884	
0.040958	0.084783	9118	
0.476407	-0.038182	7104	
-0.252504	0.402877	6090	
0.063593	0.481330	4111	
-0.037161	0.110788	3991	
0.454586	0.058041	1865	
-0.288569	0.139229	7941	
-0.176561	0.011088	6221	
-0.293326	-0.038210	1241	
-0.240917	0.331845	5556	
-0.038754	0.484963	8605	
-0.046629	0.406113	3094	
0.156491	0.260563	4160	
-0.065762	0.264042	561	
0.349963	-0.063685	7834	
-0.153829	0.173074	5852	
-0.126684	-0.008591	2526	
0.074657	0.476765	7005	
-0.010278	-0.441757	6088	
-0.298058	-0.317065	10208	
-0.157231	0.042283	2869	
0.062067	0.308416	2708	
-0.324424	-0.013850	5514	
-0.282883	-0.127133	11337	
-0.235384	-0.333368	1997	
0.123434	0.412648	8258	
-0.121249	0.398839	4134	
-0.354520	-0.358569	8801	
0.183166	-0.337677	1455	
-0.191953	-0.386516	9943	
-0.095038	0.190821	5565	
0.468830	-0.084291	1203	
-0.360306	-0.353387	8138	
-0.052710	0.168150	3034	
0.180370	-0.264983	711	
-0.029469	0.227985	4004	
0.021497	0.073494	2377	
-0.418205	-0.003434	3510	
-0.511136	0.065286	774	
0.476684	-0.090095	475	
0.100560	0.373457	3993	
-0.169184	0.439237	10065	
-0.069911	0.149167	10795	
0.156954	0.285247	4720	
-0.114686	0.136611	1946	
-0.176700	0.059183	2336	
-0.307415	-0.117122	10700	
-0.245451	0.326859	5694	
0.443955	-0.156823	1255	
0.198611	0.364231	9039	
-0.043079	0.316807	3710	
-0.239924	0.012543	2897	
0.371855	-0.001113	1004	
-0.237666	0.066602	6351	
-0.409072	-0.344480	8976	
-0.263929	0.251588	8518	
-0.057846	0.301329	1982	
-0.423079	-0.267133	6855	
0.113120	0.132247	3637	
-0.158573	0.036634	5446	
0.034905	0.149631	3874	
-0.241734	-0.012434	4337	
-0.301843	-0.475233	4057	
-0.195131	0.233429	9969	
-0.268235	-0.147463	7602	
-0.321098	-0.039666	7369	
-0.004020	0.482494	4862	
0.089295	0.193938	3269	
0.162606	-0.252393	1063	
-0.026224	0.229890	4004	
0.316264	0.275918	572	
0.415465	0.353104	8855	
0.469330	0.145317	7461	
-0.369204	-0.317657	936	
0.428447	-0.037831	3216	
0.227932	0.232384	1784	
-0.089955	0.259585	3630	
0.184778	-0.402254	8497	
-0.413012	-0.184326	4968	
0.156554	0.373005	7663	
-0.148553	0.454400	2569	
-0.423240	-0.255463	5331	
-0.128398	-0.018508	1015	
-0.186029	0.294935	970	
-0.465624	0.031055	5891	
0.283110	-0.349695	5520	
-0.020035	0.483696	9923	
0.413811	0.110008	8211	
-0.291544	-0.129268	9648	
-0.023709	-0.460865	5708	
0.129445	0.177303	3173	
0.464881	0.070730	7240	
0.467663	0.151072	5963	
0.055710	0.284611	2373	
0.257225	0.250667	1323	
0.228716	0.289330	2471	
-0.065864	0.475684	9632	
-0.113866	0.086849	9798	
0.475269	0.279895	579	
0.035597	0.119264	2868	
-0.094764	0.247367	1012	
-0.210803	-0.385498	10005	
-0.006543	-0.331489	1450	
-0.187007	0.444394	5301	
0.479891	-0.026781	8242	
-0.227464	0.220968	6142	
-0.002804	0.360578	2074	
-0.208114	0.167460	4433	
-0.348383	-0.165248	3223	
-0.490619	0.100156	2296	
-0.148840	0.082149	1077	
-0.206515	-0.333243	3048	
-0.043225	0.402678	3094	
0.229757	-0.309419	5579	
-0.475547	-0.074895	1418	
0.052813	0.123894	1440	
0.282656	0.291946	5532	
-0.410593	-0.338156	8976	
-0.256401	-0.137190	8729	
0.508899	0.093500	3222	
0.126558	0.122202	7418	
-0.217798	0.193363	4597	
-0.116147	-0.016233	1357	
0.255371	0.453244	8525	
-0.507861	-0.234341	7752	
-0.127561	0.092574	3879	
-0.481734	0.126296	3160	
-0.504983	-0.340982	2648	
-0.227210	0.139362	2580	
-0.275735	0.158122	8017	
-0.214688	-0.386326	10005	
0.329670	-0.097398	4609	
-0.005898	0.143331	6661	
-0.372141	-0.064360	7145	
-0.261230	-0.437959	1484	
-0.519430	0.021071	428	
0.292392	0.349922	10947	
0.237711	0.256226	1421	
-0.100933	0.276733	4328	
-0.375074	-0.207106	2495	
0.389452	0.004069	1020	
-0.385168	0.283472	549	
0.454970	0.235148	9999	
-0.274867	0.387916	5791	
0.413434	0.072347	10055	
-0.483734	-0.094751	1836	
-0.255712	-0.045799	2944	
-0.394353	0.058860	5316	
-0.502137	0.078967	2027	
-0.097789	-0.020312	11221	
0.068331	0.432780	11029	
-0.333683	0.247568	7014	
0.105794	0.258137	5497	
-0.197046	0.139127	986	
-0.288380	-0.028960	1727	
-0.045735	0.070131	9534	
-0.063764	0.401418	3996	
0.256693	-0.284094	4449	
-0.013915	0.078997	10466	
0.526938	0.191404	3944	
0.065020	-0.366924	615	
0.320252	-0.313122	5915	
-0.224185	0.206831	5323	
0.212211	0.347542	8297	
0.324349	0.386668	10260	
-0.233521	0.157347	3614	
0.102036	0.315657	3507	
0.448907	0.073459	10694	
-0.413135	-0.050420	6896	
0.078008	0.250394	1763	
0.074888	0.156231	1180	
-0.244159	-0.022857	2687	
-0.179462	-0.439900	8888	
-0.339324	-0.157712	1189	
-0.058893	0.156002	7994	
0.519943	0.170945	2217	
0.238987	-0.361249	4361	
0.420384	-0.068984	3418	
0.095503	0.426155	10769	
-0.350520	0.334700	647	
-0.099443	0.153362	834	
-0.090652	0.470028	5511	
-0.218645	0.142827	2260	
-0.534646	-0.265050	10231	
0.186761	0.249340	1735	
0.487499	0.234260	2310	
-0.424957	-0.266323	6855	
-0.354382	-0.214972	6179	
0.086823	0.296052	2875	
-0.171247	0.253669	1064	
-0.092497	0.280900	4328	
-0.336745	0.013230	5680	
-0.017850	-0.452365	5708	
-0.296934	-0.153354	1655	
0.346878	0.050970	9213	
0.150109	0.244128	1781	
0.222887	-0.311543	4379	
0.284733	0.298250	5532	
-0.197371	0.041235	2018	
0.103605	0.229866	6054	
-0.228363	0.131280	2992	
0.134495	0.236374	9955	
-0.132989	0.161413	3327	
0.253521	0.265102	3840	
0.328017	-0.133461	2143	
0.151980	-0.285598	3641	
-0.053234	0.173634	3034	
-0.264539	-0.123809	11099	
-0.343316	0.228140	3866	
0.231379	0.471268	3608	
-0.350206	-0.015117	9140	
-0.129047	0.074858	3870	
-0.213766	-0.321659	3048	
-0.424770	0.238837	11169	
0.495297	-0.011418	8600	
-0.241733	-0.384506	7635	
-0.070765	0.090945	3341	
0.294252	-0.330988	5209	
0.151830	0.213617	4349	
-0.157489	0.452327	5295	
-0.030231	0.243971	6286	
0.159413	0.413493	10341	
0.024692	0.241693	2952	
-0.164258	0.191063	11239	
-0.345186	-0.204899	11014	
0.442904	0.042423	1113	
-0.377878	0.087817	10350	
-0.122744	0.254964	3120	
-0.366102	-0.073454	6676	
-0.175440	0.143854	9657	
-0.297156	-0.413170	10686	
-0.319123	-0.161081	1177	
0.417694	-0.187475	761	
0.387758	0.054434	7211	
0.045496	0.249828	2083	
0.135271	0.172491	367	
-0.192468	0.368873	2555	
-0.366901	-0.096547	4471	
0.283065	0.447016	8869	
0.126857	0.302925	3453	
-0.283537	0.047375	9469	
-0.098376	-0.021867	11221	
-0.333594	0.167356	1162	
-0.255077	0.107527	2562	
0.338439	0.393780	1730	
0.227174	0.268971	4127	
-0.215649	0.058133	4445	
-0.294790	0.046808	9469	
0.021980	-0.341202	9270	
-0.482949	-0.044639	3499	
0.143141	0.157068	11327	
0.077692	0.492544	3589	
0.180056	0.474905	1415	
-0.452361	-0.296587	4582	
-0.054816	-0.382678	659	
-0.222330	-0.056127	4171	
-0.513659	0.025745	693	
0.020212	-0.385967	2033	
0.121324	0.269176	1184	
0.353500	-0.157224	573	
0.186378	0.183382	676	
-0.231698	0.076697	6922	
0.191971	0.272121	2359	
-0.425403	-0.256988	5331	
-0.023380	0.264190	8176	
-0.192959	0.064661	3764	
-0.090082	-0.014349	1141	
-0.363605	0.111787	9836	
0.129584	0.191323	5010	
0.420632	-0.169824	9027	
-0.049611	0.175937	3034	
-0.116032	0.341120	5841	
0.056300	0.089535	520	
-0.338247	-0.071652	3726	
-0.314201	0.284979	420	
-0.407255	0.133599	5903	
-0.397537	0.021381	5529	
0.048434	0.168926	3617	
-0.052426	0.472042	10147	
-0.415819	0.245471	10179	
-0.154957	0.050304	3140	
-0.021913	0.471576	9670	
-0.059252	-0.394696	659	
-0.149196	0.016376	3894	
-0.027472	0.107669	3555	
-0.084696	0.114725	7063	
0.182222	0.295996	4318	
-0.132967	0.232732	796	
0.036100	0.267682	2998	
-0.059471	0.143425	7598	
-0.448016	0.074439	5913	
0.069711	0.323214	10794	
-0.203746	0.090890	7432	
-0.248666	0.015193	3368	
0.050404	0.323193	2709	
-0.362253	0.318245	967	
0.405108	-0.056738	10233	
0.176913	-0.274978	1683	
-0.463254	0.175989	3525	
-0.234684	-0.382198	7513	
0.351607	0.071421	6331	
-0.031045	0.189935	1429	
-0.215933	0.197657	4797	
-0.421121	-0.263246	6855	
-0.279293	0.383220	5791	
-0.492689	-0.083190	2616	
-0.041939	-0.332427	2765	
0.110010	0.238803	6037	
0.334100	-0.203942	3199	
-0.114971	0.030066	4937	
0.194163	0.204615	2565	
-0.148651	0.190088	6781	
-0.218194	0.014270	1786	
0.064905	0.417681	10165	
0.248112	0.238372	1574	
-0.079857	0.143231	10795	
-0.230059	0.344235	4817	
0.137708	0.420364	7634	
-0.457353	-0.006634	460	
-0.071670	0.250401	392	
0.261348	0.344106	1156	
0.382302	0.146463	6211	
0.389109	0.176061	1802	
0.032839	0.365322	2722	
-0.245967	0.265970	3439	
0.028494	0.182007	5804	
0.166942	0.191624	2043	
0.103703	0.170940	2671	
-0.176192	0.005581	5130	
-0.201304	-0.395007	8371	
-0.322261	-0.073900	2158	
-0.341630	-0.323352	3722	
0.281142	-0.195013	5981	
-0.213913	-0.064890	2749	
-0.495603	-0.088377	1860	
-0.501158	-0.158603	1458	
0.135991	0.371759	2172	
-0.182603	-0.073423	1949	
-0.122338	0.403856	4134	
-0.083335	0.222188	6707	
0.005658	0.105232	1500	
0.234691	0.205560	11101	
0.076370	0.102705	490	
-0.053421	0.068701	1923	
-0.344076	-0.092374	2024	
-0.430759	-0.195466	1034	
-0.136948	0.331342	3087	
-0.253445	-0.337711	1047	
0.138381	0.358780	2348	
-0.071953	0.355485	1089	
-0.317863	0.154581	1046	
-0.240163	-0.099929	4334	
-0.460272	0.174829	3525	
-0.332817	-0.166470	5453	
-0.023440	-0.349102	9843	
0.156434	0.252956	1535	
-0.176633	-0.390861	1108	
0.201630	0.469402	2133	
-0.403265	0.000190	10112	
0.044533	0.209411	2736	
0.136066	0.235787	9955	
0.335051	-0.284082	5902	
-0.197052	0.279272	797	
0.221900	0.224934	10566	
-0.391977	0.281473	1969	
-0.237678	-0.115455	11125	
