time = 91.85	Re = 0.1
0.868595	-0.441579	1881	
0.977778	-0.016158	704	
0.770717	0.611526	2406	
-0.815305	0.485149	1866	
-0.836577	0.447656	3820	
-0.894399	0.318147	2535	
-0.933856	0.174023	1923	
-0.942697	-0.133228	2774	
-0.796383	-0.527702	2524	
0.201395	-0.945266	1091	
0.744733	-0.622420	1892	
0.698480	0.692666	1674	
0.394407	-0.831843	2677	
0.466756	-0.793450	1663	
0.619494	-0.682175	4442	
0.803943	-0.455093	3838	
0.921501	-0.099107	1104	
0.847080	0.385715	373	
0.520379	0.776143	606	
-0.302123	0.894275	4541	
-0.816925	0.479697	1866	
-0.949940	0.004472	3046	
-0.594197	-0.750462	629	
0.921868	-0.311328	3060	
-26.489773	19.090762	2211	
0.738535	0.490409	4957	
0.697834	0.547157	4499	
0.585115	0.667264	1952	
0.224634	0.869145	750	
-0.243841	0.865545	1592	
-0.648622	0.617597	1072	
-0.866422	-0.264479	2262	
-0.195228	-0.898623	504	
0.567567	-0.723957	4274	
0.926622	-0.005607	877	
0.560774	0.745993	4237	
-0.514364	0.791743	2943	
-0.945745	0.082771	732	
-0.609269	-0.737104	3409	
0.462377	-0.848184	1623	
0.971732	0.092454	4143	
-0.266970	0.818107	2274	
-0.359516	0.777058	4466	
-0.541034	0.660894	3642	
-0.782132	0.349732	3357	
-0.847374	-0.148271	4469	
-0.446232	-0.742247	643	
0.734408	-0.482764	4420	
0.830219	0.304740	4124	
0.340046	0.823609	4152	
-0.542974	0.710559	3124	
-0.766229	-0.485540	1946	
0.306708	-0.866663	4141	
0.921460	-0.084569	1104	
0.451602	0.817587	476	
-0.788683	0.523143	2526	
-0.897466	-0.316076	2553	
0.137493	-0.954792	1532	
0.968866	-0.098110	2534	
-0.781901	0.255997	4633	
-0.813965	0.127361	2585	
-0.784647	-0.258705	905	
-0.567721	-0.601038	3819	
0.157941	-0.836613	3309	
0.841149	-0.046069	2495	
0.484233	0.695399	2913	
-0.440037	0.731556	3123	
-0.858877	0.009626	3822	
-0.046731	-0.884746	998	
0.879144	0.077914	728	
0.396300	0.795899	4251	
-0.650354	0.614206	1072	
-0.494810	-0.764222	1357	
0.717103	-0.576960	1527	
0.727988	0.579602	1367	
-0.575573	0.747617	4320	
-0.928630	-0.199969	2746	
0.179480	-0.947358	1091	
0.971672	0.080221	4143	
-0.652172	0.434511	594	
-0.760637	0.203584	3614	
-0.748085	-0.254229	4139	
-0.336368	-0.723671	2758	
0.665889	-0.444714	2334	
0.697450	0.404683	3847	
-0.488434	0.654096	1163	
-0.625628	-0.539552	4512	
0.512062	-0.659295	3130	
0.646716	0.543725	4291	
-0.453891	0.722396	3394	
-0.838559	-0.188603	2960	
0.502090	-0.714869	4579	
0.720711	0.513158	2245	
-0.428157	0.784969	3259	
-0.765087	-0.485050	1946	
0.607133	-0.689379	1876	
0.735702	0.568915	1367	
-0.676442	0.658780	4396	
-0.832833	-0.460607	2556	
0.012014	0.800746	3848	
-0.311218	0.687741	3640	
-0.709607	0.252774	2980	
-0.587336	-0.474574	2767	
0.589730	-0.486332	4155	
0.431470	0.642300	959	
-0.784418	-0.085593	2914	
0.270888	-0.760783	4530	
0.702462	0.395390	863	
-0.691717	0.437941	2386	
-0.420604	-0.714013	3874	
0.841303	-0.033061	2198	
0.096853	0.863601	4332	
-0.842085	0.158503	3151	
0.006187	-0.885593	4771	
0.792549	0.390707	2942	
-0.424295	0.786857	3259	
-0.702196	-0.572931	1993	
0.760624	-0.517782	4703	
0.474824	0.802525	452	
-0.920538	0.223345	4925	
-0.334447	-0.897704	727	
0.710068	-0.061529	3685	
0.696423	0.152301	385	
0.382886	0.598455	739	
-0.683803	0.232903	2621	
0.277217	-0.687631	3904	
0.309777	0.682483	5000	
-0.709234	-0.259190	4436	
0.723812	-0.257067	3083	
-0.339864	0.707084	3753	
-0.507293	-0.605250	2353	
0.795060	-0.116772	4613	
-0.187995	0.810404	3695	
-0.579778	-0.588090	3819	
0.756658	-0.360928	2404	
0.228712	0.827764	736	
-0.836540	0.182621	4413	
0.159516	-0.866503	4742	
0.685883	0.558086	2874	
-0.603478	0.658977	4689	
-0.180043	-0.900302	504	
0.922931	0.057954	599	
-0.323094	0.883245	4603	
-0.882467	-0.351445	2553	
0.654516	-0.710081	1873	
-0.671153	-0.077465	1485	
-0.591415	-0.319386	1688	
0.239150	-0.643810	1296	
0.231433	0.661051	2372	
0.156379	-0.726772	1022	
0.403155	0.583521	1885	
-0.586512	-0.423103	2672	
0.603681	0.427880	3006	
-0.754610	0.014218	3509	
0.510761	-0.565548	3020	
0.116348	0.803538	4192	
-0.605128	-0.506168	4489	
0.775134	-0.206969	2926	
-0.095664	0.835198	2349	
-0.558079	-0.608532	3819	
0.815007	-0.202224	4953	
-0.035215	0.870623	4264	
-0.847396	-0.136664	2796	
0.720680	-0.496345	4420	
0.270598	0.850401	688	
-0.896258	0.060586	4940	
0.672475	-0.625184	389	
0.402143	0.841756	481	
-0.948278	-0.008171	3046	
0.818653	0.534622	1997	
0.273224	-0.563083	1335	
0.497661	-0.392118	664	
0.141464	0.656023	4198	
0.343371	-0.545692	4885	
-0.556514	-0.373697	1074	
0.282851	0.628961	3531	
0.250072	-0.672295	2583	
0.294662	0.655184	4702	
-0.527116	-0.493524	2204	
0.561401	0.480907	1521	
-0.752891	-0.052911	3170	
0.584993	-0.490326	4155	
-0.001804	0.820723	2609	
-0.518608	-0.594619	2353	
0.801262	-0.054943	2495	
-0.446547	0.681149	3394	
-0.331461	-0.763459	3476	
0.776366	0.326792	2882	
-0.585743	0.618589	3169	
-0.458833	-0.731073	838	
0.769797	0.432371	730	
-0.642455	0.620968	1072	
0.186439	-0.900309	2387	
0.779109	0.503886	4531	
-0.892335	0.314275	2535	
-0.156130	-0.947270	1246	
-0.249148	-0.572150	1276	
-0.623296	0.185238	1274	
0.106994	0.714323	1222	
0.311857	-0.598643	419	
-0.465200	0.504305	1899	
0.642316	-0.299234	3813	
-0.279288	0.668507	3782	
-0.217973	-0.715269	2809	
0.384679	0.634087	4295	
-0.716385	-0.236037	4436	
0.740659	-0.201759	3590	
-0.514610	0.584684	1827	
-0.108084	-0.818322	3634	
0.647542	0.478468	3268	
-0.822071	-0.009968	3376	
0.443317	-0.704617	3797	
0.175952	0.844313	4108	
-0.844475	-0.150365	4469	
0.848975	-0.224083	4361	
-0.226931	0.867224	595	
-0.470496	-0.776645	1351	
0.908931	0.169614	2986	
-0.740522	0.583978	2407	
-0.396684	-0.869057	1720	
0.954777	0.190830	4672	
0.051376	0.698725	620	
-0.175797	-0.615634	658	
-0.284738	0.567356	2056	
0.650142	-0.120281	1682	
-0.520012	-0.419951	906	
0.552875	0.398829	3561	
-0.545580	-0.432699	1694	
0.661206	0.262647	3117	
-0.624397	0.354625	2931	
0.613408	-0.403786	4582	
-0.217630	0.735171	4299	
-0.384357	-0.652434	1450	
0.569198	0.520748	2250	
-0.782456	-0.085885	3552	
0.683171	-0.414319	2055	
-0.042574	0.841517	4106	
-0.311886	-0.772667	3476	
0.697537	0.472183	1795	
-0.791774	0.321490	3945	
0.406683	-0.769742	3508	
0.176567	0.878775	511	
-0.730589	-0.531786	1635	
0.922491	-0.024342	877	
-0.661877	0.669516	4396	
-0.433930	-0.850175	1720	
0.049083	0.700514	3996	
-0.031313	-0.707411	3807	
-0.180444	-0.612248	658	
0.137156	0.658690	4198	
0.014448	-0.737267	4970	
-0.328305	0.571788	3477	
0.292556	-0.609486	3243	
-0.120373	0.730466	1229	
0.341680	-0.615843	419	
0.366345	0.608233	4906	
-0.623059	-0.366779	2222	
0.671932	0.309920	3679	
-0.750659	0.065807	3068	
0.569169	-0.506551	4254	
-0.216991	0.765836	4857	
-0.191909	-0.790019	4215	
0.540874	0.596290	3045	
-0.687677	-0.453744	1285	
0.840043	0.011254	2852	
-0.594162	0.609323	3169	
-0.151899	-0.864895	4082	
0.356640	0.813449	4152	
-0.877147	-0.196598	3533	
0.919632	-0.068438	1104	
-0.686252	0.644429	2636	
-0.333820	-0.895470	727	
0.889894	0.398412	4159	
0.175194	0.104673	402	
0.051533	0.698132	620	
-0.027012	-0.708084	3807	
-0.625974	0.119476	3602	
0.580576	0.271018	1956	
-0.592047	-0.267568	1067	
0.634102	0.186427	2917	
-0.521544	-0.417653	906	
0.674669	0.118949	2613	
-0.659578	0.216069	2212	
0.704932	-0.092561	2171	
-0.407474	0.585410	1860	
0.174869	-0.739687	1022	
0.053654	0.794376	2251	
-0.356166	-0.669984	2140	
0.383119	0.673627	1206	
-0.604956	-0.504152	4489	
0.788591	0.152917	3090	
-0.819518	0.042633	3985	
0.682612	-0.478275	2424	
-0.435084	0.731150	3123	
-0.283048	-0.821761	3905	
0.392939	0.795052	4251	
-0.868608	-0.231403	3812	
0.921685	0.045038	4793	
-0.803637	0.493712	1866	
0.071575	-0.300816	480	
0.114991	0.596968	1579	
0.071204	-0.541474	1279	
0.044658	0.701055	3996	
0.106218	0.655234	1445	
0.241567	-0.579534	482	
-0.060386	0.720335	1114	
-0.105510	-0.699266	3334	
-0.200274	0.650813	636	
0.120483	-0.717740	640	
0.116730	0.731038	1293	
0.033477	-0.770526	612	
0.402876	0.582094	1885	
-0.599478	-0.402518	2263	
0.566420	0.473515	1521	
-0.707172	-0.260991	3674	
0.765161	0.074363	3265	
-0.782864	0.051720	3665	
0.793422	-0.114433	4613	
-0.721358	0.381094	2756	
0.565254	-0.609425	3898	
-0.375622	0.764340	1321	
-0.247538	-0.835246	3070	
0.282778	0.844555	944	
-0.661768	-0.615187	558	
0.872028	0.307279	4339	
-0.934893	0.144857	1923	
0.436989	-0.856585	4190	
0.070160	-0.455257	3335	
0.170384	0.161510	2392	
0.151599	-0.192217	1713	
0.162651	-0.176227	1358	
0.078869	0.501392	4795	
0.042057	0.699612	3996	
-0.124508	0.638281	4189	
0.628131	-0.138258	1682	
-0.591928	0.261493	2956	
0.617824	-0.225193	907	
-0.627092	-0.243606	2187	
0.681932	-0.050913	2236	
-0.661277	0.209370	2212	
0.707382	0.074584	2919	
-0.593320	0.400109	3311	
0.738400	-0.029958	3882	
-0.736571	0.152119	3714	
0.688581	-0.331337	4414	
-0.713119	0.318988	2999	
0.730265	-0.324132	2681	
-0.690043	0.433891	2386	
0.585007	-0.590422	3226	
-0.492717	0.692607	4265	
-0.025958	-0.882631	1111	
0.004670	0.901015	964	
-0.306055	-0.857508	3715	
0.642090	0.669741	2554	
-0.911850	-0.260442	2676	
0.093784	-0.603386	1575	
0.228803	0.006626	3338	
0.134887	-0.562549	1288	
0.274425	0.518997	996	
0.177913	0.549868	2880	
0.620165	-0.056313	933	
0.170693	-0.163898	2847	
0.042519	0.697843	3996	
-0.460025	0.419398	1237	
0.474507	0.418562	2785	
-0.330823	-0.545810	4151	
0.130922	0.695203	3654	
0.132178	-0.709928	763	
-0.154845	0.709360	2628	
0.539277	-0.450283	2848	
-0.265456	0.674172	3782	
0.330665	-0.652502	478	
-0.557273	0.494747	3245	
0.615851	-0.448860	3895	
-0.694576	0.356351	4657	
0.740526	-0.300022	2393	
-0.749165	0.323689	4120	
0.735220	-0.393124	2452	
-0.683396	0.507574	1908	
0.553321	-0.669981	613	
-0.440210	0.774025	3259	
0.439341	-0.802068	4409	
0.110061	0.930612	3520	
-0.716459	-0.623499	1890	
0.951267	0.199408	3830	
0.334184	-0.500077	3891	
0.169567	-0.170996	1358	
0.494014	0.356458	3761	
0.133579	0.339776	4704	
0.252880	0.064592	1211	
0.247033	-0.097084	446	
0.257597	0.031000	4322	
0.124246	0.375486	4132	
0.103667	-0.512744	1187	
0.046823	0.693622	3996	
-0.312170	-0.532247	4129	
-0.202683	0.612778	2715	
0.575232	-0.311214	2500	
-0.475813	-0.465699	4722	
0.424404	0.527937	1943	
-0.000862	-0.771858	1438	
0.136965	0.743631	2358	
-0.071645	-0.778702	4700	
-0.446331	0.594485	2010	
0.618200	-0.445336	2755	
-0.735905	0.263082	3156	
0.800868	-0.031865	1898	
-0.815905	-0.085714	3084	
0.819484	0.184016	733	
-0.847143	0.114453	3220	
0.877308	0.041872	728	
-0.807559	0.383027	3565	
0.850715	-0.346146	2416	
-0.646020	0.681966	4396	
0.508388	-0.349606	543	
0.123638	-0.248944	2659	
0.282469	0.514592	997	
0.218197	0.155962	1496	
0.164980	-0.304912	584	
0.185370	-0.487748	4233	
0.271376	-0.491350	1436	
0.229451	-0.501742	1291	
0.152927	-0.403333	1364	
0.236920	0.108234	2411	
0.098728	-0.455042	969	
0.183762	-0.585917	3743	
0.593458	0.242267	1956	
-0.161796	-0.653321	4176	
-0.536914	0.388715	3248	
0.670865	0.130843	2613	
-0.409024	-0.559603	2792	
0.218296	0.698358	3085	
-0.078136	-0.776895	4700	
-0.560276	0.490499	3765	
0.718627	-0.261096	2385	
-0.782642	-0.049162	3618	
0.739793	0.311315	2863	
-0.548112	-0.614390	2876	
0.521753	0.661119	4206	
-0.740249	-0.432618	2166	
0.549940	0.690603	925	
-0.839818	-0.319010	4272	
0.807942	0.449823	730	
-0.922800	-0.213927	2746	
0.857427	-0.443673	1881	
0.380678	-0.470006	3374	
0.118641	-0.264691	4571	
0.193135	0.544707	2149	
0.263306	-0.026641	1231	
0.170208	-0.457012	2586	
0.454866	-0.372783	3189	
0.593283	0.104783	3722	
0.495420	0.318243	2601	
0.519863	0.286382	3280	
0.603166	-0.060554	933	
0.200719	-0.503782	439	
0.161904	0.239285	751	
0.078402	-0.600146	3415	
-0.076637	-0.700134	4819	
-0.638401	-0.125328	760	
-0.236274	0.625889	535	
0.675165	-0.100446	2171	
-0.494493	-0.484242	4415	
0.142274	0.740688	2358	
0.274656	-0.683270	3904	
-0.742504	0.115264	3693	
0.742937	0.194288	2825	
-0.463676	-0.636678	2753	
0.331909	0.740057	2286	
0.063699	-0.852004	4981	
-0.275228	0.809967	2274	
-0.042715	-0.880905	998	
-0.238427	0.861637	2779	
0.360360	-0.840300	2677	
-0.029143	0.937613	572	
-0.485099	-0.818885	4169	
0.242724	-0.546929	4134	
0.120899	-0.259755	4571	
0.160550	0.543076	3322	
0.249379	-0.103165	3852	
0.213231	-0.493755	439	
0.601538	-0.045579	1708	
0.419944	0.391841	4019	
0.265398	0.452667	1377	
0.234560	0.429982	1419	
0.230736	0.433376	1419	
0.276796	0.464650	1894	
0.579822	0.165747	4708	
0.150165	-0.400917	1364	
0.130652	-0.565854	1288	
-0.258681	0.556737	693	
-0.502843	0.394226	3396	
-0.058591	0.737474	459	
0.680169	-0.060084	2567	
-0.264241	-0.655811	2558	
-0.194602	0.713636	3381	
0.692640	-0.242513	3216	
-0.640434	-0.394415	3619	
0.168731	0.783388	4096	
0.214457	-0.781104	4334	
-0.475437	0.655706	3333	
0.738732	-0.384358	2872	
-0.820764	0.233234	4822	
0.876680	0.024962	3034	
-0.860611	0.242458	4822	
0.920731	0.009764	4335	
-0.933082	0.147750	1923	
0.696591	-0.664294	3630	
-0.303466	0.938652	2357	
0.150675	-0.585759	4172	
0.129642	-0.239625	2439	
0.167976	0.543356	3322	
0.244863	-0.119219	711	
0.245319	-0.491848	3718	
0.584283	0.133195	4809	
0.306205	0.446592	1490	
0.237446	0.399592	2990	
0.243533	0.321266	5003	
0.252857	0.281033	4098	
0.252314	0.273622	4098	
0.223332	0.348360	3021	
0.256913	0.466929	1894	
0.485497	-0.343962	3192	
0.120192	0.484168	1430	
-0.005418	0.715430	4580	
-0.413052	0.479315	1771	
-0.223720	0.633061	1604	
0.626965	0.267576	3112	
0.398686	-0.574712	1747	
-0.627136	0.345732	2931	
0.461932	0.574167	1208	
-0.068134	-0.800742	4592	
-0.527043	0.568297	3367	
0.798978	0.059933	3265	
-0.633119	-0.524034	4512	
0.442258	0.717942	2304	
-0.591560	-0.621532	3913	
0.168285	0.878917	4662	
-0.139145	-0.904480	467	
0.195480	0.913496	1230	
-0.615204	-0.723612	2717	
0.090221	-0.596344	432	
0.149398	-0.205957	3977	
0.207894	0.539520	3849	
0.253888	-0.093632	446	
0.239133	-0.491276	3718	
0.579219	0.148648	4661	
0.291164	0.444020	1534	
0.243001	0.362924	2959	
0.269708	0.265173	4161	
0.295699	0.198875	3892	
0.311396	0.152741	3285	
0.310597	0.142822	2851	
0.277493	0.207105	3678	
0.215708	0.369370	3021	
0.587036	0.145267	4661	
0.143616	0.274669	1655	
0.039263	0.712820	4474	
-0.637679	0.122892	3602	
-0.583755	0.318677	2541	
0.210374	0.670292	1316	
0.707732	0.055337	2310	
-0.501672	-0.515451	637	
-0.311986	0.680649	3640	
0.755896	-0.119756	2017	
-0.496503	-0.609875	1685	
0.182267	0.806726	4524	
0.356817	-0.750959	1654	
-0.664845	0.529297	3353	
0.785367	-0.377848	3228	
-0.842270	0.298682	508	
0.917684	-0.061378	3201	
-0.933921	0.139645	1923	
0.758070	-0.593741	2308	
-0.451959	0.877658	4522	
0.075407	-0.528106	388	
0.189348	-0.146878	1000	
0.346294	0.480044	3532	
0.266699	-0.020739	4611	
0.213471	-0.487803	383	
0.591792	0.094142	3722	
0.301797	0.440372	844	
0.248039	0.360256	4305	
0.280121	0.254105	3110	
0.321168	0.159926	2256	
0.339545	0.094373	3791	
0.345894	0.047142	3347	
0.341498	0.035864	3347	
0.322050	0.093117	3179	
0.234643	0.289164	4214	
0.476335	0.347687	3761	
0.134193	0.302164	1954	
-0.301000	0.533688	1198	
-0.282339	-0.574080	2138	
-0.315925	-0.587348	532	
-0.545007	0.415904	3350	
0.253214	0.677095	4446	
0.471949	-0.550160	814	
-0.616547	-0.429493	3206	
-0.139075	0.794749	369	
0.606583	-0.511270	2883	
-0.803492	-0.159583	734	
0.553865	0.633038	4818	
-0.629427	-0.582089	4455	
0.159430	0.880683	4662	
-0.016071	-0.917568	1141	
0.008253	0.937227	498	
-0.385425	-0.870717	1441	
0.073300	-0.399861	3253	
0.232103	-0.020306	748	
0.590155	0.184336	4686	
0.251145	0.094556	938	
0.185841	-0.464664	3772	
0.599826	-0.026283	1708	
0.333492	0.431101	1523	
0.252965	0.370742	4305	
0.281926	0.263408	2603	
0.323856	0.166969	2574	
0.349539	0.090910	4304	
0.359909	0.027516	3525	
0.357713	-0.020482	4826	
0.348265	-0.038667	1207	
0.335513	0.021209	3407	
0.255669	0.237432	3641	
0.509084	0.307906	2551	
0.164532	0.555075	1355	
0.213478	-0.593246	1008	
0.529666	-0.375336	395	
0.505308	-0.442144	1664	
-0.018320	-0.770070	911	
-0.663703	0.271778	4242	
0.169957	0.753775	1081	
0.495383	-0.572587	2552	
-0.729170	-0.287960	3697	
0.252558	0.778063	4390	
0.372323	-0.742362	2724	
-0.710734	0.466455	3038	
0.858061	-0.164172	855	
-0.882235	0.145499	3480	
0.880494	0.273390	985	
-0.893427	-0.313940	2553	
0.949225	-0.181611	3089	
0.084588	-0.248502	4016	
0.139728	0.206859	884	
0.548660	-0.276766	3250	
0.190541	0.217217	1650	
0.169598	-0.394310	710	
0.558077	-0.210060	3593	
0.394312	0.399581	3056	
0.259864	0.393958	2599	
0.281184	0.282446	4258	
0.322296	0.189865	4311	
0.350089	0.115217	3032	
0.368356	0.052573	2276	
0.372089	-0.003940	4735	
0.362035	-0.059562	367	
0.348461	-0.086545	2576	
0.337019	-0.023810	3094	
0.247471	0.250236	3371	
0.606721	-0.043433	1708	
0.222651	0.041036	731	
0.167787	0.630282	1195	
-0.310854	0.578857	2979	
0.123781	0.724589	1293	
0.572528	0.414630	4371	
0.075567	-0.777262	1146	
-0.692840	-0.291981	3694	
-0.125687	0.799032	4505	
0.651963	-0.453041	2334	
-0.745305	-0.341992	3076	
0.365803	0.762083	2286	
-0.381876	-0.772150	4438	
-0.289327	0.843115	1304	
0.625872	-0.665607	2820	
-0.510814	0.782892	2943	
0.314366	-0.905200	2018	
0.155471	-0.148797	2057	
0.099211	0.304688	3355	
0.162732	-0.554171	3605	
0.136053	0.392903	5006	
0.187269	-0.267207	3262	
0.381642	-0.426737	2748	
0.495333	0.304294	2601	
0.278801	0.416920	948	
0.273048	0.319816	4378	
0.315217	0.221812	4450	
0.346264	0.150962	3362	
0.368542	0.089829	4609	
0.379431	0.035006	3525	
0.378534	-0.029238	1188	
0.365874	-0.088819	1006	
0.342851	-0.124023	3749	
0.334325	-0.037136	1080	
0.221684	0.311333	3636	
0.153067	-0.456487	1502	
0.234637	-0.560263	4134	
-0.221980	-0.610448	1471	
0.060015	-0.744418	1309	
-0.523862	-0.449293	2737	
-0.618342	0.358921	2931	
0.127528	0.771953	1415	
0.630166	-0.424161	3125	
-0.500506	-0.605519	1685	
-0.096998	0.831338	501	
0.696027	-0.452698	2788	
-0.853774	-0.014363	3041	
0.619315	0.626345	531	
-0.751881	-0.490871	1946	
0.436388	0.818704	476	
-0.586220	-0.746839	629	
0.209720	0.008832	2958	
0.090013	0.478099	3657	
0.112210	-0.320416	1646	
0.179288	0.537095	3322	
0.268824	-0.034766	1231	
0.202343	-0.473520	641	
0.596582	0.036239	699	
0.323503	0.422174	1277	
0.271562	0.357591	2094	
0.303528	0.259742	3009	
0.338331	0.188621	4557	
0.366045	0.132766	2902	
0.381856	0.085420	4563	
0.390890	0.021086	3423	
0.382004	-0.055733	1353	
0.361548	-0.123383	4601	
0.335402	-0.148065	2620	
0.330437	-0.003874	3690	
0.223842	0.462322	2046	
0.118901	0.480338	1430	
0.621220	0.162821	4309	
0.194820	0.645002	777	
0.155804	0.704511	3648	
0.493702	0.503593	3214	
0.295861	-0.669535	3879	
-0.504095	-0.555960	4217	
-0.402721	0.661870	3434	
0.750753	0.279595	2486	
-0.160177	-0.830080	3975	
-0.429069	0.731917	3123	
0.517815	-0.693160	3467	
-0.858018	0.248842	923	
0.913738	0.107152	379	
-0.919419	-0.222442	2807	
0.948897	-0.179612	3089	
0.067665	0.275878	4195	
0.342107	-0.494651	3889	
0.229736	-0.051348	2388	
0.517594	-0.324685	543	
0.168514	0.265550	995	
0.174934	-0.338316	4500	
0.491424	-0.320675	447	
0.447365	0.353419	4639	
0.281396	0.394370	542	
0.292126	0.300317	390	
0.328491	0.225420	4450	
0.360234	0.171492	2527	
0.383826	0.122085	3344	
0.396222	0.066932	2022	
0.398062	-0.006852	506	
0.382836	-0.084403	1083	
0.352982	-0.158216	4477	
0.325535	-0.153918	3855	
0.298514	0.130672	1953	
0.516353	-0.305432	2849	
0.045971	0.694206	3996	
-0.252114	-0.590964	2084	
0.224264	-0.646926	1069	
0.085465	-0.755732	649	
-0.717547	-0.055154	2363	
-0.392534	0.629459	2507	
0.686195	0.340532	4027	
0.309791	-0.735405	386	
-0.803805	0.137614	2585	
0.520446	0.660484	4206	
-0.468607	-0.719401	3769	
-0.293525	0.840991	1304	
0.676790	-0.613676	389	
-0.624737	0.695819	4803	
0.534768	-0.795993	4223	
0.059763	0.552963	3865	
0.076974	-0.351543	1503	
0.091013	0.419332	1306	
0.110471	-0.370445	1515	
0.171033	0.532227	3322	
0.265475	-0.071266	660	
0.230505	-0.478733	903	
0.581385	0.118954	3722	
0.325797	0.415078	1983	
0.288592	0.339661	825	
0.316976	0.261257	3981	
0.352447	0.205838	4383	
0.379019	0.161898	4387	
0.396471	0.117077	4739	
0.405227	0.053019	2593	
0.401250	-0.036682	898	
0.371407	-0.136339	2052	
0.331876	-0.196033	1428	
0.324983	-0.099300	3916	
0.203410	0.418304	1424	
0.118520	0.478746	1430	
0.355902	0.514370	405	
-0.542706	0.378961	3248	
-0.488914	0.475968	1875	
-0.132331	0.745585	2464	
0.503706	0.535423	2134	
0.343387	-0.678331	1004	
-0.694717	-0.361186	4782	
-0.077490	0.834708	4447	
0.727123	-0.401080	2452	
-0.837993	-0.166799	734	
0.435320	0.767922	4089	
-0.303881	-0.854327	3715	
0.005452	0.936173	498	
-0.232835	-0.924682	4125	
0.338782	0.917509	2430	
0.028988	0.126707	4000	
0.061837	0.371481	2691	
0.079450	-0.526230	388	
0.156007	0.193150	4314	
0.222294	-0.538582	2348	
0.150335	0.329088	485	
0.180704	-0.315971	2933	
0.485473	-0.326308	543	
0.422580	0.368802	4062	
0.292174	0.386346	542	
0.308857	0.295822	406	
0.341808	0.237419	4235	
0.375064	0.193193	2972	
0.396787	0.153765	4387	
0.411514	0.086580	4815	
0.413271	0.009999	506	
0.394656	-0.093677	1083	
0.354878	-0.186244	484	
0.315616	-0.199020	4654	
0.306171	0.101697	2307	
0.265961	-0.500835	1386	
-0.207515	0.583845	634	
0.526083	-0.378460	348	
0.594085	0.329420	3323	
0.652841	0.273983	3112	
0.210649	-0.717177	1455	
-0.488008	-0.569697	4367	
-0.571048	0.523273	3245	
0.644659	0.475033	3268	
0.249573	-0.799691	4484	
-0.694210	0.488516	1908	
0.872615	-0.035998	3880	
-0.884654	-0.133007	4713	
0.641395	0.665378	2554	
-0.644249	-0.696430	3536	
0.804904	0.544612	2525	
0.108040	-0.595429	1971	
0.222369	-0.085434	3411	
0.498068	0.347109	3761	
0.270997	0.031852	1798	
0.226689	-0.474717	903	
0.575155	0.136170	4809	
0.325217	0.404250	1983	
0.302360	0.334697	825	
0.336067	0.268480	3747	
0.372429	0.217476	1407	
0.397629	0.182172	2403	
0.416725	0.123983	1870	
0.421818	0.063488	1168	
0.410949	-0.043673	989	
0.377236	-0.161137	2168	
0.325020	-0.228813	1861	
0.320580	-0.105409	3916	
0.261341	0.478967	1780	
0.091597	0.279816	497	
-0.615571	-0.203456	723	
0.155830	-0.690855	1244	
0.152345	-0.723163	956	
-0.648143	-0.310471	3566	
-0.649013	0.364504	4993	
0.314764	0.708904	2730	
0.684576	-0.401044	1837	
-0.546736	-0.611843	2353	
-0.210334	0.831530	2879	
0.395509	-0.769566	2829	
-0.827659	0.331491	1143	
0.904738	0.164742	4123	
-0.873555	-0.363882	3065	
0.067387	0.312381	2765	
0.185406	0.567548	1245	
0.112345	-0.389278	3539	
0.141620	0.419695	770	
0.184628	-0.307183	2933	
0.533914	-0.250526	3366	
0.406992	0.375744	4062	
0.305969	0.365030	930	
0.326620	0.295137	588	
0.366522	0.245682	886	
0.398682	0.203118	1638	
0.424037	0.156431	2295	
0.431010	0.078905	1168	
0.423100	-0.001685	626	
0.393400	-0.131449	2052	
0.342861	-0.228069	2073	
0.307566	-0.208020	2920	
0.223191	0.287413	3591	
0.137276	0.283490	1667	
0.287568	0.556361	1373	
-0.668994	0.031463	1171	
-0.685101	0.096775	3064	
-0.535717	0.466638	3227	
-0.169498	0.754414	4433	
0.754458	0.127623	2061	
0.253523	-0.762302	4530	
-0.801649	0.143670	2585	
0.415313	0.733204	1640	
-0.277606	-0.819896	3070	
-0.523678	0.716201	3596	
0.863127	-0.305689	4628	
-0.927865	0.158545	2165	
0.872031	-0.407560	3652	
-0.786549	0.599478	2996	
0.187724	0.100136	2095	
0.114605	0.267632	1590	
0.619483	-0.009890	1559	
0.274938	-0.014108	4611	
0.294857	-0.463964	2380	
0.511084	0.268972	3283	
0.323334	0.386518	1310	
0.321131	0.321767	1021	
0.358841	0.267755	1841	
0.400375	0.219426	988	
0.427062	0.154849	2295	
0.437372	0.097627	2667	
0.432440	0.015834	890	
0.408610	-0.098886	1710	
0.358579	-0.214779	3610	
0.309783	-0.247578	1868	
0.315451	0.052936	3197	
0.159268	-0.484352	2199	
-0.235016	-0.573267	744	
0.252927	0.606005	2003	
-0.258337	0.642121	3260	
-0.101439	0.758752	2309	
0.454743	0.577456	1541	
0.500133	-0.566084	3020	
-0.398796	-0.679002	1918	
-0.466506	0.659436	3333	
0.816750	0.174857	2790	
-0.620060	-0.589198	4455	
-0.181887	0.875419	396	
0.600392	-0.686214	4442	
-0.664551	0.657126	4396	
0.108388	-0.593393	1406	
0.113702	-0.396507	3539	
0.154013	0.328679	1262	
0.186119	-0.413682	1684	
0.592709	0.013608	699	
0.360875	0.388726	1481	
0.325388	0.338322	1021	
0.360501	0.281760	1841	
0.402548	0.232092	2188	
0.433692	0.164677	1739	
0.450788	0.106877	2667	
0.438539	0.028513	1808	
0.418722	-0.080157	1710	
0.375196	-0.198667	1630	
0.316951	-0.267524	2830	
0.318100	-0.085125	3710	
0.590221	0.141440	4661	
0.608276	-0.166564	2503	
0.566892	-0.319291	2500	
0.408512	0.536351	4879	
0.411255	0.572534	1447	
0.677234	-0.271579	2146	
0.063582	-0.800150	1370	
-0.745718	-0.234766	4372	
-0.128058	0.823456	369	
0.770892	-0.308949	2393	
-0.785675	-0.335919	4425	
0.185244	0.872532	511	
0.173653	-0.896788	408	
-0.434223	0.825483	686	
0.304238	-0.906179	2018	
-0.236443	0.953623	1182	
0.171243	0.128581	4551	
0.213169	0.106535	3550	
0.203338	0.530259	3849	
0.199390	-0.262871	3262	
0.546687	-0.219984	3593	
0.410277	0.365167	4062	
0.332841	0.355879	1350	
0.359617	0.297301	1627	
0.404819	0.239709	2188	
0.440406	0.171472	1739	
0.462414	0.099418	2342	
0.450287	0.046826	2321	
0.428166	-0.068196	1596	
0.387823	-0.184299	2218	
0.332598	-0.268068	2830	
0.302287	-0.176229	3289	
0.279567	0.478893	1924	
0.042723	0.697449	3996	
0.137367	-0.671541	2477	
0.680273	-0.015536	2626	
0.646969	0.285394	3750	
0.338797	-0.642580	478	
-0.278307	-0.710971	4426	
-0.738581	0.243344	3156	
0.244268	0.780030	4363	
0.604698	-0.564219	566	
-0.847748	-0.094126	3084	
0.410619	0.781082	3535	
-0.256405	-0.869906	407	
-0.209408	0.909971	595	
0.078873	-0.953029	1058	
0.093196	0.501571	4694	
0.615273	0.064590	1662	
0.257835	-0.120962	1724	
0.412988	-0.394287	3042	
0.469273	0.314569	3854	
0.343758	0.364451	1261	
0.359486	0.310081	1627	
0.411609	0.244239	4210	
0.453060	0.169922	1739	
0.471399	0.086418	2342	
0.457166	0.042434	2321	
0.432592	-0.057137	1596	
0.392980	-0.179383	2218	
0.338819	-0.273732	3205	
0.292751	-0.220587	4113	
0.199167	0.424418	1883	
0.095938	0.262535	1648	
-0.392415	-0.499011	2008	
0.588890	-0.329007	2500	
0.706995	-0.028600	2626	
0.129386	-0.757251	1169	
-0.446342	-0.602798	2713	
-0.665067	0.399237	4417	
0.476862	0.643663	2253	
0.516824	-0.645201	3130	
-0.844727	0.105801	3220	
0.573208	0.667011	1777	
-0.590945	-0.675861	1177	
-0.010048	0.934989	498	
-0.127307	-0.945521	1145	
0.213114	0.555845	848	
0.267616	-0.519361	1386	
0.276205	0.020662	4392	
0.307915	-0.455816	3484	
0.516722	0.252741	3283	
0.357679	0.367398	1261	
0.367684	0.314772	1912	
0.418068	0.246708	4210	
0.467714	0.156909	2389	
0.479905	0.066561	2751	
0.462123	0.025330	2735	
0.436309	-0.074327	1596	
0.397488	-0.181424	2218	
0.343975	-0.279567	3946	
0.289636	-0.252280	2041	
0.198343	0.369937	1922	
0.099265	-0.315682	4312	
-0.592001	-0.259096	1671	
0.377138	-0.548868	4955	
0.651926	-0.266460	3644	
-0.059676	-0.779663	4321	
-0.554845	-0.503232	2327	
-0.542885	0.549517	2924	
0.545696	0.585238	3045	
0.460994	-0.686544	3582	
-0.827277	0.197583	4413	
0.720910	0.499791	2245	
-0.662465	-0.604326	558	
0.115938	0.925783	3520	
-0.247414	-0.918846	434	
0.252092	0.944267	1156	
0.060634	-0.587650	3237	
0.625257	-0.038253	1073	
0.157334	-0.545952	2132	
0.265022	0.084597	1369	
0.271985	-0.464876	1344	
0.541333	0.206546	2071	
0.373843	0.362777	3047	
0.378023	0.315633	1912	
0.427178	0.244874	2188	
0.478484	0.141720	2827	
0.485899	0.046635	4310	
0.469130	-0.016623	2630	
0.437806	-0.090835	1593	
0.402216	-0.184684	1491	
0.349719	-0.282417	3946	
0.287960	-0.268524	2041	
0.201418	0.345295	1957	
0.102156	-0.525110	740	
-0.644439	-0.074604	1029	
0.347215	-0.568768	4885	
0.609907	-0.347643	3276	
-0.101139	-0.767650	2443	
-0.575933	-0.478831	2767	
-0.543289	0.549084	2924	
0.560614	0.570626	3692	
0.455573	-0.690106	3582	
-0.820507	0.222271	4822	
0.745907	0.460128	4991	
-0.673848	-0.590958	1095	
0.139289	0.921769	4814	
-0.231975	-0.923040	4125	
0.336180	0.495978	2844	
0.215526	-0.537965	2496	
0.269186	0.070619	1200	
0.271283	-0.463821	1344	
0.550586	0.183688	4588	
0.389069	0.354981	3047	
0.389651	0.312809	1912	
0.439861	0.235988	1621	
0.487852	0.123925	2827	
0.490400	0.018879	3263	
0.463944	-0.032896	2170	
0.438754	-0.108573	1593	
0.399718	-0.203571	4683	
0.349033	-0.293785	3941	
0.284541	-0.273338	2041	
0.199312	0.354349	2303	
0.098187	-0.324871	1122	
-0.566549	-0.307084	1760	
0.410338	-0.524351	4751	
0.669388	-0.221010	2912	
0.013175	-0.785486	809	
-0.518632	-0.540024	4217	
-0.578759	0.512003	3245	
0.505894	0.620163	2684	
0.502540	-0.656032	3130	
-0.836526	0.153715	2928	
0.688694	0.543287	4291	
-0.627606	-0.640516	1862	
0.059361	0.931871	691	
-0.194412	-0.932128	1246	
0.202003	0.956496	1181	
0.100553	0.557743	949	
0.571460	-0.225939	3757	
0.278859	-0.024346	4302	
0.315990	-0.449511	3484	
0.545338	0.191562	2071	
0.403607	0.342835	3506	
0.403142	0.306709	3246	
0.455461	0.220014	1605	
0.493583	0.109626	3563	
0.492272	-0.006232	3932	
0.463611	-0.058904	2582	
0.435846	-0.125909	766	
0.398340	-0.220772	4663	
0.347804	-0.303008	3941	
0.279654	-0.265180	2065	
0.195029	0.398858	1619	
0.105876	0.237790	1755	
-0.325600	-0.544189	4151	
0.632416	-0.240898	2911	
0.703672	0.072906	2919	
0.234872	-0.702645	2946	
-0.367324	-0.657574	1450	
-0.713182	0.307040	2629	
0.395398	0.699182	1640	
0.593800	-0.574966	566	
-0.851310	0.008302	3822	
0.498160	0.725108	3976	
-0.521192	-0.731085	1123	
-0.127434	0.925068	4049	
-0.018415	-0.954626	1050	
0.101755	0.209201	678	
0.144479	0.217387	2810	
0.393018	0.443780	3230	
0.249111	-0.154151	1476	
0.401895	-0.398063	3042	
0.532250	0.214767	3966	
0.417135	0.329204	3506	
0.424991	0.287401	1910	
0.470066	0.201321	2390	
0.498141	0.093579	3563	
0.490452	-0.040681	3621	
0.461821	-0.084027	2537	
0.437473	-0.151488	2025	
0.399285	-0.238081	3325	
0.344016	-0.312649	417	
0.279156	-0.246695	3281	
0.231983	0.483377	977	
0.042171	0.699647	3996	
0.230134	-0.607130	415	
0.666224	0.134937	2669	
0.568199	0.416483	2239	
0.452802	-0.561849	814	
-0.120168	-0.784294	3017	
-0.772649	0.092786	3129	
0.057959	0.835889	4786	
0.698345	-0.444088	2055	
-0.818971	-0.237543	3517	
0.268393	0.845228	688	
-0.104684	-0.905517	812	
-0.358177	0.859749	942	
0.240202	-0.924020	1157	
0.082022	-0.482511	381	
0.136481	-0.260201	4738	
0.150770	0.458963	1865	
0.200390	-0.286801	2397	
0.484683	-0.314316	447	
0.521260	0.230159	3728	
0.427227	0.315690	3246	
0.446024	0.264422	1951	
0.490340	0.166417	2877	
0.505836	0.060413	4310	
0.488324	-0.065924	3770	
0.461300	-0.121341	2454	
0.431838	-0.182518	3105	
0.393969	-0.263396	3288	
0.327977	-0.332022	586	
0.288133	-0.189329	2947	
0.511664	0.309493	2551	
0.167846	0.601523	1057	
0.644269	-0.121725	1775	
0.264335	0.632143	3660	
0.250589	0.676160	4446	
0.726924	-0.076493	3685	
0.279043	-0.711909	4697	
-0.662602	-0.412579	737	
-0.334212	0.738969	2925	
0.824180	-0.105847	4044	
-0.686869	-0.507447	1659	
-0.060945	0.894692	4308	
0.390633	-0.819780	1223	
-0.599619	0.713843	4306	
0.486341	-0.821905	1233	
-0.424024	0.885643	2794	
0.096559	0.458074	1339	
0.272600	-0.515182	1386	
0.206609	0.219002	1825	
0.197560	-0.403497	1411	
0.565710	-0.151173	356	
0.505970	0.247964	3283	
0.442897	0.298901	2843	
0.466646	0.239542	2396	
0.505706	0.127597	3766	
0.510929	0.023168	3263	
0.489724	-0.081852	3180	
0.457812	-0.143683	2025	
0.428309	-0.209442	3012	
0.384617	-0.290507	3866	
0.310480	-0.338285	4788	
0.309878	-0.085431	2616	
0.188196	-0.514465	4326	
-0.133941	-0.636301	2686	
0.066874	0.730473	489	
-0.435507	0.521178	1385	
-0.334470	0.628161	3738	
0.240007	0.714949	3842	
0.658467	-0.374023	753	
-0.152051	-0.800286	4570	
-0.640809	0.491258	4186	
0.724293	0.414905	2164	
-0.428709	-0.741804	643	
-0.432600	0.772907	3259	
0.769090	-0.490075	4703	
-0.812285	0.462224	1866	
0.065553	0.592431	3928	
0.250402	-0.540726	1335	
0.179568	-0.181386	870	
0.256966	0.512911	996	
0.277209	-0.063254	3773	
0.253125	-0.456989	1204	
0.583463	-0.044627	1493	
0.499336	0.250559	2916	
0.463566	0.269721	2083	
0.492362	0.192644	2877	
0.517816	0.083111	4174	
0.510132	-0.046402	4035	
0.483920	-0.110332	4546	
0.450092	-0.174687	2446	
0.423816	-0.239506	3325	
0.375476	-0.313571	368	
0.286780	-0.332677	3919	
0.268059	0.171136	2238	
0.161614	0.226683	789	
0.127429	0.660474	2673	
-0.609950	-0.268754	1671	
-0.661735	-0.198527	2456	
-0.683045	0.211244	2662	
-0.433484	0.598333	1879	
0.644487	0.409020	4634	
0.512478	-0.599725	3103	
-0.799743	-0.153327	3858	
0.089869	0.858972	4332	
0.064566	-0.875640	1543	
-0.729747	0.504544	364	
0.915641	-0.009750	877	
-0.930674	-0.141095	4452	
0.955475	-0.116994	3057	
0.261000	0.540826	692	
0.083241	-0.348960	2133	
0.131074	0.245289	2220	
0.278799	-0.511715	1386	
0.163524	0.328910	1262	
0.206619	-0.277189	3440	
0.384172	-0.406135	1920	
0.577554	0.057226	1475	
0.501927	0.238633	3574	
0.489046	0.227482	2875	
0.509645	0.150100	3914	
0.525151	0.033644	371	
0.509129	-0.065582	3770	
0.474079	-0.149737	771	
0.447805	-0.204106	3028	
0.420004	-0.263340	3954	
0.350254	-0.340465	586	
0.268153	-0.279149	1945	
0.194129	0.440678	1883	
0.094224	0.264254	1648	
-0.401523	-0.491459	3462	
0.411640	-0.522116	4751	
0.440472	-0.536650	647	
-0.426969	-0.573517	1504	
-0.746224	0.023084	2802	
-0.114498	0.799055	4505	
0.791516	-0.070629	2437	
-0.232318	-0.801608	2661	
-0.530785	0.657015	867	
0.658215	-0.558326	4542	
-0.891703	-0.013223	3182	
0.777365	0.490972	4250	
-0.681161	-0.656680	860	
0.889237	0.379321	4159	
0.093625	0.178922	2504	
0.616386	-0.120260	1525	
0.122257	-0.203147	2670	
0.101129	0.531529	818	
0.123545	-0.334517	2338	
0.259502	0.510842	1722	
0.277624	0.053462	1200	
0.202445	-0.401047	1411	
0.511398	-0.267503	2425	
0.567719	0.097071	1925	
0.508422	0.218929	3574	
0.507119	0.192636	3834	
0.525538	0.099838	4056	
0.527445	-0.011679	465	
0.507570	-0.096577	1735	
0.479446	-0.164589	771	
0.446203	-0.230897	3336	
0.402653	-0.300612	795	
0.308027	-0.357318	4630	
0.299884	-0.125460	2660	
0.489764	-0.344642	3192	
-0.441287	0.435339	2983	
0.656420	-0.000043	1836	
0.323093	0.594240	3354	
0.404776	0.575191	1885	
0.525182	-0.495327	2476	
-0.127231	-0.781407	3017	
-0.757577	0.173074	3833	
0.337972	0.731792	1566	
0.595758	-0.571968	566	
-0.841281	0.118818	3220	
0.794274	0.362673	2942	
-0.740569	-0.501235	1946	
0.295655	0.878023	1093	
-0.296178	-0.902725	4915	
0.517319	0.822753	1689	
0.191428	0.052701	2991	
0.178071	0.128358	4551	
0.615489	-0.109861	1525	
0.236675	0.045450	3416	
0.486782	-0.358376	3192	
0.160827	0.355871	1425	
0.239464	-0.194817	2619	
0.269058	-0.449554	1148	
0.552946	-0.176981	472	
0.557496	0.118597	4806	
0.523528	0.183216	3966	
0.527557	0.135130	4056	
0.535301	0.046191	371	
0.525839	-0.057881	2909	
0.499668	-0.140679	3943	
0.470881	-0.201356	3312	
0.433731	-0.271167	3691	
0.368367	-0.342021	1232	
0.266091	-0.322169	3401	
0.218001	0.272682	2948	
0.117821	0.380309	4132	
0.120256	0.666582	2673	
-0.666364	-0.056775	1485	
-0.684243	0.090502	2076	
-0.500268	0.500788	2019	
0.093341	0.781597	2819	
0.659973	-0.370361	753	
-0.387625	-0.682087	1450	
-0.513591	0.620436	2091	
0.830008	0.042525	410	
-0.637495	-0.567493	4936	
-0.067753	0.893483	4308	
0.217826	-0.882834	4893	
-0.462531	0.807169	570	
0.258136	-0.917736	1157	
-0.126060	0.970775	683	
0.282040	-0.530484	3188	
0.097037	-0.255201	4743	
0.100212	0.451106	1190	
0.123670	-0.345337	1697	
0.322684	0.483394	2844	
0.246308	0.153439	1766	
0.203421	-0.321411	2108	
0.353723	-0.420173	1877	
0.570277	-0.102256	382	
0.559815	0.099313	1925	
0.540048	0.131477	4806	
0.541546	0.077252	1939	
0.538550	-0.006550	465	
0.522797	-0.093304	366	
0.497161	-0.166209	527	
0.460174	-0.239389	2096	
0.411147	-0.307476	795	
0.309063	-0.366642	555	
0.289580	-0.158816	2278	
0.571671	0.201818	1967	
0.051557	0.698093	620	
0.131362	-0.674051	1112	
0.567093	-0.359976	2420	
0.508407	-0.474617	2476	
-0.507683	-0.501728	637	
-0.698703	0.253805	2621	
0.343014	0.688850	1203	
0.679379	-0.404457	1837	
-0.727061	-0.367970	1234	
-0.009992	0.866071	4673	
0.071023	-0.874496	1543	
-0.701099	0.542117	579	
0.900578	-0.155612	534	
-0.893894	0.275302	1133	
0.071887	0.598156	3986	
0.099273	-0.569688	3702	
0.141826	0.229529	3448	
0.212030	-0.533161	2496	
0.161297	0.468632	3817	
0.285558	-0.023774	4302	
0.208684	-0.394145	1139	
0.432371	-0.359302	2712	
0.569797	-0.090292	639	
0.564295	0.057314	1475	
0.552930	0.072237	1925	
0.548953	0.017400	490	
0.537838	-0.066700	2909	
0.515766	-0.137988	4432	
0.485901	-0.212825	3312	
0.440584	-0.282973	4259	
0.354267	-0.358432	2971	
0.259108	-0.306169	3439	
0.203925	0.308961	2258	
0.119727	0.357705	3368	
0.317720	0.537055	2515	
-0.269505	0.597584	1113	
-0.381087	0.560890	583	
-0.028191	0.775464	5010	
0.666245	-0.288725	3644	
0.065481	-0.798785	1370	
-0.738108	0.236745	3908	
0.401403	0.694187	1640	
0.467026	-0.680478	3582	
-0.787859	0.313075	3945	
0.829254	-0.248444	4812	
-0.841311	-0.300468	3107	
0.685351	0.613398	2740	
-0.635809	-0.700267	1871	
0.892927	0.367833	1961	
0.068552	0.452751	4973	
0.384601	-0.464348	3374	
0.238437	-0.054709	2205	
0.551519	-0.262728	3366	
0.168642	0.336463	1172	
0.258907	-0.155303	1606	
0.231883	-0.427680	2694	
0.446408	-0.343373	1947	
0.562779	-0.115683	382	
0.566546	-0.001706	1239	
0.559151	0.004501	1239	
0.550194	-0.044153	2693	
0.531665	-0.118977	366	
0.503775	-0.190819	951	
0.459511	-0.266646	4307	
0.384311	-0.346463	1232	
0.268965	-0.357288	2970	
0.307035	0.022518	2036	
0.294094	-0.493666	3031	
0.542803	-0.308547	3408	
0.219172	-0.612425	1008	
0.518036	-0.422398	2026	
0.019951	-0.766310	1292	
-0.679447	-0.228323	3674	
-0.506297	0.537087	2048	
0.746150	0.152974	4135	
0.159466	-0.798197	4058	
-0.631603	0.500746	4186	
0.817943	0.148294	1431	
-0.633280	-0.571230	4455	
0.025905	0.895712	602	
-0.270694	-0.860861	3707	
-0.218885	0.904531	960	
0.070670	0.388196	3167	
0.623583	0.050335	915	
0.173754	-0.200695	1110	
0.560593	0.241294	2918	
0.196274	0.259026	1258	
0.237938	-0.215553	4180	
0.244075	-0.431785	3052	
0.438378	-0.348704	2771	
0.547448	-0.162773	356	
0.560960	-0.077428	639	
0.555833	-0.072871	639	
0.538770	-0.121580	366	
0.512463	-0.187873	951	
0.471392	-0.263283	2721	
0.395814	-0.342984	1232	
0.280525	-0.375472	4039	
0.293509	-0.126540	2246	
0.315427	0.472820	1838	
0.176865	-0.151183	2847	
-0.229886	0.591303	634	
-0.661943	0.083728	1542	
-0.487571	0.473161	1875	
-0.013464	0.776388	3399	
0.609498	-0.390445	4582	
-0.225442	-0.736843	3840	
-0.664140	0.396557	4417	
0.771864	0.191780	391	
-0.258005	-0.789680	3978	
-0.387904	0.750398	1321	
0.349560	-0.788427	2131	
-0.785218	0.412505	3137	
0.911385	-0.068968	1104	
-0.897240	0.262293	1133	
0.819894	-0.494373	574	
0.076393	0.318300	4659	
0.288024	0.520053	997	
0.146991	-0.253221	2401	
0.444543	0.397064	2785	
0.216735	0.220747	1825	
0.235070	-0.227357	2635	
0.241755	-0.425643	3052	
0.406481	-0.373753	2712	
0.510255	-0.244596	3221	
0.537495	-0.173090	354	
0.531727	-0.172869	354	
0.510399	-0.211617	2935	
0.466473	-0.279814	4825	
0.385581	-0.357794	1232	
0.279186	-0.381062	3974	
0.274416	-0.192323	2947	
0.191704	0.458788	2723	
0.113628	0.454329	1280	
0.620487	-0.158499	2183	
0.579157	0.300197	3308	
0.634496	0.237599	2049	
0.601427	-0.356205	3276	
-0.577178	-0.421208	2263	
-0.558235	0.483904	3765	
0.758094	0.061693	3072	
-0.223138	-0.769470	2121	
-0.519962	0.614372	1827	
0.805182	-0.194324	4953	
-0.819361	-0.228923	3517	
0.702403	0.518497	4499	
-0.715070	-0.536123	1635	
0.434606	0.813489	476	
-0.432281	-0.842875	1720	
0.086819	0.264519	1803	
0.168894	0.566552	1355	
0.133743	-0.302625	2028	
0.381960	0.446115	3230	
0.219221	0.217998	1825	
0.242492	-0.212341	4180	
0.231512	-0.408227	1564	
0.348060	-0.408740	1877	
0.444611	-0.331193	1947	
0.480329	-0.279701	2721	
0.465344	-0.294677	3222	
0.423318	-0.335411	2086	
0.350735	-0.381511	1826	
0.265000	-0.376417	2936	
0.281573	-0.161230	2278	
0.184163	0.419532	1603	
0.236664	0.088519	499	
-0.631188	-0.075935	1029	
0.283182	-0.573780	3191	
0.361011	-0.557716	4885	
-0.610819	-0.316993	2202	
-0.514466	0.485826	2822	
0.711886	0.161163	385	
0.125645	-0.781995	1295	
-0.720848	0.283395	2629	
0.764413	0.218212	391	
-0.330365	-0.754516	3476	
-0.276209	0.803634	2274	
0.135605	-0.863123	4717	
-0.627682	0.623277	1072	
0.707944	-0.568619	425	
-0.704933	0.608466	4290	
0.410996	-0.859024	4898	
0.090137	0.255961	1803	
0.150422	0.569522	1250	
0.130987	-0.327047	2005	
0.392728	0.438170	3230	
0.208400	0.241774	1969	
0.261606	-0.166274	1807	
0.221491	-0.368972	1210	
0.283374	-0.422348	3571	
0.348645	-0.400367	1877	
0.360010	-0.390715	1877	
0.335545	-0.397192	1826	
0.286547	-0.399109	4042	
0.243452	-0.332101	1469	
0.300012	-0.078129	2117	
0.191344	0.463464	2723	
0.251063	0.020121	4322	
-0.296835	0.534848	1198	
-0.236717	-0.596382	1238	
-0.455363	-0.475645	4841	
-0.538972	0.416608	3350	
0.220812	0.691866	3085	
0.324952	-0.648304	478	
-0.744438	0.024860	2802	
0.459238	0.608529	1832	
0.385778	-0.688744	1976	
-0.639049	0.490608	4186	
0.822413	-0.100706	4044	
-0.811432	-0.254879	3517	
0.768113	0.411384	2563	
-0.744859	-0.493454	1946	
0.614519	0.683957	1846	
-0.696656	-0.637246	860	
0.945166	0.184302	2986	
-0.953431	0.255973	2020	
0.093654	0.248842	3564	
0.160433	0.567649	1355	
0.133988	-0.312489	2377	
0.469152	0.371311	4384	
0.188920	0.290913	1897	
0.288703	-0.073672	3773	
0.226512	-0.290773	3435	
0.231084	-0.375065	1610	
0.249862	-0.397813	2319	
0.247919	-0.386534	2936	
0.239466	-0.345490	1469	
0.262187	-0.208864	1127	
0.271275	0.142856	1049	
0.305457	0.478486	1490	
0.139575	0.266540	1655	
-0.427257	0.447080	1269	
-0.523415	-0.368017	975	
-0.665177	-0.054568	1485	
-0.119065	0.724581	1229	
0.658802	0.250162	2744	
-0.511452	-0.496793	637	
-0.449223	0.584531	3149	
0.695556	-0.298519	4414	
-0.734904	-0.253754	4436	
0.299737	0.750315	563	
0.272771	-0.785806	4484	
-0.504846	0.674609	1163	
0.312840	-0.804522	3628	
-0.694102	0.548931	2434	
0.713983	-0.560231	1527	
-0.670342	0.645130	909	
0.260737	-0.915083	1157	
0.088738	0.266083	1648	
0.198705	0.556515	2227	
0.145407	-0.268476	4768	
0.588413	0.168569	4708	
0.170682	0.379432	1002	
0.276124	0.104906	1888	
0.282987	-0.111902	2184	
0.251690	-0.216387	1127	
0.250915	-0.227186	4180	
0.275950	-0.158511	2278	
0.291917	0.072912	1804	
0.180430	0.389705	1002	
0.451373	-0.388642	1680	
0.623427	0.027836	915	
-0.588457	-0.231615	1154	
-0.366102	-0.514630	3500	
-0.661669	0.078301	1542	
0.173847	0.687648	1099	
0.613923	-0.333227	3760	
-0.715118	-0.017852	1990	
0.383480	0.623909	754	
0.277343	-0.711264	3906	
-0.704416	0.320720	2999	
0.789388	-0.072540	2437	
-0.793663	-0.166917	734	
0.654631	0.513757	4271	
-0.579999	-0.624388	3913	
0.391098	0.786342	4251	
-0.638501	-0.625236	3808	
0.467342	0.793476	452	
-0.623251	-0.709699	2717	
0.940522	0.205319	3830	
-0.939351	0.300220	3061	
0.084679	0.287306	497	
0.321076	0.501807	2421	
0.185591	-0.187680	2265	
0.553773	-0.253958	3366	
0.189459	0.490792	433	
0.185204	0.314696	1100	
0.245522	0.184432	1394	
0.269804	0.135599	1049	
0.226499	0.227863	2176	
0.177761	0.406901	1340	
0.524557	0.295688	3280	
0.214109	-0.149650	1035	
0.277081	-0.532163	1335	
0.549177	-0.316467	2607	
0.052730	-0.726494	2664	
-0.618962	-0.244753	1671	
0.141672	0.708581	3699	
0.472070	-0.505956	2175	
-0.696228	0.158086	3249	
0.704677	0.184876	385	
-0.265545	-0.714312	4426	
-0.087209	0.804375	4565	
0.563835	-0.549344	3926	
-0.659040	0.463347	648	
0.807595	-0.182035	4647	
-0.847688	0.034572	3897	
0.792213	-0.342535	3896	
-0.875662	0.146763	3480	
0.911789	-0.046949	3201	
-0.845949	0.392095	1267	
0.510872	-0.803297	922	
0.079410	0.331640	4729	
0.574844	0.233650	1754	
0.245619	-0.031840	1054	
0.188559	-0.529408	4326	
0.543038	0.269417	3321	
0.232331	0.502070	1526	
0.201697	0.492538	433	
0.281874	0.490253	1924	
0.609018	-0.069095	933	
0.142649	-0.317298	2377	
0.198538	-0.557285	4225	
0.622793	-0.101885	1775	
-0.137021	0.653156	411	
0.625145	-0.188560	1224	
-0.300691	-0.588659	622	
-0.197000	0.675140	866	
0.591864	-0.367857	2891	
-0.696152	0.157941	3249	
0.723744	-0.073954	3685	
-0.544523	-0.507599	2327	
0.370704	0.669732	1203	
-0.069264	-0.819133	615	
-0.231050	0.784189	3126	
0.542856	-0.619219	3389	
-0.567998	0.621884	3358	
0.245440	-0.830462	4912	
-0.532253	0.704385	3124	
0.017981	-0.909660	3947	
-0.135775	0.920002	4049	
-0.196133	-0.929267	1246	
0.788974	0.556361	2525	
0.075769	0.395771	695	
0.365620	-0.476275	3829	
0.175019	0.194814	3082	
0.138266	-0.314702	2377	
0.157094	-0.514147	2156	
0.211787	-0.524002	4221	
0.137574	-0.452771	1502	
0.245760	-0.054451	2205	
0.495602	-0.359713	3192	
0.042849	0.700476	3996	
0.349304	-0.509194	4648	
-0.524435	-0.365534	975	
0.169788	0.655446	1131	
0.524514	-0.413397	1800	
-0.588585	0.346219	2506	
0.690310	0.138361	463	
-0.714805	0.002909	2369	
0.727732	-0.000277	3689	
-0.596075	-0.445479	2672	
0.481434	0.589379	1208	
-0.331064	-0.712913	2758	
0.107374	0.824390	2325	
-0.005528	-0.850356	4767	
-0.087870	0.857708	2349	
-0.320527	-0.796907	4073	
0.189526	0.867096	511	
-0.617553	-0.645664	1862	
0.610018	0.686386	1846	
-0.874075	-0.344071	3577	
0.073156	0.505198	4785	
0.096669	-0.538953	858	
0.112638	0.532014	2189	
0.173625	0.199060	3082	
0.179000	0.191728	685	
0.110006	0.479364	1430	
0.093155	-0.372160	2360	
0.043176	0.696836	3996	
-0.148895	-0.620833	3979	
-0.410177	0.476505	1771	
0.601886	-0.247878	2892	
-0.652004	-0.135509	1645	
0.586107	0.333492	2594	
-0.606643	-0.321987	2202	
0.294207	0.645861	4702	
-0.608834	-0.371832	2222	
0.592117	0.422457	3006	
-0.442751	-0.599359	2713	
0.436701	0.624324	959	
-0.352890	-0.700221	4011	
0.328552	0.733748	1566	
-0.381504	-0.723730	3788	
0.477131	0.683556	2913	
-0.612106	-0.591210	4455	
0.769277	0.404842	2563	
-0.855885	-0.244045	4655	
0.887335	0.219760	374	
-0.869329	0.336576	2163	
0.401931	-0.861248	4898	
0.148325	0.961969	2211	
0.094594	0.609748	1657	
0.108111	-0.252542	4327	
0.098818	-0.542428	858	
0.092624	-0.474223	453	
0.085339	0.296608	3355	
0.050806	0.692140	620	
-0.381913	-0.482796	3067	
-0.153788	0.638553	679	
0.113624	-0.685595	1112	
-0.129147	0.687943	1014	
0.488049	-0.452716	2399	
-0.272680	0.627286	2675	
0.116528	-0.735700	1169	
-0.361539	0.607752	2885	
-0.212775	-0.707528	1266	
-0.249214	0.709559	4253	
0.051234	-0.799766	3010	
0.243414	0.740658	3584	
-0.251503	-0.754000	3962	
0.284474	0.756343	654	
-0.426959	-0.695468	2962	
0.604082	0.570971	617	
-0.728532	-0.437872	2166	
0.860305	-0.084522	4230	
-0.882813	0.091088	565	
0.822683	-0.384250	2416	
-0.563969	0.736617	4320	
0.046345	-0.951022	1058	
0.084803	-0.615296	349	
0.079301	0.355030	4470	
0.085543	-0.613986	349	
0.044763	0.695176	3996	
-0.469958	-0.407911	5009	
0.162636	0.628352	1195	
-0.416314	-0.475388	3462	
0.533827	0.367235	1071	
-0.343714	-0.559847	2978	
0.463591	0.482827	515	
-0.616560	-0.302951	2202	
0.557753	0.424019	2239	
-0.711994	0.055418	2076	
0.626767	-0.359831	3276	
-0.678883	0.296561	3373	
0.510374	-0.550728	3020	
-0.351068	0.686146	3043	
0.186914	-0.784741	4342	
-0.068342	0.832084	4447	
-0.310260	-0.761739	2813	
0.578245	0.597140	4894	
-0.758094	-0.382964	1886	
0.840022	-0.198853	4974	
-0.846403	0.262256	923	
0.602995	-0.672922	4442	
-0.238505	0.896450	960	
-0.300748	-0.898382	4888	
0.930839	0.240601	2063	
0.197622	-0.046642	2965	
0.044630	0.701031	3996	
0.376011	0.480292	4891	
0.308704	-0.532959	3188	
-0.564356	0.301194	4869	
0.619129	-0.203039	907	
-0.564000	0.336442	1586	
0.672227	-0.068088	2567	
-0.548245	0.402069	2572	
0.293689	-0.629618	2412	
-0.398407	0.581867	1860	
-0.290238	-0.661636	4696	
0.527204	0.498953	4263	
-0.664846	-0.332375	3686	
0.758167	0.007298	3474	
-0.774003	0.042483	3493	
0.703704	-0.356173	2930	
-0.414415	0.688195	3434	
0.205687	-0.810173	4623	
0.375807	0.747234	2259	
-0.686707	-0.500594	1659	
0.848851	-0.157333	855	
-0.833016	0.300468	4805	
0.288924	-0.854905	2341	
-0.020742	0.929486	568	
-0.574207	-0.748172	629	
0.043321	0.696647	3996	
-0.285991	0.539435	780	
0.343827	0.517996	405	
-0.371329	-0.508648	2008	
0.302039	0.567081	1670	
-0.020782	-0.747275	1082	
0.136453	0.709219	1852	
-0.382000	-0.565251	601	
0.173729	0.717009	3101	
-0.688979	-0.186551	3512	
0.691821	-0.216412	2912	
-0.676572	0.300486	3373	
0.406397	-0.631973	1472	
0.192472	0.764471	2123	
-0.582498	-0.511567	4489	
0.766088	0.202039	391	
-0.770596	0.238723	3908	
0.690079	-0.450346	2055	
-0.309311	0.786930	4769	
-0.503467	-0.686529	2373	
0.864131	0.024872	3034	
-0.865402	0.190711	4959	
0.323797	-0.841248	2341	
0.025187	0.928875	1209	
-0.660237	-0.670938	3346	
0.886479	-0.355342	1963	
-0.327390	0.918798	3202	
0.319851	-0.514278	4252	
0.224590	0.587517	1312	
0.211387	-0.612470	1008	
-0.519035	0.396802	3396	
0.656021	0.159821	2927	
-0.685329	-0.056705	2011	
0.688370	0.136539	463	
-0.695889	0.154289	3249	
0.300133	-0.658645	610	
-0.262399	0.700879	4238	
-0.427587	-0.608314	2713	
0.742324	0.153777	4135	
-0.769679	0.087084	3129	
0.541931	-0.567673	3903	
-0.005499	0.836364	4705	
-0.699754	-0.407181	1151	
0.822769	0.091314	675	
-0.722786	0.433295	2386	
-0.087597	-0.869147	2379	
0.671614	0.551394	4291	
-0.885902	-0.053720	4278	
0.678414	-0.596786	389	
-0.107551	0.922517	4709	
-0.632347	-0.697351	1041	
0.870619	-0.391080	3652	
0.051906	0.693824	620	
0.187887	0.609626	1647	
0.594203	-0.260682	2892	
-0.208830	-0.644413	680	
-0.156416	0.698396	1119	
0.252222	-0.653543	2583	
-0.472390	0.522444	1672	
-0.160271	-0.735617	3626	
0.485517	0.537367	1938	
-0.676763	-0.305479	3566	
0.703253	-0.272350	2385	
-0.453087	0.617331	2010	
-0.122585	-0.804893	4030	
0.664983	0.430970	4201	
-0.777290	0.215024	3614	
0.503418	-0.648378	3130	
0.441572	0.705793	2304	
-0.806346	-0.262472	3517	
0.495955	-0.699068	4579	
-0.121208	0.882734	3208	
-0.768135	-0.449363	1728	
0.882390	-0.214633	3915	
-0.382007	0.842851	3856	
-0.484128	-0.809642	1351	
0.911685	-0.284765	2615	
-0.254463	0.940571	1155	
-0.308999	0.542960	2494	
-0.491771	0.399422	3396	
-0.190194	-0.620003	658	
-0.269117	0.592379	1113	
0.626945	0.246876	2744	
-0.432564	-0.525890	4791	
-0.077629	0.763107	939	
-0.502379	-0.500867	637	
0.686613	0.236147	2808	
-0.718756	-0.187237	3662	
0.670920	-0.342317	3756	
-0.247459	0.740101	4599	
-0.496039	-0.595402	1685	
0.779916	0.134234	3090	
-0.548854	0.583808	2951	
-0.269236	-0.779583	3811	
0.790552	0.245760	3152	
-0.730089	0.419957	2756	
-0.292284	-0.807314	3905	
0.862588	-0.030030	3880	
-0.742161	0.478158	3360	
-0.391784	-0.804744	4799	
0.793512	0.453561	992	
-0.719826	0.585228	2053	
-0.111745	-0.943082	1145	
0.957594	0.028587	4750	
0.673759	0.045844	2310	
0.615904	0.271649	2731	
-0.193435	0.673594	866	
-0.306199	-0.614861	622	
-0.027030	0.773047	5010	
-0.536053	-0.464848	2737	
0.693357	0.215149	2808	
-0.713343	-0.205955	3512	
0.685471	-0.312798	3990	
-0.235268	0.745228	4853	
-0.481102	-0.607517	1869	
0.782572	0.115663	4443	
-0.516917	0.611319	1827	
-0.482974	-0.652094	2753	
0.822621	0.086330	675	
-0.454420	0.706235	3394	
-0.643668	-0.553049	4936	
0.620133	-0.591964	881	
0.023914	0.891387	602	
-0.860465	-0.217644	4655	
0.385319	-0.812806	4605	
0.344275	0.853036	2398	
-0.930409	0.058591	732	
0.312508	-0.896471	2823	
-0.692629	0.690076	2923	
-0.707129	0.087420	2750	
-0.706916	-0.094928	2383	
-0.456478	-0.542198	4791	
0.647469	-0.317989	3756	
-0.159141	0.751049	3951	
-0.445491	-0.592524	1012	
0.755400	0.029629	3173	
-0.588623	0.490203	3765	
-0.001353	-0.823145	2266	
0.712924	0.342952	3165	
-0.652283	0.467270	648	
-0.323651	-0.752075	3476	
0.810970	0.163051	2790	
-0.397377	0.740273	3639	
-0.706602	-0.468735	1659	
0.459634	-0.722208	3980	
0.586234	0.640249	1952	
-0.866403	0.179225	4508	
-0.267969	-0.857635	3707	
0.847922	0.337303	986	
-0.507228	0.773090	2943	
-0.689463	-0.637683	860	
0.665229	-0.678084	2047	
0.486457	0.834384	2356	
-0.112837	-0.781160	2042	
0.235419	-0.728759	3781	
0.677443	-0.328052	3990	
0.655682	0.377115	3232	
-0.491046	0.585337	2459	
-0.555418	-0.537646	2826	
0.778169	-0.130472	4613	
0.056583	0.830799	4786	
-0.801439	-0.096382	2914	
0.464567	-0.674392	3582	
0.696227	0.447062	1228	
-0.710735	0.450167	3038	
-0.566963	-0.631364	3404	
0.566971	-0.641173	592	
0.602521	0.623407	531	
-0.842208	0.267524	923	
-0.375357	-0.812347	1343	
0.893457	-0.155692	534	
-0.011528	0.927663	498	
-0.931260	-0.045303	4754	
0.277607	-0.907361	2018	
0.952234	0.099978	4143	
0.631165	-0.463500	4674	
0.744253	-0.256238	3318	
0.767918	0.186726	530	
0.432289	0.664935	1360	
-0.576813	0.554557	3993	
-0.773657	-0.230060	905	
0.336591	-0.749711	1834	
0.757555	0.331776	2502	
-0.232160	0.814615	4391	
-0.812939	-0.234188	893	
0.016392	-0.874233	4567	
0.814182	-0.275019	3319	
0.041192	0.888981	602	
-0.884700	0.027012	4777	
-0.269527	-0.856694	3707	
0.892647	-0.157055	534	
0.132663	0.915379	4814	
-0.911386	0.185894	4638	
-0.152182	-0.935415	1246	
0.842815	-0.442535	1881	
-0.871153	0.447767	4619	
0.783679	-0.250477	3318	
0.807082	-0.164629	4485	
0.803508	0.192704	733	
0.640162	0.523382	4271	
0.034525	0.858604	421	
-0.812172	0.223529	4889	
-0.647862	-0.545849	4512	
0.165274	-0.851893	3604	
0.795067	-0.324233	3896	
0.442162	0.748297	4089	
-0.818740	0.329000	4068	
-0.744616	-0.483091	1913	
0.174264	-0.885920	408	
0.846520	0.335894	986	
-0.171391	0.909539	876	
-0.927771	0.072513	732	
-0.185675	-0.928081	441	
0.752114	-0.580252	2308	
-0.599973	0.768357	2838	
0.267725	-0.817603	4912	
0.332003	-0.790359	2131	
0.480787	-0.706347	4579	
0.722291	-0.460080	3558	
0.860339	0.000980	3118	
0.589359	0.633505	1952	
-0.622279	0.620849	4612	
-0.883979	-0.030985	3041	
-0.621992	-0.633830	1862	
0.184153	-0.883198	4742	
0.903168	0.088384	379	
0.225267	0.893212	3453	
-0.722268	0.577930	2053	
-0.853443	-0.378449	3065	
0.270107	-0.908904	1157	
0.872559	-0.379926	3652	
0.617824	0.738179	2284	
-0.547599	0.805183	1731	
-0.733545	-0.497597	1913	
-0.709272	-0.532330	2440	
-0.638456	-0.616266	3808	
-0.342459	-0.825281	2191	
0.052362	-0.904181	3583	
0.508590	-0.737849	4895	
0.905238	0.041207	4335	
0.465268	0.787572	452	
-0.263488	0.884602	1225	
-0.838517	0.393801	1267	
-0.841895	-0.402629	2901	
0.022564	-0.948359	1050	
0.738992	-0.595887	2308	
0.930367	0.222391	3830	
0.230215	0.939267	1156	
-0.765743	0.605192	2407	
-0.398109	0.829971	2013	
-0.433503	0.812240	686	
-0.560994	0.731068	4320	
-0.736266	0.557620	2053	
-0.890147	0.257842	1133	
-0.909742	-0.196877	2807	
-0.714240	-0.602217	1993	
-0.029162	-0.946786	1138	
0.584285	-0.745905	4451	
0.859709	-0.404206	2359	
0.876265	0.385799	4159	
-0.585975	0.776679	2128	
0.991923	-26.558773	2211	
0.815415	-0.485010	574	
0.820180	-0.477253	574	
0.865444	-0.390389	2359	
0.902679	-0.295988	2615	
0.898277	0.325875	1567	
0.143868	0.956149	2211	
-0.450838	0.859576	4522	
-0.945731	-0.270911	2062	
-0.867582	0.443514	4619	
-0.918015	0.331323	2535	
-0.898174	-0.401706	2323	
