time = 53.85	Re = 10
0.845237	0.492061	3049	
0.706711	0.679962	1674	
0.458800	0.871860	2993	
0.244125	-0.920457	1157	
0.299001	-0.904065	2018	
0.419518	-0.855649	4898	
0.571686	-0.764724	2129	
0.730425	-0.619279	1892	
0.870926	-0.406820	3652	
0.955319	0.165919	3844	
0.847360	0.481717	3049	
0.347126	0.922275	2430	
-0.861717	0.326341	2163	
-0.877279	0.283099	508	
-0.904484	0.183615	4638	
-0.924300	0.027250	3655	
-0.909713	-0.179481	2280	
-0.826848	-0.426762	2561	
-0.658931	-0.661577	3346	
-0.298855	-0.893156	4888	
0.206079	-0.927192	1091	
0.694021	-0.656119	2633	
0.935341	-0.226566	2648	
0.715826	0.664587	1497	
-0.460783	0.884462	4522	
0.880993	0.097541	379	
0.875152	0.143174	4839	
0.849074	0.260232	360	
0.742381	0.494256	4957	
0.526458	0.725066	4228	
0.205975	0.882949	1230	
-0.389078	0.824679	3856	
-0.737347	0.543710	579	
-0.903692	0.178970	4638	
-0.888396	-0.264402	2262	
-0.651748	-0.667098	3346	
-0.136200	-0.935034	812	
0.591919	-0.745673	2129	
0.940735	-0.199508	2648	
0.892734	0.380523	4159	
0.538504	0.817980	1689	
-0.759184	-0.393167	1886	
-0.738628	-0.430758	2166	
-0.670749	-0.531528	4710	
-0.503184	-0.695396	2373	
-0.216118	-0.844107	4774	
0.254276	-0.837846	4407	
0.683456	-0.545546	2508	
0.881599	-0.047067	3880	
0.770951	0.442659	992	
0.277874	0.858241	2097	
-0.517977	0.749978	4728	
-0.869098	0.297604	508	
-0.889208	-0.257723	2262	
-0.573715	-0.735766	629	
0.162058	-0.934188	1091	
0.842667	-0.452782	1881	
0.938932	0.231189	3830	
0.585393	0.782805	2127	
0.710135	0.416549	3452	
0.678841	0.466322	1795	
0.565359	0.600588	4894	
0.359956	0.748308	1566	
-0.087919	0.852892	2349	
-0.626129	0.561211	4748	
-0.841462	0.102947	3220	
-0.727370	-0.447749	2166	
-0.326833	-0.798883	4073	
0.406473	-0.769826	3508	
0.860375	-0.185961	4622	
0.781717	0.420641	2563	
0.149105	0.894866	4552	
-0.691599	0.596670	4290	
-0.921691	-0.001635	4625	
-0.696546	-0.616473	558	
-0.006050	-0.945931	1050	
0.815980	-0.496266	574	
0.925941	0.278525	1700	
0.489059	0.847524	2336	
-0.782832	0.072949	3223	
-0.787223	-0.000605	3509	
-0.746561	-0.259533	4139	
-0.549335	-0.570735	2853	
-0.131634	-0.814516	4030	
0.512008	-0.621540	3103	
0.816251	0.008806	3153	
0.469860	0.678604	2913	
-0.253180	0.806567	4391	
-0.802629	0.261708	4633	
-0.719925	-0.458395	1913	
-0.203280	-0.846337	4835	
0.634396	-0.597549	3040	
0.871984	0.141145	4839	
0.400590	0.801600	469	
-0.576348	0.704661	4315	
-0.919171	0.046532	4006	
-0.680686	-0.633310	860	
0.099356	-0.940838	1440	
0.901717	-0.321064	2536	
0.347093	-0.669296	1004	
0.416451	-0.623788	1472	
0.611660	-0.435178	2755	
0.758310	0.005382	3474	
0.500752	0.574956	835	
-0.378260	0.680993	3627	
-0.784563	0.035655	3493	
-0.438749	-0.660708	1679	
0.457987	-0.662178	2030	
0.807408	0.125024	1431	
0.299052	0.776992	1101	
-0.608177	0.577637	3771	
-0.826204	-0.199806	734	
-0.377406	-0.772089	4438	
0.488680	-0.717777	4579	
0.877575	0.090087	379	
0.411448	0.794783	469	
-0.643279	0.644770	909	
-0.915388	-0.107248	4802	
-0.510927	-0.779484	1357	
0.493660	-0.808545	1663	
0.959506	0.074419	4143	
0.645526	0.300459	3750	
0.603326	0.376604	2966	
0.367616	0.609073	4906	
-0.287660	0.672761	4091	
-0.731340	0.017714	2098	
-0.073021	-0.788484	4321	
0.711779	-0.248171	3083	
0.462872	0.605675	1208	
-0.584274	0.511339	3245	
-0.694737	-0.375152	4782	
0.126252	-0.820143	4548	
0.762561	-0.270072	3115	
0.423821	0.708311	2304	
-0.462115	0.696607	3394	
-0.838023	-0.133624	2796	
-0.350054	-0.785570	2414	
0.567371	-0.657551	592	
0.852129	0.231775	360	
0.157477	0.890710	4552	
-0.834365	0.375104	746	
-0.813235	-0.441681	2561	
-0.111337	-0.934923	812	
0.894022	-0.337267	2536	
0.765266	0.596580	2406	
0.212686	0.647340	1189	
0.065426	0.741592	1531	
-0.424586	0.523249	1385	
-0.604866	-0.327823	2202	
0.496965	-0.490611	3837	
0.502836	0.500223	3214	
-0.532716	0.486627	2822	
-0.427748	-0.598908	1012	
0.584473	-0.467971	4155	
0.615804	0.445564	2644	
-0.461918	0.622365	1802	
-0.737858	-0.276577	4139	
0.011615	-0.834361	4268	
0.764472	-0.263314	3115	
0.377422	0.735488	2259	
-0.570715	0.611125	3358	
-0.785747	-0.324804	3496	
-0.114255	-0.868010	608	
0.781697	-0.388930	3228	
0.687092	0.560890	2874	
-0.441413	0.791551	686	
-0.916259	-0.084872	4754	
-0.437541	-0.823281	957	
0.676754	-0.665493	2047	
0.187670	0.963588	1096	
0.120115	0.659016	2673	
-0.069749	0.712896	1023	
-0.571495	0.297082	2944	
0.086804	-0.717273	5001	
0.223945	0.639223	1568	
-0.681220	-0.096803	2383	
0.419080	-0.557946	647	
0.502803	0.499509	3214	
-0.536538	0.481636	3227	
-0.405285	-0.614466	2523	
0.609711	-0.434927	2755	
0.577308	0.493779	1916	
-0.528705	0.565903	3367	
-0.680168	-0.398623	4909	
0.275079	-0.764916	4530	
0.812401	0.006702	3153	
0.138296	0.835771	4456	
-0.796569	0.272317	4633	
-0.568272	-0.636324	3404	
0.402227	-0.768324	2829	
0.859228	0.198015	1842	
0.073200	0.904217	791	
-0.895624	0.193135	4638	
-0.636197	-0.675663	1041	
0.435545	-0.838917	4846	
0.936316	0.223804	3830	
0.627359	0.128788	2237	
-0.628867	-0.172886	1009	
0.592470	-0.292181	3270	
-0.255236	0.637985	3260	
-0.530307	-0.433726	1733	
0.626953	-0.317118	3774	
0.317012	0.639335	4393	
-0.660419	0.299270	3373	
-0.229806	-0.719120	2809	
0.708213	-0.253373	2385	
0.382746	0.660424	1779	
-0.692461	0.353859	4657	
-0.466019	-0.638271	2753	
0.575622	-0.559500	3917	
0.615513	0.541279	3513	
-0.405370	0.729983	3639	
-0.809774	-0.252524	3517	
-0.030726	-0.878214	998	
0.850583	-0.205127	4974	
0.435386	0.777782	452	
-0.805092	0.429083	3284	
-0.746116	-0.547340	2126	
0.282379	-0.900061	2823	
0.951456	0.133618	3844	
0.317387	0.924872	2012	
0.045295	0.694309	3996	
0.636050	-0.063965	1073	
-0.507244	0.388531	4086	
0.047892	-0.733023	2664	
0.389618	0.533964	3965	
-0.594182	0.327488	4847	
-0.200766	-0.679679	1286	
0.700864	0.111305	3185	
0.009433	0.779627	891	
-0.729528	-0.027510	1990	
0.223435	-0.733609	3781	
0.747083	0.121357	2061	
-0.126478	0.795640	4505	
-0.776245	-0.111683	3552	
0.014203	-0.833054	4268	
0.803178	-0.099560	4087	
0.039275	0.853332	2467	
-0.837739	0.095090	3220	
-0.353222	-0.781324	2414	
0.741316	-0.455478	3867	
0.618035	0.635530	531	
-0.704520	0.574027	2053	
-0.791103	-0.477157	2501	
0.229935	-0.914469	3307	
0.952524	0.119959	2078	
0.046549	0.546352	3497	
0.052275	0.694999	620	
0.466698	-0.415681	724	
-0.272827	0.575970	1113	
-0.290745	-0.569459	2898	
0.642254	-0.167792	2183	
-0.150272	0.701027	1215	
-0.644433	-0.238011	2544	
0.383456	-0.581969	3575	
0.509227	0.491520	2125	
-0.454023	0.556115	2223	
-0.441417	-0.585901	1012	
0.623248	-0.413243	4971	
0.484596	0.583933	1208	
-0.696257	0.345013	4657	
-0.395341	-0.685915	1918	
0.705074	-0.388190	735	
0.351543	0.747456	1566	
-0.756087	0.363099	3095	
-0.491473	-0.697161	3769	
0.603261	-0.620951	4313	
0.683031	0.562522	2874	
-0.646763	0.635718	909	
-0.791709	-0.475217	2501	
0.267856	-0.903581	2006	
0.939064	0.203156	3830	
0.176166	0.963619	1096	
0.126537	0.177200	1941	
0.212529	0.010402	2958	
0.051962	0.692578	620	
0.218804	-0.588868	415	
0.225780	0.580759	749	
-0.642309	0.092019	3157	
0.123376	-0.692150	1112	
0.447916	0.486274	515	
-0.521081	0.427543	3449	
-0.342174	-0.591172	598	
0.701126	-0.086947	2567	
0.111509	0.753781	875	
-0.728723	0.009094	2369	
0.248659	-0.719916	3906	
0.720571	0.231060	3162	
-0.423580	0.646557	3739	
-0.645828	-0.448536	3762	
0.538963	-0.592762	3898	
0.545806	0.610728	4617	
-0.616212	0.561328	4748	
-0.568784	-0.633155	3404	
0.561539	-0.657927	592	
0.687686	0.555895	4291	
-0.675897	0.604713	4290	
-0.749185	-0.540563	2126	
0.385929	-0.859548	2677	
0.211979	-0.039113	2435	
0.085771	-0.470987	453	
0.100980	-0.590008	432	
0.086324	-0.302102	2665	
0.042166	0.698215	3996	
0.492164	-0.387444	664	
-0.214508	0.608614	576	
-0.391863	-0.503981	2008	
0.503468	-0.413653	4458	
-0.051416	0.746293	656	
-0.663242	-0.177103	2074	
0.347304	-0.604636	521	
0.461868	0.534721	1938	
-0.562014	0.447954	3795	
-0.223056	-0.720505	2809	
0.747606	-0.090201	3754	
-0.032082	0.811995	2949	
-0.751693	-0.222455	4372	
0.360662	-0.718005	1668	
0.657688	0.483588	4641	
-0.573364	0.603410	3358	
-0.576294	-0.625628	3913	
0.589162	-0.633173	4313	
0.630782	0.620559	531	
-0.777344	0.471472	1738	
-0.647992	-0.660503	3346	
0.587828	-0.739716	4451	
0.778237	0.572072	2998	
0.213618	-0.032502	2468	
0.137024	-0.593026	3595	
0.408698	0.448581	3529	
0.145128	0.552555	1388	
0.226408	0.543042	2945	
0.108329	-0.599492	1971	
0.051229	0.691631	620	
0.617150	0.165196	4309	
-0.553189	0.323907	2541	
0.020270	-0.736153	4122	
0.509359	0.423482	4292	
-0.560776	0.375877	2572	
-0.238103	-0.653649	1829	
0.676398	0.210260	2808	
-0.260103	0.683785	4238	
-0.569785	-0.455976	2273	
0.680032	-0.313134	3990	
0.208392	0.753496	1413	
-0.774928	-0.108147	3552	
0.282719	-0.757513	3884	
0.671077	0.463296	3268	
-0.602977	0.573852	3771	
-0.509419	-0.682055	2373	
0.681108	-0.534555	2508	
0.496710	0.734762	4071	
-0.879616	0.243718	1133	
-0.456176	-0.808841	957	
0.830190	-0.460407	560	
0.215082	-0.023160	2468	
0.258539	-0.544860	1335	
0.136052	0.539179	2300	
0.131113	0.329121	1271	
0.175492	0.220158	789	
0.167211	0.229488	789	
0.118239	0.377707	4132	
0.607352	-0.147523	2503	
0.046239	0.693492	3996	
0.181009	0.604288	1362	
-0.557762	-0.327001	1760	
0.500206	-0.415996	4458	
-0.208967	0.662543	866	
-0.513349	-0.448819	2737	
0.683785	-0.164979	2469	
-0.038190	0.777061	822	
-0.685357	-0.249869	3114	
0.616081	-0.420191	4971	
0.297272	0.707190	1718	
-0.776211	-0.093694	3552	
0.322767	-0.737192	1834	
0.606204	0.546510	3513	
-0.694194	0.462246	2386	
-0.355568	-0.778352	2414	
0.825263	-0.277648	4041	
0.204792	0.874350	511	
-0.913240	-0.077056	4278	
-0.144608	-0.925159	467	
0.955471	-0.017365	704	
0.212883	0.953314	1181	
0.216381	-0.003216	2488	
0.291605	-0.527467	3188	
0.123191	0.488826	1753	
0.183713	0.213110	1571	
0.265627	-0.034956	1231	
0.225666	-0.174884	1839	
0.215087	-0.193964	4492	
0.255292	-0.077105	660	
0.157368	0.241375	2805	
0.321850	-0.512297	4252	
0.412666	-0.464691	3465	
-0.513278	0.378688	4086	
0.175872	-0.654416	2716	
0.209667	0.643297	1189	
-0.673105	-0.124069	2043	
0.537660	-0.440480	2026	
0.158593	0.728216	2394	
-0.703557	-0.190836	3662	
0.602867	-0.437530	2755	
0.258868	0.727171	3860	
-0.757542	-0.196091	3669	
0.480437	-0.638387	2584	
0.405154	0.714025	1640	
-0.825545	0.153657	2928	
-0.094523	-0.868191	2379	
0.872006	0.080604	728	
-0.286604	0.854646	1304	
-0.821450	-0.415159	2561	
0.311975	-0.886571	2823	
0.215252	0.022419	3186	
0.276609	-0.535221	1335	
0.123725	0.458287	1570	
0.228644	0.142516	1454	
0.229387	-0.176208	1839	
0.181067	-0.323263	4596	
0.177075	-0.391798	710	
0.176449	-0.413636	1399	
0.170054	-0.373692	859	
0.202605	-0.212186	2296	
0.141294	0.270807	1655	
0.102008	0.196483	687	
0.160657	0.616179	1195	
-0.201293	-0.618105	495	
0.474162	0.458404	3455	
-0.678546	0.068560	2076	
0.440693	-0.533620	1184	
0.177964	0.716684	3101	
-0.692760	-0.226178	3674	
0.660122	-0.348723	3756	
0.057697	0.805777	4816	
-0.679642	-0.389791	4909	
0.687525	-0.412765	1837	
0.051295	0.850065	2467	
-0.819327	-0.201195	734	
0.346824	-0.791680	2131	
0.707808	0.526210	4499	
-0.748958	0.510211	458	
-0.538644	-0.752690	471	
0.802769	-0.502789	574	
0.498077	0.832408	2336	
0.209085	0.056156	2991	
0.229565	-0.557764	4134	
0.125199	0.453683	1570	
0.244460	0.112147	938	
0.209393	-0.232187	4935	
0.183956	-0.381349	710	
0.210997	-0.461531	420	
0.252309	-0.475047	3718	
0.270246	-0.475567	1344	
0.233096	-0.485499	3718	
0.175509	-0.442011	2586	
0.226127	-0.155942	3778	
0.246683	0.537799	692	
0.620617	-0.139794	2183	
-0.523798	-0.374088	975	
0.616058	0.248885	2040	
-0.664438	0.146247	3271	
0.449675	-0.525556	475	
0.086715	0.762118	1765	
-0.633639	-0.359092	3136	
0.736507	-0.143543	3667	
-0.313065	0.710220	3071	
-0.436371	-0.654753	1679	
0.800904	-0.094571	4087	
-0.382551	0.738537	3639	
-0.588780	-0.610934	3913	
0.704499	-0.501934	2903	
0.329449	0.827047	827	
-0.910052	-0.100964	4802	
-0.018193	-0.938046	1297	
0.938027	0.191381	2973	
0.197646	0.089865	3818	
0.180980	-0.577235	3464	
0.126995	0.465436	1508	
0.254779	0.090037	718	
0.206253	-0.249218	2858	
0.192739	-0.408699	1411	
0.251066	-0.465505	903	
0.346119	-0.434314	2834	
0.417981	-0.383751	3042	
0.449534	-0.355869	2771	
0.417005	-0.391947	3042	
0.277800	-0.480759	1344	
0.163957	-0.383254	859	
0.132583	0.288633	1667	
0.045601	0.701101	3996	
-0.627849	-0.162991	1009	
0.636567	0.190335	2917	
-0.678469	0.064846	2076	
0.573941	-0.392245	2899	
-0.211648	0.709465	3701	
-0.403791	-0.607359	689	
0.727420	0.197653	2825	
-0.655948	0.407071	3942	
0.070861	-0.826321	4687	
0.707221	0.398128	863	
-0.733528	0.395604	2756	
-0.111415	-0.864374	638	
0.865594	0.127774	4796	
-0.430528	0.789214	3259	
-0.691089	-0.610412	558	
0.636827	-0.695107	1876	
0.597951	0.760096	2839	
-0.563093	0.810659	1731	
0.179688	0.123970	402	
0.142740	-0.587363	4172	
0.130496	0.489274	457	
0.249394	0.108893	938	
0.211683	-0.241214	3515	
0.198374	-0.410305	1411	
0.273711	-0.457262	1148	
0.387354	-0.401589	2248	
0.482473	-0.304612	3222	
0.533369	-0.221665	2935	
0.554307	-0.177406	472	
0.541460	-0.220695	3593	
0.447934	-0.365274	3189	
0.193384	-0.484607	4233	
0.243918	0.079177	627	
0.043532	0.700923	3996	
-0.622919	-0.179720	743	
0.547180	0.371384	3561	
-0.664417	-0.158403	2074	
0.704327	-0.001754	2626	
-0.461758	0.544160	1482	
0.208629	-0.736816	4116	
0.490296	0.574064	835	
-0.772523	-0.105942	3552	
0.576250	-0.551942	3917	
0.072907	0.846232	3956	
-0.788913	-0.298964	3723	
0.512564	-0.691810	3559	
0.508474	0.723465	4228	
-0.909669	0.073246	565	
-0.111217	-0.929028	812	
0.946901	0.128136	2078	
0.154516	0.157697	644	
0.116619	-0.583184	1406	
0.139299	0.517651	2881	
0.230376	0.152559	1454	
0.223180	-0.217138	4660	
0.200112	-0.397572	1139	
0.273307	-0.451862	1148	
0.400670	-0.384810	3042	
0.494501	-0.277919	2425	
0.545256	-0.176319	356	
0.569430	-0.092257	639	
0.579591	-0.036636	1493	
0.583988	-0.049648	1493	
0.548781	-0.211643	3593	
0.255755	-0.492161	1436	
0.256672	-0.035469	1231	
0.041987	0.698405	3996	
-0.468407	-0.435192	5008	
0.253185	0.613687	2003	
-0.401545	-0.546112	2792	
0.529971	0.463658	1553	
-0.723369	0.044491	2098	
0.629742	-0.395876	3096	
-0.177739	0.773640	4916	
-0.417548	-0.666329	1918	
0.806007	0.039072	2897	
-0.589134	0.584021	3771	
-0.289334	-0.806989	3905	
0.872292	-0.009473	3118	
-0.383977	0.812159	4418	
-0.696164	-0.603335	1095	
0.656818	-0.675425	2047	
0.537463	0.804377	1689	
-0.643792	0.749127	2283	
0.126275	0.188768	681	
0.101802	-0.552846	1751	
0.165950	0.539724	3322	
0.196130	0.212504	1650	
0.241203	-0.177311	1476	
0.200365	-0.372066	1626	
0.259826	-0.447158	1204	
0.381510	-0.395033	2248	
0.480949	-0.290016	4825	
0.533947	-0.189646	2935	
0.561349	-0.094392	382	
0.571731	-0.011161	1239	
0.574471	0.048016	1017	
0.579089	0.063920	1475	
0.582792	-0.099996	700	
0.301459	-0.476920	2380	
0.256584	0.010428	4322	
0.573628	-0.265330	3361	
-0.009978	-0.734835	4944	
-0.277675	0.617376	2675	
0.096064	-0.743888	464	
0.073330	0.765753	1765	
-0.501424	-0.525061	819	
0.704110	0.267358	2269	
-0.753876	0.180810	3833	
0.368412	-0.709324	1668	
0.276486	0.779351	4390	
-0.810039	-0.231524	893	
0.496312	-0.702914	4579	
0.486535	0.738077	4071	
-0.912914	-0.003370	4625	
0.016901	-0.937244	1297	
0.910160	0.296712	1700	
0.101248	0.219412	4491	
0.096676	-0.502077	4279	
0.251348	0.526834	692	
0.163537	0.276266	1614	
0.265218	-0.111792	1724	
0.202944	-0.332810	2108	
0.242199	-0.436859	3052	
0.352089	-0.410064	1877	
0.452570	-0.320294	1947	
0.514196	-0.220885	3387	
0.548016	-0.124633	1533	
0.562619	-0.033715	1493	
0.564200	0.048417	1017	
0.558936	0.115172	4809	
0.562219	0.137660	4809	
0.591622	-0.030414	1708	
0.283336	-0.485710	1344	
0.157891	0.230993	789	
0.227825	0.575069	749	
0.456017	-0.458907	546	
-0.673497	0.094279	3157	
0.692381	-0.114604	2516	
-0.540090	0.466869	3227	
0.445795	-0.591514	1770	
0.138138	0.780827	1415	
-0.530079	-0.575646	2853	
0.806014	0.026913	2897	
-0.599349	0.572811	3771	
-0.217653	-0.834110	4854	
0.865103	0.119252	4796	
-0.516179	0.734681	3596	
-0.553641	-0.738532	471	
0.854102	-0.407880	2359	
0.289214	0.927471	2365	
0.082720	0.262792	1803	
0.094923	-0.417445	4515	
0.523504	0.325951	2181	
0.143226	0.352094	4266	
0.279879	-0.010703	4302	
0.213527	-0.277694	3440	
0.225294	-0.414219	1758	
0.314786	-0.423598	1545	
0.416435	-0.353190	1933	
0.486999	-0.260777	2721	
0.529167	-0.168255	354	
0.549655	-0.087966	382	
0.558413	-0.001049	1239	
0.553930	0.090071	1939	
0.540075	0.167436	4482	
0.544549	0.188570	2071	
0.593207	-0.020980	1708	
0.208686	-0.500315	439	
0.474823	0.391626	3174	
-0.644513	0.057016	487	
0.376995	0.534888	831	
-0.306564	-0.607856	622	
0.306963	0.638817	4702	
-0.600683	-0.408245	2263	
0.725182	0.199887	2825	
-0.750086	0.193014	4070	
0.423300	-0.674783	1976	
0.135278	0.831316	3331	
-0.749561	-0.386359	1234	
0.668220	-0.544502	2508	
0.246882	0.857008	688	
-0.858476	-0.320396	3577	
0.341067	-0.871718	4236	
0.722831	0.635281	1497	
0.070227	0.359800	800	
0.105253	-0.274479	4490	
0.602189	-0.154474	2503	
0.136852	0.460554	1508	
0.247920	0.130265	1294	
0.241417	-0.196848	2619	
0.213826	-0.369426	1626	
0.278711	-0.426713	3571	
0.376215	-0.381474	2248	
0.453088	-0.301742	4350	
0.502170	-0.218217	3387	
0.529595	-0.138563	354	
0.546243	-0.059826	2909	
0.551748	0.034484	371	
0.540818	0.131891	4806	
0.519454	0.213214	3574	
0.530406	0.223641	3728	
0.587040	-0.097565	700	
0.157447	-0.355041	2408	
0.049713	0.700452	3996	
0.149999	-0.669032	2477	
-0.546071	0.390343	2572	
0.608006	-0.335925	3276	
-0.515420	0.492422	2822	
0.478380	-0.564301	1079	
-0.053201	0.806710	1011	
-0.371500	-0.693825	4011	
0.773478	0.232263	3299	
-0.759401	0.340446	3945	
0.149723	-0.858392	3309	
0.696545	0.536641	4499	
-0.844752	0.327695	1143	
-0.183479	-0.913569	441	
0.944265	0.133555	3844	
0.065056	0.501829	3705	
0.163871	-0.166871	1263	
0.172986	-0.575051	3464	
0.196617	0.536052	3849	
0.180036	0.256458	995	
0.278212	-0.075623	646	
0.216722	-0.302362	761	
0.243728	-0.411465	3044	
0.331464	-0.403784	1877	
0.414154	-0.339209	1933	
0.471269	-0.262638	2721	
0.506124	-0.189367	951	
0.529087	-0.111619	366	
0.542527	-0.025424	465	
0.542475	0.078342	1939	
0.522214	0.179493	3834	
0.497555	0.254828	2916	
0.535030	0.224597	2918	
0.475053	-0.343433	3192	
0.175052	0.203071	3082	
-0.234213	0.591613	634	
0.539712	0.378542	1071	
-0.297826	-0.612567	622	
0.229978	0.683680	3502	
-0.493190	-0.531250	819	
0.625701	0.418264	3006	
-0.765513	-0.141503	4150	
0.701300	-0.383352	735	
-0.373249	0.741020	1321	
-0.443103	-0.723805	3874	
0.861635	-0.109307	4170	
-0.427652	0.788087	3259	
-0.592308	-0.705635	2717	
0.821067	-0.467048	574	
0.252292	0.937684	1156	
0.074171	0.604085	797	
0.205863	0.084165	351	
0.097972	-0.442367	4330	
0.582497	0.215583	1967	
0.141349	0.418355	770	
0.265487	0.095649	1369	
0.242528	-0.209838	1127	
0.224058	-0.367100	1610	
0.287354	-0.411797	4042	
0.373423	-0.368698	1819	
0.439356	-0.300752	4259	
0.478232	-0.232960	3155	
0.507640	-0.158160	354	
0.528899	-0.079944	3675	
0.539291	0.016304	490	
0.529199	0.126285	4056	
0.498074	0.232135	2875	
0.478712	0.290392	2610	
0.577533	0.130518	4809	
0.179689	-0.488030	4233	
0.042740	0.697092	3996	
0.168191	-0.656189	2716	
-0.633668	0.235986	2340	
0.702284	-0.007548	2626	
-0.693342	0.193782	2662	
0.696552	-0.264098	2385	
-0.520778	0.561130	2924	
0.240436	-0.772889	4140	
0.373848	0.727039	2259	
-0.782360	-0.310734	3723	
0.632422	-0.582967	881	
0.221562	0.864286	750	
-0.829152	-0.389818	2901	
0.445521	-0.822597	4846	
0.606438	0.748801	2839	
0.059947	-0.626244	3341	
0.076108	0.329263	4729	
0.155998	-0.181226	1263	
0.164371	-0.575183	3464	
0.232949	0.527897	847	
0.173927	0.277968	1614	
0.284435	-0.058782	3773	
0.225360	-0.292941	3255	
0.251876	-0.397315	2319	
0.328006	-0.391505	1826	
0.405040	-0.330424	2086	
0.451619	-0.266838	4307	
0.483859	-0.199370	3312	
0.510102	-0.125439	1735	
0.529369	-0.035606	3671	
0.531184	0.073736	4174	
0.507047	0.190377	3834	
0.463956	0.288294	2083	
0.480180	0.303228	2601	
0.549979	-0.224902	3757	
0.172762	0.205139	3082	
-0.561374	0.305910	4869	
0.189221	0.651194	777	
0.128197	-0.727165	763	
-0.262304	0.678254	4238	
0.264159	-0.705679	3906	
0.211963	0.746352	3584	
-0.445621	-0.643277	1679	
0.774171	0.226497	3299	
-0.783251	0.281230	3970	
0.265402	-0.822270	4407	
0.585306	0.657430	1952	
-0.906846	0.066435	565	
0.099382	-0.930591	1440	
0.850300	0.439619	1783	
-0.445615	0.873801	4522	
0.047727	-0.244380	4000	
0.536899	0.320361	2181	
0.090134	0.256337	1803	
0.104849	-0.311819	1772	
0.526044	-0.316220	2607	
0.147104	0.477700	457	
0.248873	0.143804	899	
0.255565	-0.187606	2122	
0.231277	-0.351124	1560	
0.292557	-0.395585	4042	
0.368159	-0.356073	1819	
0.423076	-0.294873	1033	
0.460566	-0.230251	2096	
0.491142	-0.160566	771	
0.516522	-0.072938	3675	
0.527513	0.024829	371	
0.515941	0.140285	3320	
0.472568	0.258721	2396	
0.442428	0.325553	4562	
0.560064	0.187236	4588	
0.159118	-0.442667	1649	
0.539996	-0.322821	2607	
0.548281	-0.350900	395	
-0.576125	-0.359537	1690	
0.355340	0.606899	4906	
-0.521435	-0.502595	2204	
0.609020	0.440545	2644	
-0.738414	-0.246570	4436	
0.774300	-0.207149	2926	
-0.543637	0.622441	3358	
-0.182280	-0.844009	4835	
0.835014	0.254046	2836	
-0.721731	0.536728	579	
-0.274101	-0.885986	4915	
0.949932	0.039500	4793	
-0.187991	0.958816	2742	
0.136949	0.189943	705	
0.100757	-0.408820	1299	
0.501775	0.350956	3761	
0.158985	0.335439	1262	
0.290026	-0.019954	4302	
0.234457	-0.281572	3435	
0.261341	-0.382394	2936	
0.332364	-0.372400	1826	
0.392524	-0.321778	609	
0.438273	-0.253995	3691	
0.471402	-0.187946	3312	
0.496235	-0.114607	4546	
0.516478	-0.032927	3671	
0.518158	0.097564	3563	
0.484700	0.218757	2875	
0.431303	0.319102	3246	
0.459508	0.329899	4562	
0.445957	-0.378998	3189	
0.579109	-0.229662	3472	
-0.217033	-0.601757	1471	
-0.595086	0.314022	4847	
0.700741	0.042859	2679	
-0.720946	0.035991	2098	
0.748368	-0.013302	3689	
-0.703978	0.310951	2629	
0.509906	-0.608101	3103	
-0.188013	0.820045	2689	
-0.549940	-0.641099	3404	
0.847583	-0.177250	4622	
-0.413520	0.793687	3259	
-0.531597	-0.752086	1123	
0.880157	-0.344368	2536	
0.627307	-0.062813	1073	
0.217204	0.060427	776	
0.146151	-0.573414	2087	
0.175691	0.522014	2922	
0.238288	0.170838	1174	
0.261822	-0.184137	2122	
0.244806	-0.348966	2463	
0.302394	-0.376761	555	
0.367882	-0.336226	368	
0.417193	-0.274669	3923	
0.453254	-0.208873	3028	
0.477967	-0.143134	3943	
0.506028	-0.053854	3621	
0.517964	0.041890	350	
0.493567	0.183909	2877	
0.437829	0.295594	2843	
0.415567	0.355439	4062	
0.596649	0.044615	915	
0.252913	0.020742	4322	
-0.586227	0.259015	2956	
-0.095391	0.725687	1810	
0.369723	-0.579958	632	
-0.538278	0.466186	3227	
0.607128	-0.423707	4971	
-0.410628	0.645673	3796	
0.222911	-0.779103	4140	
0.370371	0.726850	1566	
-0.734582	-0.410698	1151	
0.737066	-0.445364	3867	
-0.031127	0.900340	572	
-0.704150	-0.588280	1993	
0.725217	-0.597866	1527	
0.321379	0.912599	2012	
-0.854276	0.498158	4345	
0.076047	0.585811	667	
0.124770	-0.242773	2439	
0.614300	0.097600	1622	
0.161882	0.337579	1262	
0.292016	-0.052724	2450	
0.240930	-0.292991	3435	
0.279720	-0.369106	4039	
0.347053	-0.345210	2039	
0.397448	-0.290326	1033	
0.437060	-0.224099	3336	
0.472543	-0.144449	3943	
0.492886	-0.076243	3770	
0.511770	0.014590	3938	
0.494244	0.162873	3834	
0.446098	0.272732	1951	
0.397128	0.353076	3047	
0.513309	0.277862	3280	
0.153430	-0.411381	1364	
0.404128	0.471718	2783	
0.605351	0.261717	2731	
-0.086766	-0.740990	2974	
-0.265526	0.675279	3782	
0.325548	-0.669515	400	
0.019131	0.806969	3848	
-0.242800	-0.759634	3978	
0.655322	0.472119	3268	
-0.834258	-0.051946	3240	
0.581294	-0.631079	2317	
0.245508	0.854850	688	
-0.815380	-0.415148	2561	
0.519074	-0.777204	922	
0.112371	0.225203	1755	
0.138721	-0.569484	2087	
0.161366	0.499183	4905	
0.271752	0.103627	1888	
0.253644	-0.233570	2038	
0.265606	-0.351328	2970	
0.326402	-0.348858	2039	
0.379384	-0.298994	609	
0.421923	-0.233532	3012	
0.461358	-0.151580	2446	
0.483300	-0.086056	3180	
0.504765	0.006225	3938	
0.502224	0.118427	3766	
0.452139	0.253667	1746	
0.389326	0.346101	2423	
0.434276	0.359858	4639	
0.276758	-0.495442	1386	
0.052260	0.694271	620	
0.587223	-0.285797	3361	
-0.453068	-0.499633	3456	
0.108375	0.750344	875	
-0.250317	-0.695853	3326	
0.295838	0.701547	4922	
-0.472079	-0.621315	1869	
0.750845	0.293285	2863	
-0.813875	0.173825	2928	
0.414236	-0.750864	3508	
0.411077	0.780801	3535	
-0.885428	-0.218029	3812	
0.390793	-0.847580	4898	
0.636945	0.719127	2284	
-0.703815	0.687531	2923	
0.086116	0.599338	797	
0.110183	-0.300113	1595	
0.348443	0.477589	3532	
0.216061	0.218770	1825	
0.274824	-0.163304	2278	
0.257744	-0.325749	3401	
0.310794	-0.345546	4788	
0.365704	-0.304853	609	
0.411783	-0.237417	3325	
0.451630	-0.155242	2446	
0.475663	-0.083398	3180	
0.498045	0.004254	3938	
0.498027	0.110090	3563	
0.455186	0.237656	1746	
0.390416	0.334974	2803	
0.389734	0.383702	2461	
0.487209	-0.333946	543	
0.097388	-0.229689	4273	
0.342777	-0.545921	4885	
-0.623656	-0.269975	2187	
0.355548	0.605153	4147	
-0.431280	-0.580681	1012	
0.462640	0.591804	1208	
-0.626902	-0.460739	3206	
0.796108	0.113187	4443	
-0.759169	0.334385	3945	
0.311563	-0.802167	3628	
0.528346	0.702909	4228	
-0.907155	-0.055488	4278	
0.283791	-0.888893	2823	
0.728595	0.622438	1889	
0.202489	-0.116576	3086	
0.620615	0.036510	915	
0.176257	0.305090	830	
0.292343	-0.093290	2184	
0.256829	-0.298303	3439	
0.300235	-0.338126	4788	
0.358216	-0.300646	3941	
0.403297	-0.238272	3325	
0.444255	-0.154414	2025	
0.470486	-0.081940	2537	
0.490184	-0.003214	3932	
0.494529	0.102357	3563	
0.453422	0.229209	1621	
0.388081	0.325641	2803	
0.366733	0.389626	1481	
0.588106	-0.120256	1793	
0.294529	0.518639	997	
-0.030292	-0.730237	885	
-0.676290	-0.070264	1485	
0.505868	0.483308	3369	
-0.540321	-0.480171	2204	
0.567831	0.490000	1916	
-0.680564	-0.376217	4909	
0.802888	0.002008	2897	
-0.707832	0.428945	2386	
0.203964	-0.841627	3890	
0.626178	0.613840	531	
-0.900527	0.097302	565	
0.198206	-0.911949	2387	
0.779380	0.554643	2525	
0.194560	0.120400	500	
0.496682	-0.353213	3192	
0.161167	0.371219	1425	
0.299233	-0.036226	2067	
0.260085	-0.272475	1945	
0.295416	-0.326809	3922	
0.350493	-0.296272	3941	
0.397202	-0.233947	2975	
0.438715	-0.149929	2025	
0.464260	-0.076123	2537	
0.482099	0.006369	3938	
0.489302	0.104194	3563	
0.446019	0.229976	1621	
0.386154	0.320432	2803	
0.352780	0.389519	1481	
0.600380	0.028342	699	
0.105026	0.463456	1547	
-0.202612	-0.608936	495	
-0.672012	0.086792	1542	
0.572194	0.404190	4371	
-0.598943	-0.405198	2263	
0.611347	0.434214	3006	
-0.723621	-0.282641	3697	
0.798756	-0.066818	2437	
-0.680213	0.469939	648	
0.151324	-0.855543	3309	
0.684845	0.544125	4291	
-0.885836	0.178407	4508	
0.154235	-0.920390	408	
0.806694	0.512043	2564	
-0.576728	0.792208	1731	
0.063289	-0.303706	3735	
0.146221	0.186553	4314	
0.378041	-0.465648	3374	
0.158841	0.401745	2145	
0.300097	-0.002781	1994	
0.265591	-0.254182	3281	
0.294650	-0.314394	3924	
0.347383	-0.287383	3946	
0.393732	-0.225853	2975	
0.434731	-0.139955	2025	
0.459969	-0.055006	2582	
0.480262	0.034712	2735	
0.480995	0.115488	2777	
0.442687	0.227196	1621	
0.380076	0.317736	1912	
0.341288	0.388978	1481	
0.590974	0.102932	3722	
0.111094	0.360805	3368	
-0.255888	-0.577991	2138	
-0.661939	0.138126	3271	
0.590285	0.377535	2505	
-0.612130	-0.384582	2655	
0.619859	0.421492	3006	
-0.727501	-0.270963	4139	
0.796891	-0.081673	2437	
-0.681197	0.468053	648	
0.153600	-0.854782	3309	
0.687253	0.540394	4291	
-0.884041	0.184240	4508	
0.161587	-0.918756	408	
0.806926	0.510991	2564	
0.175552	0.151119	2392	
0.433625	-0.420028	721	
0.161179	0.395834	2904	
0.301105	0.004600	2036	
0.271422	-0.243298	3281	
0.296845	-0.302017	3924	
0.347859	-0.275279	3205	
0.393436	-0.211612	4683	
0.432214	-0.124974	1329	
0.457532	-0.037348	2170	
0.474822	0.039819	2735	
0.471393	0.130823	2350	
0.432755	0.233800	1621	
0.371454	0.318170	1912	
0.332208	0.390997	1983	
0.590009	0.109703	3722	
0.106972	0.401623	2328	
-0.203477	-0.607866	495	
-0.673294	0.073453	1542	
0.552445	0.429525	2239	
-0.576309	-0.435535	2672	
0.585680	0.467432	1660	
-0.705800	-0.323856	4494	
0.801364	-0.019697	1898	
-0.706577	0.429325	2386	
0.208853	-0.839367	3890	
0.651316	0.583761	2874	
-0.895166	0.124113	947	
0.213957	-0.907348	4893	
0.776826	0.556389	2525	
-0.617194	0.761090	2838	
0.226594	-0.047620	2388	
0.587008	-0.190605	512	
0.168430	0.357467	1585	
0.304107	-0.014229	1994	
0.276378	-0.237268	3631	
0.302244	-0.288589	2841	
0.348399	-0.261440	3205	
0.394932	-0.192388	2218	
0.432168	-0.101907	1593	
0.457063	-0.012321	2630	
0.469149	0.065839	2751	
0.464535	0.147594	2389	
0.417967	0.245123	4210	
0.359324	0.322353	1627	
0.323804	0.396299	1983	
0.600559	0.041757	915	
0.119704	0.556287	1275	
-0.060372	-0.720474	1282	
-0.669511	-0.115575	2043	
0.452510	0.531480	2155	
-0.485508	-0.533906	819	
0.508096	0.550581	2134	
-0.631180	-0.452735	3206	
0.797308	0.093309	3108	
-0.753994	0.341744	3357	
0.310440	-0.801174	3628	
0.549796	0.683220	925	
-0.905924	-0.009190	4625	
0.307430	-0.879255	2823	
0.715055	0.635456	1497	
0.482821	0.388656	3174	
0.133194	-0.236875	2439	
0.537346	0.296171	3280	
0.185484	0.301463	1611	
0.305859	-0.048648	2067	
0.283531	-0.237218	4018	
0.310619	-0.274468	3213	
0.355317	-0.239264	2073	
0.398934	-0.170793	706	
0.433807	-0.071669	1596	
0.454379	0.012511	2279	
0.462580	0.085681	2342	
0.449069	0.172884	1739	
0.405417	0.253390	4210	
0.347805	0.324237	984	
0.318309	0.403094	1983	
0.592779	-0.106631	1525	
0.092238	-0.594249	432	
0.364866	-0.529610	4907	
-0.574175	-0.358760	1690	
0.275432	0.652473	4864	
-0.333968	-0.645055	2595	
0.360544	0.661592	4154	
-0.537218	-0.561214	2354	
0.762564	0.253997	3299	
-0.806405	0.195693	4413	
0.447908	-0.728784	3980	
0.396372	0.786341	4251	
-0.885183	-0.205928	2807	
0.431244	-0.825496	4846	
0.619422	0.731230	2284	
0.087079	0.327679	4632	
0.114429	-0.497898	2312	
0.267309	0.507714	996	
0.217164	0.237518	2176	
0.305284	-0.086566	2616	
0.290752	-0.235298	4018	
0.320579	-0.257962	2830	
0.363240	-0.216821	3610	
0.405693	-0.141366	766	
0.435398	-0.041527	1538	
0.450835	0.039852	2321	
0.453711	0.113515	4525	
0.436716	0.192011	1097	
0.387867	0.266007	2465	
0.329820	0.335420	1021	
0.320628	0.413200	1983	
0.456528	-0.373494	3189	
0.047589	0.700922	3996	
0.621340	-0.206813	907	
-0.363992	-0.565054	2978	
-0.112642	0.753332	3218	
-0.082733	-0.775429	4700	
0.121485	0.782995	4192	
-0.316956	-0.719168	571	
0.661114	0.459917	3268	
-0.832213	-0.024242	3177	
0.576975	-0.631033	2317	
0.210010	0.863723	750	
-0.810858	-0.417333	2561	
0.568776	-0.738826	4451	
0.469142	0.838466	2356	
-0.829915	0.528669	1999	
0.215545	-0.093726	3411	
0.419757	-0.431008	3530	
0.170278	0.469727	3817	
0.263159	0.156652	1766	
0.303931	-0.126333	2660	
0.299640	-0.228430	4018	
0.331291	-0.235090	1861	
0.375127	-0.184402	1630	
0.410833	-0.111871	1329	
0.434654	-0.010680	626	
0.444140	0.067040	1168	
0.441048	0.133860	2571	
0.417450	0.212284	988	
0.368494	0.279389	1536	
0.315492	0.343675	930	
0.341264	0.420938	1519	
0.200615	-0.516031	4221	
0.470851	0.413473	2785	
0.583976	0.300887	3304	
0.138333	-0.719017	763	
-0.429273	0.564213	2727	
0.474006	-0.561556	814	
-0.256514	0.731324	4772	
0.044809	-0.823957	4576	
0.489928	0.641428	3235	
-0.783221	-0.291152	3723	
0.737129	-0.439267	3867	
-0.056282	0.896120	4308	
-0.665975	-0.627133	558	
0.708962	-0.608693	425	
0.064119	-0.507334	3704	
0.106596	0.252191	1376	
0.112366	-0.443843	1265	
0.492613	0.355551	3761	
0.175850	0.354998	1585	
0.298888	0.067943	2287	
0.305063	-0.149153	3709	
0.312589	-0.217445	4113	
0.344337	-0.208574	484	
0.383856	-0.152885	2577	
0.415620	-0.071886	1710	
0.432596	0.023370	1808	
0.436933	0.093138	1675	
0.428643	0.167203	1739	
0.394273	0.229265	988	
0.347703	0.289901	550	
0.300208	0.364175	930	
0.425289	0.383807	4019	
0.167947	-0.252920	3231	
-0.439644	0.449316	1269	
-0.180838	0.670265	1115	
0.511557	-0.455216	2026	
-0.665211	0.261027	1930	
0.713254	-0.204413	3215	
-0.604655	0.464049	3645	
0.479180	-0.628831	2584	
0.065123	0.840721	4701	
-0.548677	-0.636884	3404	
0.843781	-0.174547	4622	
-0.366644	0.811197	4418	
-0.474677	-0.785512	1351	
0.878484	-0.334544	4758	
0.001661	0.969283	564	
0.063993	-0.407219	3315	
0.082687	0.417639	1306	
0.157982	-0.200536	1713	
0.377879	-0.463371	3374	
0.202212	0.505014	671	
0.211816	0.259627	2617	
0.313566	-0.003595	2433	
0.310561	-0.161597	3855	
0.325709	-0.201575	1428	
0.357556	-0.178977	2081	
0.392826	-0.115418	2261	
0.418553	-0.029303	1538	
0.427939	0.057137	1168	
0.425357	0.129116	4166	
0.409191	0.186067	3668	
0.373597	0.245204	886	
0.325284	0.306564	406	
0.288762	0.393640	542	
0.587700	0.130417	4809	
0.103649	0.452629	1280	
-0.194230	-0.611969	495	
-0.664673	0.118610	2732	
0.654066	0.246822	2744	
-0.679165	-0.241361	3114	
0.691762	0.282413	2269	
-0.769761	0.021941	3493	
0.713301	-0.348165	2930	
-0.506508	0.647502	867	
-0.244384	-0.817868	2661	
0.848733	0.172041	2790	
-0.685857	0.572045	4290	
-0.201009	-0.903068	504	
0.945272	0.007907	4335	
-0.292641	0.926927	3544	
0.093178	0.178775	1500	
0.065132	-0.361186	3016	
0.083304	0.545160	4851	
0.232999	0.008477	3338	
0.123869	-0.521809	843	
0.527327	0.308205	2551	
0.173352	0.410092	1603	
0.262329	0.171593	2238	
0.319868	-0.057007	3364	
0.318801	-0.158141	3855	
0.338813	-0.178655	2081	
0.370160	-0.140136	4518	
0.399228	-0.077755	1193	
0.417081	0.008153	626	
0.420139	0.083416	2022	
0.413401	0.144047	2295	
0.389022	0.206234	1638	
0.350837	0.261849	3747	
0.302725	0.327430	825	
0.303436	0.427959	844	
0.373802	-0.446865	3242	
0.048441	0.700756	3996	
0.630042	-0.179274	1224	
-0.396597	-0.541514	2792	
0.111336	0.746579	875	
-0.265644	-0.683653	4411	
0.348159	0.667370	4154	
-0.542663	-0.554170	2354	
0.782281	0.175161	530	
-0.766397	0.309575	4120	
0.300408	-0.803780	4823	
0.635735	0.597428	427	
-0.882504	0.175166	4508	
0.180154	-0.912521	2387	
0.844924	0.436111	1783	
-0.567847	0.793729	1731	
0.192389	0.050319	2991	
0.605944	0.170991	4309	
0.120833	0.232488	1966	
0.120489	-0.310015	1772	
0.460051	-0.390843	1680	
0.237572	0.505825	1526	
0.191429	0.321318	1934	
0.296354	0.099292	1821	
0.323797	-0.074948	3910	
0.330941	-0.144811	3749	
0.351718	-0.145045	4477	
0.379618	-0.102824	1083	
0.401992	-0.034895	898	
0.411865	0.040211	3365	
0.408794	0.117977	1870	
0.393587	0.166570	2403	
0.364718	0.227818	886	
0.323988	0.282650	588	
0.280253	0.369202	920	
0.443962	0.372272	2888	
0.181090	-0.220120	3733	
-0.386107	0.492929	4119	
0.066443	0.731761	489	
0.366638	-0.577737	632	
-0.542058	0.456848	3836	
0.546123	-0.491138	4254	
-0.290999	0.712281	3071	
-0.012822	-0.824163	3792	
0.548137	0.589630	3692	
-0.817240	-0.159379	734	
0.642586	-0.563454	881	
0.171885	0.872888	4662	
-0.825418	-0.381346	2901	
0.541768	-0.756428	4727	
0.547141	0.785594	1729	
-0.793194	0.576891	2996	
0.067864	-0.311560	480	
0.085166	0.524146	4510	
0.234431	-0.011753	748	
0.126991	-0.520198	1387	
0.590340	0.176637	4686	
0.182385	0.460329	2723	
0.223989	0.253001	2617	
0.311558	0.058238	3827	
0.330409	-0.078995	3910	
0.342064	-0.120575	1561	
0.362791	-0.107570	4601	
0.386250	-0.059727	1353	
0.400223	0.003686	506	
0.402603	0.073433	2022	
0.393457	0.136201	4808	
0.372643	0.193124	2972	
0.339763	0.247698	3747	
0.296743	0.312741	390	
0.282423	0.422950	948	
0.538489	-0.263436	3366	
0.078872	-0.453538	2639	
0.158208	-0.655913	931	
-0.674127	-0.064593	1485	
0.627994	0.304733	3784	
-0.694452	-0.188007	3512	
0.724695	0.174907	2825	
-0.743590	0.186309	4070	
0.623489	-0.486264	4674	
-0.185258	0.815547	2689	
-0.475392	-0.693601	3769	
0.848748	-0.143880	855	
-0.357263	0.814131	4366	
-0.498541	-0.768471	1357	
0.804451	-0.476297	2272	
0.067141	-0.445293	3335	
0.088842	0.378335	655	
0.158036	-0.209815	2821	
0.249190	-0.533623	1070	
0.386703	0.445342	3230	
0.181348	0.404115	1340	
0.251347	0.208578	3138	
0.322502	0.032516	2907	
0.337345	-0.062443	3364	
0.351771	-0.089470	2576	
0.370481	-0.066730	367	
0.386836	-0.018510	625	
0.393092	0.045467	2593	
0.389498	0.103943	4739	
0.373590	0.164064	3406	
0.348336	0.215251	4383	
0.309852	0.274048	3981	
0.269927	0.370803	920	
0.446610	0.371801	2888	
0.164949	-0.255265	3231	
-0.099389	0.676389	4720	
0.469017	0.450327	3455	
0.041362	-0.755397	4776	
-0.270348	0.668666	3782	
-0.072094	-0.777340	4700	
0.255617	0.718554	3860	
-0.525004	-0.570066	2354	
0.791422	0.115762	3090	
-0.744475	0.355882	3095	
0.168663	-0.848323	3604	
0.754554	0.429560	2164	
-0.802548	0.396557	3565	
-0.060600	-0.926329	857	
0.941722	0.076013	599	
-0.334393	0.911444	3202	
0.070077	-0.550840	1279	
0.102375	0.289681	1749	
0.124642	-0.310051	2377	
0.461466	-0.387341	1680	
0.275047	0.494581	1780	
0.189300	0.365719	1551	
0.267307	0.185711	1968	
0.325428	0.039134	3197	
0.342970	-0.033761	1080	
0.357934	-0.050667	430	
0.372282	-0.023555	4736	
0.381685	0.024427	2984	
0.382296	0.081287	4563	
0.371742	0.136891	2902	
0.350024	0.192085	2964	
0.318285	0.247101	3458	
0.274559	0.334321	4378	
0.300282	0.442712	1534	
0.375914	-0.446862	3242	
0.086537	0.211087	4987	
0.196787	-0.630639	455	
-0.676042	0.001302	1171	
0.693727	0.059275	2310	
-0.716566	0.028486	2098	
0.730884	-0.125769	3093	
-0.545731	0.527000	3287	
0.274020	-0.750400	4530	
0.432762	0.680505	1864	
-0.794762	-0.248443	893	
0.672994	-0.526346	2508	
0.183285	0.868945	511	
-0.866469	-0.264733	2262	
0.460284	-0.806252	1663	
0.074505	-0.598245	3415	
0.125686	0.235371	1966	
0.120285	-0.379887	1822	
0.578728	-0.201397	512	
0.235712	0.496058	1526	
0.196826	0.347338	1957	
0.270613	0.186402	2697	
0.324987	0.062116	3827	
0.345025	0.004678	4194	
0.358825	-0.005463	4735	
0.367483	0.021642	2984	
0.372081	0.064660	4146	
0.363988	0.118228	2902	
0.348103	0.171315	2964	
0.319712	0.226491	4450	
0.279543	0.307839	1136	
0.264076	0.419936	2270	
0.605472	0.031649	915	
0.146494	0.235491	3210	
-0.644806	-0.000427	1905	
0.183355	0.646657	777	
0.193371	-0.685128	1098	
-0.283193	0.660455	3782	
-0.168673	-0.736046	3626	
0.368371	0.653245	4933	
-0.676106	-0.374585	4909	
0.776249	-0.171287	4616	
-0.547081	0.611118	3358	
-0.262572	-0.808537	3070	
0.860522	0.060232	410	
-0.469343	0.752928	4103	
-0.429936	-0.809415	2034	
0.823578	-0.441395	4093	
0.139637	0.953924	1152	
0.080226	-0.616135	349	
0.143428	0.209631	1015	
0.121523	-0.422674	765	
0.604286	-0.114241	1525	
0.229344	0.491658	977	
0.200410	0.347106	1957	
0.264043	0.206278	2697	
0.318337	0.099603	3179	
0.339705	0.053988	3850	
0.352279	0.048050	3347	
0.357008	0.069628	4369	
0.352336	0.114536	3032	
0.339348	0.161429	2574	
0.314052	0.221368	4450	
0.275469	0.300565	1136	
0.253745	0.406533	2599	
0.527842	0.278600	3280	
0.165575	-0.250133	3403	
0.261098	0.554865	1768	
0.656410	-0.029694	1698	
-0.530918	-0.414501	1733	
0.574895	0.392461	4371	
-0.709938	-0.107175	2383	
0.739490	-0.061071	3882	
-0.526161	0.544967	2924	
0.177679	-0.790565	3931	
0.503186	0.627763	1832	
-0.827344	-0.064662	3446	
0.540598	-0.658523	613	
0.511106	0.707329	4228	
-0.884843	0.150635	3151	
0.177122	-0.911206	2387	
0.903323	0.282452	1700	
0.084943	-0.619473	349	
0.151419	0.199823	884	
0.123615	-0.444094	1265	
0.612592	-0.056943	933	
0.240346	0.490542	1526	
0.200284	0.364515	2303	
0.250512	0.239693	3371	
0.300902	0.152390	3285	
0.324849	0.113208	3523	
0.334914	0.111757	3523	
0.333280	0.136780	3339	
0.322024	0.178018	2256	
0.300155	0.232222	3391	
0.266947	0.305436	1038	
0.249915	0.408498	2599	
0.488867	0.332796	3761	
0.142493	-0.407955	1364	
0.048314	0.700784	3996	
0.243373	-0.601599	482	
-0.627356	0.237075	2340	
0.578646	-0.367189	2420	
-0.566136	0.425954	3795	
0.189220	-0.735166	2090	
0.209144	0.741285	1413	
-0.593515	-0.495228	4489	
0.784790	-0.126747	4613	
-0.527401	0.626970	867	
-0.322809	-0.781288	4073	
0.858012	-0.065002	4230	
-0.333187	0.822922	4583	
-0.602033	-0.685565	1177	
0.716331	-0.595019	1527	
0.412547	0.864074	2268	
0.088712	-0.620097	349	
0.151424	0.201031	884	
0.124754	-0.441361	2311	
0.605104	-0.104149	1525	
0.269607	0.487396	1780	
0.199886	0.397740	1619	
0.232208	0.286422	3591	
0.272805	0.216785	3332	
0.296777	0.184913	3638	
0.301053	0.189845	3589	
0.292130	0.219530	3436	
0.275314	0.264758	3110	
0.248439	0.338909	4566	
0.251419	0.436007	1548	
0.523236	0.288172	3280	
0.142573	-0.423416	2264	
0.047385	0.700923	3996	
-0.128286	-0.659069	2871	
-0.280245	0.605377	1695	
0.246370	-0.652384	2583	
-0.147395	0.735252	3300	
-0.424743	-0.578359	1012	
0.659068	0.346318	3736	
-0.724053	0.242429	2980	
0.419481	-0.666989	1625	
0.406132	0.696488	1640	
-0.815331	-0.157036	3858	
0.565954	-0.636307	592	
0.525157	0.695581	925	
-0.876369	0.188310	4508	
0.079332	-0.924848	1063	
0.939426	0.071945	599	
-0.292436	0.922947	3544	
-0.987340	0.027728	4211	
0.083310	-0.614878	349	
0.142374	0.214602	2810	
0.125231	-0.417885	765	
0.565664	-0.227413	3757	
0.333585	0.466347	2844	
0.207497	0.443681	2113	
0.215015	0.350337	3021	
0.235624	0.299290	4714	
0.251652	0.277938	4098	
0.251220	0.291899	4214	
0.241592	0.330872	4566	
0.233706	0.398619	2990	
0.290328	0.457656	1490	
0.607231	0.033696	915	
0.147880	-0.305677	4104	
0.041937	0.698634	3996	
-0.177889	-0.619816	658	
0.078897	0.723374	456	
-0.147144	-0.698749	4153	
0.298020	0.634110	3531	
-0.687989	-0.204227	3512	
0.730203	-0.119979	3093	
-0.384498	0.654685	3603	
-0.261119	-0.743362	3962	
0.767026	0.222033	3299	
-0.716301	0.404147	2147	
-0.126253	-0.851831	608	
0.859350	0.053620	410	
-0.407830	0.786555	3259	
-0.575957	-0.707224	2717	
0.714739	-0.595735	1527	
0.462105	0.836551	2356	
0.079071	-0.600362	3415	
0.128716	0.237784	2220	
0.126811	-0.374047	1822	
0.440126	-0.404474	721	
0.465145	0.373372	4384	
0.251156	0.479988	1780	
0.214592	0.435917	2113	
0.216253	0.400728	2277	
0.221273	0.398611	2696	
0.228743	0.424646	1589	
0.266075	0.460148	1894	
0.474136	0.353789	4324	
0.403301	-0.429170	3530	
0.248636	0.006991	4545	
0.047719	0.700887	3996	
-0.100948	-0.684979	1544	
0.140924	0.675653	4863	
-0.240055	-0.637352	1829	
0.527126	0.450880	1553	
-0.715719	0.014872	2098	
0.457751	-0.566766	814	
0.055078	0.798221	3745	
-0.616057	-0.464280	4181	
0.762895	-0.217012	2926	
-0.076197	0.837791	4447	
-0.678132	-0.483748	1285	
0.739655	-0.427251	2452	
0.313814	0.819637	827	
-0.897104	0.033400	4777	
0.216558	-0.900873	4893	
0.929771	0.155852	2986	
-0.329227	0.909959	3202	
-0.986909	0.012855	2543	
0.076650	-0.579153	4234	
0.113839	0.273902	1212	
0.134502	-0.306301	2377	
0.264533	-0.519887	1070	
0.609572	0.064145	1662	
0.429145	0.403698	3444	
0.321355	0.464505	1838	
0.301952	0.467602	1490	
0.355396	0.446198	1914	
0.523233	0.293511	3280	
0.544365	-0.259603	3366	
0.138965	-0.387305	1613	
0.149701	0.568642	1250	
0.118081	0.638266	2812	
0.233089	-0.605754	415	
-0.196820	0.654610	866	
-0.200521	-0.661934	680	
0.570019	0.395841	4371	
-0.697320	0.150779	3249	
0.279988	-0.685434	3904	
0.325976	0.676608	4538	
-0.763826	-0.074405	3687	
0.557357	-0.554476	3926	
0.359674	0.723151	1566	
-0.823964	-0.085477	3084	
0.424455	-0.737384	3545	
0.751116	0.429536	2164	
-0.658359	0.594861	4902	
-0.328144	-0.856252	4128	
0.823891	-0.436326	4093	
0.303180	0.908799	2012	
0.074330	-0.535931	388	
0.102274	0.330351	4867	
0.168872	-0.212723	3733	
0.144531	-0.511782	2156	
0.411071	-0.427688	3530	
0.591242	-0.149530	2503	
0.610261	-0.031932	1708	
0.577543	-0.188165	512	
0.327997	-0.482711	3889	
0.137663	-0.392626	1707	
0.120193	0.285570	1323	
0.050577	0.691138	620	
-0.620354	-0.171818	743	
0.656261	-0.009957	1851	
-0.537135	0.389359	3248	
0.020725	-0.755344	4506	
0.492129	0.486876	567	
-0.701845	0.128433	3064	
0.233990	-0.710615	2557	
0.427991	0.609451	840	
-0.748819	0.148811	3693	
0.327504	-0.719947	1834	
0.573293	0.559931	3538	
-0.795615	0.215386	3614	
-0.022886	-0.866204	1120	
0.858660	0.049486	410	
-0.314346	0.829042	616	
-0.761606	-0.491243	1946	
0.519089	-0.766676	922	
0.802951	0.502583	2564	
-0.539363	0.806208	4065	
0.073019	-0.468985	3293	
0.095755	0.425968	1880	
0.242483	-0.029680	1054	
0.136549	-0.318275	2377	
0.135069	-0.452363	2491	
0.140855	-0.480759	764	
0.135293	-0.405381	4260	
0.184618	-0.198666	1110	
0.103019	0.378215	2331	
0.046324	0.701093	3996	
-0.175632	0.617876	2441	
0.110591	-0.686257	1112	
0.406674	0.500594	4983	
-0.654248	-0.165226	2074	
0.402705	-0.547515	4955	
0.231732	0.671800	2372	
-0.714835	-0.032200	1990	
0.292395	-0.677536	3904	
0.431748	0.606181	840	
-0.728677	0.222006	4100	
0.205767	-0.777490	4342	
0.707736	0.370018	863	
-0.687186	0.447338	2386	
-0.345176	-0.767757	3528	
0.816302	-0.255875	4041	
0.181213	0.865536	511	
-0.896897	-0.002342	3182	
0.158646	-0.912346	408	
0.936555	-0.049330	3201	
0.073267	-0.376754	4850	
0.101595	0.554187	2726	
0.125548	0.255822	1748	
0.232244	0.074706	2542	
0.235717	0.065883	674	
0.119103	0.281260	1323	
0.601402	0.179524	4686	
0.042146	0.699911	3996	
-0.065966	0.702238	461	
-0.133261	-0.651558	2686	
0.626816	0.193156	2917	
-0.382176	0.534892	605	
-0.286774	-0.607643	622	
0.662056	-0.189459	2178	
-0.221448	0.692688	2682	
-0.662624	-0.271673	3114	
0.447186	-0.573037	814	
0.329114	0.673311	4538	
-0.742767	0.171020	4070	
0.191314	-0.782899	4342	
0.744702	0.284165	2863	
-0.569938	0.584529	3367	
-0.556885	-0.619890	3404	
0.749189	-0.408028	2452	
0.455405	0.741979	3878	
-0.820944	0.346162	1143	
-0.164284	-0.906812	441	
0.854169	-0.373038	2359	
0.332092	0.896565	2430	
-0.828050	0.516485	1999	
0.081604	-0.258494	4016	
0.590513	-0.204424	904	
0.194638	0.560155	2227	
0.625413	0.067191	1622	
0.191341	-0.089475	3091	
0.047226	0.700977	3996	
-0.170145	0.619849	2441	
-0.159622	-0.629597	4144	
0.652258	-0.055860	1698	
0.142408	0.670438	4198	
-0.596020	-0.311460	1688	
0.279961	-0.627558	2412	
0.555902	0.411231	2239	
-0.604781	0.367160	2506	
-0.439676	-0.562482	1504	
0.712912	-0.184026	3504	
0.080267	0.791363	4282	
-0.764668	-0.015267	3011	
0.297778	-0.734197	352	
0.726963	0.326908	4460	
-0.550939	0.601173	2951	
-0.600270	-0.576231	3883	
0.698701	-0.486538	2424	
0.624535	0.599668	427	
-0.700414	0.543473	579	
-0.420598	-0.810229	2034	
0.722502	-0.582684	1527	
0.667546	0.674783	1991	
0.196884	-0.070701	1090	
0.092765	-0.228531	4273	
0.033209	0.640951	3238	
0.047626	0.700890	3996	
-0.104202	0.665905	673	
-0.225190	-0.587761	745	
0.570319	-0.303772	2500	
0.252451	0.596241	1462	
-0.671956	-0.027244	1628	
0.007148	-0.754772	4506	
0.689643	-0.031965	2236	
-0.213491	0.696041	3381	
-0.704181	-0.125130	2383	
0.167179	-0.743001	1972	
0.683502	0.287105	3679	
-0.332807	0.683450	3043	
-0.694670	-0.326331	4669	
0.483753	-0.615987	2584	
0.634900	0.484243	3268	
-0.622888	0.527875	3680	
-0.572122	-0.604119	3819	
0.691156	-0.496190	2424	
0.662075	0.556684	2874	
-0.634071	0.617105	1072	
-0.572508	-0.705541	1177	
0.603043	-0.701873	1876	
0.837692	0.436969	1783	
-0.422954	0.868507	2794	
0.046122	0.516950	3024	
0.042228	0.700165	3996	
0.075521	0.687532	799	
-0.614068	-0.185841	743	
0.286412	-0.570590	3191	
0.371488	0.524311	831	
-0.602800	0.280730	3982	
-0.208292	-0.653823	680	
0.624326	-0.280907	3813	
0.254916	0.654486	3885	
-0.684480	0.190942	2662	
-0.408385	-0.584942	689	
0.603171	-0.407835	4582	
0.345388	0.661750	4154	
-0.638264	0.405367	3942	
-0.382148	-0.672274	1450	
0.713162	-0.334773	2930	
0.411155	0.689320	1640	
-0.763009	0.302004	4120	
-0.463956	-0.692915	4133	
0.739416	-0.422415	2452	
0.636965	0.585181	617	
-0.626476	0.623976	1072	
-0.632296	-0.649890	1041	
0.536539	-0.752243	4727	
0.895316	0.291093	985	
0.042100	0.698345	3996	
-0.020801	0.715120	3099	
-0.289489	-0.551436	2898	
0.651368	-0.045754	1698	
-0.060608	0.731081	428	
-0.451230	-0.489486	4357	
0.424281	-0.526232	1184	
0.511660	0.461174	1553	
-0.588210	0.389358	2950	
-0.573050	-0.424889	2263	
0.374865	-0.623468	1495	
0.615968	0.411047	3006	
-0.328849	0.684515	3043	
-0.747667	-0.161788	4150	
0.206349	-0.774788	4342	
0.786157	0.111673	4443	
0.070712	0.833862	4701	
-0.824630	-0.026089	3177	
-0.133398	-0.847290	608	
0.809979	-0.269308	3319	
0.544029	0.673600	834	
-0.682429	0.563128	4829	
-0.604229	-0.676081	1177	
0.532794	-0.754242	4727	
0.909806	0.237201	374	
-0.162563	0.948705	3492	
-0.943481	0.259650	2020	
0.048055	0.700835	3996	
-0.261766	-0.565762	1276	
0.494953	0.417825	4292	
-0.634830	0.202452	1274	
0.150832	-0.703563	953	
0.672200	0.157398	2927	
-0.396319	0.579477	1860	
-0.654216	-0.286218	3566	
0.210731	-0.719561	1455	
0.707730	0.213629	3162	
-0.038247	0.799786	1011	
-0.727552	0.214511	4100	
-0.287073	-0.725589	3717	
0.686562	-0.381699	735	
0.580939	0.546008	3538	
-0.447035	0.677715	3394	
-0.736754	-0.378095	1234	
0.297705	-0.797254	4823	
0.855269	-0.034161	3880	
0.283477	0.827892	4231	
-0.780364	0.421004	3137	
-0.481886	-0.770685	1351	
0.594966	-0.706756	1876	
0.899253	0.274720	985	
-0.151816	0.949910	683	
0.051411	0.699126	620	
-0.329271	-0.528135	4129	
0.322837	0.553809	3217	
-0.520376	-0.418033	906	
0.617690	-0.291506	3774	
0.012835	0.768037	891	
-0.701602	-0.129057	2043	
-0.054706	-0.776484	4321	
0.736021	0.029762	3173	
0.138037	0.769322	1415	
-0.681072	0.328613	1409	
-0.506250	-0.575824	4367	
0.523269	-0.579871	3020	
0.739959	0.288588	2863	
-0.047562	0.838139	4106	
-0.822409	0.034169	3985	
-0.417986	-0.721198	3874	
0.671144	-0.519117	2903	
0.792973	0.332555	2882	
-0.142335	0.876696	3269	
-0.881883	0.129762	947	
-0.245624	-0.882445	377	
0.705459	-0.598774	425	
0.856082	0.391595	373	
-0.236871	0.932369	1155	
-0.943036	0.256862	2020	
-0.084993	-0.695759	808	
0.142252	-0.658487	2490	
0.626403	-0.169559	2183	
-0.324491	0.567330	2979	
0.184081	-0.682559	624	
0.513125	0.456879	1553	
-0.701756	0.109433	3064	
-0.250370	-0.681670	1762	
0.704740	-0.193905	3590	
0.201192	0.738901	1413	
-0.670841	0.346978	2647	
-0.551559	-0.530749	2826	
0.464289	-0.627528	1790	
0.767203	0.201964	391	
0.170381	0.805725	4096	
-0.741869	0.342496	2671	
-0.639613	-0.526511	4512	
0.358494	-0.767868	1654	
0.852409	-0.064708	4230	
0.520629	0.690765	925	
-0.591017	0.654328	4689	
-0.850338	-0.285218	3051	
0.133000	-0.913510	1440	
0.838109	-0.399185	4093	
0.734966	0.594029	2406	
-0.398674	0.876568	1444	
-0.224625	-0.639646	1150	
0.016133	-0.752952	4506	
0.507100	-0.446710	2026	
0.441659	0.524363	1943	
-0.689429	0.164802	3249	
-0.283493	-0.661672	4696	
0.705447	-0.189557	3590	
0.144096	0.765598	1415	
-0.704230	0.275103	2980	
-0.488323	-0.589344	1685	
0.524465	-0.577088	3020	
0.751693	0.253194	3299	
0.146044	0.813446	3864	
-0.699648	0.417212	2147	
-0.688623	-0.458111	1285	
0.194920	-0.833817	4084	
0.807204	-0.270740	3319	
0.727767	0.458840	3452	
-0.161106	0.871600	3845	
-0.848279	0.261023	923	
-0.514995	-0.745496	1123	
0.478699	-0.786486	1663	
0.927481	-0.094687	1104	
0.465046	0.827645	2356	
-0.980634	-0.012698	2543	
-0.658590	-0.270915	2544	
-0.590296	-0.396631	2263	
-0.295285	-0.654190	4696	
0.499646	-0.521739	2530	
0.598062	0.431428	2644	
-0.298413	0.698749	3071	
-0.758831	0.024200	3493	
-0.177205	-0.775400	4614	
0.676084	-0.393871	735	
0.666957	0.429958	1417	
-0.111564	0.827225	501	
-0.782317	0.237034	3614	
-0.630159	-0.535903	4512	
0.235765	-0.819651	4623	
0.799084	-0.291034	3319	
0.762565	0.395136	2563	
0.062905	0.884345	4487	
-0.748423	0.469547	3360	
-0.803204	-0.399883	2901	
0.148533	-0.909937	387	
0.789396	-0.483288	2272	
0.884928	0.311153	4339	
-0.008950	0.958457	564	
-0.816021	0.525032	1999	
-0.324686	0.682613	3043	
-0.457604	0.593482	2010	
-0.662854	0.357223	4993	
-0.745483	-0.151359	4150	
-0.329187	-0.697783	479	
0.525234	-0.574277	3020	
0.765542	0.200215	391	
0.313384	0.740443	563	
-0.469002	0.658468	3333	
-0.798474	-0.201186	1005	
-0.403005	-0.727344	3788	
0.473302	-0.698018	3559	
0.843830	-0.119716	4170	
0.703722	0.493566	2245	
0.010922	0.887446	602	
-0.736023	0.486979	4781	
-0.839266	-0.312928	4272	
-0.097359	-0.914193	812	
0.650065	-0.653615	2820	
0.932384	0.007281	4335	
0.490286	0.810774	2336	
-0.492683	0.826729	2016	
0.780895	-0.090123	2437	
0.787138	0.042456	2897	
0.717794	0.333644	4460	
0.512193	0.606337	2684	
-0.075362	0.832541	4447	
-0.557976	0.584064	2951	
-0.799814	-0.191591	1005	
-0.478872	-0.675686	4133	
0.308175	-0.789023	3628	
0.772520	-0.349570	2814	
0.823096	0.232543	2836	
0.458773	0.731795	3878	
-0.317003	0.819581	616	
-0.820648	0.329379	4068	
-0.787328	-0.428425	2194	
-0.058309	-0.917954	857	
0.624043	-0.676882	4442	
0.926164	-0.089579	1104	
0.701813	0.629159	2740	
-0.226119	0.931669	1155	
-0.957628	-0.218385	2746	
-0.707417	-0.421500	1151	
-0.666846	-0.484370	1285	
-0.556097	-0.610145	3819	
-0.329835	-0.765316	3476	
0.142244	-0.844299	3309	
0.627275	-0.562659	881	
0.842801	-0.115558	4170	
0.788195	0.332782	2882	
0.450311	0.735939	3878	
-0.233824	0.849074	2779	
-0.756949	0.451906	3360	
-0.886667	-0.068490	4833	
-0.563926	-0.702051	2915	
0.265328	-0.879326	2006	
0.735723	-0.555859	4556	
0.930957	0.003703	4335	
0.692075	0.638654	2740	
-0.151096	0.945559	683	
-0.976721	-0.059325	3994	
0.757749	0.395833	2563	
0.747210	0.416030	2164	
0.679340	0.522022	4291	
0.528006	0.678478	834	
0.250825	0.834078	688	
-0.225894	0.850245	2879	
-0.673794	0.563788	4829	
-0.857696	0.214423	4959	
-0.847708	-0.277526	3107	
-0.520921	-0.734217	1123	
0.195015	-0.897652	4893	
0.648729	-0.651394	2820	
0.896061	-0.235460	3915	
0.891949	0.276445	985	
0.465750	0.823151	2356	
-0.315021	0.904354	3544	
-0.818608	0.515018	1999	
-0.975790	-0.058536	3994	
-0.880619	-0.102187	4713	
-0.877609	-0.129991	4469	
-0.856908	-0.236601	4655	
-0.779393	-0.434904	2194	
-0.611766	-0.655153	1041	
-0.305401	-0.852576	3715	
0.226940	-0.888324	3307	
0.580745	-0.709742	4274	
0.807546	-0.444721	3838	
0.924022	-0.082236	1104	
0.874620	0.326330	4339	
0.568055	0.751937	4237	
-0.096723	0.950577	536	
-0.641190	0.716735	2283	
-0.930177	0.277149	2614	
-0.953125	-0.225913	2746	
0.864265	-0.319747	4758	
0.869111	-0.307749	4628	
0.891000	-0.241926	3915	
0.917245	-0.121507	1078	
0.926476	0.050728	4793	
0.891627	0.268640	985	
0.799816	0.483141	4250	
0.544086	0.768110	4621	
0.140213	0.940358	1152	
-0.381905	0.876420	1444	
-0.732512	0.624280	1891	
-0.964567	-0.155483	2774	
-0.288221	-0.954757	3661	
-0.257205	0.916731	1155	
-0.267970	0.913973	1155	
-0.356316	0.884398	1159	
-0.475413	0.828407	2016	
-0.760656	0.587830	2407	
-0.959091	0.144261	1923	
-0.965569	-0.135230	2077	
-0.741172	-0.649128	1890	
-0.845217	-0.492213	1926	
-0.830212	-0.519583	1996	
-0.651556	-0.739076	1871	
