time = 359.6	Re = 90
0.888992	0.250829	363	
0.541564	0.175857	590	
-0.188680	0.932978	5145	
-0.269039	-0.031153	1033	
0.605645	-0.541124	1767	
0.018271	0.802803	1995	
0.429098	-0.218407	632	
0.893976	0.422285	560	
-0.447186	-0.608707	4532	
0.318575	0.699174	3543	
0.327491	-0.095459	3308	
-0.707599	-0.247010	3633	
0.685502	-0.251947	3344	
0.225911	-0.163205	5662	
0.651382	0.392845	3260	
-0.074461	-0.765545	4866	
-0.122973	-0.464709	3758	
0.446719	-0.805817	5354	
0.730095	-0.608302	2489	
0.554422	0.771826	2382	
0.251913	-0.258154	3500	
0.059877	-0.717768	5686	
0.009801	-0.275156	5537	
0.255843	-0.545858	1848	
0.288021	-0.428304	2688	
0.414572	-0.324158	1853	
-0.310626	-0.572842	1918	
-0.370322	-0.190846	937	
-0.679839	0.543660	3601	
0.276412	-0.195822	3278	
0.271869	-0.096228	4290	
-0.038596	-0.871031	5253	
-0.010959	0.405008	1418	
-0.115401	-0.943434	5197	
-0.447381	-0.326017	2889	
0.485843	0.722477	4382	
0.811857	-0.044547	1133	
0.280211	-0.641237	2561	
-0.464890	-0.292916	4657	
0.503814	0.631128	1317	
-0.809676	-0.498899	1030	
0.918561	0.249455	363	
-0.091075	-0.622165	1867	
0.377912	-0.368856	3805	
-0.261940	-0.294522	1307	
-0.025754	0.684278	3471	
-0.142612	-0.257793	4859	
0.204022	-0.287657	4036	
-0.315137	-0.514881	2773	
0.798703	-0.142958	1997	
-0.257911	0.525847	500	
0.223078	-0.925157	5595	
-0.171383	-0.600467	4924	
0.259162	-0.782269	3009	
-0.631034	0.193363	2908	
-0.095803	0.273985	3883	
0.300684	-0.794725	3926	
0.324621	-0.785410	429	
0.411402	0.732351	367	
0.908984	-0.388793	940	
-0.114608	-0.377569	3814	
-0.157411	0.326638	2790	
-0.722397	0.394043	2658	
-0.184104	-0.464487	3062	
0.013050	0.653120	4285	
0.748205	-0.444182	4038	
0.183135	-0.971817	4894	
0.093178	0.834866	3823	
0.489228	-0.257482	2312	
0.217660	-0.964657	4643	
-0.087048	-0.460166	5449	
0.213917	-0.349406	3513	
-0.605874	-0.167134	5126	
0.468178	-0.380971	1802	
-0.566176	0.469913	4694	
-0.603898	0.069025	1145	
0.738198	-0.332352	3201	
0.257821	-0.916138	5461	
0.237968	-0.520557	320	
0.054777	0.525544	2443	
0.614336	-0.617356	433	
-0.536101	0.454735	581	
-0.659836	-0.379509	2396	
0.150011	-0.811423	2534	
0.889844	-0.430759	923	
0.569780	-0.254818	2411	
-0.343098	0.054835	2875	
0.796494	-0.349199	3136	
-0.359082	-0.573748	2557	
-0.837679	-0.137108	4129	
-0.245271	-0.650126	1514	
0.100447	-0.714342	981	
0.175692	0.728137	286	
0.474489	-0.150172	2473	
-0.335593	-0.227790	2242	
-0.708140	-0.634683	4431	
0.336728	0.111388	2807	
0.444778	0.680392	2037	
-0.076790	-0.316509	290	
-0.736073	0.464277	3712	
0.457295	-0.515405	2524	
0.043978	0.250183	5660	
-0.176930	-0.540251	1745	
0.981653	-0.117630	1485	
-0.191865	0.398118	4235	
-0.541660	-0.397505	3687	
-0.230376	-0.434632	3391	
-0.281395	-0.356047	1955	
-0.330963	0.892601	491	
-0.731623	-0.424350	4868	
0.451530	-0.371896	5687	
-0.521021	-0.644574	2332	
0.910260	-0.134237	835	
0.429124	-0.458077	1568	
-0.026425	0.683989	3471	
-0.570428	-0.160349	5103	
0.842745	0.126800	3997	
0.311269	0.740826	3374	
-0.726906	-0.670308	4194	
0.450402	-0.748714	3492	
0.860117	-0.392538	1971	
0.432328	0.755155	3055	
0.332202	0.692667	1722	
-0.565081	-0.343537	1812	
-0.648217	0.164225	470	
-0.865270	-0.149721	4134	
0.769047	0.180559	1120	
-0.244255	0.708265	4977	
-0.629056	0.602185	4313	
0.558592	-0.161876	457	
-0.040356	0.216186	697	
0.357436	0.604542	3024	
-0.783623	-0.317355	4186	
-0.474573	-0.132278	4257	
-0.570074	0.056998	4662	
0.083985	0.725374	2023	
-0.024397	0.688346	3471	
-0.365732	-0.528748	2602	
-0.335540	-0.929920	2990	
0.950926	0.024787	727	
-0.818563	-0.105541	3694	
-0.755636	-0.577425	1972	
-0.874547	0.000900	5624	
-0.796916	0.160387	5619	
-0.228350	-0.533527	2841	
-0.854853	-0.201190	3303	
0.046368	-0.267357	5586	
-0.646550	0.653202	5682	
-0.153914	0.565100	483	
-0.496416	-0.679843	2363	
0.276537	-0.123696	4650	
-0.605459	0.538495	1753	
-0.609696	0.086566	2117	
-0.424617	-0.892770	1791	
0.441927	0.590116	4693	
0.487435	-0.694501	4360	
-0.266020	-0.396628	2230	
0.265062	-0.698347	2115	
-0.803682	0.251875	593	
0.741630	0.298561	4654	
0.316731	0.661841	3810	
0.299678	-0.172627	1157	
0.950337	0.273089	4566	
-0.308646	-0.532681	5026	
-0.112670	0.403475	1152	
-0.335448	0.063724	3580	
-0.938416	0.150307	4426	
-0.360833	0.851614	634	
0.515049	-0.382016	2591	
-0.401422	-0.239813	2770	
0.409788	-0.323925	1853	
-0.696130	0.374158	2377	
0.293565	-0.797518	3926	
0.298903	-0.304583	1503	
-0.754776	-0.329375	3247	
-0.180480	-0.704952	1456	
0.822716	0.191154	3856	
0.340264	-0.610533	4347	
0.287440	-0.297908	1503	
-0.612936	-0.620195	3728	
0.447684	0.838567	5318	
0.186581	-0.422227	3983	
0.561822	-0.163486	457	
-0.183155	0.833311	5565	
-0.524989	-0.352488	811	
0.776465	0.320464	4368	
-0.040829	-0.845629	5195	
-0.496306	0.055357	3832	
-0.315279	-0.661771	3820	
0.145740	0.712324	4639	
0.663236	0.334838	1524	
-0.365488	0.667261	2822	
-0.152443	-0.197674	5638	
0.734251	0.468127	5177	
0.200178	0.897023	4836	
0.140531	-0.941168	854	
-0.467913	-0.452463	4482	
-0.724532	-0.292176	1934	
0.075876	0.344037	4284	
0.637828	-0.755325	2920	
0.364231	-0.214106	4732	
0.916664	-0.234857	1733	
0.704155	-0.401917	2390	
0.292996	0.762729	3725	
-0.194260	-0.550382	2402	
-0.246880	-0.009240	5676	
0.456997	0.207770	1222	
-0.299810	0.533663	5186	
-0.339479	-0.887790	316	
-0.104421	0.801738	1171	
-0.428121	-0.302053	2245	
0.949712	0.275275	5514	
0.383714	0.164280	1287	
0.539215	-0.335300	2555	
-0.208802	-0.126854	4629	
0.025648	-0.682059	3000	
0.421081	0.066085	4199	
0.716525	0.386445	5049	
0.436700	0.623241	1705	
-0.620290	-0.328138	1545	
-0.588194	-0.243645	1420	
0.416425	-0.855058	924	
-0.709985	-0.389622	4627	
-0.552657	-0.673495	3727	
-0.197863	-0.551698	2402	
0.685372	0.659126	745	
-0.556641	0.379354	3922	
-0.201872	0.526143	5283	
0.665965	0.329915	1524	
-0.492037	0.687917	3347	
0.988027	0.037650	4557	
0.948362	0.279811	5514	
-0.587511	-0.587697	2674	
-0.041342	0.376317	1619	
0.007452	-0.462608	5724	
-0.670238	-0.220723	1441	
0.590134	-0.553276	1975	
-0.389028	-0.233908	3533	
0.573168	-0.197280	1906	
0.533467	-0.344800	2555	
0.505850	0.662460	2683	
0.436444	-0.690435	4064	
-0.181130	0.515308	5390	
0.949907	0.274548	4566	
-0.007385	0.591383	3881	
-0.230736	-0.921065	391	
-0.167851	0.494828	2436	
-0.183473	-0.901046	5647	
-0.191618	-0.702352	1456	
-0.200449	-0.403239	3395	
0.076466	0.413088	4825	
0.680393	-0.051244	1308	
-0.300638	-0.363212	1915	
0.401928	-0.233144	2441	
0.019671	0.293223	4497	
0.938027	0.161756	2598	
0.781060	-0.179406	3416	
-0.762131	-0.515401	3394	
-0.705434	0.179734	1515	
-0.656012	-0.253842	1823	
-0.943978	0.113167	869	
-0.287235	-0.545218	4383	
0.815958	-0.048243	1185	
0.460283	-0.306808	463	
-0.201815	-0.399349	3395	
0.105342	0.783517	4346	
-0.504821	0.711575	4007	
-0.950914	0.014325	958	
0.856597	-0.151394	5231	
-0.437107	-0.060736	4829	
-0.203764	0.801650	5204	
0.807178	-0.441053	4660	
-0.224008	0.715908	5342	
0.333401	-0.550858	2897	
0.770278	-0.050538	347	
-0.499693	-0.193599	4519	
0.279670	-0.121863	3399	
0.688065	0.032410	1122	
-0.304194	-0.804604	4638	
0.834368	-0.530209	3322	
0.525115	-0.756305	362	
0.716289	0.081371	3915	
-0.024862	0.690379	3471	
-0.171818	0.906600	5158	
0.033488	0.385009	2490	
-0.538970	0.361510	3013	
0.609853	0.690248	5480	
0.137034	-0.705518	1193	
0.342109	-0.548178	4928	
-0.291173	0.584430	1528	
-0.110995	-0.632765	1385	
-0.261223	-0.913751	1173	
0.826640	0.292047	2676	
-0.221353	-0.312432	2204	
-0.745274	-0.649873	2165	
0.084538	-0.848276	4462	
0.805133	0.185649	3410	
-0.006779	0.567610	3059	
0.447387	-0.111854	3561	
-0.721816	-0.212693	1352	
0.031646	-0.683527	4231	
-0.150061	0.540130	284	
-0.100416	-0.589273	2405	
-0.280552	0.596541	1484	
0.566941	0.585094	2335	
0.630643	0.194376	603	
-0.154401	0.568350	4974	
0.424938	0.815214	4225	
0.676193	0.310868	1415	
-0.093784	-0.289877	5331	
0.817577	0.087274	3695	
-0.439490	-0.738965	481	
-0.514516	0.704375	4007	
-0.595642	-0.553558	2389	
-0.028197	0.697724	3471	
0.962317	0.227757	2191	
0.602924	-0.122149	579	
-0.414880	-0.647828	4436	
0.302918	-0.114831	3399	
-0.288490	-0.693682	3361	
0.702175	-0.464278	3066	
0.185624	-0.283182	4036	
0.519914	-0.304910	1850	
0.343236	-0.054603	2778	
0.596767	-0.111025	351	
0.126307	0.829551	4808	
0.405002	-0.350746	2180	
0.124311	0.856691	3838	
0.375413	0.550139	2616	
-0.369815	-0.308261	629	
-0.237403	-0.173263	2435	
0.775531	-0.002897	5018	
0.088608	-0.330232	1910	
-0.145473	0.835788	4084	
-0.301586	0.795705	4429	
-0.510340	-0.484065	766	
0.563439	-0.282652	2927	
0.572904	-0.200026	1906	
-0.407924	0.615950	2046	
0.096420	-0.237234	486	
0.534517	-0.506462	5501	
-0.428188	-0.146426	4454	
0.091504	0.764044	3173	
-0.052261	0.784819	3981	
0.538943	0.783379	5585	
0.258580	-0.886527	5558	
-0.432897	0.597786	3325	
0.676237	-0.278198	3302	
-0.025151	-0.920772	3451	
0.923209	0.022376	4337	
0.519097	-0.302397	1863	
0.505250	-0.849873	4016	
-0.169892	-0.419723	892	
-0.851381	-0.354123	1738	
0.817780	-0.555494	3754	
-0.574787	-0.463954	1518	
0.797410	0.297464	5493	
-0.235262	-0.624607	4500	
-0.005299	0.873850	498	
0.339844	-0.888523	371	
-0.214355	-0.965187	2728	
0.160685	0.849356	332	
-0.274501	-0.504391	5042	
0.435222	0.669586	1655	
0.697965	0.035822	1122	
-0.645175	0.421095	1289	
-0.597130	-0.368729	2609	
-0.563888	0.472748	4694	
-0.759303	0.079042	5402	
0.632251	-0.238762	2316	
-0.124168	-0.289301	4498	
0.581636	0.649198	4618	
-0.884455	-0.350694	5464	
0.813723	0.005192	836	
0.675750	-0.668418	4819	
-0.942397	0.123775	869	
0.575732	-0.653660	2754	
-0.076592	0.389466	1249	
-0.112102	0.404269	1152	
0.609532	0.688937	5480	
-0.248322	-0.034009	1033	
0.153662	-0.763732	4147	
0.133721	-0.263599	4475	
-0.592402	0.702760	4414	
-0.605728	-0.548296	2737	
-0.323948	-0.267853	4317	
0.654732	0.688690	5555	
-0.044961	0.409937	4416	
-0.219582	-0.449901	953	
-0.106697	0.381627	1330	
-0.183062	-0.457443	3062	
0.835996	0.452294	321	
0.109962	-0.819871	3671	
0.370368	-0.364024	3659	
-0.525754	0.540043	4241	
-0.920678	-0.242018	5307	
0.312321	-0.220272	2027	
0.492080	0.155052	3258	
0.643176	-0.699825	5561	
0.566900	-0.585991	3825	
-0.095163	-0.277050	5331	
-0.662193	0.356524	1348	
-0.159644	-0.937000	631	
-0.510956	0.445997	2949	
-0.225139	-0.923007	340	
0.743376	0.150613	4581	
-0.506349	0.625154	2169	
-0.531529	0.386690	5251	
0.250777	0.589556	2586	
0.087155	0.646766	3402	
-0.533763	-0.559632	1726	
-0.437109	-0.062484	4829	
0.485287	-0.208084	2244	
-0.121661	-0.461686	3758	
0.565712	-0.345989	4481	
-0.075600	0.268781	440	
-0.948344	0.068974	5023	
0.222536	-0.368373	3802	
-0.725560	0.081490	3602	
0.153710	0.795748	5404	
-0.257129	0.723766	3305	
-0.125955	-0.219931	620	
-0.786152	-0.535495	907	
-0.415341	-0.343379	2832	
0.021290	-0.684898	3000	
-0.473526	0.092098	3920	
-0.869451	0.298604	3287	
0.508024	-0.581462	5155	
-0.129591	-0.715493	1091	
0.513168	0.703721	3056	
-0.292439	0.586195	1528	
-0.393040	-0.740357	726	
-0.458967	-0.425944	2573	
0.456445	0.721038	4382	
0.800037	-0.027038	294	
-0.368791	-0.036484	2000	
0.349101	0.796267	4349	
-0.520406	-0.205332	761	
0.707837	-0.157983	2113	
0.780240	-0.217450	4628	
0.541702	-0.530388	5501	
0.570247	-0.465132	4117	
0.760667	-0.276791	2055	
-0.461441	-0.237911	2664	
-0.331225	-0.768737	2782	
-0.367041	-0.075554	1495	
-0.375860	0.067472	1647	
-0.745328	-0.456332	2695	
-0.390544	-0.584150	846	
0.010240	-0.815079	2437	
-0.080790	-0.783593	951	
0.892984	-0.220707	1957	
-0.273451	-0.252343	4851	
0.807154	-0.500605	5162	
0.086750	0.915694	4365	
-0.090550	-0.447549	5449	
0.557872	-0.090278	1168	
0.287991	-0.298533	1503	
0.448715	-0.171542	3444	
0.821454	-0.271119	2719	
-0.328574	-0.368291	2743	
-0.030822	-0.920515	3451	
-0.169008	-0.935282	631	
0.761189	0.148288	4784	
-0.079725	-0.828193	4570	
-0.817869	0.295966	5176	
0.861509	0.403623	560	
0.283614	0.612795	1612	
0.300823	-0.477930	2197	
-0.483252	-0.603288	1153	
-0.450877	-0.283596	2420	
0.165490	-0.908067	4537	
-0.082102	0.392436	1249	
-0.117794	-0.981659	1482	
0.170109	-0.391235	1365	
-0.297310	-0.419646	2308	
0.809298	-0.214924	4858	
0.026372	0.375330	2490	
0.016454	0.290400	4497	
0.481550	-0.178788	2409	
-0.263849	0.496766	1470	
-0.752818	-0.035998	1075	
-0.225772	-0.693463	1500	
0.915623	0.260081	363	
-0.025166	0.691165	3471	
0.175940	-0.931535	5224	
-0.461446	-0.437835	2573	
-0.573064	-0.372787	2315	
-0.285464	-0.291385	1266	
0.100656	0.536292	5076	
0.424408	0.849884	5275	
-0.980563	0.126560	460	
0.243846	-0.386162	3826	
0.397261	-0.172739	2709	
-0.983940	-0.100150	4420	
-0.747257	0.382992	3872	
-0.741649	-0.348658	3511	
0.002988	-0.467114	5724	
-0.201227	-0.928552	565	
-0.687925	0.036304	1121	
-0.802975	-0.024371	1259	
-0.128555	0.748927	4733	
-0.562581	-0.766088	2516	
-0.603034	0.062482	1145	
0.281037	-0.190009	3278	
-0.574681	-0.161004	5123	
-0.534965	0.683528	4003	
0.462209	-0.707420	3518	
0.714318	0.278646	1543	
0.276293	-0.692830	2535	
0.714837	0.448585	5650	
-0.870546	-0.380780	2049	
-0.497774	-0.309160	550	
0.227035	0.714739	1374	
0.208643	-0.194335	300	
0.403918	0.827613	5612	
0.392985	-0.833927	751	
0.085651	0.946646	489	
-0.056717	-0.949344	5506	
0.680724	-0.265247	3302	
0.321988	-0.112545	3308	
-0.532339	0.021772	4024	
0.750142	-0.532454	5721	
0.351246	-0.017422	2697	
0.214906	-0.477177	3002	
-0.262069	0.530820	500	
0.322227	-0.204825	2027	
-0.600370	0.022841	833	
-0.652847	-0.260947	1823	
0.025213	0.424457	2065	
0.503094	-0.297780	1863	
0.222337	0.733676	1563	
0.396719	-0.485644	437	
-0.291550	0.905864	444	
-0.285344	-0.754157	2410	
-0.081099	0.372246	1225	
-0.437256	-0.056030	4829	
-0.660459	-0.338325	3147	
0.512673	-0.213752	2888	
0.405161	-0.399863	4883	
0.360828	-0.396452	622	
-0.264259	0.514229	500	
0.876317	0.370396	5410	
0.300361	-0.094015	3645	
-0.408092	-0.612187	5499	
-0.522191	0.794737	5467	
-0.527686	-0.194479	5188	
-0.118212	-0.301589	4498	
0.105029	0.864244	3838	
0.835470	0.454493	321	
0.079993	-0.919152	929	
-0.863238	0.126873	3268	
0.097179	-0.946637	4067	
0.033560	-0.804895	1006	
-0.222785	0.849027	368	
-0.536135	0.747894	5337	
0.884111	-0.348645	795	
0.124061	-0.749379	801	
0.443927	-0.447066	1828	
0.544220	0.645645	3026	
-0.437562	-0.053090	4829	
-0.532444	-0.833020	3703	
0.426064	-0.630850	3237	
-0.650533	0.536555	2682	
0.447539	-0.122325	2910	
-0.161326	0.457029	4004	
-0.528145	0.058632	4045	
0.095150	-0.327026	1910	
0.684951	-0.712820	1924	
-0.025813	-0.872607	3851	
-0.191078	-0.515505	2775	
-0.234550	-0.534240	2841	
-0.275478	-0.877028	5215	
-0.634268	-0.516028	3090	
0.420470	-0.681106	2774	
-0.113731	-0.371414	3814	
-0.187792	-0.300755	3588	
-0.622983	0.228493	1832	
0.448759	-0.066447	4562	
-0.468703	0.631514	1787	
-0.857671	0.409577	298	
-0.482337	-0.557681	1699	
-0.003400	0.276725	4548	
0.921314	-0.008991	5516	
-0.418257	-0.445002	1781	
-0.943825	0.114132	869	
0.273049	-0.124182	5639	
0.312882	0.663477	3810	
0.792917	0.206992	2714	
0.250776	-0.270024	3500	
-0.644018	-0.545484	3747	
0.026976	-0.330887	2620	
-0.424799	0.851133	5636	
-0.452142	-0.110002	5699	
0.907524	0.168751	4961	
-0.283112	-0.907138	5395	
0.666947	-0.676871	4819	
-0.790546	-0.171379	5311	
-0.244911	-0.687789	2071	
-0.262882	-0.207344	1794	
0.431854	-0.316981	2454	
-0.730504	0.059680	5068	
0.903709	-0.171096	5600	
0.420128	-0.895108	1630	
-0.407788	0.660710	1708	
-0.436523	-0.163562	4344	
0.089135	0.438821	4915	
0.855023	0.094009	4438	
-0.135157	-0.265402	4859	
-0.298557	0.590993	1528	
0.872871	-0.290115	3296	
-0.533969	0.588273	1072	
-0.376198	-0.092654	1682	
0.291001	-0.499033	4651	
-0.581800	0.648660	2741	
-0.848625	-0.225476	618	
0.555857	-0.159503	457	
0.826657	-0.270269	2719	
0.426796	0.690943	4325	
-0.482407	-0.257927	2222	
0.245027	-0.707694	3084	
0.500879	0.158475	4046	
-0.596532	0.740225	5171	
0.233919	-0.515432	320	
-0.470728	-0.300215	4227	
-0.157951	0.348207	983	
-0.069683	0.442006	5011	
-0.498366	-0.144755	3211	
-0.740262	-0.296964	1934	
-0.738382	-0.147248	2944	
-0.162604	0.482852	2621	
-0.692263	0.202278	1116	
-0.392853	0.712186	4783	
0.565771	-0.271061	2927	
-0.216534	-0.657814	1180	
0.193348	-0.830360	1860	
-0.161746	-0.521565	1745	
-0.512613	0.058751	4141	
-0.745014	-0.347486	3511	
-0.787242	0.474888	5439	
0.932702	-0.183003	2048	
0.025189	0.518470	3411	
0.157307	-0.938639	3843	
-0.858858	-0.183550	4262	
-0.165719	0.622474	382	
-0.497977	-0.193400	4519	
-0.297711	-0.701586	3361	
0.335650	0.005146	5005	
0.413025	-0.420804	5082	
-0.084280	0.810032	2070	
-0.152216	-0.197750	5638	
0.539837	-0.531745	4492	
0.014759	0.431041	471	
0.117681	0.804395	3008	
-0.763734	-0.425808	547	
-0.378701	-0.519705	2249	
0.548554	-0.288013	2354	
0.339094	0.156056	1679	
-0.407112	0.002101	3891	
-0.481635	0.050048	3832	
-0.619081	0.721330	5377	
0.025137	0.263032	5160	
0.183304	0.644755	2513	
0.779553	0.543765	5570	
-0.725532	0.081678	3602	
0.022895	0.267903	5160	
0.649195	0.266647	897	
0.062556	0.730032	1688	
0.500587	-0.491223	4780	
-0.116281	-0.981852	1482	
-0.206816	-0.324232	2505	
-0.019439	-0.534700	3929	
-0.316744	-0.405250	1760	
-0.067662	-0.463961	5161	
0.923768	0.229737	957	
0.355938	0.880738	4948	
-0.890965	-0.334234	505	
-0.632246	-0.710239	4886	
0.686485	-0.612279	279	
-0.485893	-0.580491	1942	
0.566887	-0.319809	2880	
0.199646	-0.246700	4871	
-0.491323	-0.298383	550	
0.309378	-0.254428	2061	
0.616070	-0.329541	767	
-0.240884	0.709800	4977	
0.663555	-0.309849	2518	
-0.126639	-0.281610	4498	
0.452216	-0.681742	3775	
-0.118881	-0.784432	3432	
-0.754724	-0.077394	1721	
-0.462521	-0.593925	1029	
-0.426299	-0.384575	5486	
-0.783533	0.537802	5260	
-0.814456	0.310696	4647	
-0.616886	-0.281497	2957	
-0.155788	-0.789892	3918	
0.547193	-0.293095	2354	
0.760436	-0.081223	999	
0.550908	0.674843	3748	
-0.697575	0.645404	5584	
-0.746639	-0.138995	4125	
-0.321927	-0.807536	3962	
0.182583	-0.971945	4894	
-0.372052	-0.078541	1682	
-0.729529	-0.561873	2989	
0.072475	0.947743	489	
0.852697	0.209728	5623	
-0.000410	-0.950973	5143	
-0.948344	0.066832	5023	
0.021265	-0.684776	3000	
-0.418505	-0.413249	1849	
0.136656	0.598358	1455	
-0.270124	-0.086662	423	
0.730764	-0.560560	4301	
0.025180	-0.682171	3000	
0.224099	-0.501471	4609	
-0.134318	-0.771821	1363	
0.198565	-0.040407	607	
-0.156768	-0.793592	3918	
0.690593	0.034405	1122	
0.643584	0.169925	306	
0.808765	0.156888	2468	
0.782625	0.332051	1776	
0.731358	-0.558007	4301	
-0.788440	-0.315650	4186	
0.029505	-0.261975	5586	
0.377294	-0.417481	647	
-0.005133	0.299045	4548	
-0.193507	0.537342	5614	
0.555222	-0.594039	599	
-0.241909	-0.250922	586	
-0.908456	-0.283553	4828	
0.701513	0.030188	1122	
-0.294325	-0.670459	3820	
-0.143892	-0.462019	3208	
-0.620049	-0.437381	3222	
-0.299899	-0.521797	2773	
0.151007	0.802080	5404	
0.409188	-0.641437	5485	
0.381828	-0.039369	1088	
-0.266723	0.780775	3544	
-0.483329	-0.317998	2105	
0.207843	0.895277	435	
0.965337	0.214626	3224	
0.287641	-0.466635	2391	
0.313570	-0.214299	2027	
-0.118251	-0.431602	3708	
-0.494799	-0.377644	3087	
0.203702	-0.209112	370	
-0.223414	0.440804	2864	
-0.583333	-0.279142	3598	
0.592156	-0.373928	793	
0.027022	0.452072	471	
-0.718080	0.118782	4440	
-0.063482	0.949169	2083	
0.692209	0.022741	3507	
-0.801077	0.140277	3699	
0.753459	0.090902	1660	
0.784171	0.484121	3286	
0.473481	-0.610480	3526	
-0.328619	0.577810	1564	
0.361742	-0.182206	4367	
0.190844	-0.764614	4590	
0.357944	0.185177	1488	
-0.158387	-0.520633	2078	
-0.154604	0.838948	4084	
0.085394	-0.985203	3285	
0.367786	-0.112247	2883	
0.146281	0.797864	4614	
0.462525	-0.831264	4994	
0.697249	0.601332	3042	
0.023478	-0.694901	3000	
0.653530	-0.332010	1060	
-0.601788	0.628139	2192	
-0.099073	-0.559787	2947	
-0.839617	0.069805	3265	
-0.211252	-0.320848	1987	
-0.035648	0.696300	1081	
0.744899	-0.590253	2041	
-0.378733	-0.014182	1429	
0.699400	0.318676	2150	
-0.135774	-0.528713	1099	
0.695273	0.036405	1122	
0.332258	-0.503576	5720	
0.014253	0.409021	2065	
0.570213	0.367052	2545	
0.312101	-0.248243	2061	
-0.425106	-0.384347	5486	
-0.759814	-0.309714	1998	
0.718474	-0.492035	3779	
-0.107636	0.483315	5085	
0.018421	-0.988668	1460	
-0.407685	-0.696222	704	
-0.177042	0.637466	5607	
0.380873	-0.238570	2477	
0.830925	-0.137626	4185	
0.530332	-0.225089	3082	
-0.336745	0.683648	2309	
-0.186459	0.841734	5565	
0.475335	0.260214	2241	
0.947603	0.076176	5047	
-0.345712	0.581822	1801	
0.573682	-0.513262	1707	
-0.900142	-0.409474	1749	
-0.736860	0.600171	762	
0.327005	0.065910	4085	
0.425865	0.628761	1611	
-0.264310	-0.331323	2324	
-0.332183	-0.693780	2069	
0.170506	-0.398298	1365	
0.685160	0.022631	3507	
-0.150167	-0.349004	2548	
-0.844655	0.362924	4376	
0.715121	-0.626087	279	
-0.162686	-0.240956	374	
0.499280	0.263937	2492	
-0.811642	0.491496	744	
-0.457533	0.578375	3927	
0.500597	0.230122	1731	
-0.943498	-0.296717	3243	
0.354631	-0.184232	938	
0.369633	0.190945	1488	
-0.621904	0.609637	4313	
-0.785973	0.296239	4592	
0.226903	-0.117141	5489	
0.329040	-0.783197	3593	
-0.029565	0.700272	3471	
0.580160	0.650439	4618	
0.333781	0.885807	5388	
0.419802	-0.853501	924	
-0.283820	-0.353418	1955	
0.208598	-0.188611	300	
0.089218	0.578861	1203	
-0.441986	-0.090161	5121	
-0.722687	0.259069	3470	
-0.394178	-0.459536	1856	
-0.024913	0.690480	3471	
-0.250261	-0.555670	4867	
-0.084168	0.246045	440	
0.482948	-0.094900	3680	
-0.409638	-0.399288	5486	
-0.402542	0.013057	3891	
-0.468241	0.569602	4144	
-0.096851	-0.357900	5394	
-0.819242	-0.017109	2469	
-0.107677	0.305524	2819	
-0.094530	0.946802	1538	
0.697868	-0.001478	5689	
-0.251060	-0.024359	905	
-0.259571	-0.178265	3400	
0.584637	-0.193804	1906	
-0.745890	-0.649183	2165	
-0.302627	-0.005585	5157	
-0.176909	-0.540246	1745	
-0.818615	0.482454	744	
0.400954	0.705923	652	
-0.199732	0.930615	5041	
-0.403219	0.084859	3149	
0.828709	-0.399697	4197	
-0.666060	0.303650	753	
0.499443	-0.184823	2421	
0.598233	-0.593141	3426	
0.188633	0.643982	2513	
0.477296	0.561224	1694	
0.583367	-0.609361	385	
-0.372381	-0.785224	3914	
0.691096	0.607936	3042	
0.453745	-0.801817	5354	
0.419207	-0.607599	2729	
-0.716450	0.122487	4440	
0.612953	-0.153877	3022	
-0.531547	0.788512	5429	
-0.006042	0.556192	2907	
-0.368376	0.876979	3787	
0.481728	-0.026319	4062	
-0.614189	-0.774810	1896	
-0.210674	0.852183	333	
0.833259	-0.100219	1808	
0.754383	0.442171	2911	
-0.072933	-0.402527	4574	
-0.598753	0.187788	4343	
-0.469229	-0.128297	5575	
-0.744417	-0.302857	1934	
-0.197372	-0.440847	824	
-0.608779	0.519606	2043	
-0.771299	-0.065429	1211	
0.195186	-0.152837	5626	
-0.372426	-0.309526	629	
0.568617	-0.761016	5530	
0.048574	0.470978	4849	
-0.702851	-0.302693	1549	
0.462458	-0.431967	1899	
0.530543	-0.267161	1589	
-0.531780	0.095573	1732	
0.412297	-0.230249	2441	
0.404856	-0.902145	1630	
-0.206674	-0.803179	3806	
0.449467	0.584442	4693	
-0.389865	0.542441	1792	
-0.469119	0.446916	2203	
-0.633744	-0.511148	3090	
0.430219	-0.414083	4458	
-0.507961	0.441034	2949	
-0.015963	-0.740971	5652	
0.822756	-0.475518	3035	
-0.454181	-0.330978	2889	
-0.267694	0.518663	4242	
-0.653273	-0.487761	2725	
-0.188762	-0.349922	2369	
0.395927	0.620582	325	
0.223371	-0.963352	4643	
-0.371800	0.552721	4646	
0.067577	-0.949032	1594	
-0.038746	0.331802	3251	
0.326661	0.053226	4846	
-0.785020	-0.385013	895	
-0.104458	-0.422295	3708	
0.415057	-0.372921	5291	
0.461502	-0.797292	5354	
0.529907	-0.264854	1589	
-0.679117	-0.621445	2119	
0.960900	-0.232512	1435	
-0.848536	0.010285	3855	
-0.204558	-0.391710	3395	
0.129345	0.673875	499	
0.237966	-0.523151	320	
-0.501427	-0.105815	2812	
-0.692573	0.229081	3229	
0.314936	-0.817469	389	
-0.337872	-0.358639	2291	
-0.589030	-0.343920	1210	
0.047030	0.626514	1327	
-0.854001	-0.222752	618	
0.844457	-0.377118	1971	
0.490310	-0.814750	5437	
0.972801	-0.176223	3392	
0.154727	-0.555694	5045	
0.649104	-0.694353	5561	
0.349958	-0.188496	938	
-0.272472	-0.433401	650	
-0.144006	-0.369207	2548	
-0.077721	-0.808526	3542	
0.869085	0.387095	5167	
-0.417450	-0.631450	5499	
0.392291	-0.479176	437	
0.394142	-0.486953	336	
-0.129612	-0.277127	4859	
-0.166130	0.464027	3975	
0.411966	-0.324059	1853	
-0.566299	-0.662253	3727	
0.754176	0.071817	750	
0.384957	-0.511028	4597	
0.397543	-0.519720	4597	
0.195475	-0.679306	780	
-0.920646	0.234849	335	
-0.352967	-0.644035	5296	
-0.503163	0.635056	1994	
-0.306274	-0.498541	5042	
0.117707	0.803530	3008	
-0.411564	-0.124324	450	
0.149961	-0.977493	1513	
0.355825	-0.327588	2129	
0.163366	-0.538543	794	
-0.642461	0.545727	2355	
0.779248	-0.003732	5018	
-0.756472	0.117886	2177	
-0.585379	-0.709839	4865	
-0.816595	-0.427256	2252	
-0.042187	0.422051	3473	
-0.780840	-0.543083	665	
0.188843	0.785980	4229	
-0.560946	0.115332	1403	
-0.781103	0.382889	3154	
0.526748	-0.755746	362	
0.251110	-0.137857	5639	
-0.245768	-0.918007	1173	
0.449922	-0.325685	463	
0.220880	-0.494252	4609	
0.599705	0.552054	2659	
0.755846	0.527451	493	
0.311455	-0.674573	4106	
-0.627322	0.139278	3408	
0.621211	0.719299	2541	
0.495319	-0.197013	2588	
-0.122098	0.256937	4466	
0.755708	-0.430396	3682	
-0.144428	0.472385	4120	
-0.593415	-0.742619	2033	
0.138256	-0.941556	854	
0.600396	0.519080	2376	
-0.867870	0.303102	3287	
-0.591682	-0.473887	1361	
0.596725	0.437060	1937	
0.385567	-0.583639	4705	
-0.514966	0.681105	4003	
-0.360217	-0.879330	464	
-0.845964	-0.366692	2036	
0.363177	-0.597466	5153	
-0.370626	-0.052998	1558	
0.051840	0.499222	3976	
0.342363	0.119912	2807	
0.910567	-0.144283	1739	
0.707107	0.246397	2577	
-0.199633	-0.897553	5646	
-0.607856	0.023459	526	
-0.041380	-0.479731	3751	
-0.233522	0.485147	1104	
0.178620	-0.262772	4911	
-0.390551	-0.250985	3474	
0.892430	-0.316812	1198	
0.431444	0.755670	3055	
0.085667	0.806195	3781	
-0.662909	-0.638581	5382	
0.021907	0.446158	471	
0.578141	0.612282	3545	
-0.018650	-0.356302	976	
-0.156305	-0.634602	1481	
-0.561575	-0.363549	1804	
-0.902244	0.177449	4676	
-0.312507	-0.662985	3820	
0.341488	-0.140115	3917	
-0.225874	-0.331714	1987	
0.530432	0.690822	3773	
0.133460	-0.462922	3990	
-0.136865	-0.714066	1091	
-0.899670	-0.206363	5299	
0.691547	0.022503	3507	
-0.783863	0.537473	5260	
0.389151	-0.501541	336	
0.370626	-0.180877	4367	
0.469825	0.568788	1694	
0.459625	-0.173926	2789	
0.173387	-0.242369	2873	
-0.493408	0.055668	3832	
0.410705	-0.857905	924	
-0.652929	-0.578529	4848	
-0.782288	-0.256606	2650	
-0.589600	-0.641919	3562	
0.512651	-0.516746	2547	
0.262779	-0.128431	5639	
0.431812	-0.598369	3352	
-0.584773	-0.710331	4865	
-0.157532	-0.513342	2078	
0.692420	0.022797	3507	
0.164252	0.854003	332	
-0.187541	-0.601254	4390	
-0.841000	0.059088	3265	
0.522036	-0.343697	2555	
-0.092818	-0.625119	1867	
-0.557069	-0.221856	352	
0.421296	-0.136898	3332	
-0.259141	-0.206152	2101	
0.857849	-0.409053	1062	
-0.816936	-0.557237	1923	
0.683089	-0.660983	4819	
0.418742	-0.736487	5417	
-0.330162	-0.224612	2242	
-0.289031	-0.384623	2273	
-0.436029	0.595432	4051	
-0.568323	-0.412635	3834	
0.484428	-0.153333	2473	
-0.548390	-0.375604	2665	
-0.097567	-0.265766	5331	
0.011878	-0.458800	4171	
-0.844571	-0.239543	618	
0.390352	-0.173619	2243	
0.671452	-0.128400	1366	
-0.519573	-0.759033	5396	
0.652815	0.742597	3710	
0.044946	-0.427769	4719	
-0.045876	-0.843119	5195	
-0.913404	0.261932	322	
0.326704	-0.812056	429	
-0.398638	-0.743039	390	
-0.144952	-0.479384	2400	
0.424928	-0.486309	1834	
-0.636947	-0.756238	2135	
0.066693	0.470259	4005	
-0.441001	-0.841616	1107	
-0.844526	-0.437779	2430	
-0.786575	-0.251964	2650	
-0.288558	-0.291220	1266	
-0.181936	-0.438786	950	
-0.406572	-0.435387	1345	
0.177381	-0.146141	415	
-0.655747	-0.347380	3969	
0.613957	-0.169479	866	
-0.372549	0.791740	3298	
0.105985	0.864063	3838	
0.353317	-0.316738	2272	
0.605871	-0.626145	433	
0.571150	0.522320	1876	
0.193327	-0.827696	1841	
-0.317449	-0.354511	1915	
-0.713642	-0.112753	1123	
-0.494420	-0.460548	4448	
0.736237	-0.463804	4099	
0.035314	-0.988220	2200	
-0.182650	-0.453824	3062	
-0.092703	-0.284399	5331	
-0.568905	0.412223	857	
-0.945532	0.097019	4201	
0.843956	-0.210572	4150	
0.661224	-0.195099	1182	
0.431315	0.723329	473	
-0.271977	-0.018944	905	
0.471127	0.240920	2241	
0.781820	0.217471	4759	
0.806125	-0.326472	3290	
-0.273943	-0.450445	963	
-0.137563	-0.142279	1341	
-0.217808	-0.811175	4953	
0.689729	0.535000	3529	
0.613318	-0.532053	1767	
-0.602861	0.068781	1145	
-0.307410	-0.218110	3946	
-0.603394	0.165222	2552	
-0.860271	0.134863	2657	
-0.206231	0.539361	2858	
-0.033094	0.689777	1081	
0.040395	-0.687466	4231	
-0.265649	-0.333801	2324	
-0.488065	0.432797	2617	
-0.816618	-0.071377	2761	
0.142199	-0.359597	975	
0.183174	-0.276445	4911	
0.401351	-0.376162	3898	
0.361913	0.878504	4948	
-0.698414	0.206199	1858	
-0.512745	-0.149380	3909	
-0.035626	0.694358	1081	
0.582681	-0.262525	2623	
0.381192	-0.189906	4183	
0.789689	-0.594769	3717	
0.531020	0.352690	1718	
-0.103663	-0.675471	2687	
0.506654	0.673942	2683	
0.716719	0.053347	1122	
0.109458	-0.916170	4706	
-0.422285	-0.562478	411	
0.588572	0.447676	757	
0.819086	0.043158	3821	
0.432425	0.596859	2462	
-0.704660	-0.514684	3137	
0.559869	-0.229187	520	
-0.126470	-0.799475	4108	
0.944382	-0.108406	373	
-0.595525	0.064349	1399	
0.573898	-0.211219	812	
-0.387359	-0.513204	2629	
0.430613	-0.693617	4064	
0.885833	0.262882	3930	
0.581091	-0.649476	2754	
0.847638	0.364339	5037	
-0.171454	0.346187	802	
0.688892	0.398286	4223	
0.514617	0.702640	3056	
0.871374	-0.298454	3785	
-0.261089	-0.645310	1514	
0.209854	-0.183774	300	
-0.032397	-0.920255	3451	
0.759953	-0.518312	4265	
-0.910006	0.134449	4803	
-0.827483	0.162397	1242	
0.964379	-0.217658	1750	
0.001216	-0.469065	5724	
-0.145547	0.865559	4293	
0.691302	0.427706	4298	
0.680333	-0.051536	1308	
0.575357	-0.097213	507	
0.345434	-0.286426	2063	
-0.420033	-0.351440	3353	
0.276331	0.007401	877	
0.279917	0.804960	2786	
-0.236545	-0.408642	1741	
-0.924440	-0.351322	1486	
0.412667	-0.269352	2288	
-0.033017	0.848781	548	
-0.000190	0.764383	4508	
0.603080	0.428596	4000	
0.274962	0.907375	4735	
0.281698	-0.690096	3837	
0.247858	-0.479285	1818	
-0.935248	0.320021	5520	
0.331414	-0.529836	5304	
0.707558	0.132417	3813	
0.595922	0.438110	1937	
-0.280069	0.001696	885	
0.603849	-0.353316	767	
0.602856	0.629541	4573	
0.637219	-0.551899	2370	
-0.204958	0.554438	2032	
0.474483	0.697219	2453	
0.307145	-0.869877	4094	
-0.414242	-0.214179	2909	
-0.778864	0.319918	4302	
0.017861	-0.749253	5401	
-0.166178	0.623611	382	
0.759197	-0.106870	684	
0.310798	-0.697335	355	
-0.304395	0.587004	1621	
0.354922	-0.288568	1954	
0.286149	-0.292209	1882	
0.788246	-0.531409	2013	
-0.060241	-0.729219	921	
-0.679898	-0.547182	645	
0.863619	0.157858	5540	
0.052088	0.918779	3877	
-0.448972	-0.711241	3743	
-0.463218	-0.573332	3071	
0.176685	-0.935329	5224	
0.937083	-0.159882	5028	
-0.047340	-0.504442	3894	
-0.269664	-0.032522	1033	
0.453079	0.835783	5318	
0.468994	-0.269566	4270	
0.538981	-0.331676	2225	
-0.189614	-0.629232	4577	
0.096424	0.834687	3823	
0.173292	-0.200801	439	
0.172210	-0.973820	4894	
-0.507391	0.404739	2639	
-0.614500	0.081795	1368	
-0.535263	-0.196515	5188	
-0.037462	-0.382941	2499	
0.397503	-0.476584	437	
-0.475261	-0.397303	2928	
-0.773202	0.398909	3964	
-0.625006	0.028956	484	
0.938921	0.136560	3576	
-0.333956	-0.166235	2884	
0.535120	0.292528	2564	
0.462246	-0.227209	4964	
-0.239208	-0.204964	5109	
-0.796034	-0.520307	907	
-0.583154	-0.390830	2984	
-0.011506	-0.348983	976	
0.683714	0.024577	3507	
-0.462716	0.740443	5174	
0.308750	-0.869144	4094	
0.198565	-0.040407	607	
-0.404802	-0.769832	2751	
0.826540	0.294764	2676	
0.566318	0.759222	1219	
-0.098373	-0.263115	5331	
-0.459850	-0.377707	1588	
-0.493337	-0.479849	4448	
0.543899	-0.601834	599	
0.866679	-0.475638	4182	
0.284145	0.061618	5135	
0.425113	-0.817663	2109	
-0.366858	-0.055660	1558	
-0.373133	-0.022028	2000	
-0.822804	-0.032074	2899	
0.693736	0.704277	1985	
-0.582391	-0.613713	3067	
-0.435264	0.688964	5093	
-0.827384	-0.212303	3907	
0.391079	0.623566	325	
0.606694	0.237981	3657	
0.341681	0.745235	4445	
0.676964	-0.075438	1604	
0.395234	-0.373267	3898	
0.614094	-0.333629	767	
0.224283	-0.339547	1521	
0.671635	-0.126465	1366	
0.867155	0.345572	4425	
-0.747260	0.445782	4451	
0.336649	0.652777	4181	
-0.701338	0.409704	2344	
0.233766	-0.155133	3761	
-0.433255	-0.811275	3974	
0.133683	-0.913136	608	
0.751794	-0.075615	999	
-0.765172	0.414118	4294	
0.123033	-0.344076	1381	
-0.154352	0.939075	4899	
0.499637	-0.344400	1782	
-0.539458	-0.745091	3189	
0.809478	-0.226396	817	
0.451600	-0.803050	5354	
-0.171658	-0.403255	892	
0.272004	0.716977	2361	
-0.788330	0.042313	4776	
0.090311	-0.715568	981	
-0.465591	0.671300	3245	
0.528474	-0.219114	3082	
-0.416974	0.530300	1162	
-0.198882	-0.212035	5229	
-0.442485	-0.204426	3846	
-0.148894	-0.249797	395	
-0.267416	-0.046266	4736	
-0.375437	0.736857	3660	
-0.330728	-0.485129	419	
-0.479648	-0.784663	847	
-0.459172	-0.494769	768	
-0.856524	0.411867	312	
0.667623	-0.300184	2518	
0.357558	-0.182664	4367	
-0.323211	-0.389331	2475	
0.325691	-0.204085	4855	
-0.596377	0.077504	1399	
0.511674	0.271741	3135	
-0.121948	0.468590	5549	
0.385276	-0.838062	751	
-0.166901	-0.128427	672	
-0.172386	-0.706716	1456	
-0.641676	0.701252	5736	
0.473237	-0.115834	2834	
0.027230	0.427823	2065	
-0.522911	0.058016	4045	
0.133117	-0.262932	4475	
0.749058	-0.585075	2537	
-0.614301	-0.339127	2111	
0.480288	-0.237666	2856	
0.582308	-0.011663	5102	
0.856460	0.342329	4802	
-0.142487	-0.939682	5456	
-0.521963	-0.361477	2187	
0.696880	0.024639	3507	
-0.597692	0.174162	4343	
-0.257178	-0.118185	529	
-0.309830	-0.898320	5551	
-0.759514	0.424640	4176	
-0.617130	0.611801	4313	
0.034922	0.622184	349	
-0.868246	-0.311361	834	
0.725407	0.293636	4835	
-0.492396	0.479192	5364	
0.031894	-0.873772	4228	
0.808238	0.084573	2089	
-0.100604	-0.532016	3486	
0.055913	0.732249	1688	
0.139348	0.774935	4546	
-0.426073	-0.372070	2326	
-0.282665	-0.821835	5179	
0.574341	0.499225	1876	
0.483643	0.484699	1209	
0.633120	-0.371169	1561	
0.388204	-0.670620	5476	
0.751324	0.111481	1164	
0.169502	-0.737610	3986	
-0.223974	-0.310587	2204	
0.442263	-0.218802	632	
0.191693	-0.158801	5626	
0.687607	0.021914	3507	
0.560157	-0.288386	2927	
0.198565	-0.040404	1052	
-0.163792	0.740000	2406	
0.648797	0.496868	3060	
-0.500663	-0.712450	5107	
0.922406	-0.007700	5516	
0.291529	-0.260009	2205	
-0.176028	0.459240	4004	
-0.453056	0.042718	4712	
0.071015	-0.986346	3376	
-0.300893	-0.397845	2223	
-0.569965	-0.519714	2501	
-0.186445	-0.818514	3806	
-0.357136	-0.576554	2557	
0.683222	-0.616003	279	
-0.415803	0.566060	2636	
0.227457	0.809558	2528	
-0.647827	-0.360681	3689	
-0.670652	0.292392	2102	
-0.149018	-0.977379	3477	
-0.027087	0.695572	3471	
0.459491	0.671871	1968	
-0.655578	-0.347084	3969	
-0.261617	-0.490951	3956	
0.529213	-0.692733	4329	
-0.313948	-0.699501	3424	
0.078508	-0.269598	398	
-0.474928	0.480036	2560	
0.768375	0.105338	1164	
0.059478	-0.717730	5686	
0.210391	-0.091753	1389	
0.512459	0.531432	1201	
0.731228	-0.665475	515	
0.018247	0.695062	3828	
-0.726790	-0.356894	3415	
0.895712	0.223045	327	
0.070687	0.868522	3709	
0.752024	0.097310	1660	
0.811665	0.157495	2900	
-0.635655	-0.198999	783	
-0.753579	-0.095768	913	
0.177991	-0.854990	3965	
-0.182591	-0.453273	3062	
-0.615468	0.025070	484	
0.572853	0.559522	2637	
-0.718803	-0.221312	5117	
-0.856505	0.155476	2657	
0.543679	-0.108687	1082	
-0.754553	0.224522	3848	
0.212316	-0.185588	300	
-0.221380	-0.335626	1987	
-0.544135	-0.779300	5581	
0.796397	-0.132385	1997	
0.420033	-0.766677	789	
0.048337	-0.441485	4719	
-0.426879	-0.395410	1862	
-0.408048	-0.496025	2268	
0.256595	-0.411091	3209	
0.663015	-0.471889	2341	
0.323869	0.059453	4085	
-0.414236	-0.608417	1617	
-0.849255	0.089946	5492	
-0.305406	-0.195361	3733	
-0.648812	0.415539	1289	
-0.632718	0.154214	4072	
-0.563509	-0.664653	3727	
0.792384	-0.132156	1933	
0.548682	-0.328489	2880	
0.033293	-0.988298	2200	
-0.337087	-0.888638	5250	
-0.577364	-0.399525	3311	
0.511753	-0.801272	639	
0.919110	-0.082219	3765	
-0.241105	0.585922	2723	
-0.650946	0.446220	1766	
0.078284	-0.919538	929	
-0.487631	-0.342985	614	
0.685938	0.022134	3507	
0.103064	0.676945	516	
-0.205580	0.526773	5283	
-0.011003	0.383133	1418	
-0.154335	0.567900	4974	
-0.429804	-0.382911	5486	
0.212453	-0.186220	300	
-0.032351	0.472710	1477	
0.244472	-0.321047	1809	
-0.798802	-0.207072	503	
-0.267707	-0.058224	4468	
-0.315124	-0.494623	462	
-0.690091	0.483640	3700	
-0.148714	-0.938632	5456	
0.703428	0.408660	4223	
0.674952	0.434516	3365	
-0.363153	-0.456059	952	
-0.121811	-0.523759	1032	
-0.783215	0.116944	4653	
-0.148936	0.533747	475	
-0.197321	-0.459538	3811	
0.644657	-0.172302	993	
-0.175032	-0.482437	2755	
-0.357638	-0.792021	3945	
-0.951319	-0.007116	958	
0.316844	-0.528614	2372	
0.176376	-0.254958	4911	
-0.290340	-0.253267	946	
-0.320184	-0.808254	3816	
-0.407690	-0.258693	3474	
0.308456	-0.531509	2439	
-0.328494	-0.486720	419	
0.016118	0.431380	471	
0.032152	-0.950628	5280	
0.949716	0.041099	5241	
-0.228999	-0.583438	2554	
-0.153289	-0.669525	1158	
-0.280072	0.001546	885	
-0.343233	-0.363992	2291	
-0.314262	-0.352011	1915	
0.299365	0.745306	3900	
-0.471821	-0.825085	5560	
0.155790	-0.910142	4384	
-0.147761	0.417044	771	
0.508226	0.535399	1201	
0.139495	0.796824	4614	
-0.564446	0.116747	1403	
0.696551	-0.214112	3690	
0.303406	0.115598	2826	
-0.417120	-0.763377	2751	
0.352082	-0.111532	2883	
0.179164	0.726819	286	
-0.025314	0.246890	5370	
0.620793	-0.680415	5083	
-0.009967	-0.873661	3851	
0.364845	-0.643676	860	
-0.274163	-0.420564	2125	
-0.049408	0.784826	3981	
0.684485	-0.491133	3570	
0.381654	0.164653	1287	
0.561615	-0.628487	337	
-0.496428	0.696710	4007	
-0.034088	0.691044	1081	
0.502873	-0.297579	1863	
0.215308	0.894925	3456	
0.800850	0.354449	2592	
-0.256090	0.916677	4489	
0.399559	-0.104661	936	
-0.270580	-0.110505	529	
-0.156040	0.426139	4491	
0.215559	-0.353275	3513	
-0.577734	-0.238195	1420	
-0.162394	0.811884	2426	
0.421531	-0.322261	1853	
0.946759	-0.086744	776	
0.224407	-0.963108	4643	
-0.274432	-0.356092	2064	
0.744057	0.542432	493	
0.420754	-0.362628	4080	
0.819484	0.021628	4691	
0.288325	0.872607	3980	
-0.610572	0.574646	2742	
-0.080015	-0.725385	806	
-0.283309	-0.760836	2410	
-0.937383	0.155808	5411	
-0.455517	0.877614	4190	
0.454575	-0.392833	5371	
0.201941	-0.625591	1253	
-0.949911	-0.055299	2597	
0.519376	-0.188711	4226	
0.309863	-0.148098	1842	
0.287495	-0.314855	1503	
-0.399935	-0.617599	2539	
-0.682658	-0.715278	3904	
-0.226907	0.471568	1104	
-0.938876	0.148685	4426	
0.720096	-0.107939	2740	
0.779353	0.543834	5570	
-0.400834	0.084612	1487	
-0.094922	0.753692	1641	
0.684592	-0.254078	3714	
0.292840	-0.341170	3336	
0.742323	-0.124904	1548	
-0.330400	-0.692612	3424	
0.287092	-0.313853	1503	
0.297838	-0.903716	5164	
0.608440	0.727690	705	
0.459105	-0.710111	3518	
0.337937	-0.056372	3637	
-0.346934	0.854025	641	
-0.309004	0.718264	1318	
-0.292349	-0.944379	1672	
-0.395335	-0.687282	704	
-0.660011	-0.340004	3147	
-0.350611	-0.883140	316	
0.293838	-0.253393	2205	
0.755459	0.326300	5695	
-0.505140	-0.849803	1916	
-0.399581	0.006110	1830	
0.133136	0.798011	3991	
-0.948891	-0.074344	3577	
0.663674	-0.518344	2333	
-0.574587	0.511814	1703	
0.510552	-0.600570	2081	
-0.140452	0.466145	4120	
0.610882	0.417796	4000	
0.383918	-0.135339	3314	
-0.242743	-0.886702	4167	
0.529068	-0.193545	4226	
0.717450	0.351581	4880	
0.533070	0.376019	2209	
-0.858917	0.406988	298	
0.439058	-0.195952	5273	
0.022173	-0.691726	3000	
-0.214306	-0.496296	3505	
0.544668	-0.644150	3109	
-0.235947	-0.173053	5054	
0.944184	0.119032	2815	
-0.688367	-0.179054	852	
0.329415	-0.200381	4855	
-0.022576	-0.950627	5397	
0.150264	0.712300	4639	
-0.909257	0.276106	4357	
-0.592639	0.320327	4559	
-0.300999	-0.483086	683	
-0.583852	0.548125	1978	
0.806167	0.117602	2051	
0.563604	-0.169081	457	
-0.597493	-0.435169	3158	
0.845333	0.368122	5037	
0.365020	-0.488699	480	
0.198565	-0.040404	1052	
0.892625	0.425171	560	
0.528600	0.563094	1765	
-0.518748	-0.474887	766	
-0.338095	-0.888246	316	
-0.124761	-0.750462	1363	
0.448957	-0.678430	3775	
-0.808356	0.081239	716	
0.896898	-0.210202	5106	
0.171166	-0.230669	451	
0.383022	-0.402764	859	
-0.199080	-0.334079	2505	
0.693726	0.479733	4303	
-0.375158	-0.068479	1274	
0.405180	-0.222853	2441	
-0.275975	0.806153	3622	
0.248320	0.803752	3388	
-0.008462	0.747845	2582	
-0.020515	0.296119	4006	
0.517441	0.319151	2024	
0.697072	-0.002919	5689	
-0.500106	-0.315697	550	
-0.118484	0.387449	1330	
-0.714411	-0.023280	3812	
0.152102	-0.539014	4933	
0.145642	0.909120	832	
0.274397	-0.003329	877	
0.585626	0.567019	2637	
0.045116	0.734241	1246	
-0.281668	0.877082	3198	
0.515487	-0.219724	2888	
-0.276192	-0.949224	1672	
-0.863582	-0.178658	4405	
-0.649497	-0.694505	984	
-0.100844	-0.622738	1867	
0.468970	-0.663062	3899	
0.477495	-0.075838	3680	
-0.379272	-0.753147	2766	
-0.319880	-0.861839	339	
-0.091823	-0.483503	3073	
-0.455273	-0.287182	3093	
-0.412958	-0.635138	5499	
-0.379846	-0.064314	1274	
0.192156	0.930089	732	
0.235469	0.628757	1131	
0.505809	-0.413186	2628	
-0.070142	-0.793769	2533	
-0.585119	-0.288661	3598	
-0.838431	0.155533	1242	
0.069320	-0.323775	4070	
-0.323491	0.812476	4472	
0.185386	0.932304	4233	
-0.215612	-0.172260	5054	
-0.422627	-0.157350	4561	
-0.223991	0.032461	964	
-0.986607	-0.069035	1539	
-0.826288	0.468723	2304	
-0.093563	0.372029	1225	
0.921022	-0.017238	5516	
0.686293	-0.333389	1362	
-0.106354	0.248426	540	
0.088722	0.838659	3823	
-0.421952	-0.249846	2472	
-0.290519	-0.819077	4800	
-0.030904	-0.950361	5582	
0.593218	-0.153221	2901	
-0.320330	0.042078	2825	
0.870746	-0.380664	874	
-0.156974	-0.241805	395	
-0.331261	-0.429328	5086	
-0.145658	0.426924	375	
0.855959	0.168586	5477	
0.361736	-0.920324	3328	
-0.231581	-0.327335	1987	
0.332538	-0.364840	2257	
0.419080	0.537939	4755	
-0.217944	-0.291177	2975	
0.934794	-0.172426	2048	
-0.116263	-0.319617	4968	
0.470537	-0.701300	3518	
0.626913	-0.673442	5707	
0.515505	-0.626938	2776	
0.630975	0.388267	3230	
-0.335853	-0.167605	2884	
0.534433	0.610762	2322	
0.010055	0.818938	5309	
0.213767	-0.310847	3389	
0.736940	-0.461814	4099	
0.802021	-0.027347	294	
-0.186789	-0.397355	1620	
-0.465361	-0.243647	2982	
0.736112	0.175242	5667	
-0.317304	0.578145	1564	
0.232036	0.072830	585	
-0.140882	0.760551	4870	
0.235673	0.619797	1131	
0.699003	0.035053	1122	
0.815574	-0.426257	972	
-0.176587	-0.818687	4613	
0.432974	0.754707	3055	
-0.296290	0.023320	5081	
-0.354413	-0.417026	527	
0.577843	-0.096887	507	
-0.294743	0.585571	1528	
-0.766608	0.037968	2954	
-0.022380	0.218504	1364	
0.701371	0.028399	5634	
0.794545	-0.354291	3875	
0.662885	0.478918	3060	
0.056662	0.507005	2626	
-0.446875	-0.324984	2889	
-0.217310	0.612071	1382	
-0.160475	-0.936776	631	
-0.145146	0.840527	4084	
0.287165	-0.118488	3399	
-0.543019	0.098320	1732	
0.011530	0.426573	2065	
0.104753	0.913660	5349	
-0.601373	0.630163	2192	
-0.239099	-0.557598	5445	
-0.771224	-0.058502	1211	
0.489745	0.778288	5653	
0.150111	0.856801	310	
-0.570371	-0.469192	1518	
-0.092460	-0.288716	5331	
0.309088	0.809555	2786	
-0.130666	0.316341	3630	
0.607399	-0.584028	2574	
-0.036347	-0.315687	2515	
-0.582596	0.332427	718	
0.444185	-0.297947	4986	
-0.181566	0.602854	1214	
0.065742	-0.949413	1594	
-0.762541	0.268072	3364	
-0.498294	-0.683645	2363	
-0.874514	0.283435	4730	
-0.112114	-0.913163	4806	
0.697829	0.025064	3507	
-0.301886	-0.291434	4746	
0.404478	-0.828286	2109	
0.516304	-0.221097	2888	
-0.186902	-0.741774	2611	
0.331548	-0.746615	5385	
-0.694377	0.524817	3744	
0.359266	-0.112447	2883	
-0.101081	-0.255204	1188	
-0.586177	0.709076	5603	
0.212781	-0.180060	1047	
-0.271155	-0.464106	963	
0.720848	0.572676	2894	
-0.026212	0.693716	3471	
-0.435204	-0.153602	4344	
-0.182590	0.489882	2621	
-0.185732	0.513995	5079	
-0.838773	-0.381042	5120	
0.870869	-0.296057	3785	
-0.609087	0.468731	1142	
-0.540216	-0.198536	2562	
0.405051	-0.747549	5417	
0.389081	-0.402457	859	
-0.180665	-0.367676	1300	
0.318300	-0.322278	1793	
-0.162069	-0.975302	3477	
-0.296900	-0.088588	615	
-0.359030	-0.879809	464	
-0.237165	0.482071	1104	
0.832093	-0.391983	2988	
-0.740354	-0.357950	3415	
-0.169467	0.501767	2436	
0.751181	0.232080	5698	
0.346551	-0.406301	636	
-0.219198	0.756189	530	
0.918356	-0.244836	1733	
-0.088162	-0.866264	2904	
0.272533	-0.833285	5090	
-0.879423	-0.452267	1087	
-0.154017	-0.373833	1301	
-0.379485	-0.753265	2766	
-0.422106	-0.692029	2831	
-0.269554	-0.080249	615	
-0.168955	0.629468	4913	
0.874445	-0.287874	3296	
0.109579	-0.263909	3910	
0.442196	-0.221490	785	
0.910002	0.278362	5022	
-0.574221	-0.464633	1518	
-0.234013	-0.508434	2777	
-0.587210	-0.273379	2210	
-0.093412	-0.314187	291	
0.855110	-0.414638	1062	
-0.372519	0.518656	2123	
0.181412	-0.934436	5224	
-0.026386	0.694086	3471	
0.848575	0.024956	2449	
0.755950	-0.130179	1548	
0.345372	-0.886439	371	
0.351231	-0.137645	3917	
-0.599021	0.426111	1770	
0.352180	-0.098115	3434	
-0.202682	0.745638	342	
-0.199470	0.516773	5283	
-0.808356	-0.442435	2122	
0.603371	0.428185	4000	
-0.738390	0.126421	1416	
0.301776	-0.229141	2643	
0.312777	-0.391343	954	
0.610083	-0.341619	767	
0.621876	-0.768536	1790	
-0.117101	0.821764	3001	
-0.228448	-0.575044	2554	
-0.635664	-0.202744	783	
0.903482	0.189400	2184	
0.411390	-0.899182	1630	
0.836082	-0.211426	4150	
-0.344487	-0.433547	5086	
0.411488	-0.686757	2246	
-0.568349	0.315898	5051	
0.379445	-0.113833	3723	
-0.510235	0.557358	409	
-0.806977	-0.443260	2122	
0.919446	0.072974	3651	
0.673953	-0.622196	295	
0.028352	0.425510	2065	
0.835071	-0.529082	1991	
-0.322481	-0.934506	3553	
-0.467625	0.665394	3245	
0.603544	-0.353899	767	
-0.015633	0.381172	991	
-0.448105	-0.578661	3071	
-0.644350	0.056892	1537	
-0.235213	0.488283	1104	
-0.621953	-0.719056	5348	
0.452845	-0.347682	987	
0.709283	-0.161763	2113	
0.374605	-0.533352	5645	
0.510359	0.161723	4046	
0.864543	0.150934	5315	
0.723410	-0.673938	331	
-0.199855	-0.406230	3395	
-0.423702	0.025247	838	
-0.732934	0.049385	5615	
-0.775070	0.105594	3583	
-0.653440	-0.742040	2135	
-0.203730	0.401135	3677	
-0.174399	0.456136	4004	
0.558492	-0.146387	1013	
0.279678	-0.198613	3278	
-0.762503	-0.568188	875	
0.288584	-0.273630	1988	
-0.033719	-0.307553	2515	
-0.302339	0.707971	1318	
0.318773	-0.209001	2027	
-0.407764	0.660743	1708	
0.274560	-0.447216	2688	
-0.267240	0.587373	1396	
0.321314	-0.669156	4102	
-0.793281	-0.370165	815	
0.525197	-0.405784	4727	
-0.448400	-0.744680	518	
-0.033295	-0.635459	1103	
-0.814620	0.034479	4776	
0.105957	0.558807	4856	
0.170679	-0.691103	4518	
-0.743053	0.592205	762	
-0.118574	0.867235	4594	
-0.420968	0.692900	4717	
-0.126519	-0.283494	4498	
-0.738475	0.460451	3712	
-0.710071	-0.464180	2392	
0.660318	-0.640584	884	
0.838268	0.524051	4747	
-0.751260	-0.642935	1795	
0.087229	-0.271114	398	
0.052725	-0.920597	1689	
0.394342	0.830235	5655	
0.493575	-0.113689	2485	
-0.441611	-0.036882	4829	
-0.303057	-0.814297	4800	
-0.758912	0.518960	5678	
-0.325680	-0.294386	5546	
0.367257	-0.181377	4367	
-0.177452	0.846522	3862	
0.736318	-0.551730	5725	
0.488068	0.815359	5596	
-0.707669	0.397964	2658	
0.988777	-0.003881	4309	
0.797266	-0.346383	3136	
-0.343133	0.012771	4630	
-0.138738	-0.940250	5456	
0.372892	0.755468	3188	
-0.803053	0.051013	3249	
0.571005	-0.248005	2411	
-0.836596	0.072532	3265	
-0.829358	-0.402324	5120	
0.407450	-0.615641	4683	
0.322051	-0.378664	602	
-0.866891	-0.392327	2049	
0.590764	-0.737812	4321	
0.172628	-0.237997	451	
0.081865	-0.918896	929	
0.483873	-0.681226	4308	
-0.000823	0.348670	1771	
0.691375	-0.429052	2673	
0.355648	-0.184132	938	
0.234348	0.052789	1098	
0.481768	0.783198	5562	
-0.149843	0.705045	3658	
0.222853	-0.167544	5662	
-0.668630	0.514788	2647	
-0.460618	-0.120350	5575	
0.454046	0.656800	1968	
0.988767	0.001566	4309	
0.602199	-0.629411	433	
0.282522	0.817010	2786	
0.355687	-0.287499	1954	
-0.303791	-0.351314	1915	
-0.355604	0.059607	1678	
0.372253	-0.067390	1234	
0.406980	-0.324631	1853	
-0.075770	0.872974	446	
-0.230429	-0.551145	2387	
-0.189315	-0.549685	2402	
0.286025	-0.292906	1503	
0.826627	-0.145977	3613	
-0.594991	0.433509	1693	
0.829750	0.463493	4356	
-0.488701	-0.686211	2718	
-0.316320	-0.036694	3841	
-0.319188	0.896353	4208	
-0.179169	0.487597	2621	
-0.815260	-0.098248	2088	
-0.194371	-0.122423	1325	
0.314891	-0.486448	4724	
0.422373	-0.605344	2729	
-0.306204	0.032957	3521	
-0.985243	-0.086474	4797	
0.691197	-0.607069	1661	
-0.626282	0.188902	2908	
0.115030	0.835053	3823	
0.207013	-0.201122	300	
0.465916	-0.293768	5496	
-0.360295	-0.294433	5322	
0.815003	-0.488610	3035	
0.701654	0.029674	1122	
-0.652530	0.576270	3057	
0.041680	0.495669	4121	
0.198565	-0.040407	607	
-0.060491	0.721041	1001	
0.394827	-0.906583	2467	
-0.874570	-0.054005	5316	
0.021602	-0.690039	3000	
0.009020	-0.778894	4624	
-0.283562	-0.442349	963	
0.519917	-0.300699	1863	
0.784230	-0.536777	2013	
-0.207920	-0.347517	2059	
0.210765	0.843426	2465	
-0.835031	-0.455669	1751	
-0.296433	-0.092015	423	
0.920619	0.052119	4104	
0.041313	0.320453	2514	
-0.280959	-0.947825	1672	
-0.350189	-0.133793	1577	
0.109780	0.831871	3905	
0.240860	0.835247	2965	
0.614094	-0.172389	866	
-0.302943	-0.383295	2223	
0.503872	0.398994	3428	
0.666219	-0.677780	4819	
-0.481574	-0.249143	2222	
0.657821	-0.686150	5714	
-0.351732	-0.267197	4940	
-0.988854	0.008993	2190	
0.413806	0.854879	5275	
-0.848876	-0.071352	3998	
0.266561	0.016737	1329	
0.139930	-0.855932	4612	
-0.002485	0.780500	4550	
-0.663139	-0.334516	3147	
0.591922	-0.638937	3075	
-0.226695	-0.922647	391	
0.223669	-0.167578	5662	
0.912329	-0.120014	835	
0.091024	0.866131	3709	
-0.147609	-0.548139	1649	
-0.320047	-0.423244	1760	
0.298802	0.616116	2578	
-0.685942	-0.349214	4877	
0.931659	0.331272	541	
0.347345	-0.407804	636	
-0.737980	0.030293	4292	
-0.235153	-0.274030	2642	
-0.331101	0.537458	4700	
-0.351966	-0.389462	2012	
0.791207	0.593060	1042	
0.540936	-0.607085	599	
0.135596	0.799715	3991	
-0.268757	-0.310787	1307	
0.249137	0.916872	637	
0.242547	-0.411186	3209	
0.686199	-0.432779	2356	
-0.039847	0.411306	4416	
-0.945623	-0.107852	4921	
-0.828765	0.397748	2893	
0.182134	-0.359588	792	
-0.723842	0.089611	3602	
0.606501	-0.129824	2487	
-0.408472	0.859096	5548	
-0.737001	0.171543	2151	
0.210987	-0.300513	3693	
-0.442650	0.693305	5093	
-0.422860	-0.401133	1862	
0.694461	-0.222354	3864	
0.527805	-0.215999	2888	
0.020087	0.872852	2388	
-0.779909	-0.262729	1807	
-0.220970	0.850891	368	
0.617268	0.154927	427	
-0.287231	0.726009	1784	
-0.025131	0.691162	3471	
0.911156	-0.270719	2217	
-0.581460	0.283877	3429	
-0.741040	-0.315101	1998	
-0.716683	-0.031090	4697	
-0.202675	-0.329264	2505	
-0.559309	-0.630882	3569	
0.532433	-0.833079	4088	
0.330572	-0.892365	371	
-0.061786	0.949458	2083	
-0.487395	-0.649364	2040	
0.488791	0.257343	2492	
0.850386	-0.424628	1080	
0.190001	-0.620917	624	
-0.507944	-0.848137	1916	
-0.445708	-0.713684	3743	
-0.020896	-0.609397	725	
-0.608375	-0.689283	5716	
-0.006656	-0.776448	4624	
-0.636107	-0.550179	3079	
-0.366323	0.727214	3716	
0.867519	-0.026586	3143	
0.570050	0.618917	3545	
-0.626995	-0.673630	2730	
0.725500	0.486285	4648	
0.613461	-0.726129	1243	
0.321308	-0.400823	602	
0.733375	-0.555584	4301	
-0.808658	-0.335546	5230	
-0.485726	-0.238070	2758	
-0.398221	0.775206	3548	
-0.229805	-0.922087	391	
0.516211	0.545602	1201	
0.808432	-0.321846	3290	
0.576546	-0.456694	1786	
-0.589301	0.645730	3063	
-0.802297	-0.205433	503	
0.235869	0.038024	1098	
0.478756	-0.253277	4270	
0.235050	-0.749320	2991	
0.498996	-0.774041	3356	
0.688096	0.493625	4303	
0.236208	0.739345	1563	
-0.843006	-0.244723	618	
-0.387624	-0.091026	1682	
-0.816462	0.299983	4647	
-0.179062	-0.850866	4869	
-0.629280	0.561174	2700	
0.424917	-0.414020	4458	
0.868676	0.312501	4219	
0.028812	0.872266	2388	
0.673963	-0.332545	1519	
-0.184278	-0.409858	892	
-0.614112	-0.774870	1896	
-0.219614	-0.425845	2314	
0.568636	-0.263175	3088	
-0.327265	-0.859069	378	
0.148194	-0.364814	975	
0.303167	-0.796421	389	
-0.326781	-0.159437	2779	
0.566531	-0.269406	2927	
-0.760987	-0.153775	4125	
0.600494	0.632060	4573	
-0.291677	-0.792340	4638	
-0.235075	-0.140048	1625	
0.985250	-0.082283	3242	
0.278341	-0.193094	3278	
0.489168	0.153803	3258	
0.209488	-0.927473	5114	
0.555373	-0.533419	4492	
0.691778	-0.706212	1924	
0.272568	0.087399	5319	
-0.145861	0.460159	4033	
-0.178413	-0.516913	1745	
-0.024747	0.685444	3471	
-0.773438	-0.139601	3939	
-0.024268	0.686847	3471	
0.814862	0.132805	2051	
0.477145	-0.125031	2238	
0.252651	-0.540257	1848	
0.424597	-0.556770	2126	
-0.138103	-0.531952	1457	
0.287582	0.872853	3980	
-0.415857	0.751191	2791	
0.795984	-0.349580	3136	
0.311844	-0.148454	1842	
-0.024908	0.690456	3471	
0.024062	-0.319697	3506	
-0.786854	0.475558	5439	
0.638012	0.554110	3871	
-0.537364	-0.746592	4047	
-0.796124	0.515609	5554	
0.580913	-0.225610	520	
0.188906	-0.368986	710	
-0.579258	-0.488537	1361	
-0.005366	0.394128	1418	
0.759606	-0.287663	2055	
-0.363724	0.577519	1194	
0.371731	-0.515146	5645	
0.765903	-0.261844	1871	
-0.337154	0.575188	1801	
0.262236	-0.546682	1848	
0.044013	0.871164	1819	
-0.228473	-0.172295	5054	
0.386391	-0.583115	4705	
-0.175373	-0.290289	4739	
-0.151459	0.341447	1020	
0.130853	0.783470	3991	
-0.672142	-0.391908	4821	
-0.263572	-0.247760	1149	
-0.533474	0.422512	625	
0.273905	-0.881628	5558	
-0.848149	0.207978	1475	
-0.290206	-0.735731	3316	
0.355794	-0.428877	2861	
-0.834857	0.453326	2304	
-0.277371	-0.480503	4447	
0.569154	-0.280253	3405	
-0.785896	-0.077962	1228	
0.065200	0.406106	1960	
-0.124538	0.317022	2819	
-0.224275	-0.206347	5109	
0.737502	-0.031012	4845	
0.787003	-0.153681	3512	
-0.366267	-0.387815	4900	
-0.059088	-0.729978	921	
0.301587	-0.871867	4094	
0.814417	-0.171979	3613	
-0.755085	0.287214	2748	
-0.526616	0.565516	722	
-0.742880	-0.544311	3385	
0.699073	0.025653	3507	
0.816937	0.097651	2089	
0.907918	0.166458	4961	
0.429554	-0.435072	5082	
0.327961	0.040451	4846	
-0.148277	-0.424681	3807	
0.022163	0.369101	2946	
-0.352973	-0.393646	2012	
-0.111004	0.251229	540	
-0.036946	-0.465747	4860	
-0.706126	0.173915	1515	
-0.678456	0.272074	4001	
-0.435191	0.620604	3325	
0.033652	-0.781530	1006	
-0.105836	0.945568	4600	
-0.798876	0.313600	4169	
-0.445901	-0.318787	2993	
-0.724295	-0.615909	2416	
-0.267539	-0.048214	4736	
-0.265751	-0.330418	2324	
0.200417	-0.222052	416	
0.206671	0.844406	2465	
0.319865	-0.234620	1306	
-0.633894	-0.539272	3747	
-0.150984	0.545797	284	
0.199658	-0.246499	4871	
-0.100190	-0.530707	3486	
-0.420082	0.530132	1162	
-0.590260	0.438491	1693	
-0.824130	-0.474924	935	
-0.843008	-0.189020	3303	
-0.406710	-0.126437	450	
0.206449	0.639342	1624	
-0.629974	0.376907	1516	
-0.254109	-0.203175	2101	
0.271973	-0.442990	2688	
-0.730230	-0.609176	985	
-0.267218	-0.589506	1436	
-0.846798	-0.101812	4457	
-0.123864	0.781023	1132	
0.395610	0.774673	3297	
-0.236193	0.588963	1371	
-0.332255	0.027913	2624	
-0.458064	-0.514576	1380	
-0.403489	-0.615475	2539	
0.692830	0.035810	1122	
-0.487208	-0.333015	614	
0.441188	0.714442	4488	
-0.332834	-0.399753	1610	
-0.082524	0.947943	1538	
-0.201845	-0.273279	4076	
-0.707278	0.634686	2383	
0.190758	-0.681398	780	
-0.726522	0.427121	3735	
-0.444970	-0.627264	1709	
0.804000	0.272257	4805	
-0.310691	-0.435105	2213	
0.111155	0.719926	2529	
0.394541	-0.147105	2243	
-0.097847	-0.519155	3486	
0.427695	0.194352	3921	
-0.781291	0.264449	5024	
0.495237	-0.545468	5303	
0.230945	-0.517616	320	
0.077717	0.840376	2937	
-0.871284	0.323184	1806	
0.026801	-0.714103	3662	
0.172287	-0.395852	1365	
0.366612	-0.460297	3390	
-0.598796	0.199262	4343	
-0.178911	-0.293142	4714	
-0.172675	0.860801	4101	
-0.488042	-0.721026	552	
0.092953	-0.715263	981	
0.583847	-0.541182	1656	
0.255376	-0.955345	1578	
-0.320628	-0.155105	2779	
-0.372441	-0.191743	937	
-0.015937	-0.812718	1717	
0.700970	0.027751	5634	
-0.779115	0.343505	3555	
0.763870	-0.331632	3177	
-0.070992	-0.727236	806	
-0.269870	-0.181524	3400	
0.279851	-0.095109	4290	
0.113596	-0.915701	4706	
-0.268388	-0.510478	3319	
0.411574	0.766971	2732	
0.529550	0.514740	1517	
-0.386657	0.517555	2580	
0.812271	0.328712	2656	
0.473598	-0.867944	1671	
-0.307942	-0.145103	3638	
0.499332	-0.367839	2227	
0.228234	0.922051	637	
-0.498536	-0.409550	3404	
-0.770142	-0.133647	3552	
0.283966	-0.094710	4290	
-0.085205	-0.677622	1702	
0.195923	0.702491	404	
0.586468	0.708504	4342	
-0.695842	-0.272129	1304	
-0.191762	0.379099	720	
-0.745605	-0.424812	3257	
0.493693	0.717224	3056	
-0.296753	0.682821	1310	
-0.224695	-0.172102	5054	
0.354954	-0.288592	1954	
-0.048189	0.289767	5211	
-0.953419	-0.263015	1552	
0.569855	0.470627	1384	
0.375624	0.208138	3665	
-0.115504	-0.330690	4968	
0.360630	0.141158	1648	
0.814680	-0.046339	1133	
-0.375310	0.517540	2123	
-0.029625	0.700375	3471	
-0.690772	-0.356488	4877	
0.454585	-0.680389	3775	
0.424996	-0.267462	2288	
0.373639	-0.674470	465	
0.551837	0.326419	2442	
0.203120	-0.271597	4036	
-0.575963	-0.161218	5123	
0.387108	0.651691	1216	
0.482250	0.558534	1694	
0.445251	0.586921	4693	
0.788313	0.194795	1697	
-0.457692	0.602729	4051	
0.200844	-0.221398	416	
0.344296	-0.320469	2129	
-0.292034	0.726269	1784	
-0.099096	0.275328	3883	
0.529554	-0.617013	3085	
0.619999	0.404561	3167	
-0.024607	0.685568	3471	
0.894576	0.229361	327	
-0.246644	-0.146168	1625	
0.306545	-0.093981	3645	
0.447210	-0.469632	1740	
-0.461461	-0.511486	768	
0.405436	-0.248406	1930	
0.504714	0.768684	5653	
-0.272433	-0.549778	412	
-0.824130	0.472749	2304	
0.007318	-0.951276	5143	
-0.004007	0.951100	5406	
0.171270	-0.690805	4518	
-0.279327	-0.875844	591	
-0.054574	-0.189424	696	
-0.808447	-0.296617	4306	
0.833461	-0.124245	4185	
-0.480274	0.616903	3368	
-0.100246	0.390290	1855	
0.053672	0.812789	3282	
0.807292	0.339765	2656	
0.431566	-0.242071	4476	
-0.269257	-0.252543	4851	
-0.267264	-0.575520	536	
0.257839	-0.415317	2431	
-0.578329	-0.161631	5123	
-0.947893	0.074851	3720	
-0.632398	0.409090	1226	
0.250154	-0.139300	4446	
0.287057	-0.687397	3837	
-0.207340	0.573383	1532	
0.714748	-0.135055	3101	
-0.110365	-0.238596	1175	
0.520255	0.549407	1201	
-0.665660	0.304667	753	
0.044251	0.295003	3574	
-0.120982	-0.832702	3798	
0.304075	-0.629591	3371	
-0.153699	-0.242238	395	
-0.284064	0.585186	1528	
-0.951067	0.016978	958	
-0.115765	-0.572247	4690	
-0.229577	-0.626235	4947	
-0.780532	0.384263	3154	
-0.555405	0.768656	4649	
-0.509658	-0.533346	1199	
-0.287523	-0.212011	1794	
0.454407	-0.221115	785	
-0.131939	-0.269764	4859	
0.784521	-0.483357	5332	
-0.279837	-0.131810	4210	
0.983181	-0.103859	2228	
-0.160873	0.605588	301	
0.372157	0.765842	3188	
-0.045531	0.369356	1619	
-0.767834	0.559993	2538	
-0.180115	-0.582484	1277	
-0.371178	-0.072623	1682	
0.164247	-0.808926	2534	
-0.217183	0.566088	1532	
0.469716	-0.275518	4270	
0.572190	0.588650	2335	
0.165395	0.935578	566	
-0.384599	-0.280351	5424	
0.687338	0.021772	3507	
0.324220	0.050031	4846	
0.942954	-0.119657	506	
-0.588998	-0.163518	5123	
-0.373715	0.736858	3660	
0.577432	0.755453	1219	
-0.500872	-0.416257	3404	
-0.878165	-0.282841	3764	
-0.626862	-0.764616	2080	
0.444827	-0.355096	987	
-0.821547	-0.102695	3694	
-0.571408	-0.568770	2357	
0.830699	0.281613	3635	
-0.192025	-0.784741	3897	
0.323618	-0.667824	4102	
0.224314	-0.119257	5489	
-0.686799	0.532519	3744	
0.847800	0.065773	4595	
-0.113710	-0.378170	3814	
-0.720617	-0.216720	1352	
-0.264584	0.598926	1396	
-0.374349	-0.226911	3331	
-0.819609	-0.229093	803	
-0.248100	-0.206266	5109	
0.657835	0.393959	3260	
0.173605	-0.810706	2846	
0.771683	0.036344	3551	
-0.586541	-0.251440	1921	
0.288143	-0.428865	2688	
-0.458650	-0.237131	2664	
-0.721980	0.195796	2167	
-0.169607	-0.304327	4714	
0.820309	-0.031429	557	
0.744134	0.147717	4581	
0.799638	-0.037543	1133	
-0.665711	0.518647	2330	
-0.380580	-0.870993	4952	
0.549536	0.263147	4198	
0.849235	0.203977	4452	
0.563649	-0.574590	3825	
-0.549066	0.392080	4762	
-0.872141	0.033424	4408	
0.042319	0.600761	4857	
-0.702170	0.514267	3025	
0.327373	0.022605	4632	
-0.374002	-0.192712	937	
-0.482182	-0.863056	3618	
-0.290905	0.593474	1528	
-0.560331	0.477051	4694	
-0.598739	0.189693	4343	
0.574781	0.464523	1384	
0.410886	-0.374268	4080	
0.755071	-0.525409	4265	
-0.379436	-0.021778	1429	
0.641054	-0.269384	3833	
0.122448	-0.868828	4318	
0.548299	-0.316546	2572	
0.531063	0.512187	1517	
0.156309	-0.840764	3965	
-0.978574	-0.143601	4540	
-0.582225	0.052975	4662	
0.987813	-0.042784	1553	
0.603739	-0.516150	977	
0.715852	-0.129394	3101	
-0.379176	-0.181931	2235	
-0.625852	-0.566743	3731	
-0.370438	-0.525597	2249	
-0.118257	-0.431619	3708	
0.526763	0.753792	3194	
-0.977152	-0.152894	4540	
-0.268988	-0.031846	1033	
-0.344473	-0.473837	5357	
-0.555262	-0.593317	2661	
0.653254	0.465103	3186	
0.268410	-0.646762	2143	
0.328285	-0.665225	3351	
0.365272	0.707700	2086	
0.988731	-0.009814	4309	
-0.581318	-0.799725	3702	
-0.639839	0.416599	1226	
0.371033	-0.096236	2883	
-0.631747	-0.601211	5130	
-0.133443	-0.753655	1363	
0.698656	0.025446	3507	
-0.329265	-0.891272	5250	
-0.418460	-0.136144	450	
0.653429	0.537465	3871	
0.699547	0.264264	5356	
0.661671	0.236974	5459	
0.223183	-0.119503	5489	
0.617656	-0.012986	4981	
-0.325437	0.045472	2825	
-0.120681	0.841353	4459	
0.308537	-0.436056	2945	
-0.456815	-0.833328	4831	
-0.593085	-0.637793	3562	
-0.939278	-0.154028	5219	
-0.820751	-0.099556	3694	
-0.009391	-0.860248	3851	
0.530900	-0.258257	2918	
0.367479	0.876270	4948	
0.526415	0.754035	3194	
0.314937	-0.094577	3645	
0.297237	-0.238143	2205	
-0.186467	-0.646539	1527	
-0.557415	0.112957	1403	
-0.646069	0.064588	1537	
-0.814267	0.017838	2179	
-0.301891	-0.383262	2223	
-0.202329	0.854382	333	
-0.113994	-0.531167	3486	
-0.914403	0.102839	4218	
-0.081567	0.784716	1007	
-0.035611	-0.460789	4860	
-0.510068	-0.185619	742	
0.045929	0.870913	1819	
0.487702	-0.270601	4204	
0.988533	0.020094	610	
0.373441	-0.208924	5543	
-0.572833	-0.758663	2516	
-0.005841	0.552169	2907	
0.528348	-0.139457	2221	
-0.279507	-0.508521	5042	
-0.837606	-0.525621	770	
-0.052699	-0.949287	5506	
0.391411	-0.201793	4183	
-0.895335	0.208840	3068	
-0.253978	-0.489923	3956	
-0.876468	0.367597	5544	
-0.951395	-0.004594	958	
0.330494	-0.491174	5526	
0.486157	-0.553972	5303	
-0.789677	0.528861	5260	
-0.886283	-0.438676	1331	
-0.239553	-0.573947	5445	
-0.231433	-0.424105	1741	
0.224079	-0.963184	4643	
0.392772	-0.296412	2393	
-0.666928	-0.228497	2076	
0.805819	-0.239616	640	
0.972476	-0.177980	3392	
0.558685	-0.307556	2880	
0.701535	0.304740	2178	
0.328700	0.034542	3329	
0.016178	0.483896	5061	
0.422474	0.563203	582	
-0.907697	-0.286558	4828	
-0.195600	0.728810	4075	
-0.577221	-0.613639	3067	
-0.443729	-0.628977	1709	
-0.434299	-0.273047	2408	
0.310213	-0.084378	4209	
0.034090	0.309813	2514	
0.459438	-0.461875	2193	
-0.333157	0.782133	4586	
-0.473235	-0.400529	2928	
-0.682586	0.616356	3195	
-0.402498	-0.010378	1830	
0.740063	0.302856	4654	
0.690776	-0.425706	2673	
0.356653	-0.601262	5153	
-0.074668	-0.605492	1512	
-0.161849	-0.576431	4923	
-0.199533	-0.214887	5229	
-0.195028	-0.517838	2775	
-0.733609	0.046774	5615	
0.397282	-0.486921	437	
0.742648	0.256513	5403	
-0.669367	-0.675253	4941	
0.399334	-0.283100	2393	
0.506675	-0.384101	2267	
0.452789	0.611331	1026	
-0.434955	0.693297	5093	
0.220262	-0.427361	3107	
0.789965	-0.470734	4950	
-0.255536	-0.478312	5191	
