time = 237.1	Re = 90
0.913396	-0.378227	1903	
0.894130	-0.421903	1261	
0.928966	-0.337787	5520	
0.928339	-0.339535	5520	
0.957412	-0.246216	4610	
0.970501	-0.188213	5347	
0.962561	0.227195	4637	
0.936707	-0.162385	4426	
0.950916	-0.031826	958	
0.921012	0.241879	4828	
0.905967	0.292737	372	
0.901683	0.305472	372	
0.630103	0.712848	5348	
0.298010	0.903301	5292	
0.818770	-0.553818	1984	
0.964101	-0.218482	4788	
0.987188	-0.053684	1466	
0.977799	0.148574	4558	
0.840305	0.521298	770	
-0.947700	-0.066717	5047	
-0.796637	-0.516930	5608	
-0.827733	-0.465460	4396	
-0.863734	-0.395157	1085	
-0.463432	-0.828635	5462	
-0.202154	-0.927708	4233	
0.177376	-0.934722	5041	
0.466723	-0.828164	315	
0.872299	-0.377120	5571	
0.844088	0.439509	1751	
0.332909	0.890973	5551	
0.975779	0.161321	4558	
0.296018	-0.872985	491	
0.609095	-0.689063	5737	
0.663996	-0.636060	5367	
0.736287	-0.550364	5475	
0.921732	0.016924	4960	
0.900938	0.200477	5515	
0.689838	0.609504	2119	
-0.706396	0.603172	2041	
0.168335	0.932535	5456	
-0.817954	-0.482164	4245	
0.233108	-0.922274	4489	
0.650855	-0.692331	5405	
0.951343	-0.012955	958	
0.551726	0.774737	5581	
0.971217	0.186693	611	
0.851331	0.214397	618	
0.875334	0.012499	5478	
0.835425	0.267133	3448	
0.761505	0.429020	2695	
0.575994	0.653779	3727	
0.357163	0.792659	3962	
-0.561322	0.666872	2754	
0.712709	-0.513950	4617	
-0.897717	0.192959	5600	
-0.151360	-0.906155	5641	
0.850391	-0.348816	343	
0.829071	0.402581	2252	
0.157967	0.906125	3804	
-0.819823	-0.478919	4245	
0.463924	-0.829606	315	
0.937351	-0.157544	4426	
0.355669	0.881994	5250	
0.918630	0.366172	3393	
0.842398	0.138224	3857	
0.704163	-0.461163	3054	
0.826026	-0.165253	1777	
0.842340	-0.072895	3265	
0.840940	0.146660	3857	
0.109593	0.837519	2904	
0.845882	0.196492	3907	
-0.867023	-0.114827	5315	
0.814989	-0.302784	4888	
0.476390	0.728414	518	
-0.348124	0.803282	1423	
0.602767	-0.638337	2192	
-0.916096	0.074605	3440	
0.616589	-0.682172	5682	
0.663751	0.637589	5382	
0.605835	-0.723660	5377	
-0.165007	-0.935015	426	
0.795889	-0.518731	744	
0.411457	0.857358	4952	
0.975987	-0.157585	1491	
0.725057	0.672296	1990	
0.190325	0.779185	3897	
-0.335425	0.741204	5305	
-0.714615	-0.390842	4223	
-0.128600	-0.797275	3991	
0.449408	-0.676975	3245	
0.796619	-0.141701	3699	
0.012403	0.817972	2437	
-0.495060	-0.647470	1757	
0.098584	0.816733	4570	
0.077418	0.836231	5677	
-0.004322	-0.846417	548	
0.489160	0.687006	2456	
0.854527	-0.091513	3736	
0.645557	-0.583002	3057	
0.105107	0.864827	2904	
-0.621397	0.675488	5169	
0.617017	-0.681702	5682	
0.370209	0.841509	4720	
-0.846456	-0.430095	321	
0.745397	-0.589186	2538	
0.796043	0.521009	907	
0.870687	-0.468035	2871	
0.913677	0.378260	2608	
0.441572	-0.618412	4051	
-0.744644	-0.201684	5658	
-0.682740	-0.339186	3654	
0.773660	0.016036	4523	
0.783916	0.085123	1019	
-0.776983	-0.146344	1258	
-0.527720	-0.585460	1788	
-0.661022	0.439874	1725	
-0.377803	0.718374	2295	
0.740878	-0.320828	3185	
-0.819531	-0.110637	2051	
-0.055317	0.831103	2738	
-0.833850	-0.166003	3856	
0.630280	-0.557846	2355	
-0.190025	0.832995	4132	
-0.864746	-0.129702	5315	
0.636022	0.596397	3728	
-0.796100	0.351523	3290	
-0.524109	-0.754172	5653	
0.918850	-0.059513	364	
-0.732843	0.565893	5725	
0.114778	-0.944154	4807	
0.949185	0.070371	2816	
0.903306	-0.401661	1041	
-0.386338	0.628950	4683	
0.471614	0.565019	3071	
-0.707551	0.167077	1530	
0.506189	-0.534971	2258	
0.039417	0.738317	4180	
-0.755432	-0.050028	649	
-0.592226	0.466611	1360	
0.596175	-0.466121	1938	
0.471707	0.608064	2300	
-0.746829	-0.243591	2422	
-0.175393	-0.764057	699	
-0.789994	0.098038	1270	
-0.660562	-0.471979	3060	
0.392069	0.708082	2159	
0.320300	-0.758182	4071	
-0.844824	-0.083155	4438	
0.803335	-0.248318	2716	
-0.266711	0.828939	5072	
0.701401	0.519347	3876	
-0.481424	0.727901	4782	
0.271971	-0.880662	3947	
0.712320	0.583233	3196	
-0.317107	0.894203	371	
0.557919	-0.769110	502	
0.400307	0.862458	4952	
0.982583	0.112586	4540	
0.241641	0.649949	1180	
0.037584	0.690304	4752	
-0.659891	0.195168	1461	
0.180218	-0.723891	4188	
0.309579	-0.672078	1286	
-0.364700	0.642447	871	
0.210690	-0.720906	5342	
0.172181	0.706466	2207	
-0.607541	0.413219	1778	
-0.024278	0.756720	4740	
0.596508	-0.465389	1938	
0.050583	0.771531	1224	
0.302609	0.714897	3105	
0.763841	-0.235167	4224	
0.781625	-0.202571	4689	
0.379528	-0.727588	4783	
-0.809747	0.214199	4878	
0.697908	0.478974	2820	
-0.801659	0.323896	2865	
0.422862	0.760066	2751	
0.006208	-0.877548	4103	
0.905689	-0.159592	4803	
-0.168040	0.907640	4109	
0.402053	-0.861364	5548	
0.840583	0.445532	1751	
0.984842	-0.086160	5513	
-0.028021	0.689800	4231	
-0.032407	0.700431	4231	
-0.028605	0.701907	4231	
0.672525	-0.130700	277	
0.335858	0.614148	2569	
-0.247357	0.655486	1498	
0.603472	0.403999	3301	
-0.229513	-0.688862	873	
0.337478	-0.659704	1909	
-0.320141	0.668727	3351	
0.733874	0.181554	4844	
0.414719	0.635687	4436	
-0.544632	-0.549328	1727	
-0.798774	0.046173	294	
0.820554	0.048538	2761	
0.827118	0.044101	2761	
-0.195115	-0.815649	5254	
-0.065627	0.849908	4462	
0.664009	-0.561463	3601	
-0.678842	0.545072	3726	
0.215096	-0.896584	1377	
0.178532	0.902148	4992	
-0.213140	-0.924888	732	
0.915991	0.258641	4828	
0.685233	-0.712436	1963	
0.012051	-0.696750	3471	
0.584804	0.129244	5103	
-0.632494	-0.229035	1354	
-0.007992	0.694977	3000	
-0.015393	0.683741	4231	
0.330097	0.616922	2569	
-0.677218	0.076355	2016	
-0.738129	-0.148693	4477	
-0.602086	-0.429183	1937	
0.223468	0.693487	2384	
-0.462877	-0.574070	4693	
-0.679414	-0.344966	3654	
0.777560	-0.018678	4840	
-0.460528	0.635648	2801	
-0.387920	0.712112	2797	
-0.592410	0.555372	1767	
0.304250	-0.784538	4586	
0.764521	-0.349470	3191	
0.721704	-0.455975	3054	
0.609340	0.623072	3562	
-0.874758	-0.067200	5256	
0.863131	-0.315555	3287	
-0.243325	0.890211	5558	
0.455646	-0.834049	315	
0.531511	0.788347	4809	
0.942379	0.299933	2229	
0.009714	-0.685454	3471	
0.291063	-0.614198	1621	
0.634247	-0.233157	1832	
0.432997	-0.531918	2091	
0.127866	-0.499055	4059	
-0.005810	0.686025	3000	
-0.683543	-0.010853	3507	
-0.102618	0.713442	1193	
-0.746057	-0.070680	4895	
-0.380486	0.632584	1260	
0.175813	0.705635	2207	
-0.742706	0.026189	3978	
-0.684516	-0.335687	2166	
0.778571	0.126775	3939	
0.450980	0.634655	1709	
0.649469	-0.467370	1789	
-0.138689	0.813513	2534	
0.499024	-0.670753	3164	
0.808556	-0.230550	2716	
0.725735	0.465779	2866	
0.477968	0.727275	518	
-0.050113	-0.873754	2388	
0.879188	-0.267787	4616	
-0.313313	0.867481	765	
0.255659	-0.915902	402	
0.540050	0.782535	5452	
0.937793	0.313919	1486	
0.540972	0.827486	3206	
0.017588	-0.700310	1081	
0.645622	-0.167876	470	
-0.563226	0.382947	793	
-0.390257	-0.086975	1829	
-0.408350	-0.125021	359	
-0.402580	-0.125106	359	
-0.447406	-0.152964	4494	
-0.421945	-0.128092	359	
-0.009207	0.439866	405	
-0.006219	0.685233	3000	
0.437809	0.550516	411	
-0.370571	-0.596570	3024	
-0.669525	0.292534	3302	
-0.524675	0.516650	5501	
-0.613165	-0.446433	1118	
-0.468292	0.613692	1664	
-0.775048	0.164865	2836	
0.786205	-0.184541	5619	
-0.020907	-0.820172	5309	
-0.822398	-0.213284	4370	
-0.399617	0.748885	5417	
0.561011	-0.665229	2741	
-0.668189	0.558076	3047	
0.703958	-0.590748	5097	
-0.105243	0.916793	608	
0.561632	-0.766321	651	
0.603388	0.734941	2033	
0.900418	0.408750	1749	
0.486000	0.860929	3618	
0.466502	0.086104	4816	
0.644120	-0.180916	545	
-0.564930	0.063895	5384	
-0.389954	-0.095462	3890	
-0.379786	0.001985	1683	
-0.194980	0.470382	2196	
-0.094862	0.341207	1501	
-0.190065	0.458035	3074	
-0.364807	-0.064197	4156	
-0.425990	-0.147391	4410	
-0.507091	0.052177	4256	
-0.008045	0.695068	3000	
-0.542274	0.444898	341	
0.515507	-0.522213	2258	
0.257249	0.683142	2071	
-0.736761	-0.186643	4792	
0.781437	0.007570	1017	
-0.784197	-0.167055	1120	
-0.019529	-0.814412	5173	
-0.294950	-0.756404	3725	
-0.275418	-0.791515	3437	
-0.778952	0.325370	2821	
0.805514	0.342523	5415	
0.780900	-0.397553	3154	
0.887408	0.252313	3764	
0.099550	0.942023	5525	
0.753345	-0.578634	2538	
-0.086922	0.948364	4428	
0.009947	-0.685177	3471	
0.601554	-0.324788	830	
-0.459844	0.044552	4455	
-0.368878	-0.049020	1999	
-0.264001	0.569908	2253	
0.136832	0.604249	2713	
0.565338	-0.117042	1445	
0.063007	-0.293262	4089	
0.077147	-0.296256	4089	
0.535013	0.375514	2622	
-0.139415	0.376484	2001	
-0.485577	-0.169943	4142	
0.619505	-0.040460	484	
0.622946	0.322912	1545	
-0.735461	-0.157228	5667	
0.517778	-0.523462	2258	
0.366200	-0.643100	2343	
-0.262955	0.725791	4092	
0.081597	0.775664	2533	
-0.169169	-0.787865	5404	
-0.141992	-0.800518	3991	
-0.336486	-0.767843	4355	
0.223769	-0.830927	3046	
0.291336	0.818734	5179	
-0.369276	0.841713	751	
0.537577	0.746350	4047	
-0.871105	-0.377707	5167	
0.918763	0.248352	4828	
0.988899	-0.001882	3225	
0.499090	0.853418	3618	
0.641964	-0.032651	512	
0.552239	-0.408625	857	
-0.392229	-0.013398	1273	
-0.385660	0.005953	1683	
0.046120	0.390316	2499	
0.466439	-0.089679	3791	
-0.429527	0.093668	4352	
-0.179210	0.370694	710	
-0.089125	0.274079	3910	
-0.407801	0.087507	843	
0.393328	-0.517320	1162	
-0.027506	0.331612	3273	
-0.513791	-0.181220	655	
0.457859	0.050850	1638	
-0.622008	0.315177	4274	
0.362090	0.637255	4032	
-0.520754	0.520651	2547	
0.661707	-0.362724	1335	
-0.040761	-0.775981	4571	
0.464806	0.655271	1973	
-0.821203	-0.010831	4691	
-0.732315	0.406304	3078	
-0.623982	0.569642	2370	
0.597210	0.634493	3778	
0.726113	-0.489836	3712	
0.918829	0.082209	1505	
0.923797	-0.194907	5166	
0.807414	-0.500103	744	
-0.169969	0.937224	4372	
0.009349	-0.689779	3471	
0.555541	-0.403951	3922	
-0.391545	-0.013346	1273	
-0.451157	0.056134	4455	
0.093192	0.544074	5416	
-0.273051	-0.042271	5656	
0.134488	0.574257	4690	
0.102328	0.260902	5331	
0.416079	0.235176	2770	
0.330717	0.197256	3724	
0.245004	0.110473	1593	
-0.052042	0.267363	5187	
0.102464	-0.307389	2819	
-0.388269	0.018103	1496	
-0.499868	0.049433	4211	
0.618591	0.331153	1652	
0.596133	-0.425542	1114	
-0.458600	0.577201	4195	
-0.701486	0.263575	3344	
-0.014944	0.782136	1006	
-0.767006	0.195282	3280	
-0.526765	0.618988	599	
-0.360430	0.763054	2448	
0.322155	0.777185	3343	
0.796158	-0.348176	4169	
0.643724	-0.593213	3057	
0.884014	-0.251075	4616	
-0.465028	0.795044	5578	
0.895841	-0.315574	4397	
-0.701763	0.642441	279	
0.135914	-0.529755	475	
-0.060111	0.420410	4093	
-0.382519	-0.022903	1273	
-0.561832	0.365023	4449	
0.590846	-0.140893	4222	
0.021079	0.287721	4505	
0.109491	0.390976	4826	
0.122612	0.314585	291	
0.494959	0.331673	614	
0.413464	0.252813	3443	
0.143487	0.263307	4859	
0.341746	0.220734	2242	
0.491027	0.279968	4657	
-0.512909	0.112140	2757	
-0.608718	0.235941	1711	
-0.209719	0.625760	1295	
0.571924	0.407879	3834	
0.509891	0.530996	4794	
-0.510221	0.531106	2547	
0.716559	-0.227148	1858	
-0.389408	-0.664672	5312	
-0.615302	-0.527112	2659	
-0.785954	-0.249557	1148	
-0.051975	-0.841403	1572	
0.086187	-0.855427	4460	
0.332419	0.803018	3816	
-0.885696	-0.253181	3930	
-0.037338	0.921395	3357	
0.440854	-0.841837	653	
0.365317	0.877658	316	
-0.022022	0.686551	4231	
0.145443	-0.597544	301	
-0.386982	0.554693	5460	
-0.400671	0.019748	1762	
0.082247	0.490754	4041	
-0.045826	-0.343140	4316	
0.078625	-0.260429	440	
0.496237	0.346153	2412	
0.157765	0.541508	1457	
0.265966	0.245986	4851	
0.459025	0.389877	1715	
0.198195	0.291441	3588	
0.466102	0.352669	2919	
0.216394	0.553490	2402	
0.120729	0.341636	4968	
0.209987	0.596378	2303	
0.099835	0.561838	2947	
-0.418550	0.536949	2056	
-0.243675	0.657019	1498	
0.377615	0.628668	5296	
-0.704380	0.182270	2113	
-0.176770	0.758099	4590	
0.517469	0.599389	1078	
0.666747	0.466804	2725	
-0.341085	0.754936	3911	
0.825094	0.214826	803	
0.349160	-0.800657	3298	
-0.739308	0.459041	4038	
0.879638	0.277334	3764	
-0.907421	0.274561	2217	
0.924845	0.224529	5307	
0.797201	-0.584447	3706	
0.009498	-0.685819	3471	
0.015326	-0.687455	1081	
-0.447712	-0.096446	5728	
0.247653	-0.630221	3163	
-0.589449	0.073387	1586	
-0.432172	0.043095	449	
0.142968	0.607304	2198	
-0.297134	0.538472	2439	
0.111101	0.165245	696	
0.262286	0.201102	2101	
0.150529	0.369280	1301	
0.180291	0.315102	5015	
0.427770	0.342043	3353	
0.398387	0.450144	1856	
0.354706	0.490183	462	
0.420111	0.330375	2832	
0.313983	0.532657	5026	
0.458760	0.430093	2224	
-0.243690	0.006744	1165	
-0.079327	0.333660	1910	
0.454269	0.004098	4927	
-0.377920	0.588772	4403	
0.237881	-0.709325	711	
0.668522	0.325958	3147	
0.748953	-0.150541	2177	
-0.798178	-0.147370	2468	
-0.080592	0.819848	3671	
-0.070037	0.844203	4462	
-0.512033	0.673397	3109	
0.393687	0.775219	3138	
0.711126	0.523346	3876	
0.339314	0.854365	378	
-0.159384	-0.935684	426	
0.550639	0.774942	5452	
0.899495	0.410782	1749	
0.129807	-0.504270	3401	
0.145184	-0.596016	301	
0.318595	-0.601882	1801	
-0.089513	0.427612	400	
-0.440035	0.037740	447	
-0.603162	0.103098	1468	
0.316487	0.034146	3841	
-0.092806	0.275948	3910	
0.297343	0.183719	3733	
0.440339	0.263550	2408	
0.377542	0.266356	5424	
0.204023	0.329704	2505	
0.393652	0.455525	1856	
0.207322	0.342223	2369	
0.387167	0.323461	4474	
0.272886	0.527176	3319	
0.389775	0.306071	786	
0.227581	0.252431	3277	
0.122652	0.312401	291	
0.129074	-0.328696	2790	
-0.511162	-0.189272	1279	
-0.005808	0.687801	3000	
0.632068	-0.367081	1817	
-0.553617	0.484937	4117	
0.471767	0.594965	1029	
0.626310	0.465588	3112	
0.481866	-0.652178	1994	
0.592074	-0.559805	1978	
0.538794	-0.647029	819	
-0.792284	-0.362327	1569	
-0.733942	0.467588	4099	
0.921469	0.024169	4277	
0.834228	-0.439108	312	
0.944028	0.120594	5046	
0.982221	0.115459	4540	
0.158134	-0.637031	5607	
0.439628	0.065899	414	
-0.021845	0.424892	3903	
-0.582803	0.072156	1586	
-0.448792	0.051272	447	
0.041746	0.384927	2499	
0.112796	-0.316516	2819	
0.207425	0.596480	4390	
0.443405	0.462047	2226	
0.212675	0.210690	5229	
0.463192	0.376249	1715	
0.427239	0.341086	3353	
0.321225	0.301547	2589	
0.205179	0.442258	953	
0.248710	0.337450	1962	
0.243664	0.341230	1883	
0.414772	0.353472	4272	
0.385310	0.303627	629	
0.163026	0.508890	1956	
0.105168	0.167945	696	
0.057141	0.405635	1925	
-0.472585	-0.161258	3831	
-0.313419	0.624652	4347	
-0.005770	-0.748264	3210	
0.716815	0.224448	3633	
-0.145040	0.775062	4522	
-0.690516	-0.407792	3365	
-0.806683	-0.179525	2714	
-0.824562	0.150466	2521	
0.732950	-0.435647	3735	
-0.078768	0.873364	5237	
0.197696	-0.900458	5482	
-0.180714	0.905219	5021	
0.682944	-0.660211	5584	
0.130479	0.942016	5197	
0.614765	0.774311	3181	
-0.176349	0.579234	2019	
-0.229194	0.614069	1666	
-0.591431	0.075899	1586	
-0.464396	0.056702	4455	
-0.622588	0.159153	3022	
0.524905	0.395979	3413	
-0.283097	0.002837	877	
0.073553	0.319705	1347	
0.128100	0.437999	3708	
0.163508	0.504813	1956	
0.386437	0.471323	1803	
0.429098	0.399352	1862	
0.207035	0.410575	824	
0.376831	0.346936	2248	
0.228821	0.440342	953	
0.230060	0.414188	2314	
0.397916	0.378387	5471	
0.418099	0.391510	5486	
0.419045	0.421167	1345	
0.143161	0.497591	2712	
0.189808	-0.386879	3780	
-0.109193	0.348331	1381	
0.542954	-0.033950	4024	
0.682827	0.260675	2366	
0.504141	0.538278	3133	
-0.738340	0.128010	1303	
-0.585583	-0.506394	1876	
0.672078	-0.447959	2334	
0.811003	-0.099014	716	
0.842699	-0.062226	3349	
0.214730	-0.849153	4164	
-0.756132	-0.439696	2566	
0.826694	0.407102	2252	
-0.570925	-0.758148	2382	
0.838919	0.448132	1751	
-0.604808	0.085966	1291	
-0.565370	0.071377	5384	
-0.556032	0.077021	5206	
-0.622244	0.149827	2487	
0.081288	0.488370	4041	
0.204668	-0.453673	2864	
-0.116625	0.290820	4475	
0.450538	0.251748	2664	
0.272773	0.202265	1794	
0.164164	0.319084	5015	
0.311186	0.284683	4746	
0.285310	0.302716	1266	
0.216615	0.378352	3395	
0.243988	0.473879	3505	
0.289635	0.361085	2064	
0.353823	0.404862	1610	
0.339650	0.363133	2743	
0.243821	0.380493	2373	
0.394357	0.440189	1856	
0.411421	0.320955	4959	
0.416944	0.478571	2268	
-0.206534	0.422780	3759	
-0.515693	-0.191031	655	
-0.702159	-0.014155	1122	
0.752857	0.030035	1075	
-0.719828	0.113313	2740	
0.203756	0.725042	2611	
0.783607	-0.096951	1414	
-0.158114	0.809537	2846	
0.556582	0.626110	2653	
-0.827567	0.168472	3613	
0.639227	0.592637	5130	
-0.750724	-0.530206	2894	
0.152346	0.907113	5556	
0.585649	-0.747835	5171	
0.096091	0.946254	5525	
-0.251360	0.586070	2253	
-0.373257	0.548883	5592	
0.089125	0.531957	5391	
0.489741	0.446857	4482	
0.023892	-0.296424	4435	
-0.269085	0.529827	5216	
-0.198523	0.380382	3815	
0.442091	0.262462	2408	
0.252571	0.567587	5445	
0.412348	0.282292	2385	
0.362506	0.294777	5322	
0.278822	0.303978	1307	
0.299808	0.324421	2010	
0.247572	0.396843	2103	
0.343315	0.414986	5086	
0.288784	0.441458	963	
0.273682	0.435865	650	
0.361961	0.405107	527	
0.296564	0.493440	4447	
0.405653	0.423071	1345	
0.191761	0.538367	2262	
0.280306	0.198963	1794	
0.586721	-0.278278	3458	
-0.627149	0.241006	1865	
-0.608771	0.342775	767	
0.378457	-0.635010	2046	
0.754007	0.157706	5009	
-0.783387	-0.102859	1117	
-0.230231	0.784064	3009	
0.330099	-0.752959	4071	
0.675441	-0.500135	3700	
-0.708936	-0.502381	4938	
-0.794134	-0.369299	1474	
0.877213	0.284649	3683	
-0.936695	-0.156765	1566	
0.769997	0.557984	1972	
0.946897	0.285386	3243	
0.565491	0.296606	808	
0.548014	0.353587	2187	
0.454924	0.194022	3679	
0.052479	-0.294565	5211	
-0.325802	0.050882	4053	
0.467434	0.454164	4932	
0.165269	0.567892	4923	
0.304513	0.553381	412	
0.167586	0.237990	374	
0.346032	0.255980	4166	
0.332262	0.287166	5546	
0.255180	0.312248	2060	
0.221041	0.372651	2164	
0.239498	0.426604	3391	
0.338815	0.388332	2012	
0.318549	0.418618	2308	
0.302538	0.423379	2308	
0.258260	0.423287	3391	
0.310824	0.346518	1915	
0.374394	0.335686	5435	
0.236312	0.527774	2841	
0.179525	0.244617	374	
-0.197797	0.378570	3815	
-0.421651	-0.149272	4410	
-0.018387	0.684960	4231	
-0.323850	0.659648	3502	
-0.641790	0.354631	1060	
0.343471	0.673814	2069	
0.440928	0.655698	1935	
0.260064	0.764090	4707	
0.721283	-0.416259	3528	
0.065475	0.842719	5195	
0.033893	0.872643	3851	
-0.895123	-0.217329	327	
0.023732	0.921148	788	
0.753955	-0.577577	2538	
-0.297409	0.904480	3579	
0.354876	0.922707	2990	
-0.210364	-0.602744	1742	
-0.298268	-0.581420	1723	
-0.281045	-0.010845	5681	
-0.160214	0.341395	2867	
0.338406	0.558022	1658	
-0.041336	0.232799	678	
0.219565	0.167424	5054	
0.121484	0.339938	4968	
0.420884	0.280004	2788	
0.303606	0.247546	946	
0.186572	0.368931	1300	
0.191448	0.421115	950	
0.252136	0.504980	2777	
0.371621	0.417502	527	
0.258875	0.470588	5191	
0.269003	0.390063	2103	
0.284445	0.383441	2273	
0.258563	0.419931	3391	
0.337292	0.350203	2291	
0.388467	0.347238	5435	
0.184870	0.376987	1300	
0.232957	0.259986	3277	
0.176788	0.223141	1150	
-0.314378	-0.138209	2876	
-0.595422	-0.229785	2172	
-0.255408	0.651906	2143	
-0.724696	0.089155	3339	
0.276534	-0.691767	1154	
0.642878	0.428651	1779	
-0.119283	-0.787172	4346	
-0.733783	-0.366193	5049	
-0.546860	-0.637903	2648	
0.752858	0.416733	3257	
-0.585148	0.645374	433	
0.918543	-0.060205	364	
-0.807276	0.496179	3035	
0.704052	0.638944	3933	
0.698475	0.699778	3904	
0.074767	0.373680	799	
0.061581	0.341535	2026	
0.106855	0.503444	2195	
0.496199	0.244387	2531	
-0.260590	-0.113995	3770	
0.118234	0.455855	3106	
0.403603	0.499805	2629	
0.146985	0.255658	4859	
0.180850	0.228971	1150	
0.189213	0.284698	4714	
0.380140	0.290276	5271	
0.292754	0.284929	1266	
0.196558	0.388888	1620	
0.375541	0.447377	952	
0.222060	0.485649	3597	
0.341836	0.349233	2291	
0.352101	0.354244	2291	
0.220744	0.402068	3395	
0.388443	0.429074	952	
0.258806	0.518256	3319	
0.179684	0.446395	3644	
0.247537	0.550783	5445	
0.297145	0.205838	3733	
-0.519393	0.396476	3017	
-0.388416	-0.120026	1127	
-0.035181	-0.625788	349	
0.456494	-0.567794	4144	
-0.266700	0.696027	3837	
-0.765488	-0.124241	4784	
0.143806	0.760783	1363	
-0.177150	-0.785491	5404	
0.442160	0.687670	3743	
0.672745	0.511837	3794	
0.870417	0.109028	4374	
-0.904984	0.152495	835	
-0.086435	0.918621	4706	
0.926956	-0.207345	5166	
-0.607093	0.732312	1243	
-0.270867	0.040285	5594	
-0.243461	-0.025859	1329	
-0.398182	0.095557	936	
-0.088058	0.235489	486	
0.096670	0.172395	696	
0.508834	0.310503	2105	
0.208285	0.168960	4391	
0.174361	0.558736	4050	
0.216792	0.206073	5229	
0.433111	0.289070	2245	
0.204984	0.270848	4076	
0.418135	0.314128	2832	
0.228388	0.307411	2204	
0.299666	0.284726	1266	
0.221936	0.508499	2775	
0.198654	0.476846	2848	
0.202546	0.486158	2848	
0.223444	0.509342	2857	
0.418531	0.398503	5670	
0.179881	0.448495	3644	
0.425883	0.435277	1781	
0.127715	0.354965	3814	
0.259734	0.195536	2101	
-0.203991	0.417310	3759	
-0.142271	0.378112	2001	
0.162780	0.647295	1481	
-0.539904	0.447791	341	
-0.408047	-0.612389	325	
0.722789	-0.102797	3602	
-0.523499	0.564885	4492	
0.803249	-0.055634	4776	
-0.245780	-0.772783	2544	
0.037735	-0.846745	5124	
-0.326331	0.803885	910	
-0.861745	0.128870	4305	
0.900827	0.199742	5515	
-0.932075	0.172848	5028	
0.436433	0.844284	4541	
0.000122	-0.212486	1565	
0.034137	0.186372	1556	
0.236176	-0.458980	2218	
0.136277	0.211141	620	
0.110713	0.244533	1175	
0.243294	0.197719	5109	
0.152466	0.534650	1457	
0.202536	0.211500	5229	
0.215869	0.250881	3418	
0.187569	0.536213	1745	
0.172850	0.306873	4714	
0.439779	0.418004	1849	
0.407014	0.461026	1856	
0.170608	0.373789	1301	
0.222349	0.294993	2975	
0.438630	0.418241	1849	
0.152522	0.430214	3807	
0.466478	0.364849	1588	
0.226607	0.204694	5229	
0.224132	0.201523	5339	
0.101889	0.261160	5331	
-0.443434	0.097593	4395	
-0.197800	0.472943	2839	
-0.475980	0.040635	4062	
0.050918	0.685434	5376	
0.666052	0.323209	3147	
-0.706507	0.173198	1530	
0.382560	0.653182	5375	
-0.294803	0.745961	605	
-0.790195	0.176019	3512	
-0.095717	-0.834935	1670	
0.029273	-0.856553	5105	
-0.596733	0.634448	433	
0.916468	0.105069	3650	
-0.874061	0.366191	795	
0.726725	0.612983	2416	
0.597774	0.787455	3702	
0.391606	0.510069	2249	
0.430862	0.243003	2472	
0.479751	0.396359	2353	
0.137731	0.270500	4859	
0.164273	0.547814	1649	
0.389104	0.266687	5424	
0.166378	0.504865	2078	
0.157630	0.347059	2548	
0.161052	0.334430	3155	
0.165865	0.321328	5015	
0.151748	0.405177	2849	
0.404504	0.470681	1803	
0.233400	0.247794	3277	
0.258330	0.202102	2101	
0.407122	0.246593	3474	
0.392980	0.508996	2249	
0.587280	-0.166421	2552	
0.120972	-0.319682	3630	
-0.236670	0.551108	1848	
-0.587235	-0.205450	1476	
0.655621	0.253186	1823	
-0.535868	-0.501555	1517	
-0.703805	0.184564	2113	
-0.003489	-0.766536	4155	
0.498454	-0.591370	722	
0.807692	0.162724	1533	
-0.020732	-0.835390	5309	
-0.831380	0.148632	4185	
-0.194708	0.855935	1860	
0.167152	-0.906399	5158	
-0.639249	0.661614	884	
0.889252	0.337612	5464	
0.890629	0.429671	1087	
0.114309	0.425447	3708	
0.121093	0.465614	3106	
0.508046	0.342045	519	
0.425918	0.254505	2408	
0.126047	0.413027	3803	
0.136406	0.273161	4859	
0.234076	0.202846	5109	
0.296222	0.207511	3733	
0.136014	0.274222	4859	
0.168293	0.553338	4050	
0.325831	0.213876	3946	
0.110132	0.246575	1175	
0.154222	0.196222	5638	
-0.366120	-0.192159	3665	
-0.054891	0.266625	5187	
-0.296210	0.030265	432	
0.511309	-0.413584	5286	
-0.098612	0.339366	1501	
-0.533730	-0.200795	1349	
-0.403420	-0.038955	4980	
-0.005897	0.688245	3000	
0.666177	-0.172185	470	
0.441880	0.589074	2336	
-0.753170	0.001733	2943	
-0.736310	0.207318	4669	
-0.718465	-0.381656	5049	
0.608540	0.548643	2674	
-0.078967	0.848478	4462	
0.768701	0.415322	3257	
-0.106878	-0.912190	4365	
-0.506981	0.768583	362	
0.947110	0.090889	4921	
0.920661	0.360938	3393	
0.032015	0.988304	2215	
0.147050	0.202141	5638	
0.113078	0.415157	3789	
0.186552	0.176486	5481	
0.158468	0.237250	395	
0.203125	0.207550	5229	
0.272547	0.199976	1794	
0.136226	0.266666	4859	
0.124956	0.224167	620	
0.486777	0.402348	2928	
0.424237	0.491433	2268	
0.350673	-0.069450	1678	
-0.567157	0.316348	3288	
0.164891	-0.372838	720	
0.317168	0.103533	3383	
-0.153805	0.391030	791	
-0.352750	-0.051053	4156	
-0.545945	-0.206244	1444	
-0.566247	-0.355493	2545	
-0.633791	0.215943	1865	
-0.026958	0.702288	4231	
-0.717827	-0.043292	756	
-0.699244	-0.260106	5356	
-0.685823	-0.289998	1415	
0.611956	0.469757	1361	
-0.765965	0.194878	3280	
-0.751857	-0.330085	4917	
0.828831	-0.143969	4369	
0.382969	-0.783542	3548	
-0.215378	-0.843480	1547	
0.043368	0.920112	3451	
0.910154	-0.271087	322	
-0.693992	0.650334	295	
0.475980	0.422755	2881	
0.151884	0.194737	5638	
0.127043	0.500513	2004	
0.120600	0.154013	1341	
-0.247464	-0.104971	974	
0.047254	0.314022	2515	
-0.434775	0.095689	4352	
0.288350	-0.552041	5186	
-0.036705	0.324049	4207	
-0.599497	0.129180	579	
-0.497644	-0.454459	747	
-0.386639	-0.557623	5365	
-0.603588	-0.227077	3657	
-0.637425	0.098097	842	
-0.152637	0.549519	4354	
0.506029	0.135248	3211	
0.441275	0.072408	414	
0.521908	-0.032847	3259	
-0.696652	-0.008961	3507	
0.594573	0.373134	2984	
-0.580926	-0.395339	3967	
0.567286	-0.468111	3335	
0.380789	0.645856	5375	
0.288859	-0.727023	1318	
0.138254	0.796398	4108	
-0.769962	0.327578	2821	
0.758459	0.404854	3257	
-0.794983	0.353340	3136	
0.774874	0.497544	3394	
-0.110683	-0.942705	489	
-0.066325	0.949558	4067	
0.367758	0.194183	3642	
-0.249808	-0.108590	974	
0.454066	0.224121	2239	
-0.276708	0.532696	2439	
-0.485978	-0.238543	2241	
0.330924	-0.032603	2624	
-0.228267	0.538042	1478	
-0.519661	-0.199293	655	
-0.410745	-0.536987	2948	
-0.426024	-0.529930	4755	
-0.182624	0.628259	1253	
0.506348	0.135368	3211	
0.456936	0.103228	5699	
0.644741	-0.080450	1537	
0.622866	-0.041996	484	
-0.011729	-0.474668	5711	
0.015219	-0.687440	1081	
-0.017480	0.684542	4231	
-0.013621	0.682972	4231	
-0.598996	0.361126	767	
-0.458280	0.576020	4195	
0.476257	-0.562603	409	
-0.609370	0.468541	1360	
0.025723	-0.817369	4909	
0.841987	0.013164	4363	
-0.849425	-0.090692	4438	
-0.655879	0.572430	4601	
0.920217	0.056707	4761	
-0.486587	-0.814471	5739	
0.144630	0.939626	5521	
0.127828	0.146733	1341	
-0.244583	0.015589	1278	
0.457191	0.225626	2239	
-0.322096	0.536366	5304	
-0.301227	-0.127527	3581	
0.382692	-0.065148	2142	
-0.217058	0.514205	369	
-0.572543	-0.227835	2829	
-0.174714	-0.628662	2320	
-0.438163	-0.520241	894	
0.577908	0.148258	5123	
0.018593	0.621396	3668	
-0.374178	0.622309	1260	
-0.755206	-0.075753	1660	
-0.738323	0.161462	3165	
-0.774423	0.211331	4526	
0.801595	-0.142040	3699	
-0.148249	0.840313	3965	
-0.234967	0.845300	5708	
0.917056	-0.075959	3931	
-0.569501	-0.758844	2382	
0.457001	0.833154	1107	
0.423038	0.893522	3610	
-0.255790	-0.119267	4328	
-0.039419	0.266760	5586	
-0.397069	0.085030	1627	
-0.011264	-0.295088	4497	
0.041763	0.371879	3174	
-0.459583	0.477457	2558	
-0.405959	-0.539188	2948	
-0.128108	-0.631740	2710	
-0.424957	-0.008733	406	
0.535738	0.142111	5141	
0.011344	-0.695197	3471	
-0.712297	-0.109655	5008	
0.721257	0.210884	5117	
-0.603867	0.459973	1360	
0.340800	-0.729709	3799	
0.538071	-0.612618	931	
-0.173919	0.835359	1841	
-0.434906	0.757481	3492	
0.851438	-0.344595	343	
-0.948085	0.026823	5408	
0.174885	0.934324	5456	
-0.521292	-0.291702	1100	
-0.121671	0.293369	4598	
-0.336061	0.060716	4053	
0.590599	-0.263470	2670	
-0.097169	0.334003	1501	
-0.382388	0.041969	1088	
-0.167094	-0.628153	2320	
-0.094967	-0.623468	2140	
-0.485495	0.038183	4062	
0.561210	0.145984	5199	
0.009322	-0.686198	3471	
-0.672220	0.113141	1604	
0.756058	0.049317	1211	
0.521569	0.551610	1643	
-0.402745	0.687428	2774	
0.131659	-0.816852	3217	
0.089744	0.839117	5139	
-0.426736	0.762284	3492	
0.743174	-0.539704	5475	
-0.898257	-0.306847	868	
0.223431	0.923678	565	
0.257416	0.954498	3501	
-0.413311	-0.217373	2963	
-0.122680	0.294200	4598	
-0.269201	-0.028783	5374	
0.486183	-0.441288	2617	
-0.115016	0.344937	1381	
-0.609583	0.162815	3022	
-0.098661	-0.613918	1323	
-0.066925	-0.584635	1919	
-0.412882	-0.050087	4980	
0.613656	0.154578	5126	
0.020342	-0.696122	1081	
-0.640552	-0.285842	283	
0.704456	0.250478	2739	
0.517574	0.555241	1643	
-0.077613	-0.794036	4252	
-0.282985	-0.759727	3725	
0.609690	0.583440	3757	
-0.498807	0.715494	4329	
0.921213	0.018283	4960	
0.588879	-0.731834	5285	
0.222823	0.923817	565	
0.288921	0.945408	1672	
0.102060	0.473890	3204	
-0.449229	0.099429	4395	
-0.531314	-0.345858	1718	
0.522480	0.241425	1012	
-0.472581	0.465051	2603	
-0.517344	-0.424793	4545	
-0.066101	-0.523447	2443	
-0.064449	-0.581367	1919	
-0.433478	0.000292	528	
0.602288	0.152034	5123	
0.011476	-0.695507	3471	
0.020205	-0.697084	1081	
0.014065	-0.686335	1081	
0.010276	-0.692656	3471	
-0.693619	-0.007785	3507	
-0.641079	-0.284665	283	
-0.437520	0.593724	3830	
0.342093	-0.679693	2822	
0.568693	-0.560757	1662	
0.529154	-0.620474	819	
-0.377836	0.759552	2448	
-0.308656	0.819786	429	
0.914048	0.124222	4105	
-0.933438	0.164002	5465	
0.212792	0.926222	565	
-0.197623	0.044786	607	
-0.234781	0.455748	2317	
-0.080768	-0.359118	4284	
0.039112	0.301010	3478	
-0.355540	0.070137	1576	
-0.098285	-0.474648	3011	
0.525814	0.244383	454	
-0.355742	0.544664	5645	
-0.405750	-0.537905	2948	
-0.059485	-0.487890	3976	
-0.039685	-0.454471	568	
-0.478328	-0.485781	3923	
-0.418403	-0.027869	1106	
0.031588	0.583606	4955	
0.480453	0.493517	768	
0.412463	0.551547	2979	
0.343533	0.593953	2525	
0.234867	0.635008	1180	
0.542654	0.420532	4379	
0.009124	-0.688813	3471	
-0.341100	0.610195	5153	
-0.630234	-0.378741	3230	
-0.749007	-0.123048	4581	
0.694421	-0.317362	1319	
0.103909	0.795613	2818	
0.072825	0.816973	708	
-0.792830	0.285856	4039	
-0.601573	0.629715	433	
0.819747	0.420308	2252	
-0.433501	-0.843696	5275	
0.098237	0.945739	5525	
0.097996	0.983853	3240	
-0.213459	0.092547	1389	
-0.177821	0.166732	5626	
-0.313823	0.090210	4209	
-0.159555	0.305758	4081	
0.203088	-0.404688	3677	
-0.540731	0.121048	1082	
-0.435229	-0.215314	2879	
0.540010	-0.110320	1732	
-0.168259	0.404170	1365	
-0.584489	0.114528	351	
-0.105893	-0.612558	1323	
-0.033254	-0.426833	2065	
0.016660	-0.388528	991	
0.023802	-0.391757	991	
0.026449	-0.392836	991	
0.029146	-0.393349	991	
0.004843	-0.407612	1418	
-0.135468	-0.639584	2710	
-0.147284	0.598625	4423	
-0.689661	-0.018101	1122	
-0.631237	-0.305977	1864	
-0.706961	0.166759	1530	
0.195915	0.702218	1456	
0.204559	-0.760714	530	
0.722036	0.379357	4627	
-0.767035	-0.355287	4935	
0.541305	0.663614	3048	
-0.874049	-0.073088	5227	
0.241027	0.887125	391	
0.810253	-0.494673	2304	
-0.469614	0.827369	5469	
-0.170748	0.974079	2923	
-0.510680	0.392282	2591	
-0.172416	0.266943	4911	
-0.254469	0.105699	5266	
-0.249225	0.127429	5266	
-0.475020	0.134894	2238	
-0.329729	0.117407	3308	
-0.255057	0.443241	2851	
-0.236411	0.113794	1837	
-0.211565	0.099696	1389	
-0.286790	-0.146804	4401	
-0.068734	0.265917	398	
-0.298118	-0.126605	3581	
0.352126	-0.050786	2806	
-0.184477	0.431525	3203	
-0.595458	0.273574	2623	
-0.423947	0.066052	820	
-0.444818	-0.186941	3921	
-0.037967	-0.425673	2065	
0.064378	-0.376817	1249	
0.091909	-0.401314	1855	
0.033633	0.605158	725	
-0.702113	-0.014323	1122	
0.698545	-0.163404	1970	
-0.051971	0.755637	1735	
0.258302	-0.721596	1272	
0.018871	0.797742	1473	
-0.776591	-0.271858	1148	
0.808386	-0.225761	4934	
-0.019473	-0.869911	498	
0.590668	0.651241	5328	
-0.350192	0.852984	751	
0.950139	-0.027614	958	
0.836391	0.527412	1037	
-0.232348	0.961205	1578	
-0.159656	0.275451	4911	
-0.576342	0.233070	812	
-0.195864	0.293473	4036	
-0.198671	0.285693	4036	
-0.568677	0.236290	520	
-0.226627	0.165346	3761	
-0.283708	0.475740	2197	
-0.297966	0.487606	2197	
-0.298745	0.488194	2197	
-0.210093	0.321370	3389	
-0.399862	0.124881	3641	
-0.195166	0.274933	4036	
-0.246200	0.123126	5266	
-0.580378	0.234130	812	
-0.136269	0.306414	3643	
-0.278873	-0.099694	3525	
-0.006663	-0.287678	4548	
0.347589	0.146618	1235	
-0.552595	0.100454	1168	
-0.069199	-0.509868	2626	
0.130875	-0.430197	375	
0.600488	0.151724	5123	
-0.710477	-0.005275	5359	
-0.534995	0.503927	2307	
-0.293207	-0.670931	2691	
-0.273810	0.730230	4092	
0.796984	0.174904	831	
0.695763	0.434379	2054	
0.272892	0.794920	4678	
-0.301885	0.822415	389	
0.680241	-0.617206	2692	
0.291461	-0.891239	491	
0.483034	0.818278	5560	
0.483554	0.862251	3618	
-0.063439	-0.304454	3574	
-0.494968	-0.405735	4622	
0.166134	-0.316806	3476	
-0.158333	0.267150	4911	
-0.295915	0.505272	4424	
-0.472598	0.424550	2250	
-0.214866	0.339347	1521	
-0.288130	0.125296	3399	
-0.226241	0.190217	1047	
-0.243500	0.215759	3824	
-0.320046	0.166549	4422	
-0.276894	0.401017	3955	
-0.496576	0.180419	3094	
-0.437998	0.427637	1899	
-0.304818	0.445124	2945	
-0.252118	0.237182	3691	
-0.239267	0.334214	1809	
-0.567826	0.224235	812	
-0.483738	0.138068	2238	
-0.270544	0.470398	2987	
-0.576416	0.180269	467	
-0.272479	-0.084214	3525	
0.304759	0.096043	4054	
-0.401346	-0.162439	1287	
0.115866	-0.420088	386	
-0.690276	-0.006799	3507	
0.741758	0.122245	2944	
-0.225856	0.714389	3616	
-0.736445	0.134943	1303	
0.528970	-0.562975	5265	
0.642478	0.497199	3090	
0.586631	0.596802	3067	
0.740023	-0.419467	3872	
-0.760257	0.422944	4097	
0.839986	0.378638	5120	
0.036483	-0.949389	2083	
-0.006725	0.951317	5280	
-0.277636	-0.100937	3770	
-0.267429	-0.022578	5374	
-0.213113	0.433216	3107	
0.076639	-0.238835	440	
-0.472290	0.436254	2250	
-0.548331	0.153052	1013	
-0.276994	0.126179	3399	
-0.401574	0.125465	3641	
-0.430452	0.146628	3534	
-0.334785	0.162286	5136	
-0.304602	0.213161	2027	
-0.525523	0.235714	3082	
-0.395444	0.181029	2709	
-0.300296	0.235001	2027	
-0.282879	0.281336	1988	
-0.282203	0.285557	1988	
-0.285759	0.263968	2205	
-0.326101	0.204843	4855	
-0.335837	0.438394	2735	
-0.294192	0.178122	1157	
-0.551225	0.304748	2927	
-0.198251	0.291200	4036	
0.025303	-0.241538	5370	
0.591405	-0.251508	2208	
0.029098	-0.371118	1039	
-0.338496	-0.591106	2522	
-0.715881	-0.091536	5709	
0.743709	0.135671	2944	
-0.523069	-0.520982	1201	
0.312549	0.697980	3361	
-0.761535	0.208013	4876	
-0.816532	0.027313	836	
0.820381	-0.179920	5353	
0.315148	-0.813954	4680	
0.573219	-0.658469	3063	
-0.529411	0.753096	308	
0.928896	0.205334	5307	
-0.873911	0.375349	657	
0.079068	-0.274981	5223	
-0.002682	-0.280364	4548	
-0.200410	-0.597877	1583	
-0.453333	0.100987	4395	
-0.197623	0.044788	607	
-0.484643	0.129073	2238	
-0.194761	0.235150	4871	
-0.230457	0.373008	2974	
-0.531642	0.312272	2354	
-0.279692	0.335825	3336	
-0.505784	0.203271	2992	
-0.296874	0.241420	2205	
-0.516077	0.256234	2918	
-0.315676	0.352226	1438	
-0.336318	0.391411	602	
-0.348675	0.402591	622	
-0.391221	0.195757	4910	
-0.517019	0.294797	1716	
-0.282626	0.273302	1988	
-0.279485	0.360916	3336	
-0.275834	0.428380	3142	
-0.338367	0.119630	3308	
-0.383725	-0.203385	3379	
0.195127	0.604018	4390	
0.129508	-0.415298	386	
0.612212	0.296055	1462	
-0.038873	-0.692012	5703	
0.752527	0.014092	5453	
-0.616313	0.404462	1237	
0.254985	-0.741677	2787	
0.329996	-0.745594	4071	
-0.247628	0.791684	3009	
-0.190980	0.831307	4132	
0.209968	0.843220	4757	
0.169706	-0.905668	5158	
-0.804270	0.446304	972	
0.793755	0.523129	665	
0.664772	0.731807	2135	
0.150543	0.595977	5338	
0.543484	0.330166	1712	
0.197580	-0.415499	3677	
-0.492389	-0.421904	5067	
0.091655	-0.243405	540	
-0.436088	0.463097	1828	
-0.194243	0.247945	4871	
-0.526759	0.335224	2225	
-0.340625	0.161762	3279	
-0.468839	0.382007	1857	
-0.340477	0.198766	938	
-0.510397	0.232995	2888	
-0.334001	0.386610	2257	
-0.373650	0.244037	2477	
-0.345957	0.275290	2011	
-0.342169	0.283807	1954	
-0.498197	0.294124	1863	
-0.317736	0.239032	1306	
-0.306667	0.398821	954	
-0.363895	0.186108	4367	
-0.252416	0.232361	3824	
-0.329402	0.119574	3308	
-0.093250	-0.403419	4502	
-0.374365	0.534168	4597	
0.165244	-0.488777	2621	
-0.685225	-0.007716	3507	
0.230300	-0.707815	606	
-0.739090	0.038843	4845	
-0.039426	0.774451	1230	
-0.502289	0.596630	551	
-0.193833	0.800460	658	
-0.587106	0.597894	2574	
0.690022	-0.497412	3700	
-0.776098	0.392993	4196	
0.747235	0.537514	2989	
-0.775695	0.543085	2013	
0.439951	0.842103	4541	
0.151889	0.976917	1482	
-0.320742	-0.029041	3329	
-0.317843	0.550417	2372	
0.398109	0.525471	2602	
0.411014	-0.500971	1928	
-0.442855	0.098555	4395	
-0.175287	0.179330	4916	
-0.199841	0.210470	370	
-0.528772	0.331310	2225	
-0.316477	0.444577	2735	
-0.492073	0.194748	2421	
-0.505591	0.309202	1863	
-0.465818	0.239110	2856	
-0.345078	0.286139	1954	
-0.373469	0.370717	2362	
-0.446148	0.344870	504	
-0.433819	0.358061	504	
-0.344154	0.353463	2129	
-0.342515	0.282210	2011	
-0.361084	0.204123	4367	
-0.280869	0.280891	1988	
-0.245376	0.259245	3500	
-0.542834	0.161686	2532	
-0.423192	0.489432	1740	
-0.334850	-0.008493	3329	
-0.422512	-0.060039	4199	
-0.696517	-0.150994	4323	
-0.635762	0.363423	1060	
0.721567	0.210821	5117	
-0.712449	0.279055	3219	
0.731636	0.344393	3415	
-0.572238	-0.579002	2633	
0.829448	-0.137839	4369	
-0.101947	-0.860734	3709	
-0.070864	-0.869845	1819	
0.128016	0.911005	4806	
0.876413	-0.365218	5571	
-0.126133	0.943455	3843	
-0.110067	0.982762	1551	
-0.353247	-0.563739	2145	
-0.555735	-0.331899	1401	
-0.321737	-0.036299	4846	
0.487052	0.438009	4482	
-0.408064	-0.512934	2640	
-0.317886	0.088585	4209	
-0.279751	0.125887	3399	
-0.555146	0.243942	520	
-0.285462	0.251520	2205	
-0.435366	0.181580	3444	
-0.323284	0.259421	2325	
-0.397406	0.232656	2441	
-0.364487	0.363268	2020	
-0.439871	0.257132	5436	
-0.387119	0.304513	2393	
-0.381865	0.271997	2067	
-0.474948	0.276407	4204	
-0.361610	0.376517	3659	
-0.296004	0.308599	1503	
-0.336154	0.197608	949	
-0.239588	0.387533	3826	
-0.198262	0.143969	383	
0.301163	0.089539	423	
0.168061	-0.500053	2436	
-0.698062	-0.020638	1122	
-0.574250	-0.456977	1384	
-0.643154	-0.368147	2934	
-0.018603	0.772413	4486	
0.026586	0.796134	1473	
0.083680	0.806403	708	
0.667890	0.505852	3794	
-0.621361	-0.576143	3053	
-0.389900	0.782481	789	
0.783879	-0.478494	5212	
-0.914911	0.101283	3765	
0.715650	0.625433	4431	
0.607043	0.780317	3181	
0.624880	-0.146712	3320	
0.546022	-0.393239	3922	
0.145086	-0.414441	771	
-0.482839	-0.207403	1509	
0.497801	0.231150	2222	
-0.584753	0.158464	467	
-0.555523	0.168531	457	
-0.466140	0.415385	1710	
-0.366103	0.181661	2601	
-0.361928	0.189955	4367	
-0.360106	0.392805	3805	
-0.348019	0.296798	2063	
-0.459371	0.301633	5496	
-0.396680	0.287580	2495	
-0.414111	0.304679	2495	
-0.397394	0.331580	2062	
-0.458007	0.247589	4964	
-0.349618	0.363671	2020	
-0.321454	0.232854	1306	
-0.528822	0.244423	3082	
-0.202396	0.297615	3693	
0.012030	0.277657	4505	
-0.042322	-0.427459	471	
0.504182	0.468423	4448	
0.651870	0.262019	1367	
0.244272	0.687269	1494	
-0.669595	-0.361512	3260	
-0.560577	-0.531784	1288	
0.004013	0.810614	1191	
0.148935	-0.813505	2426	
0.828650	0.196458	3907	
0.847596	-0.188686	1570	
-0.278575	-0.824044	3452	
-0.152376	0.910299	4537	
0.524153	-0.791830	5429	
0.007912	0.951119	5143	
-0.002511	0.988830	2200	
0.626546	-0.117707	2173	
0.629387	-0.139410	3320	
0.603965	-0.282916	3523	
0.196590	-0.538963	4493	
-0.474700	0.085923	3680	
-0.122419	-0.561112	4856	
-0.168125	0.247655	2873	
-0.278266	0.129769	2100	
-0.516014	0.321379	2225	
-0.453648	0.183822	2789	
-0.313207	0.312525	2156	
-0.356440	0.277015	1954	
-0.447373	0.287758	4419	
-0.433103	0.281068	2247	
-0.435492	0.311943	4986	
-0.363539	0.314276	2272	
-0.410627	0.380593	5291	
-0.497522	0.306197	1863	
-0.301585	0.227859	2027	
-0.202006	0.249119	4871	
-0.161738	0.279698	4599	
-0.338316	-0.096213	2625	
-0.622510	-0.220883	3657	
-0.660055	-0.239400	897	
0.701956	-0.191813	1515	
0.512570	-0.528796	2258	
0.567739	0.519758	1298	
-0.161964	-0.775720	4614	
-0.742003	-0.348253	4688	
0.205718	-0.824078	5194	
0.728544	0.451444	2655	
-0.813834	0.307058	2446	
0.874477	-0.280501	5184	
-0.921732	-0.020118	3800	
0.711290	0.630375	3933	
-0.940130	-0.154295	1566	
-0.483856	0.862234	4016	
-0.613919	0.297705	3885	
-0.043994	-0.567518	5363	
0.166691	-0.551615	3840	
0.604534	-0.282836	3523	
-0.525020	-0.397815	3457	
0.548794	0.302186	865	
0.297327	0.155852	3646	
-0.365197	0.493251	480	
-0.309775	0.176593	1157	
-0.511263	0.317625	1850	
-0.385786	0.210717	4183	
-0.476794	0.250983	2856	
-0.361719	0.270369	1914	
-0.367896	0.342500	2020	
-0.428334	0.237303	4476	
-0.435766	0.365734	987	
-0.297194	0.285277	1882	
-0.329992	0.200848	949	
-0.210616	0.203864	300	
0.256103	0.063980	2542	
-0.331760	-0.014040	3329	
-0.047696	-0.529860	3411	
-0.590566	-0.380343	3127	
-0.192321	-0.701986	479	
0.582309	0.454902	1518	
0.533978	0.553558	1774	
-0.598286	0.518287	977	
-0.790462	0.171649	3512	
-0.247744	0.809166	5569	
-0.249024	0.814528	5569	
0.233124	0.836820	3594	
0.816381	0.329446	5230	
-0.388964	0.835620	2109	
0.925006	-0.214372	5166	
-0.756712	0.575705	5264	
-0.248947	0.956995	2358	
0.017972	-0.700055	1081	
-0.128941	0.598029	4423	
-0.106061	0.463130	5542	
0.150882	-0.495848	2436	
0.426011	-0.518652	2091	
-0.455085	0.080445	4562	
-0.299217	-0.128862	3581	
-0.344061	0.499504	5344	
-0.549895	0.205584	2104	
-0.375011	0.439282	932	
-0.327836	0.405215	636	
-0.408173	0.381941	5291	
-0.479890	0.303264	5483	
-0.471219	0.323166	840	
-0.366024	0.379927	3805	
-0.298467	0.277033	1882	
-0.371286	0.183217	2601	
-0.217966	0.187356	1047	
0.059761	-0.239504	746	
-0.421634	0.067010	820	
-0.041301	-0.491644	4121	
-0.603610	0.352679	767	
-0.176350	0.731845	3397	
-0.416338	-0.607362	288	
-0.391778	0.654250	5485	
0.097989	-0.795894	1186	
0.062240	0.809829	668	
-0.816922	0.091362	1974	
-0.219866	0.823515	5343	
0.268519	0.825953	2800	
0.912222	-0.024252	4173	
0.119064	0.912268	5013	
0.601539	-0.734427	5377	
-0.213274	0.927602	5595	
0.093397	0.984265	3240	
0.009316	-0.686292	3471	
-0.091680	0.452585	5717	
0.441758	-0.511453	2523	
0.155274	-0.437417	4511	
0.316815	0.119418	4054	
-0.231135	0.113074	1837	
-0.265946	0.454626	2688	
-0.405564	0.452443	5172	
-0.305834	0.401881	954	
-0.408277	0.428080	5082	
-0.502228	0.334034	1850	
-0.327939	0.427029	3519	
-0.374241	0.447364	5210	
-0.314808	0.472061	2892	
-0.202190	0.307178	3389	
-0.302008	0.039369	485	
-0.565865	-0.277008	2292	
-0.524549	-0.437971	4545	
-0.660514	-0.238232	897	
-0.736502	0.043402	4845	
-0.455599	-0.579632	4693	
0.279973	0.698931	2890	
0.779737	-0.025711	4840	
0.769015	-0.239364	4224	
0.632266	0.518760	2737	
0.693630	0.481953	3176	
0.197937	-0.851437	333	
-0.823481	-0.300861	3267	
0.663070	0.637675	5382	
-0.922292	-0.013451	3800	
0.499064	0.808356	4903	
0.267527	-0.951372	4962	
0.154616	0.647991	1459	
0.308259	-0.591044	1564	
0.166026	-0.457645	4004	
0.446111	0.484401	3016	
-0.134940	-0.561551	559	
-0.249717	0.141849	5639	
-0.543202	0.296897	2927	
-0.282606	0.204039	3278	
-0.428423	0.177389	3444	
-0.436387	0.417274	4529	
-0.485315	0.385016	1802	
-0.301964	0.485111	2197	
-0.420480	0.124909	3332	
-0.299007	-0.128221	3581	
-0.356978	-0.124397	2807	
-0.038080	-0.483118	3681	
-0.705423	-0.130888	3813	
0.065827	0.728474	5622	
-0.580735	-0.457179	1384	
0.550079	-0.516291	1609	
0.688315	-0.342804	1464	
-0.425506	-0.683966	4325	
0.562258	-0.588723	4734	
0.668143	-0.507868	2647	
0.815891	-0.237947	2716	
-0.703650	0.511863	3779	
0.791276	-0.465832	5373	
-0.888541	0.237961	1957	
0.917853	0.249329	4828	
-0.647026	0.696457	4819	
-0.646071	0.193696	825	
-0.107226	-0.642528	3402	
0.301187	-0.586143	1564	
-0.369590	-0.139319	2141	
0.080336	-0.278329	4089	
0.098730	0.452601	5449	
-0.412270	0.115831	936	
-0.374935	0.499195	336	
-0.239921	0.111539	1837	
-0.103297	-0.449364	5432	
-0.270159	-0.078256	5135	
-0.370374	0.039001	1088	
0.185073	-0.524937	5283	
0.032206	0.595001	4955	
-0.468518	-0.525854	858	
-0.092641	0.752149	801	
-0.696404	-0.267655	2178	
-0.477546	-0.585410	1026	
-0.481894	-0.601861	1026	
-0.607695	-0.514906	2376	
0.216927	0.776340	4362	
0.642783	0.505909	3090	
0.758479	0.376266	5269	
-0.563542	-0.656688	3748	
-0.816605	0.299562	2446	
0.439132	-0.807777	353	
-0.818955	0.418740	4197	
0.934322	-0.169102	4426	
-0.440317	0.843104	1189	
-0.220044	0.964081	5128	
-0.708068	0.690040	331	
0.018507	-0.691195	1081	
-0.543580	-0.157230	590	
0.318360	-0.585105	1564	
0.189377	-0.525204	5283	
-0.362202	-0.131360	1648	
0.482444	0.223235	2758	
0.291080	0.062689	615	
0.093309	-0.283888	3600	
0.497505	-0.425632	2639	
-0.481107	0.454559	2603	
0.018302	-0.370034	1039	
0.186094	-0.570359	1532	
0.010808	-0.693994	3471	
-0.589852	-0.381451	3127	
-0.132263	0.745146	2882	
-0.545372	-0.498015	1517	
0.147662	0.726941	663	
-0.175454	0.766366	4590	
0.315722	-0.728266	2429	
0.557128	0.588164	2342	
0.656835	0.488135	3090	
0.698625	-0.464499	3767	
0.637164	0.570153	3731	
-0.660811	0.566369	3047	
0.148205	-0.909162	5002	
-0.472321	0.790621	4402	
0.823374	-0.471947	2304	
0.036611	0.950151	5397	
0.066199	0.986513	3262	
-0.720765	0.676801	2146	
0.015482	-0.687633	1081	
-0.090676	0.452030	5717	
0.150495	-0.479800	3975	
0.329503	-0.577423	5036	
0.211344	-0.584905	1894	
0.160824	-0.450836	4004	
0.150347	-0.433407	4491	
0.166809	-0.464658	4004	
0.229792	-0.601519	1398	
-0.463036	-0.126621	4279	
0.020225	-0.694838	1081	
-0.539298	-0.452009	2206	
-0.651949	0.318399	2518	
0.183630	0.703741	2207	
0.443223	-0.589559	3927	
0.028174	0.764039	4624	
0.716448	-0.276142	3317	
-0.175806	-0.771686	4549	
-0.696773	0.411004	2736	
-0.815348	-0.175549	3410	
0.277803	0.792468	4678	
-0.747820	0.424648	4433	
-0.865469	0.103468	3449	
0.891490	-0.220110	3490	
-0.572814	0.720196	3818	
0.713113	-0.626438	1218	
-0.176285	0.935261	4372	
0.205661	0.966995	1736	
-0.728949	0.667928	2146	
0.009913	-0.691682	3471	
0.017764	-0.700161	1081	
0.442599	0.026590	4829	
0.136420	0.649003	1459	
-0.610717	0.026844	4981	
0.013968	-0.700526	3471	
-0.700305	-0.018671	1122	
-0.420038	0.560391	2126	
-0.328022	-0.618725	2578	
-0.704091	-0.233429	3603	
-0.740047	-0.154086	4477	
-0.724171	0.094518	3339	
0.756300	0.058209	1721	
-0.022352	0.772417	4486	
0.365603	-0.686091	4339	
-0.788997	-0.176873	1697	
0.642757	0.495889	3090	
0.775805	0.280127	2520	
-0.320535	-0.773036	4355	
-0.691666	0.480929	3066	
0.873306	0.003828	5478	
-0.869261	-0.122668	5315	
0.391402	-0.832252	5606	
-0.533637	0.750028	543	
0.431804	-0.845752	5610	
0.155999	0.937307	5521	
0.791214	0.592900	681	
-0.684263	-0.009124	3507	
-0.691848	-0.007205	3507	
-0.690719	-0.018831	1122	
-0.700357	-0.010591	3507	
-0.609356	0.341650	1443	
-0.284777	-0.636847	1601	
0.275335	-0.647029	1015	
0.384714	-0.625160	2046	
-0.331060	-0.653929	3810	
-0.706990	0.171149	1530	
-0.137759	-0.714991	2529	
-0.674835	0.285806	3302	
-0.038990	0.773780	1230	
-0.545379	-0.546231	1727	
-0.125790	0.796608	1881	
0.049558	-0.817007	4114	
0.002903	-0.820391	4909	
0.246864	0.795285	4953	
0.214254	0.812043	3806	
-0.675493	-0.541943	3963	
-0.872419	0.041365	3143	
-0.667806	-0.629491	5440	
-0.299068	0.872493	4094	
0.222446	0.917497	565	
0.450630	0.836121	1107	
-0.946264	0.097655	4827	
-0.687343	-0.006562	3507	
-0.649372	0.239169	1865	
-0.382062	-0.589799	4823	
-0.034590	-0.693968	3828	
0.635503	0.297894	1462	
-0.599130	0.413712	4999	
-0.524534	0.514130	5501	
0.034655	0.739686	5178	
-0.204685	-0.699417	404	
0.188240	0.703088	1456	
0.647348	-0.383065	1348	
-0.254994	0.737734	4275	
0.675028	0.386686	2396	
0.294731	-0.749322	3844	
0.419736	0.690251	704	
0.795911	-0.163938	5694	
0.163717	-0.833686	5565	
-0.786932	0.298878	1908	
0.479196	-0.724466	4007	
-0.861706	0.127719	4305	
0.670266	0.619434	5084	
0.111719	0.913184	5013	
-0.921455	-0.035213	4104	
0.865559	0.393035	4250	
-0.735272	0.602483	2537	
-0.090712	0.984713	2349	
-0.486067	-0.509682	1769	
0.231095	-0.666647	1084	
0.033985	0.731256	4130	
-0.248847	0.701830	2115	
0.703428	-0.185318	1515	
-0.746574	-0.133994	4581	
-0.201181	-0.700324	404	
0.216822	0.695661	2384	
-0.483341	-0.580583	1026	
-0.021951	0.772271	4486	
-0.767871	-0.174968	1120	
-0.717964	-0.328343	3179	
0.791857	-0.100060	716	
0.699019	0.416407	1870	
0.329752	-0.751349	4071	
-0.844342	-0.066925	4456	
0.570286	0.619646	3569	
-0.394109	-0.746409	3188	
-0.112408	0.869832	4318	
-0.653036	-0.578556	4177	
0.910864	0.143356	3801	
-0.885232	0.250000	1957	
0.944886	-0.096615	3720	
0.057404	0.948936	5582	
-0.847437	-0.433377	321	
-0.692450	-0.020038	1122	
-0.233926	-0.653066	1624	
0.503760	0.527666	4794	
-0.399558	0.618491	2729	
0.531806	0.511363	1236	
-0.746970	-0.132324	4581	
-0.214881	-0.696693	867	
0.717183	-0.126147	4440	
-0.344920	0.672112	876	
0.070219	0.754067	5727	
-0.668239	0.374793	2502	
0.747238	-0.175364	2151	
-0.706193	0.351637	3201	
-0.794170	-0.199358	3348	
-0.732769	-0.364901	5049	
0.548535	0.603992	2342	
0.642644	-0.539488	2682	
-0.608731	0.583318	2753	
-0.670693	-0.547580	3963	
-0.755996	0.430213	4433	
0.869506	-0.092093	3634	
0.531264	0.750195	5396	
-0.921769	-0.013664	3800	
0.899491	0.308099	505	
-0.342004	0.887700	318	
0.207315	0.966661	1736	
-0.043751	-0.690079	5703	
-0.012969	0.744546	5401	
0.436028	-0.594437	3927	
-0.654469	-0.348970	1859	
-0.094848	-0.724558	2023	
0.751697	0.008611	5453	
-0.096053	-0.745501	3732	
-0.672531	-0.367883	3260	
-0.632018	0.434738	1297	
0.780996	0.129340	3939	
0.355934	0.700773	2069	
-0.814988	-0.048739	4111	
-0.651792	0.479840	2341	
0.667994	0.472704	2725	
-0.825774	-0.195539	4370	
0.495626	0.679638	2718	
-0.136962	-0.833865	3838	
0.184997	0.848893	4869	
-0.764707	-0.423998	2911	
0.920729	0.014173	4960	
-0.700381	0.596331	538	
0.379714	-0.870437	2311	
0.196848	0.929347	631	
-0.932547	0.186150	5028	
-0.489637	0.858930	4016	
0.731457	-0.065279	5615	
-0.551892	0.486906	4117	
-0.417848	-0.606334	288	
0.388234	-0.628780	2046	
-0.145369	-0.718089	3463	
0.772123	0.040143	1211	
0.417703	0.642354	4436	
0.167140	-0.771233	4665	
-0.417732	-0.659547	1216	
-0.383584	-0.692769	2086	
-0.591793	0.542510	1767	
0.286857	0.753090	2410	
-0.211016	-0.781210	4229	
-0.591826	0.564492	1975	
0.605417	-0.581307	2742	
0.174818	0.821688	4613	
0.794975	0.323255	4192	
0.461804	0.736218	518	
-0.819417	-0.311066	2656	
-0.893586	-0.219158	327	
-0.356395	0.850193	751	
-0.881188	-0.273991	4200	
0.925198	0.220069	5307	
-0.235332	0.921979	5583	
0.418511	0.895583	3610	
-0.738500	0.657317	2146	
-0.198800	-0.705210	404	
0.461451	-0.598976	3497	
0.752558	0.179173	354	
0.389534	0.659085	5239	
-0.739723	-0.254704	3582	
0.734722	0.272780	1934	
-0.237542	0.766336	3896	
0.753376	-0.248442	4224	
-0.532689	-0.605484	1788	
0.207221	0.778478	3897	
-0.672121	-0.461755	3060	
0.780810	-0.220271	4879	
0.328072	0.764854	3375	
0.840061	-0.067133	2651	
-0.788454	0.294409	1908	
-0.610566	-0.612684	3766	
-0.097677	0.871263	4318	
-0.789092	-0.378466	1811	
-0.035459	0.882079	5379	
0.437768	0.807934	3936	
-0.824805	0.407066	2988	
0.083141	-0.946213	4600	
0.365917	0.876443	316	
-0.888155	0.339136	1198	
-0.847465	0.509064	4182	
0.710093	-0.291770	3317	
0.742915	0.253513	969	
0.591491	0.522726	1836	
0.755252	0.288297	1998	
-0.428056	-0.681279	4325	
-0.526369	0.616963	599	
-0.299148	-0.751748	3725	
0.724027	0.386096	4627	
-0.819278	-0.149887	2468	
-0.218463	-0.807465	1375	
0.580925	0.609352	3067	
-0.715197	0.444315	3538	
0.408276	-0.746145	4366	
0.311235	-0.813968	4680	
-0.677592	0.545805	3726	
-0.780164	-0.395679	1811	
-0.914173	-0.099451	1506	
0.009079	0.921317	797	
-0.919972	-0.068562	4300	
0.768609	-0.556700	5260	
0.369797	0.874810	316	
-0.835781	0.452784	1080	
-0.201955	0.968009	4643	
-0.244526	-0.770763	2544	
0.666936	-0.462749	2334	
0.823211	0.075617	2088	
-0.742345	0.338260	2724	
-0.240186	-0.784770	2544	
-0.165018	-0.820750	4808	
0.842293	0.118964	4129	
-0.179377	0.832978	1860	
-0.848265	-0.083898	4438	
0.471552	0.709671	518	
0.777165	-0.382120	3530	
-0.687489	0.533056	3726	
-0.766323	-0.421050	2911	
0.800050	0.360906	815	
0.910182	-0.126363	4218	
-0.232585	0.892908	5558	
-0.921791	-0.007522	4337	
0.852310	0.400489	4250	
0.746279	0.587996	985	
-0.019832	0.950750	4703	
-0.931677	0.189833	2048	
-0.286949	0.946296	3252	
-0.827049	0.541569	1991	
-0.848772	-0.001484	2449	
-0.796522	-0.300153	4368	
-0.574108	-0.620086	3026	
0.055941	-0.851226	5587	
0.433524	0.732715	390	
-0.713253	0.475247	3756	
0.861265	-0.110619	3634	
0.120094	0.861360	3889	
-0.873484	0.025060	3304	
-0.567933	-0.660966	3748	
0.620615	0.616878	3199	
0.901808	-0.173589	5038	
-0.214088	0.897544	5504	
-0.902695	0.177610	2035	
-0.684262	-0.615458	5213	
0.933711	-0.170841	4426	
0.475621	0.822023	4831	
-0.657649	0.685969	4819	
-0.810912	-0.497991	1805	
-0.615808	0.773324	1790	
-0.730218	0.472350	4099	
-0.861493	0.127705	4305	
-0.814854	-0.322049	2656	
-0.582299	-0.648481	3748	
-0.278042	-0.823800	3452	
0.200876	-0.854923	368	
-0.842115	0.259961	3293	
0.849942	0.354435	5602	
0.178711	0.901574	4992	
-0.731807	0.557286	5725	
-0.861071	-0.330426	4802	
-0.600072	-0.697107	4342	
0.911276	-0.264771	335	
0.202995	0.927834	707	
-0.386807	0.868753	924	
-0.940666	0.138706	506	
0.121650	0.981112	2220	
-0.923899	0.351980	810	
0.916704	-0.069564	3931	
0.892176	-0.215700	3490	
0.918079	-0.052049	328	
0.617322	0.681060	5734	
0.401000	0.826401	5605	
-0.209918	0.898462	5504	
-0.696373	0.600859	538	
-0.916186	-0.111165	4760	
-0.723945	-0.568649	3042	
0.932148	0.120830	5046	
0.914391	0.260268	4828	
0.205061	0.927309	707	
-0.472915	0.824740	5437	
-0.935040	0.172028	5028	
0.494186	0.856091	3618	
-0.592322	0.791498	2905	
0.390295	0.856426	464	
-0.708396	-0.629007	2305	
-0.420046	-0.849262	5683	
0.620901	-0.717376	5209	
0.799012	0.514011	907	
0.551953	0.772750	5581	
-0.032452	0.950328	4703	
-0.314091	0.897697	371	
-0.771542	0.554778	2013	
-0.943993	0.113785	373	
-0.812854	-0.494544	1805	
-0.178380	0.972631	2923	
-0.735093	0.661078	2146	
-0.485716	0.817012	639	
-0.537367	0.783866	5159	
-0.601809	0.735285	1243	
-0.664552	0.678965	4819	
-0.815236	0.488202	4217	
-0.944062	0.112954	373	
-0.906312	-0.291010	4200	
-0.669727	-0.675959	5261	
-0.304616	0.940733	1483	
-0.728895	0.667926	2146	
-0.910455	0.385366	1922	
-0.977358	0.149071	1485	
-0.812647	0.562841	3754	
-0.859993	0.487565	2168	
-0.878082	0.454198	1796	
-0.947939	0.280681	1138	
-0.980739	0.124881	2228	
-0.988731	-0.009456	4557	
