time = 440.85	Re = 90
-0.360166	0.920706	3403	
-0.314844	0.937158	4993	
-0.400524	0.904050	1535	
-0.398593	0.904908	1535	
-0.486830	0.860774	1534	
-0.539475	0.828847	1541	
-0.832271	0.533800	3549	
-0.853535	-0.420666	1567	
-0.776822	-0.550479	5240	
-0.579641	-0.754473	2430	
-0.533452	-0.787633	1030	
-0.527104	-0.791864	1030	
-0.038694	-0.949636	1107	
0.365289	-0.878142	5582	
-0.167071	0.974357	4990	
-0.512398	0.845831	3274	
-0.648864	0.746238	4962	
-0.787163	0.598407	4190	
-0.958285	0.243057	4388	
0.817364	0.486875	4922	
0.449711	0.837705	313	
0.504587	0.805748	1805	
0.575857	0.756552	334	
-0.007328	0.950326	4985	
-0.302147	0.901307	604	
-0.643378	0.701373	444	
-0.841813	0.442148	651	
-0.932864	-0.182213	1086	
-0.398246	-0.863644	2416	
0.320631	-0.895118	5258	
-0.794742	0.588278	4190	
0.658167	-0.646213	765	
0.856684	-0.335536	5169	
0.882705	-0.259121	1661	
0.907314	-0.151504	4265	
0.748522	0.542392	2184	
0.530272	0.755823	4729	
0.328116	0.859733	5440	
-0.777202	-0.546667	5240	
0.140524	-0.939569	5292	
0.500607	0.808196	5608	
-0.683345	0.662160	459	
-0.922895	0.227857	762	
-0.777626	-0.549296	5240	
0.057589	-0.948651	316	
-0.809593	0.567618	1681	
-0.822723	0.285416	4313	
-0.739885	0.463175	4874	
-0.837201	0.238650	3057	
-0.866839	0.076242	4176	
-0.845089	-0.208028	1570	
-0.742564	-0.467894	5255	
0.125294	-0.860013	2800	
-0.868952	-0.048859	4647	
-0.906315	-0.154066	4616	
0.256526	-0.883310	5556	
0.899870	0.197502	5163	
0.548886	0.740289	4615	
-0.280858	0.875672	5349	
0.507750	0.803764	1805	
-0.834475	0.455879	502	
-0.859889	-0.407304	958	
0.282611	-0.907648	5521	
-0.901204	0.406633	1847	
-0.241816	-0.808908	3569	
-0.780426	-0.329350	4371	
-0.538177	-0.657178	4281	
-0.451535	-0.716879	2392	
-0.242888	-0.808571	3569	
0.818193	-0.205070	2685	
0.802147	0.338907	3143	
0.538078	-0.693390	2419	
-0.487001	0.730089	4293	
-0.807570	-0.332625	4408	
-0.134963	-0.860053	552	
-0.777055	0.396034	3982	
-0.874426	-0.287927	4218	
0.895350	-0.217326	538	
0.292394	0.872260	5679	
-0.572622	0.759890	5041	
-0.325271	0.893336	489	
-0.950521	-0.004316	314	
0.221783	-0.924191	707	
-0.563829	0.812495	2281	
-0.986857	0.056373	3628	
-0.667078	0.469854	4717	
-0.790082	-0.174201	4689	
0.588419	-0.573624	2959	
0.753810	0.312319	1133	
0.207633	0.786753	2331	
-0.588488	0.575033	4547	
-0.068904	-0.809606	704	
-0.106651	0.804954	2877	
0.478682	-0.696776	4174	
-0.200115	-0.818208	2684	
-0.532368	0.666400	5704	
0.435331	-0.732389	4462	
0.710941	-0.501310	3492	
-0.131665	0.859247	2965	
-0.539867	-0.688433	772	
-0.805192	0.445475	4731	
0.858409	-0.331071	5169	
-0.062501	0.916851	5423	
0.561770	0.766984	4356	
-0.945953	0.091393	3446	
-0.317781	-0.896261	4941	
-0.264454	0.952458	4484	
-0.906442	0.394806	3080	
-0.710975	-0.265964	5740	
0.703078	-0.277409	4988	
0.750704	0.039116	3714	
0.501719	-0.593754	2438	
0.592669	-0.505309	601	
-0.707446	-0.333321	1615	
-0.674795	0.429950	2428	
0.777430	0.209866	1933	
-0.785901	-0.193579	5694	
-0.327402	0.749136	1995	
0.645280	0.518743	2714	
0.764369	-0.339184	609	
0.761437	0.373875	2449	
-0.833763	-0.114199	417	
0.836890	0.095154	4039	
0.500362	-0.720886	4138	
-0.860551	-0.126750	2131	
0.506483	-0.716954	4138	
-0.173009	-0.903431	4047	
0.844227	0.368763	5516	
-0.936167	0.148255	5260	
-0.579226	0.755504	5041	
-0.732599	-0.607923	738	
-0.334794	0.930197	4993	
-0.122277	-0.725873	1617	
-0.724705	-0.082757	3229	
0.447086	-0.612817	4147	
-0.067697	0.727582	2277	
-0.490856	-0.560023	3166	
0.606654	-0.422942	871	
0.126435	-0.737634	1958	
-0.592467	-0.501684	348	
0.728627	0.246950	999	
-0.659858	-0.436992	3565	
-0.746944	-0.286772	3249	
0.314374	0.746793	2659	
0.625385	-0.529106	5305	
-0.610300	-0.555769	2650	
-0.798133	0.160127	2321	
0.800674	0.263585	2677	
-0.668526	-0.530705	3303	
-0.867932	-0.042688	4169	
-0.869509	-0.023597	4937	
0.012202	-0.869337	3945	
0.630625	-0.673505	4336	
0.361202	0.846578	5213	
0.591470	-0.745426	5595	
-0.877395	0.366011	5736	
0.222525	-0.923999	707	
-0.764737	0.626811	1744	
-0.445550	0.560960	4122	
-0.575654	0.402027	1413	
-0.517344	-0.480051	1441	
0.501127	-0.559944	3234	
0.388174	0.630317	3167	
-0.153205	-0.720559	4532	
0.299665	0.675339	2567	
-0.600335	-0.461828	3979	
0.212101	-0.696649	424	
0.040310	-0.729987	2711	
-0.647653	-0.434206	3552	
0.312725	0.708009	1876	
-0.323533	0.725681	1995	
0.807467	-0.034508	2471	
-0.447525	0.694078	3001	
-0.808661	0.088991	2638	
0.835328	-0.101058	3538	
0.091803	-0.836135	5019	
-0.159112	-0.855694	5107	
-0.786000	-0.384908	5478	
0.215555	0.844340	3748	
0.878898	0.272646	835	
-0.571390	0.724659	5482	
-0.788061	0.532429	4971	
-0.408644	-0.858787	985	
-0.623512	0.767578	1463	
0.322968	-0.607427	4231	
0.336570	-0.611476	4231	
0.336082	-0.615221	4231	
0.512681	0.482027	2967	
-0.390085	0.612122	5503	
-0.690249	-0.069445	2546	
0.181249	-0.703372	1091	
0.723185	0.092313	3690	
0.150178	0.721701	2462	
-0.164973	-0.718162	4532	
-0.706758	0.205196	2466	
0.639895	0.449224	1130	
-0.337012	-0.697663	1361	
0.369620	0.722030	2721	
-0.678135	0.455884	5077	
0.556516	-0.614663	4983	
-0.220233	0.812407	4808	
0.828500	-0.155561	3570	
-0.144605	0.857152	2965	
0.277427	-0.825544	2904	
0.580969	-0.717219	5504	
-0.260440	0.881817	5641	
-0.264661	0.912802	426	
-0.595461	-0.742068	4250	
0.043162	0.987683	1846	
-0.309588	0.610679	3471	
0.437308	0.361997	666	
-0.627843	0.276857	2523	
0.312279	-0.621742	3000	
0.306908	-0.610309	3000	
-0.398039	0.606816	5503	
-0.433410	-0.551956	1545	
0.295734	-0.679657	5652	
0.732302	-0.036897	1060	
-0.638161	-0.412774	814	
0.706442	0.173216	3101	
0.746322	-0.105892	1237	
0.406784	-0.675045	1178	
-0.131461	-0.779674	1657	
-0.799630	-0.118879	4224	
0.638192	-0.515546	5305	
0.587764	0.611975	4368	
-0.764206	-0.370383	4470	
-0.857225	-0.080435	5176	
-0.855941	-0.154728	1810	
0.795254	-0.356127	2754	
0.912823	0.113204	2996	
-0.629595	0.674081	3198	
-0.822804	0.476741	4649	
0.054534	-0.948833	316	
-0.869867	0.470070	3104	
-0.320158	0.624105	3471	
0.028348	-0.680296	1754	
0.235992	-0.562938	725	
0.180997	-0.634127	1397	
-0.467066	-0.395073	5123	
0.306988	-0.616300	3000	
0.612808	0.306859	3507	
-0.670201	0.212321	735	
-0.695469	0.241343	4241	
-0.140608	-0.722881	2336	
-0.604918	-0.456722	2944	
0.573071	-0.471560	4102	
0.735750	-0.166857	2371	
0.550083	-0.557077	4275	
0.446231	0.655415	4298	
0.652161	-0.489451	2295	
-0.011145	-0.811517	2008	
0.322240	0.778479	3734	
-0.671143	-0.527370	3303	
0.771290	0.408979	3858	
-0.811637	-0.321395	4408	
0.308993	0.815599	3711	
0.905709	0.160567	1957	
-0.680542	0.621605	634	
-0.682245	0.663233	459	
0.042236	-0.949442	464	
-0.876766	0.456990	3639	
-0.971585	-0.182886	4610	
-0.310510	0.615812	3471	
0.230685	-0.546317	4955	
-0.128892	-0.669051	2979	
0.425582	-0.426587	1179	
0.445146	-0.427047	1255	
0.425667	-0.413859	1412	
0.506652	-0.413073	2536	
0.458929	-0.441757	1666	
-0.273484	0.356176	5063	
0.307627	-0.617196	3000	
-0.311593	0.640739	4417	
0.422117	-0.580927	4258	
0.288495	-0.680879	4180	
0.103863	-0.721158	2384	
0.751709	-0.003042	2518	
-0.368488	0.693976	3981	
0.636857	0.518709	2714	
-0.425016	0.706920	2070	
-0.594122	0.571226	4538	
0.769493	0.354093	2449	
0.799980	0.270479	2677	
0.032315	0.869162	3297	
0.254872	-0.832213	3835	
0.894937	-0.212898	538	
-0.519964	0.762240	4487	
-0.877445	0.365919	5736	
-0.043264	-0.949443	1107	
-0.919133	0.364181	3216	
-0.957639	-0.245393	4788	
0.500805	0.402527	427	
0.232184	-0.550184	4955	
0.196461	-0.339965	1043	
0.428353	-0.419680	1412	
0.236995	-0.300272	1217	
-0.487791	0.395959	2233	
-0.298100	0.281267	2002	
-0.462811	0.398370	4723	
0.317382	-0.318230	4509	
0.446005	-0.426252	1255	
0.183036	-0.362245	1587	
0.316067	-0.624875	3000	
-0.629104	-0.353001	5688	
0.168107	0.718032	4693	
-0.658276	-0.375143	1211	
0.080994	0.731401	325	
0.421113	-0.667139	1005	
0.613171	0.526810	3934	
0.753184	0.313355	557	
-0.296071	0.761338	3282	
-0.091965	0.835753	3437	
0.151836	0.830904	2705	
-0.848962	0.191954	3744	
-0.839919	0.229755	3771	
0.672108	0.632302	4200	
0.153020	-0.937483	1173	
-0.945432	0.096510	744	
0.678246	-0.667413	371	
-0.320095	0.624071	3471	
0.237991	-0.582317	408	
0.260046	-0.316244	1861	
0.341229	-0.335615	4042	
-0.659207	0.016094	3458	
-0.035942	0.653681	1131	
-0.266762	-0.320325	937	
-0.421006	0.344874	1053	
-0.447147	0.363188	356	
0.342505	0.401063	1509	
-0.365794	0.324729	3010	
0.549265	-0.374936	3156	
0.194387	-0.453245	5601	
-0.106554	0.682832	1143	
0.296886	-0.679476	5652	
-0.082813	0.725428	873	
0.096518	0.729747	325	
-0.728266	-0.229186	2423	
-0.577916	0.551873	3227	
0.798937	0.128541	4628	
-0.488690	0.668666	2426	
0.000109	0.841328	4214	
0.740748	0.439850	4456	
-0.702748	-0.526741	4262	
-0.566807	0.728255	5482	
0.130470	0.910262	5653	
0.628677	0.713698	5167	
-0.610637	-0.729652	4052	
-0.687050	0.711116	4516	
-0.961198	-0.231032	4788	
0.504785	0.218085	5148	
0.231491	-0.598223	1103	
0.352379	-0.353610	3895	
0.251915	-0.301424	1675	
-0.135988	0.335282	982	
-0.367026	-0.459151	454	
0.094547	-0.333341	2026	
-0.244209	-0.308264	917	
-0.210625	-0.184308	615	
0.094506	-0.331174	2026	
-0.276449	-0.129113	5078	
-0.187753	0.273726	4189	
0.598605	-0.304086	1137	
0.496340	0.402533	427	
-0.572519	-0.431729	4764	
-0.709242	-0.162051	1970	
0.094116	-0.722862	1500	
-0.581397	-0.512221	348	
0.236007	-0.731896	4866	
-0.064071	0.805409	3725	
0.771051	0.262774	1206	
0.729832	-0.424880	4360	
0.579847	0.623728	1776	
-0.853978	-0.165443	1475	
-0.764762	0.419763	4003	
0.735937	0.558766	2184	
-0.930280	0.192932	2538	
-0.950496	0.000034	314	
0.735477	-0.603338	924	
-0.323603	0.617606	1081	
0.232094	-0.597369	1103	
0.354231	-0.354696	3895	
0.178239	-0.331174	1040	
-0.158283	0.541479	675	
0.258274	-0.218981	3643	
-0.641397	-0.022829	2670	
-0.146911	-0.259223	2435	
0.066822	-0.380963	2827	
0.100999	-0.492496	2507	
-0.344316	-0.483501	458	
-0.228165	-0.145791	1033	
-0.490048	0.370235	4684	
0.193488	-0.315090	1623	
0.170807	-0.399116	517	
-0.123781	0.678383	544	
0.028013	0.733764	4181	
0.009479	-0.732290	3820	
0.322927	-0.692869	3829	
0.330976	0.699906	1204	
0.758229	0.280142	1185	
0.479008	-0.674467	2534	
0.171810	-0.821914	3806	
0.567305	-0.636419	5343	
-0.390287	0.782851	498	
-0.608151	0.632087	3928	
0.902718	0.176770	1957	
-0.780437	0.488035	2527	
-0.925719	-0.215747	5166	
0.950465	-0.002970	1062	
-0.486764	-0.410426	5126	
-0.659270	0.181009	4754	
0.350885	-0.344660	4042	
0.028057	-0.664188	4500	
-0.272799	-0.329747	2235	
-0.290614	-0.098632	3521	
-0.092077	-0.240050	5481	
0.060712	-0.604402	1277	
-0.240502	-0.380565	3533	
-0.215739	-0.353677	2242	
0.039401	-0.359761	4968	
-0.122399	-0.284414	5109	
0.043646	-0.318005	291	
0.111228	-0.448170	5449	
-0.383328	-0.128870	1126	
-0.404099	-0.186289	436	
-0.195101	0.656141	516	
-0.732282	0.008036	753	
0.080815	-0.724959	1494	
-0.440965	-0.624247	2396	
-0.182185	-0.750465	1029	
0.611439	-0.546422	5385	
0.651967	0.510265	3410	
-0.341466	0.774606	5409	
0.842455	0.126620	640	
-0.736267	-0.478029	4374	
-0.742584	-0.548223	4338	
-0.462006	0.798073	521	
-0.805484	0.505558	5467	
0.238168	-0.920150	631	
0.312998	-0.607795	4231	
-0.481210	-0.469191	1605	
-0.095635	-0.672933	5277	
0.254538	-0.303237	1313	
-0.130626	0.422520	496	
-0.160579	0.237034	5211	
0.353509	0.092562	1576	
-0.155726	-0.299583	1794	
-0.135047	-0.621346	2249	
0.069487	-0.552026	1745	
-0.084499	-0.331152	3418	
-0.119653	-0.346815	2028	
-0.062243	-0.333960	4076	
-0.026646	-0.344090	4714	
-0.046959	-0.631095	1658	
-0.643201	0.112888	4762	
-0.048212	0.650773	1131	
-0.344545	-0.278540	4905	
-0.691350	-0.063060	3126	
-0.713840	-0.141497	1515	
0.457290	-0.604097	2882	
-0.424616	0.659321	1186	
-0.488030	0.656425	2426	
-0.810696	0.013722	2722	
0.384082	-0.746836	3157	
-0.267476	-0.800981	3067	
0.331484	0.806698	4177	
0.373374	-0.790463	4228	
0.508261	0.770258	3286	
0.946067	0.088311	1198	
-0.635351	-0.708319	2049	
-0.129195	0.980132	1680	
-0.317626	0.622202	3471	
-0.313222	0.618613	3471	
-0.359854	0.424543	284	
-0.053215	-0.684304	2525	
0.191730	-0.341537	1043	
0.225616	-0.306286	1238	
-0.131389	0.614927	1455	
-0.341481	-0.525416	811	
-0.051531	-0.187765	1341	
-0.068781	-0.279325	1150	
-0.247772	-0.434879	2385	
-0.095649	-0.343133	2642	
0.035966	-0.485296	3062	
-0.023986	-0.397668	2369	
-0.049096	-0.382972	2505	
0.041387	-0.504181	2755	
-0.162109	-0.354030	946	
-0.288346	-0.441752	2420	
-0.203487	0.196623	3883	
-0.243390	0.264364	1392	
0.276659	-0.366455	5717	
-0.648360	-0.218911	535	
0.270845	0.687101	1517	
-0.730905	0.064935	1516	
0.117665	-0.755515	4220	
0.327607	0.740949	2659	
-0.160098	-0.797508	1764	
-0.178968	-0.822549	2363	
0.760729	0.378333	2449	
-0.772257	-0.413949	5316	
0.363581	-0.795694	3851	
-0.183563	0.901862	435	
-0.305913	0.899981	604	
0.028556	-0.949995	464	
-0.919442	0.363380	3216	
-0.471345	-0.398113	5123	
-0.483075	-0.466487	2017	
0.069303	-0.673242	1180	
-0.649914	-0.127262	3408	
0.289448	-0.318143	376	
0.155967	-0.463306	3894	
0.657508	-0.054755	2880	
-0.209056	-0.192771	423	
0.109494	-0.553358	324	
-0.179124	-0.318458	3733	
0.020079	-0.394166	2548	
-0.234684	-0.496513	2326	
-0.027422	-0.395142	2369	
-0.149989	-0.583412	1856	
-0.217227	-0.506869	4221	
-0.090054	-0.374550	2204	
0.039377	-0.552038	2775	
-0.095951	-0.614184	1798	
0.030909	-0.618462	2554	
-0.552122	0.325998	4119	
0.529237	-0.389675	3076	
0.307259	-0.616788	3000	
-0.026540	0.731875	2691	
0.135304	-0.714860	1456	
0.756078	0.012817	3221	
0.216494	-0.747960	1969	
0.328338	0.745895	2659	
-0.800892	-0.136714	5048	
-0.821143	0.188394	2647	
0.606162	-0.633268	5072	
0.358910	-0.796471	3851	
0.809427	0.441942	4104	
-0.797868	0.516547	4971	
-0.714982	-0.628441	4828	
-0.765578	0.625774	1744	
-0.372460	-0.572761	1804	
0.344871	-0.401460	3086	
-0.618629	0.286582	2091	
0.198474	-0.334196	1040	
0.216503	-0.309264	1623	
-0.150415	0.306971	2604	
-0.649683	0.092258	3013	
-0.643192	0.112935	4762	
0.004954	-0.266431	1175	
-0.052925	-0.282257	374	
-0.077772	-0.331499	4076	
0.036353	-0.486402	3062	
-0.195979	-0.445861	4474	
-0.136229	-0.568759	952	
0.013450	-0.538750	3597	
0.010381	-0.546126	2777	
-0.193376	-0.547027	1345	
0.036550	-0.558013	2775	
-0.070372	-0.329140	4076	
-0.050414	-0.188012	1341	
-0.140995	0.478798	4005	
0.504380	-0.420232	2536	
-0.668405	-0.156554	289	
0.472572	0.574033	1524	
-0.705502	0.209630	2466	
0.240031	0.734479	1765	
-0.151126	0.790404	4229	
0.729980	0.380945	3821	
0.829966	-0.138376	3066	
-0.557136	0.663264	4164	
-0.387550	-0.781953	645	
0.558601	-0.734882	5021	
-0.745260	0.544265	353	
-0.926074	0.214473	703	
0.477675	-0.823099	4067	
-0.984200	-0.092325	4748	
-0.450708	-0.442872	927	
-0.211300	-0.645964	768	
0.195436	-0.336021	1040	
0.212800	-0.310715	1623	
0.172983	-0.521998	5326	
0.376339	0.510765	4286	
0.212654	-0.208361	3910	
0.235195	-0.189171	4475	
-0.198103	-0.600530	2226	
-0.148991	-0.345909	946	
0.036905	-0.558188	2775	
0.003951	-0.425874	1300	
-0.086403	-0.580538	419	
-0.131720	-0.419727	2148	
-0.159968	-0.470894	2291	
-0.169516	-0.490225	2248	
-0.140719	-0.422733	2476	
-0.144061	-0.576383	1856	
-0.007305	-0.412657	1300	
0.073970	-0.444560	3708	
0.223919	0.150163	5374	
-0.282165	0.273945	2002	
0.219324	-0.388467	1135	
-0.486784	-0.561765	3166	
-0.718717	-0.118003	1116	
0.478588	-0.608800	4552	
-0.449720	-0.634914	4821	
-0.004041	0.810488	3175	
-0.321532	-0.751779	2737	
-0.574716	-0.627005	4192	
0.483262	0.728138	4889	
0.869891	-0.001347	3875	
0.463564	0.797068	493	
0.171142	0.934995	2382	
-0.432773	-0.846884	1063	
0.190910	-0.336449	1040	
0.213670	-0.319933	1838	
0.171862	-0.346515	1587	
0.165357	-0.497889	2404	
-0.129039	0.381131	1393	
-0.411827	-0.111488	1195	
-0.209106	-0.225735	423	
0.057284	-0.352762	5394	
-0.077099	-0.278599	1150	
-0.246191	-0.547301	1715	
-0.060165	-0.599561	2773	
-0.168231	-0.419642	2589	
-0.035036	-0.577466	5189	
-0.133272	-0.448271	1915	
-0.021147	-0.512776	4673	
-0.136665	-0.473993	2475	
-0.047904	-0.466239	2103	
-0.165807	-0.520458	4900	
-0.074578	-0.590832	2773	
0.043892	-0.523052	2606	
-0.301246	-0.468454	4227	
-0.268722	-0.345046	3560	
0.534738	-0.384192	2897	
0.622818	0.322591	1122	
-0.480846	0.581984	4075	
0.509917	-0.550245	3234	
0.596151	0.500170	3494	
0.798111	-0.014264	3089	
-0.118631	-0.804138	2042	
-0.812123	-0.217055	1777	
0.041459	0.842327	3120	
-0.864538	-0.095807	4888	
-0.511019	-0.766532	3509	
-0.286136	0.873995	5349	
-0.884834	0.347679	5405	
0.507317	-0.805316	854	
-0.331917	-0.577384	2665	
-0.088648	-0.667671	2557	
-0.129454	0.405903	570	
0.265593	0.605404	4622	
-0.447146	0.365423	500	
-0.347516	-0.515930	1905	
0.185699	0.187233	585	
-0.101786	-0.278449	5229	
-0.257035	-0.566021	2353	
-0.001735	-0.367544	5015	
0.020400	-0.576737	2841	
-0.162347	-0.415505	2589	
-0.035786	-0.430350	2164	
-0.058614	-0.554465	4447	
-0.111361	-0.534892	4271	
-0.063354	-0.499030	650	
-0.067504	-0.489621	2230	
-0.106016	-0.452004	2064	
-0.116465	-0.572555	5357	
-0.099126	-0.588402	419	
-0.220545	-0.402582	5424	
0.013188	-0.317922	4498	
-0.238819	-0.176808	615	
-0.387032	-0.551039	1210	
-0.589948	-0.414505	1248	
0.102203	0.729102	325	
0.420267	0.633258	3260	
-0.750266	-0.160270	3180	
-0.764746	0.269833	2575	
-0.767875	0.272788	2575	
-0.840382	-0.043339	4302	
0.724604	-0.487045	3492	
0.865928	-0.084405	3682	
0.650660	0.653950	4096	
0.801413	0.512774	3576	
-0.311736	-0.898306	4941	
-0.862219	0.483951	1887	
0.367606	0.524716	2442	
0.320673	0.570093	2669	
0.268417	0.286859	1648	
-0.539718	0.341071	5334	
0.158335	-0.222294	5201	
-0.525447	0.344229	2255	
-0.041778	-0.246841	856	
-0.274919	-0.421539	2408	
-0.005607	-0.303270	4859	
0.037079	-0.422753	1174	
-0.020760	-0.595130	3319	
-0.138537	-0.402463	2148	
-0.013953	-0.569621	2860	
-0.098999	-0.553520	5387	
-0.133837	-0.511877	1610	
-0.082076	-0.523248	2213	
-0.089562	-0.510255	2308	
-0.058403	-0.480617	2103	
-0.049795	-0.560569	4447	
-0.057147	-0.417640	1883	
-0.110884	-0.376311	1307	
-0.205007	-0.343525	2600	
0.198319	0.146114	1098	
0.414752	-0.399563	1334	
0.313089	-0.607894	4231	
-0.710869	-0.154761	1515	
0.263409	-0.685358	5622	
0.741794	0.134295	3970	
-0.459437	0.676300	2163	
-0.603787	-0.562004	2650	
0.019784	0.838832	3188	
0.744155	-0.400975	4184	
-0.493070	-0.721660	2695	
-0.772741	-0.504557	3650	
-0.412213	0.824045	5488	
-0.944376	0.106416	744	
0.805328	-0.505592	639	
-0.911559	-0.382860	1466	
-0.118940	0.281937	3468	
-0.106567	0.390833	4569	
0.305500	-0.244151	792	
-0.246154	-0.311256	917	
-0.605909	0.235384	1667	
0.512889	0.117221	2757	
-0.174054	-0.617759	2590	
0.083496	-0.584034	4050	
0.019112	-0.604881	5445	
0.060168	-0.476663	3208	
-0.226243	-0.463324	4959	
-0.022179	-0.419492	1526	
-0.198892	-0.510101	5471	
-0.024632	-0.474055	2314	
-0.150726	-0.521318	487	
-0.082414	-0.469931	2230	
-0.104361	-0.470866	2273	
-0.061231	-0.478560	2103	
-0.021469	-0.545204	3956	
-0.074754	-0.412440	1962	
-0.224627	-0.460118	4959	
0.071229	-0.539913	1745	
0.046162	-0.372953	3814	
0.414576	-0.325739	1818	
0.663149	0.046707	2666	
-0.688201	-0.080349	906	
0.499090	-0.562251	3234	
0.221226	0.704150	1201	
0.691248	-0.343353	1664	
-0.790616	-0.155657	4879	
0.614410	0.552701	2652	
0.407590	0.741021	3190	
0.680430	-0.541810	4556	
0.130056	-0.859287	2800	
0.847695	0.360418	5516	
0.929171	-0.198413	5264	
-0.211668	-0.926829	2516	
-0.988441	0.019025	1746	
-0.398794	-0.099841	1195	
-0.359470	-0.095091	1678	
-0.556267	-0.130421	1403	
-0.368584	0.291652	3696	
-0.223599	-0.275843	2779	
-0.008012	-0.258634	1175	
-0.028781	-0.250416	620	
0.044474	-0.369944	3814	
-0.031857	-0.288852	395	
-0.088983	-0.614919	1798	
-0.234631	-0.506995	2326	
-0.096121	-0.597273	462	
-0.046801	-0.403098	1883	
-0.161632	-0.435404	2068	
-0.173095	-0.547654	862	
-0.033078	-0.555759	3956	
-0.021543	-0.547651	3956	
-0.023444	-0.449445	3395	
-0.152373	-0.428915	2476	
0.030443	-0.532643	2848	
-0.185251	-0.413429	2271	
-0.188432	-0.372597	4317	
-0.074010	-0.278722	1150	
-0.161366	-0.634604	5190	
0.366979	-0.351950	3231	
-0.495748	-0.204159	4024	
0.596995	-0.437283	860	
-0.228410	-0.701352	1199	
0.644110	-0.400031	5485	
0.529192	0.594205	4507	
0.809662	0.000979	3201	
0.641124	0.530501	3348	
0.055471	-0.839421	4638	
-0.748838	0.447892	3742	
-0.910026	-0.130733	5184	
-0.505180	0.772000	4487	
-0.897780	-0.313130	3720	
0.935269	-0.169022	5092	
-0.333666	-0.091959	3580	
-0.217572	-0.157264	4468	
-0.215698	0.200641	3883	
0.250691	0.090126	5249	
-0.049038	-0.188319	1341	
0.034633	-0.300025	5331	
-0.237384	-0.589941	2573	
-0.287965	-0.535573	3087	
-0.028946	-0.289952	395	
0.071982	-0.544677	1745	
-0.024451	-0.614349	412	
-0.053487	-0.599456	2773	
-0.214916	-0.542734	1862	
-0.080629	-0.598931	462	
0.026468	-0.497009	3062	
0.009001	-0.457232	950	
0.014080	-0.466301	950	
0.026819	-0.498279	3062	
-0.164324	-0.567085	1856	
-0.183707	-0.412162	2271	
-0.008040	-0.385695	3155	
0.026002	-0.337303	291	
0.030959	-0.342377	4968	
-0.263253	-0.337360	937	
-0.325130	0.295121	807	
0.549795	0.224786	5102	
-0.629645	-0.351884	5688	
0.699279	0.202858	2740	
-0.527629	0.530001	1328	
-0.245379	0.729373	3732	
0.799994	-0.117070	2356	
-0.228973	0.780462	3008	
-0.359689	0.767440	4412	
-0.796403	0.350004	2741	
0.678882	-0.551768	1614	
0.639160	0.666653	4802	
0.934062	0.174237	1733	
0.138144	-0.940188	5292	
-0.319995	-0.533490	519	
-0.034292	-0.194160	1341	
0.162869	-0.163988	326	
-0.243956	-0.361197	3331	
-0.180551	-0.288881	3309	
0.011952	-0.317348	4498	
-0.207170	-0.596263	2556	
-0.015637	-0.296751	4859	
-0.243555	-0.424772	2788	
-0.210761	-0.392646	4940	
-0.162343	-0.598152	2268	
-0.020901	-0.609470	412	
0.052286	-0.572196	2402	
0.048464	-0.518058	2606	
-0.138592	-0.383577	1266	
0.045936	-0.579121	2402	
-0.269571	-0.481848	2889	
-0.056287	-0.335378	4076	
-0.046782	-0.283759	374	
0.002003	-0.308529	4498	
-0.142456	-0.256160	2435	
0.103623	-0.413589	4813	
-0.436579	0.385702	2858	
0.188925	-0.510629	472	
-0.564306	0.417870	1413	
-0.653632	0.342013	3927	
0.467060	-0.595066	3986	
0.753224	-0.081899	1237	
-0.506101	-0.634907	3415	
0.794769	-0.171567	2654	
-0.193702	0.818469	3183	
0.818166	-0.237763	2720	
0.148205	-0.856436	3594	
0.762520	0.520754	4278	
0.948988	-0.045922	2681	
-0.254447	-0.916119	5348	
-0.981825	-0.114389	5520	
-0.002426	-0.261703	1175	
0.042686	-0.315844	291	
-0.219614	-0.357360	2242	
0.056587	-0.397736	3510	
-0.055686	-0.630973	1181	
0.061656	-0.572903	2402	
-0.240594	-0.425774	2788	
-0.239386	-0.553883	1715	
-0.222312	-0.567634	2224	
-0.197048	-0.582956	2226	
-0.270266	-0.500685	2889	
-0.115175	-0.334119	3277	
-0.245467	-0.549296	1715	
-0.076800	-0.278646	1150	
-0.143928	-0.293563	2101	
-0.002491	-0.261679	1175	
0.334927	0.434969	2492	
-0.347735	0.282610	4235	
-0.537000	0.361163	4700	
0.668498	-0.103906	864	
-0.009102	0.698437	2121	
0.604235	-0.426595	871	
0.453943	-0.607032	2882	
0.376998	0.659934	1118	
0.677375	-0.374789	2801	
-0.655211	0.489960	4783	
0.810838	-0.216134	2685	
0.126545	0.834349	2453	
-0.298678	-0.819100	3728	
0.525455	-0.759116	4537	
-0.872791	0.290051	5367	
-0.556883	-0.771237	1751	
-0.927209	0.343067	1963	
-0.077541	-0.240334	5259	
-0.072089	-0.240808	5638	
-0.050013	-0.244835	5638	
-0.117659	-0.282428	2482	
0.046862	-0.611780	2278	
0.058244	-0.401759	3510	
-0.049098	-0.283130	374	
-0.102796	-0.279743	5229	
0.058464	-0.402271	3510	
-0.190580	-0.603584	2226	
-0.079495	-0.278211	1150	
-0.180918	-0.289246	3733	
-0.293163	-0.421818	2664	
-0.262613	-0.102063	885	
-0.232105	-0.139726	1033	
0.112691	-0.260450	4505	
-0.270640	-0.132294	5308	
-0.228630	0.263032	1511	
0.513347	-0.401636	2977	
0.241801	-0.326162	1238	
0.307133	-0.616515	3000	
0.530305	0.466071	2768	
-0.704994	-0.180058	1240	
0.686713	0.259493	5116	
-0.692035	0.345267	3497	
0.305886	-0.754697	668	
0.790795	-0.206176	1079	
0.793630	-0.286345	2574	
-0.857968	0.145718	4617	
0.259908	-0.882358	5556	
-0.805129	0.445587	4731	
-0.742584	-0.595704	5307	
-0.898535	0.412496	1847	
-0.732568	-0.664517	3243	
-0.273823	-0.397193	2770	
-0.085073	-0.239958	5481	
-0.312033	-0.524474	519	
0.086735	-0.482780	2507	
0.035982	-0.352303	4968	
-0.028505	-0.289521	395	
0.091176	-0.572169	4050	
-0.221754	-0.334887	3313	
0.016307	-0.275506	5147	
0.076445	-0.286008	3184	
0.047413	0.650747	1785	
-0.093882	-0.647619	2194	
-0.431918	0.350951	356	
0.124764	-0.467747	3073	
-0.317383	0.290252	807	
0.213451	-0.301909	1932	
0.527180	-0.389398	3076	
0.585013	0.182807	1291	
-0.391483	-0.360495	3438	
0.332383	-0.619200	4231	
-0.240660	-0.661098	4079	
0.686866	-0.266109	5663	
0.709874	-0.194303	4117	
0.702300	-0.319124	1664	
0.781416	-0.196175	1079	
0.682011	0.469031	2900	
-0.715236	-0.464985	4596	
0.358672	0.795211	4295	
0.570617	0.664333	2592	
-0.603720	0.700399	1554	
-0.918573	-0.244204	5411	
0.949152	-0.048787	2681	
0.109475	-0.553726	324	
-0.261431	-0.382177	3474	
-0.033997	-0.248876	856	
-0.059408	-0.186796	1341	
-0.480477	0.357441	4242	
-0.363976	-0.095395	1678	
0.110581	-0.445693	5449	
-0.501662	-0.128608	1373	
-0.135582	0.330185	982	
-0.436782	-0.130925	4443	
0.600635	0.169167	1468	
0.479308	0.164110	3951	
0.673099	-0.038672	4392	
-0.402224	-0.369014	5284	
-0.429672	0.489771	5621	
0.398519	-0.478898	379	
0.349917	-0.407518	3867	
0.228813	-0.380601	4719	
0.623181	0.314325	3507	
-0.165910	0.665714	499	
0.259466	-0.637778	4752	
-0.145912	0.713404	479	
-0.715572	0.239474	1609	
0.510016	-0.600778	2438	
-0.539799	-0.619316	3247	
0.712457	-0.454312	3518	
0.239898	-0.829504	3835	
0.486564	-0.730355	4318	
0.383708	0.838105	303	
-0.326195	0.892921	489	
0.632175	-0.711390	4020	
-0.050430	-0.645889	1658	
-0.485290	0.357128	4242	
-0.279429	0.230662	2790	
-0.343580	-0.443036	2531	
0.578832	-0.282216	1834	
-0.333028	-0.409689	2758	
-0.458735	0.396055	4723	
0.463236	-0.423398	1866	
0.560570	0.179598	1586	
0.514184	0.175764	5572	
-0.577966	0.359043	4646	
0.398797	-0.479228	379	
0.371552	-0.437981	5045	
0.214560	-0.511630	296	
0.195108	-0.459600	3564	
-0.368366	-0.245919	414	
-0.314984	0.620103	3471	
0.315973	-0.607581	4231	
0.308023	-0.609243	3000	
-0.597363	-0.405619	1248	
-0.077482	-0.731047	5664	
-0.035848	0.731110	2691	
-0.367436	0.694159	3981	
0.785580	0.195822	3246	
-0.497078	0.690594	4084	
-0.161352	0.826784	1375	
0.223002	-0.840728	4753	
0.798615	0.461731	3651	
0.083121	0.946733	5739	
0.446711	-0.840143	4703	
-0.079632	-0.184915	672	
-0.089324	0.368349	813	
-0.281137	0.231573	3476	
-0.356948	-0.479742	468	
0.287352	-0.232541	3479	
-0.261895	-0.314073	937	
-0.409744	0.362320	4404	
0.539350	-0.376266	3156	
0.441090	0.151303	4455	
0.530109	0.181424	5384	
0.443611	-0.497069	1253	
-0.229634	0.485121	2907	
0.680367	0.291515	4845	
0.617864	-0.405397	1260	
0.532579	-0.571980	3686	
-0.478690	-0.662193	4627	
-0.577448	-0.589430	2520	
0.811010	-0.231057	2370	
-0.269664	-0.828806	3562	
0.836642	0.388184	5298	
0.201110	0.929030	1219	
0.101830	-0.944887	5551	
-0.937990	-0.312504	542	
-0.177166	0.192672	440	
-0.243920	-0.125550	971	
0.106129	-0.426304	4813	
0.253114	0.323548	1488	
-0.079768	0.640330	1756	
-0.658788	0.069304	4584	
0.600499	0.166647	1468	
0.370061	0.167551	1762	
-0.212239	-0.650801	768	
0.413655	-0.494384	379	
-0.317840	0.612412	1081	
-0.143447	-0.688498	411	
-0.676538	0.292275	1105	
-0.758267	-0.058380	3317	
-0.480668	-0.657823	4627	
-0.811260	0.052211	2658	
0.817886	-0.204636	2685	
-0.057680	-0.867976	2751	
0.917788	0.060834	4077	
0.898070	0.311008	373	
0.416334	-0.855379	5280	
-0.397166	-0.095824	1195	
-0.207640	-0.204129	423	
0.094822	-0.348310	799	
-0.304991	-0.109369	2825	
-0.161404	0.288723	2604	
-0.282042	-0.174149	3330	
0.449105	0.152105	4345	
0.354619	0.175543	1683	
-0.472045	-0.457816	927	
0.429844	-0.499635	1146	
-0.320596	0.624132	1081	
-0.458577	-0.531711	1479	
-0.604106	0.427784	2343	
0.498096	-0.595462	4590	
-0.533511	-0.613407	3511	
-0.606317	0.557241	3844	
0.705604	-0.468057	3417	
-0.075645	-0.866739	3077	
0.907166	-0.154924	4265	
0.720979	0.620851	363	
0.361898	-0.879447	5582	
-0.867187	-0.475543	1539	
-0.292908	0.227759	3476	
-0.207607	-0.204533	423	
0.141710	-0.231346	5586	
-0.614600	-0.099753	2552	
-0.171011	0.280442	3251	
-0.548343	-0.155054	1531	
0.394821	0.151849	1111	
0.326374	0.201658	1999	
-0.073086	-0.679445	2139	
0.499214	-0.455589	1437	
-0.309623	0.614639	3471	
0.168793	-0.663428	3038	
-0.695707	0.241154	4241	
0.499306	-0.594267	2438	
-0.803103	0.071494	2344	
-0.074792	0.808580	3725	
0.104789	-0.834449	4678	
0.015770	-0.869240	3945	
0.783686	0.488930	1506	
-0.217982	0.924036	4233	
0.357811	-0.881079	5582	
-0.882485	-0.446471	2280	
-0.636487	-0.042715	1596	
0.128149	-0.512457	3486	
0.640179	-0.130934	3017	
0.122347	-0.290578	3478	
-0.631106	0.203776	2617	
0.668409	-0.041461	4392	
0.325720	0.183428	1557	
0.328719	0.200265	1999	
-0.428569	-0.517972	3480	
0.476118	-0.476027	1295	
-0.312339	0.610513	1081	
-0.309714	0.614632	3471	
-0.313495	0.618841	3471	
-0.320824	0.614102	1081	
0.620391	0.311203	3507	
0.165093	-0.664638	3038	
-0.011679	-0.733028	4243	
0.040523	0.753028	3182	
-0.046994	-0.805809	661	
-0.810524	0.064342	2658	
0.841969	0.010922	3972	
-0.200044	-0.847741	3048	
0.763591	0.518551	4278	
0.936642	0.159542	2217	
0.367638	-0.877074	5582	
0.197268	0.046327	607	
0.321194	0.076484	3637	
-0.201980	-0.181708	2542	
-0.400193	-0.099936	1195	
0.100116	-0.394216	4574	
0.290081	0.098081	485	
0.117927	-0.300013	3478	
-0.501572	0.387381	5557	
0.640694	0.107950	993	
0.314562	0.197232	1999	
0.313429	0.280605	839	
0.621793	0.161061	1920	
-0.359967	-0.575670	2315	
0.404029	0.199885	4943	
0.626056	0.191912	842	
0.606674	0.217665	782	
0.592149	0.227666	5125	
0.569431	0.229926	5122	
0.650872	0.140650	3481	
-0.323175	0.620796	1081	
-0.659376	-0.184444	896	
0.419969	-0.632962	801	
0.638448	-0.370344	2729	
-0.319806	-0.702981	2098	
-0.308471	0.752937	1090	
0.206111	0.794534	2331	
0.449426	0.718804	5650	
0.146404	-0.856700	2800	
0.541557	0.745616	5183	
0.043488	0.949241	5420	
0.486769	-0.817811	4428	
-0.775630	-0.613624	4310	
0.240986	-0.007583	5489	
0.254343	-0.141271	451	
0.635271	-0.019658	3405	
0.568714	0.117625	453	
0.643178	-0.110668	4504	
0.099430	-0.613979	4924	
0.398472	-0.312159	2926	
-0.361903	-0.101586	1678	
-0.198818	0.265263	4055	
-0.536427	-0.153050	627	
0.474155	0.154467	3951	
0.300875	0.233980	1022	
0.321665	0.324589	4410	
0.361852	0.369903	3783	
0.365085	0.371392	3783	
0.365971	0.371435	3783	
0.335652	0.330962	4494	
0.576837	0.194690	1291	
0.432191	0.521972	524	
0.614025	0.321884	1122	
0.184301	-0.658294	2687	
0.408896	-0.640037	801	
-0.554689	-0.506766	5117	
0.393735	-0.682848	1250	
-0.749210	0.316491	931	
0.780647	0.323784	899	
0.741550	-0.449293	3228	
0.782423	-0.384188	3250	
-0.195553	0.898040	4836	
-0.949968	0.028612	312	
0.879389	-0.360633	5561	
-0.580808	-0.800366	1677	
0.526487	0.104097	2757	
0.613686	-0.180967	2250	
0.246419	-0.125897	451	
0.329346	0.029025	3645	
0.287727	-0.014242	5639	
0.269763	-0.081731	300	
0.545801	-0.283480	480	
0.256033	-0.143568	451	
0.239455	-0.045538	415	
-0.112683	0.224702	5589	
-0.239461	-0.130171	905	
0.232519	-0.210140	4475	
-0.225176	-0.197057	615	
-0.195547	0.265643	4055	
-0.652281	0.121898	5251	
-0.370618	-0.127463	1126	
-0.393206	-0.473731	2488	
0.314846	0.189864	1557	
0.345768	0.360945	3792	
0.426346	0.432926	1400	
0.426322	0.191717	5705	
0.622266	0.322953	1122	
0.727070	0.064651	3344	
-0.426797	-0.605747	3689	
0.216000	0.725348	1636	
-0.744595	0.301744	931	
0.769072	0.267985	1270	
-0.798576	-0.273310	4804	
0.784567	0.386709	3858	
-0.166767	-0.855142	5107	
-0.706472	0.591482	5451	
-0.826343	-0.472363	3577	
-0.959468	0.238333	4388	
-0.530402	-0.834599	770	
0.241229	-0.146442	2873	
0.266365	0.006675	1837	
0.436317	-0.292331	2688	
0.629296	-0.025896	2927	
0.276053	-0.043456	3761	
0.472474	-0.308221	2197	
0.330671	0.027014	3645	
0.321914	0.021278	3399	
0.323302	0.022260	3399	
0.548759	0.093948	2532	
0.277294	-0.123898	4871	
0.602417	-0.194570	1710	
0.607038	0.056509	1906	
0.232809	-0.047765	415	
-0.208160	-0.196292	423	
0.196141	-0.207961	486	
0.211085	0.184332	5135	
0.020186	-0.648357	1056	
-0.582693	-0.150584	2496	
0.385898	0.149381	1111	
0.428758	0.482554	3321	
0.472679	-0.478734	1295	
-0.304652	-0.633448	4273	
0.007905	-0.732378	3820	
0.668809	0.344896	2943	
0.337117	0.696589	1124	
0.807034	-0.029278	2471	
0.084968	-0.807691	5066	
0.531851	-0.667123	4132	
-0.209431	-0.845540	3048	
0.884863	-0.253654	1661	
0.373719	0.873030	2305	
0.061519	-0.948359	316	
-0.957072	-0.247628	4788	
-0.599627	0.239723	1667	
-0.115789	0.217272	5370	
-0.103380	0.219116	5589	
0.371561	-0.256368	3826	
0.379263	0.063865	2883	
0.397193	0.057538	3314	
0.578703	0.084332	457	
0.345036	-0.214055	1521	
0.376397	0.048666	2883	
0.512301	0.073434	2981	
0.490712	-0.273525	2892	
0.349516	-0.029838	1157	
0.418399	-0.206714	790	
0.412532	-0.227565	1027	
0.339567	-0.049804	587	
0.610726	-0.106642	2227	
0.351564	0.001715	1842	
0.270899	-0.088954	300	
0.270695	-0.090010	300	
0.494022	-0.311257	4724	
0.281209	-0.187005	4599	
0.179043	-0.211929	398	
-0.332430	-0.545891	1712	
-0.359240	-0.411935	5577	
0.436536	0.452753	2172	
0.618246	0.309154	3507	
0.659134	0.371195	649	
-0.276317	-0.684407	1560	
0.428431	-0.647146	801	
0.677391	-0.374602	2801	
-0.792569	0.174715	2647	
-0.839096	0.023424	3421	
0.373298	0.769967	3963	
0.393250	-0.781556	4228	
0.552271	0.738569	4615	
-0.454607	0.835955	2083	
0.568628	-0.763315	4372	
0.172574	-0.214073	5187	
0.107635	-0.267708	4505	
-0.213009	-0.244321	3638	
-0.193595	-0.185338	1593	
0.454471	0.088920	3561	
0.254493	-0.012761	5489	
0.309600	-0.176867	4036	
0.281073	-0.133364	4871	
0.463775	-0.280776	2945	
0.501360	-0.272360	2892	
0.371944	-0.069637	2027	
0.479847	0.032008	3444	
0.376291	-0.058108	2027	
0.407748	-0.185577	3336	
0.458959	-0.230040	602	
0.460080	-0.230730	602	
0.422864	-0.202893	1951	
0.372440	-0.115553	1988	
0.530627	-0.229959	932	
0.480902	-0.273009	2892	
0.272665	-0.058904	5662	
0.602144	-0.195324	1710	
-0.348158	-0.461443	458	
-0.204500	0.214146	3600	
0.297016	0.265676	1127	
0.578008	-0.348106	5592	
-0.162334	-0.684520	397	
-0.483077	0.579666	4075	
0.721799	0.100790	3690	
0.765428	0.035150	1780	
0.529516	-0.624350	5398	
0.803720	-0.118954	2356	
-0.781255	-0.326129	3349	
0.531662	0.694465	1811	
-0.247168	0.834418	3838	
-0.817870	0.421519	5165	
-0.683830	-0.661891	372	
0.909386	0.276748	506	
0.207777	0.199565	3525	
0.252363	0.117209	877	
0.646335	-0.007115	3414	
0.105126	-0.609810	4924	
0.197268	0.046326	607	
0.247577	-0.029855	5489	
0.596810	-0.207252	1828	
0.393575	0.055712	3723	
0.331085	-0.069745	3278	
0.446202	-0.223525	954	
0.437202	0.011738	4942	
0.422583	-0.201609	1951	
0.528898	-0.215228	859	
0.571370	-0.134858	987	
0.581245	-0.057191	1863	
0.576191	-0.031573	1589	
0.580012	-0.011008	1589	
0.423654	0.001071	4367	
0.423924	-0.204177	1951	
0.403186	-0.182518	3336	
0.318440	-0.051972	587	
0.290800	-0.151445	4975	
-0.149612	0.199856	746	
0.232913	-0.231899	2824	
0.413049	0.432360	2118	
0.683298	-0.017322	4380	
0.598975	-0.361562	4403	
-0.586836	0.453292	1909	
0.483814	-0.578494	3397	
0.444391	-0.654002	3989	
0.678046	0.471243	2900	
-0.251261	0.780624	3905	
0.813474	-0.221806	2685	
-0.665005	-0.573034	618	
0.498982	-0.776301	608	
-0.918977	0.023550	3041	
-0.384061	-0.869932	2416	
-0.988338	-0.025835	1041	
0.142274	-0.256638	4021	
-0.063096	-0.652127	1658	
0.350990	0.464390	3135	
0.542053	-0.326572	5696	
-0.192901	-0.208240	529	
0.304970	0.036806	3399	
0.616944	-0.152328	2267	
0.326762	-0.147044	3925	
0.534106	-0.257458	3390	
0.581061	0.009584	3082	
0.380042	-0.138182	1882	
0.552178	-0.192549	4529	
0.580499	-0.052093	1863	
0.443355	-0.054861	2477	
0.431659	-0.095085	2011	
0.431929	-0.104330	1954	
0.415486	-0.052912	1265	
0.482516	0.020092	3444	
0.572133	-0.177267	4529	
0.372698	-0.070231	2027	
0.589652	-0.180911	1710	
0.294758	-0.157417	4975	
-0.560835	-0.123912	1889	
-0.401170	0.352304	4404	
0.361788	0.559361	1831	
0.619341	0.310223	3507	
0.630401	0.423673	4929	
0.564099	-0.483724	4106	
0.707523	0.281844	1351	
-0.375597	0.704978	3981	
-0.245817	-0.776227	2342	
0.312158	-0.783715	5195	
0.568682	0.644061	1241	
0.437849	-0.759305	5237	
0.423329	0.817578	2894	
0.895864	-0.316132	4819	
0.107202	-0.944283	5395	
-0.808889	-0.569122	4558	
-0.426959	-0.126941	4443	
0.252350	0.297998	1582	
0.108985	-0.314828	2026	
-0.134839	0.537624	4856	
0.114910	-0.601327	4984	
0.332416	-0.221024	3513	
0.546184	-0.282160	480	
0.328572	-0.150528	3381	
0.572339	0.033718	2104	
0.415159	-0.003947	4367	
0.499888	-0.225689	647	
0.524749	-0.011348	2856	
0.445732	-0.138656	2063	
0.557386	-0.099320	463	
0.519574	-0.020538	4964	
0.538269	-0.027482	5053	
0.463682	-0.166517	2129	
0.431773	-0.102193	2011	
0.563693	0.013287	2888	
0.426817	-0.207086	790	
0.612666	-0.092980	2555	
0.271710	-0.064000	5662	
-0.356618	-0.476427	468	
-0.285271	-0.166726	4847	
-0.370488	-0.325479	4212	
-0.063198	-0.698374	3040	
0.171836	-0.706459	1091	
-0.683490	0.274948	1105	
-0.522052	0.588494	530	
0.785993	0.183344	3512	
0.484070	0.662676	5049	
-0.767428	-0.362049	3855	
0.839696	0.228724	4191	
0.468469	0.737618	4648	
-0.308847	0.866465	3713	
-0.942826	-0.118752	4397	
0.667266	-0.678415	3579	
-0.630021	-0.762224	1749	
0.073136	-0.643256	3916	
-0.318145	-0.572538	2622	
-0.353301	-0.127671	826	
0.105642	-0.347641	3174	
0.606694	-0.232389	1828	
0.213603	-0.059745	415	
0.321889	-0.190606	3389	
0.353885	-0.187959	1809	
0.383555	-0.149862	1503	
0.376831	-0.059032	2027	
0.490460	-0.209209	622	
0.459756	-0.034468	2441	
0.553552	-0.115100	504	
0.512770	-0.149449	2180	
0.482111	-0.085637	2495	
0.547963	-0.085342	840	
0.469343	-0.037960	2441	
0.489343	-0.179860	3659	
0.407855	-0.033059	938	
0.370218	-0.095260	2205	
0.286706	-0.019327	5639	
0.275559	-0.167824	4911	
-0.360934	-0.456197	454	
0.345943	0.572995	2703	
0.621836	0.323332	1122	
0.492546	-0.569313	3860	
0.728616	-0.093023	1561	
0.740831	0.134743	3970	
-0.607900	0.536484	3499	
-0.566260	-0.596809	1998	
-0.806872	0.234446	2355	
-0.666046	0.527089	3609	
-0.123194	-0.861659	552	
0.917549	-0.073423	4660	
-0.857592	-0.335124	3931	
-0.264259	-0.913311	5348	
-0.983379	-0.100453	5520	
-0.155743	0.429102	568	
-0.178898	0.592351	1323	
0.303692	0.303413	1358	
-0.341845	-0.393852	2486	
-0.170641	-0.634482	4722	
-0.153092	-0.636750	2629	
0.582494	0.083154	457	
0.316087	-0.119041	4713	
0.389931	-0.029883	949	
0.375701	-0.123932	1988	
0.459868	-0.163495	2129	
0.492235	-0.169902	2020	
0.467866	-0.133130	2272	
0.491898	-0.069430	2288	
0.505530	-0.092523	2495	
0.488749	-0.117488	2378	
0.447537	-0.068060	2477	
0.472871	-0.173143	2020	
0.505916	0.026798	2789	
0.527203	0.041117	2421	
0.606755	0.053632	1906	
-0.343363	-0.094047	1678	
0.342536	0.163299	1683	
0.633840	0.178024	1035	
-0.027600	0.696757	1601	
-0.653776	-0.384732	1721	
0.727040	-0.202243	956	
-0.595377	-0.516196	299	
-0.317253	0.749968	1090	
-0.520510	0.643473	5204	
-0.502941	-0.682853	5335	
-0.453433	0.750455	4533	
0.660000	0.578628	4409	
-0.557273	0.735568	5140	
-0.833544	0.457463	502	
0.547068	-0.778895	5224	
-0.708900	-0.689638	2229	
-0.176388	0.364491	1418	
-0.172714	0.370428	3906	
-0.171327	0.504377	2443	
0.416937	0.480140	3442	
-0.646159	0.149098	5293	
0.578513	0.124259	453	
0.587599	-0.238896	1568	
0.387917	-0.253264	3462	
0.566650	-0.189916	4458	
0.379630	-0.052080	2027	
0.561931	-0.156313	5687	
0.475835	-0.163055	2020	
0.526014	-0.105075	2454	
0.524523	-0.072573	4419	
0.522682	-0.109743	2454	
0.528940	-0.039619	5053	
0.535264	-0.162851	5291	
0.442118	-0.017842	4910	
0.380542	-0.142342	1882	
0.490820	0.086589	2238	
0.480590	-0.328536	1350	
-0.269053	-0.275835	1235	
0.186230	-0.409861	5474	
0.106429	-0.681793	1773	
-0.430282	0.626322	4733	
-0.079554	0.725925	1665	
0.648246	-0.422557	2359	
-0.570806	0.586524	3544	
0.767685	0.272302	1270	
-0.376134	0.760365	548	
-0.801730	-0.314829	4408	
0.521058	-0.706501	4138	
0.912726	0.113957	2996	
-0.806682	-0.447148	4277	
-0.262988	-0.913664	5348	
0.588564	0.747026	334	
-0.285808	-0.946532	3667	
-0.238181	0.559357	282	
0.412395	-0.460688	2508	
0.443875	0.458946	2172	
-0.167044	0.490882	2626	
-0.104535	-0.657145	2194	
0.113446	-0.425675	522	
-0.190988	-0.245458	4210	
0.320729	0.020571	3399	
0.612375	-0.038714	2354	
0.523784	0.040619	2421	
0.424924	-0.161120	1793	
0.539190	-0.017104	2856	
0.472185	-0.160229	2020	
0.503483	-0.036060	4476	
0.441507	-0.093371	1954	
0.551477	-0.138800	987	
0.432708	-0.007248	4183	
0.370203	-0.097908	2205	
0.623899	0.007296	2411	
-0.125484	0.499598	2182	
-0.290429	-0.160496	4847	
0.475550	0.170764	4211	
0.244276	-0.640390	5651	
0.638583	0.411156	1164	
-0.730627	-0.028796	4001	
0.677556	-0.370329	3526	
-0.462173	-0.664509	5030	
0.727145	-0.368811	3162	
-0.209182	-0.815324	2332	
0.821761	-0.187758	2654	
-0.696305	-0.535162	4262	
-0.833136	-0.255015	2675	
-0.732902	0.557832	4131	
-0.910461	-0.273260	869	
0.950097	0.024597	874	
-0.516119	-0.843529	1037	
-0.309405	0.613967	3471	
-0.487863	0.477382	2170	
0.451304	0.389491	2347	
0.393280	0.387901	655	
-0.168055	0.610410	3402	
-0.651143	-0.032850	2208	
0.214975	-0.207408	3910	
0.436079	0.070584	3561	
0.423092	-0.254900	3142	
0.596319	-0.101195	1782	
0.388199	-0.110957	2061	
0.532780	-0.165379	5291	
0.564381	-0.063465	5483	
0.565113	-0.085212	840	
0.494221	-0.180639	3805	
0.447873	0.004376	4942	
0.377376	-0.053858	2027	
0.624266	-0.120415	2591	
-0.293607	-0.569252	3413	
-0.499886	-0.143353	3782	
0.406048	0.166334	5040	
-0.590846	-0.413447	1248	
-0.469807	-0.575849	3147	
0.695426	0.219063	3339	
0.343772	0.681622	1124	
-0.478448	0.653106	1432	
-0.579911	-0.584417	1807	
0.566507	-0.620686	4983	
0.813810	-0.220436	2685	
-0.724861	-0.495552	3647	
0.852820	-0.345092	5707	
-0.410496	0.826273	5488	
-0.873770	0.374510	5209	
0.717583	-0.624514	709	
-0.773249	-0.616605	4310	
-0.319315	0.623467	3471	
0.435652	0.378914	706	
-0.192648	0.548148	837	
0.378120	0.401773	655	
-0.218109	-0.217766	423	
0.241070	-0.108411	439	
0.408441	0.061147	3641	
0.349065	-0.024678	1157	
0.533314	-0.227412	932	
0.596213	-0.034009	1716	
0.501598	0.037530	2409	
0.570358	-0.181586	4529	
0.498596	-0.242437	2861	
0.317115	-0.051505	1245	
0.593632	-0.214286	1828	
0.094226	-0.332051	2026	
-0.203667	-0.633209	4503	
0.270624	-0.345327	400	
0.106612	-0.681771	1773	
0.502983	-0.558004	3234	
0.706734	0.172114	3101	
0.589317	-0.489035	4102	
0.727885	0.253635	999	
-0.053546	0.807803	3725	
0.078788	-0.808212	2410	
-0.195197	-0.820496	2684	
0.709107	0.517426	5477	
0.850632	-0.184000	3726	
0.240117	0.889058	4342	
-0.148478	-0.915068	5396	
0.024114	-0.950039	464	
0.508676	0.847795	1904	
0.548184	0.224172	5102	
-0.170564	0.617221	3402	
0.397378	0.421702	1444	
0.123944	-0.282595	3478	
-0.361806	0.276353	3677	
0.378689	-0.245259	3826	
0.378161	-0.213929	889	
0.372627	-0.010310	5136	
0.414049	-0.004037	4367	
0.553661	-0.208448	5082	
0.331743	-0.100528	3691	
0.271811	-0.070534	1047	
0.319879	0.021659	3399	
0.221753	-0.208124	3910	
-0.284533	-0.312669	844	
0.414729	0.165763	447	
-0.109879	-0.694053	846	
-0.643957	-0.403122	913	
0.731318	0.019667	3159	
-0.083442	0.745204	1374	
0.763700	-0.098288	1297	
0.595590	-0.564598	2959	
-0.800019	0.148069	2321	
-0.814360	0.215173	2682	
0.293703	0.802401	3766	
0.287527	-0.822372	2904	
0.914219	-0.101532	5332	
-0.897329	-0.200381	3490	
-0.662308	-0.683253	5464	
0.937819	-0.154043	2013	
-0.599607	-0.247539	361	
0.354825	-0.388448	2340	
-0.047890	0.663058	1131	
-0.273422	-0.289861	1626	
0.216936	0.257127	3581	
-0.593832	0.258817	1667	
0.244790	-0.039727	5489	
0.324319	0.045270	3645	
0.251451	-0.136164	451	
-0.580877	0.273492	1928	
0.166760	-0.216782	5187	
-0.417452	-0.126891	1294	
0.380171	0.539258	2442	
0.415414	0.194936	5702	
0.364206	-0.621959	5686	
-0.532748	-0.526126	3633	
0.703225	-0.217949	2307	
0.741163	0.107378	3690	
-0.561456	-0.548631	969	
0.644788	0.507491	2714	
-0.730570	-0.377640	2899	
0.041674	-0.811245	3235	
-0.362729	-0.763631	3747	
0.633138	-0.604755	429	
0.521497	-0.706163	4138	
0.714801	-0.581975	2109	
-0.919256	-0.007834	2893	
-0.896244	-0.317553	3720	
0.856487	-0.412355	4321	
-0.540912	-0.827825	770	
-0.006693	-0.988588	2903	
-0.313979	0.619290	3471	
-0.479923	-0.422454	5126	
-0.187135	0.598910	2140	
0.413539	0.492345	3321	
-0.274294	-0.291608	1626	
0.140639	-0.568472	2405	
-0.243553	-0.141028	5308	
0.235967	0.296901	3019	
-0.100358	0.300609	2514	
-0.400144	0.350400	4404	
0.298095	0.217796	4178	
0.175922	0.655572	894	
-0.317290	0.612138	1081	
0.252378	-0.638860	5376	
-0.507139	-0.547175	1304	
0.726606	0.068954	3344	
0.295214	0.696385	2153	
0.582594	0.527284	5698	
-0.642655	0.475646	4427	
-0.802590	0.116773	2334	
0.002319	-0.812789	2008	
-0.822647	0.180054	2647	
-0.818960	-0.256692	5492	
0.220073	-0.841448	4753	
0.463876	-0.797347	929	
-0.850910	0.353722	5737	
-0.950038	0.025868	312	
0.510414	-0.803296	854	
-0.755665	-0.638092	1552	
0.011454	-0.988573	3610	
-0.312734	0.618156	3471	
0.434379	0.378051	706	
0.440289	0.466446	2172	
-0.153142	0.622575	2710	
0.227118	0.635422	1209	
0.405585	0.430104	2497	
0.393470	0.416195	1349	
0.416055	0.445301	2118	
-0.015198	0.668758	1612	
-0.433260	-0.383006	2679	
-0.310478	0.615826	3471	
0.299367	-0.637632	3722	
-0.632443	-0.421445	814	
-0.609574	-0.451401	4125	
0.012741	0.733658	4181	
0.737138	-0.176069	2371	
0.768071	-0.039031	2099	
-0.255238	0.765014	3781	
0.418065	-0.711063	2066	
0.810923	-0.180011	2654	
0.438587	-0.730371	4462	
-0.863551	0.088768	4176	
0.688813	-0.538847	4556	
0.900153	0.192279	5163	
-0.840882	0.373152	5632	
-0.919931	0.239043	762	
0.687294	-0.657900	371	
-0.839912	-0.522278	4725	
0.023443	-0.988379	3610	
-0.322148	0.615148	1081	
-0.309030	0.613293	3471	
0.302349	-0.371197	5542	
0.541450	0.221490	5198	
-0.470555	-0.207286	2803	
-0.309198	0.611719	3471	
0.614732	0.322697	1122	
-0.641551	-0.245724	671	
0.443515	-0.557081	4518	
0.062053	-0.727548	2071	
0.606998	-0.422445	871	
0.523152	-0.535011	3084	
-0.613627	0.412952	2874	
0.743101	-0.146711	1360	
0.515226	-0.595653	2991	
0.674366	-0.447274	2774	
-0.753921	0.303640	3913	
-0.317649	-0.752679	2737	
0.311834	0.784459	3053	
0.762925	0.372133	2449	
-0.600658	0.639118	3928	
0.795687	-0.355043	2754	
0.672533	-0.631047	765	
-0.820038	0.417245	5165	
-0.761020	0.570497	653	
0.396163	-0.864709	5143	
-0.975454	0.160646	3272	
0.616296	0.307707	3507	
0.623098	0.322349	1122	
0.610976	0.307879	3507	
0.621093	0.311952	3507	
-0.587984	-0.416646	1248	
0.458861	-0.538458	780	
0.681921	0.100653	825	
0.578305	0.484226	5208	
0.689208	0.246911	5116	
0.463180	-0.598679	3986	
0.569278	0.492851	5616	
0.495345	-0.566319	3860	
0.744642	-0.138080	1451	
-0.691947	-0.375128	1167	
-0.433802	0.690535	2070	
0.809255	-0.014991	3089	
-0.193854	0.788644	5404	
-0.780564	-0.321271	3349	
0.496038	-0.694194	3965	
0.341732	-0.802463	3851	
0.720578	-0.493768	3492	
-0.463298	-0.795986	3394	
-0.668711	0.634538	641	
-0.195322	-0.929847	2516	
0.070726	-0.947693	5250	
0.793218	0.525888	3576	
0.615067	0.307134	3507	
-0.541589	-0.458239	852	
0.418815	-0.584216	1193	
0.601960	-0.356769	4403	
-0.077062	0.689301	1624	
-0.696700	-0.213938	3602	
-0.068335	-0.731730	5296	
-0.491946	-0.559206	3166	
0.621102	0.436551	4784	
-0.596384	-0.466077	3979	
-0.256978	0.708964	3233	
0.540205	0.565672	4654	
0.488717	0.608508	3869	
-0.789384	0.164896	1789	
-0.807474	-0.060290	2748	
-0.707997	-0.428120	2088	
-0.234712	0.808119	4808	
0.619887	0.585022	3266	
0.464999	0.739349	4648	
0.665106	-0.568918	1423	
0.814694	0.431761	4104	
-0.321552	0.862005	3713	
-0.799365	-0.460423	1505	
-0.541519	-0.782021	1030	
0.949512	-0.040567	1080	
-0.644851	-0.749721	1749	
0.351375	-0.628573	5686	
0.694558	0.027268	3833	
-0.295909	0.680430	3958	
-0.430487	-0.603325	3689	
-0.438188	0.620406	4534	
0.645458	-0.357413	4035	
0.622681	0.434449	4929	
-0.622086	-0.435923	4125	
0.746224	0.071374	3344	
0.731183	-0.199446	956	
-0.728079	0.254662	1943	
0.005422	-0.785980	1827	
0.257014	-0.765848	2818	
-0.693912	0.428448	2428	
-0.576788	0.589723	3544	
0.819714	-0.188666	2333	
-0.043059	-0.840741	2073	
-0.775390	0.335798	387	
-0.416732	-0.767086	3137	
0.861117	0.123258	2461	
0.765945	0.515032	4278	
-0.826970	-0.411607	2185	
-0.872893	-0.377737	328	
0.486202	-0.818079	4428	
0.345341	0.885841	745	
0.611901	0.318192	1122	
0.477290	-0.517293	2407	
0.393946	0.626822	3167	
-0.241358	-0.697153	1199	
-0.725660	-0.076125	3229	
0.645078	-0.358085	4035	
0.627376	0.428041	4929	
-0.500451	0.561168	5342	
-0.746482	-0.064946	3168	
0.690424	-0.316099	3172	
-0.140923	0.752298	286	
0.765471	0.055465	3219	
-0.488310	-0.646092	4627	
-0.302440	-0.754353	2389	
0.794525	0.162168	3416	
0.127085	-0.801545	4756	
-0.770729	0.342613	387	
0.811836	0.226153	4185	
0.314583	-0.812465	5253	
0.373046	-0.790572	4228	
-0.784623	0.379834	3108	
0.138323	0.909105	5653	
-0.809832	-0.441245	4277	
-0.618850	-0.722645	4052	
0.792445	-0.525602	5437	
-0.840428	-0.521433	4725	
0.596335	-0.365803	4705	
-0.339858	0.670798	3210	
0.051603	0.733218	5366	
0.725423	-0.118131	4999	
0.532056	0.526084	5356	
-0.588766	0.450578	1909	
0.591657	0.496969	3494	
-0.565117	-0.535643	723	
-0.026321	0.766735	3315	
0.696244	0.362665	3938	
0.685741	0.438189	2089	
-0.484376	-0.657850	4627	
0.252510	-0.771943	3542	
-0.117007	-0.805753	2042	
0.838713	-0.054610	3078	
0.065093	-0.838418	4638	
-0.842191	-0.036373	4302	
-0.681797	-0.553314	3303	
0.867938	-0.059920	4433	
0.831575	0.397407	4337	
-0.918219	0.071153	5212	
-0.713842	0.628812	4535	
0.340967	-0.887582	5525	
0.844059	0.438807	5241	
-0.281102	-0.947921	2135	
-0.532700	0.523931	1328	
0.130202	-0.715937	1456	
0.696708	0.213633	2740	
0.086123	0.730816	325	
0.041947	0.733573	3182	
-0.682118	0.328598	1950	
0.663986	-0.394965	3237	
0.176950	-0.745635	962	
0.738832	-0.281376	2124	
0.552938	0.599970	3698	
-0.768456	0.256797	1978	
-0.787442	-0.191694	5619	
0.189399	0.792400	1317	
-0.216193	0.788437	3008	
-0.732373	0.421084	3347	
0.496990	-0.693449	3965	
-0.441427	0.739402	4460	
-0.838832	-0.233303	2657	
0.851876	-0.178181	3726	
-0.826017	-0.409105	2185	
-0.708573	0.588923	5451	
-0.525319	-0.758898	2986	
-0.692812	-0.652534	372	
0.717444	-0.624652	709	
-0.936623	-0.316586	542	
0.037808	-0.987906	3052	
0.173201	0.716930	3337	
0.021471	0.752665	3182	
-0.722449	0.220613	1609	
0.677408	-0.369933	3526	
-0.734900	0.232919	1703	
0.614692	0.495662	1120	
-0.295388	0.746675	3282	
-0.225532	-0.776731	2342	
0.267684	-0.765436	3542	
-0.766987	-0.271977	1414	
0.774954	0.245596	1206	
-0.768328	-0.275815	3249	
-0.832163	-0.104448	593	
-0.800236	-0.267023	4804	
0.622670	0.582214	3266	
0.350275	-0.799034	3851	
-0.440390	-0.754072	3291	
0.862287	-0.116391	4099	
0.450469	-0.752633	5237	
-0.040619	0.919198	829	
-0.913169	-0.117361	4730	
-0.460493	0.832705	2083	
0.159060	-0.936762	1173	
0.910776	0.272081	5465	
0.219873	-0.963938	1736	
0.758900	-0.132160	1775	
0.629280	0.478401	1120	
0.687865	-0.408382	3899	
0.613549	-0.539076	5385	
0.408505	-0.713774	2738	
-0.026327	-0.810562	2159	
0.373537	0.726910	2721	
-0.234954	-0.781133	2342	
-0.521517	-0.646243	4202	
0.273246	0.798116	3545	
-0.134895	-0.831835	2456	
0.750534	0.399791	4128	
-0.428279	-0.732397	2820	
0.729196	0.488030	5315	
0.225196	-0.840155	4753	
0.863881	-0.103440	4099	
-0.879429	-0.270255	4095	
-0.482264	0.787506	5200	
-0.782229	-0.489522	4299	
-0.938760	0.148640	5260	
0.154129	-0.937603	1173	
0.940268	0.138422	2217	
-0.556979	-0.817084	992	
0.349742	0.738073	2721	
-0.791833	0.187329	2330	
-0.590890	-0.576641	1807	
-0.514062	0.653979	5204	
-0.710273	0.446336	4641	
0.227893	0.811655	3026	
-0.730367	-0.438686	4439	
0.748632	-0.391606	4184	
0.267495	0.801465	3545	
-0.853860	0.005060	3530	
-0.020648	0.869050	4580	
0.234174	-0.837846	4753	
0.867456	-0.066625	3682	
-0.867067	-0.069694	4647	
0.884284	0.254339	1739	
-0.617284	0.685640	3198	
-0.679005	-0.627316	3764	
-0.944856	-0.094941	1806	
-0.347307	-0.885144	3933	
0.541686	-0.782613	5224	
0.850592	0.425807	5241	
-0.483733	-0.862492	939	
0.182493	-0.971639	3501	
0.370691	0.760521	3871	
0.067682	0.839914	367	
-0.384026	0.757926	548	
-0.834907	-0.113530	417	
-0.850732	0.069936	3735	
-0.304278	0.812326	3223	
-0.364772	0.793758	498	
-0.648799	-0.590773	3448	
0.720413	-0.493990	3492	
0.840658	0.226220	5231	
-0.766213	-0.426025	5316	
0.899250	0.193804	5163	
-0.600788	0.700317	1554	
-0.871862	-0.296669	4218	
-0.321926	-0.862264	5382	
-0.907678	-0.282423	869	
0.024345	-0.950014	464	
0.934185	-0.174644	5092	
0.292109	0.904837	5261	
-0.131703	-0.979822	3206	
0.302939	-0.817313	2904	
0.653185	-0.583047	910	
0.851351	-0.180495	3726	
0.845174	0.207554	5418	
0.681155	0.554217	5623	
0.269041	0.829200	4618	
-0.040189	0.870575	4580	
0.631156	0.672523	4802	
-0.274666	0.878299	5349	
-0.906025	0.156097	5475	
-0.608037	-0.693041	5120	
-0.210370	-0.895554	494	
-0.933422	-0.178748	335	
0.326457	-0.892932	5525	
0.810191	-0.497563	323	
0.826673	0.471067	5047	
-0.792551	-0.591619	611	
0.386873	-0.909978	3262	
0.873830	0.288872	3295	
0.909140	0.139679	2128	
0.867579	0.307618	3765	
0.269444	0.879529	5480	
-0.003107	0.919071	5655	
-0.595668	0.704713	1554	
-0.894388	0.213257	4341	
-0.719165	-0.579874	5515	
-0.378473	-0.839232	2509	
-0.862612	0.397358	5377	
-0.682707	-0.662930	372	
0.315508	-0.896756	5258	
0.855549	-0.414180	4321	
0.848605	0.429838	5241	
-0.960548	-0.233694	4788	
-0.161095	-0.975455	3703	
-0.586715	-0.748095	2430	
0.503199	0.806413	1805	
0.129612	0.941432	5507	
-0.863038	0.398504	5377	
-0.445641	-0.840114	1972	
-0.090015	-0.946118	5560	
0.536792	-0.785944	3843	
0.756620	-0.576249	1189	
0.950292	-0.008245	1062	
0.821694	0.479813	4922	
0.299325	0.902485	5261	
-0.576447	-0.803496	1677	
0.032850	-0.988103	3052	
0.857060	-0.411041	1243	
0.880670	-0.357300	5714	
0.911471	-0.269000	279	
0.932197	-0.184927	5264	
0.948140	0.064343	795	
0.822204	0.478881	4922	
0.519366	0.796489	1805	
0.069877	0.947990	5318	
-0.467189	-0.871535	681	
0.022821	-0.988379	3610	
0.352815	-0.923646	3240	
0.572244	-0.806549	4894	
0.155502	-0.976278	1672	
0.243616	-0.958195	2644	
0.280135	-0.948149	2445	
0.455124	-0.877923	3244	
0.592213	-0.791998	4643	
0.696447	-0.702092	1483	
