time = 11.85	Re = 90
-0.345818	-0.913626	2978	
-0.337546	-0.915482	1887	
-0.298616	-0.929922	3639	
-0.281764	-0.934729	3036	
-0.240300	-0.947414	3080	
-0.210633	-0.955119	3669	
-0.069518	-0.983971	4388	
-0.723826	-0.619375	1538	
-0.698816	-0.648911	4807	
-0.660153	-0.691065	5041	
-0.638951	-0.710895	5505	
-0.620579	-0.726819	4489	
-0.552713	-0.783603	4208	
-0.494886	-0.824051	2311	
-0.257386	-0.936844	1847	
-0.159367	-0.963149	4882	
-0.104196	-0.973096	1184	
-0.036274	-0.981549	3178	
0.108172	-0.988438	3628	
-0.881296	-0.293190	5643	
-0.860306	-0.355963	732	
-0.855280	-0.366781	732	
-0.849033	-0.379743	4836	
-0.814973	-0.456434	3713	
-0.787782	-0.506743	5640	
-0.743078	-0.576835	2083	
-0.702184	-0.630471	4807	
-0.623449	-0.715933	4489	
-0.518920	-0.802266	3787	
-0.419730	-0.863578	653	
0.006668	-0.981255	3272	
-0.884165	0.181808	5629	
-0.896553	0.119040	5044	
-0.900407	0.087891	4342	
-0.903519	0.053609	3099	
-0.907882	-0.041775	5591	
-0.905996	-0.083967	4225	
-0.897506	-0.168583	673	
-0.869720	-0.298465	4123	
-0.841678	-0.379395	5421	
-0.783581	-0.502687	5640	
-0.682934	-0.647057	4899	
-0.615574	-0.717134	4489	
-0.508234	-0.803862	3787	
-0.389116	-0.875201	4971	
0.072403	-0.977318	5527	
-0.556969	0.674822	4375	
-0.548299	0.679699	4375	
-0.594287	0.643701	5243	
-0.632247	0.608661	5477	
-0.683883	0.552916	4409	
-0.723961	0.500876	3267	
-0.786190	0.401827	1811	
-0.836564	0.295238	4377	
-0.878498	0.160429	4573	
-0.897004	0.040178	3099	
-0.896913	-0.120126	4490	
-0.879962	-0.231368	3307	
-0.834871	-0.382073	5421	
-0.729561	-0.579074	3567	
-0.587768	-0.736145	402	
-0.467171	-0.826140	5548	
-0.295967	-0.911896	502	
0.179688	-0.965807	1261	
-0.065837	0.838481	3730	
-0.035539	0.837728	3756	
-0.080790	0.835558	3078	
-0.110431	0.832330	3746	
-0.146355	0.827487	3972	
-0.251337	0.806339	640	
-0.405874	0.751662	3675	
-0.496025	0.704827	2449	
-0.641332	0.592515	5623	
-0.756480	0.444660	2592	
-0.815378	0.333114	4648	
-0.861247	0.207872	4295	
-0.890245	0.061525	5096	
-0.891679	-0.132168	4490	
-0.849869	-0.330153	3114	
-0.775557	-0.499401	5640	
-0.622684	-0.699166	5505	
-0.474003	-0.817456	5548	
-0.254252	-0.923378	5171	
0.079208	-0.969456	4862	
0.334332	-0.933277	5056	
0.758595	0.215164	1704	
0.748258	0.249989	4220	
0.724152	0.320392	2571	
0.702212	0.374728	2818	
0.675000	0.435419	1717	
0.634721	0.508366	1983	
0.525249	0.629605	5398	
0.370813	0.729966	2295	
0.215631	0.792143	3085	
0.068022	0.822673	2685	
-0.154442	0.819337	3177	
-0.348059	0.768119	3613	
-0.528119	0.677994	4128	
-0.701999	0.514773	3635	
-0.828881	0.287226	4938	
-0.889919	0.012826	3029	
-0.878664	-0.197864	420	
-0.799587	-0.445489	4365	
-0.650396	-0.666470	5158	
-0.440359	-0.834197	5610	
-0.269621	-0.914290	5171	
0.054995	-0.966738	3446	
0.264938	-0.943587	4748	
0.447814	-0.624546	4563	
0.386615	-0.647800	5740	
0.434132	-0.628978	4473	
0.551446	-0.550689	3552	
0.678677	-0.369905	4877	
0.752368	-0.182238	2501	
0.778040	0.014413	1657	
0.755830	0.198042	2756	
0.691643	0.386973	951	
0.583456	0.570101	4013	
0.347084	0.738366	2797	
0.141152	0.807762	3426	
-0.089561	0.823487	3078	
-0.281590	0.787714	817	
-0.451036	0.719233	899	
-0.653934	0.567441	4452	
-0.804555	0.337429	5177	
-0.871924	0.124836	4618	
-0.882789	-0.140540	3241	
-0.835347	-0.348719	5425	
-0.707820	-0.591387	521	
-0.489018	-0.798313	4535	
-0.279545	-0.906578	5171	
0.117210	-0.961187	2871	
-0.520385	-0.534404	5433	
-0.555949	-0.496244	4749	
-0.459079	-0.577624	5625	
-0.313176	-0.660971	2343	
-0.070267	-0.730999	4694	
0.166260	-0.716820	4001	
0.410219	-0.634640	5207	
0.590914	-0.501118	299	
0.728298	-0.249251	3222	
0.768267	-0.081694	1153	
0.766154	0.125989	3424	
0.720236	0.303033	2571	
0.608378	0.534810	2066	
0.411233	0.700187	5305	
0.147439	0.802693	3426	
-0.155960	0.812615	3177	
-0.370884	0.752187	2521	
-0.662917	0.553530	4370	
-0.816096	0.303954	4168	
-0.872022	0.106457	4618	
-0.859179	-0.259312	4015	
-0.779555	-0.471186	3877	
-0.616239	-0.692116	5482	
-0.381463	-0.858424	315	
-0.097509	-0.951459	2383	
0.274473	-0.934486	4397	
-0.557302	0.429065	2967	
-0.628394	0.314032	1434	
-0.706706	-0.027528	3940	
-0.641412	-0.278428	562	
-0.564679	-0.480128	1073	
-0.410145	-0.604491	1328	
-0.257381	-0.681322	2649	
-0.015121	-0.731782	1693	
0.218636	-0.698891	1858	
0.420340	-0.626643	5665	
0.645200	-0.414715	1549	
0.759660	-0.117155	1774	
0.761197	0.135859	3424	
0.653454	0.456949	1473	
0.446618	0.676103	3937	
0.090747	0.810438	1767	
-0.184814	0.805243	2030	
-0.469545	0.703257	899	
-0.712926	0.486685	5493	
-0.847536	0.206026	4295	
-0.881914	-0.040824	1966	
-0.805701	-0.410777	4965	
-0.654662	-0.648940	5002	
-0.378549	-0.857534	4971	
-0.150495	-0.939153	5668	
0.259244	-0.935757	4244	
0.486894	0.364873	2938	
0.542729	0.431852	4231	
0.544236	0.435961	4231	
-0.532468	0.457119	1101	
-0.622919	0.318849	1864	
-0.705450	0.003747	734	
-0.607692	-0.343364	4334	
-0.480120	-0.554424	3992	
-0.131563	-0.714976	2258	
0.196633	-0.702391	3229	
0.463871	-0.604669	4795	
0.708157	-0.284283	3220	
0.762398	0.109310	2069	
0.667637	0.420526	4528	
0.377312	0.713716	280	
0.000052	0.816165	2341	
-0.337203	0.760314	3246	
-0.584310	0.623775	3997	
-0.805403	0.317735	4648	
-0.878454	-0.000870	3029	
-0.833493	-0.330845	3114	
-0.675350	-0.622260	5080	
-0.419323	-0.833123	5610	
-0.143481	-0.938138	5668	
0.153430	-0.952344	1746	
0.414355	0.285774	3564	
0.332287	0.323807	4969	
0.324860	0.344978	5717	
0.456647	0.332276	2953	
0.551996	0.406686	3000	
-0.633469	0.297750	1102	
-0.653799	-0.235766	302	
-0.514498	-0.529032	4674	
-0.229301	-0.687865	2636	
0.072830	-0.725713	1817	
0.374998	-0.638406	5615	
0.626708	-0.438937	685	
0.756956	-0.114450	1643	
0.736086	0.232621	4324	
0.541679	0.600175	5146	
0.204068	0.782981	2081	
-0.119089	0.811231	3089	
-0.465774	0.701763	899	
-0.706251	0.490403	5493	
-0.850470	0.182461	4177	
-0.877771	-0.064770	1115	
-0.787025	-0.443168	4365	
-0.604054	-0.696472	1377	
-0.317271	-0.881570	4649	
-0.031117	-0.953794	2538	
0.388376	-0.894464	573	
0.393815	0.282029	4351	
0.318965	0.345346	5717	
0.322809	0.383685	3873	
0.327223	0.384496	3563	
0.327472	0.376416	3563	
0.499134	0.387893	2938	
-0.400851	0.546065	4215	
-0.699765	0.080773	858	
-0.589908	-0.409745	5450	
-0.274447	-0.669306	2046	
0.109825	-0.720039	753	
0.360642	-0.642202	2576	
0.639719	-0.415924	1549	
0.761242	-0.077408	1942	
0.731944	0.241708	4324	
0.587003	0.551754	3568	
0.219576	0.777013	2776	
-0.153203	0.805459	2724	
-0.498608	0.681836	2449	
-0.739162	0.438981	1569	
-0.860652	0.130056	4618	
-0.871940	-0.133647	3241	
-0.770389	-0.472908	3877	
-0.566964	-0.727203	3198	
-0.316101	-0.879837	4649	
-0.002207	-0.953943	5260	
0.414152	-0.882565	5347	
0.581193	-0.800814	3225	
0.453781	0.307412	2862	
0.308506	0.346440	5710	
0.313093	0.408271	2340	
0.317935	0.442322	345	
0.325004	0.462180	1038	
0.336063	0.480388	1334	
0.351151	0.494471	1179	
0.369555	0.503546	1179	
0.389410	0.482207	589	
0.477328	0.364588	2938	
-0.677660	0.181505	749	
-0.589778	-0.393805	3828	
-0.164406	-0.704040	3749	
0.336158	-0.648518	3602	
0.672039	-0.353982	3969	
0.761043	0.089986	3051	
0.624004	0.498494	1161	
0.315935	0.739301	2774	
-0.014709	0.812396	2356	
-0.341205	0.753872	3246	
-0.672111	0.528840	3737	
-0.830921	0.236652	3963	
-0.872506	-0.092193	2732	
-0.772944	-0.463001	3877	
-0.570472	-0.721786	4074	
-0.241122	-0.905589	5377	
0.018494	-0.952781	5260	
0.463128	-0.859028	542	
0.619749	-0.772691	1539	
0.427501	0.285868	2793	
0.307609	0.332042	5710	
0.301132	0.397787	3895	
0.299142	0.425635	2641	
0.287959	0.433065	3231	
0.271650	0.424636	2196	
0.278534	0.440400	3231	
0.295641	0.462995	4609	
0.333416	0.503334	1255	
0.349448	0.520138	1866	
0.384167	0.515219	624	
0.552407	0.434295	4231	
-0.638781	-0.262117	562	
-0.316835	-0.645986	1497	
0.194013	-0.698086	2852	
0.618143	-0.443156	1000	
0.763526	0.000101	1617	
0.686942	0.359133	4866	
0.356283	0.718416	2295	
-0.024683	0.811017	2356	
-0.435231	0.711908	5393	
-0.712146	0.473296	1776	
-0.857924	0.123930	3701	
-0.852890	-0.229050	3218	
-0.696596	-0.584418	521	
-0.450861	-0.806840	5606	
-0.172004	-0.923534	5381	
0.144187	-0.947465	312	
0.504853	0.351595	3668	
0.315328	0.312579	377	
0.290350	0.377461	3990	
0.281990	0.405415	4042	
0.254054	0.388563	4509	
0.227495	0.357156	791	
0.207077	0.326598	975	
0.195825	0.308414	1010	
0.199548	0.324620	975	
0.246485	0.412301	3203	
0.312187	0.493701	1478	
0.359034	0.538035	1666	
0.383351	0.452914	5598	
-0.684241	0.153453	4160	
-0.370983	-0.615840	1015	
0.081685	-0.719165	2094	
0.569447	-0.508297	5009	
0.756481	-0.078621	1942	
0.687351	0.353967	1276	
0.332923	0.728189	2246	
-0.067548	0.808652	2390	
-0.454766	0.700531	557	
-0.761734	0.389734	418	
-0.870116	0.006788	3056	
-0.824052	-0.330102	3114	
-0.622150	-0.669533	5140	
-0.361231	-0.854255	2527	
-0.017171	-0.947271	5523	
0.410682	-0.878536	5347	
0.639144	-0.753817	4420	
0.478816	0.323017	2953	
0.323671	0.296356	4093	
0.280184	0.366597	4568	
0.263808	0.379529	4530	
0.230704	0.347350	791	
0.203372	0.300956	1010	
0.182177	0.238690	3620	
0.176759	0.220306	398	
0.173922	0.210995	398	
0.177643	0.268909	2824	
0.224858	0.382058	4247	
0.300050	0.484495	320	
0.349191	0.547223	1666	
0.343497	0.395174	3496	
-0.605857	-0.327524	1233	
-0.166897	-0.700983	3749	
0.383938	-0.628428	4292	
0.735874	-0.182385	1653	
0.700568	0.317997	1363	
0.437979	0.670635	3937	
0.006227	0.808591	2341	
-0.370200	0.738857	2521	
-0.724877	0.451108	1241	
-0.866010	0.057306	3604	
-0.843502	-0.260465	4015	
-0.686507	-0.594573	5200	
-0.433295	-0.814937	5630	
-0.123670	-0.931700	5584	
0.187494	-0.940221	314	
0.508119	0.347090	3668	
0.325454	0.292723	4719	
0.275882	0.356341	365	
0.252161	0.359323	755	
0.221488	0.321070	975	
0.189713	0.235627	4098	
0.192264	0.166353	5657	
0.230566	0.057628	531	
0.250021	-0.003384	5638	
0.246192	-0.001650	5638	
0.208004	0.098061	5654	
0.166299	0.221075	398	
0.215848	0.371985	1365	
0.326491	0.532149	1642	
0.375916	0.539369	1070	
-0.694387	0.100739	858	
-0.236249	-0.678114	2636	
0.382053	-0.627672	4292	
0.690981	-0.303850	3863	
0.744055	0.166702	3361	
0.525561	0.604535	5110	
0.025507	0.805580	1813	
-0.382683	0.731430	1808	
-0.699513	0.484804	5493	
-0.857823	0.101435	3701	
-0.831746	-0.295073	2965	
-0.689580	-0.587025	521	
-0.429873	-0.814400	5630	
-0.057514	-0.939610	703	
0.285581	-0.918221	4397	
0.458606	0.300330	2862	
0.311552	0.288736	4093	
0.264476	0.331925	1136	
0.236479	0.318844	1313	
0.205089	0.260934	1501	
0.199837	0.170860	5586	
0.240102	0.050322	901	
0.276816	-0.036710	5648	
0.317953	-0.081284	5109	
0.366680	-0.117514	3360	
0.363705	-0.120387	3360	
0.315154	-0.094121	2101	
0.250421	-0.029069	5638	
0.178434	0.293936	3643	
0.322538	0.538592	1642	
0.392057	0.527007	1253	
-0.699639	0.054725	626	
-0.126108	-0.708555	3932	
0.420678	-0.614480	5665	
0.749958	-0.105054	1643	
0.690402	0.336564	1969	
0.290147	0.743489	3899	
-0.078435	0.804618	2736	
-0.546723	0.640797	4456	
-0.788120	0.328737	5177	
-0.867309	-0.049658	1966	
-0.776779	-0.437820	4387	
-0.489852	-0.775418	634	
-0.155538	-0.921655	5301	
0.163779	-0.940032	314	
0.496863	-0.462588	4216	
0.448772	0.291206	3495	
0.296314	0.293426	4093	
0.258101	0.317717	1136	
0.224091	0.287255	1381	
0.203598	0.225899	4098	
0.216502	0.130029	741	
0.265992	-0.003022	856	
0.319533	-0.072208	2482	
0.390334	-0.120146	2600	
0.439489	-0.147110	5424	
0.475467	-0.163533	2385	
0.467621	-0.168163	2385	
0.424680	-0.156963	4940	
0.290090	-0.080997	5627	
0.163112	0.197070	398	
0.296410	0.494679	320	
0.377331	0.543847	1295	
-0.664573	-0.196467	1624	
-0.074778	-0.715858	617	
0.540906	-0.535930	4125	
0.758519	0.015814	5499	
0.550052	0.579903	4522	
0.101423	0.795154	1975	
-0.304558	0.758158	3416	
-0.684583	0.501034	4805	
-0.855456	0.100530	3701	
-0.842888	-0.240588	3452	
-0.612737	-0.672100	5140	
-0.301354	-0.874842	4731	
0.059629	-0.944282	744	
0.381412	-0.885741	573	
0.523522	-0.434485	3739	
0.682766	0.091700	2057	
0.532964	0.350112	408	
0.396854	0.264985	5074	
0.294191	0.286022	5007	
0.254449	0.302755	1313	
0.223406	0.268783	1910	
0.208635	0.185930	5586	
0.236250	0.085474	818	
0.288346	-0.030944	1150	
0.358606	-0.093951	5144	
0.423201	-0.130804	4930	
0.489401	-0.149892	786	
0.521315	-0.147528	2832	
0.543152	-0.141294	2326	
0.544439	-0.152944	2326	
0.516108	-0.178049	2889	
0.371397	-0.135938	3360	
0.184952	0.136835	1359	
0.312299	0.535421	1642	
0.412833	0.509548	1253	
-0.611143	-0.310960	357	
0.167434	-0.699468	4066	
0.664635	-0.350634	3969	
0.744917	0.147133	4026	
0.441290	0.662626	3937	
-0.003920	0.803574	2341	
-0.439864	0.701431	557	
-0.773742	0.352933	594	
-0.863462	-0.083659	2732	
-0.789940	-0.400059	4330	
-0.500251	-0.764329	641	
-0.171364	-0.914656	5301	
0.184316	-0.933914	314	
0.580664	-0.781638	2280	
0.536188	0.340225	408	
0.497478	0.323416	4955	
0.415408	0.265265	5601	
0.336490	0.262718	3903	
0.279851	0.281915	1838	
0.246388	0.283195	1217	
0.217944	0.235563	4070	
0.215187	0.169621	5537	
0.256753	0.040510	1175	
0.299254	-0.036776	3631	
0.373381	-0.097738	946	
0.448135	-0.134037	5271	
0.501968	-0.142109	4959	
0.532052	-0.134649	4221	
0.555788	-0.117224	5486	
0.564959	-0.122268	5486	
0.558543	-0.145324	1588	
0.484030	-0.183217	2587	
0.298839	-0.092797	2101	
0.240544	0.421927	3107	
0.284209	0.597048	3156	
0.561307	0.421365	3722	
-0.137217	-0.704331	3932	
0.488732	-0.579084	1721	
0.756613	0.030754	4436	
0.624769	0.481069	1006	
0.158287	0.781916	3825	
-0.267298	0.767426	4628	
-0.653716	0.536722	3348	
-0.848711	0.125446	3545	
-0.830080	-0.280711	2965	
-0.601060	-0.680081	1377	
-0.307552	-0.869192	5337	
0.085412	-0.940683	2304	
0.530837	-0.811558	1466	
0.496377	0.314326	4955	
0.452590	0.280695	3929	
0.369536	0.254787	5474	
0.309744	0.262636	4531	
0.269544	0.274634	1238	
0.238792	0.259818	1425	
0.220300	0.215981	4437	
0.224006	0.145015	741	
0.261152	0.036195	1175	
0.317803	-0.051062	2482	
0.387999	-0.102309	942	
0.455332	-0.128836	5322	
0.504725	-0.131455	4959	
0.538512	-0.114529	4272	
0.561929	-0.085405	862	
0.575837	-0.067857	1856	
0.584691	-0.072403	1781	
0.573506	-0.130897	1862	
0.470626	-0.183130	2788	
0.205690	0.080406	1151	
0.305758	0.523699	1848	
0.310160	0.591380	2977	
-0.628744	-0.275015	499	
0.192240	-0.691318	2852	
0.675834	-0.325267	3689	
0.707961	0.277591	2072	
0.395475	0.688102	428	
-0.155586	0.792063	2724	
-0.523229	0.652613	3821	
-0.828696	0.205598	3527	
-0.848361	-0.195459	4787	
-0.683988	-0.584448	287	
-0.398529	-0.825585	353	
-0.034089	-0.935572	703	
0.275175	-0.914726	4397	
0.691313	-0.695362	4558	
0.428826	0.257870	3874	
0.379025	0.246963	5474	
0.331745	0.247205	3954	
0.285489	0.256253	1623	
0.257805	0.256216	1932	
0.236002	0.231756	4207	
0.227002	0.184751	4021	
0.243405	0.102266	818	
0.277306	0.015753	395	
0.335219	-0.057733	586	
0.400638	-0.101121	942	
0.457161	-0.120832	2271	
0.511087	-0.114329	5052	
0.539067	-0.090603	4386	
0.556709	-0.055981	527	
0.567316	-0.027717	5693	
0.579675	-0.011838	5693	
0.593002	-0.032271	5357	
0.588316	-0.104527	1849	
0.474847	-0.187372	2408	
0.164914	0.175633	678	
0.299967	0.560740	2668	
0.414167	0.487056	379	
-0.377166	-0.604604	567	
0.343320	-0.635381	3602	
0.736148	-0.152867	1560	
0.655905	0.410760	1224	
0.091948	0.792410	977	
-0.330805	0.744166	3246	
-0.724216	0.436318	1241	
-0.859561	0.023182	3056	
-0.796798	-0.373541	310	
-0.526899	-0.740545	3655	
-0.157475	-0.914502	5301	
0.173171	-0.931594	314	
0.382399	0.233054	517	
0.345123	0.233325	3954	
0.305922	0.236267	1043	
0.278861	0.238406	1040	
0.256637	0.230421	3273	
0.238891	0.201035	4021	
0.236447	0.159570	4560	
0.256812	0.080996	635	
0.291474	0.000987	374	
0.336879	-0.050364	3277	
0.407690	-0.094759	4746	
0.460974	-0.111219	2007	
0.501936	-0.105183	5435	
0.528282	-0.080514	4900	
0.541659	-0.053101	527	
0.553110	-0.013541	4271	
0.561425	0.014157	683	
0.569408	0.031326	4447	
0.593608	0.009224	419	
0.597474	-0.085499	1781	
0.407818	-0.161666	2706	
0.169769	0.289365	3643	
0.232852	0.624052	5592	
-0.410204	0.555513	3507	
-0.019492	-0.717000	1770	
0.611517	-0.435670	3633	
0.745035	0.124287	4026	
0.469174	0.639424	3896	
-0.101342	0.796045	2471	
-0.499821	0.664193	4691	
-0.819239	0.225993	3871	
-0.853334	-0.140003	4349	
-0.684164	-0.578221	287	
-0.396647	-0.822525	353	
0.005010	-0.934477	5475	
0.334315	-0.894638	335	
0.374139	0.210315	525	
0.333655	0.209550	3015	
0.302746	0.205487	1772	
0.282771	0.200467	1386	
0.265087	0.180577	2605	
0.257430	0.158476	4505	
0.262082	0.111160	4718	
0.280124	0.052160	1188	
0.305585	0.003421	374	
0.352237	-0.046755	2642	
0.399219	-0.076270	4746	
0.443773	-0.091780	2589	
0.481859	-0.087812	1931	
0.506944	-0.069608	2743	
0.522671	-0.046552	1610	
0.533048	-0.011231	2213	
0.536742	0.017365	638	
0.544903	0.046697	5191	
0.564799	0.061803	3956	
0.594100	0.034601	2773	
0.582368	-0.141930	1715	
0.280089	-0.085327	5627	
0.286170	0.495384	320	
0.316701	0.592760	2977	
-0.575865	-0.431883	1197	
0.280991	-0.657312	1970	
0.737741	-0.135872	1236	
0.644878	0.431257	4624	
0.174300	0.773376	599	
-0.328140	0.742159	3246	
-0.726803	0.426907	5352	
-0.856799	0.013170	2705	
-0.770153	-0.427036	3709	
-0.491664	-0.762337	634	
-0.133789	-0.915641	5367	
0.245455	-0.915732	1806	
0.632069	-0.736746	4420	
0.385230	0.200548	525	
0.346776	0.193774	1387	
0.315346	0.187450	4327	
0.291814	0.175602	976	
0.279891	0.162174	3478	
0.273873	0.135710	2515	
0.280192	0.092766	5331	
0.290656	0.056725	5147	
0.313456	0.013540	5529	
0.345256	-0.024065	3277	
0.385623	-0.050815	1307	
0.424459	-0.067548	2148	
0.455605	-0.070846	2068	
0.483766	-0.058511	2475	
0.497349	-0.038404	2223	
0.505078	-0.016639	1760	
0.511070	0.010531	2125	
0.516650	0.040979	650	
0.533777	0.072947	4553	
0.558844	0.084690	2860	
0.607414	0.004454	1798	
0.520274	-0.198919	2993	
0.186540	0.120963	1556	
0.207794	0.631978	1137	
0.520942	0.421918	2938	
-0.163780	-0.694683	3749	
0.590092	-0.465188	5117	
0.732424	0.177299	3361	
0.381986	0.690081	428	
-0.119997	0.791467	3089	
-0.523462	0.646167	4111	
-0.808140	0.249811	3554	
-0.824361	-0.273124	2965	
-0.653964	-0.611779	4594	
-0.331090	-0.851014	2527	
0.087520	-0.931776	2304	
0.425969	-0.857796	869	
0.805677	-0.565814	1486	
0.456704	0.213158	2195	
0.403428	0.189680	522	
0.359806	0.172864	4574	
0.332608	0.158931	799	
0.314376	0.143870	1347	
0.307435	0.124325	1347	
0.303640	0.096065	291	
0.308239	0.067630	4498	
0.326083	0.032129	4739	
0.344728	0.004414	3870	
0.370009	-0.018219	2975	
0.399730	-0.034924	2060	
0.426281	-0.040256	2010	
0.446050	-0.034335	1955	
0.458328	-0.021571	2064	
0.469968	-0.006398	2273	
0.478761	0.014759	2103	
0.488358	0.041894	1741	
0.504022	0.075474	4673	
0.535336	0.101200	2777	
0.584093	0.085161	3319	
0.611111	-0.069373	1781	
0.350325	-0.135756	3946	
0.239159	0.430909	2926	
0.150657	0.658083	2524	
-0.605825	-0.314785	1031	
0.243323	-0.668901	1559	
0.707300	-0.234910	3158	
0.669255	0.362493	4866	
0.210485	0.759844	2081	
-0.316647	0.742346	3512	
-0.685559	0.483199	4805	
-0.853061	0.007828	2705	
-0.772337	-0.411074	4330	
-0.465321	-0.775074	5451	
-0.085271	-0.919697	2692	
0.318869	-0.893103	335	
0.751564	-0.622553	1552	
0.577553	0.213112	4984	
0.504288	0.222604	669	
0.446499	0.195804	3073	
0.396630	0.170455	4813	
0.359325	0.148897	988	
0.342015	0.131212	5394	
0.330159	0.108326	4968	
0.329791	0.086313	4968	
0.336051	0.062371	4679	
0.347229	0.042568	5015	
0.364012	0.023903	3588	
0.383072	0.010857	2505	
0.400263	0.004514	1987	
0.414725	0.006662	1883	
0.429784	0.013639	1883	
0.440631	0.024643	2164	
0.453922	0.043907	3395	
0.468699	0.068896	824	
0.487182	0.091660	953	
0.524080	0.117746	2848	
0.577442	0.105390	3350	
0.611747	-0.082007	2226	
0.400397	-0.164965	2706	
0.196908	0.361426	710	
0.146969	0.651712	2138	
0.402781	0.455151	4423	
-0.158763	-0.693768	3749	
0.561520	-0.500642	3979	
0.748622	0.030596	5499	
0.429631	0.658298	355	
-0.025418	0.793385	1725	
-0.519874	0.644093	4111	
-0.807817	0.237838	3420	
-0.831667	-0.225721	2786	
-0.604814	-0.659691	3718	
-0.252484	-0.877422	5603	
0.215939	-0.914222	5609	
0.523203	-0.805052	328	
0.559573	-0.244156	1905	
0.640422	-0.096309	4932	
0.642738	0.067465	1658	
0.585038	0.192042	4390	
0.510951	0.209436	669	
0.444887	0.177501	3106	
0.404780	0.151667	3803	
0.382945	0.127830	3510	
0.369693	0.109690	3814	
0.367983	0.087753	3398	
0.374903	0.075748	2548	
0.385061	0.062669	3155	
0.396234	0.055523	1526	
0.408582	0.055580	1300	
0.420888	0.062648	1300	
0.436423	0.075249	1620	
0.455062	0.089752	950	
0.473330	0.104434	3062	
0.504734	0.123516	2606	
0.555026	0.130421	2775	
0.608337	0.065684	4383	
0.578008	-0.171756	3087	
0.303333	-0.111051	2101	
0.180733	0.330160	2867	
0.191406	0.631191	1137	
0.329653	0.589283	2726	
-0.561358	-0.456994	1001	
0.337646	-0.629490	5458	
0.734798	-0.123845	1199	
0.591443	0.516815	1005	
0.089355	0.783859	1156	
-0.417651	0.698037	1185	
-0.752060	0.367678	418	
-0.848488	-0.091030	2732	
-0.707591	-0.526227	4949	
-0.377547	-0.821554	509	
-0.002473	-0.924016	5475	
0.423451	-0.851343	869	
0.208725	-0.106562	1591	
0.530259	-0.248218	458	
0.635562	-0.103473	4932	
0.626448	0.114328	1436	
0.548917	0.202707	4923	
0.497583	0.190893	1099	
0.467135	0.172365	2507	
0.448625	0.156821	3758	
0.440510	0.142930	3758	
0.442304	0.135381	3447	
0.445080	0.131444	3447	
0.462097	0.135821	3208	
0.487517	0.147004	2400	
0.504566	0.149810	2078	
0.520702	0.150990	2078	
0.561389	0.144865	2402	
0.599369	0.104084	4867	
0.624142	0.003540	1798	
0.575236	-0.181590	3087	
0.409993	-0.173758	3533	
0.219673	0.011382	1263	
0.225057	0.414876	3759	
0.138358	0.650155	2138	
0.176635	0.657646	2056	
-0.604185	-0.313840	1031	
0.200460	-0.680982	887	
0.664592	-0.328325	3689	
0.689523	0.298061	962	
0.222183	0.752420	1664	
-0.348329	0.726372	1933	
-0.752199	0.366052	418	
-0.849233	-0.005435	2453	
-0.735201	-0.477343	2388	
-0.381006	-0.819271	353	
-0.002656	-0.923606	5475	
0.380127	-0.867852	5166	
0.811003	-0.543971	2365	
0.642543	0.035526	1698	
0.570762	0.188744	4050	
0.524343	0.193271	1457	
0.490997	0.178762	1956	
0.466907	0.160619	2712	
0.467035	0.153718	2400	
0.476207	0.152719	2400	
0.491023	0.155297	2712	
0.511840	0.159696	2078	
0.535629	0.159641	1745	
0.566581	0.148987	2402	
0.608662	0.090455	536	
0.626619	-0.011990	1692	
0.593764	-0.156608	2353	
0.474641	-0.205959	2420	
0.272921	-0.092665	5054	
0.145305	0.209395	486	
0.285047	0.528777	2090	
0.095220	0.660280	2603	
0.052858	0.678137	4702	
-0.669558	-0.172052	1768	
0.073200	-0.708335	2094	
0.666657	-0.322922	3689	
0.718180	0.208600	2890	
0.390013	0.677907	601	
-0.188856	0.773462	2055	
-0.635872	0.538362	3348	
-0.847077	0.019444	2705	
-0.762327	-0.420444	3709	
-0.476819	-0.760431	634	
-0.092004	-0.912807	2692	
0.354045	-0.875276	1086	
0.754437	-0.610284	2319	
0.486853	-0.234702	3093	
0.630553	-0.108831	2556	
0.636039	0.059327	1658	
0.608474	0.134740	5445	
0.585980	0.161643	1277	
0.584445	0.158910	1277	
0.600077	0.133283	2554	
0.616869	0.093542	536	
0.632724	-0.016591	2249	
0.600946	-0.154973	2353	
0.516645	-0.221239	4227	
0.334174	-0.137678	3733	
0.235040	-0.054225	5481	
0.146209	0.187513	571	
0.175625	0.329325	2867	
0.266109	0.487228	5175	
0.243223	0.593110	5715	
0.090919	0.657831	2603	
-0.046229	0.669309	4449	
0.077748	0.678002	2980	
0.560959	0.418047	3000	
-0.182725	-0.684658	3636	
0.563373	-0.492643	4844	
0.743759	0.052933	5664	
0.510937	0.596419	4590	
-0.087646	0.786808	2471	
-0.588456	0.585578	2900	
-0.840141	0.077031	2648	
-0.797678	-0.328497	925	
-0.470252	-0.763162	4906	
-0.103124	-0.909946	2692	
0.335398	-0.879642	1086	
0.755667	-0.607229	2319	
0.914303	-0.378365	770	
0.401914	-0.188777	3331	
0.562441	-0.225329	519	
0.602014	-0.174326	2928	
0.616213	-0.137925	2573	
0.596597	-0.175519	2928	
0.586004	-0.188618	3087	
0.511928	-0.226165	4657	
0.385746	-0.169335	3313	
0.286875	-0.111409	3400	
0.175171	0.121397	1556	
0.140640	0.240516	3910	
0.259313	0.481473	1818	
0.216147	0.606841	5645	
0.113478	0.649159	2193	
-0.051885	0.661469	4481	
-0.114228	0.653301	3885	
-0.131257	0.651264	2666	
-0.130010	0.657279	3688	
0.073134	0.679836	4702	
0.544790	0.436764	4231	
-0.371648	-0.599449	567	
0.398882	-0.606707	4322	
0.724023	-0.157253	1560	
0.587581	0.516823	1005	
0.114875	0.775711	1656	
-0.447576	0.679541	836	
-0.820393	0.174128	3053	
-0.815341	-0.265393	2459	
-0.609000	-0.645941	3718	
-0.163438	-0.895872	5719	
0.305557	-0.886341	322	
0.626781	-0.728076	4921	
0.206374	-0.041656	672	
0.221554	-0.066811	1325	
0.215681	-0.041406	396	
0.195007	0.060361	531	
0.131064	0.209121	4378	
0.195896	0.381984	3815	
0.244685	0.578520	5304	
-0.021455	0.657492	4931	
-0.203508	0.604902	866	
-0.258933	0.553010	351	
-0.275413	0.528951	1586	
-0.288327	0.534727	1291	
-0.296900	0.556022	1449	
-0.274743	0.592861	2211	
-0.203426	0.639116	825	
-0.068399	0.680846	850	
0.185665	0.659879	2056	
0.381820	0.558108	1433	
0.489030	0.389166	2938	
-0.608049	-0.300816	357	
-0.213597	-0.672380	2120	
0.536967	-0.521830	2944	
0.722806	0.175127	2711	
0.324066	0.707185	5476	
-0.345177	0.722036	1933	
-0.752153	0.354611	594	
-0.831038	-0.183629	4355	
-0.646151	-0.600909	4594	
-0.239327	-0.872230	4414	
0.187506	-0.909222	5544	
0.574682	-0.762840	1567	
0.143301	0.149627	694	
0.127888	0.230685	4378	
0.202600	0.398904	3707	
0.237395	0.580661	5715	
-0.035313	0.653740	4481	
-0.208646	0.594717	2901	
-0.252035	0.528800	507	
-0.257225	0.507134	5206	
-0.264466	0.494660	5206	
-0.288184	0.509214	1431	
-0.309421	0.557855	928	
-0.217739	0.635083	825	
-0.089055	0.678596	4380	
0.231398	0.645479	5460	
0.260394	0.632440	5568	
0.426143	0.525080	1146	
0.419064	0.460480	4499	
0.554625	0.405633	3000	
0.551612	0.406435	3000	
-0.480422	-0.532125	4122	
0.401704	-0.603646	4322	
0.741750	0.015765	5499	
0.457883	0.631323	3896	
-0.213222	0.762645	1871	
-0.720288	0.411673	4917	
-0.839843	-0.103673	3188	
-0.653238	-0.589978	4533	
-0.265164	-0.861339	4799	
0.185414	-0.907667	5544	
0.574937	-0.760244	1567	
0.169690	0.083105	1556	
0.124935	0.238306	3520	
0.255745	0.502399	4672	
0.126165	0.635681	1568	
-0.125803	0.632990	2623	
-0.238420	0.543153	351	
-0.233816	0.480596	4520	
-0.230363	0.448440	2925	
-0.241914	0.442493	3951	
-0.269440	0.470377	5572	
-0.322738	0.548021	5125	
0.075099	0.686145	4702	
0.064859	-0.704377	4002	
0.726170	-0.134784	1236	
0.592442	0.505424	1230	
-0.176304	0.769652	1977	
-0.652521	0.508977	2652	
-0.841257	-0.036460	4488	
-0.693863	-0.531706	4551	
-0.257355	-0.862658	4414	
0.203413	-0.903451	492	
0.551691	-0.773411	879	
0.896647	-0.387718	770	
0.170750	0.348388	2867	
0.151670	0.625159	1740	
-0.146602	0.622309	2186	
-0.231352	0.533106	507	
-0.218734	0.461575	1646	
-0.210294	0.417417	4345	
-0.219624	0.401537	4455	
-0.238769	0.416415	4062	
-0.279310	0.470958	5170	
-0.323994	0.552816	5125	
0.332259	0.597630	2962	
-0.257629	-0.654534	1523	
0.612363	-0.410532	2739	
0.588444	0.509691	909	
-0.074816	0.781570	2502	
-0.635597	0.527904	3348	
-0.839483	-0.061382	473	
-0.658846	-0.579144	4533	
-0.259908	-0.860051	3205	
0.195641	-0.903022	492	
0.606356	-0.734809	3577	
0.246594	0.489793	5175	
-0.042211	0.647424	4481	
-0.217654	0.562890	453	
-0.205307	0.449458	3680	
-0.195707	0.397724	820	
-0.202577	0.363319	1111	
-0.216318	0.355981	1111	
-0.233497	0.378140	447	
-0.262068	0.437304	4256	
-0.325127	0.519890	5122	
0.459188	0.491352	4987	
-0.339048	-0.615573	990	
0.614687	-0.404809	2739	
0.612997	0.468696	4486	
0.011629	0.781510	1775	
-0.625877	0.537836	2714	
-0.838217	-0.060382	473	
-0.643936	-0.595957	4293	
-0.258005	-0.859195	3205	
0.227954	-0.896073	1806	
0.617759	-0.724550	2816	
0.928188	-0.311493	681	
0.212844	0.589350	5344	
-0.200846	0.577756	2901	
-0.197226	0.452118	3680	
-0.178274	0.383213	843	
-0.183502	0.340233	1003	
-0.197387	0.319113	1088	
-0.221442	0.318262	1683	
-0.236204	0.337208	1762	
-0.248369	0.385580	5705	
-0.301304	0.479519	5148	
-0.181549	0.655536	1865	
-0.102937	-0.697417	735	
0.635053	-0.368503	2112	
0.598191	0.492594	1230	
-0.103266	0.777183	2099	
-0.620396	0.542660	2714	
-0.837680	-0.034088	4488	
-0.619998	-0.622169	3485	
-0.183072	-0.881185	4407	
0.182119	-0.902376	343	
0.634752	-0.709484	4921	
0.930748	-0.300126	681	
-0.207144	0.495105	5576	
-0.171630	0.398170	2234	
-0.161414	0.344111	1234	
-0.175717	0.307641	3382	
-0.195406	0.289593	1631	
-0.219624	0.282427	2084	
-0.242655	0.290790	1557	
-0.252922	0.311755	4264	
-0.255804	0.351616	406	
-0.281072	0.447473	3514	
-0.345416	0.534047	4944	
-0.123469	0.674668	3688	
-0.329175	0.474636	3239	
-0.303510	0.440727	3606	
-0.410033	0.555222	3507	
-0.094132	-0.698389	735	
0.696932	-0.231047	2517	
0.624133	0.442319	3829	
-0.148321	0.770460	3111	
-0.672957	0.475485	1148	
-0.829299	-0.144215	4214	
-0.628941	-0.610400	4293	
-0.149671	-0.887779	5719	
0.260378	-0.886154	3287	
0.653278	-0.692358	5046	
0.245172	0.546401	4424	
-0.198835	0.568410	467	
-0.175669	0.431102	3845	
-0.151664	0.363605	916	
-0.147084	0.317514	2778	
-0.156701	0.290855	4053	
-0.182855	0.270099	5005	
-0.207601	0.259117	3329	
-0.239378	0.259926	4156	
-0.264474	0.267173	1999	
-0.279186	0.277727	1428	
-0.281963	0.296079	4980	
-0.281599	0.312920	4199	
-0.285938	0.318754	4199	
-0.294462	0.318933	4199	
-0.310288	0.311016	407	
-0.327965	0.306777	434	
-0.354299	0.305656	5590	
-0.366991	0.312440	5590	
-0.325621	0.332430	5127	
-0.393289	-0.580992	574	
0.344625	-0.612368	2968	
0.735909	-0.031419	4532	
0.470684	0.616271	3686	
-0.238997	0.749404	4820	
-0.741922	0.358169	5049	
-0.816307	-0.213207	3489	
-0.565433	-0.672950	4164	
-0.095415	-0.896775	2692	
0.329066	-0.865742	3490	
0.684365	-0.662675	728	
0.956920	-0.213790	4361	
0.170282	0.360760	3817	
-0.199660	0.505796	2757	
-0.153798	0.398438	2234	
-0.132748	0.337265	2778	
-0.127257	0.301416	3637	
-0.138047	0.275584	485	
-0.154359	0.257838	432	
-0.178107	0.245194	4632	
-0.216850	0.236649	4085	
-0.243173	0.234602	4846	
-0.279417	0.242601	1022	
-0.304573	0.252736	827	
-0.324279	0.260307	839	
-0.341837	0.264846	359	
-0.365366	0.272303	4711	
-0.384748	0.281255	4494	
-0.408919	0.297949	3831	
-0.429128	0.318698	4046	
-0.432757	0.339243	590	
-0.356657	0.480511	2972	
0.008621	-0.703577	1945	
0.572960	-0.462223	5117	
0.686261	0.268340	2207	
0.168113	0.754002	5155	
-0.451269	0.666651	5333	
-0.818451	0.129736	2633	
-0.762579	-0.380439	3838	
-0.448742	-0.758628	3298	
0.031613	-0.906195	5413	
0.475270	-0.804280	3931	
0.760607	-0.580334	775	
0.978996	-0.118949	3667	
0.144869	0.316820	4081	
0.110364	0.629544	1828	
-0.195821	0.549797	467	
-0.160852	0.433682	2910	
-0.121018	0.361342	2883	
-0.096167	0.321991	3645	
-0.085060	0.300500	3399	
-0.086394	0.282491	5267	
-0.093322	0.266417	5267	
-0.107429	0.252357	5594	
-0.128556	0.238367	5249	
-0.165091	0.223514	877	
-0.209537	0.213349	5484	
-0.252935	0.212946	4631	
-0.283455	0.215794	2807	
-0.314483	0.222137	1127	
-0.354480	0.238478	1287	
-0.393247	0.259896	4494	
-0.433136	0.292976	3783	
-0.462553	0.331136	1202	
-0.445224	0.356034	590	
-0.411884	0.556849	3507	
0.331430	-0.613458	2968	
0.706184	-0.192119	1059	
0.594220	0.492762	1230	
-0.094322	0.773418	2099	
-0.652228	0.497039	3934	
-0.831703	-0.060577	473	
-0.710965	-0.485115	4412	
-0.302751	-0.832781	3742	
0.131577	-0.901182	3041	
0.557230	-0.755460	879	
0.904067	-0.344878	1037	
0.984042	-0.077115	2080	
0.018553	0.201176	1340	
0.215078	0.574807	5344	
-0.129559	0.611628	2411	
-0.173679	0.476064	2238	
-0.121947	0.387165	3314	
-0.089796	0.349084	3776	
-0.061610	0.328555	1842	
-0.042869	0.316648	4650	
-0.026780	0.309735	1245	
-0.012958	0.302619	5336	
-0.015091	0.290934	4446	
-0.027207	0.274677	4446	
-0.040576	0.262297	1837	
-0.081712	0.240750	1134	
-0.138765	0.215046	1278	
-0.181903	0.199548	5374	
-0.219864	0.192197	5135	
-0.277837	0.196332	2625	
-0.359633	0.226440	1287	
-0.430092	0.273779	1372	
-0.481198	0.338396	1202	
-0.417529	0.346084	4025	
-0.119677	-0.692792	3932	
0.594659	-0.424650	3338	
0.705422	0.201178	1494	
0.279548	0.715224	3237	
-0.286397	0.730560	3280	
-0.766766	0.292938	4593	
-0.815227	-0.192751	4355	
-0.542557	-0.686827	4164	
-0.107201	-0.888669	3028	
0.328309	-0.859751	3068	
0.704643	-0.634614	5407	
0.946305	-0.223958	4194	
-0.272140	0.133882	4328	
-0.209893	0.118953	1799	
-0.116847	0.166087	1376	
0.056613	0.217261	575	
0.200571	0.427564	3209	
0.026743	0.638140	2591	
-0.182043	0.553568	457	
-0.154251	0.452700	2910	
-0.106119	0.385749	3314	
-0.068149	0.355520	1842	
-0.035174	0.346448	1157	
-0.002624	0.346280	3278	
0.023446	0.351329	2643	
0.038618	0.351412	3691	
0.053479	0.353152	3691	
0.060397	0.347974	3500	
0.058304	0.333296	3824	
0.049262	0.311665	4781	
0.025942	0.283924	1047	
-0.008510	0.257277	3761	
-0.076295	0.227450	1713	
-0.196976	0.184114	539	
-0.301028	0.194536	1679	
-0.446155	0.279601	1279	
-0.498924	0.360491	1575	
-0.350190	0.474002	2972	
0.396925	-0.593089	4322	
0.724495	-0.100922	4794	
0.608837	0.462375	4486	
0.034486	0.771531	2371	
-0.541570	0.607122	2089	
-0.812220	0.139600	2335	
-0.744983	-0.410196	2937	
-0.430986	-0.763966	4170	
0.011647	-0.900447	4572	
0.466405	-0.803074	3931	
0.770765	-0.558924	372	
-0.652248	-0.003238	2616	
-0.614945	0.178062	3428	
-0.481526	0.242755	2241	
-0.242937	0.128896	691	
-0.007129	0.204685	686	
0.212621	0.453608	2431	
0.025802	0.636619	2591	
-0.179494	0.532263	4259	
-0.136462	0.438922	2771	
-0.085975	0.386305	3279	
-0.046264	0.369814	5136	
-0.008959	0.369702	2027	
0.024269	0.377624	2976	
0.048297	0.390026	2205	
0.073227	0.405591	1882	
0.090288	0.416077	1503	
0.103792	0.424894	1417	
0.116704	0.428453	3336	
0.116800	0.410083	1947	
0.104432	0.371347	3152	
0.078134	0.323154	4713	
0.028730	0.268820	5662	
-0.126364	0.200746	1165	
-0.284051	0.185303	3581	
-0.488318	0.317432	1444	
-0.497835	0.380447	1311	
0.010468	-0.702121	1945	
0.564873	-0.465617	852	
0.697415	0.219796	1500	
0.261789	0.719705	3352	
-0.224291	0.746261	2395	
-0.683269	0.447057	3698	
-0.821094	-0.139514	4214	
-0.649713	-0.571426	4460	
-0.256086	-0.845363	3205	
0.232479	-0.881520	3050	
0.649624	-0.680305	5046	
0.863139	-0.419880	1751	
-0.537731	-0.233338	1900	
-0.611617	-0.175743	338	
-0.652579	0.052544	5287	
-0.436274	0.220801	2783	
-0.084759	0.188235	607	
0.194474	0.423333	3462	
0.039143	0.634030	2267	
-0.173363	0.542040	4259	
-0.134980	0.449303	2771	
-0.075021	0.394928	2601	
-0.034607	0.383717	949	
0.001209	0.388751	1306	
0.033385	0.402761	2061	
0.060597	0.425351	1961	
0.083841	0.445086	1793	
0.099180	0.460868	1438	
0.113451	0.466174	1438	
0.127141	0.475213	602	
0.138162	0.466545	790	
0.138710	0.434611	889	
0.117574	0.376598	2543	
0.065842	0.296781	4871	
-0.112645	0.204148	607	
-0.367453	0.217412	3300	
-0.512547	0.341477	2118	
-0.445797	0.372066	706	
0.295337	-0.623451	896	
0.707351	-0.172894	1059	
0.619527	0.433041	3829	
0.032622	0.769752	2371	
-0.500561	0.633164	3566	
-0.799451	0.183209	2659	
-0.784820	-0.296956	1375	
-0.519257	-0.700519	3622	
-0.070473	-0.889638	3102	
0.317432	-0.858793	2585	
0.703462	-0.628779	5407	
0.946987	-0.205249	4361	
-0.446511	-0.210215	3011	
-0.520635	-0.238509	4967	
-0.631946	-0.137415	4842	
-0.601363	0.209911	2669	
-0.222198	0.129146	2018	
0.148882	0.343601	3389	
0.081536	0.627433	1710	
-0.165997	0.553866	457	
-0.133802	0.457005	2771	
-0.077082	0.406300	2601	
-0.033691	0.395676	938	
0.009747	0.405447	1306	
0.039558	0.424431	2325	
0.060318	0.443977	2156	
0.080833	0.465499	1454	
0.096946	0.482962	1438	
0.109643	0.493342	2257	
0.125953	0.501484	602	
0.142477	0.492504	602	
0.151655	0.470401	954	
0.137693	0.409560	1730	
0.073556	0.300308	4871	
-0.121553	0.198278	692	
-0.414614	0.244413	3921	
-0.523778	0.354343	2172	
-0.409528	0.547501	3507	
0.555417	-0.475858	996	
0.723272	0.104245	4243	
0.359843	0.673843	3351	
-0.100020	0.766600	2099	
-0.649669	0.491800	2201	
-0.824249	0.028397	2360	
-0.716929	-0.461120	1833	
-0.371853	-0.792874	5263	
0.093518	-0.896357	4333	
0.447190	-0.808001	4201	
0.761427	-0.564067	372	
0.973368	-0.071274	2080	
-0.407232	-0.202222	5330	
-0.476584	-0.229873	3275	
-0.573255	-0.230335	1455	
-0.655658	-0.040093	2145	
-0.367665	0.185645	3665	
0.046126	0.224012	575	
0.154532	0.603472	4567	
-0.146232	0.580821	613	
-0.136235	0.471017	2473	
-0.074882	0.416865	2601	
-0.028444	0.411696	4732	
0.002936	0.425834	2149	
0.032787	0.448445	1954	
0.052193	0.468549	2272	
0.065540	0.490402	2129	
0.078295	0.511954	2020	
0.090799	0.522865	3805	
0.107365	0.529451	3805	
0.135304	0.525858	622	
0.155805	0.504042	3519	
0.149466	0.426297	889	
0.067158	0.289068	416	
-0.177590	0.175284	1098	
-0.468099	0.284426	1731	
-0.503364	0.391276	4901	
0.109545	-0.690208	763	
0.654449	-0.309485	2111	
0.629528	0.399939	4180	
0.120144	0.756773	5501	
-0.400032	0.681369	724	
-0.739874	0.340460	4298	
-0.808227	-0.198347	3489	
-0.619094	-0.604276	4608	
-0.222099	-0.853144	2741	
0.200985	-0.883552	343	
0.625901	-0.695254	5046	
0.822624	-0.479318	4052	
0.980023	0.005486	4145	
-0.372623	-0.203300	1960	
-0.429420	-0.217733	4005	
-0.513579	-0.249233	1203	
-0.626799	-0.158775	1131	
-0.549508	0.261431	4286	
-0.041782	0.202713	1389	
0.219622	0.548149	4724	
-0.127003	0.593846	520	
-0.132897	0.476263	2473	
-0.084433	0.431161	4942	
-0.036302	0.423735	5543	
0.000768	0.439442	2149	
0.021777	0.458168	1954	
0.037429	0.485260	2378	
0.042286	0.509676	2062	
0.048074	0.531237	1853	
0.057314	0.545037	4080	
0.072571	0.555637	5291	
0.108320	0.557874	859	
0.166159	0.517748	2735	
0.139400	0.392096	1809	
-0.035010	0.228566	686	
-0.360756	0.208349	3300	
-0.541356	0.351479	3657	
-0.413639	0.558052	3507	
0.560519	-0.464756	852	
0.683831	0.248164	1456	
0.312746	0.694500	5447	
-0.269860	0.728288	4876	
-0.667741	0.462707	1148	
-0.822122	0.018820	1757	
-0.706855	-0.474111	4412	
-0.415680	-0.766293	3548	
0.039734	-0.894085	5413	
0.427191	-0.813811	4218	
0.755638	-0.565425	775	
0.959562	-0.134817	3667	
-0.370919	-0.225035	471	
-0.408099	-0.227167	4849	
-0.467493	-0.243900	2626	
-0.540381	-0.258116	1283	
-0.659984	0.005758	2616	
-0.313103	0.162388	3517	
0.162315	0.374013	3513	
-0.059964	0.620399	2572	
-0.146299	0.515129	3094	
-0.096138	0.452826	5428	
-0.048497	0.440041	5543	
-0.013417	0.453061	2477	
0.004478	0.473122	1914	
0.013358	0.494634	2393	
0.013710	0.516093	2454	
0.021056	0.537738	1853	
0.029699	0.557221	504	
0.059953	0.570311	5291	
0.106880	0.567385	859	
0.171486	0.517631	2735	
0.118383	0.349913	3152	
-0.168873	0.173587	1098	
-0.523398	0.321398	4198	
-0.466876	0.393821	490	
0.439667	-0.577436	4697	
0.727778	0.018498	1139	
0.470937	0.602826	3234	
-0.008800	0.767170	1451	
-0.488101	0.635914	3938	
-0.780704	0.230839	2721	
-0.784421	-0.281422	2528	
-0.518510	-0.695143	3622	
-0.175336	-0.862960	1312	
0.281917	-0.862798	5184	
0.619446	-0.696570	4299	
0.837726	-0.448878	2430	
0.976771	0.024305	3703	
-0.389172	-0.240180	471	
-0.421097	-0.244868	4121	
-0.456588	-0.252495	2443	
-0.512826	-0.266843	1929	
-0.628135	-0.165602	1959	
-0.525944	0.268531	3135	
0.085062	0.254880	933	
0.094328	0.619387	1899	
-0.144609	0.549246	4226	
-0.115373	0.481691	2789	
-0.072265	0.461268	5273	
-0.040150	0.468036	2441	
-0.023415	0.484988	1930	
-0.019296	0.504532	2288	
-0.018831	0.527670	4419	
-0.019304	0.549585	5496	
0.004359	0.573329	840	
0.049316	0.583979	5687	
0.155059	0.552794	3390	
0.156599	0.414591	2974	
-0.060231	0.216650	1690	
-0.516687	0.311211	4107	
-0.529037	0.385367	595	
0.237829	-0.647348	545	
0.724658	-0.049068	3071	
0.607797	0.448779	4385	
0.134315	0.750139	4492	
-0.417206	0.669497	294	
-0.762525	0.277420	3060	
-0.804356	-0.193758	3489	
-0.614343	-0.602806	4608	
-0.264852	-0.832921	3982	
0.110996	-0.888680	4333	
0.498655	-0.774289	328	
0.786059	-0.521038	5029	
0.932497	-0.236280	2416	
0.971506	0.177279	3610	
-0.478333	-0.302290	4891	
-0.487226	-0.298939	5363	
-0.489317	-0.293343	1919	
-0.498329	-0.277945	837	
-0.567795	-0.256407	1422	
-0.652801	0.093336	4763	
-0.103949	0.182844	692	
0.178155	0.583642	480	
-0.117553	0.586587	3082	
-0.131060	0.520042	2588	
-0.097529	0.488276	2386	
-0.071687	0.489948	632	
-0.060541	0.503825	785	
-0.053164	0.522351	5053	
-0.050999	0.547333	4270	
-0.033372	0.569047	5483	
0.033488	0.592780	1857	
0.146196	0.566359	5210	
0.166850	0.429053	3673	
-0.165269	0.170837	1098	
-0.511609	0.304007	4107	
-0.551430	0.363955	3657	
0.301696	-0.615452	4686	
0.718565	-0.091436	3133	
0.541752	0.541139	3627	
0.094340	0.755679	1707	
-0.383336	0.681786	724	
-0.757441	0.285724	3186	
-0.815543	-0.102551	3120	
-0.719964	-0.437647	1833	
-0.383256	-0.778519	2791	
-0.055262	-0.881751	5617	
0.361064	-0.834349	5038	
0.720692	-0.596680	712	
0.911552	-0.290156	1063	
0.970507	0.137052	1791	
-0.579265	-0.319973	2440	
-0.598242	-0.291156	357	
-0.563492	-0.327440	1824	
-0.524660	-0.311483	4857	
-0.539543	-0.284219	1320	
-0.661502	-0.046550	2145	
-0.384484	0.199003	3379	
0.172855	0.399963	3826	
0.041081	0.623274	2267	
-0.126154	0.558056	3082	
-0.114724	0.522973	2588	
-0.094168	0.516292	2244	
-0.083127	0.526157	2856	
-0.073515	0.543691	3366	
-0.056307	0.569690	4204	
0.006222	0.596324	1782	
0.134778	0.577388	932	
0.175660	0.442562	3673	
-0.147049	0.176850	1376	
-0.511051	0.300641	4107	
-0.562615	0.351758	4465	
0.056012	-0.696413	4002	
0.690450	-0.207789	2886	
0.618898	0.412492	5652	
0.166003	0.740263	5155	
-0.318022	0.705054	2836	
-0.730285	0.343196	4223	
-0.816540	-0.055487	4325	
-0.701646	-0.469431	5409	
-0.348569	-0.793608	5174	
0.039912	-0.885473	3712	
0.337434	-0.839840	3068	
0.699161	-0.616593	5515	
0.889734	-0.335917	665	
0.970164	0.086334	3115	
-0.474915	0.446628	4113	
-0.610517	-0.266131	2047	
-0.547535	-0.300361	1327	
-0.609586	-0.218510	1613	
-0.583304	0.248588	1718	
0.012572	0.222744	415	
0.213809	0.531132	4724	
0.033285	0.619751	1802	
-0.073449	0.596526	1716	
-0.074365	0.591297	1716	
-0.057324	0.593995	1716	
0.002099	0.606276	1782	
0.118297	0.591117	5082	
0.196562	0.503104	2945	
0.089260	0.290290	416	
-0.223297	0.157009	974	
-0.564236	0.302069	4136	
-0.562250	0.357101	4465	
0.265805	-0.633206	289	
0.715773	-0.098348	4794	
0.612925	0.426656	5652	
0.183255	0.734526	5314	
-0.280939	0.716158	3280	
-0.695960	0.404480	5620	
-0.815492	-0.020827	2037	
-0.721792	-0.425500	1670	
-0.443677	-0.739201	2699	
-0.100590	-0.870644	3057	
0.288686	-0.852844	5184	
0.559065	-0.731055	4277	
0.851900	-0.407351	935	
0.956887	-0.109379	4886	
-0.675521	-0.118090	1612	
-0.561588	-0.297769	1674	
-0.620351	-0.201882	1756	
-0.622274	0.193313	3457	
-0.153593	0.159988	1378	
0.194158	0.446015	2431	
0.133114	0.599120	5172	
0.018597	0.616668	1782	
0.011115	0.613292	1782	
0.065630	0.608464	1302	
0.146088	0.582624	5210	
0.198595	0.494537	2945	
0.076982	0.273355	416	
-0.271866	0.163536	4401	
-0.559012	0.299844	2292	
-0.582775	0.328119	524	
0.222181	-0.652558	1913	
0.699393	-0.171020	1442	
0.622559	0.393953	4180	
0.246667	0.713281	4035	
-0.277644	0.715827	3280	
-0.675622	0.435445	3698	
-0.811178	0.042135	1317	
-0.751103	-0.352864	4808	
-0.536525	-0.669995	3046	
-0.194745	-0.848022	3063	
0.218195	-0.866799	532	
0.547270	-0.736966	2185	
0.809352	-0.473348	4052	
0.926816	-0.227914	2416	
-0.672163	0.160300	721	
-0.607480	-0.258951	2047	
-0.614165	-0.223473	2320	
-0.666846	0.027823	4755	
-0.485034	0.262418	2492	
-0.210380	0.144865	585	
0.029788	0.232189	415	
0.078877	0.264477	451	
0.029793	0.234570	415	
-0.141891	0.172779	1600	
-0.272831	0.160991	4401	
-0.555983	0.293516	2292	
-0.627281	0.228954	2703	
-0.508417	0.417297	603	
0.400807	-0.580242	4148	
0.712563	-0.103362	4794	
0.623256	0.385627	4180	
0.266699	0.703265	3352	
-0.229130	0.728099	2395	
-0.564459	0.569150	1130	
-0.761406	0.256538	3060	
-0.808846	-0.095735	3120	
-0.693422	-0.474124	5409	
-0.397955	-0.761758	3548	
-0.120909	-0.862818	3057	
0.224332	-0.863253	532	
0.544189	-0.736415	2185	
0.797678	-0.486676	4052	
0.924767	-0.226003	2416	
0.949659	0.230014	1890	
0.921260	0.368761	2728	
-0.586189	0.350329	283	
-0.660082	-0.154365	1160	
-0.636963	-0.192966	1756	
-0.664280	-0.086529	1723	
-0.655471	0.115190	4606	
-0.543909	0.281691	2564	
-0.500061	0.274450	1888	
-0.436420	0.236774	2302	
-0.455221	0.250273	1222	
-0.546358	0.290844	2292	
-0.618275	0.232163	2209	
-0.641013	0.213285	3524	
-0.353585	0.332356	4972	
0.374161	-0.583696	1121	
0.716465	-0.068574	1699	
0.588384	0.472637	4740	
0.270434	0.700557	2729	
-0.139001	0.747023	3221	
-0.452130	0.643640	5235	
-0.759330	0.258323	3060	
-0.805020	-0.120431	2781	
-0.718130	-0.421001	1670	
-0.433499	-0.739248	2699	
-0.141431	-0.856867	4313	
0.243075	-0.857167	2565	
0.507423	-0.756125	5099	
0.793337	-0.489939	2049	
0.912055	-0.257123	985	
0.952711	0.195315	3052	
0.907428	0.398981	1736	
-0.486152	0.441036	427	
-0.688536	0.012439	2948	
-0.662562	-0.135527	1160	
-0.663494	-0.112140	1880	
-0.674145	-0.029893	2559	
-0.670504	0.059997	5294	
-0.662939	0.109427	3923	
-0.659707	0.127778	747	
-0.666554	0.120615	1209	
-0.611092	0.291614	1023	
-0.396753	0.348741	3535	
0.422082	-0.576080	3812	
0.672710	-0.240565	3311	
0.653238	0.295618	1091	
0.410471	0.628018	3837	
0.007581	0.755193	1451	
-0.384726	0.669894	724	
-0.632470	0.488644	2201	
-0.797732	0.103702	2322	
-0.780288	-0.240782	2877	
-0.605810	-0.594267	4084	
-0.352751	-0.780995	5174	
-0.022472	-0.871717	3025	
0.338623	-0.828228	3068	
0.551516	-0.726482	4960	
0.802444	-0.472527	4052	
0.928342	-0.196771	3933	
0.950002	0.197504	3052	
0.892937	0.427798	3477	
-0.399739	0.357876	3535	
-0.486457	0.434814	427	
-0.521928	0.419811	598	
-0.543921	0.396631	595	
-0.490869	0.428325	306	
-0.447074	0.397091	853	
-0.408960	0.537400	3270	
0.214515	-0.653093	906	
0.506727	-0.516790	1248	
0.700169	-0.144730	2451	
0.700284	0.149331	2130	
0.597536	0.448843	5401	
0.324665	0.671842	860	
-0.052348	0.752499	1561	
-0.382190	0.668388	724	
-0.639937	0.474805	717	
-0.779785	0.177727	2345	
-0.790911	-0.182707	3900	
-0.709904	-0.428105	1670	
-0.510296	-0.680594	3623	
-0.217535	-0.832395	2741	
0.042869	-0.872547	3712	
0.326049	-0.829783	3068	
0.571884	-0.710357	4761	
0.802260	-0.469179	4052	
0.921304	-0.213695	4431	
0.959572	0.098601	5560	
-0.428062	0.544987	3270	
-0.368282	0.484594	3239	
-0.425808	0.553801	1122	
-0.409841	0.547025	3507	
0.330662	-0.593541	535	
0.530314	-0.482548	5089	
0.600873	-0.375274	1367	
0.715516	-0.019951	677	
0.668587	0.244843	1251	
0.577825	0.481894	1735	
0.395405	0.632211	3837	
0.202930	0.718463	3172	
-0.083629	0.749078	1654	
-0.349412	0.679782	684	
-0.615767	0.505113	4759	
-0.761878	0.234580	2457	
-0.800697	-0.105861	2781	
-0.738109	-0.359374	3008	
-0.548146	-0.647347	5194	
-0.271761	-0.812219	4003	
0.040960	-0.870919	3712	
0.308449	-0.833346	2585	
0.565465	-0.712844	4277	
0.760147	-0.525536	834	
0.913416	-0.232079	2416	
0.958079	0.006230	5581	
-0.418835	0.548300	1122	
0.396465	-0.573959	4148	
0.536190	-0.468621	996	
0.578181	-0.405964	1471	
0.673515	-0.224171	2886	
0.711905	-0.054230	411	
0.685715	0.191115	1494	
0.600631	0.433249	4666	
0.380819	0.638560	4106	
0.205035	0.716054	4195	
-0.009912	0.750673	1778	
-0.292487	0.698666	2693	
-0.546026	0.575170	1163	
-0.705578	0.362521	4880	
-0.793466	0.097166	1788	
-0.782463	-0.208547	3725	
-0.664575	-0.507003	3988	
-0.438487	-0.726929	3145	
-0.200359	-0.833839	2741	
0.049877	-0.869279	3712	
0.303280	-0.832678	1810	
0.545334	-0.724303	4960	
0.712589	-0.581335	3439	
0.887965	-0.297804	1972	
0.952739	-0.041060	2516	
0.919687	0.317294	2667	
0.532213	-0.471798	5089	
0.635179	-0.306246	1652	
0.711569	0.026839	1139	
0.666501	0.237856	1251	
0.608455	0.397427	4130	
0.466523	0.583086	3234	
0.347835	0.654045	3502	
0.155412	0.727609	5663	
0.009803	0.748252	1451	
-0.154982	0.735635	3159	
-0.381356	0.663775	724	
-0.602417	0.516065	4759	
-0.731341	0.305790	3365	
-0.791999	0.098767	1788	
-0.785716	-0.186381	3900	
-0.687961	-0.463521	5409	
-0.537252	-0.653707	5194	
-0.355229	-0.772862	4745	
-0.053848	-0.862317	3601	
0.162586	-0.860857	4937	
0.454185	-0.774075	3140	
0.691316	-0.602312	5515	
0.873426	-0.328248	665	
0.935978	-0.136711	984	
0.956092	0.101030	4831	
-0.425753	0.555805	1122	
0.579883	-0.398871	1471	
0.709710	0.045021	4779	
0.652462	0.270246	1093	
0.566849	0.489973	4773	
0.446958	0.595098	3234	
0.334052	0.660019	3012	
0.189617	0.717741	3172	
0.006357	0.747410	1451	
-0.174052	0.730520	3714	
-0.373294	0.665639	999	
-0.545968	0.572612	1163	
-0.684825	0.396312	4507	
-0.771123	0.191304	2376	
-0.796426	-0.108261	2781	
-0.754218	-0.303422	4229	
-0.619580	-0.568492	4459	
-0.443639	-0.721998	3145	
-0.213789	-0.828402	2741	
0.024305	-0.867557	3712	
0.259402	-0.842921	2912	
0.518204	-0.739363	4173	
0.724258	-0.565742	3764	
0.891487	-0.283685	1972	
0.946041	-0.079204	2493	
0.927518	0.280608	2750	
0.632290	-0.308344	1652	
0.701158	0.106574	2569	
0.586356	0.454287	980	
0.374809	0.635866	4106	
0.259847	0.691033	2729	
0.121919	0.731686	5501	
-0.088194	0.741658	1060	
-0.307228	0.687483	3165	
-0.418067	0.645780	346	
-0.611657	0.499622	4759	
-0.683152	0.394476	3179	
-0.780319	0.143739	1727	
-0.796276	-0.083038	596	
-0.741893	-0.330848	5404	
-0.651959	-0.520253	3988	
-0.479409	-0.695178	4547	
-0.288737	-0.799172	3347	
-0.018456	-0.862414	3700	
0.195360	-0.852372	4647	
0.493789	-0.749698	5220	
0.684579	-0.604696	5515	
0.856792	-0.356639	1598	
0.937702	-0.107521	5348	
0.952863	0.084556	5560	
0.864373	0.457924	1482	
0.491544	0.557582	3986	
0.379983	0.629149	4106	
0.268095	0.684389	2729	
0.080016	0.734697	2307	
-0.119404	0.733428	2518	
-0.264651	0.698303	3146	
-0.434555	0.634760	5018	
-0.603622	0.503524	3494	
-0.696228	0.361153	3654	
-0.757945	0.212433	1204	
-0.786141	0.090834	1788	
-0.793371	-0.073241	652	
-0.759658	-0.264910	1872	
-0.688109	-0.449079	1572	
-0.537445	-0.645738	5194	
-0.397006	-0.743503	3660	
-0.184107	-0.830662	387	
0.011947	-0.860988	3546	
0.227322	-0.842960	5176	
0.441067	-0.772533	3902	
0.682283	-0.602581	4161	
0.799927	-0.453068	5120	
0.910966	-0.206095	4431	
0.947285	-0.008959	5062	
0.914711	0.310842	2667	
0.812105	0.555968	1460	
-0.205249	0.711475	3344	
-0.270635	0.692221	3146	
-0.340304	0.667336	1303	
-0.507323	0.591936	750	
-0.594028	0.510856	3494	
-0.696312	0.353359	3654	
-0.750262	0.226458	1207	
-0.781193	0.102026	1765	
-0.791652	-0.017328	1655	
-0.785718	-0.127562	3175	
-0.757400	-0.263571	1872	
-0.717185	-0.378609	3781	
-0.615782	-0.561950	3001	
-0.465282	-0.698953	4538	
-0.286023	-0.794068	3347	
-0.065962	-0.851703	3601	
0.084239	-0.858908	4176	
0.257745	-0.834579	2912	
0.408411	-0.785431	3268	
0.622353	-0.656845	4105	
0.743563	-0.531191	3294	
0.873907	-0.309012	665	
0.938219	-0.077816	2493	
0.947332	0.118888	1107	
0.781635	0.607223	3244	
-0.709192	0.316074	3260	
-0.725378	0.280096	3095	
-0.764708	0.159531	1821	
-0.786425	-0.020489	1655	
-0.780622	-0.122289	2086	
-0.746604	-0.278316	1872	
-0.704906	-0.392290	3781	
-0.646616	-0.509427	3988	
-0.584350	-0.591359	3217	
-0.463365	-0.694722	4538	
-0.329725	-0.770343	5093	
-0.228376	-0.810278	2749	
-0.101598	-0.842134	2700	
0.021615	-0.855167	3767	
0.186420	-0.844842	4169	
0.308601	-0.816805	1810	
0.512975	-0.728931	5534	
0.698905	-0.578295	584	
0.813369	-0.422425	2252	
0.905292	-0.209482	4431	
0.940203	-0.027184	5062	
0.941254	0.150994	5369	
0.847717	0.475665	2220	
-0.635973	-0.513929	4114	
-0.590287	-0.574806	2163	
-0.579082	-0.588381	3217	
-0.487609	-0.669111	3544	
-0.467400	-0.684713	4547	
-0.366829	-0.745912	4973	
-0.290935	-0.781579	3412	
-0.176052	-0.819876	523	
-0.105461	-0.836198	2700	
0.028569	-0.849797	3767	
0.120278	-0.847702	3964	
0.258814	-0.825238	417	
0.372417	-0.790113	2657	
0.506662	-0.727156	5534	
0.642243	-0.629410	4405	
0.751640	-0.508355	4126	
0.830213	-0.385089	2986	
0.880793	-0.273291	2989	
0.934174	-0.054406	2033	
0.942036	0.062130	4903	
0.930228	0.217371	316	
0.825581	0.514486	3358	
0.745101	0.645130	2349	
0.058065	-0.838502	3054	
0.069999	-0.839200	3735	
0.078716	-0.840166	3735	
0.100606	-0.840044	3872	
0.148304	-0.836561	3555	
0.170716	-0.834586	4169	
0.227031	-0.825848	5176	
0.282956	-0.813070	2131	
0.385437	-0.778836	3268	
0.477815	-0.736798	5624	
0.578626	-0.674485	5228	
0.695980	-0.568283	584	
0.789873	-0.443830	5064	
0.845127	-0.344570	3509	
0.889907	-0.232551	3196	
0.927853	-0.068253	2033	
0.936897	0.049793	4903	
0.926898	0.206857	464	
0.893594	0.350700	2728	
0.750699	0.625671	3285	
0.491720	-0.716508	4453	
0.501349	-0.712499	4470	
0.540395	-0.689100	5316	
0.584079	-0.658895	5255	
0.607580	-0.641211	4374	
0.621122	-0.631299	3647	
0.695957	-0.557230	584	
0.775787	-0.452967	5415	
0.809073	-0.399655	2122	
0.855200	-0.306827	3394	
0.892409	-0.205232	2119	
0.909152	-0.141281	2730	
0.929140	-0.001212	4047	
0.925871	0.162953	4952	
0.916980	0.233005	5250	
0.892281	0.338701	391	
0.807870	0.531563	2215	
0.641024	0.752510	1578	
0.834750	-0.322660	2935	
0.821554	-0.354581	3284	
0.817177	-0.366302	3284	
0.833168	-0.336500	2935	
0.835283	-0.334960	2935	
0.853548	-0.296466	3385	
0.873408	-0.245810	3196	
0.896424	-0.172384	5382	
0.910306	-0.113549	5716	
0.919003	-0.062406	494	
0.926829	0.091868	5182	
0.916874	0.205028	316	
0.901052	0.289393	5292	
0.876973	0.375159	565	
0.807524	0.527881	5397	
0.696613	0.682418	1513	
0.906343	0.163069	5605	
0.907045	0.169635	5605	
0.909876	0.157184	5605	
0.909767	0.170559	5605	
0.897387	0.251246	591	
0.893127	0.275025	5215	
0.875911	0.342366	340	
0.870591	0.363796	565	
0.850239	0.422342	5521	
0.833233	0.463992	5258	
0.806674	0.518479	5582	
0.701979	0.667419	1513	
0.618383	0.756143	2358	
0.789770	0.518210	5582	
0.797107	0.508206	5582	
0.802547	0.501277	5582	
0.807840	0.494598	5506	
0.802160	0.508229	5582	
0.785026	0.540882	5143	
0.770253	0.567670	5280	
0.752332	0.597000	1594	
0.638509	0.729006	5128	
0.569320	0.792077	1483	
0.521006	0.831993	2467	
0.494512	0.857781	1630	
0.389231	0.892768	4088	
0.406650	0.887188	4016	
0.416893	0.883522	4016	
0.393963	0.898109	4088	
0.373463	0.911498	2427	
0.373999	0.918081	2427	
