time = 277.35	Re = 90
-0.671738	-0.633031	3801	
-0.409145	-0.508675	783	
-0.045180	0.948891	5739	
-0.647019	-0.052627	4602	
0.431823	0.696579	4688	
0.760351	0.214152	4820	
0.570935	-0.002275	840	
-0.438451	0.886089	4993	
0.710806	-0.259935	4035	
0.444494	-0.644099	1006	
0.246975	-0.019491	5626	
-0.400068	-0.627313	3166	
0.715631	0.152249	3714	
0.522636	-0.240756	4724	
-0.596755	0.485276	4977	
-0.687571	0.358996	4339	
0.090685	-0.363978	3398	
-0.790783	0.472563	5606	
0.605927	-0.733639	4428	
0.652305	0.691734	327	
0.434756	-0.170350	1027	
0.679919	-0.170941	3039	
-0.082624	-0.649183	3016	
-0.486501	-0.215381	1280	
0.369888	0.073019	3917	
0.517542	0.008424	2247	
-0.175543	-0.249015	423	
-0.262943	-0.138021	5081	
0.826489	0.271556	4150	
0.366668	-0.107060	2368	
0.249130	-0.056562	4916	
-0.802112	0.338650	3742	
0.255666	-0.494242	5321	
-0.262667	-0.913612	2416	
-0.111121	-0.606539	2226	
0.349193	-0.796767	4753	
-0.424827	0.693593	1995	
0.653024	0.214284	1461	
0.170118	-0.513849	1099	
-0.536699	-0.614939	1944	
-0.883033	-0.350641	5166	
0.950236	0.033776	3035	
0.073812	0.674163	894	
0.443623	-0.025978	2011	
-0.121130	-0.579090	1345	
-0.390042	0.563275	3471	
-0.087322	-0.302864	5109	
0.385092	0.113581	3641	
0.018807	-0.391019	2369	
0.182459	0.794023	2637	
0.296288	0.506763	3113	
0.073066	-0.947140	4831	
-0.179612	-0.240167	423	
0.753207	0.296406	3512	
0.625230	-0.244406	5460	
-0.187465	0.465121	2182	
0.136568	0.830645	3701	
0.279146	0.797500	3554	
-0.641549	-0.557228	4596	
0.366630	0.918267	1042	
-0.009002	-0.287292	374	
-0.140177	0.318768	2034	
-0.543055	0.632329	3001	
0.051912	-0.431189	1620	
-0.200470	0.645154	2513	
-0.791838	-0.363988	3268	
0.967383	0.204074	1074	
-0.238821	-0.806202	3079	
0.543124	-0.098822	3898	
0.959632	0.237800	810	
-0.187398	-0.298435	2779	
0.632583	0.061631	3405	
-0.290321	0.338881	1159	
0.377430	-0.019452	2027	
-0.734608	0.006068	1200	
0.676441	-0.004038	864	
0.117587	0.803371	2322	
0.079227	-0.947053	1107	
-0.442612	-0.195608	3942	
0.213908	-0.611945	1927	
-0.854585	-0.163781	4169	
-0.571093	-0.441194	5688	
0.557135	-0.537998	4552	
0.705569	0.404348	1133	
0.409342	0.899851	1904	
0.278365	-0.012959	3761	
-0.514536	0.293419	4242	
-0.702178	-0.523749	5316	
0.336732	0.564861	3612	
0.745022	0.375960	2677	
0.531337	-0.465744	780	
0.693833	-0.103294	676	
-0.751873	-0.032438	1348	
0.342505	0.016460	1157	
-0.189430	-0.588251	2928	
-0.821879	-0.478566	364	
-0.264190	-0.594412	1712	
-0.697146	0.430064	3716	
0.048366	-0.197047	696	
0.792156	0.361957	4305	
0.557016	-0.392341	1433	
0.116193	-0.326386	1347	
0.109251	-0.435998	3807	
0.093768	0.984264	4389	
0.247869	0.414280	2879	
0.368899	0.497476	2829	
-0.086023	-0.508393	2012	
0.032143	-0.559952	4447	
-0.088232	0.947252	5420	
0.828948	0.122491	3972	
0.583810	-0.056950	987	
-0.820418	0.064904	2647	
-0.832831	-0.388204	4095	
0.296679	0.041470	5639	
-0.389883	0.563756	3471	
-0.268710	0.360454	1477	
-0.747325	0.395696	4366	
-0.185966	-0.781308	2389	
0.685543	-0.712720	2923	
-0.865572	0.103833	3771	
0.882827	0.311146	4255	
0.400446	-0.773817	2904	
0.510865	-0.601016	1005	
0.353039	0.504053	2829	
0.428865	0.496174	603	
0.320305	0.812397	4938	
-0.319491	-0.707468	3220	
-0.625278	0.402367	1322	
0.846828	0.198951	2446	
0.279014	-0.048784	300	
0.096698	-0.199730	5226	
-0.507178	0.511503	3658	
0.516097	0.665103	4805	
-0.273987	0.460930	4037	
0.660296	0.111287	3688	
-0.393236	0.631268	3958	
-0.392185	0.567863	3471	
0.123981	-0.381866	5491	
0.937869	-0.312692	1790	
0.935340	-0.169319	295	
0.297925	-0.750828	3918	
-0.850654	-0.424175	4201	
0.447611	0.752064	1474	
-0.450732	-0.688779	3247	
-0.025664	-0.382396	2204	
0.269933	0.829898	3153	
0.095309	-0.639443	1436	
0.916225	-0.018994	4265	
0.365586	0.256224	406	
0.774975	0.323066	3613	
0.355921	-0.150625	3389	
-0.150670	-0.795906	2357	
0.669701	0.041562	4392	
0.902806	-0.403035	2427	
-0.029546	0.734940	5366	
0.623247	0.587649	4364	
-0.065281	-0.514219	1610	
0.635971	-0.381615	3351	
0.238192	-0.807487	4326	
0.399538	0.685080	3869	
-0.168714	0.710879	2277	
0.350023	-0.081311	3500	
-0.292134	0.944437	4990	
-0.107320	-0.603071	1781	
0.225106	-0.332330	1587	
-0.158141	-0.200064	2310	
-0.906343	0.285546	5285	
0.527139	-0.758068	1689	
0.309628	0.086248	3645	
0.074368	-0.631735	536	
0.522271	0.006491	2247	
-0.606588	0.526539	1458	
0.128901	0.831620	3026	
0.550987	-0.143425	859	
0.000275	-0.814127	3743	
0.292878	-0.666002	663	
0.023163	-0.826596	3743	
0.624151	0.274831	1447	
0.592694	0.053272	1716	
-0.153904	0.856367	4580	
0.623345	0.719510	4738	
-0.663648	-0.001794	4584	
0.308325	-0.119157	4975	
-0.466093	-0.710256	3614	
-0.187348	-0.199742	4468	
0.366083	-0.740590	3542	
0.767412	0.353039	4185	
0.571037	0.247836	1468	
0.169931	-0.709777	1494	
-0.679153	0.276531	2649	
0.312191	0.671588	3230	
-0.547674	-0.549146	5419	
-0.127881	-0.296007	3400	
0.561420	-0.666981	4318	
0.277157	-0.876560	4167	
-0.004098	-0.949993	5452	
-0.184079	-0.209963	4468	
-0.164697	0.746805	2361	
0.096514	-0.631038	1436	
0.742760	0.652804	1540	
0.418000	0.005606	4732	
0.874968	0.338675	4261	
0.286789	0.763134	3060	
0.021521	0.818493	1968	
0.119776	-0.454332	3208	
-0.267240	-0.484174	2531	
0.029091	-0.663816	2139	
-0.207140	0.181156	440	
-0.519088	-0.797799	2049	
0.175220	0.771842	1288	
-0.026335	-0.623088	1692	
-0.294166	0.943802	4990	
-0.068391	-0.662241	5190	
0.275300	-0.020974	5662	
0.188795	-0.511590	3486	
0.410760	-0.570607	4231	
-0.412676	-0.475842	3464	
-0.745114	-0.292606	5619	
0.090299	0.755925	1144	
0.269019	-0.628677	2687	
0.308883	0.420436	3783	
0.260583	-0.913480	5292	
0.255498	0.759414	2721	
-0.262259	0.828852	2965	
0.121579	-0.457698	3208	
0.823465	0.476188	713	
0.571965	-0.320798	2977	
0.358849	-0.271335	4509	
0.307571	0.673469	3167	
-0.250836	-0.807940	3747	
-0.060798	0.986736	3663	
-0.298377	0.942479	4990	
-0.775724	0.285924	2810	
0.209724	-0.395499	600	
-0.660651	-0.148019	2546	
0.131657	-0.683221	1514	
-0.177160	0.783410	3725	
0.049767	-0.637061	1918	
0.278470	-0.057401	370	
0.280773	0.004408	4446	
0.572089	-0.613916	4013	
0.686186	0.446446	836	
0.317693	-0.285499	1136	
-0.293835	0.943887	4990	
-0.312511	0.476651	3059	
-0.281125	-0.906591	985	
0.346103	-0.296904	365	
-0.296544	0.869916	3456	
0.287506	-0.668122	663	
0.088215	-0.521698	3597	
0.244514	0.427871	2302	
0.345434	0.610618	1864	
0.011812	-0.559928	683	
0.565867	-0.013864	840	
0.177961	0.622541	4622	
0.949515	-0.050392	5092	
-0.757689	-0.243023	4879	
0.140997	0.904881	5044	
-0.669081	-0.287256	4440	
0.184655	-0.666270	1773	
-0.908312	0.280725	5285	
0.144146	-0.518807	2078	
0.383114	0.726563	5049	
0.468563	-0.035194	1914	
0.087318	-0.522149	3597	
0.241169	0.754221	2376	
0.869324	0.036715	3682	
-0.938877	0.145097	2383	
-0.448521	-0.749229	895	
-0.319119	0.540712	349	
-0.811649	-0.023786	2638	
-0.919064	-0.025325	960	
-0.680903	-0.237872	1515	
-0.440970	-0.198069	3942	
-0.318834	-0.706180	3220	
0.265371	0.312691	839	
0.370619	-0.163233	1521	
0.563371	0.388562	3507	
-0.615893	-0.609536	2450	
0.510751	0.846569	4611	
-0.834213	0.389233	394	
0.138598	0.690458	1946	
-0.393967	0.569287	3471	
0.650484	-0.653143	4109	
0.341636	-0.238185	791	
-0.177937	-0.159449	5730	
-0.254540	-0.884865	2509	
0.699885	-0.042961	2746	
-0.457513	-0.205108	1373	
0.477703	-0.346474	1412	
0.114327	0.669617	3923	
-0.445673	-0.840825	1751	
-0.093744	-0.864906	3048	
-0.161529	-0.538071	2326	
0.665106	-0.731842	4894	
0.693579	0.493318	4128	
-0.280930	0.758570	4549	
-0.299473	0.458003	2907	
0.253344	0.020687	5489	
-0.095487	-0.727611	1699	
0.406913	-0.573398	4231	
0.394472	0.248385	5705	
-0.254569	0.229682	1917	
0.455347	-0.352336	1337	
-0.625195	0.536688	1458	
0.308811	-0.328477	4969	
0.362699	0.257609	406	
0.061324	-0.916820	5182	
0.332580	0.662326	2934	
-0.027050	-0.248388	5638	
-0.640965	0.509555	3544	
-0.586616	-0.636083	3907	
0.869029	0.044017	3682	
0.746912	-0.320865	3899	
-0.402004	0.574204	3471	
-0.247659	0.957110	1680	
-0.252297	-0.214901	3330	
-0.541834	0.573244	1336	
0.360182	-0.156775	3389	
0.748044	-0.100063	956	
-0.237536	0.805347	2459	
0.617316	-0.149582	1568	
0.385995	-0.079300	1988	
0.364843	-0.215171	710	
-0.261323	-0.207962	4847	
-0.270366	-0.796669	3794	
0.484650	0.018523	2006	
0.842336	0.183927	2446	
0.179874	-0.313328	976	
0.073322	-0.586865	3350	
-0.249182	-0.495132	4657	
0.363492	-0.673994	5457	
-0.537173	0.325791	2233	
0.419291	-0.723308	4919	
-0.372147	-0.761034	4193	
0.384791	-0.590669	3722	
0.291344	-0.100928	4871	
0.279536	-0.016830	5662	
-0.703503	0.220391	4144	
0.284342	0.111208	4946	
0.733380	-0.056301	1562	
0.296622	0.245569	1999	
0.514004	-0.600479	1005	
0.667033	-0.400818	601	
0.707137	0.637533	2598	
-0.645432	0.659571	5158	
-0.712034	0.189567	1105	
0.699587	0.203718	3690	
-0.442232	0.806873	3713	
-0.856500	-0.336521	4676	
0.381229	-0.035912	2205	
0.840530	0.520740	4309	
-0.118364	-0.425890	2589	
0.555368	0.736235	4096	
0.536777	0.830331	4789	
-0.154630	-0.721452	1236	
-0.790806	0.294438	3164	
0.266196	0.615258	2703	
0.768929	-0.414654	789	
0.184232	-0.931976	316	
0.970133	-0.190336	331	
0.824962	0.247423	2461	
-0.115212	-0.532756	5471	
0.724584	-0.334163	2774	
0.561794	0.395234	1122	
0.746327	0.177984	1508	
0.303892	-0.611762	2352	
-0.734608	0.010359	1200	
-0.693604	0.325732	2744	
-0.372948	-0.247600	392	
-0.066368	-0.292096	5229	
0.231701	-0.837601	3396	
-0.928526	-0.200425	1806	
-0.800591	0.038273	1789	
0.503566	-0.807289	5397	
-0.915106	0.255738	5209	
-0.849276	-0.184639	4647	
0.218044	-0.378457	517	
0.226448	-0.332184	1587	
-0.181262	-0.902296	5075	
-0.179432	-0.320547	3435	
0.707383	-0.279423	3352	
0.233041	0.109683	5249	
0.913253	-0.073471	4301	
0.247245	-0.772985	4756	
-0.069858	-0.359291	2028	
0.731431	0.606825	2815	
0.245609	-0.336622	3903	
-0.097600	-0.530448	4900	
0.229621	-0.291592	1040	
0.047084	-0.427093	1620	
0.888212	0.335479	4261	
0.799120	-0.156769	2574	
0.444262	-0.016032	2149	
0.207343	-0.714584	2384	
-0.948071	-0.064545	2304	
0.565867	-0.140085	932	
-0.330874	-0.591214	845	
0.480172	-0.820988	5582	
0.764253	0.274796	3416	
-0.036867	-0.248299	5638	
-0.122818	-0.745940	1643	
-0.336574	-0.889707	875	
0.544555	-0.367096	1673	
-0.365508	-0.877625	665	
0.478433	0.578474	5723	
0.795766	-0.005031	1725	
0.103866	0.650173	5252	
-0.186729	0.160404	746	
0.256457	-0.352065	3903	
-0.040479	0.769456	5312	
-0.318885	0.539085	349	
0.509408	0.084835	2244	
0.027331	-0.297454	4859	
-0.325465	-0.179712	826	
-0.210192	0.532589	4856	
-0.925860	0.214276	5405	
0.615532	0.113546	2411	
-0.631929	-0.391794	5665	
-0.808449	0.060015	2321	
-0.627732	-0.447678	4523	
-0.096916	-0.265931	5054	
-0.880845	-0.357359	5166	
0.116358	-0.529273	2848	
0.416999	-0.564071	4231	
-0.364453	0.215659	720	
0.897229	0.199245	3785	
-0.751690	-0.151095	3317	
0.342370	-0.647274	921	
0.311638	-0.811755	4869	
0.465068	-0.342637	1334	
0.463026	0.706968	1241	
0.158223	-0.482156	2507	
-0.065662	0.849469	2732	
0.440147	-0.668560	1191	
0.359234	0.200474	1111	
0.513819	-0.708598	5379	
0.268918	0.363098	4410	
-0.099305	0.719654	3810	
0.143498	0.800563	2633	
0.695425	0.285094	3165	
0.734685	-0.001056	1778	
0.100675	0.805795	2331	
-0.274628	-0.139618	3521	
0.316877	0.778355	4303	
0.312637	0.210874	1683	
-0.456809	0.270584	1053	
0.014130	0.870549	4382	
0.477309	-0.540902	1108	
0.300795	0.751311	3060	
0.319693	-0.713952	1969	
-0.882025	-0.259235	5184	
-0.161991	-0.426042	4940	
0.758361	-0.572392	371	
0.407071	-0.824341	5013	
0.150336	-0.192109	5362	
-0.224552	-0.272973	3383	
0.596521	0.039044	1716	
0.463963	-0.155421	954	
0.073407	-0.858736	3130	
0.042702	-0.542054	5191	
-0.437121	0.809571	3713	
-0.334779	-0.890169	875	
-0.373340	0.658496	3836	
-0.825196	-0.001101	2638	
0.686403	0.545478	5256	
0.933370	0.182250	795	
-0.252750	-0.626985	2665	
0.347122	0.088647	3308	
0.072428	0.770735	1026	
0.057393	-0.628125	412	
-0.599254	0.701387	5080	
0.220448	-0.368964	1992	
0.984203	-0.093139	1895	
-0.616205	-0.173994	2908	
-0.025550	-0.516918	2308	
-0.811388	0.207371	387	
0.344385	-0.239742	791	
0.145790	0.634302	4606	
0.427633	-0.125263	3336	
-0.195564	-0.138153	5676	
-0.561522	-0.511875	814	
0.264846	-0.676885	1093	
0.949575	0.047368	3035	
-0.394440	0.569669	3471	
0.660784	-0.669408	5114	
0.125282	-0.382615	4826	
-0.410030	0.366493	475	
-0.082328	-0.595123	1856	
0.209539	0.365905	1488	
0.512464	0.799977	572	
-0.101088	-0.983519	1896	
0.468243	0.150103	2238	
0.503175	-0.170930	3519	
0.123824	-0.980804	1791	
0.565128	-0.634381	4174	
0.564674	-0.600421	2534	
-0.668466	-0.122225	2704	
-0.334034	-0.889923	875	
-0.295692	-0.636537	2984	
-0.763370	0.203944	1072	
-0.567863	0.494130	5625	
-0.688874	-0.656661	5240	
0.672729	0.057724	4392	
0.362227	-0.101080	2368	
-0.270735	0.357706	1159	
0.523054	0.695824	2676	
0.004357	0.840634	2037	
-0.513296	0.582287	1215	
0.643408	-0.367217	3502	
-0.759994	-0.353004	4369	
-0.848228	-0.421406	4201	
0.178849	-0.505173	1032	
-0.752958	0.030102	1635	
0.589499	-0.190648	437	
-0.058487	-0.918422	3189	
-0.760381	0.520667	634	
0.216360	0.925103	745	
-0.254105	-0.916787	4431	
0.625659	0.401403	2511	
0.344132	-0.144353	3389	
-0.004945	0.688283	5365	
-0.915796	0.081321	4341	
-0.300415	-0.465062	1083	
-0.605138	-0.193503	2134	
0.293616	0.495140	1888	
0.582628	-0.119736	4458	
0.255225	0.635609	3031	
0.195785	-0.662003	1773	
0.249060	-0.505957	5538	
0.579684	0.036474	1863	
0.467255	-0.632161	1161	
0.364872	0.114180	2883	
-0.141251	0.939368	4985	
0.724533	0.354757	1206	
0.213941	-0.318608	1587	
-0.319442	0.545112	349	
0.058400	-0.728457	4137	
0.409143	0.024721	938	
0.564904	-0.107648	4642	
0.525614	-0.138298	622	
-0.185718	0.194302	5211	
0.934199	0.175524	657	
0.247134	-0.034632	5626	
0.297267	-0.660951	424	
-0.372923	0.873759	566	
0.274527	0.324448	359	
-0.099818	-0.303488	5109	
0.689659	-0.541538	5072	
0.920618	0.238259	1034	
-0.523845	0.758059	5522	
0.809995	0.333169	5231	
-0.069062	-0.947956	2516	
-0.556073	-0.585687	831	
0.844381	-0.211855	433	
0.853470	-0.342715	569	
0.804481	-0.507640	924	
0.561831	-0.502150	3860	
0.304109	0.049747	2100	
-0.842395	0.021850	3546	
-0.319343	0.547859	349	
0.845556	-0.512522	3454	
0.751726	0.071311	1519	
-0.046080	-0.842490	2718	
0.289715	-0.003109	4446	
0.261960	-0.289324	1838	
0.611468	0.211051	3599	
-0.640421	0.161290	2144	
0.698550	0.699925	3224	
-0.731512	0.481152	3298	
-0.095854	-0.397425	4746	
-0.020868	-0.382675	2204	
-0.208645	0.894825	3307	
0.217759	-0.781733	4707	
-0.305091	-0.735565	1976	
-0.038169	-0.284072	1150	
0.068529	-0.394596	1301	
0.605826	-0.277559	5057	
-0.229376	-0.316859	1626	
-0.616131	-0.507147	1019	
-0.776242	0.549903	3787	
-0.022707	-0.735761	1617	
-0.141247	0.621435	338	
-0.800446	-0.455206	3931	
-0.191517	-0.523293	3353	
-0.910542	0.272865	5377	
0.405181	-0.188781	3826	
-0.173860	0.709436	1665	
-0.690683	-0.414935	2179	
0.454659	-0.183653	3142	
0.822781	0.162629	2821	
-0.456361	0.305434	4404	
-0.272275	0.910125	5000	
-0.294017	0.490423	4891	
-0.700469	-0.600823	3650	
-0.439188	-0.843682	935	
0.529928	-0.789713	5280	
-0.785531	-0.040455	1820	
0.254479	-0.680697	2207	
-0.234959	-0.507075	4227	
0.499610	0.004690	2288	
-0.623361	-0.416335	4563	
-0.822175	-0.409180	4218	
0.887059	0.436563	2228	
0.760038	-0.132623	1707	
0.268580	0.268952	1022	
-0.190141	0.161298	746	
0.486725	0.707267	1776	
-0.111023	-0.314821	2101	
0.462785	-0.358171	1337	
-0.899684	-0.188969	343	
-0.168756	0.768230	2752	
0.320805	0.213841	1683	
0.221605	0.027695	686	
0.859314	0.135265	3136	
0.255970	0.834314	3963	
0.282562	-0.012587	3761	
-0.652489	-0.587105	3647	
-0.739321	0.343906	5093	
0.150608	-0.395973	4483	
0.625660	-0.400730	4106	
-0.310877	-0.603675	1210	
-0.457498	0.833074	425	
-0.505181	-0.221888	627	
0.155180	-0.578710	3617	
0.209298	0.333789	1582	
0.558863	0.305396	5125	
-0.259151	0.433411	3587	
-0.137102	-0.772362	1774	
0.617193	0.393786	4765	
0.339179	-0.295928	365	
0.718099	0.066777	1443	
0.119088	-0.792912	2008	
0.278485	-0.010423	3761	
0.540158	-0.452218	780	
0.353243	0.768562	5650	
0.095634	-0.415257	1174	
0.575304	0.244103	1421	
0.163661	-0.794002	2410	
0.918973	0.012639	5332	
0.881188	-0.357334	5159	
0.365020	-0.319291	3990	
-0.006574	-0.950270	5452	
0.292306	0.822626	3529	
0.323549	0.300818	407	
0.264665	0.314454	839	
-0.671514	-0.367768	5674	
-0.304855	-0.469628	1083	
0.396236	0.030712	938	
0.788528	-0.101889	977	
-0.138861	-0.307702	3309	
0.668137	0.354466	5116	
0.273244	-0.537259	1394	
-0.757959	0.303467	3412	
0.049795	0.869509	3056	
0.116140	-0.365516	2827	
0.324382	-0.054358	3824	
0.325668	-0.209732	792	
0.512923	0.256407	5206	
0.573466	0.248840	1421	
-0.487988	0.815796	5518	
-0.521893	0.280466	2966	
0.247037	-0.378738	388	
0.845143	0.433083	776	
-0.632042	-0.391388	5665	
-0.289606	0.167156	4578	
-0.202069	0.660582	1143	
-0.413824	0.624121	3210	
0.588607	0.385488	5634	
0.984311	-0.091885	3193	
-0.165965	-0.535582	2326	
-0.671069	0.147067	5364	
-0.013567	-0.538095	2213	
-0.319097	0.232049	2002	
0.950598	0.017336	5162	
0.437659	0.842646	4356	
-0.935298	-0.167998	5544	
-0.770603	-0.558862	2597	
-0.910517	0.118407	2692	
0.641819	-0.413581	4102	
0.219955	-0.182317	398	
0.629621	0.047807	2354	
0.183046	-0.523339	1457	
0.486323	-0.150436	602	
0.529734	0.488489	5008	
-0.624301	0.404094	1322	
0.708960	0.172723	3344	
-0.087261	-0.299238	5109	
0.800053	0.140753	2724	
-0.717264	-0.333549	3583	
-0.533320	-0.538080	3979	
0.602137	0.480074	750	
0.096994	-0.463524	3644	
-0.696695	0.647860	4489	
0.870818	0.094010	4196	
-0.386266	0.344744	3401	
0.482257	0.658354	2914	
0.326915	-0.068288	4781	
0.396153	-0.660303	3232	
0.308880	-0.812163	4869	
-0.604647	0.734007	4600	
-0.467717	-0.585655	3633	
-0.488566	0.725751	498	
0.967423	0.203705	1074	
0.334125	0.208678	1683	
0.348777	0.852268	493	
0.194134	0.929854	5555	
-0.248366	-0.836187	4848	
-0.143255	-0.939542	4886	
-0.932583	0.180088	5668	
0.415759	-0.565713	4231	
0.083134	-0.444136	892	
0.542232	0.212834	351	
-0.516432	-0.202350	1403	
-0.899816	0.191825	5700	
0.410499	-0.570924	4231	
-0.627624	-0.157589	1618	
0.517543	-0.610833	1005	
0.189079	0.072869	1052	
0.807039	0.056525	2736	
0.565132	0.388040	3507	
0.409690	0.541393	1354	
-0.696411	0.421744	3716	
-0.805217	0.249374	2749	
-0.912397	0.113986	2692	
0.837684	-0.051763	2654	
0.141362	-0.215215	5536	
0.581196	0.058855	1589	
0.230823	0.179928	5541	
0.321477	-0.275552	1136	
0.505460	0.649125	1148	
-0.191164	-0.465740	2385	
-0.939420	-0.140826	314	
0.565399	0.404324	1122	
0.190527	-0.703675	1500	
0.024665	-0.345114	4714	
0.624610	-0.442269	4187	
0.012498	-0.388815	2505	
-0.296537	0.759890	5404	
0.707266	0.250486	2693	
-0.263805	-0.405582	3846	
-0.809219	-0.064935	2658	
0.164553	-0.496054	1099	
0.269702	-0.878863	4167	
-0.234826	0.960351	2350	
0.310942	0.063440	3399	
0.589688	-0.102747	4529	
0.013941	-0.292077	4859	
0.145723	-0.425630	3708	
0.611183	-0.147301	1568	
-0.147765	0.241444	4497	
0.340171	0.481272	2497	
0.549355	0.467537	5709	
0.274707	-0.556654	1394	
-0.630249	-0.394504	5665	
0.041841	0.948674	2382	
0.574385	0.403594	1122	
-0.429606	-0.701098	3415	
0.514135	0.552928	5208	
-0.449643	-0.804435	2252	
-0.746544	-0.171592	3470	
0.467572	-0.357471	1337	
0.527768	-0.169399	2861	
-0.763717	0.093662	1024	
0.260434	0.136705	432	
0.037859	-0.350988	5015	
-0.478254	-0.702455	4192	
0.982698	0.108101	1796	
0.339089	-0.142101	3389	
-0.797590	0.153647	1978	
0.254664	-0.916053	5292	
-0.306591	-0.868263	2989	
0.413957	-0.558056	4231	
0.714867	0.150275	3714	
0.755579	0.429516	633	
-0.648241	-0.075460	3429	
0.778991	-0.318846	4360	
-0.164842	-0.521090	3353	
-0.404424	0.566506	1081	
0.609106	-0.731394	4428	
0.399002	0.203405	447	
0.172743	0.740815	1288	
0.014884	-0.289183	4859	
0.562580	0.398541	1122	
0.392166	0.126837	936	
0.238041	-0.482978	5326	
0.046723	-0.680730	2525	
0.478430	-0.146789	602	
0.111966	-0.514332	2606	
0.628856	-0.528249	3009	
-0.858561	-0.156714	4169	
-0.378236	0.365830	3532	
0.987676	0.042231	4335	
0.665582	0.469663	4691	
0.317968	0.328491	5728	
0.552994	0.039856	4204	
-0.508932	0.680860	5124	
0.400501	-0.096276	1503	
-0.538676	-0.556817	5009	
-0.693254	0.507712	4472	
-0.129881	0.211845	800	
0.947862	0.030917	3035	
0.666582	0.115793	3688	
-0.659688	-0.411594	4840	
0.426342	-0.892035	1482	
-0.642221	0.701801	4838	
-0.307867	-0.464528	1083	
-0.136372	0.742992	3315	
0.032202	-0.437002	3395	
-0.267712	0.718636	307	
-0.652075	0.123953	2203	
0.570951	0.391727	3507	
-0.007614	-0.339646	4076	
0.912531	0.114415	2988	
0.555383	-0.772972	4703	
-0.038859	-0.298109	3631	
0.205815	0.171372	5374	
-0.851338	0.414950	4971	
-0.730524	0.076109	3335	
0.233098	-0.539998	2847	
0.316329	-0.936648	3501	
0.545696	-0.163495	2861	
0.388575	0.155240	843	
0.848596	0.190931	2446	
0.560493	-0.639315	4612	
0.265709	-0.097938	451	
0.237550	0.809923	3527	
-0.403705	0.573423	1081	
0.245180	-0.833597	2800	
-0.170930	0.923443	4948	
0.248658	-0.917121	5395	
0.044420	-0.554193	3956	
0.635498	-0.037439	2591	
0.232498	-0.239249	4070	
-0.307411	0.511475	4893	
0.687322	0.348260	999	
-0.051640	-0.372109	2642	
-0.394748	0.569885	3471	
0.101789	-0.419173	3807	
-0.596783	0.219534	2580	
0.293131	-0.185400	2794	
-0.048100	-0.593844	5357	
0.462529	0.223449	2925	
-0.721788	0.145571	4241	
0.008266	-0.252411	620	
0.343146	-0.731704	2818	
0.207494	0.221962	5319	
0.024645	0.949415	5585	
0.263598	0.651353	3967	
-0.163472	-0.279416	4210	
-0.250592	-0.538470	2105	
0.233987	0.050962	915	
0.664314	-0.732575	4894	
-0.170646	0.248249	4006	
0.109111	-0.435747	3807	
-0.735473	0.603324	444	
-0.745366	0.329781	2428	
-0.069916	0.947122	5318	
-0.149522	-0.225319	1593	
-0.917224	-0.063145	5373	
-0.706869	-0.180019	3229	
0.432307	-0.132924	3336	
-0.160033	0.823768	4355	
0.246101	-0.383251	5474	
-0.587189	0.453961	711	
0.035718	0.842010	2705	
-0.554394	0.677888	4533	
-0.245681	-0.886034	2119	
-0.795569	0.464297	5630	
0.710759	-0.193775	5303	
-0.279927	-0.679535	3301	
-0.269038	-0.200419	4847	
-0.381102	0.870315	426	
-0.294447	0.450180	2907	
-0.240171	0.918671	2627	
-0.326717	-0.264092	2936	
0.789252	-0.595728	1483	
0.839787	-0.230373	2754	
-0.831204	0.093792	2682	
-0.074626	-0.868542	4667	
-0.186463	-0.286814	3638	
-0.270967	0.179879	3630	
-0.278164	0.467183	4037	
-0.787845	-0.004155	1728	
0.044917	-0.572824	5189	
0.666067	0.451452	4966	
0.303415	-0.684753	422	
0.325478	-0.150994	3693	
0.077240	-0.584810	3350	
0.511272	-0.799906	5143	
0.252375	-0.523757	2686	
0.505718	-0.588581	909	
0.281246	0.012055	4446	
0.388023	-0.074082	1988	
-0.203373	0.483761	3275	
0.564740	-0.031227	463	
0.894308	0.421487	1485	
-0.808778	0.171709	4734	
-0.164789	0.710114	2277	
0.496870	-0.364391	1255	
-0.232899	-0.119177	730	
0.715088	-0.391742	2295	
0.369801	-0.042161	2976	
0.574585	-0.313104	3076	
0.467005	-0.596732	1735	
0.722154	-0.619642	4020	
0.071188	-0.610783	536	
-0.168946	0.212871	5580	
0.650824	-0.500823	3886	
-0.157938	-0.482258	786	
-0.171941	0.708705	1665	
0.958294	0.243151	1044	
0.495668	-0.361057	1255	
-0.085405	-0.946510	2033	
0.442715	-0.293081	4609	
-0.299502	-0.452559	5577	
-0.097752	0.861756	3297	
0.027987	-0.257372	1175	
0.457296	-0.077853	2063	
-0.799926	0.456617	5630	
0.384390	-0.055434	2205	
0.271463	0.879437	3042	
0.209028	0.966200	1985	
0.439266	-0.724832	5579	
0.086508	-0.516465	3597	
-0.597013	0.370804	1729	
-0.502143	-0.220984	627	
-0.362311	-0.339918	1051	
-0.683144	-0.250330	1515	
-0.864182	0.096790	3601	
0.059032	-0.501751	953	
-0.403840	0.360075	4030	
0.266381	-0.479371	472	
0.857049	0.195799	2446	
-0.878710	0.278819	5603	
0.325105	-0.892784	565	
0.152098	0.976953	3710	
-0.379561	-0.254869	4927	
0.479749	-0.821400	5582	
0.529184	-0.167715	2861	
-0.021698	-0.498779	2125	
-0.036263	-0.333989	3418	
0.806028	0.073653	2471	
0.933738	0.179269	657	
0.493299	-0.600522	909	
0.294363	0.040078	5639	
0.358666	0.111408	2883	
-0.077405	-0.296387	2482	
0.265527	-0.285934	1838	
0.520336	0.007105	2247	
-0.245864	0.833862	2965	
0.535187	0.536187	4477	
0.190108	-0.196139	5201	
-0.314284	-0.175889	826	
0.693776	0.074733	4274	
-0.885811	0.343377	502	
0.158430	-0.712456	2071	
0.137390	-0.790670	3316	
-0.111063	-0.552299	862	
-0.795210	0.168365	4734	
0.312021	0.237302	1273	
0.973656	0.171538	1922	
0.482252	0.037273	2006	
-0.667259	0.153655	5364	
0.010607	-0.842455	481	
-0.457287	-0.635634	1934	
0.097541	0.762873	1144	
0.147865	0.907903	5480	
0.486990	0.782483	3491	
0.347342	-0.308628	3990	
-0.873859	-0.373966	5411	
-0.790647	-0.161215	2748	
-0.379740	0.221943	3677	
0.741139	0.462575	3304	
-0.826064	0.406554	353	
0.438110	-0.209607	3209	
-0.433816	-0.846994	935	
0.464913	-0.023969	1914	
-0.635041	-0.141057	1596	
-0.621262	0.541234	4027	
-0.432083	-0.813901	2986	
0.659287	-0.334982	871	
0.670345	-0.062414	4727	
0.720672	0.620330	3576	
0.401200	0.006727	4732	
-0.240142	-0.110935	495	
-0.739966	-0.464186	4453	
0.459175	-0.389434	2508	
-0.711187	-0.632290	5219	
-0.012483	-0.950024	5452	
0.530108	0.602405	3934	
0.898206	0.194972	3785	
0.636671	-0.421912	4187	
0.185502	0.714910	1517	
0.606073	0.311354	2016	
-0.848829	0.061896	3025	
-0.501206	-0.808336	4250	
0.538284	0.748403	4802	
0.614164	0.294667	1604	
0.368504	0.204515	1111	
0.246091	-0.582458	2713	
-0.260493	-0.597218	2187	
-0.902277	-0.179951	343	
0.191207	0.710898	2153	
-0.284058	0.873937	3456	
0.280439	0.623357	2545	
-0.260432	0.580637	2140	
0.270321	0.449942	1509	
0.587074	-0.209260	336	
-0.088419	-0.628065	2590	
0.933727	0.112986	1062	
0.400988	-0.773541	2904	
-0.750174	-0.298303	5619	
0.249350	0.885893	5372	
0.277155	-0.543198	1394	
-0.738668	-0.402583	3265	
-0.449232	0.296565	4404	
0.199485	0.644930	4545	
0.365350	0.487907	1400	
0.859450	0.325699	5163	
0.172040	-0.709195	1494	
0.479682	-0.207651	2945	
-0.066491	-0.409500	1266	
0.333989	-0.802453	4753	
-0.556112	0.379154	2581	
0.347974	-0.644966	921	
0.672624	0.631795	4961	
0.572148	0.393330	3507	
-0.685702	0.659860	5505	
0.152007	0.190597	585	
0.491956	-0.162815	636	
0.007351	0.736307	288	
0.440802	-0.136763	1951	
0.548482	-0.246962	5720	
0.552913	0.251260	1468	
0.247031	-0.917427	5395	
-0.131592	0.859615	4349	
0.493179	-0.656423	1983	
-0.217807	0.841642	3452	
-0.626740	-0.346802	2767	
0.466663	-0.227374	2688	
0.710511	-0.195669	5303	
0.146569	0.908069	5480	
0.090602	-0.408246	1174	
0.574907	0.397505	3507	
0.655969	-0.582834	5203	
-0.178181	-0.273378	3638	
0.780185	-0.315814	4360	
0.321591	-0.035328	3292	
0.091418	0.672306	894	
0.293548	0.414121	1372	
0.411618	-0.166152	889	
-0.235886	-0.527339	2105	
0.762929	-0.568610	371	
0.573500	-0.805548	3244	
0.509130	-0.803886	5397	
0.234596	0.811700	3527	
-0.093637	-0.627603	2590	
-0.055302	-0.534750	5086	
-0.711967	0.189950	1105	
0.337093	-0.598404	5376	
0.365358	0.048984	5136	
0.346277	0.530484	3442	
-0.046461	-0.248806	5481	
-0.652402	-0.170861	1832	
0.234752	0.840229	4295	
0.510877	-0.172081	3519	
0.421409	0.561937	5459	
0.063857	0.917325	2690	
-0.756790	0.636490	5225	
-0.465163	0.411140	301	
0.538710	0.658467	3266	
-0.863827	0.396900	5467	
-0.867078	-0.033139	4176	
0.843861	0.003845	3756	
0.003441	-0.334435	4739	
0.263260	-0.171923	4598	
0.770394	-0.620056	2236	
0.289623	-0.226480	1381	
-0.566525	-0.764041	505	
-0.906877	-0.283047	322	
0.069012	-0.809045	2073	
-0.074778	-0.597336	1856	
0.034081	-0.417748	1526	
0.065540	-0.422126	1300	
0.224500	-0.082277	933	
-0.278205	-0.684688	3301	
-0.259253	-0.206275	4847	
0.864046	-0.105469	4601	
0.691209	-0.539475	293	
0.490836	0.043915	785	
-0.867058	-0.086548	3964	
0.082759	-0.764369	2069	
-0.086577	0.832256	3188	
0.058922	-0.530561	4553	
-0.077260	-0.699300	397	
0.368294	0.516003	2172	
-0.799540	-0.345788	2657	
0.986855	0.058716	4182	
0.044593	-0.425117	1300	
-0.099823	-0.259100	5054	
-0.549950	-0.468741	997	
-0.926032	0.211485	5381	
-0.602028	-0.638798	3303	
0.461871	0.534019	2768	
-0.804443	-0.243163	2716	
-0.651922	0.042240	5251	
0.634450	0.113264	2623	
0.559697	-0.584074	1881	
-0.695506	-0.533418	5244	
-0.005754	-0.491616	2230	
-0.088493	-0.202481	1325	
0.650249	0.548501	3997	
0.088387	-0.865094	3130	
0.406674	0.710301	5049	
0.676393	-0.004086	864	
-0.231667	-0.537429	614	
-0.078549	0.649244	1723	
0.565593	0.671028	3737	
0.371577	-0.276622	4530	
-0.390472	0.562261	3471	
0.397230	-0.574977	3000	
0.050935	-0.456940	2314	
-0.236165	0.176176	3883	
0.799945	-0.066649	1606	
-0.662636	0.004240	3013	
0.608585	-0.170783	1740	
0.450407	-0.066931	2063	
0.472068	0.824502	334	
-0.486392	-0.569066	5117	
-0.254784	0.415813	5604	
-0.403114	0.565321	1081	
0.169748	0.316913	3517	
0.408587	-0.078309	1882	
0.576662	0.803251	1492	
0.565925	-0.278658	2372	
0.585373	-0.383119	2171	
-0.822642	-0.171038	4592	
0.181504	0.680055	4160	
-0.554372	0.736695	3567	
0.458715	-0.556608	981	
0.177398	0.716934	1517	
-0.480699	0.662907	3988	
-0.045088	0.733715	5366	
-0.174062	0.850139	3218	
0.330980	-0.074844	3925	
0.798236	0.126259	2724	
0.906834	-0.285253	1243	
0.674565	0.030997	4449	
0.279189	-0.016282	5662	
0.104037	-0.339543	5394	
0.634288	0.526324	2089	
-0.692769	-0.610060	3650	
-0.868544	-0.067565	4294	
-0.567964	-0.726822	3294	
-0.137279	0.290137	2514	
0.422613	0.673273	4507	
0.315143	-0.810366	4869	
-0.915080	-0.090954	3041	
0.523800	-0.477441	4518	
0.634064	0.026097	2572	
-0.530388	0.751525	5522	
-0.917140	0.065132	4341	
0.854464	0.340693	5600	
0.285444	-0.792659	3704	
0.194195	0.969372	1985	
-0.670986	-0.112649	3030	
0.812795	-0.316361	4329	
-0.743924	-0.296783	5619	
0.345430	0.610605	1864	
-0.226203	-0.260985	3383	
0.481442	0.048532	632	
0.115926	-0.518436	2606	
0.599925	-0.223448	4597	
-0.224175	0.821304	3388	
-0.081874	-0.528696	4900	
0.369778	-0.916900	2644	
0.515834	-0.057771	2062	
-0.606280	-0.600650	2450	
-0.708799	-0.240121	1525	
0.204040	0.710113	2567	
0.049223	0.942887	2382	
0.659182	-0.333912	871	
0.219916	-0.170006	486	
-0.295755	-0.943479	1795	
0.178994	-0.204100	5586	
0.048873	0.702296	582	
0.188240	0.714264	2153	
-0.632355	0.150222	1667	
0.536844	0.481805	5008	
0.261044	-0.828184	2800	
-0.038050	0.841128	367	
0.351830	-0.277370	755	
-0.838760	-0.075690	3872	
-0.702551	0.598034	4074	
-0.325852	-0.142002	1678	
0.223047	-0.811214	4678	
0.481377	-0.587061	1735	
0.323045	0.302234	407	
-0.318628	-0.705872	3220	
0.523029	0.568624	4792	
0.456906	-0.347336	1334	
0.519101	0.050861	4964	
0.586170	0.070699	2918	
0.632364	-0.712326	3843	
0.643081	-0.359696	3012	
-0.092009	0.864973	3297	
-0.286314	-0.824230	645	
0.441670	-0.806765	737	
0.740944	0.399781	1974	
-0.000804	-0.735750	2539	
-0.009155	-0.950583	5452	
0.881872	-0.356465	5159	
-0.238099	0.601775	2710	
-0.651072	0.057911	5286	
0.639498	0.705489	363	
0.480799	-0.067328	2272	
0.508773	0.158467	2221	
0.165403	0.653169	747	
-0.276888	-0.794777	3973	
0.447606	-0.229258	2431	
0.969545	0.193469	1922	
-0.162400	-0.178956	2310	
0.673079	-0.069224	5193	
0.275936	0.332795	359	
-0.407742	0.269544	3010	
0.300413	0.047764	3399	
0.139106	-0.438372	3708	
0.759088	0.430400	633	
0.339417	0.588427	546	
0.814956	0.472958	713	
-0.315086	-0.138390	2825	
0.553121	-0.288760	2372	
0.560041	-0.069433	5291	
-0.236350	-0.510016	4227	
-0.871522	-0.378247	4426	
0.322687	-0.603540	5651	
-0.462509	0.305370	1008	
0.565993	0.387891	3507	
0.869889	0.006259	4099	
-0.763081	0.513982	5181	
0.189079	0.072869	1052	
-0.428037	0.759838	1819	
-0.337862	-0.807964	3291	
0.146648	0.928964	5524	
-0.048597	-0.249012	5481	
0.145627	-0.552605	1649	
-0.430145	0.388911	483	
0.145431	0.796571	2633	
0.455398	0.877508	4699	
0.239667	-0.199272	3620	
-0.778772	0.492367	5451	
0.345045	0.203744	1762	
0.369685	0.199087	1111	
-0.151560	-0.800822	2661	
-0.718959	0.679027	1463	
0.796104	-0.289272	4184	
-0.445872	-0.685880	3511	
0.605519	-0.602724	1841	
-0.091222	0.727957	3810	
-0.396718	-0.495516	1450	
0.343053	0.750618	4593	
0.376754	0.591692	283	
0.445902	-0.045203	1954	
0.529489	0.488708	5008	
0.512536	0.165554	2221	
0.417592	0.564530	897	
-0.920673	0.062058	5043	
0.772473	0.403453	3449	
-0.145838	0.716871	2691	
-0.537993	-0.626485	2481	
0.454554	-0.218134	2851	
-0.026779	0.919110	5562	
-0.574235	0.721670	5200	
0.349854	0.678897	3260	
0.757789	0.432297	633	
-0.648226	0.135289	2560	
-0.040858	0.948615	5739	
0.391399	-0.099936	1724	
0.092016	0.915102	5096	
-0.553438	0.646076	4459	
-0.794094	0.466831	5630	
-0.128216	-0.436241	2271	
0.553025	-0.562769	4522	
-0.318951	-0.719783	3220	
0.691357	-0.118579	848	
-0.756193	-0.294519	5619	
0.401896	-0.097658	1503	
0.509171	-0.385082	778	
-0.227812	-0.477130	2420	
-0.188721	0.420950	5330	
-0.108705	-0.315432	2101	
-0.632305	-0.110331	2670	
-0.406295	0.715332	1090	
-0.119883	-0.544010	5670	
0.011591	0.919240	5653	
0.341992	0.550234	3612	
-0.777142	0.548544	3787	
0.705755	0.183747	3344	
0.546630	-0.163550	2861	
-0.013377	-0.548767	638	
0.563494	-0.146272	932	
0.650024	0.127873	2186	
0.286231	0.138824	4053	
0.491248	0.284552	5148	
-0.742754	0.546215	459	
-0.208646	-0.397804	3331	
0.303816	-0.661696	424	
-0.521996	0.794653	5406	
0.254045	0.023950	1837	
0.250942	-0.510334	5538	
0.605301	0.219156	3022	
0.233255	0.109620	5249	
0.602642	-0.736968	4428	
0.280103	-0.623171	2158	
0.557927	-0.079556	5291	
0.449700	0.271930	3606	
-0.568433	-0.726445	3294	
-0.291140	-0.905010	985	
-0.185886	-0.202454	4468	
0.574837	0.403206	1122	
-0.275588	0.180772	3630	
0.142314	-0.378171	4483	
-0.451787	-0.836790	1751	
0.768593	0.411691	4850	
0.667915	0.562470	5227	
0.285752	-0.322996	4093	
0.586159	0.712224	3719	
-0.086816	-0.766183	1153	
0.395196	0.448827	2347	
-0.828853	0.262880	3108	
0.214908	-0.759732	4324	
-0.195962	-0.329898	917	
-0.058604	0.735772	3182	
-0.022346	0.785711	4023	
0.109048	-0.491382	2755	
-0.543236	0.688142	287	
-0.174690	0.732621	2306	
0.172268	-0.648121	1773	
0.655607	0.312295	3339	
-0.734140	-0.213658	3848	
0.499854	0.563475	4291	
0.684253	-0.269143	2729	
-0.159888	-0.541977	2326	
0.572035	-0.020751	840	
0.328258	-0.152471	3693	
0.572579	0.393942	3507	
0.280720	-0.000787	4446	
0.189079	0.072868	607	
-0.583884	0.470326	4977	
-0.421135	0.699973	1090	
-0.321419	0.808215	332	
-0.836131	-0.384132	4803	
0.603811	-0.022788	1782	
0.302717	-0.260256	1313	
0.532867	0.252332	2563	
0.984176	0.093705	1796	
-0.037117	-0.531256	2213	
-0.529643	0.583228	1336	
0.542591	0.653923	3266	
0.322929	0.580154	4430	
-0.900373	0.188024	5700	
-0.598707	-0.341736	1121	
-0.733404	-0.420557	3349	
-0.279012	-0.684662	3301	
-0.704628	-0.187905	2933	
0.980802	-0.124212	2079	
-0.398621	0.572283	3471	
-0.579437	0.590052	2426	
-0.027269	-0.733048	2336	
-0.087297	-0.478040	1931	
-0.860436	-0.123194	3530	
-0.638263	0.448334	1784	
0.097692	-0.639323	1436	
0.513352	-0.374489	1666	
-0.335093	0.673024	3732	
0.679640	-0.172061	3039	
0.263274	-0.126239	2873	
0.058370	0.734960	4693	
0.649422	0.745593	5514	
-0.665073	0.226469	2579	
-0.010951	0.795287	4023	
-0.627254	-0.675681	5515	
0.715388	-0.505383	910	
-0.097005	0.721422	3810	
-0.182160	0.788555	3725	
-0.341015	0.326526	5712	
-0.458297	-0.591096	3633	
-0.677747	-0.544737	4439	
0.044084	-0.424680	1300	
0.306182	0.609280	1023	
0.665399	-0.449157	605	
-0.425391	-0.612754	1549	
0.592105	0.648601	3467	
0.304319	-0.187049	2794	
-0.775428	0.136043	1662	
0.585045	-0.197823	336	
-0.061029	-0.407223	1307	
-0.673813	-0.672132	728	
-0.561410	0.599047	3217	
-0.866800	0.084642	3744	
-0.580321	-0.292219	1537	
0.033194	-0.387181	2369	
0.109438	-0.350426	5394	
0.603419	0.116334	520	
0.708085	0.409457	1133	
-0.322559	-0.498830	580	
0.109984	-0.723330	3820	
-0.693905	-0.506469	4512	
-0.182118	-0.604218	2928	
0.754818	0.143106	1780	
0.636261	-0.217345	1137	
-0.234263	0.837452	3452	
-0.790092	-0.110996	2458	
0.300237	0.080299	3645	
0.986971	0.056765	4182	
-0.507416	-0.805072	4052	
0.326625	-0.602056	5651	
0.356635	-0.880645	631	
-0.901856	-0.184159	492	
0.441861	-0.320085	438	
-0.729032	0.304677	3334	
-0.509085	0.767760	5488	
0.165644	-0.560882	4050	
0.570274	0.390910	3507	
-0.612238	0.344012	967	
0.392389	-0.282179	4042	
0.208826	-0.409793	4860	
0.363090	0.257408	406	
0.029176	-0.384222	2369	
0.566507	-0.219049	480	
-0.307401	0.469062	3808	
0.515913	0.147249	2981	
0.426569	-0.694573	2494	
-0.641694	-0.080409	3458	
-0.110366	-0.556027	862	
0.057654	-0.840350	390	
-0.289575	-0.905411	985	
-0.751125	-0.276812	5619	
0.673472	-0.433984	5385	
-0.123653	-0.503147	5435	
0.052977	-0.270330	1188	
-0.642825	0.478524	3227	
0.402974	0.247898	5573	
0.057723	-0.570333	3319	
-0.356313	-0.254110	392	
-0.079755	-0.397111	1266	
-0.552943	0.679320	4533	
-0.938581	0.149460	2383	
0.413253	-0.232682	3759	
0.572782	-0.227178	5344	
-0.170419	-0.439146	5424	
-0.483189	0.729212	498	
0.013690	-0.634784	1181	
0.164030	-0.220635	5537	
-0.117877	-0.547718	5670	
0.272010	-0.541711	1394	
-0.111460	-0.943793	2493	
0.948408	-0.023730	2013	
0.080002	-0.298873	5331	
0.561687	-0.419909	1498	
-0.629503	0.159110	1667	
0.057016	-0.501874	4673	
0.061760	-0.527162	3505	
-0.135597	-0.790564	1814	
-0.622539	-0.720102	4828	
-0.578471	0.718355	5200	
0.263825	-0.268228	1217	
0.050538	0.735398	4693	
-0.776340	-0.219234	4224	
-0.318652	0.193865	3476	
0.610463	0.438583	882	
0.272841	-0.198034	2824	
-0.413708	0.767164	3223	
0.346830	-0.148158	3389	
-0.745355	-0.092686	1335	
-0.421503	0.238080	3696	
-0.856660	0.336393	4731	
-0.709833	0.515483	4472	
0.685116	-0.274303	2729	
-0.033557	-0.504807	1760	
0.649586	-0.432760	355	
-0.120102	0.832557	4214	
0.079678	-0.654313	1155	
-0.122755	0.830337	4214	
-0.818637	0.241619	2741	
-0.396006	0.562568	1081	
0.580955	0.030766	1863	
0.173283	-0.903102	378	
-0.077824	-0.866952	3048	
-0.106311	0.943963	5275	
0.250468	0.009282	5489	
-0.159381	-0.233259	529	
0.277165	-0.262568	1217	
0.604221	0.135071	812	
0.310853	0.435637	1279	
-0.809300	0.079740	2330	
0.511557	0.007775	2247	
0.911342	-0.270613	1243	
0.958137	0.243797	1044	
0.033955	-0.560646	3956	
-0.370955	-0.843105	2935	
0.451924	-0.046399	1954	
-0.233537	0.773322	2544	
0.189039	-0.899651	378	
0.680858	-0.498282	3593	
0.295062	-0.667093	422	
0.606858	-0.562529	619	
-0.910755	0.269901	5377	
-0.868251	-0.472563	5513	
0.385574	0.007323	4855	
-0.598049	-0.262916	3656	
-0.946416	0.083144	703	
0.568571	-0.160387	5210	
0.543434	-0.211196	2780	
0.565760	0.098126	3082	
0.072249	-0.730281	4243	
0.730027	-0.667039	1578	
0.253866	0.422442	2302	
-0.898219	0.311749	5171	
0.640887	0.362244	1351	
0.831272	0.458368	4827	
-0.149648	-0.239152	880	
-0.548262	0.520818	4620	
0.640756	0.355983	4086	
0.542860	0.110402	2992	
0.490138	0.597954	5698	
-0.600151	0.505444	2630	
0.562441	0.101424	2888	
0.130688	-0.941158	5369	
0.436782	0.837926	4356	
0.091234	0.837447	2683	
0.645999	0.049441	3288	
0.730933	-0.562417	4094	
0.727984	-0.262239	3526	
0.951327	-0.268705	3621	
-0.730705	-0.294578	4834	
-0.288638	-0.680626	3301	
-0.483301	-0.818960	4250	
0.602067	-0.046085	1857	
-0.215334	0.780965	2877	
0.861845	-0.484528	2583	
0.477547	0.232819	3110	
-0.773366	-0.229535	5048	
-0.945848	0.093681	762	
-0.189807	0.817884	4031	
0.603369	0.506199	1117	
0.778384	0.066482	2099	
0.457037	-0.387753	2508	
0.209100	0.708603	2567	
0.462551	-0.200436	3142	
-0.245479	0.885324	5234	
0.606335	-0.081443	1302	
0.628444	0.498192	881	
0.175506	-0.346433	2499	
-0.776491	0.549615	3787	
0.465833	0.064956	5273	
0.416476	-0.559403	4231	
0.002453	-0.586278	462	
-0.032611	0.840176	473	
-0.247973	-0.491423	4657	
0.947842	-0.071780	2537	
0.053803	-0.698347	2525	
0.562773	-0.147504	932	
-0.165033	-0.935949	984	
-0.324565	0.654668	2023	
-0.852544	0.421196	4971	
0.572065	-0.330513	2977	
-0.065320	-0.458550	1915	
0.682741	0.418867	5333	
0.138114	-0.778976	3316	
0.279176	-0.054683	300	
-0.194747	-0.712074	1653	
-0.464207	-0.794368	2252	
0.308829	0.058133	3399	
0.189079	0.072868	607	
-0.441639	0.884496	4993	
0.294504	-0.706121	1363	
0.378489	-0.591001	3984	
-0.504044	-0.807045	4052	
-0.588046	-0.519784	3939	
0.239835	0.774660	2376	
0.186749	-0.785154	2410	
-0.902240	-0.177853	343	
0.576436	-0.223806	480	
0.549137	-0.126484	4883	
-0.163606	-0.501463	4959	
-0.762927	-0.347173	4369	
0.374666	0.209419	449	
0.562764	0.029057	4204	
-0.478228	-0.703748	4192	
-0.773326	-0.335150	4369	
-0.495852	0.575894	1215	
0.241658	0.173158	5681	
-0.197740	0.150756	540	
0.261746	0.652139	3967	
0.178206	-0.563620	4923	
0.243071	-0.276923	1623	
-0.199352	-0.674227	1442	
-0.398275	-0.251221	5735	
0.241440	-0.887265	5215	
0.360699	0.140091	1234	
-0.598821	0.567891	5204	
-0.430445	0.617242	3210	
0.857758	-0.319187	308	
0.414236	0.032519	4367	
0.955794	-0.252428	3129	
0.839542	0.258618	3293	
-0.781633	-0.542917	1567	
0.031498	0.675540	2948	
0.078658	0.803752	1317	
-0.248730	-0.383786	4394	
0.844179	-0.010841	3066	
-0.159602	0.905008	829	
-0.210565	-0.362339	937	
-0.003267	-0.634887	1698	
0.359827	-0.666577	5727	
0.392851	0.212586	447	
0.256945	0.913717	2305	
-0.106008	-0.674266	1380	
0.217922	-0.181118	398	
-0.731033	-0.299626	4834	
0.338512	0.466836	1349	
-0.752244	-0.405213	3736	
-0.545010	0.319091	1967	
0.831455	0.239346	2461	
0.385884	0.869540	5608	
-0.222997	-0.441041	2472	
0.259780	0.275970	1022	
0.154988	0.125661	1600	
0.093638	-0.984133	2913	
-0.766047	0.562812	459	
0.228394	-0.287245	1040	
-0.766332	-0.509512	2185	
0.246246	-0.717406	2072	
-0.342798	-0.129428	2875	
-0.677109	-0.515855	3998	
0.117965	-0.616471	5445	
-0.539754	0.690654	287	
-0.176311	-0.933931	984	
0.228928	-0.182321	3910	
-0.494864	0.290913	356	
0.789682	-0.530240	714	
-0.119404	-0.324965	1794	
0.029762	-0.522632	963	
0.243746	-0.296229	1623	
0.681643	-0.537088	5072	
0.913116	0.378946	3392	
-0.073079	-0.412632	1266	
0.481575	-0.130393	2257	
-0.293650	-0.606425	1804	
0.127605	-0.501782	2606	
0.880494	-0.359520	5159	
-0.058506	-0.288014	5229	
-0.049415	0.838201	367	
-0.880677	0.266177	4203	
0.158543	0.794071	2335	
0.249628	0.695987	757	
-0.313461	-0.138210	2825	
-0.805262	0.055491	1789	
-0.803358	0.123628	1753	
0.546010	0.167319	4259	
-0.746698	-0.451709	4453	
0.198827	-0.763867	3515	
0.001627	-0.403222	1883	
-0.170908	-0.283158	3638	
0.463919	0.588129	2577	
0.476488	-0.350697	1334	
-0.113293	0.278915	3574	
0.042672	-0.746876	5375	
-0.138483	-0.658230	719	
0.573307	0.404436	1122	
-0.919043	-0.025891	960	
0.259867	0.799475	3420	
0.421157	-0.763125	5253	
-0.552042	0.282681	4991	
0.033301	-0.479868	1741	
-0.240963	-0.230897	3841	
0.466214	-0.343511	1334	
-0.758601	0.041408	1635	
0.092429	-0.205885	5226	
0.570056	0.405821	1122	
-0.745451	-0.457117	4453	
-0.378383	0.720395	1370	
0.255387	-0.551609	1512	
-0.099273	-0.610460	2226	
0.486573	-0.395347	624	
-0.321490	-0.894966	1972	
-0.483525	-0.699014	4192	
0.385939	-0.175738	1521	
-0.214517	0.512115	4967	
0.271799	-0.532106	4411	
0.367690	-0.843047	3804	
0.852259	0.173225	2865	
0.085819	-0.396062	1174	
0.286677	-0.691307	962	
-0.032617	-0.919231	4047	
0.661665	-0.576297	5203	
-0.132982	-0.725340	1199	
-0.096701	-0.256891	5054	
0.834426	-0.230468	2754	
0.206398	0.327821	1582	
-0.124976	0.830526	4214	
-0.240512	-0.412225	2835	
0.615669	-0.249713	5592	
0.491186	-0.010678	2288	
0.581990	-0.337658	2977	
-0.133813	-0.941744	5348	
0.086873	-0.802800	2159	
0.773767	-0.350928	3518	
0.898548	0.196255	3785	
-0.364131	0.844155	832	
0.573809	0.404084	1122	
-0.051473	-0.601940	1252	
-0.766109	0.512302	5181	
0.413942	0.032457	4367	
-0.640491	0.446226	1318	
0.128800	0.797032	2322	
0.817744	0.297148	1064	
0.316905	-0.119184	4036	
-0.055382	-0.250060	5481	
0.881080	-0.260911	3854	
0.629669	-0.085463	2250	
-0.003901	-0.478993	2103	
-0.335584	-0.857617	3394	
-0.396958	0.571322	3471	
0.291301	0.250015	1999	
0.290651	-0.272592	1238	
0.302632	-0.276760	1861	
0.356463	0.845937	344	
-0.900919	-0.183054	343	
0.506501	0.598580	5698	
0.276329	0.336863	359	
0.641692	0.566329	4513	
0.551263	-0.123772	4883	
-0.148965	-0.464388	629	
0.449541	-0.108492	1793	
0.979015	-0.137673	2146	
-0.215779	0.210982	4089	
-0.502330	-0.807707	4052	
-0.019023	0.656347	2145	
-0.915797	-0.080455	3041	
0.030933	-0.813134	704	
0.361541	-0.301998	4568	
-0.058522	-0.767853	2300	
0.595953	-0.010088	1346	
0.746342	-0.194461	5155	
0.855901	-0.414548	5437	
-0.743375	0.459598	3298	
-0.863099	0.102577	3601	
0.468959	-0.870414	3240	
0.130964	-0.494850	2400	
0.843669	-0.040429	3570	
0.790870	-0.178816	3825	
-0.597192	-0.176342	4343	
0.320629	0.310405	407	
-0.907364	-0.147951	4376	
0.330238	-0.184742	2867	
0.568008	-0.042187	504	
0.946493	0.086941	2681	
-0.151060	-0.722163	1199	
-0.034574	-0.585831	5357	
0.331608	0.458540	1349	
-0.032110	-0.244950	5638	
0.762322	-0.569365	371	
-0.209692	0.182934	440	
-0.007048	-0.950643	5452	
-0.397636	0.571703	3471	
-0.620348	0.584858	5704	
-0.580719	-0.537354	3939	
0.180866	-0.932739	316	
0.492670	-0.213343	2945	
-0.731810	-0.049152	1817	
0.247598	-0.008590	383	
-0.643972	-0.412514	4473	
0.355977	-0.269369	755	
0.475115	0.789750	3069	
0.202183	0.710620	2567	
0.135295	-0.738300	3361	
0.604651	-0.038797	1782	
0.471308	0.098338	3444	
0.533155	0.485391	5008	
0.756715	0.636572	4421	
-0.582616	0.591928	2426	
0.065145	-0.320799	4498	
-0.344406	0.326952	5549	
-0.685805	-0.617657	4105	
0.891612	0.427214	1485	
0.531862	-0.683589	4462	
0.026667	-0.481333	1741	
-0.295752	-0.739007	1976	
-0.241681	0.177901	3883	
0.304819	-0.104285	4871	
-0.377943	-0.661698	4668	
0.266381	0.877649	3042	
-0.757499	-0.525413	4960	
-0.805879	-0.424545	3140	
0.237445	-0.486349	5326	
0.509608	0.847262	4611	
0.942687	-0.297577	1790	
-0.287452	-0.759397	2725	
0.538417	0.480235	5008	
0.209218	-0.409025	4860	
0.460540	0.575166	2577	
0.401899	0.538080	1354	
0.278056	0.463446	2241	
-0.744624	-0.592583	2816	
0.481924	-0.101544	2129	
0.659634	0.310292	3339	
-0.387055	-0.182092	1294	
-0.285522	-0.617888	2315	
-0.230965	-0.840047	4864	
0.658231	0.737842	4566	
0.087482	-0.527650	3597	
0.515544	0.249715	5206	
-0.574364	-0.496407	814	
-0.049643	-0.778912	2300	
0.756144	-0.637285	3252	
-0.140333	0.263372	4497	
0.299831	-0.260356	1313	
0.256418	0.034071	1837	
0.347669	-0.059707	3691	
-0.847145	-0.430643	3720	
0.602271	0.012283	1850	
-0.278953	-0.549957	1905	
-0.677492	0.354318	4339	
0.581544	-0.120604	4458	
0.758481	-0.142400	1707	
0.377217	0.106355	3723	
0.470899	-0.340005	1334	
0.664775	-0.323146	1260	
0.106003	0.864911	3748	
-0.290248	-0.183821	4630	
-0.585375	0.650378	4293	
-0.522480	0.423770	5502	
0.289055	-0.753037	3918	
0.188991	0.216817	5319	
0.699248	0.025284	767	
-0.672466	0.672330	5041	
0.857105	0.114663	3875	
0.418235	-0.689816	1717	
-0.072082	-0.294044	5229	
0.792820	0.360707	4305	
0.735636	-0.425693	2448	
-0.892805	0.221275	5682	
-0.539155	0.828917	2328	
0.658176	-0.738079	1513	
0.156394	-0.614387	2303	
-0.508620	0.768023	5488	
0.097089	-0.913591	4951	
0.215572	-0.036475	1340	
-0.312048	0.564728	3425	
-0.586942	0.651508	4293	
0.918122	-0.043350	5721	
-0.000536	-0.604683	462	
0.507008	-0.168233	3519	
-0.417975	0.746957	1833	
-0.912759	0.111192	2692	
0.598624	0.738604	3719	
-0.484348	-0.665324	2520	
-0.019943	0.988448	1964	
-0.632139	-0.607302	4134	
0.296047	0.558930	4286	
-0.284639	-0.907035	985	
-0.830808	-0.138895	3191	
0.369339	0.712644	4223	
0.280973	-0.004059	3761	
0.819689	0.146424	3177	
0.517187	0.763442	5037	
0.731425	0.021247	1561	
0.590934	-0.067924	5687	
-0.928309	-0.204206	1806	
0.934458	-0.012388	2013	
0.536941	-0.252258	4424	
-0.529078	0.754490	5522	
-0.758852	-0.328289	2915	
0.378378	-0.254748	3983	
0.706842	0.412692	557	
0.540670	-0.165680	2861	
-0.194113	0.503397	5076	
0.015953	-0.918519	847	
-0.700843	-0.022252	4002	
0.534564	-0.238751	4724	
-0.125796	-0.836088	3569	
-0.285812	0.478343	4891	
0.741008	-0.291860	3373	
-0.025244	0.988332	3214	
-0.857540	-0.147636	4937	
0.860156	0.057133	3682	
0.522358	0.049695	4964	
0.058557	-0.537269	3505	
-0.449303	0.266781	1104	
0.388945	-0.226906	3707	
0.523092	0.009772	2247	
0.791211	-0.368862	2799	
-0.054914	-0.614862	1803	
0.078599	-0.388375	2548	
0.584322	0.074471	2918	
-0.777404	0.321362	3347	
-0.600941	0.451851	1328	
0.879638	0.356941	2048	
0.811243	0.217915	4039	
0.100069	0.655503	5252	
-0.174415	0.933711	4948	
0.283009	-0.276558	1238	
0.799749	-0.072066	1079	
0.074550	-0.636367	536	
0.331881	0.078383	3308	
0.707151	-0.208000	5314	
-0.556313	0.278718	4991	
0.110286	-0.982406	1791	
-0.902661	0.176524	5700	
0.664723	-0.100280	2980	
-0.734591	-0.420952	3349	
0.561428	-0.222272	5344	
0.471157	-0.046496	1914	
0.082920	-0.428349	2849	
0.716414	-0.626190	5461	
0.565046	0.403803	1122	
0.833129	0.249410	3293	
0.252527	-0.591275	1397	
0.189079	0.072870	1052	
-0.694598	0.108393	617	
0.898562	0.412206	1485	
0.400921	0.777000	2911	
0.417300	-0.562910	4231	
-0.765442	0.063078	1142	
-0.004558	-0.502060	2125	
0.381138	-0.039772	2205	
0.667084	-0.678915	4372	
-0.067869	-0.406022	1266	
0.613873	-0.627552	4138	
-0.905720	-0.287536	335	
-0.236797	0.201010	4089	
-0.768921	-0.508016	2185	
0.282350	0.534386	2564	
0.954496	-0.257212	3129	
-0.091018	0.651719	1880	
-0.199335	-0.815888	3539	
0.596091	-0.644124	4138	
-0.259961	-0.205596	4847	
-0.041967	-0.543235	4271	
0.177672	0.218935	3525	
0.510709	-0.802472	5143	
-0.228253	-0.154399	971	
0.482432	-0.819994	5582	
-0.199482	-0.501233	2587	
0.016012	-0.988445	1916	
0.470697	0.824266	334	
0.595523	-0.611324	1841	
0.285780	0.123896	485	
0.112531	-0.847053	3141	
0.608936	-0.496417	3686	
-0.286934	-0.681137	3301	
-0.849337	-0.185630	4647	
-0.375853	-0.873467	907	
0.501268	-0.238148	2197	
-0.829817	-0.395031	4218	
0.698777	-0.529240	293	
0.057179	-0.315515	4498	
0.009034	-0.529965	963	
0.442808	-0.400553	5517	
-0.520345	-0.578449	299	
-0.348861	0.924947	4554	
0.595560	0.006110	1850	
-0.608331	-0.448682	4795	
0.049320	-0.380479	3155	
-0.175980	0.606834	1583	
0.049588	-0.508890	4673	
-0.608309	0.779686	2329	
0.484382	0.663513	2914	
-0.805481	0.097125	1321	
-0.108974	-0.438485	2589	
0.371798	0.874414	5570	
0.580698	0.162557	549	
0.349218	0.738696	4298	
0.242911	-0.341635	3903	
-0.949446	0.033235	5260	
0.916598	0.075449	972	
0.154159	-0.375273	4574	
-0.633355	-0.387172	5665	
-0.255461	-0.211485	3330	
-0.255564	0.914992	4735	
-0.754218	-0.069212	1499	
0.610636	0.106039	2411	
-0.681203	0.468720	4538	
0.092072	-0.457643	3644	
0.681404	0.254620	1530	
0.407113	-0.106529	1503	
0.739667	-0.467842	1423	
0.515202	-0.641030	2066	
0.657375	-0.587980	5203	
0.450823	0.490138	306	
0.725923	0.234823	4669	
-0.394736	0.569833	3471	
0.835279	-0.455419	1189	
-0.250588	0.177541	3883	
-0.727672	0.320513	2428	
-0.188116	-0.677550	766	
-0.166999	-0.516424	3353	
0.819065	0.184276	1908	
0.823058	0.547904	610	
0.128978	-0.941903	5369	
0.073074	0.947283	1219	
0.753994	-0.305570	3899	
0.188829	0.190090	539	
0.736221	-0.603621	5164	
-0.614003	-0.240406	3320	
0.859933	-0.487993	3454	
0.765445	0.347334	2521	
-0.566188	0.373024	2581	
-0.044679	0.914921	5599	
-0.765674	0.057670	1142	
0.616056	0.581492	4364	
0.147902	-0.787065	3235	
0.414566	-0.757065	5677	
-0.699767	-0.474043	4470	
0.202659	0.897571	5440	
0.065557	-0.866837	2751	
0.440165	-0.842924	5258	
0.488881	0.104147	2409	
-0.912270	0.114978	2692	
-0.020347	0.867982	1966	
-0.426127	0.263897	2864	
0.731889	0.467489	3304	
-0.410855	-0.858190	1030	
-0.323560	-0.680515	3863	
-0.760696	-0.431158	4408	
0.673914	0.264764	3101	
0.739998	-0.480349	1423	
-0.128518	-0.805636	2342	
-0.195582	0.564422	1884	
0.519601	-0.099328	2180	
-0.766382	0.066302	1142	
-0.820474	0.417901	353	
-0.815530	0.217482	387	
-0.715334	-0.298427	4834	
0.231891	0.841051	4177	
0.353965	0.215617	1762	
0.700275	0.526917	4375	
-0.628702	0.613151	333	
-0.021656	-0.842672	2456	
0.396494	0.029872	938	
-0.616936	-0.686386	712	
0.738861	-0.469041	1423	
0.026065	0.753859	1611	
0.012838	-0.407143	2059	
0.788787	-0.596438	1483	
-0.084026	-0.547869	487	
0.278565	-0.068818	370	
-0.150734	0.906592	420	
-0.652892	-0.076985	3458	
0.585410	0.622946	4452	
-0.424657	-0.169110	3537	
0.275688	-0.034125	1047	
0.348575	-0.667350	5731	
0.216510	-0.841540	5179	
0.830082	-0.169992	2753	
0.122904	-0.351423	5394	
0.058194	0.986962	1183	
0.365578	-0.105939	2368	
-0.339070	-0.585703	1462	
0.209882	-0.924007	5250	
-0.664788	-0.399594	4485	
0.691795	0.706592	2191	
0.652415	0.016962	4481	
0.347086	-0.299261	365	
-0.181084	-0.533615	3353	
-0.390041	0.565291	3471	
-0.720331	0.258349	3368	
-0.390567	0.566162	3471	
-0.312503	0.745943	3991	
0.298670	-0.101258	4871	
-0.406458	-0.183805	4443	
0.596203	0.335624	3738	
0.050373	-0.310121	4498	
0.189783	-0.899492	378	
-0.717126	0.473473	2699	
-0.656643	-0.580869	4374	
0.519234	-0.216296	2763	
-0.395009	0.570028	3471	
-0.634000	0.176224	1667	
0.919087	0.007465	5332	
-0.840970	0.000209	3767	
0.080671	0.915921	2690	
-0.870991	0.368221	5429	
0.285720	0.068998	4290	
0.136839	-0.284281	2515	
0.645413	-0.406217	4102	
0.231794	-0.465611	2404	
0.573068	0.597851	2714	
0.366733	0.422967	401	
0.459432	-0.260465	1633	
0.095072	0.806504	2331	
0.476275	-0.367499	2019	
-0.368289	-0.175302	2142	
0.726998	-0.487958	910	
-0.241077	-0.474311	3093	
0.605256	0.313137	2016	
-0.116796	-0.370219	946	
0.200444	0.301701	1679	
0.755862	0.227224	4820	
0.179218	0.753020	1288	
-0.206521	-0.507737	2993	
0.643093	-0.215459	1555	
-0.667846	0.636886	5482	
0.877755	-0.020258	3729	
-0.680975	-0.413557	2179	
0.419767	0.061673	2601	
-0.774241	0.551561	3787	
-0.041237	-0.461003	2064	
0.290710	0.073512	4290	
0.488210	0.616153	5698	
0.402524	0.167567	843	
0.202503	0.236779	5319	
-0.231694	-0.489735	3093	
0.608156	0.447491	649	
-0.755046	-0.251795	4879	
0.028345	-0.462377	2314	
0.419258	-0.621416	5401	
-0.698682	0.602604	4074	
-0.419552	-0.721534	5269	
0.160218	-0.789487	3235	
0.770049	0.002006	1297	
0.371516	0.842756	493	
0.570473	0.405716	1122	
-0.640306	0.510520	3544	
-0.668500	-0.634952	3801	
0.562440	0.131781	2104	
-0.289339	-0.438072	2758	
0.136274	-0.507139	2078	
0.360300	-0.245321	1365	
0.047911	-0.506233	4673	
-0.331088	-0.125879	2875	
-0.267410	0.570182	2140	
-0.430209	-0.605096	2739	
-0.707982	-0.178460	3229	
-0.500402	-0.587063	348	
-0.767127	0.017535	1766	
0.001750	0.949555	5507	
-0.777571	0.364663	4778	
0.030057	-0.620169	5026	
-0.813453	-0.491750	328	
-0.636476	-0.098016	2670	
0.026157	-0.431951	2164	
0.635578	-0.017916	2227	
0.630025	-0.611043	1860	
0.461482	-0.136483	1951	
-0.732979	0.388919	4973	
0.386630	0.249568	5702	
0.630294	0.044072	2572	
-0.193232	-0.322331	2884	
0.545345	-0.371667	1673	
-0.733310	-0.030237	1516	
-0.897113	-0.313328	1086	
-0.665701	-0.547622	4439	
0.314279	0.228901	1273	
0.296714	-0.537577	4655	
-0.724921	-0.101980	753	
-0.143315	-0.614015	2224	
0.378233	0.107000	3723	
-0.834275	-0.456111	5023	
-0.186944	-0.213059	615	
0.617807	-0.588606	4132	
0.675072	-0.386274	465	
0.440835	-0.753096	5253	
0.418239	-0.308913	3231	
-0.156419	0.327724	3215	
-0.436492	0.396223	4974	
-0.010503	-0.736991	5499	
0.563625	0.388341	3507	
0.170356	-0.519574	1099	
-0.596464	-0.604970	2450	
0.007734	-0.545187	638	
0.057271	0.948418	2382	
-0.088209	-0.356182	4851	
-0.623539	0.717955	4899	
0.694794	0.067705	4274	
0.073765	-0.839418	2073	
-0.619354	0.476413	4861	
-0.821982	-0.154404	4302	
0.011240	-0.520839	650	
-0.362137	0.641399	2009	
0.351075	0.022461	1157	
-0.198214	-0.335136	917	
0.128228	-0.640742	2447	
-0.388893	0.726489	1370	
0.722642	0.102221	2518	
-0.623269	-0.166622	2908	
-0.695906	-0.488423	4363	
0.744804	-0.548595	318	
0.668067	-0.211062	2568	
-0.641639	-0.119201	2208	
0.605185	0.074036	3088	
-0.262896	0.179117	3630	
-0.058961	-0.343718	3277	
0.820922	-0.293640	4575	
-0.338327	0.801464	310	
0.691585	-0.117204	848	
-0.085822	-0.787824	1078	
0.949797	0.274414	1676	
-0.380681	-0.153885	1195	
-0.284723	-0.136773	3521	
0.330328	0.739750	2747	
0.574719	0.403360	1122	
-0.800336	-0.289092	1475	
-0.629912	-0.556717	3822	
0.418250	-0.621626	5401	
-0.250073	-0.538508	2105	
0.248355	-0.047918	4916	
-0.558536	0.733586	3567	
-0.080432	-0.573458	952	
0.308835	-0.814860	4869	
0.088964	0.732331	1694	
0.148614	0.638369	4606	
-0.108525	-0.863979	3727	
0.859006	0.489548	1553	
-0.338653	-0.142060	1678	
0.521466	0.139216	3094	
0.323614	0.892891	313	
-0.188319	-0.201198	4468	
-0.602343	-0.496447	913	
0.248178	-0.042845	4916	
0.594123	-0.368721	2962	
0.003149	0.738977	288	
-0.074230	-0.915373	494	
-0.352935	-0.651709	3689	
-0.138918	0.267860	3468	
-0.380362	-0.767943	2695	
0.344651	-0.798569	4753	
-0.653507	0.348317	2343	
-0.236601	-0.465327	3093	
0.519176	0.050808	4964	
0.215005	0.200841	5656	
0.283476	-0.947045	1672	
0.142189	0.724391	1201	
-0.119829	0.228580	800	
-0.035273	-0.286317	1150	
-0.258014	-0.599766	2187	
0.100625	0.807566	2331	
-0.196976	0.191787	5223	
-0.404781	0.571556	1081	
-0.243299	0.723689	286	
0.807282	0.096600	3089	
0.503056	-0.051389	2378	
-0.097641	-0.758321	1153	
0.180060	-0.381206	1925	
0.614577	0.098458	2411	
-0.271540	0.356734	1159	
-0.275243	0.700483	3083	
0.020112	0.736305	1611	
-0.469226	0.590953	1641	
0.561739	-0.581966	1881	
-0.428344	-0.633832	1549	
0.632364	-0.063738	2267	
0.455254	0.022074	2441	
0.739407	-0.223878	1664	
-0.181167	0.450397	3011	
0.456800	0.680987	5695	
0.097377	0.729785	1694	
-0.390191	0.565584	3471	
-0.673210	-0.631452	3801	
0.109437	-0.317438	290	
0.246204	-0.043959	4916	
0.267918	-0.172967	4598	
-0.435916	0.395531	4974	
0.539898	-0.065712	5050	
-0.020363	-0.918707	5396	
0.143270	-0.515024	2078	
-0.752091	0.581945	491	
-0.184446	-0.933047	4941	
0.125100	0.941754	2541	
0.699070	0.028016	767	
-0.202532	0.896264	3307	
0.073489	-0.174509	1556	
-0.483382	-0.710526	4192	
-0.506090	0.682999	5124	
-0.055549	-0.775981	2300	
0.217891	-0.341825	1587	
-0.809249	-0.034690	2344	
-0.055463	-0.868080	5107	
0.522686	-0.081805	2362	
-0.154042	-0.416497	4940	
0.085236	-0.306487	291	
0.504201	0.161900	2221	
-0.272700	0.355354	1159	
-0.923325	0.225444	5405	
-0.198177	-0.730714	1653	
0.414409	-0.193255	3462	
0.651191	-0.351416	860	
0.362266	-0.284030	4530	
0.649303	0.337821	5116	
-0.073956	-0.254385	5481	
-0.698333	0.293434	3325	
-0.707062	-0.179409	3229	
-0.232281	0.152455	540	
0.594741	0.609743	3856	
0.640743	0.241388	2958	
-0.148242	-0.354253	3946	
0.480788	-0.346383	1412	
-0.932071	0.187269	5668	
-0.180842	-0.243686	423	
0.257419	0.620358	2703	
0.750717	0.445945	3143	
-0.754709	0.567482	491	
-0.019009	-0.735268	1617	
-0.230341	-0.544455	614	
0.570656	-0.038561	504	
-0.111449	-0.314786	2101	
-0.908298	0.147051	3195	
-0.271490	-0.490164	2531	
0.080052	0.985460	4239	
0.332953	0.282752	4832	
-0.283429	0.801756	1547	
0.204481	-0.353612	1992	
-0.679275	0.666090	5041	
0.023785	-0.249810	620	
0.342276	0.207158	1762	
0.719380	0.375280	1270	
0.399225	-0.291598	4042	
0.477414	-0.063244	2272	
0.314491	0.760462	4303	
0.283008	0.906907	311	
-0.199417	-0.532329	2889	
0.571669	0.392680	3507	
-0.317511	-0.487412	454	
0.906190	-0.286788	1243	
-0.278901	0.348676	1159	
-0.502260	0.660456	4114	
0.736306	0.603385	2815	
-0.579296	0.268315	5334	
0.617257	0.686094	363	
0.778723	-0.609550	1483	
0.475861	-0.097328	2129	
-0.243065	-0.780751	2470	
0.259867	0.759726	2721	
-0.160274	-0.856356	3562	
0.799992	0.112134	3201	
0.671599	-0.307026	4683	
0.267626	-0.100373	451	
0.670575	0.560549	5227	
-0.711492	0.461162	3145	
-0.042194	-0.283852	1150	
-0.360805	-0.646948	3969	
0.441550	-0.337109	438	
0.009721	-0.641814	1698	
0.837547	-0.041738	2654	
-0.224814	-0.476217	2420	
0.386599	0.663732	3654	
0.745712	-0.340335	3775	
0.297341	0.702028	3318	
0.318111	0.440875	1279	
0.362286	0.067016	3917	
-0.241929	-0.146814	885	
0.238410	-0.706565	1958	
-0.055485	-0.341040	3277	
0.669453	0.484855	3821	
0.482813	0.575622	5741	
0.305710	-0.727771	1363	
-0.135730	-0.834688	3778	
-0.558964	-0.770582	5464	
0.236010	-0.548833	2847	
0.584990	-0.643992	4174	
-0.772954	0.205405	931	
0.549469	-0.349184	2536	
0.321250	0.809780	4938	
0.288668	-0.552236	1394	
0.811432	0.314210	1064	
-0.317764	-0.495703	454	
-0.282040	-0.136814	3521	
0.874804	-0.460665	1671	
0.459626	-0.355648	1337	
-0.734584	0.015115	1200	
-0.278500	0.180826	3630	
-0.050219	0.731042	5366	
0.455080	-0.074715	2063	
-0.916462	0.073826	4341	
0.422552	0.211793	4345	
0.498287	0.510906	4149	
-0.796291	0.358352	4874	
0.289652	0.022536	5639	
-0.400506	0.623994	2582	
0.760230	0.372843	2677	
0.166230	-0.974549	3052	
0.640600	0.175410	816	
0.019069	0.988481	4884	
0.153284	-0.772177	3316	
0.647448	0.343169	5116	
-0.345140	0.219115	720	
0.837007	0.072279	3746	
0.101942	-0.335770	4968	
0.014240	-0.292233	4859	
-0.077210	-0.916647	494	
0.175619	-0.972899	3052	
-0.648297	-0.044844	4602	
-0.124753	-0.517925	5471	
0.750700	-0.312371	3899	
0.680285	-0.422078	428	
0.658370	0.201413	825	
0.668242	-0.315376	1260	
0.781607	-0.137088	1656	
-0.013836	0.988559	1964	
0.812936	-0.562974	3328	
-0.367774	0.669587	3836	
0.577049	0.171249	467	
-0.161263	0.854425	4580	
-0.682475	0.368925	4304	
0.572323	0.404954	1122	
-0.461923	-0.831154	1751	
0.304210	0.239140	1273	
-0.826117	0.170836	2742	
0.593828	0.475270	1660	
-0.154644	0.677485	1768	
0.282245	-0.118878	4911	
0.485983	0.296079	5148	
-0.506900	0.293460	4242	
-0.050992	-0.837095	2363	
0.608968	-0.098055	1710	
-0.591546	-0.745160	372	
-0.365552	0.787479	3838	
-0.949520	-0.018629	744	
-0.011735	-0.812484	1973	
0.180327	-0.833614	4638	
0.385659	-0.060927	2205	
0.493041	0.812570	1085	
-0.055079	-0.917547	3189	
0.247024	-0.024786	5626	
0.605280	-0.021575	1782	
-0.472981	0.433868	382	
-0.316537	0.193359	3476	
0.408420	0.531214	1354	
0.674149	-0.457777	605	
-0.043137	-0.542707	4271	
0.827810	-0.272979	3250	
0.211407	0.594480	3097	
0.840570	0.373822	1739	
0.684963	-0.365392	465	
-0.267890	0.568095	2140	
0.277712	0.316284	839	
0.733994	-0.476684	1423	
0.522466	-0.106431	3898	
-0.043924	0.987657	3663	
0.421945	0.015198	4732	
-0.713097	-0.630736	5219	
-0.292500	0.447026	2907	
0.280888	-0.045417	300	
-0.085121	-0.572323	952	
0.541402	-0.827438	1460	
-0.196148	-0.930033	4941	
0.430697	0.030836	5543	
0.874029	0.284883	1957	
-0.091042	-0.483255	2291	
-0.806229	0.504505	5548	
-0.935804	0.167631	5584	
0.316387	0.066325	3399	
0.725666	-0.124326	2307	
-0.689720	0.655841	5505	
0.455150	-0.877709	3240	
0.058178	-0.313577	4498	
-0.086266	-0.517223	2012	
0.957931	0.244421	1044	
0.537548	-0.030906	4986	
0.144767	-0.679522	1514	
-0.516744	0.674168	5587	
0.154110	0.976653	3710	
0.295909	0.077376	3399	
-0.581924	0.505026	530	
-0.287845	-0.436714	2486	
0.392414	-0.334119	3086	
-0.473463	0.550142	5503	
-0.944266	-0.107789	312	
-0.650241	0.351262	2343	
0.780215	0.307291	3613	
-0.527750	0.586183	1132	
0.014092	-0.634443	1181	
0.224480	0.021807	686	
0.272352	0.555880	2024	
0.146363	-0.316740	2026	
-0.386754	-0.754574	4868	
0.166369	-0.505476	1099	
0.900430	-0.188064	884	
0.483562	0.245870	5572	
0.451018	0.655855	4835	
0.373894	0.727534	4298	
0.616424	0.290055	1604	
-0.030523	0.674387	2145	
0.067816	-0.283396	5331	
-0.172921	-0.390498	2242	
-0.050146	-0.385889	1307	
-0.594714	-0.470021	1721	
0.239336	-0.086208	933	
-0.277684	-0.723938	3222	
-0.785478	-0.536797	1567	
0.527213	-0.046768	1853	
0.284086	0.015529	4446	
0.066601	0.757878	1026	
-0.790573	-0.182525	3364	
0.140096	-0.263703	4505	
-0.910058	-0.114569	2893	
-0.057714	-0.469020	1915	
