time = 33.25	Re = 90
-0.794948	-0.574595	3206	
-0.802672	-0.562162	3703	
-0.766467	-0.611823	3115	
-0.760146	-0.619161	3115	
-0.717802	-0.669090	2903	
-0.688161	-0.700298	3052	
-0.481800	-0.861976	2445	
-0.626624	0.715493	312	
-0.669025	0.677148	314	
-0.739852	0.601237	4397	
-0.759545	0.576410	322	
-0.772044	0.559540	335	
-0.865342	0.408501	4737	
-0.918996	0.276756	3577	
-0.804239	-0.554125	4145	
-0.674595	-0.711361	3052	
-0.598431	-0.778926	1672	
-0.496249	-0.850751	3477	
-0.258212	-0.957634	2349	
0.267317	0.895047	3567	
0.119376	0.929331	5505	
0.122530	0.928455	5505	
0.126221	0.927397	5505	
-0.081822	0.934946	5606	
-0.200163	0.918444	5467	
-0.352856	0.873564	5736	
-0.466902	0.820553	762	
-0.659518	0.681498	314	
-0.839697	0.452576	869	
-0.933553	0.219930	5046	
-0.470373	-0.864628	1482	
0.891070	-0.183140	4961	
0.909813	-0.047796	4219	
0.910866	-0.004254	4096	
0.909457	0.050245	3491	
0.873936	0.263213	2894	
0.849584	0.335554	5372	
0.765035	0.503197	3194	
0.568863	0.722735	5643	
0.378717	0.844820	5640	
-0.012196	0.934706	459	
-0.425114	0.840313	2383	
-0.588240	0.739434	5212	
-0.784903	0.535532	1086	
-0.923825	0.250390	4921	
-0.426916	-0.886025	3240	
-0.468957	-0.730770	4869	
-0.512723	-0.698716	3594	
-0.431747	-0.754094	3835	
-0.363543	-0.792418	5253	
-0.230009	-0.847321	5237	
-0.101185	-0.874410	5203	
0.176496	-0.862502	3228	
0.457802	-0.756596	5118	
0.756992	-0.476981	5418	
0.891370	-0.163860	4961	
0.876787	0.242534	2894	
0.774663	0.483187	2690	
0.531267	0.749249	3456	
-0.087340	0.929688	5630	
-0.557882	0.759731	744	
-0.784118	0.534085	1086	
-0.950572	0.119531	5307	
-0.294204	-0.940218	3376	
-0.612027	0.576423	4302	
-0.521874	0.656566	3735	
-0.586719	0.600321	3555	
-0.614309	0.572290	4302	
-0.656330	0.524714	593	
-0.792011	0.311259	3855	
-0.842023	-0.161956	2655	
-0.759295	-0.401943	3569	
-0.483400	-0.716752	4757	
-0.096592	-0.873527	5203	
0.202693	-0.854824	4782	
0.516228	-0.717118	4288	
0.806914	-0.389130	3765	
0.893028	0.161849	3049	
0.684423	0.605944	4490	
0.337743	0.859068	5535	
-0.379249	0.857583	5381	
-0.717822	0.615265	1806	
-0.952168	0.099111	712	
-0.540827	-0.814492	2728	
-0.045111	-0.989297	1483	
0.126341	-0.788241	2246	
0.195661	-0.772657	3373	
0.373570	-0.703644	977	
0.495224	-0.624878	2390	
0.597082	-0.529160	1871	
0.694612	-0.399423	1933	
0.818149	-0.057964	2652	
0.728952	0.364272	2322	
0.461867	0.674361	5254	
0.053578	0.835595	2960	
-0.513090	0.659313	3054	
-0.807815	0.268929	4363	
-0.807635	-0.281786	3747	
-0.457238	-0.732122	4753	
0.150058	-0.863482	3492	
0.793024	-0.410234	3684	
0.880859	0.215069	344	
0.540714	0.739276	3456	
-0.168500	0.917049	4971	
-0.718903	0.612235	1806	
-0.924434	0.234674	4921	
-0.646534	-0.728338	2990	
-0.239555	-0.954048	1551	
0.092423	0.769386	342	
0.304457	0.694345	3342	
0.221613	0.740863	900	
-0.094384	0.758099	4304	
-0.579856	0.492288	3261	
-0.784508	0.018030	969	
-0.615524	-0.475858	4976	
-0.225819	-0.768277	1250	
0.332154	-0.721488	1656	
0.708241	-0.375410	1206	
0.752404	0.309541	2637	
0.397566	0.716077	3905	
-0.277250	0.784842	819	
-0.667102	0.505360	2716	
-0.852963	0.063878	5358	
-0.661920	-0.544484	390	
-0.080494	-0.872827	5203	
0.454841	-0.751621	3726	
0.899242	-0.081180	3139	
0.774151	0.476043	2690	
0.283100	0.877709	3567	
-0.543420	0.765002	5554	
-0.882528	0.350914	958	
-0.595353	-0.770873	1672	
-0.545373	-0.473441	4137	
-0.645479	-0.328031	3133	
-0.439319	-0.566202	1404	
-0.056485	-0.741950	3234	
0.515476	-0.518255	3159	
0.753784	-0.053781	5741	
0.412543	0.619334	3083	
-0.082653	0.758586	2822	
-0.682734	0.347556	5402	
-0.774822	-0.082943	4877	
-0.528840	-0.567727	3105	
-0.067446	-0.798335	3957	
0.549400	-0.573257	3201	
0.816660	-0.015691	1148	
0.528722	0.617772	4031	
-0.320184	0.767068	4734	
-0.737516	0.401821	4804	
-0.701978	-0.488315	2456	
-0.079724	-0.872099	5203	
0.406006	-0.776672	5006	
0.885444	0.183204	533	
0.614695	0.673504	5423	
-0.010880	0.927072	641	
-0.703029	0.626154	1806	
-0.955394	-0.032192	2049	
-0.338444	-0.918566	2200	
0.702424	-0.040505	2967	
0.684124	0.160183	4065	
0.242517	0.676921	4417	
-0.534089	0.459624	2852	
-0.714383	-0.110844	2111	
-0.458726	-0.550223	1494	
-0.070616	-0.741289	3860	
0.493437	-0.538894	1519	
0.751250	-0.103879	5667	
0.559770	0.490721	3182	
-0.165045	0.741358	3128	
-0.770845	0.163548	3939	
-0.613219	-0.474087	4976	
0.271366	-0.744036	551	
0.780179	-0.233387	4111	
0.485065	0.652447	2544	
-0.301215	0.773595	387	
-0.825252	0.210488	4457	
-0.628681	-0.579919	2766	
0.101845	-0.868149	789	
0.663438	-0.581128	2865	
0.754949	0.503782	3194	
0.244720	0.888684	5200	
-0.672222	0.656932	5544	
-0.938958	0.159062	728	
-0.415766	-0.883430	3358	
-0.208891	-0.666014	4231	
-0.218315	-0.668070	4231	
-0.226067	-0.665692	4231	
0.628325	-0.268769	5247	
0.700517	-0.008769	4687	
0.439256	0.537144	2286	
-0.458834	0.537768	2094	
-0.708365	-0.133593	2609	
0.054532	-0.731684	3103	
0.684980	-0.285229	4845	
0.587569	0.455814	325	
-0.403549	0.641053	1938	
-0.712810	-0.302363	1298	
0.060476	-0.791721	428	
0.808717	-0.119209	2714	
0.360140	0.734884	1370	
-0.596592	0.580951	3191	
-0.848913	-0.062320	4281	
-0.291880	-0.817689	4605	
0.517446	-0.707843	4099	
0.871992	0.234960	4377	
0.361748	0.843240	4060	
-0.522426	0.775399	5475	
-0.929086	0.202070	5219	
-0.673616	-0.697599	3052	
0.508210	-0.210490	3993	
0.583702	-0.067985	706	
0.620714	-0.076447	490	
-0.232938	-0.648767	3000	
-0.210249	-0.660225	4231	
0.700278	-0.001727	897	
0.097650	0.711888	4122	
-0.723493	-0.013127	2366	
-0.190610	-0.725319	4773	
0.517206	-0.513490	3159	
0.712663	0.214927	1384	
0.044832	0.766275	4977	
-0.702525	0.312758	2954	
-0.519969	-0.572174	2756	
0.518588	-0.598009	2471	
0.738372	0.333953	2335	
0.040503	0.831544	2960	
-0.776798	0.327680	3349	
-0.716807	-0.461126	2718	
0.056365	-0.871555	1614	
0.620510	-0.622593	3136	
0.756970	0.498484	3194	
0.174266	0.905732	5158	
-0.712923	0.612249	1806	
-0.953090	-0.047524	2049	
-0.193941	-0.960526	4894	
0.442642	-0.110769	1597	
0.675952	0.008073	278	
0.637653	0.260431	747	
0.670523	0.138949	2545	
0.668328	-0.047907	455	
-0.229067	-0.643839	3000	
0.662845	-0.223330	1122	
0.595476	0.375380	582	
-0.578722	0.390589	289	
-0.349710	-0.621156	3377	
0.543903	-0.483051	3344	
0.735854	0.114331	2934	
0.028847	0.765510	3305	
-0.726047	0.273992	4473	
-0.545202	-0.547629	1827	
0.338845	-0.713954	1656	
0.771315	0.247324	2721	
-0.006854	0.831067	4538	
-0.797055	0.283426	4363	
-0.656942	-0.543658	390	
0.142777	-0.860721	3492	
0.716831	-0.513634	4150	
0.735772	0.529244	5591	
0.113524	0.915609	1377	
-0.675635	0.650697	5544	
-0.951515	-0.068535	4250	
-0.171009	-0.964649	2923	
0.218372	-0.964496	1898	
0.445349	-0.168808	4213	
0.644967	0.238065	721	
0.268108	0.559225	1327	
0.216566	0.442557	4121	
0.186474	0.403371	471	
0.164574	0.385795	2065	
0.151168	0.384145	3906	
0.150109	0.394785	3906	
0.231191	0.511528	4891	
-0.225307	-0.644221	4231	
0.697898	0.047255	283	
-0.308236	0.636008	735	
-0.226538	-0.709007	980	
0.750155	-0.065330	5616	
-0.059987	0.758179	2309	
-0.768340	-0.103177	4821	
0.126007	-0.780916	2246	
0.810087	-0.098870	2714	
0.462397	0.666618	4229	
-0.480298	0.676160	2634	
-0.823286	-0.207684	2820	
-0.239650	-0.835791	5237	
0.575479	-0.660642	4097	
0.782651	0.453204	5096	
0.186894	0.901657	5002	
-0.769593	0.540311	1086	
-0.950900	-0.066904	4250	
-0.097415	-0.975516	2358	
0.272228	-0.951208	3615	
0.451243	-0.086031	5127	
0.649980	0.222332	784	
0.263362	0.548544	4857	
0.224369	0.447581	4121	
0.214667	0.416012	4849	
0.235269	0.431077	4005	
0.228823	0.416902	5154	
0.203127	0.388850	568	
0.143768	0.362677	1418	
0.120648	0.368955	991	
0.156094	0.407296	366	
-0.233147	-0.650991	3000	
0.243957	0.673676	4417	
-0.586224	-0.417585	1139	
0.564418	-0.455289	2110	
0.335353	0.665062	3233	
-0.753193	0.214662	1228	
-0.377901	-0.676674	1276	
0.742179	-0.307725	5333	
0.484759	0.649012	2544	
-0.642746	0.527609	5024	
-0.787296	-0.317954	3731	
0.029207	-0.871206	910	
0.791802	-0.394649	3449	
0.597896	0.683548	3307	
-0.169879	0.909079	394	
-0.835725	0.435764	4201	
-0.899028	-0.328621	2416	
0.571160	-0.342570	1447	
0.674154	0.091450	1256	
0.274102	0.553294	1170	
0.236897	0.461293	2443	
0.259297	0.474898	674	
0.330147	0.521657	1422	
0.488892	0.440568	1723	
0.599516	0.271295	3014	
0.574696	0.325099	5287	
0.292469	0.497982	1203	
0.178389	0.363320	1393	
0.107369	0.384064	4416	
0.345680	0.565698	3402	
0.698849	0.010708	897	
-0.699873	-0.163224	3311	
0.245129	-0.686830	3950	
0.569343	0.474511	5327	
-0.593142	0.465585	1858	
-0.440456	-0.632929	2072	
0.743521	-0.304050	5333	
0.438483	0.682262	5404	
-0.645507	0.523494	5024	
-0.689833	-0.497007	2456	
0.285898	-0.822634	2754	
0.889955	-0.102784	5221	
0.421783	0.809303	4365	
-0.420349	0.829167	3195	
-0.943878	0.104453	738	
-0.289514	-0.931566	3376	
0.279413	-0.947912	2905	
0.436270	-0.143022	4943	
0.675024	0.035855	283	
0.269753	0.539848	1170	
0.253574	0.483559	5017	
0.321165	0.523506	1333	
0.546394	0.375176	2616	
0.510055	0.049678	2302	
0.383672	0.035978	1582	
0.334759	0.022844	3581	
0.566588	0.057786	2492	
0.385081	0.505898	1583	
0.204637	0.380071	496	
0.098099	0.381048	1826	
0.639952	-0.082836	427	
0.149781	0.710239	4621	
-0.336428	-0.627407	3377	
0.749058	-0.043896	5723	
-0.376862	0.654477	1024	
-0.542523	-0.547164	4026	
0.547977	-0.568257	3201	
0.589426	0.553090	3175	
-0.439906	0.700715	2647	
-0.787548	-0.315395	3731	
0.156387	-0.856564	3492	
0.803013	-0.371986	633	
0.614953	0.666663	5423	
-0.126686	0.914290	353	
-0.863274	0.380259	364	
-0.879678	-0.377851	5238	
0.509803	-0.214103	3993	
0.675047	0.037091	283	
0.275481	0.543587	1170	
0.270139	0.504980	1639	
0.383228	0.513726	1583	
0.542887	0.050552	2241	
0.252598	-0.047140	1098	
-0.558924	-0.323675	2629	
-0.205518	-0.143538	856	
-0.195751	-0.156558	620	
0.035540	-0.264752	3520	
0.337959	0.025860	3581	
0.482487	0.442824	1723	
0.128576	0.348701	1771	
0.132753	0.401652	3473	
0.697653	0.037364	283	
-0.518847	-0.493933	2708	
0.749170	-0.087685	5208	
0.027704	0.762946	3305	
-0.767657	-0.097284	4668	
0.236654	-0.751360	2081	
0.666861	0.455324	1968	
-0.408394	0.718247	2330	
-0.834811	-0.144626	4193	
-0.051445	-0.869299	5072	
0.815384	-0.345412	4162	
0.667047	0.611916	4490	
-0.056066	0.919655	5451	
-0.902405	0.281550	3577	
-0.777305	-0.564304	4809	
0.518181	-0.048276	3258	
0.612324	0.308999	858	
0.289717	0.545601	1170	
0.323300	0.533021	1333	
0.617632	0.225603	4622	
0.273091	-0.021206	539	
-0.217765	-0.300671	5394	
-0.362762	-0.084224	3946	
-0.579741	-0.151410	3081	
-0.455423	-0.422607	536	
-0.499602	-0.383877	1181	
-0.561009	-0.114975	2105	
-0.220377	-0.119705	5638	
0.589709	0.069243	3135	
0.125459	0.344991	1388	
0.171746	0.422636	5468	
0.694179	0.083437	1864	
-0.333993	-0.628141	3377	
0.748227	-0.032409	2577	
-0.452548	0.603362	1226	
-0.584255	-0.501942	2069	
0.736527	-0.314146	294	
0.514334	0.622709	2877	
-0.724400	0.413047	2915	
-0.664484	-0.528782	390	
0.314214	-0.811265	3075	
0.887097	0.130245	2911	
0.138566	0.909360	5140	
-0.782618	0.517929	3490	
-0.921978	-0.244665	875	
-0.200898	-0.615269	2953	
0.556222	-0.050492	401	
0.491272	0.467902	1612	
0.304126	0.544370	1323	
0.457913	0.472817	4842	
0.583191	0.054656	3113	
0.254872	-0.157824	3540	
-0.268208	-0.100004	5339	
-0.582056	-0.190278	2928	
-0.332818	-0.422288	2078	
-0.282421	-0.320240	1174	
-0.275428	-0.265451	2548	
-0.274130	-0.302715	1174	
-0.326136	-0.425592	1956	
-0.427916	-0.082830	3533	
0.259318	-0.021107	539	
0.215525	0.385934	496	
0.145934	0.410180	384	
0.410870	0.554615	302	
-0.286298	-0.663649	3966	
0.711231	0.207059	757	
-0.631416	0.411110	2151	
0.063851	-0.787429	428	
0.781231	0.202797	3060	
-0.069934	0.822993	3716	
-0.847940	0.003825	4186	
-0.143445	-0.857676	1841	
0.676932	-0.555871	2719	
0.525503	0.740038	3456	
-0.397327	0.837046	5367	
-0.947537	0.048161	372	
-0.504061	-0.827654	2644	
-0.099152	-0.638723	4925	
-0.070741	-0.677023	1146	
0.443880	-0.174188	4213	
0.631299	-0.061405	3367	
0.473586	0.481128	1160	
0.328080	0.543083	2710	
0.530422	0.402231	2559	
0.350505	0.022331	2876	
-0.084423	-0.175113	1556	
-0.436954	-0.089438	3533	
-0.411753	-0.440923	2554	
-0.288085	-0.322970	2849	
-0.310613	-0.212589	1987	
-0.343548	-0.183366	1307	
-0.363699	-0.171153	1307	
-0.331636	-0.179018	2642	
-0.271617	-0.238822	5015	
-0.552603	-0.309943	2268	
0.266077	-0.175560	3637	
0.154245	0.340192	2946	
0.227172	0.526395	5363	
0.287546	0.626121	5692	
0.262262	-0.679289	5303	
0.365113	0.641303	2107	
-0.776083	0.096769	354	
0.343647	-0.707469	1656	
0.692776	0.412667	1317	
-0.437495	0.699708	2647	
-0.757490	-0.378062	3778	
0.319871	-0.808227	433	
0.876834	-0.160264	5540	
0.265577	0.876617	521	
-0.684384	0.634842	5609	
-0.928239	-0.212308	907	
-0.009611	-0.978218	2296	
0.449920	-0.069411	5728	
0.518863	-0.044817	3258	
0.637553	-0.056614	4901	
0.655242	0.186888	3524	
0.410299	0.520646	2513	
0.389200	0.520909	1583	
0.630942	0.152392	2209	
0.293491	-0.006099	3525	
-0.188876	-0.186981	1175	
-0.515676	-0.100931	2420	
-0.349642	-0.432379	1745	
-0.290665	-0.259163	2369	
-0.337186	-0.192764	2060	
-0.381082	-0.173889	1266	
-0.421432	-0.167508	2589	
-0.393381	-0.161228	4746	
-0.339325	-0.171427	2028	
-0.273043	-0.319942	3510	
-0.460859	-0.084678	3474	
0.380662	0.504219	1583	
0.062916	0.385713	1249	
-0.231184	-0.644713	3000	
-0.444217	-0.555277	1500	
0.744222	0.027233	1415	
-0.606716	0.444245	2167	
-0.355959	-0.687205	4866	
0.810544	-0.043078	717	
0.152710	0.814514	3217	
-0.824076	0.196628	4457	
-0.311774	-0.802806	4044	
0.697422	-0.529526	3293	
0.556766	0.714638	4123	
-0.255585	0.885996	5165	
-0.946041	0.056562	775	
-0.161020	-0.961855	2923	
0.561114	-0.048416	401	
0.628569	-0.051814	3367	
0.669537	0.069258	546	
0.550231	0.401283	5365	
0.406354	0.518717	1756	
0.509990	0.429131	2092	
0.604283	0.060503	2564	
0.247013	-0.078776	1329	
-0.199985	-0.164677	620	
-0.578767	-0.203509	2353	
-0.316876	-0.391301	2400	
-0.304321	-0.236931	2505	
-0.366745	-0.185890	1307	
-0.431269	-0.177855	2007	
-0.476149	-0.189031	5435	
-0.487579	-0.190319	5435	
-0.464681	-0.166957	4474	
-0.350860	-0.163419	2028	
-0.289921	-0.369130	3208	
-0.084869	-0.178318	1556	
0.182483	0.353677	1393	
0.080947	0.403484	1826	
0.333636	0.597594	357	
0.260144	-0.679743	3950	
0.353254	0.648684	2107	
-0.740114	-0.213466	3112	
0.404265	-0.674114	1606	
0.468723	0.657148	4229	
-0.579935	0.589029	3191	
-0.534585	-0.660434	4678	
0.511265	-0.704968	4099	
0.779289	0.449890	5096	
0.020732	0.919075	491	
-0.865653	0.368531	328	
-0.874178	-0.383725	4941	
0.258822	-0.948708	3615	
0.663022	0.023728	4465	
0.664499	0.114074	1831	
0.608054	0.306897	858	
0.483528	0.466300	1880	
0.483210	0.459863	1880	
0.624013	0.216752	4622	
0.406988	0.033444	1488	
0.041757	-0.302708	787	
-0.290086	-0.097786	5109	
-0.508429	-0.364115	1798	
-0.299292	-0.336454	3807	
-0.314776	-0.226662	1987	
-0.411298	-0.185676	2476	
-0.464932	-0.198884	2248	
-0.489012	-0.235543	4900	
-0.493241	-0.259812	527	
-0.506045	-0.244552	487	
-0.492856	-0.176961	5052	
-0.375531	-0.155042	4746	
-0.295476	-0.385208	3208	
0.227654	-0.084474	1165	
0.130578	0.331739	1771	
0.253807	0.579107	349	
-0.681515	0.244711	3812	
0.601670	-0.397703	1530	
-0.126130	0.743824	3436	
-0.569138	-0.516353	2069	
0.805845	0.060779	4688	
0.025177	0.826258	3544	
-0.845338	-0.033021	3614	
-0.087292	-0.864171	5203	
0.805939	-0.357656	633	
0.434851	0.797615	5349	
-0.630091	0.684878	312	
-0.943962	-0.099477	2430	
0.653622	0.155436	2703	
0.628772	0.252480	747	
0.571899	0.362082	2948	
0.548982	0.389678	2559	
0.603819	0.285428	4763	
0.590587	0.048912	3113	
0.287033	-0.016713	3525	
-0.456127	-0.443445	1436	
-0.400502	-0.090482	2242	
-0.495567	-0.377443	1181	
-0.298623	-0.306268	2849	
-0.337172	-0.214652	2204	
-0.412187	-0.191153	2476	
-0.464839	-0.213810	2291	
-0.476617	-0.247030	4900	
-0.468921	-0.291598	4271	
-0.468533	-0.309985	5387	
-0.481248	-0.307617	5387	
-0.512717	-0.195294	4272	
-0.379079	-0.150815	4746	
-0.498451	-0.389687	1181	
0.516629	0.055140	3033	
0.049703	0.392672	1249	
0.653705	-0.232844	3507	
-0.326023	-0.631556	4230	
0.671927	0.308442	1201	
-0.661552	0.363421	1542	
0.075434	-0.784107	280	
0.640672	0.487123	4325	
-0.439280	0.696573	2647	
-0.657631	-0.532584	390	
0.301631	-0.813084	2754	
0.841751	0.306419	4332	
0.123913	0.909094	5482	
-0.862661	0.372010	328	
-0.849547	-0.434974	4886	
0.639402	0.060279	4136	
0.645501	0.130900	1718	
0.641196	0.123233	1401	
0.631689	0.080713	2442	
0.493930	0.037853	2302	
0.300696	-0.009904	3525	
0.086723	-0.582933	1350	
-0.229633	-0.139407	5638	
-0.499014	-0.102583	2408	
-0.407895	-0.434228	2387	
-0.305354	-0.315833	892	
-0.331079	-0.230309	1987	
-0.400873	-0.203955	2010	
-0.447221	-0.221693	2743	
-0.459895	-0.253359	1610	
-0.448041	-0.290512	2213	
-0.433192	-0.314353	638	
-0.434914	-0.339054	4447	
-0.482743	-0.318140	476	
-0.516936	-0.194152	4221	
-0.290272	-0.185936	3870	
-0.331425	-0.076212	1794	
0.257960	0.436458	2182	
0.108807	0.408037	3666	
0.095698	0.710081	4122	
0.389019	-0.614140	1562	
-0.062640	0.753011	2309	
-0.592863	-0.488195	5239	
0.728146	-0.323065	294	
0.149561	0.813712	2426	
-0.845395	0.043450	2678	
-0.193592	-0.843671	4612	
0.825496	-0.312628	4263	
0.430145	0.799041	4365	
-0.563264	0.736357	960	
-0.930487	-0.188597	907	
-0.017534	-0.975560	2296	
0.554004	0.026955	1402	
0.587806	0.031432	4107	
0.579321	0.033730	1888	
0.465094	0.033752	3921	
0.327122	0.002691	2826	
0.251384	-0.125680	432	
-0.347167	-0.477949	4923	
-0.246248	-0.127038	5648	
-0.523126	-0.111860	2587	
-0.467315	-0.400121	4383	
-0.318416	-0.352985	3644	
-0.322405	-0.257381	2059	
-0.369983	-0.219977	2324	
-0.420567	-0.223800	1915	
-0.435341	-0.244545	2223	
-0.431000	-0.267851	1760	
-0.418385	-0.290681	2125	
-0.404982	-0.322022	650	
-0.424642	-0.357340	3956	
-0.492222	-0.316592	5357	
-0.455318	-0.148112	5271	
-0.267052	-0.323532	3510	
0.478576	-0.393029	1906	
0.050081	0.378598	1225	
-0.210755	-0.659538	4231	
-0.665188	-0.266436	2451	
0.721403	0.164120	4000	
-0.684444	0.327937	5740	
0.237625	-0.747365	1664	
0.668877	0.446056	1968	
-0.401276	0.717136	2330	
-0.750177	-0.386525	3569	
0.532079	-0.687540	4038	
0.839099	0.309611	4332	
0.031430	0.916770	3947	
-0.907830	0.250451	2816	
-0.765384	-0.573188	4809	
0.470209	-0.866744	2079	
0.307556	-0.032310	5319	
0.314364	-0.020437	3525	
0.300593	-0.025869	5319	
0.269349	-0.064407	5374	
0.259101	-0.136149	485	
0.046333	-0.334628	4599	
-0.203859	-0.261540	291	
-0.270117	-0.116456	5339	
-0.536997	-0.124053	2993	
-0.523359	-0.333772	1692	
-0.361771	-0.415865	2262	
-0.319133	-0.318816	892	
-0.337161	-0.260755	2059	
-0.367954	-0.244855	2157	
-0.382225	-0.248956	2157	
-0.391463	-0.259763	2273	
-0.389822	-0.278734	2103	
-0.383095	-0.309642	3391	
-0.394519	-0.358076	4553	
-0.469017	-0.348791	2773	
-0.523692	-0.184519	4221	
-0.324994	-0.156556	2642	
-0.573567	-0.120812	2105	
0.503337	0.419220	1785	
0.034589	0.433280	386	
0.363502	0.580786	499	
0.122112	-0.715781	1260	
0.364405	0.638517	2529	
-0.743710	-0.192779	3222	
0.584000	-0.523495	1508	
0.321736	0.747847	1090	
-0.751300	0.359877	2651	
-0.331968	-0.789039	5579	
0.731225	-0.477613	1064	
0.472637	0.771515	1281	
-0.554105	0.740620	960	
-0.910307	-0.269750	1063	
0.265985	-0.943040	2905	
0.316912	-0.195471	1576	
0.286092	-0.163990	4053	
0.281455	-0.162128	4053	
0.312706	-0.199846	1576	
0.389803	-0.516420	4481	
-0.247894	-0.051398	1825	
-0.200403	-0.240449	4498	
-0.268923	-0.121934	5229	
-0.444218	-0.102431	4940	
-0.565992	-0.186945	1588	
-0.474116	-0.385273	5026	
-0.367592	-0.409194	2775	
-0.337279	-0.357851	3062	
-0.335974	-0.326114	950	
-0.342553	-0.308799	2314	
-0.350905	-0.310065	2314	
-0.359871	-0.326345	824	
-0.374304	-0.361339	3597	
-0.407522	-0.382284	2777	
-0.502541	-0.318445	5357	
-0.520930	-0.173296	2326	
-0.294217	-0.171639	3418	
-0.576346	-0.258991	2556	
0.614416	0.113065	1845	
0.043108	0.378386	1225	
0.654912	0.216273	784	
-0.704826	-0.116290	1652	
0.746010	-0.052814	5741	
-0.301335	0.687529	4241	
-0.100890	-0.786370	5110	
0.804001	0.048459	5620	
-0.236321	0.784558	1994	
-0.793248	-0.282411	3079	
0.303109	-0.809900	2754	
0.827594	0.335665	5629	
-0.062163	0.914473	5451	
-0.943079	0.038529	372	
-0.659465	-0.694614	464	
0.039655	-0.324189	4599	
0.057053	-0.448654	3707	
0.056714	-0.437255	3802	
0.035153	-0.289975	787	
-0.090760	-0.182134	5226	
-0.600083	-0.145481	519	
-0.245792	-0.341326	4826	
-0.227984	-0.168277	395	
-0.285190	-0.119335	5229	
-0.468611	-0.110530	3443	
-0.555125	-0.161744	2919	
-0.525901	-0.314920	1252	
-0.448948	-0.395586	5189	
-0.411658	-0.408412	2841	
-0.402192	-0.403985	2857	
-0.410214	-0.399958	2841	
-0.429433	-0.392241	3319	
-0.460322	-0.372349	5042	
-0.513924	-0.306089	1252	
-0.530135	-0.180039	2326	
-0.396387	-0.133309	4317	
-0.248570	-0.266864	3819	
-0.380436	-0.075398	3724	
0.563973	0.063538	2492	
0.085828	0.328327	3251	
0.151208	0.423405	366	
0.161843	0.707412	1284	
0.329630	-0.646591	676	
0.208887	0.735212	900	
-0.603711	-0.471739	4976	
0.704330	-0.357649	1270	
0.131869	0.814758	4904	
-0.832156	0.144763	2450	
-0.184136	-0.843194	4612	
0.838001	-0.273608	3648	
0.359074	0.833348	4060	
-0.632781	0.675546	298	
-0.849930	-0.426572	4886	
-0.127846	-0.196426	5654	
-0.096702	-0.181208	2327	
-0.130923	-0.148056	696	
-0.323738	-0.057598	3646	
-0.478240	-0.422617	412	
-0.223008	-0.278688	4968	
-0.221818	-0.193598	4859	
-0.261160	-0.143178	3631	
-0.358196	-0.112814	5144	
-0.448520	-0.115257	5424	
-0.495753	-0.125046	2385	
-0.523288	-0.141903	2832	
-0.510942	-0.137736	2245	
-0.515215	-0.143822	2832	
-0.511330	-0.144224	2832	
-0.449909	-0.128746	5271	
-0.363016	-0.131232	946	
-0.293684	-0.161653	3418	
-0.254409	-0.308519	3510	
-0.585884	-0.226440	2573	
-0.267572	-0.392965	3106	
0.599900	0.257946	4606	
0.063225	0.341201	1426	
0.071187	0.426496	413	
0.503153	0.482946	2121	
-0.125657	-0.732563	2882	
0.656056	0.337766	1939	
-0.744887	0.220319	1211	
0.437987	-0.648348	1775	
0.363582	0.722109	1370	
-0.827209	0.167855	4129	
-0.438901	-0.725459	4603	
0.762251	-0.426925	4305	
0.380110	0.822907	3877	
-0.621693	0.685092	304	
-0.895970	-0.311616	2416	
0.371317	-0.907287	1924	
-0.552538	-0.086364	4657	
-0.310209	-0.445126	1099	
-0.217200	-0.238229	4498	
-0.235944	-0.173920	395	
-0.302125	-0.125075	2482	
-0.376837	-0.114423	3360	
-0.425991	-0.116037	4940	
-0.449442	-0.119819	5424	
-0.444554	-0.121113	5424	
-0.434719	-0.122794	4940	
-0.388498	-0.124317	4317	
-0.320563	-0.141459	586	
-0.270875	-0.179548	4076	
-0.246495	-0.285058	3398	
-0.469869	-0.420463	412	
-0.268753	-0.078744	5054	
0.239190	-0.038152	1098	
0.272535	0.450130	3275	
0.049701	0.353206	1426	
0.031629	0.467124	4564	
0.681492	0.158823	4065	
-0.446129	-0.549824	1500	
0.658413	0.332954	1636	
-0.588999	0.460882	1858	
-0.128100	-0.781909	4522	
0.702226	0.386741	1068	
-0.481038	0.664047	2334	
-0.522077	-0.663880	4326	
0.657573	-0.568895	2446	
0.654459	0.614089	4626	
-0.350260	0.848949	5682	
-0.921972	-0.213823	665	
0.147955	-0.964030	4016	
-0.230658	-0.069537	1825	
-0.570608	-0.097258	550	
-0.381756	-0.473370	1277	
-0.240125	-0.309334	2827	
-0.222708	-0.231037	4498	
-0.229313	-0.204757	5113	
-0.239581	-0.193013	5113	
-0.239597	-0.199865	5113	
-0.232740	-0.250604	4679	
-0.269879	-0.358893	3708	
-0.435456	-0.446308	5445	
-0.380162	-0.072425	3724	
-0.188310	-0.146252	620	
0.220305	-0.089962	1165	
0.485852	0.055525	2879	
0.466621	0.451490	2586	
0.184753	0.338303	3215	
0.073102	0.326971	3251	
0.011873	0.447840	771	
0.047617	0.450287	5063	
-0.230602	-0.644197	3000	
-0.713377	0.162712	1046	
0.715857	-0.223887	882	
-0.153117	0.734098	2046	
-0.500225	-0.577110	2890	
0.803191	0.040993	5620	
-0.285967	0.766161	819	
-0.658966	-0.524116	390	
0.426608	-0.752006	3047	
0.677028	0.587106	4225	
-0.298562	0.867395	4203	
-0.934897	-0.135710	935	
0.123728	-0.966532	2583	
0.686988	-0.711384	682	
-0.243585	-0.070086	4391	
-0.525038	-0.081147	3093	
-0.586459	-0.247292	2556	
-0.383996	-0.469774	1277	
-0.377503	-0.469456	3617	
-0.365562	-0.468646	4050	
-0.554812	-0.316847	2268	
-0.448751	-0.076395	3533	
-0.268662	-0.074732	5054	
0.070676	-0.540870	1818	
0.253179	-0.008623	585	
0.562709	0.336765	2640	
0.207632	0.353846	1960	
0.123560	0.307662	2596	
0.043345	0.344143	1917	
0.010196	0.423883	807	
0.005253	0.473164	4511	
0.015870	0.519146	2621	
0.060659	0.440868	5063	
-0.227773	-0.665003	4231	
-0.259746	0.653879	3023	
0.337944	-0.640864	676	
0.445092	0.579874	867	
-0.690390	-0.330778	1643	
0.564211	-0.540990	1780	
0.198676	0.798329	3001	
-0.799448	-0.258472	3794	
0.207335	-0.836837	4582	
0.885849	0.005474	2656	
-0.095404	0.909509	4131	
-0.942121	-0.016537	5029	
-0.565011	-0.773155	1173	
-0.230393	-0.332325	4826	
-0.159916	-0.181039	531	
-0.171509	-0.228768	5331	
-0.099255	-0.161928	1556	
0.220043	-0.071888	1376	
0.445484	0.054494	3591	
0.353329	0.501453	1884	
0.134417	0.297390	2596	
0.027216	0.349935	1511	
-0.007983	0.499648	2181	
0.009225	0.608755	1532	
0.024407	0.622806	1395	
0.039417	0.598784	4801	
0.038906	0.537537	5390	
0.048175	0.480922	4033	
0.097993	0.434672	381	
0.166752	0.436690	5711	
0.224983	0.535912	4893	
0.645141	-0.229413	3507	
0.630775	0.307895	858	
-0.549726	0.420706	1913	
0.596895	-0.397658	1530	
-0.363417	0.654057	4694	
-0.105802	-0.783320	5110	
0.516608	0.611376	2752	
-0.748856	0.356836	2651	
-0.144130	-0.849581	1841	
0.846149	-0.243723	5256	
0.178008	0.893589	5002	
-0.850871	0.382451	364	
-0.710420	-0.635478	1107	
0.475336	-0.399630	1906	
0.223450	-0.052180	1378	
0.372912	0.046049	3019	
0.463873	0.450312	2586	
0.183690	0.319030	813	
0.059426	0.308722	4189	
-0.008222	0.438686	771	
-0.003681	0.572572	4493	
0.000138	0.631747	1894	
0.026571	0.638823	1382	
0.045022	0.551938	475	
0.094627	0.437785	5011	
0.127137	0.430566	1159	
0.219327	0.529328	3808	
0.216730	0.518215	4891	
0.274119	0.593985	5142	
0.681953	0.029492	278	
-0.212387	-0.657067	4231	
-0.209952	-0.661005	4231	
0.091396	0.709321	4122	
0.233420	-0.684749	4008	
0.133206	0.752282	4534	
-0.498149	-0.577293	2890	
0.761672	0.243185	2721	
-0.618126	0.539179	5649	
-0.416784	-0.736489	3798	
0.815919	-0.319968	3304	
0.301242	0.855528	5522	
-0.815898	0.446755	4201	
-0.739033	-0.599577	5560	
-0.167578	-0.097626	1341	
0.216875	-0.059335	1600	
0.467056	0.059213	2963	
0.364776	0.497629	3924	
0.177615	0.310616	3215	
0.043104	0.314474	4055	
-0.014601	0.465120	3971	
-0.009776	0.615396	2237	
-0.042419	0.654236	1484	
0.010825	0.654502	1398	
0.056403	0.486212	5085	
0.225381	0.572189	3795	
-0.693654	-0.159551	3311	
0.504368	0.530932	2691	
-0.754157	-0.130933	2396	
0.796975	0.082727	4880	
-0.315065	0.752637	3913	
-0.590108	-0.598851	3375	
0.718551	-0.488926	1064	
0.321948	0.846654	2997	
-0.816107	0.445309	4201	
-0.794742	-0.519403	5062	
0.536943	-0.820734	4159	
0.243694	0.002558	715	
0.598666	0.246498	4606	
0.216058	0.348193	4569	
0.093789	0.280773	4006	
-0.004811	0.394483	983	
-0.015824	0.565867	4493	
-0.060675	0.650468	1528	
-0.071306	0.662042	1621	
0.048498	0.640962	1028	
0.071317	0.460059	5713	
0.292951	0.592912	1824	
-0.381501	0.590493	857	
0.719341	-0.211942	882	
-0.759602	-0.098031	4668	
0.744814	-0.282713	5235	
-0.210966	0.788065	2810	
-0.572793	-0.615160	3343	
0.769718	-0.408637	3675	
0.376450	0.820628	3877	
-0.759670	0.528861	3490	
-0.724201	-0.616484	1107	
0.280787	0.029046	691	
0.451189	0.457505	2586	
0.180857	0.306775	4284	
0.033656	0.309468	4089	
-0.020213	0.477116	3161	
-0.044366	0.636367	2233	
-0.154328	0.648428	4646	
-0.140131	0.657580	4646	
0.043064	0.653200	5502	
0.058404	0.486043	5085	
0.667015	-0.097136	2916	
-0.121453	0.691603	1290	
0.707026	-0.237719	4048	
-0.770790	0.058590	348	
0.588221	-0.511815	1508	
-0.139710	0.804200	5077	
-0.603664	-0.583698	3141	
0.775450	-0.397734	3449	
0.414708	0.799548	4365	
-0.791045	0.482739	5038	
-0.723662	-0.616374	1107	
0.635701	-0.749045	2168	
0.314008	0.040093	4401	
0.338065	0.492713	1884	
0.127161	0.271621	4497	
0.022782	0.313488	3600	
-0.023692	0.531393	4404	
-0.064822	0.637212	1967	
-0.265476	0.618089	2560	
-0.257386	0.626798	2144	
-0.007443	0.668285	2170	
0.055494	0.538403	4030	
0.226856	0.601083	3961	
-0.559256	0.404546	545	
0.734973	-0.157981	2058	
-0.770432	0.035528	1000	
0.741393	-0.287598	5333	
-0.083223	0.812817	3660	
-0.671057	-0.502949	481	
0.798106	-0.354252	633	
0.241707	0.874608	521	
-0.663224	0.639008	492	
-0.712969	-0.628417	1107	
0.628832	-0.753728	4182	
0.377224	0.491002	4790	
0.140954	0.268742	3468	
0.052243	0.280667	5211	
-0.026977	0.491813	3161	
-0.059201	0.631052	1967	
-0.273713	0.610464	2560	
-0.410810	0.533706	758	
-0.350183	0.582567	893	
-0.049127	0.671687	1528	
0.059390	0.547253	475	
0.206609	0.550601	3881	
0.249128	0.612693	1061	
0.239841	0.627964	4175	
0.222297	0.659963	1081	
0.652121	-0.232786	3507	
-0.555760	0.410280	545	
0.703715	0.213895	757	
-0.741879	0.220094	1211	
0.783844	-0.183553	1163	
-0.257875	0.772725	2169	
-0.491414	-0.682458	3806	
0.764762	-0.415025	4305	
0.191997	0.887774	5002	
-0.789096	0.483581	5038	
-0.699292	-0.643463	4541	
0.174853	-0.104989	692	
0.224366	0.003915	715	
0.607176	0.141972	1634	
0.256000	0.395754	3160	
0.106282	0.257106	4548	
0.014575	0.307947	3600	
-0.029960	0.551646	1008	
-0.109849	0.637986	4700	
-0.391317	0.542987	1208	
-0.496029	0.438524	1618	
-0.505461	0.432435	1832	
-0.405294	0.546717	758	
-0.191337	0.654226	1603	
-0.035833	0.675100	2581	
0.052964	0.667256	5502	
0.028144	0.673263	2256	
-0.003834	0.676469	2170	
-0.070292	0.676456	1621	
0.037415	0.673309	5502	
0.222874	0.661563	1081	
0.125370	0.708993	3658	
-0.262533	-0.675301	4716	
0.450518	0.573563	867	
-0.686387	-0.332742	1643	
0.797844	0.061013	4688	
-0.526310	0.623439	2658	
-0.367852	-0.762362	5139	
0.834408	-0.269078	4375	
0.077209	0.906367	4074	
-0.874907	0.318827	879	
-0.659106	-0.685309	464	
0.727166	-0.662269	1074	
0.133143	-0.160893	686	
0.054955	-0.308093	4911	
0.051472	-0.255437	4978	
0.233197	0.017835	1799	
0.329849	0.485093	1900	
0.102947	0.252956	5552	
0.019151	0.294381	3600	
-0.030226	0.442110	4235	
-0.112599	0.635061	4700	
-0.312127	0.587680	4754	
-0.514259	0.397700	4480	
-0.540177	0.329132	2828	
-0.543411	0.305246	2173	
-0.542836	0.291814	1145	
-0.534927	0.274784	1096	
-0.525955	0.264682	4662	
-0.522123	0.257507	4662	
-0.534717	0.258231	2082	
-0.557952	0.351125	4464	
0.662539	-0.223017	1122	
-0.577718	0.372058	289	
0.464147	-0.551087	1443	
-0.246497	0.703052	1950	
0.006138	-0.782497	4092	
0.525135	0.599919	2752	
-0.836164	0.073996	5358	
0.095049	-0.852186	4556	
0.879337	0.050855	2592	
-0.199646	0.888585	5337	
-0.933801	-0.092730	2430	
-0.491970	-0.817922	631	
0.834604	-0.527274	2607	
0.117020	-0.183488	415	
0.067802	-0.427328	3802	
0.455042	-0.428480	520	
0.325798	-0.242541	936	
0.224471	-0.203887	3399	
0.191928	-0.204839	5266	
0.203026	-0.196905	5266	
0.309690	-0.228313	2883	
0.058613	-0.366711	3817	
0.604102	0.131627	1845	
0.141041	0.253097	4798	
0.007541	0.299059	3600	
-0.038338	0.555607	356	
-0.247690	0.611508	2144	
-0.431939	0.499867	4602	
-0.512096	0.383642	4072	
-0.509595	0.288279	1574	
-0.464695	0.250636	4045	
-0.425282	0.217706	4712	
-0.429973	0.207504	4280	
-0.505448	0.450730	2546	
0.654174	-0.232825	3507	
-0.433131	-0.553275	1404	
0.719932	0.146284	3167	
-0.739699	0.223623	1211	
0.620491	-0.469434	4669	
-0.022942	0.816767	3499	
-0.727852	-0.412338	2332	
0.374979	-0.772010	2753	
0.763645	0.447066	3099	
-0.404530	0.819070	3195	
-0.895341	-0.289974	985	
0.372041	-0.899003	1924	
0.861416	-0.483315	1485	
0.150166	-0.603967	5344	
0.077438	-0.515938	1633	
0.451725	-0.326159	2532	
0.220160	-0.214167	3399	
0.142607	-0.251790	1047	
0.109118	-0.310871	4713	
0.098145	-0.382619	2543	
0.096258	-0.413750	1521	
0.095848	-0.440332	2974	
0.094404	-0.444920	3826	
0.090817	-0.354378	3693	
0.113249	-0.255274	370	
0.167931	-0.198656	5489	
0.049663	-0.272529	787	
0.110319	0.241555	800	
-0.004087	0.308852	3883	
-0.039895	0.494156	2864	
-0.230048	0.613993	1667	
-0.517586	0.328519	4266	
-0.421081	0.227558	3942	
-0.396846	0.177218	5454	
0.084138	0.664568	5039	
-0.336134	0.617404	581	
0.472727	-0.542625	1443	
0.080842	0.752752	4075	
-0.410833	-0.639137	962	
0.798855	0.032551	5620	
-0.535338	0.613724	2377	
-0.541055	-0.639606	5019	
0.799142	-0.347266	3143	
0.312380	0.845549	4103	
-0.753395	0.529201	3068	
-0.706647	-0.630958	4541	
0.597057	-0.773609	4335	
0.045227	0.221311	697	
0.098452	0.210013	968	
0.205144	-0.000509	695	
0.198601	-0.159011	1134	
0.065559	-0.342186	3693	
0.463507	-0.349658	457	
0.239852	-0.219568	3399	
0.146482	-0.259302	1047	
0.106381	-0.370826	2543	
0.114011	-0.505622	2945	
0.200777	-0.566576	5210	
0.338813	-0.516812	2227	
0.412568	-0.439606	3088	
0.422614	-0.423245	2918	
0.429773	-0.407423	613	
0.422434	-0.433676	3088	
0.335655	-0.527427	2591	
0.145906	-0.573869	2780	
0.085902	-0.387982	2543	
0.129181	-0.222995	5626	
0.083677	-0.187205	1340	
-0.011815	0.318543	3630	
-0.265977	0.600739	2203	
-0.408454	0.223075	4495	
-0.399228	0.166301	436	
0.652453	-0.222176	1122	
-0.350991	-0.603675	3131	
0.689593	0.250273	2567	
-0.616084	0.414576	1525	
0.194719	-0.750506	3373	
0.444954	0.661711	4549	
-0.777153	0.292175	2469	
0.026449	-0.856043	429	
0.876429	-0.069383	4409	
-0.002755	0.907759	641	
-0.927271	0.107555	738	
-0.565133	-0.764270	1173	
-0.424529	0.487288	4602	
-0.226727	0.604090	1667	
-0.051375	0.453593	3677	
0.041702	0.228678	577	
0.073293	-0.537574	2987	
0.072745	-0.443140	3826	
0.406993	-0.295557	2238	
0.179004	-0.238441	5336	
0.112706	-0.359779	3152	
0.137312	-0.537466	2892	
0.293012	-0.537407	1302	
0.411823	-0.420142	3082	
0.394629	-0.351099	2421	
0.347623	-0.323119	3444	
0.304575	-0.309981	4942	
0.285697	-0.305712	4367	
0.275074	-0.302926	4367	
0.278386	-0.297605	2601	
0.333306	-0.299795	3534	
0.438708	-0.373111	2104	
0.200887	-0.581624	4567	
0.087337	-0.299837	4871	
0.187052	0.286157	1357	
-0.109063	0.624464	3661	
-0.368940	0.165384	838	
-0.464112	0.218481	4152	
-0.451431	0.535230	4002	
0.210851	-0.688831	4195	
0.149172	0.746164	4870	
-0.448948	-0.611003	2611	
0.735849	-0.291913	5333	
-0.025835	0.815410	3499	
-0.688641	-0.473190	2042	
0.479301	-0.712037	3779	
0.777411	0.417663	5618	
-0.515619	0.754666	5678	
-0.841083	-0.423858	4886	
-0.232257	-0.929926	4428	
-0.280631	0.145320	3521	
-0.315339	0.188996	1678	
-0.468201	0.301496	1403	
-0.051786	0.480320	3044	
0.169890	-0.110431	607	
0.073079	-0.438178	3826	
0.354887	-0.268059	3561	
0.158124	-0.261263	3522	
0.113324	-0.433060	889	
0.249174	-0.550378	4458	
0.398720	-0.441462	1589	
0.388949	-0.355521	2588	
0.320936	-0.325932	4942	
0.263181	-0.331193	5543	
0.233831	-0.342180	1265	
0.217320	-0.352111	2061	
0.214042	-0.340349	1306	
0.209736	-0.334925	1306	
0.232008	-0.305792	4855	
0.304513	-0.288328	2243	
0.443938	-0.388445	2104	
0.089641	-0.489491	2851	
0.402050	0.480013	338	
-0.496548	0.402316	2908	
-0.365701	0.134148	1830	
-0.060192	0.679143	990	
-0.708634	0.041421	1441	
0.738151	-0.026011	3603	
-0.477488	0.568890	1817	
0.124176	-0.766105	5476	
0.605108	0.515083	596	
-0.648501	0.494026	5048	
-0.412025	-0.732797	3798	
0.760132	-0.415608	4305	
0.364707	0.819620	4060	
-0.659992	0.636156	343	
-0.770969	-0.544413	5452	
0.538011	-0.812243	4159	
-0.315245	0.027518	615	
-0.289564	0.071512	4010	
-0.303853	0.170402	2624	
-0.474622	0.422796	1596	
0.055934	0.227150	5370	
0.067717	-0.320923	4911	
0.365173	-0.274210	3561	
0.145709	-0.286654	3824	
0.119857	-0.476626	3955	
0.296249	-0.530066	1802	
0.406697	-0.402591	3082	
0.338271	-0.336255	5428	
0.275789	-0.335917	5543	
0.241694	-0.357148	2149	
0.219473	-0.379917	2011	
0.205629	-0.393054	2156	
0.195745	-0.389797	1961	
0.189124	-0.373112	1961	
0.203293	-0.327634	1306	
0.244939	-0.292293	949	
0.396697	-0.318439	2663	
0.091539	-0.505587	2851	
0.238916	0.359893	4825	
-0.495889	0.297586	1445	
-0.375287	0.125614	1429	
0.644942	-0.228443	3507	
0.063641	-0.717618	3103	
0.445483	0.574859	867	
-0.705834	-0.281152	1653	
0.433180	-0.642087	1775	
0.209554	0.789533	2070	
-0.833555	0.076825	5358	
0.069907	-0.852115	2448	
0.878051	-0.010264	3267	
-0.113350	0.900131	3472	
-0.863471	0.333843	2185	
-0.653363	-0.685528	464	
0.764664	-0.613088	1676	
-0.442852	-0.020297	4353	
-0.359929	0.004793	2015	
-0.292179	0.078043	4010	
-0.316702	0.181087	1678	
-0.045804	0.419824	3780	
0.185828	-0.165008	915	
0.420857	-0.307638	2981	
0.155752	-0.278070	3292	
0.129763	-0.502576	3941	
0.351756	-0.491005	1850	
0.380727	-0.365384	2588	
0.307262	-0.345245	5345	
0.255282	-0.365648	2477	
0.232126	-0.392737	1954	
0.221613	-0.422013	2272	
0.213143	-0.443604	2129	
0.201104	-0.445938	2129	
0.186622	-0.434162	1454	
0.177799	-0.377033	1882	
0.204790	-0.315690	2027	
0.372178	-0.303849	2771	
0.083998	-0.435322	3826	
0.044805	0.250957	746	
-0.402188	0.226250	4495	
-0.493198	0.227499	4024	
-0.519830	0.460871	3126	
0.567392	-0.432215	2110	
-0.314370	0.672646	1609	
-0.210753	-0.755965	1250	
0.777229	0.165951	2747	
-0.222169	0.780040	1994	
-0.654332	-0.518361	390	
0.476485	-0.712348	3779	
0.783139	0.403399	5151	
-0.353849	0.838079	4407	
-0.899612	-0.263972	1972	
-0.484790	-0.818137	5456	
0.853104	-0.488962	2364	
-0.598528	-0.025890	580	
-0.528727	-0.021123	5577	
-0.385226	-0.000225	1235	
-0.290735	0.103420	5157	
-0.431643	0.482993	3429	
0.138973	-0.123018	686	
0.452269	-0.419740	520	
0.157728	-0.279471	3292	
0.151758	-0.531307	2735	
0.346550	-0.493263	1346	
0.371142	-0.366401	2244	
0.293569	-0.355155	2441	
0.257775	-0.377014	2067	
0.242662	-0.415824	2393	
0.248514	-0.441315	2062	
0.248039	-0.464758	2062	
0.232954	-0.477553	2180	
0.207251	-0.479442	3659	
0.169461	-0.433524	1438	
0.207610	-0.302842	2027	
0.446543	-0.401385	613	
0.356805	-0.251796	4352	
-0.406223	0.515417	4584	
-0.378732	0.110985	1429	
0.657930	-0.232701	3507	
-0.010919	-0.723480	2115	
0.231559	0.718939	804	
-0.687761	-0.320969	1199	
0.709831	-0.333007	347	
0.221767	0.784614	3692	
-0.815694	0.180140	3822	
0.001704	-0.854341	429	
0.847135	-0.220288	5227	
0.155317	0.890267	3718	
-0.778510	0.488524	5038	
-0.715277	-0.616172	1107	
0.596597	-0.770219	4335	
-0.652633	-0.129490	1804	
-0.647752	-0.054010	3598	
-0.588134	-0.012462	508	
-0.414308	-0.005440	844	
-0.303436	0.152014	2624	
-0.034516	0.352376	3476	
0.076840	-0.461867	3462	
0.182117	-0.260682	1245	
0.133638	-0.495351	3955	
0.339356	-0.495421	1346	
0.367219	-0.373316	2244	
0.298915	-0.365055	2441	
0.269014	-0.389813	2067	
0.264283	-0.416602	2393	
0.278829	-0.435485	2454	
0.275803	-0.458373	1853	
0.257269	-0.484406	4080	
0.200762	-0.488628	3805	
0.163084	-0.423838	1417	
0.218122	-0.290560	4855	
0.250596	-0.574710	1828	
0.077783	0.235461	5370	
-0.348876	0.139761	1021	
-0.245861	0.642189	2523	
-0.558972	-0.434210	3040	
0.689362	0.245211	2567	
-0.715899	0.263860	4563	
0.043777	-0.776006	601	
0.726474	0.318164	1727	
-0.412458	0.697432	1321	
-0.564556	-0.614682	3343	
0.656646	-0.555438	2446	
0.770847	0.424421	5618	
-0.466592	0.781946	4341	
-0.923374	-0.140769	935	
-0.489492	-0.813826	631	
0.833617	-0.517192	3392	
-0.661369	-0.106329	1804	
-0.660441	-0.058422	3598	
-0.644977	-0.025963	1921	
-0.565906	-0.008469	1169	
-0.320843	0.051177	3572	
-0.452061	0.459690	2670	
0.099356	-0.225326	4916	
0.270554	-0.241403	3776	
0.126693	-0.450169	1027	
0.282431	-0.527967	5371	
0.379421	-0.402816	3366	
0.326679	-0.374957	785	
0.297901	-0.390527	1930	
0.298881	-0.407883	2288	
0.309328	-0.429734	4419	
0.309916	-0.457835	463	
0.251162	-0.499861	5291	
0.180029	-0.486918	602	
0.182370	-0.321554	2976	
0.450126	-0.373541	549	
0.047738	-0.243719	4978	
-0.349828	0.168944	826	
-0.429993	0.186915	5588	
-0.590949	0.345505	896	
0.732766	0.038294	1239	
-0.279166	0.686811	1105	
-0.396366	-0.645339	962	
0.794520	0.045719	4507	
-0.236943	0.774058	1994	
-0.748114	-0.364692	2661	
0.308890	-0.794519	337	
0.869785	0.104024	1811	
0.049233	0.902681	3655	
-0.829958	0.398344	3931	
-0.688317	-0.645642	4541	
0.046805	-0.959275	714	
0.958795	-0.239585	4421	
-0.579057	0.051360	2679	
-0.613903	0.047507	3464	
-0.632787	0.034033	1450	
-0.632077	-0.000012	1420	
-0.452451	-0.008741	4561	
-0.309352	0.156363	2624	
0.221377	0.018829	1799	
0.354045	-0.273226	3332	
0.128664	-0.379705	1724	
0.200491	-0.541198	932	
0.362917	-0.457346	1863	
0.360842	-0.404132	2856	
0.345068	-0.404128	5053	
0.337756	-0.419024	4270	
0.327189	-0.457526	840	
0.281355	-0.495281	987	
0.165672	-0.479670	602	
0.176334	-0.323596	2976	
0.448325	-0.360302	457	
0.097159	0.230471	800	
-0.360595	0.188983	1126	
-0.400862	0.140487	392	
-0.657687	0.255748	4148	
0.731867	-0.151977	2058	
-0.455908	0.583389	1516	
-0.367867	-0.663628	1276	
0.786574	-0.150562	1130	
-0.149424	0.795967	2428	
-0.832795	-0.017933	3247	
-0.283345	-0.798287	4478	
0.814218	-0.304862	2449	
0.632037	0.615772	4626	
-0.564140	0.716047	5373	
-0.850738	-0.393848	984	
-0.174016	-0.940158	4372	
0.912547	-0.366916	4309	
0.184164	0.592231	3006	
0.102377	0.667686	4090	
-0.427025	0.118516	4829	
-0.603697	0.036434	1430	
-0.592151	0.003862	508	
-0.315560	0.070685	3841	
-0.059007	0.573961	500	
0.121220	-0.580014	4724	
0.195027	-0.261172	1245	
0.154454	-0.513619	3519	
0.283494	-0.519758	5371	
0.350853	-0.459186	5483	
0.348795	-0.449058	5483	
0.330879	-0.467080	840	
0.271177	-0.507230	5687	
0.166430	-0.489578	602	
0.171855	-0.324842	2976	
0.443484	-0.347512	4259	
0.144863	0.240187	4798	
-0.366138	0.198638	1195	
-0.397842	0.127566	2936	
-0.211388	0.668116	2579	
0.578663	-0.413275	1546	
-0.038648	0.743528	1322	
-0.588957	-0.474811	5239	
0.650251	-0.419061	2971	
0.094975	0.810444	2985	
-0.796795	0.233978	2761	
-0.258042	-0.808013	4555	
0.824456	-0.278422	3858	
0.474526	0.748490	332	
-0.456058	0.785538	5097	
-0.901121	-0.244218	1972	
-0.361622	-0.879562	5397	
0.831555	-0.515920	2607	
0.229694	0.659889	3471	
-0.426170	0.139013	4927	
-0.602465	0.025214	1585	
-0.472517	-0.004296	3879	
-0.395204	0.241550	3537	
0.235740	-0.179352	4946	
0.428126	-0.318814	2221	
0.167072	-0.293771	3292	
0.139231	-0.457022	790	
0.150022	-0.489517	602	
0.156481	-0.495446	636	
0.144064	-0.437401	1951	
0.170860	-0.314822	2976	
0.330174	-0.275946	3332	
0.078324	-0.391082	3513	
-0.011014	0.301299	3883	
-0.338437	0.111765	4157	
-0.408230	0.148680	392	
-0.592246	0.342904	896	
0.682297	-0.264884	4765	
-0.027171	0.744350	1310	
-0.650371	-0.386805	1029	
0.522081	-0.567308	1362	
0.366690	0.707477	3919	
-0.716996	0.389403	1147	
-0.417488	-0.724731	4287	
0.633500	-0.576703	3290	
0.790060	0.379053	4618	
-0.295233	0.855898	4203	
-0.840416	0.373529	364	
-0.567477	-0.755388	1173	
0.270392	-0.924340	5448	
-0.573764	0.243476	484	
-0.586235	0.028060	1585	
-0.468065	-0.002701	4561	
-0.321505	0.168868	2806	
0.160843	0.250216	3574	
0.336190	-0.539420	2591	
0.228123	-0.253236	1842	
0.149988	-0.331782	3500	
0.143114	-0.367383	2368	
0.155375	-0.334560	3500	
0.199052	-0.278362	587	
0.373239	-0.292728	2771	
0.078018	-0.304916	4975	
-0.042888	0.439030	3677	
-0.331960	0.132992	4179	
-0.398290	0.115179	4536	
-0.520812	0.458996	3126	
0.571402	-0.422935	1546	
0.076144	0.749299	4075	
-0.736795	-0.175075	1779	
0.469091	-0.611342	1297	
0.496053	0.615357	2259	
-0.581890	0.562463	3061	
-0.615116	-0.558960	2073	
0.324693	-0.785922	385	
0.870427	0.082068	1811	
-0.010293	0.901382	641	
-0.806451	0.437035	4218	
-0.733570	-0.587182	978	
-0.163097	-0.940438	4372	
0.107193	0.649179	2995	
-0.503768	0.035141	4212	
-0.530084	0.002936	1645	
-0.333003	0.058379	2698	
-0.472458	0.433034	1596	
0.035088	0.244149	746	
0.174688	-0.175267	915	
0.084421	-0.258324	451	
0.165171	-0.181076	1837	
0.180421	0.274535	1357	
-0.040973	0.417224	720	
-0.334468	0.158639	826	
-0.387222	0.049559	1682	
-0.571329	0.323956	3656	
-0.707777	0.139348	1248	
0.610082	-0.361815	1822	
0.187174	0.734446	1641	
-0.762297	0.013753	685	
0.251270	-0.727664	1664	
0.777843	0.143072	3365	
0.039125	0.811951	3544	
-0.748794	0.333204	3349	
-0.400998	-0.733667	3798	
0.625484	-0.582754	3290	
0.848304	0.208704	4168	
0.061492	0.898019	4398	
-0.773034	0.489748	5038	
-0.798580	-0.489133	2516	
-0.222923	-0.926081	854	
0.925664	-0.325648	4557	
0.990722	-0.002037	1492	
0.179824	0.594109	3236	
-0.448900	0.059867	4905	
-0.532727	0.016510	3438	
-0.447408	0.007052	4561	
-0.327028	0.075023	3330	
-0.406111	0.246219	3791	
-0.496412	0.319539	2496	
-0.399155	0.517881	4584	
-0.478190	0.426524	1596	
-0.351250	0.191203	2142	
-0.351710	0.068606	2085	
-0.415149	0.052256	1763	
0.224002	0.662458	1081	
-0.669643	0.244413	3812	
0.623576	-0.340034	2077	
0.011124	0.746373	1328	
-0.762004	0.088898	1352	
-0.055901	-0.777429	2991	
0.730949	-0.289034	346	
0.108944	0.806982	4818	
-0.756972	0.317291	2715	
-0.563889	-0.609535	3343	
0.487170	-0.697851	3066	
0.867012	0.102548	1811	
0.080012	0.895481	4398	
-0.669904	0.617086	343	
-0.833619	-0.422096	4886	
-0.358351	-0.878220	5397	
0.869344	-0.446825	2228	
0.989870	0.024428	5346	
0.230158	0.652602	3471	
-0.428182	0.156461	4927	
-0.490810	0.027948	4212	
-0.497993	0.010237	3952	
-0.449323	0.011242	4561	
-0.402320	0.025166	1004	
-0.390659	0.032890	1004	
-0.393644	0.033880	1004	
-0.429887	0.029535	450	
-0.412936	0.139565	392	
0.229952	0.650002	3471	
-0.698251	0.185976	997	
0.149038	-0.699467	4403	
0.549451	0.476120	3999	
-0.463346	0.573788	1348	
-0.530111	-0.534513	4026	
0.550835	-0.536044	3221	
0.739775	0.273074	1204	
-0.257352	0.763328	2169	
-0.829301	0.016551	1807	
-0.187837	-0.827729	4612	
0.613716	-0.592357	2821	
0.806614	0.334519	4450	
-0.168189	0.884513	394	
-0.713888	0.566587	5184	
-0.841863	-0.402671	984	
-0.265606	-0.912291	4067	
0.843441	-0.490398	2364	
0.988362	0.048005	4789	
0.223677	0.662273	1081	
0.182789	0.498393	752	
-0.152986	0.669370	1792	
-0.563610	0.350034	4464	
0.091150	0.603673	3796	
0.227127	0.646065	3471	
0.656922	-0.232767	3507	
-0.249638	0.654509	3023	
-0.704802	0.038001	1441	
0.286458	-0.655806	1141	
0.733029	-0.047800	5069	
0.257092	0.700166	3210	
-0.582224	0.447334	1858	
-0.486065	-0.572657	2890	
0.477175	-0.601975	2502	
0.759923	0.208825	2457	
0.051440	0.809838	1458	
-0.761088	0.306490	2715	
-0.664127	-0.493849	3743	
0.080530	-0.843610	2448	
0.812807	-0.296994	3858	
0.755674	0.438350	3604	
-0.034969	0.897440	634	
-0.718582	0.559781	5184	
-0.865149	-0.344959	4431	
-0.354669	-0.878363	5397	
0.639487	-0.728182	2168	
0.662411	-0.222706	1122	
0.645213	-0.226137	3507	
0.660975	-0.221497	1122	
0.645243	-0.227361	3507	
-0.446285	0.536937	4002	
-0.703897	0.010466	1471	
-0.567858	-0.415971	4779	
0.502111	-0.505300	3833	
0.720863	0.097658	1434	
0.255868	0.700461	3210	
-0.327575	0.660048	2466	
-0.741939	0.194255	913	
-0.462891	-0.590636	2384	
0.347731	-0.684408	1707	
0.788535	0.057774	3179	
0.303162	0.740976	1995	
-0.616691	0.520278	4297	
-0.787828	-0.247688	3794	
-0.109525	-0.841890	619	
0.694355	-0.497676	4858	
0.779019	0.393368	4618	
0.096577	0.891202	368	
-0.676765	0.606832	532	
-0.923917	-0.021750	1738	
-0.441406	-0.834666	5197	
0.182804	-0.939193	639	
0.651937	-0.222272	1122	
-0.532796	0.438755	906	
-0.704862	0.057865	4087	
-0.679641	-0.182165	3834	
-0.227984	-0.689039	4675	
0.305147	-0.646180	848	
0.732744	-0.096434	5667	
0.423888	0.582161	479	
-0.301848	0.671836	2258	
-0.690182	0.290692	5207	
-0.647004	-0.385763	1029	
0.101032	-0.762783	465	
0.696904	-0.338540	724	
0.660397	0.427532	2285	
-0.066972	0.804043	3799	
-0.743735	0.336559	3249	
-0.578571	-0.591474	3375	
0.186148	-0.824665	4360	
0.776436	-0.368741	4850	
0.788412	0.372869	4618	
0.214529	0.866111	4594	
-0.603358	0.676616	3041	
-0.894647	0.216706	3650	
-0.611704	-0.712567	5551	
0.017870	-0.953481	714	
0.924280	-0.319507	4557	
-0.707366	0.115946	4764	
-0.567112	-0.416482	4779	
0.322374	-0.636858	676	
0.731581	-0.113520	4853	
0.597570	0.413055	734	
0.061727	0.745384	5625	
-0.317792	0.663952	1609	
-0.713057	0.255360	4563	
-0.718301	-0.223935	1518	
-0.418721	-0.621566	1628	
0.313650	-0.699520	4492	
0.773132	-0.183235	1117	
0.583720	0.526363	2086	
-0.007144	0.808244	3844	
-0.683950	0.431272	5694	
-0.689283	-0.454974	1764	
-0.170701	-0.830362	4174	
0.411636	-0.739922	2685	
0.868550	0.057760	1569	
0.632481	0.604150	4626	
-0.330125	0.837824	1312	
-0.858249	0.323695	2185	
-0.711918	-0.606627	4831	
-0.274034	-0.907492	4067	
0.368230	-0.885902	4819	
0.660727	-0.221346	1122	
-0.701145	-0.037357	1479	
0.302434	-0.646079	848	
0.731340	-0.067671	4291	
0.446981	0.564393	873	
0.043892	0.744660	4977	
-0.320205	0.662579	2466	
-0.637190	0.364088	5355	
-0.729251	-0.184086	3158	
-0.415544	-0.623332	1628	
0.242933	-0.726701	1664	
0.644709	-0.415995	3165	
0.750396	0.234584	1207	
0.336598	0.719949	4252	
-0.518779	0.614632	2658	
-0.820799	0.114882	831	
-0.472862	-0.680857	3908	
0.118337	-0.837177	5417	
0.724361	-0.453497	4191	
0.827271	0.272383	3963	
0.405539	0.783591	4387	
-0.505636	0.749445	5413	
-0.896239	0.209027	3650	
-0.621889	-0.702456	5250	
-0.132495	-0.941474	5595	
0.868301	-0.442511	2228	
-0.657008	-0.251604	766	
0.390728	-0.596480	3797	
0.606694	0.397682	612	
-0.079050	0.733581	1909	
-0.419465	0.603335	1200	
-0.676038	0.306824	4292	
-0.674715	-0.330358	1643	
-0.130747	-0.768188	4583	
0.277744	-0.713180	5155	
0.716293	-0.304735	346	
0.775864	0.128855	3260	
0.304575	0.737848	1995	
-0.388054	0.702361	2043	
-0.819611	0.118695	831	
-0.650593	-0.507678	481	
-0.093652	-0.842299	619	
0.484360	-0.694452	3066	
0.868077	0.049223	1569	
0.641122	0.592841	3241	
-0.344476	0.830894	4407	
-0.807384	0.425073	4218	
-0.825791	-0.428436	5734	
-0.290010	-0.900923	1594	
0.224322	-0.928876	5159	
0.979727	-0.065279	3948	
0.466646	0.547386	1665	
0.119098	0.742014	2406	
-0.268583	0.683815	1105	
-0.625356	0.377108	4440	
-0.721644	-0.202054	3158	
-0.418365	-0.618745	1628	
0.138853	-0.752708	5485	
0.608123	-0.462349	4669	
0.787246	0.021857	4835	
0.611176	0.490458	596	
0.308413	0.734429	1995	
-0.232527	0.766869	1994	
-0.678850	0.434882	5619	
-0.807985	-0.152958	4193	
-0.412368	-0.719826	4287	
0.054123	-0.842600	5310	
0.636906	-0.561447	1908	
0.868128	0.031928	1776	
0.645530	0.586323	3297	
-0.019714	0.893264	634	
-0.756132	0.503811	3068	
-0.919876	0.037745	3683	
-0.593924	-0.724382	591	
-0.103336	-0.943721	5583	
0.837960	-0.492009	2364	
0.976427	0.136495	1669	
-0.694320	-0.278397	1560	
-0.536807	-0.519893	4026	
-0.339326	-0.670572	5731	
0.206773	-0.734788	3526	
0.497594	-0.578695	2099	
0.780041	-0.136254	1258	
0.708958	0.331769	1727	
0.454514	0.637663	1752	
0.097637	0.802210	2985	
-0.289980	0.745960	931	
-0.624543	0.504880	4224	
-0.807013	0.176130	3822	
-0.697666	-0.435687	1764	
-0.260188	-0.799563	4478	
0.312235	-0.782643	385	
0.795283	-0.324130	3304	
0.848716	0.181030	4648	
0.616567	0.616832	4349	
0.183031	0.870967	3485	
-0.601800	0.674316	3041	
-0.860789	0.311358	2185	
-0.824353	-0.427680	5734	
-0.313098	-0.891174	4703	
0.214594	-0.929726	323	
0.956806	0.251382	1042	
0.752314	-0.229436	881	
0.785261	-0.078373	4759	
0.706430	0.333091	1727	
0.328263	0.719509	4252	
-0.018397	0.802519	3844	
-0.505733	0.619539	2344	
-0.731865	0.347054	3249	
-0.820232	-0.046302	3511	
-0.745352	-0.341797	2357	
-0.438146	-0.699735	4267	
0.022098	-0.842802	3593	
0.330377	-0.773849	385	
0.643220	-0.550768	1908	
0.847550	-0.175066	4513	
0.789284	0.361864	3711	
0.584009	0.647115	2786	
-0.094014	0.886985	4165	
-0.720285	0.549401	4616	
-0.916363	0.074323	3439	
-0.709676	-0.603201	5182	
-0.277229	-0.902770	1594	
0.210574	-0.929434	323	
0.962170	-0.170517	2279	
-0.786922	0.229860	2761	
-0.820490	-0.000081	1998	
-0.814424	-0.085341	4527	
-0.709815	-0.406565	2332	
-0.647733	-0.501210	2831	
-0.354879	-0.749370	708	
-0.060031	-0.840647	4983	
0.294755	-0.785861	337	
0.505646	-0.673394	3538	
0.771644	-0.363450	5393	
0.865297	-0.016156	2676	
0.757913	0.421738	3748	
0.541441	0.682575	4015	
0.124740	0.879701	333	
-0.456315	0.772550	5097	
-0.785130	0.455145	4803	
-0.916308	0.063926	3764	
-0.878301	-0.281887	3196	
-0.413510	-0.843667	5525	
-0.101481	-0.941756	5583	
0.324727	-0.897376	4685	
0.971396	-0.110264	4566	
0.951815	0.260768	1042	
0.591185	-0.597242	3177	
0.635164	-0.552154	1908	
0.676204	-0.503734	817	
0.732983	-0.423730	4185	
0.820683	-0.250445	4595	
0.852063	-0.133806	3856	
0.854544	0.121621	418	
0.799487	0.329706	4450	
0.622315	0.605377	4349	
0.402486	0.776161	3709	
0.022318	0.887495	4979	
-0.502823	0.742267	4572	
-0.809992	0.409448	3902	
-0.912563	0.088749	3439	
-0.885799	-0.250140	2989	
-0.572144	-0.736796	5292	
-0.250221	-0.909068	4067	
0.184432	-0.932295	639	
0.557428	-0.779294	4912	
0.973922	0.116991	1669	
0.620381	0.602245	4349	
0.569063	0.653103	2786	
0.460773	0.737194	310	
0.326229	0.812760	4412	
0.216899	0.854318	4533	
0.118302	0.876471	333	
-0.230119	0.856476	4799	
-0.648442	0.621710	343	
-0.783304	0.451730	4095	
-0.898771	0.165399	4338	
-0.901775	-0.171491	3509	
-0.850089	-0.352709	5382	
-0.542869	-0.757343	391	
-0.084664	-0.940588	4020	
0.128498	-0.939141	4994	
0.425754	-0.853272	295	
0.941677	-0.243414	4421	
0.891038	0.428020	3276	
-0.681995	0.580318	3050	
-0.649954	0.615248	343	
-0.658961	0.606807	532	
-0.755417	0.489526	2593	
-0.783061	0.448109	4095	
-0.859030	0.296334	4960	
-0.904453	0.125734	5515	
-0.907136	-0.128092	2986	
-0.864150	-0.311370	2509	
-0.793020	-0.469271	494	
-0.392728	-0.849200	737	
-0.051010	-0.942498	3419	
0.195299	-0.927526	323	
0.445842	-0.842372	2489	
0.894356	-0.372361	4636	
0.967460	0.151356	4699	
-0.646928	-0.655761	4768	
-0.586689	-0.713758	591	
-0.580586	-0.719694	5215	
-0.496001	-0.784659	5647	
-0.211573	-0.913622	854	
-0.099165	-0.935169	5583	
0.123490	-0.935863	4994	
0.212699	-0.921569	323	
0.392488	-0.864432	777	
0.522031	-0.797029	5092	
0.668562	-0.684567	874	
0.973468	-0.027103	461	
0.937300	0.288230	1747	
0.381862	-0.864828	4819	
0.387530	-0.862944	777	
0.400057	-0.857977	295	
0.413971	-0.852210	295	
0.475513	-0.821613	2041	
0.578017	-0.756504	3035	
0.666425	-0.683870	1971	
0.750354	-0.595224	986	
0.971236	0.075647	560	
0.926230	0.318487	3629	
0.858849	0.480962	1892	
0.791396	0.593733	1964	
0.853164	0.478915	1892	
0.842478	0.500609	4389	
0.838391	0.508999	4239	
0.788370	0.588296	1964	
0.737484	0.655257	1846	
0.697162	0.702949	1897	
