time = 13.967	Re = 13	rotation = 4.78715
0.550070	-0.081083	4655	
-0.188852	0.764390	8606	
0.479372	0.848586	9779	
0.014775	0.766567	6241	
0.095236	0.621473	3184	
0.519143	0.362635	9045	
0.194790	-0.311254	5660	
0.319790	0.071098	3223	
-0.407140	0.742692	6288	
0.507883	0.149568	2635	
0.699621	0.417179	9616	
0.183706	0.939203	1221	
-0.099219	0.460264	2051	
-0.129579	0.495446	3073	
-0.108647	0.477958	957	
0.184753	0.189025	3200	
0.287563	-0.375868	3968	
-0.255804	0.711346	3570	
0.303911	0.551255	6391	
-0.451423	0.605575	3811	
0.346369	0.300820	3494	
-0.775990	0.312025	1905	
0.305647	-0.107281	359	
0.642224	0.344611	2672	
0.470263	-0.343201	3020	
0.314977	0.834654	6182	
0.520196	-0.360850	9319	
-0.683736	0.649807	6762	
0.716720	-0.604007	660	
-0.053482	-0.768784	4801	
0.881719	-0.112783	1313	
-0.602555	-0.378910	6118	
-0.681085	-0.385331	8076	
0.137406	-0.901409	9027	
-0.134600	0.881613	6978	
0.677291	0.374320	6490	
-0.796597	-0.099697	8886	
0.226619	-0.057857	8164	
-0.553521	-0.476581	5268	
-0.401174	-0.077937	5037	
-0.398377	-0.624623	7293	
0.794052	-0.299692	5495	
0.072705	0.098357	6908	
-0.236545	0.836764	7145	
0.874083	-0.102432	4630	
-0.244215	0.833683	6947	
0.794094	-0.275965	2175	
-0.257555	0.761923	2354	
-0.263940	-0.508506	4972	
0.250566	-0.190852	3460	
-0.465183	0.814900	987	
0.313301	-0.181784	5558	
0.471388	-0.326154	3055	
-0.651525	0.610906	6488	
0.325370	0.448204	4938	
0.476069	0.446261	5491	
0.765634	0.553133	8153	
-0.053196	0.565639	505	
0.258586	0.236365	7812	
-0.632177	0.566314	5158	
0.020713	0.491151	3058	
0.113204	0.940329	2199	
0.603086	-0.427409	3558	
0.764635	0.232780	4286	
0.640809	0.554809	6876	
0.467928	-0.067098	3296	
-0.289615	0.639574	3774	
-0.741843	0.469517	2543	
0.740646	0.605962	2202	
0.402466	0.223030	4822	
-0.152271	0.893922	8173	
0.739339	-0.038350	2806	
0.195010	-0.086554	373	
-0.168466	0.618718	1886	
0.149623	0.886605	6010	
0.303290	-0.287777	769	
0.586003	-0.375928	6967	
0.752454	0.630952	1206	
0.139315	0.236758	6309	
-0.101450	0.029594	5028	
-0.746908	0.459295	4367	
0.335158	0.876296	1340	
-0.279716	0.738142	5493	
-0.119143	0.427031	5366	
0.246932	0.493809	5677	
0.173515	-0.261029	3046	
0.864219	0.339388	5515	
0.427522	0.373355	7478	
0.793821	0.337872	2213	
0.820317	-0.072251	583	
0.155850	-0.018456	3431	
0.045851	-0.241129	8728	
0.844481	0.438820	1620	
0.161660	0.500936	5748	
0.684020	0.130579	1563	
0.891636	0.330821	2629	
-0.039853	0.636923	2714	
0.929257	-0.132354	9139	
0.593884	0.635580	5090	
0.469037	-0.333144	2453	
0.265585	-0.178543	6475	
0.420664	0.594077	1856	
-0.151388	0.487283	3435	
0.442262	-0.220553	8981	
0.606560	-0.135221	8614	
0.557005	-0.108821	3424	
-0.161440	0.834171	5172	
0.062869	0.453019	7436	
0.182675	0.221796	4804	
0.143666	0.854923	5477	
0.448152	0.658870	1053	
0.783191	-0.301112	4476	
0.450382	0.848649	9948	
0.155217	0.381560	1727	
0.179964	0.581136	8759	
0.401211	-0.190000	1635	
0.616630	-0.373110	6811	
-0.189442	0.631656	2347	
0.618880	0.732370	1909	
0.656875	-0.402881	7002	
-0.358203	0.860644	8940	
0.042769	0.483027	1429	
-0.630696	0.584458	6074	
-0.232843	0.667804	5347	
-0.250379	0.665919	4716	
-0.671515	-0.461714	8375	
-0.130716	0.621732	6900	
-0.230430	-0.021747	2088	
0.444492	0.483612	6584	
0.869567	0.251394	9917	
0.535394	0.567612	2362	
0.757771	0.071060	7621	
-0.103303	-0.068006	969	
-0.218536	0.850703	5963	
0.428864	0.705257	3921	
0.544802	0.559806	845	
-0.007263	0.807907	5746	
0.592655	0.490609	5571	
0.564119	0.543575	1307	
0.512171	0.576707	2326	
-0.602172	-0.200927	2524	
-0.317410	-0.766748	7207	
-0.232171	-0.787528	4836	
-0.526394	-0.663995	5612	
-0.334846	-0.543002	5066	
-0.585934	-0.504094	7768	
0.675163	0.563920	6670	
0.497108	0.482585	5198	
0.888006	0.104265	8409	
0.321764	0.835945	6182	
0.825944	0.334540	989	
0.818597	-0.015099	8624	
0.767813	-0.075570	7819	
0.624771	-0.244862	2857	
0.796124	-0.479058	1418	
-0.134138	0.605377	868	
0.236614	-0.099142	6658	
-0.577000	0.748825	677	
-0.852343	0.450070	10105	
-0.605493	0.600027	9456	
-0.798336	0.492287	9085	
-0.544670	0.611539	9070	
0.471113	0.398702	1634	
-0.185637	0.468857	628	
0.753864	0.248755	7965	
-0.086190	0.533856	4322	
0.481548	-0.084631	3174	
0.016368	0.916932	9836	
0.864727	0.190906	3245	
0.014630	0.877039	5905	
0.204090	0.368325	6388	
0.093180	-0.185660	1982	
0.477195	-0.243754	2815	
0.063730	0.445816	7054	
0.543065	0.698033	8901	
0.334001	0.608795	4259	
0.441433	-0.438145	964	
0.018715	0.409181	3086	
0.520106	-0.477600	9293	
0.760545	0.617215	1554	
-0.105712	0.385103	3273	
0.395496	-0.170002	1071	
0.801699	0.160250	8530	
0.576203	-0.446369	3740	
0.719450	0.213358	2280	
0.314326	0.709036	6227	
0.247502	-0.070010	7309	
0.888257	-0.130778	1313	
0.350851	0.473404	9697	
0.800366	-0.152591	7038	
0.267540	-0.299225	2125	
0.290788	0.630765	5795	
0.556224	0.174046	4123	
0.400014	-0.160802	1655	
0.049165	-0.224171	3971	
0.009212	-0.205969	3656	
0.402611	0.382889	5256	
-0.297169	0.667212	5465	
0.832767	-0.200694	1230	
0.529673	0.632577	3584	
0.113620	0.490403	7554	
0.561307	0.383271	385	
0.667624	-0.407101	7022	
0.178865	0.918643	377	
0.468346	0.833637	9238	
0.263403	0.532949	7513	
-0.634933	0.729175	2220	
-0.376111	0.603404	1058	
0.431921	-0.053979	8411	
0.181545	0.682452	5894	
-0.253659	0.878199	7008	
0.245968	0.766123	3543	
0.156707	-0.168625	6090	
0.405460	0.827897	8228	
-0.391868	0.802565	5951	
0.899157	-0.088062	7913	
0.472482	0.815648	1164	
0.120698	0.570199	8674	
-0.514205	0.803461	1325	
0.625432	-0.377921	6888	
0.109988	-0.212700	2706	
-0.638336	0.588273	6074	
0.008894	0.928653	9742	
0.257118	0.755250	2376	
-0.517084	0.652048	1876	
0.186940	-0.802714	4613	
0.657652	0.619939	7558	
-0.460596	0.030591	9531	
0.293202	0.780700	5899	
0.233550	0.784345	4381	
0.382126	-0.054167	3037	
0.377503	0.112291	4749	
0.031201	0.113087	1000	
0.467370	0.217612	4914	
0.794833	0.264804	631	
0.640661	-0.018033	694	
0.216059	0.049664	9127	
0.616749	-0.022272	4049	
0.321437	-0.060380	2951	
0.460245	-0.045304	9137	
0.090155	0.089522	744	
-0.489720	-0.208448	4073	
-0.539052	-0.216918	8374	
-0.532766	-0.215832	7014	
-0.314469	0.062789	3516	
-0.552207	-0.136646	2331	
-0.370712	-0.191548	2737	
0.438106	0.536064	9012	
0.697519	0.495385	975	
-0.191976	-0.794692	3754	
0.558824	0.568497	3998	
0.612344	0.381308	6117	
0.466140	0.609905	2515	
0.634908	0.377475	7006	
0.343922	-0.836726	8799	
0.108177	0.917589	7789	
0.257055	-0.196807	6763	
-0.357481	0.858093	8940	
-0.861865	0.405427	9601	
0.512373	0.759472	430	
-0.575507	0.718223	5830	
-0.728263	0.601131	6681	
-0.813975	0.459338	4449	
-0.500983	0.811608	1325	
-0.422321	0.796454	8233	
0.324877	0.449725	4938	
0.598179	-0.148086	8821	
-0.014038	0.894579	5619	
0.559066	0.576569	3998	
0.442798	0.586375	7567	
0.264576	0.466744	4209	
0.034695	0.533841	3197	
0.696638	0.253450	6581	
-0.012341	0.574142	3722	
0.173829	0.770510	6886	
0.025083	0.691854	7130	
0.055072	0.938109	10156	
-0.471316	0.596433	5554	
0.233382	-0.376099	1227	
0.620103	0.752300	8134	
-0.268173	0.491482	3522	
0.745425	-0.208539	8644	
0.897922	0.325399	2536	
0.029584	0.432136	4394	
0.316147	0.404313	4662	
0.614932	-0.197124	2996	
0.046791	0.954406	9151	
0.820279	-0.182319	8030	
0.077386	0.846405	1977	
0.377200	-0.111886	3880	
0.326701	0.740760	6249	
0.141871	-0.041314	4252	
-0.192966	0.529842	4158	
0.093198	0.780184	586	
-0.167484	0.821881	4589	
0.822685	0.397675	2055	
-0.543374	0.724232	9007	
0.743686	0.542361	1280	
0.428012	0.426646	6563	
0.433711	-0.160563	2323	
0.518990	0.358612	8689	
0.119583	0.789330	4679	
0.628219	-0.154298	5629	
0.391177	0.837598	4414	
0.899579	-0.210899	9971	
-0.131842	0.723374	1597	
0.026163	0.741469	5924	
0.226038	-0.274632	6317	
0.369633	-0.238501	6455	
-0.126686	0.554752	7817	
0.220959	0.482445	1736	
0.810365	0.289538	1489	
0.250046	0.226277	847	
0.681403	0.049007	6799	
0.339120	0.869749	7143	
0.767868	0.473073	1792	
0.380293	0.848254	1432	
0.072095	0.758577	1077	
-0.355835	0.873590	8940	
0.926858	-0.003972	1389	
0.626713	0.562845	2559	
-0.350423	0.841465	8800	
-0.582702	0.726590	677	
0.876739	0.014756	9889	
-0.737987	0.525712	3670	
-0.181946	-0.842827	6443	
0.483478	0.690777	9938	
-0.442453	-0.125159	2931	
0.590809	0.142106	1275	
0.541288	0.229587	8373	
0.130175	0.161212	4362	
0.144224	0.215380	1848	
0.074635	0.286161	5908	
0.119029	0.252501	7800	
0.140478	0.170170	1628	
0.132895	0.161607	4362	
0.098814	0.136349	1623	
0.135255	0.164077	4362	
0.116488	0.146858	3129	
0.125638	0.154444	3940	
0.072696	0.127438	9427	
0.039826	0.122737	10171	
-0.068169	0.082568	1935	
-0.034406	0.106308	2090	
-0.109726	-0.060864	9216	
-0.106151	-0.017352	1707	
0.052804	0.112294	9813	
0.174254	0.139480	9218	
0.478347	0.220370	4074	
-0.547742	-0.213774	8296	
-0.000078	0.828184	5818	
-0.049224	0.810996	2877	
0.491145	0.100408	1745	
-0.066514	0.818803	4633	
-0.311506	-0.768278	7207	
0.121100	0.900070	6818	
0.621630	-0.242052	2857	
0.587223	0.687898	6404	
-0.012642	0.928870	9496	
0.457723	0.757852	7315	
0.119758	0.850571	3171	
-0.357310	0.847595	8800	
-0.341640	0.844225	8800	
-0.622930	0.712972	2220	
0.199217	-0.084556	373	
0.126110	0.710988	822	
0.399584	0.425069	7270	
0.357432	0.744302	5687	
0.014707	0.835236	7065	
0.381851	0.105867	3115	
0.137207	0.711968	920	
0.001107	0.724713	5874	
0.222883	0.475890	1736	
-0.058952	0.734550	2285	
-0.100496	0.805893	3716	
0.335554	-0.105196	3375	
0.814871	0.051774	1140	
0.624328	0.579777	5039	
0.425339	-0.435321	7043	
0.591369	0.769621	4122	
-0.346454	0.562722	6142	
0.554053	0.396162	345	
0.832772	0.447029	841	
0.865110	0.017053	7171	
0.120382	0.582037	8674	
0.479511	0.437172	3830	
0.405998	-0.401887	7855	
0.014318	-0.162014	5412	
0.727728	0.083915	8509	
0.523841	-0.206116	8166	
0.784019	-0.313396	4164	
0.234813	-0.238859	5638	
0.794567	0.337098	2213	
0.802832	0.300979	1264	
0.683102	0.218617	2449	
0.504240	0.307075	4734	
0.615813	0.571756	2791	
0.609766	0.643523	5803	
0.718802	0.585492	6555	
0.126802	0.610471	2719	
-0.254033	0.723964	3570	
0.648024	0.194872	2627	
0.158502	0.558279	6135	
0.446848	0.790006	3662	
0.940854	0.138137	5693	
0.109302	-0.138850	8958	
0.668861	-0.266957	8286	
0.233297	0.820469	5819	
0.865108	0.043143	7340	
0.255711	0.840587	7712	
0.570080	-0.079186	3242	
-0.560258	0.618134	8305	
0.070977	0.382353	1004	
0.526451	0.738120	414	
-0.611252	0.605883	9456	
0.570723	0.612558	3215	
0.369079	0.837892	8336	
0.774210	-0.170978	8206	
-0.129281	0.918544	9704	
0.904463	0.167345	4342	
0.894061	-0.031914	691	
0.130052	0.848557	4935	
0.186636	0.865875	6444	
0.781765	0.351459	2547	
-0.055401	0.881533	7950	
-0.471828	-0.209319	4073	
0.508684	0.225714	6152	
-0.106896	0.010965	3158	
0.102025	0.136261	2039	
0.127227	0.249802	7800	
-0.070102	0.361739	1224	
-0.121432	0.385712	3273	
-0.195512	0.423847	5627	
-0.159267	0.405207	4641	
-0.073935	0.366624	4390	
-0.066515	0.362707	1224	
-0.041639	0.352466	1102	
-0.063819	0.361890	1224	
-0.049735	0.355942	828	
-0.058449	0.359564	828	
-0.027346	0.346613	550	
-0.016502	0.342035	8204	
0.000531	0.334158	7714	
-0.006269	0.335327	7744	
0.046264	0.310665	7978	
0.056718	0.303519	1048	
0.072870	0.293897	9865	
0.088031	0.283760	6778	
0.120122	0.258653	8027	
0.007071	0.117320	1763	
0.558972	0.128469	6878	
0.639760	0.159300	7896	
0.337121	0.191441	1870	
0.639010	0.160489	7896	
-0.528271	-0.213785	7014	
0.305376	0.821396	6245	
0.642036	0.379314	7006	
0.504906	0.686548	10236	
0.056977	0.910686	1242	
0.439230	0.637955	773	
0.785421	-0.011105	8097	
0.099115	0.873315	4459	
0.197194	0.830933	5473	
-0.275929	0.884537	8770	
0.198801	-0.185515	9061	
0.480612	-0.146055	3137	
0.169069	0.712446	1012	
0.560910	0.246943	864	
0.645055	0.122726	4840	
0.228269	0.238602	1567	
0.478847	-0.147979	3137	
0.509238	-0.127504	2796	
0.118592	0.707537	822	
0.520820	-0.118139	3483	
0.562386	-0.102602	6700	
0.377462	-0.194678	8287	
-0.654643	0.668135	727	
0.660750	0.166440	8661	
0.560025	-0.442534	3740	
0.543129	0.797856	9154	
-0.413272	0.605248	2467	
0.548619	0.666565	6517	
0.704900	0.601865	9071	
0.775016	0.322561	1459	
-0.304254	0.767829	3861	
-0.267764	0.804823	4776	
0.607185	-0.402011	2149	
0.319000	-0.112766	4604	
0.502435	0.156215	6498	
0.499831	0.371286	815	
0.851740	0.159654	7892	
0.578602	-0.276209	1147	
0.148050	0.365192	1193	
0.457692	0.248324	352	
0.380455	0.236580	8872	
0.280930	0.313451	8465	
0.771742	-0.237432	2522	
0.447830	0.614195	9395	
0.566901	0.698377	4560	
-0.619257	0.632637	6283	
0.294643	0.692806	6315	
0.211997	0.292838	3950	
-0.278522	0.799709	4776	
0.374037	0.781371	7619	
0.860317	0.389128	1394	
0.354347	-0.219013	6441	
0.660696	0.338830	2596	
0.827088	0.090336	8488	
0.779199	0.295443	468	
0.452895	0.578364	7567	
0.658921	-0.073895	2262	
-0.277328	0.708232	1234	
-0.111447	0.552374	4918	
0.420816	0.750561	5729	
-0.429367	0.805846	8215	
0.850584	-0.145539	7706	
0.354800	0.812999	8336	
0.667009	0.402226	7074	
0.031211	0.907646	5911	
0.733989	0.503898	4619	
0.784173	0.419327	8085	
0.789097	-0.009891	1709	
0.410972	0.675600	1518	
0.483630	0.222527	5029	
0.352913	0.626721	6027	
-0.069267	0.079741	1935	
0.125339	0.255480	7800	
0.006529	0.329970	7714	
-0.028898	0.349916	550	
-0.149888	0.405705	4641	
-0.267545	0.477300	5285	
-0.290815	0.492801	7629	
-0.327641	0.511121	1971	
-0.309860	0.503308	2670	
-0.265440	0.483074	3522	
-0.262956	0.479834	3522	
-0.251451	0.473335	641	
-0.261657	0.479680	3522	
-0.254758	0.475687	4023	
-0.258901	0.478138	4023	
-0.244896	0.469880	641	
-0.239212	0.466435	641	
-0.231427	0.460511	617	
-0.237105	0.460356	617	
-0.207558	0.443761	7699	
-0.202411	0.438523	7875	
-0.193164	0.432488	7875	
-0.182810	0.425961	6481	
-0.166702	0.416337	5513	
0.006866	0.337539	7714	
0.155959	0.240873	8183	
0.146581	0.248191	8481	
0.114568	0.273450	5719	
0.143129	0.243494	8481	
0.013158	0.117373	1763	
0.372167	0.603339	6026	
-0.066993	0.823872	5136	
0.638301	0.078683	1179	
0.246452	0.850801	7712	
0.576327	-0.018614	9350	
0.447964	0.535345	8211	
0.369883	0.626117	6229	
0.811456	0.015486	10022	
0.072436	0.896363	1242	
0.530488	-0.224178	611	
0.636091	0.251536	2406	
0.452368	-0.153653	2264	
0.183897	0.310504	9400	
0.305537	0.244448	7459	
-0.038230	0.424233	5351	
0.693060	0.211340	8761	
0.611085	0.263173	2424	
0.463796	-0.144303	1367	
0.621029	0.255241	2425	
0.543520	0.298705	2834	
0.839282	-0.201350	1230	
-0.310619	0.845312	5973	
0.210452	0.284364	3950	
0.690674	-0.430689	6927	
0.501520	0.818377	948	
-0.540571	0.594325	5994	
0.557586	0.124715	6878	
0.570385	0.696130	4560	
0.453516	-0.081121	4837	
0.762701	-0.095303	879	
0.848587	-0.026586	8402	
0.796254	-0.343800	3060	
-0.135108	0.794109	3705	
-0.001786	-0.164292	6890	
0.193496	0.629455	2645	
0.483818	0.562078	3507	
0.617663	0.329363	7289	
-0.021142	0.519018	8556	
0.156955	0.371096	1539	
0.079638	0.407266	3128	
0.026916	0.498722	3058	
0.729272	0.325884	9108	
0.496137	-0.028972	10201	
0.488048	0.679050	10236	
0.312994	0.665484	7108	
0.151842	-0.102666	2936	
-0.052926	0.474317	2113	
0.846486	-0.037098	8754	
0.329172	0.428759	7696	
0.707249	0.593111	7601	
0.784150	-0.247308	2096	
0.202713	0.732770	1089	
0.396876	0.342223	1718	
0.297753	0.435832	3336	
0.213572	0.052264	2727	
0.382363	0.364471	4500	
0.438794	0.387832	7497	
-0.205534	0.695043	8997	
0.514248	0.078874	427	
0.111199	0.843584	3171	
0.786794	0.339316	3177	
0.433968	0.665431	8554	
-0.047296	0.826864	4633	
0.279931	0.830831	6883	
0.479476	0.618384	2515	
0.505206	0.598491	3122	
0.454725	0.535789	9149	
0.155542	0.179477	1135	
0.124988	0.265026	8027	
0.162916	0.171569	3075	
0.027656	0.328849	6053	
-0.151627	0.410251	4641	
-0.229677	0.456499	617	
-0.242203	0.473982	641	
-0.297594	0.508314	3704	
-0.357650	0.546221	7326	
-0.372507	0.554769	4150	
-0.401048	0.561856	9822	
-0.385865	0.559629	4150	
-0.350656	0.554234	7326	
-0.350254	0.551532	7326	
-0.342029	0.549273	6078	
-0.348839	0.552032	7326	
-0.344114	0.550573	6142	
-0.346598	0.551498	7326	
-0.338199	0.548488	6078	
-0.333989	0.546831	5454	
-0.330607	0.543034	5454	
-0.337698	0.540112	6080	
-0.321606	0.533497	5454	
-0.321033	0.528859	4282	
-0.317368	0.525189	4282	
-0.311869	0.520779	2670	
-0.303192	0.514808	2670	
-0.222378	0.467041	633	
-0.116836	0.408702	5366	
-0.127988	0.411566	4640	
-0.159744	0.424672	5513	
-0.132712	0.406752	4640	
0.018265	0.335977	6330	
0.166778	0.170087	3075	
0.645520	0.157756	7919	
0.492291	0.118773	1573	
0.416956	0.672007	8554	
0.324807	0.101058	3290	
0.182809	0.148126	3210	
0.256250	0.174996	5506	
0.458706	0.542584	9149	
0.339167	0.782849	7437	
0.499793	0.377341	815	
0.368340	0.244062	8872	
0.753605	0.175422	590	
-0.070649	0.489233	3855	
0.037164	0.424590	5017	
-0.156926	0.576490	8531	
0.372829	0.246234	8872	
0.358108	0.247772	8491	
0.748681	0.177265	590	
0.357021	0.245847	8491	
0.320345	0.291748	1984	
0.806958	0.297208	937	
0.533803	0.380103	9923	
-0.070424	0.474099	1671	
0.894926	-0.226070	10145	
0.460261	0.835835	9948	
-0.757837	0.474933	2543	
0.186987	0.256605	6615	
0.490089	0.679415	10236	
0.399700	-0.187488	1635	
0.578968	0.488502	6377	
0.694309	0.455502	5916	
0.911801	0.121270	8654	
0.833842	0.148081	1152	
0.245107	-0.302699	361	
0.189887	-0.025822	1841	
0.268995	0.100092	1070	
0.220885	0.647523	4678	
-0.096752	0.709131	8072	
-0.038647	0.554038	381	
-0.065190	0.584599	785	
-0.005071	0.687413	5715	
0.251655	0.604902	2588	
0.326852	0.129971	8416	
0.582103	0.248634	6979	
0.390244	0.147516	7432	
0.306217	-0.224191	3597	
-0.109469	0.639028	4307	
0.698598	0.449138	5916	
0.155021	0.647677	3698	
0.575134	0.684020	6419	
0.752906	0.289282	9510	
0.547992	-0.156625	9241	
0.184193	0.435412	7541	
0.144272	0.647310	3698	
0.084479	-0.086762	4084	
0.152603	0.492545	4358	
0.233752	0.580845	2194	
-0.657638	0.605890	6701	
0.426168	0.082556	1785	
0.814663	0.169436	8525	
0.481279	0.225442	5029	
0.273002	0.176702	6652	
0.635235	0.147723	5733	
0.375805	0.609905	7430	
0.569453	-0.024805	10181	
0.517723	-0.033689	453	
0.190693	0.153667	3210	
-0.067400	0.373482	7842	
-0.150148	0.419391	5377	
-0.040881	0.372943	1946	
-0.211042	0.461292	643	
-0.293557	0.513744	3704	
-0.332882	0.538688	5454	
-0.330841	0.554613	6078	
-0.369503	0.569957	3836	
-0.421247	0.588206	4032	
-0.440759	0.588517	3811	
-0.479289	0.582864	5050	
-0.456154	0.588425	4289	
-0.414900	0.597454	4032	
-0.413691	0.595439	4032	
-0.402051	0.596999	2467	
-0.412214	0.596355	2467	
-0.409289	0.596340	2467	
-0.410110	0.596503	2467	
-0.398527	0.597630	2467	
-0.396973	0.597716	2467	
-0.392125	0.594456	9329	
-0.400529	0.588772	9329	
-0.384233	0.588519	9329	
-0.384642	0.584017	9696	
-0.383077	0.581328	9696	
-0.379432	0.577958	3836	
-0.373262	0.574933	3836	
-0.310155	0.555002	8670	
-0.259019	0.528117	4127	
-0.266723	0.526731	4110	
-0.287413	0.529908	4110	
-0.277248	0.517940	3744	
-0.214952	0.469253	633	
-0.029091	0.372474	3622	
0.167486	0.265354	8258	
0.184563	0.249518	6247	
0.210014	0.197131	4407	
0.190347	0.235814	5841	
0.079743	0.316079	4580	
0.099407	0.299613	6785	
0.206318	0.161419	9800	
0.778341	0.063529	8316	
0.196286	0.656587	4364	
0.089364	0.410672	3128	
0.315700	0.338028	3450	
-0.115633	0.650227	2367	
-0.082643	0.598781	5429	
-0.221239	0.691023	9097	
0.092223	0.412779	3128	
0.079696	0.418410	4236	
0.314320	0.336339	3450	
0.079685	0.415748	4236	
0.052234	0.472352	1783	
0.411117	0.308999	1086	
0.896763	0.111007	8409	
-0.131352	0.635026	2235	
0.947081	0.118980	577	
0.445126	0.836238	1288	
-0.866344	0.412739	1613	
-0.083766	0.431789	7123	
0.553279	0.258130	1754	
0.900771	-0.074262	8713	
0.372953	-0.064132	3548	
0.277888	0.619139	2814	
0.764764	0.472325	1792	
0.379995	0.368566	4500	
0.523588	-0.335885	6530	
0.087636	-0.181093	2098	
0.029874	-0.156221	4581	
0.191173	-0.064018	6457	
0.293150	0.711461	2766	
-0.097289	0.721676	4186	
-0.168608	0.730812	496	
0.510580	-0.052744	608	
0.171081	0.024287	9490	
0.052771	-0.208833	1891	
0.220462	0.312051	6169	
0.137713	-0.276287	9118	
0.690325	-0.262369	7446	
-0.354303	0.718814	8006	
0.277575	0.619031	2814	
0.219996	-0.065322	8164	
0.479199	0.654491	8462	
0.236425	0.557099	2610	
0.445451	0.371988	7497	
0.066946	0.626341	2572	
0.232888	-0.068587	5340	
0.183059	-0.290853	3445	
0.079322	0.711043	9633	
0.230232	0.769743	3543	
0.248551	0.773979	3543	
0.400105	0.109968	4855	
0.182485	0.198324	4575	
0.129159	0.279923	4688	
0.108332	0.297976	6785	
0.164597	0.259346	8258	
0.202506	0.182895	4006	
0.266571	0.190993	7663	
0.211826	0.207472	5326	
0.075130	0.326568	4553	
-0.251218	0.495573	3522	
-0.282408	0.527113	4110	
-0.226692	0.503502	2581	
-0.306445	0.554377	8670	
-0.362681	0.577252	5806	
-0.395272	0.589234	9329	
-0.392670	0.605172	2467	
-0.444223	0.600600	3811	
-0.523462	0.587999	5241	
-0.554478	0.577268	5129	
-0.604333	0.556427	8012	
-0.577998	0.568859	5071	
-0.531864	0.591952	5994	
-0.523149	0.594383	5241	
-0.511825	0.599765	5860	
-0.525521	0.593890	5994	
-0.521744	0.595280	5241	
-0.522835	0.594980	5241	
-0.511172	0.600282	6402	
-0.505720	0.602575	6402	
-0.494841	0.604289	6402	
-0.496638	0.599356	5860	
-0.477269	0.605428	7992	
-0.472107	0.603521	5554	
-0.465648	0.603497	5554	
-0.462094	0.601669	5554	
-0.452660	0.601921	4289	
-0.370311	0.613041	1134	
-0.318245	0.607013	741	
-0.327390	0.602310	851	
-0.349114	0.596788	851	
-0.342228	0.588493	6479	
-0.302962	0.562414	8670	
-0.216280	0.506264	3362	
-0.104042	0.435130	7299	
-0.085286	0.424536	5353	
-0.013658	0.389036	3391	
-0.075108	0.414591	4618	
-0.171485	0.461762	776	
-0.162611	0.448228	7399	
0.076940	0.328632	5330	
0.539402	0.115796	6589	
0.224313	-0.088101	5379	
-0.051179	0.590251	1450	
0.093699	0.498573	7971	
-0.401928	0.710814	6305	
-0.203395	0.729101	911	
-0.629671	0.617892	8582	
-0.044716	0.593505	1450	
-0.048768	0.598789	1450	
0.091983	0.498211	7971	
-0.052675	0.595452	1450	
-0.002912	0.660971	2736	
0.184311	0.408683	6165	
0.707129	0.509503	4619	
-0.348492	0.714393	2002	
0.866988	0.388069	1394	
0.417083	0.840199	1254	
-0.632467	0.708000	2385	
-0.196277	0.573214	7256	
0.198611	0.322215	2820	
0.835051	0.342296	1211	
0.085875	-0.145717	4910	
0.150472	-0.013795	3676	
0.541958	0.621261	3096	
0.148954	0.503630	4358	
0.892437	-0.160539	9422	
0.390795	-0.279272	1277	
0.273721	-0.287374	9345	
0.147639	-0.191706	5601	
0.246767	-0.134989	7534	
0.407096	-0.097842	3803	
0.432686	-0.091363	9039	
0.180957	-0.152399	4490	
0.159508	-0.218487	7671	
0.358191	-0.302070	419	
-0.034343	0.498311	5101	
0.425827	-0.340503	2156	
0.647436	0.341262	2672	
0.617227	-0.032460	3100	
0.150981	-0.013622	3676	
0.063559	-0.154637	4894	
0.129949	-0.122670	7464	
-0.516790	0.716378	5596	
0.182728	0.552382	8255	
-0.478101	0.707019	3992	
0.061538	-0.146857	4894	
0.463642	-0.342318	3020	
0.475735	-0.138915	1157	
0.729973	0.165230	9687	
0.606041	0.223602	2457	
0.197824	0.243994	6304	
-0.056016	0.387977	3328	
-0.141145	0.436466	7167	
-0.154516	0.449357	7399	
-0.107691	0.428155	5366	
0.002832	0.378787	5392	
0.079765	0.347105	7595	
-0.022849	0.395033	3366	
-0.167994	0.473910	776	
-0.324599	0.575589	6078	
-0.345112	0.596081	851	
-0.291569	0.596794	6965	
-0.366192	0.613787	1134	
-0.440671	0.607799	4948	
-0.491611	0.601283	5860	
-0.513139	0.605020	6402	
-0.578241	0.576887	5784	
-0.702655	0.510418	8433	
-0.746860	0.475819	2543	
-0.813781	0.408299	7133	
-0.781464	0.444989	7881	
-0.729891	0.494405	9761	
-0.715692	0.505222	9761	
-0.709716	0.510185	9226	
-0.719793	0.502181	9761	
-0.715007	0.505943	9761	
-0.717196	0.504324	9761	
-0.702976	0.516396	9052	
-0.699503	0.519359	9052	
-0.682501	0.530949	8963	
-0.672819	0.534345	8865	
-0.650746	0.548306	9838	
-0.635884	0.554561	9825	
-0.624622	0.559155	9825	
-0.612517	0.563668	5158	
-0.594452	0.571235	5071	
-0.496887	0.616973	7808	
-0.421759	0.640415	6190	
-0.425600	0.634975	5455	
-0.443758	0.623900	4948	
-0.426261	0.622652	5455	
-0.364765	0.621737	7814	
-0.277010	0.604815	3847	
-0.213592	0.569699	8601	
-0.207271	0.562918	9561	
-0.179869	0.535431	4158	
-0.208479	0.552063	9561	
-0.259882	0.574522	7998	
-0.264820	0.560494	9901	
-0.164458	0.477252	723	
0.246631	0.255828	4202	
0.181887	-0.187310	9310	
-0.180514	0.737109	831	
0.045726	0.702947	7231	
0.563614	-0.048351	3240	
0.480691	-0.067622	3503	
0.298195	0.717814	3154	
-0.189741	0.739958	831	
-0.207165	0.740105	4448	
0.043297	0.702246	7231	
-0.196014	0.738226	831	
-0.634428	0.638274	4435	
0.036021	0.593560	4812	
0.339711	0.466839	6397	
0.249018	0.760842	3543	
0.738410	0.570866	2036	
0.396451	0.836325	4414	
-0.327862	0.872125	6030	
-0.256430	0.672970	4716	
-0.046048	0.504959	3354	
0.594064	0.592241	2677	
0.337999	-0.259272	6464	
0.213784	-0.236683	4151	
0.243955	-0.145725	6501	
0.066497	0.728727	8116	
0.874434	0.266467	9122	
0.773951	-0.280865	9516	
0.579351	-0.312927	7261	
0.472782	-0.258971	5276	
0.459566	-0.212953	3191	
0.468862	-0.192336	2341	
0.470452	-0.190527	2341	
0.459546	-0.230341	4674	
0.491379	-0.275623	1994	
0.676482	-0.312952	9414	
-0.069395	0.672262	5125	
0.707243	-0.336204	9331	
0.202770	0.734349	1089	
0.226897	-0.151389	5483	
0.213277	-0.236085	4151	
0.321763	-0.270761	4299	
0.345103	-0.236367	5713	
0.695481	-0.022394	706	
-0.242270	0.782722	3833	
0.577882	-0.067246	1958	
0.304733	-0.271126	4816	
0.757944	-0.321677	1906	
0.714853	0.198286	1474	
0.397098	0.225609	5948	
0.183033	0.294360	1589	
-0.069811	0.422844	5350	
-0.222261	0.520501	3362	
-0.253325	0.555087	8786	
-0.254007	0.565964	8786	
-0.226115	0.558628	5896	
-0.177477	0.525880	2964	
-0.143866	0.503539	3573	
-0.180912	0.541529	4823	
-0.243624	0.591802	4928	
-0.396117	0.622484	4269	
-0.438219	0.625231	4948	
-0.377013	0.648682	4882	
-0.492847	0.619213	7808	
-0.590278	0.575659	5071	
-0.667581	0.538009	8865	
-0.722339	0.505324	9761	
-0.793750	0.439078	7881	
-0.898601	0.309820	9079	
-0.904523	0.316967	9597	
-0.901868	0.344485	9583	
-0.903651	0.334080	10126	
-0.896537	0.338061	10126	
-0.895692	0.332047	10126	
-0.894458	0.332957	10126	
-0.895131	0.335055	10126	
-0.894263	0.335521	10126	
-0.894415	0.336021	10126	
-0.892902	0.336178	10126	
-0.892755	0.334367	10126	
-0.890284	0.333331	10126	
-0.882031	0.340671	10126	
-0.873564	0.348821	10151	
-0.859539	0.364985	10151	
-0.841265	0.387674	9034	
-0.829575	0.401524	7589	
-0.809846	0.423797	8059	
-0.717308	0.514704	5156	
-0.644920	0.570370	6074	
-0.632451	0.574452	5158	
-0.634381	0.566760	5158	
-0.602444	0.579390	5843	
-0.506368	0.619908	6402	
-0.368610	0.658606	5512	
-0.272035	0.663173	5406	
-0.261306	0.661078	4716	
-0.224673	0.650784	3633	
-0.260221	0.651102	4716	
-0.323378	0.647279	4843	
-0.322506	0.634910	2228	
-0.236128	0.597902	4928	
-0.022605	0.439561	7336	
0.516066	-0.247137	3825	
0.454390	-0.100663	1296	
0.398413	-0.127820	5825	
0.295072	-0.169468	3609	
0.289395	-0.172998	3609	
0.329331	-0.158141	5122	
0.467368	-0.102783	1596	
0.471270	-0.100352	908	
0.391184	-0.126763	5192	
0.458150	-0.099383	908	
0.296016	0.735761	5452	
-0.226259	0.761203	2722	
0.018277	0.783049	6241	
0.887144	0.009695	9889	
0.602734	0.684347	6395	
0.423606	0.803929	8917	
-0.015256	0.906362	5619	
-0.547023	0.644480	1025	
-0.083719	0.676490	4545	
0.821493	-0.170567	8030	
0.707851	-0.284226	7381	
0.553034	-0.277977	1415	
0.506427	-0.215706	615	
0.592943	-0.133626	8980	
0.665261	0.560683	6670	
0.786311	0.261271	7999	
0.743179	0.225778	2382	
0.693400	0.241149	6581	
0.621112	0.280420	5356	
0.586014	0.297976	2573	
0.581606	0.300015	2709	
0.648783	0.265732	7388	
0.711819	0.232550	2240	
0.762354	0.234833	6499	
-0.581788	0.658200	7258	
0.834338	0.178362	898	
0.563277	-0.155775	1354	
0.506763	-0.220324	365	
0.552689	-0.277572	1415	
0.668164	-0.292723	8609	
0.745665	-0.268541	5876	
0.816573	-0.181131	8845	
0.839994	-0.073929	685	
0.813651	-0.186700	8845	
0.645231	-0.294142	9025	
0.831632	0.203422	4960	
0.330594	0.301121	1984	
0.120843	0.372875	3454	
-0.080625	0.470425	1919	
-0.192633	0.565570	9514	
-0.278137	0.616666	2569	
-0.309335	0.634710	5025	
-0.312614	0.643484	2228	
-0.280058	0.649576	4808	
-0.223123	0.643374	3633	
-0.191919	0.636629	2347	
-0.226490	0.655463	4683	
-0.321107	0.664736	4843	
-0.550957	0.601575	9070	
-0.627963	0.570266	5158	
-0.596348	0.599046	8642	
-0.714979	0.517411	9226	
-0.809059	0.427127	8059	
-0.879325	0.344714	10103	
-0.880182	0.379582	10197	
-0.851541	0.445198	9667	
-0.810872	0.517333	3867	
-0.761081	0.584592	5147	
-0.722607	0.630787	783	
-0.723772	0.627445	783	
-0.726466	0.622226	783	
-0.729563	0.617100	8353	
-0.729287	0.616826	8353	
-0.722647	0.624490	783	
-0.723577	0.623198	783	
-0.721204	0.625751	783	
-0.724325	0.621943	783	
-0.726882	0.618891	783	
-0.735066	0.609255	8353	
-0.743377	0.598800	6681	
-0.755531	0.584322	5147	
-0.769152	0.566862	5737	
-0.779766	0.552103	5199	
-0.793127	0.532982	3673	
-0.814851	0.501351	9085	
-0.833830	0.466856	7225	
-0.851026	0.430767	9667	
-0.866789	0.390613	9601	
-0.868484	0.371391	10151	
-0.841606	0.396336	7589	
-0.745534	0.497729	9363	
-0.621306	0.593343	9456	
-0.520341	0.647161	1876	
-0.501643	0.654343	1876	
-0.434082	0.678302	5187	
-0.462900	0.663258	8138	
-0.518775	0.633381	7964	
-0.482160	0.639539	7794	
-0.320690	0.671348	5465	
-0.122130	0.603554	8791	
0.582542	0.331561	8021	
0.652635	-0.190353	1318	
0.697440	-0.205458	2507	
0.651848	-0.224063	3233	
0.649284	-0.226189	3233	
0.681537	-0.219274	2111	
0.714755	-0.198599	2389	
0.705861	-0.196510	2389	
0.675746	-0.202248	1643	
0.652801	-0.189985	1318	
0.648934	-0.161553	5667	
0.676488	-0.104096	2768	
0.834443	0.090825	371	
0.752414	0.442850	7959	
0.506778	0.710430	3892	
0.432527	0.756129	7315	
0.269193	0.827126	6883	
-0.194358	0.860981	7029	
-0.593701	0.651560	7258	
0.747931	0.354700	1805	
0.719529	0.289227	2134	
0.632174	0.308786	6232	
0.532291	0.350031	8199	
0.413117	0.392320	5941	
0.346863	0.410488	8523	
0.299762	0.421163	5308	
0.263015	0.428264	4477	
0.241614	0.431918	4847	
0.225562	0.434780	4847	
0.219880	0.435818	889	
0.219125	0.435971	889	
0.230714	0.433946	4847	
0.247876	0.430971	3809	
0.276541	0.425980	3041	
0.311385	0.418888	5308	
0.363298	0.406501	8732	
0.434682	0.385919	7478	
0.539442	0.347494	8730	
0.632066	0.309155	6232	
0.703604	0.287474	2298	
0.732721	0.299728	1385	
0.747053	0.348232	1953	
0.716804	0.423476	5534	
0.746510	0.345325	1953	
0.691281	0.290047	1472	
0.361384	0.409307	8732	
0.071715	0.475821	1375	
-0.071721	0.549132	4869	
-0.144914	0.624904	6900	
-0.247221	0.668998	5347	
-0.393234	0.661228	4882	
-0.466498	0.645541	7282	
-0.493811	0.641834	7794	
-0.476030	0.654976	8138	
-0.408826	0.682466	6561	
-0.367293	0.696098	7132	
-0.452693	0.674475	3248	
-0.576725	0.620094	8305	
-0.787851	0.457867	1607	
-0.863207	0.378704	10081	
-0.854853	0.413318	9034	
-0.824410	0.480373	8843	
-0.784310	0.543649	5199	
-0.736455	0.605834	8353	
-0.672342	0.674120	727	
-0.610697	0.726687	791	
-0.561327	0.763971	2909	
-0.514175	0.794749	1325	
-0.475089	0.816864	987	
-0.456818	0.823929	987	
-0.449622	0.825761	477	
-0.446665	0.826387	477	
-0.443594	0.827460	477	
-0.435286	0.831599	477	
-0.432950	0.832298	477	
-0.428581	0.834211	477	
-0.429034	0.833714	477	
-0.432399	0.832062	477	
-0.440072	0.828117	477	
-0.446421	0.824687	8215	
-0.461057	0.817017	987	
-0.474561	0.809912	987	
-0.486356	0.803052	665	
-0.501428	0.794269	665	
-0.524609	0.779843	7081	
-0.550667	0.762781	8403	
-0.571242	0.746985	677	
-0.606058	0.720462	791	
-0.640420	0.691557	2385	
-0.671206	0.662722	727	
-0.698143	0.634310	6762	
-0.728950	0.599169	6681	
-0.756323	0.564765	5737	
-0.777647	0.535165	3673	
-0.797444	0.502479	9085	
-0.813814	0.467435	4449	
-0.815707	0.449809	7225	
-0.757231	0.498983	9337	
-0.609542	0.607398	9456	
-0.240744	0.717310	1137	
0.200081	0.591160	4730	
0.506372	0.449701	2488	
0.584783	0.420484	8357	
0.553952	0.416821	4033	
0.554066	0.415324	385	
0.581189	0.412470	8357	
0.601375	0.417322	7741	
0.586687	0.425733	7741	
0.551522	0.435109	2600	
0.506065	0.449873	2488	
0.460010	0.468379	4479	
0.414347	0.487922	3911	
0.375177	0.505162	3312	
0.352509	0.514631	8544	
0.332470	0.523871	8795	
0.327752	0.525428	8795	
0.318103	0.529162	6043	
0.297704	0.538306	6357	
0.280899	0.545854	6604	
0.262567	0.553606	7838	
0.234932	0.565944	2610	
0.209551	0.577611	2440	
0.187856	0.587397	4730	
0.161845	0.598965	748	
0.144268	0.606670	588	
0.127870	0.614193	5013	
0.112808	0.620626	3579	
0.103291	0.624479	3579	
0.095781	0.627369	3184	
0.093123	0.628406	3184	
0.092787	0.628580	3184	
0.098439	0.626528	3184	
0.106283	0.623531	3579	
0.118795	0.618593	3579	
0.132512	0.612564	588	
0.149229	0.605303	588	
0.167607	0.597445	748	
0.189637	0.587904	4730	
0.209783	0.578924	2440	
0.228892	0.570426	2610	
0.242129	0.565036	2610	
0.259850	0.557464	7838	
0.268375	0.554395	7324	
0.258662	0.559954	7838	
0.225637	0.576677	2998	
0.151451	0.612381	588	
0.019251	0.668147	5044	
-0.116769	0.706409	8794	
-0.308980	0.713290	1210	
-0.521933	0.653196	1876	
-0.671702	0.565795	5327	
-0.746966	0.509381	3670	
-0.795891	0.467723	1607	
-0.807563	0.466941	4449	
-0.797163	0.492759	9085	
-0.774998	0.531926	3673	
-0.745518	0.574189	5147	
-0.705442	0.622044	659	
-0.665969	0.664353	727	
-0.621470	0.705176	2385	
-0.567763	0.746191	677	
-0.522183	0.778584	7081	
-0.473998	0.807949	987	
-0.424776	0.833722	477	
-0.374106	0.856296	9603	
-0.324064	0.874909	6030	
-0.276847	0.889703	882	
-0.236497	0.899587	6243	
-0.196876	0.905172	8950	
-0.160842	0.907641	9028	
-0.142339	0.907901	9028	
-0.133125	0.908179	9704	
-0.126591	0.908451	6205	
-0.121316	0.908976	6205	
-0.117322	0.908917	6205	
-0.113277	0.908999	6205	
-0.110941	0.908786	6205	
-0.111332	0.908432	6205	
-0.113736	0.907893	6205	
-0.116923	0.907338	6205	
-0.124745	0.906343	6205	
-0.133554	0.905372	9704	
-0.143503	0.903975	9028	
-0.155808	0.902366	9028	
-0.169811	0.900130	1246	
-0.182730	0.897496	8950	
-0.195591	0.894439	8239	
-0.210918	0.891022	6057	
-0.229725	0.886971	6057	
-0.250927	0.881646	7008	
-0.270681	0.875843	8770	
-0.289072	0.869497	8119	
-0.310609	0.862041	6162	
-0.330965	0.853905	5973	
-0.353054	0.844751	8800	
-0.372983	0.835227	6238	
-0.392122	0.825429	9589	
-0.408453	0.815905	8617	
-0.423266	0.806392	8233	
-0.430244	0.799016	8233	
-0.428696	0.793936	8233	
-0.413262	0.792452	8233	
-0.374969	0.796173	5951	
-0.321009	0.803123	4849	
-0.305170	0.805592	4849	
-0.320080	0.806293	7703	
-0.348041	0.804339	7197	
-0.372714	0.801174	5951	
-0.393612	0.797629	5951	
-0.412964	0.792687	8233	
-0.431710	0.786454	7204	
-0.450419	0.779025	7110	
-0.468931	0.770412	6119	
-0.486516	0.761174	6119	
-0.502888	0.751585	5885	
-0.518459	0.741821	5885	
-0.533254	0.731806	6251	
-0.547006	0.721818	8351	
-0.559688	0.712236	5830	
-0.571178	0.703036	5165	
-0.581862	0.694149	5165	
-0.591530	0.685908	5165	
-0.600368	0.678501	4012	
-0.607827	0.672010	4012	
-0.614434	0.666507	4012	
-0.619968	0.661825	4012	
-0.624205	0.658006	9594	
-0.627441	0.655232	9594	
-0.629665	0.653399	9594	
-0.630877	0.652480	9594	
-0.631009	0.652505	9594	
-0.630105	0.653556	9594	
-0.628032	0.655685	9594	
