time = 235.45	Re = 1
-0.777799	0.586499	2135	
-0.971418	0.094341	3477	
-0.132557	-0.971480	2607	
0.800472	-0.571545	1892	
-0.405362	0.904771	1486	
0.210476	-0.923688	2598	
0.384628	-0.864761	868	
0.741725	-0.588167	5524	
0.944162	0.114232	2083	
0.332420	0.892302	314	
-0.825473	0.483290	5452	
0.691776	-0.671835	4863	
0.347058	0.905348	1261	
-0.949941	-0.227750	4894	
0.793627	-0.580274	1892	
-0.765301	-0.637915	3615	
0.894170	0.224235	5158	
0.824167	0.406447	634	
0.376843	0.838026	3041	
-0.370625	0.845868	834	
-0.919590	0.102416	3804	
0.027197	-0.931059	739	
0.920667	0.171395	4600	
-0.411220	0.843325	5029	
-0.567580	-0.751636	2489	
0.913844	0.262443	5041	
-0.946776	0.143734	565	
0.709958	-0.652584	3445	
-0.491607	0.838786	1331	
0.365919	-0.910723	541	
0.180012	0.874084	2585	
0.099792	0.888632	3121	
-0.406176	0.796969	5415	
-0.896531	-0.109216	3357	
0.458033	-0.777096	2584	
0.657277	0.621957	4414	
-0.825072	0.382092	3974	
-0.130219	-0.905140	5163	
0.901347	0.192923	4487	
-0.886833	0.256504	285	
0.899566	-0.243706	2627	
-0.665114	0.660710	4431	
0.639100	-0.696731	311	
-0.876744	0.381927	1107	
0.819534	-0.508214	2382	
-0.975440	-0.015184	3358	
0.853743	0.187545	4293	
0.586585	0.631690	2192	
-0.218784	0.849060	4134	
-0.851476	0.171364	3594	
-0.080032	-0.871092	4127	
0.611251	0.626553	3063	
-0.869724	0.147160	4997	
0.732777	-0.497322	3773	
-0.538234	0.711605	2935	
0.854725	-0.289014	420	
-0.843488	0.339329	5605	
0.570587	-0.714140	344	
-0.611712	0.688989	2989	
0.920144	-0.152016	732	
-0.940818	0.020291	5525	
0.676998	0.666334	5209	
0.480573	-0.835510	1085	
0.965658	0.196645	1541	
-0.379160	-0.738649	3538	
-0.185293	-0.812342	817	
0.725944	-0.409037	2037	
0.271475	0.792347	4302	
-0.801958	-0.291082	5343	
0.828324	-0.184096	2459	
-0.773624	0.356926	2751	
0.696141	-0.500191	3604	
-0.873488	-0.101232	5379	
0.664319	0.569794	3982	
-0.335134	-0.817102	4196	
-0.076784	0.895966	4960	
0.820620	-0.373510	4225	
-0.892985	-0.205850	4384	
0.911306	0.136329	521	
-0.134593	-0.919135	4261	
-0.536673	0.768357	1030	
0.934335	0.173217	4807	
0.489519	-0.830250	334	
-0.924774	0.304531	1890	
0.771754	-0.210180	2259	
0.819760	0.035163	5309	
0.518978	0.606914	1662	
-0.792482	0.150245	3897	
0.790318	0.251447	5204	
-0.683961	-0.449803	2797	
-0.406561	0.724875	4202	
0.690168	-0.466126	2683	
-0.838534	-0.183645	4612	
0.549214	0.645681	2742	
0.178684	-0.852210	5315	
-0.875450	-0.002752	421	
0.300101	0.823132	4937	
0.607088	-0.644076	3963	
-0.847849	-0.303472	2969	
-0.524924	0.740985	3509	
0.827269	-0.389850	4225	
-0.182235	-0.910396	1733	
-0.683522	0.641184	3933	
0.546070	0.777468	762	
0.854179	-0.447525	5596	
-0.270259	-0.940395	810	
0.461570	-0.609579	3318	
0.628617	-0.432959	1026	
0.387910	0.659486	1635	
-0.384127	-0.667831	1725	
-0.782218	0.110242	2571	
0.507544	0.602295	1662	
0.610964	-0.511371	1727	
-0.798304	0.125171	3908	
-0.375653	0.728448	3247	
0.269504	0.780117	3191	
0.750048	-0.362424	743	
-0.470231	-0.698037	2654	
-0.698660	0.486228	2684	
0.306283	0.806329	3530	
0.856221	-0.178824	2965	
-0.078582	-0.884232	4127	
-0.892314	0.089567	3804	
-0.573217	0.703909	3385	
0.919364	0.026343	5640	
0.445062	-0.815829	3491	
-0.729496	-0.593477	5159	
-0.955887	0.055074	5197	
-0.264055	0.934635	611	
-0.570864	0.452839	3133	
-0.753008	-0.177740	3627	
0.358674	-0.646033	1524	
-0.258099	-0.694926	3159	
-0.767652	-0.178895	3989	
-0.743061	0.174100	4324	
0.189713	0.744519	3261	
0.032927	0.794783	1414	
0.456005	0.642143	1069	
0.812430	0.148697	2070	
-0.103042	-0.805940	3246	
-0.545077	-0.607062	3426	
-0.710968	-0.432597	4767	
-0.706131	0.452634	2363	
0.349356	0.772723	3872	
0.869165	0.021418	2388	
0.840726	-0.236778	3452	
0.346488	-0.819208	2676	
-0.371177	-0.816815	994	
-0.815547	-0.409152	947	
-0.377633	0.841228	834	
0.150497	0.923480	3490	
0.872364	0.374149	491	
0.907176	-0.327113	4985	
-0.505755	-0.476390	2568	
0.676360	0.260118	689	
-0.558948	0.424693	1380	
-0.661626	0.259596	2708	
-0.543859	-0.474582	2707	
-0.678370	-0.308714	2115	
-0.040851	-0.759781	999	
0.159436	-0.774950	1117	
0.172572	-0.779315	1163	
-0.379270	-0.670277	1297	
0.458313	-0.640304	3469	
-0.439474	-0.660494	1606	
-0.754534	0.270461	3316	
-0.789451	0.206614	4707	
-0.830169	0.090847	4287	
-0.614249	0.570520	3539	
0.123060	0.844029	1242	
0.062597	0.866964	2675	
0.418499	0.768492	3712	
0.738365	0.494743	5263	
0.759673	0.490426	3472	
0.768254	-0.495020	2690	
0.441664	-0.817559	3491	
-0.151280	-0.930456	4261	
-0.255956	-0.925459	1034	
-0.655046	-0.724291	514	
-0.458272	-0.487578	2138	
0.062515	-0.717061	5359	
-0.530609	-0.411529	5592	
0.159889	0.665949	906	
-0.513171	-0.468209	2568	
0.325555	-0.634612	1128	
0.258681	0.669198	870	
-0.528842	0.500998	2451	
-0.147499	0.765292	913	
-0.767219	0.038142	4866	
-0.625297	-0.436401	5485	
-0.639538	0.422963	2300	
-0.456088	-0.636685	1606	
-0.803161	0.051499	2818	
-0.691041	0.403624	1657	
-0.830961	-0.003298	5195	
-0.647521	-0.518543	4308	
-0.702860	-0.464951	3363	
-0.863441	-0.073277	4605	
-0.711000	-0.497765	3492	
-0.634282	-0.611959	2754	
-0.737831	-0.507535	4402	
-0.511151	-0.754277	4301	
-0.923703	-0.078973	797	
-0.939099	0.040420	5258	
-0.937217	-0.201291	3843	
-0.970749	0.079668	2445	
0.471707	0.472864	2523	
-0.483578	-0.468312	2056	
-0.627604	0.278085	2057	
-0.398058	-0.570846	341	
0.345560	-0.620362	1326	
0.562834	0.444264	2108	
0.154296	0.713506	1858	
0.709672	0.266024	5342	
-0.425180	0.616935	3863	
-0.721276	0.237834	3105	
-0.507144	0.575228	3112	
-0.225960	-0.752108	1508	
-0.415264	-0.675615	1775	
-0.551999	-0.582592	599	
0.263080	-0.792810	3348	
0.832660	-0.106740	3183	
0.844244	0.178257	4608	
0.752125	0.421654	3609	
0.150010	0.865293	1570	
-0.282880	0.852023	584	
-0.779656	0.465132	4524	
-0.424655	0.817387	5120	
-0.614041	0.707426	1972	
-0.814137	0.498137	5581	
-0.854047	0.464816	3206	
-0.695814	-0.084398	4231	
0.685592	0.181101	3721	
0.166224	-0.703820	5008	
0.639308	0.259967	3482	
-0.440366	-0.530390	4772	
-0.331465	-0.611395	793	
0.013357	-0.738073	4845	
0.726823	0.211071	2406	
0.335558	0.644138	5034	
0.767161	0.128747	900	
-0.553211	0.502150	1236	
-0.571904	-0.501309	3526	
-0.578603	-0.507337	3526	
0.790721	-0.093592	4614	
0.676879	0.429380	4783	
0.341915	0.734389	2658	
-0.826856	0.106772	4613	
-0.625135	-0.562507	3109	
-0.190736	-0.834967	640	
0.699387	-0.518071	3748	
0.810022	0.371724	4979	
0.072104	0.905470	4095	
0.446415	0.800829	5413	
-0.416382	0.839829	5029	
-0.665423	0.682953	2416	
-0.873275	0.427662	3115	
-0.696501	-0.083570	4231	
-0.697674	-0.080194	4231	
-0.507288	-0.412529	5645	
0.696811	0.018174	3828	
0.376619	-0.548885	1831	
0.648622	0.248478	4640	
-0.639631	-0.286151	1498	
-0.303716	-0.625841	850	
-0.206812	-0.672114	2983	
0.733963	0.196720	4534	
0.081886	0.733831	1240	
0.075940	0.743174	1542	
-0.374179	-0.649919	1778	
0.718465	-0.259323	3315	
0.596635	0.494618	1787	
-0.683291	0.395848	1657	
-0.641700	-0.483385	3775	
0.801311	-0.185955	2544	
-0.224432	0.823861	2450	
-0.847484	0.121278	4757	
-0.249684	-0.832105	2446	
0.759985	-0.453127	4970	
0.517170	0.741182	5097	
0.609480	0.684198	5301	
-0.447272	0.823488	4052	
-0.845401	0.442929	4903	
-0.973850	-0.028975	2215	
-0.981001	-0.156878	3285	
0.105071	-0.481087	1065	
0.633210	-0.074590	2710	
0.591595	0.017219	4893	
0.137485	-0.501483	2802	
-0.688464	-0.076353	4231	
0.141304	-0.699717	5709	
-0.028357	-0.679786	2016	
0.655377	-0.154254	2513	
-0.581795	0.366133	2979	
-0.298206	-0.628421	850	
0.084932	-0.749618	882	
0.120759	0.713572	1515	
-0.732992	0.093627	663	
0.536612	-0.512193	1517	
-0.396678	0.651255	4668	
-0.796207	-0.043894	1473	
0.678080	0.408954	4427	
0.037877	0.812581	716	
-0.467448	-0.668060	2333	
0.751855	0.376071	4586	
-0.193968	0.842465	4129	
-0.659382	-0.562625	4329	
0.670687	-0.576638	4573	
0.494379	0.756538	5043	
0.396216	0.826756	5373	
-0.691934	0.631423	5238	
-0.897140	-0.335947	4020	
-0.462805	-0.091418	1275	
-0.452123	-0.046797	4171	
0.041442	-0.450503	4943	
0.421897	0.105190	381	
0.421005	0.093679	3666	
-0.003065	-0.574699	2680	
0.462317	0.133804	4777	
-0.698223	-0.077141	4231	
-0.487762	0.457858	4448	
-0.245983	-0.625559	3885	
-0.642254	0.239560	1595	
-0.158854	-0.677358	1182	
-0.172220	0.738670	814	
0.334380	-0.652667	1239	
0.768135	0.042694	4508	
-0.242722	-0.710423	3302	
0.691344	0.348118	1318	
0.067821	-0.809715	4691	
0.595432	0.531706	1994	
-0.803532	0.151973	3908	
0.764208	-0.329450	3120	
0.044475	0.855658	5492	
-0.620585	-0.604994	2754	
0.795363	-0.387787	3055	
-0.050715	0.909785	4173	
-0.539917	0.744798	3509	
-0.929968	-0.146536	4067	
-0.048187	-0.959675	373	
0.046748	-0.468095	5702	
-0.575262	-0.251393	1179	
0.546357	0.300893	2233	
-0.102775	0.403197	478	
-0.233562	0.514087	742	
-0.266332	0.532289	352	
-0.255310	0.531062	508	
-0.053448	0.413511	2936	
0.595830	-0.020882	1170	
-0.687957	-0.074424	4231	
0.147138	0.647862	4480	
0.680950	-0.056542	357	
0.536822	-0.435013	858	
-0.642471	0.279227	2569	
0.485015	0.527618	3932	
-0.463470	-0.563768	676	
-0.199801	0.757427	5419	
0.501792	-0.573707	1207	
-0.794543	0.046751	2818	
0.818822	0.029073	1090	
-0.658693	0.474790	1324	
0.782968	-0.283337	4319	
-0.275185	0.815577	3907	
-0.145715	-0.858608	1064	
0.735640	0.497536	5263	
-0.855367	0.304865	4720	
-0.879218	-0.291311	5559	
0.108751	-0.938506	5241	
0.963873	-0.045471	604	
0.164983	-0.511598	4025	
-0.004774	-0.584053	2680	
0.029822	0.557122	592	
-0.237265	0.513350	1169	
-0.182651	0.415985	4561	
-0.020600	0.372726	1021	
0.043093	0.446434	4443	
-0.021616	0.370799	1021	
-0.222573	0.464987	1645	
-0.366605	0.503809	811	
0.292470	0.571273	5051	
-0.698633	-0.071355	4231	
-0.219275	-0.629173	2666	
-0.008978	-0.704957	1440	
-0.095479	-0.695123	1480	
-0.436571	-0.563107	676	
-0.234975	0.722939	4844	
0.774709	0.131587	1007	
-0.204059	-0.734459	2395	
-0.604440	0.490669	1774	
0.819503	0.083708	4909	
-0.819103	0.078159	4287	
0.672707	0.495335	4641	
-0.863784	-0.038151	3851	
0.792500	-0.360079	2732	
-0.516814	0.726538	3284	
-0.283683	-0.866236	4077	
0.662931	-0.649543	5213	
0.700264	0.639164	5171	
-0.588029	0.771937	1037	
-0.992533	-0.010226	3262	
0.632715	-0.078688	2710	
0.464867	0.007118	5061	
-0.129209	0.405864	1763	
-0.174540	0.411834	821	
0.150566	0.579050	1050	
0.397912	-0.038055	4569	
0.248179	-0.442201	2302	
0.059962	-0.311627	4085	
0.259517	-0.454273	1509	
0.338629	0.023539	3498	
-0.001376	0.382671	826	
-0.432734	0.459286	2928	
0.585045	-0.269584	1536	
0.700897	0.101796	1001	
0.723231	0.126037	4749	
-0.737414	-0.040502	4716	
-0.157618	0.743253	814	
0.190339	0.702538	3229	
0.716938	-0.199151	2306	
-0.168355	-0.745369	4669	
-0.806721	-0.054871	1191	
0.509402	0.614084	1662	
-0.349315	-0.736847	2736	
-0.419532	0.728774	4202	
0.073682	-0.865467	3858	
-0.166013	0.871644	5255	
-0.538862	-0.714141	733	
0.891014	-0.206626	4123	
-0.250247	0.904090	5407	
-0.892214	-0.347691	5164	
-0.127122	0.481646	1051	
-0.602355	0.003735	4655	
0.555652	0.255315	1894	
-0.203978	0.466298	2924	
0.034616	0.435372	1294	
0.441828	-0.059432	4915	
-0.438373	-0.411966	5210	
0.055324	0.352588	2875	
0.412093	-0.420990	1719	
0.124922	-0.259831	3770	
0.268063	0.115481	3883	
-0.356690	0.045781	4282	
0.530107	-0.097590	2844	
-0.144435	0.375828	1004	
-0.123794	0.414709	478	
-0.692921	-0.085055	4231	
-0.634657	0.212725	4500	
0.183105	0.668029	906	
0.496140	0.503248	3749	
0.152385	0.714030	1858	
0.740875	0.230707	4665	
0.597042	-0.473337	1636	
0.273070	-0.757025	3934	
-0.199579	0.800143	4663	
0.837618	0.067534	5014	
-0.404586	-0.736998	3538	
0.552979	0.657120	2742	
-0.348100	-0.809887	4196	
0.494881	0.755669	5043	
-0.703308	0.592957	2730	
-0.401159	-0.850426	4217	
0.965137	0.001289	2474	
0.014914	-0.618172	4981	
0.566917	0.187145	4974	
0.335062	-0.536680	4286	
-0.039027	0.410846	1830	
-0.134287	0.383635	1112	
0.489970	0.274459	356	
-0.045700	-0.386642	1234	
0.453197	0.311714	1761	
0.005565	0.240787	5701	
-0.182833	0.233168	2435	
-0.457985	0.358462	1856	
-0.290239	0.397554	2408	
-0.251652	0.082608	901	
-0.152262	-0.525070	4656	
-0.362137	-0.197944	710	
0.166844	0.577303	1050	
-0.419696	0.470838	2928	
0.111710	-0.491515	2802	
0.697039	0.180068	3658	
0.109624	0.688980	289	
-0.258242	0.689038	5117	
-0.330634	0.659203	3100	
-0.369747	0.655939	2694	
0.561739	0.517260	3497	
0.494543	0.612300	1703	
-0.436426	-0.672868	1813	
-0.792662	-0.283149	5343	
0.657312	0.533651	3347	
-0.454395	-0.738001	3779	
0.451561	0.764247	4572	
-0.525556	-0.743313	538	
0.783350	-0.498002	2690	
0.077898	0.947842	869	
-0.944029	-0.241367	2923	
-0.471056	-0.022534	5422	
-0.512579	-0.180767	4933	
0.608508	-0.040923	1320	
0.107656	0.611051	4266	
-0.178417	0.431735	4344	
0.065761	0.518218	1373	
0.522346	-0.325427	1439	
-0.303899	0.459274	4657	
-0.349291	0.076948	5394	
-0.206319	0.145453	5638	
-0.432309	0.371936	862	
-0.462047	0.169719	3811	
-0.333003	0.148881	5015	
-0.457547	0.335599	527	
-0.234632	0.160518	1150	
-0.156821	0.185729	1825	
0.032634	0.317243	2825	
0.346082	0.139867	1392	
-0.505996	0.385538	2590	
0.108735	-0.485347	1065	
-0.662369	0.107685	1459	
-0.703395	-0.215594	2500	
-0.229777	-0.674195	3310	
-0.308142	-0.661267	1060	
0.019232	-0.779517	294	
-0.651866	-0.413181	465	
-0.793414	0.096699	3918	
-0.039961	0.829836	3409	
0.750564	0.377136	3145	
-0.702142	-0.485172	3363	
-0.039194	0.883880	5624	
0.134242	-0.895438	4300	
0.747778	0.528676	394	
-0.923745	0.162287	340	
0.869393	-0.415574	5318	
0.459375	0.172226	4120	
0.544408	0.226437	3840	
0.021588	0.491353	3832	
-0.139863	0.402562	1112	
-0.030967	0.376704	1830	
0.333759	0.057448	3251	
-0.335444	-0.510708	1857	
0.441389	-0.398533	1868	
-0.239110	0.102661	1175	
-0.331596	0.405222	2245	
-0.296706	0.163250	4739	
-0.281637	0.251624	4851	
-0.381204	0.366659	5052	
-0.379017	0.367561	5052	
-0.452574	0.174861	824	
-0.468954	0.320043	5693	
-0.233064	0.113232	620	
0.446048	0.296338	2087	
0.356009	0.155584	2002	
-0.466160	0.431159	2573	
-0.690392	-0.065220	3000	
0.637615	0.261893	3482	
0.077536	-0.742592	4048	
0.232295	0.678057	4066	
0.644156	0.361859	1286	
-0.678981	0.336051	5239	
0.297212	0.715441	1499	
0.404642	0.687599	1728	
0.630159	-0.521233	2633	
-0.343959	-0.767258	3746	
-0.501024	0.703924	2655	
0.740198	-0.483576	3773	
-0.876521	0.237692	285	
0.421138	-0.828151	4677	
0.627846	0.710215	5381	
-0.972706	0.031256	2220	
-0.034749	0.402150	1830	
-0.073158	0.389091	4854	
-0.116730	0.387969	1763	
-0.007468	0.392591	1021	
0.498982	0.295875	500	
0.179537	-0.363477	2141	
-0.111643	0.285197	423	
-0.000354	0.238823	5701	
-0.239639	0.314950	3724	
-0.471610	0.177058	3811	
-0.286007	0.230686	2028	
-0.403490	0.186934	3395	
-0.333650	0.329485	2271	
-0.425497	0.312857	1610	
-0.303701	0.278817	4746	
-0.426762	0.341090	487	
-0.289416	0.165902	5529	
-0.230915	0.114800	620	
0.007062	0.295376	5081	
0.101752	0.560178	1889	
-0.154390	0.432429	4454	
0.352299	0.556619	5251	
0.605089	-0.316242	2145	
-0.720653	0.033840	806	
0.637575	-0.342367	325	
0.730974	-0.152234	404	
0.763707	0.219994	4479	
0.656869	0.438167	3589	
-0.112508	-0.802394	3512	
-0.226239	-0.799014	1908	
-0.465413	0.711744	4868	
0.791054	0.379106	4680	
-0.663366	-0.599815	3171	
0.882830	0.257226	5140	
-0.905530	0.241749	5551	
0.912854	-0.308805	5400	
0.359900	0.917934	1261	
0.031755	0.446695	4443	
0.030543	0.442627	1294	
0.122999	0.579734	3306	
0.459002	0.237974	2795	
0.340223	-0.480495	1100	
-0.298873	-0.043686	4021	
0.164919	-0.290344	3581	
-0.185078	0.140375	469	
-0.279501	0.363204	3443	
-0.270295	0.190687	3418	
-0.414790	0.347743	4900	
-0.329141	0.319164	2271	
-0.409776	0.224433	2103	
-0.349284	0.264302	2010	
-0.354860	0.236175	2324	
-0.430971	0.310616	1610	
-0.450005	0.313896	5086	
-0.495387	0.258230	4447	
-0.198325	0.109351	1263	
-0.425465	-0.249589	2926	
-0.208334	0.436273	3679	
0.398202	-0.501930	2669	
-0.006640	-0.687671	3738	
0.708148	-0.035185	4276	
-0.594381	0.388435	411	
-0.658802	-0.334632	4106	
0.151959	-0.775785	1117	
-0.121157	-0.767664	3280	
0.225567	-0.786872	3410	
-0.585836	-0.565725	3085	
-0.850561	0.010896	5677	
0.578717	0.633885	2192	
0.564968	-0.679492	4938	
-0.888115	0.191841	4143	
0.568642	-0.733400	493	
0.038771	0.950276	3720	
0.400370	0.189578	771	
0.355902	0.136833	1695	
0.435805	-0.053381	4825	
0.225722	-0.417812	3921	
-0.417211	-0.238470	3107	
0.432411	0.402834	3264	
0.002042	0.239574	5701	
-0.235823	0.322798	3313	
-0.250797	0.186952	3631	
-0.383138	0.382935	4272	
-0.457116	0.217750	3391	
-0.388326	0.336853	2248	
-0.375681	0.236731	2157	
-0.371913	0.284143	1915	
-0.387238	0.296918	2475	
-0.340166	0.259021	2010	
-0.323495	0.329055	2271	
-0.381972	0.156305	1300	
-0.217506	0.191908	5339	
-0.075037	-0.356376	3434	
0.411739	-0.049427	4569	
-0.573217	0.265553	412	
-0.691180	-0.083146	4231	
0.630774	0.270846	3482	
0.342559	-0.609526	524	
-0.459487	0.551663	3834	
-0.609070	0.410528	4532	
-0.079342	-0.768665	1548	
0.449082	-0.645571	3469	
-0.776832	-0.263863	5398	
-0.601999	-0.568298	3085	
-0.357533	0.776785	4186	
0.681786	0.545919	4007	
-0.373553	-0.813006	994	
0.507080	0.762567	4341	
-0.634495	-0.692286	5714	
0.921775	0.286514	4489	
0.128778	-0.330228	2625	
0.090109	-0.317861	4587	
-0.078394	-0.468262	2834	
-0.297559	-0.075777	4207	
0.046959	0.343485	2875	
-0.088504	-0.397984	3641	
-0.174927	0.117665	1341	
-0.254578	0.340493	2242	
-0.458748	0.330898	527	
-0.370503	0.170512	1526	
-0.463278	0.232526	650	
-0.361373	0.336672	2007	
-0.401096	0.234840	2373	
-0.381508	0.258975	2064	
-0.403446	0.269849	2273	
-0.375530	0.313456	2291	
-0.430730	0.218026	1741	
-0.472512	0.258155	638	
-0.484338	0.185810	3597	
-0.239015	0.084382	901	
-0.294583	-0.033102	4021	
-0.111105	0.357076	1495	
0.130756	0.613528	2552	
-0.467936	0.476790	4393	
-0.578142	-0.372165	4251	
0.650570	-0.267961	2121	
-0.441107	0.578185	3301	
-0.755539	-0.207773	4583	
-0.793474	-0.122014	1178	
-0.503287	-0.610204	1656	
-0.638839	-0.505874	3899	
-0.791841	-0.309264	4983	
-0.465799	0.727988	3257	
0.892408	0.034907	3326	
-0.393962	-0.820705	4660	
0.681382	0.635596	5285	
-0.835497	-0.466055	924	
0.939194	-0.283966	2504	
-0.416756	0.069679	4483	
-0.456453	0.084720	3758	
-0.214814	0.372877	2235	
0.331365	0.503115	1844	
0.100245	-0.253611	585	
0.078369	0.338361	3340	
-0.180111	0.223042	2435	
-0.467558	0.148323	3062	
-0.486122	0.280558	683	
-0.463298	0.196168	4673	
-0.421789	0.340355	4900	
-0.318320	0.262440	1266	
-0.415366	0.306636	1610	
-0.423872	0.263295	2230	
-0.412930	0.294703	1760	
-0.341813	0.299479	2476	
-0.453544	0.249479	650	
-0.460505	0.205854	4673	
-0.257509	0.204954	3277	
-0.451011	0.366771	1345	
0.370602	0.226775	3753	
0.360334	0.163341	2002	
-0.579398	0.249903	412	
-0.696804	-0.082714	4231	
0.107626	-0.723824	888	
0.155855	-0.732806	2058	
0.188381	0.692532	2852	
0.243697	0.690755	4001	
-0.473947	-0.593781	1616	
0.376147	-0.696199	4507	
-0.610633	-0.519389	3162	
-0.066109	-0.835681	2521	
-0.809210	-0.296979	5708	
-0.532182	0.696574	2866	
0.755360	0.494192	3472	
-0.921349	-0.092447	1689	
0.940977	0.114070	2083	
0.268822	0.092484	5223	
0.269927	0.039058	5552	
0.536215	-0.161411	2287	
-0.040977	-0.296884	3540	
-0.457158	0.110825	3208	
-0.194502	0.049428	531	
-0.314088	0.100179	4498	
-0.307658	0.123367	2161	
-0.376256	0.392208	4272	
-0.259619	0.223543	586	
-0.288303	0.241621	2028	
-0.463662	0.254760	963	
-0.331490	0.231201	2060	
-0.322542	0.269443	1266	
-0.328247	0.245434	2060	
-0.410087	0.204974	3395	
-0.301734	0.294446	5546	
-0.402602	0.361140	5471	
-0.284488	0.169098	4076	
-0.417996	0.123388	2849	
0.247525	-0.389346	2963	
0.533000	-0.301663	4652	
-0.432801	0.450423	2928	
0.474472	-0.438976	4606	
-0.555605	-0.366069	4234	
-0.514749	-0.454757	2126	
0.534007	-0.458629	1946	
-0.422471	0.592813	3345	
-0.762793	-0.189064	3989	
-0.574581	-0.509252	3526	
0.469035	-0.642824	3365	
0.266228	-0.789780	3348	
0.411834	-0.739362	4935	
-0.416831	-0.759395	4099	
-0.789543	0.412671	2733	
0.914838	0.092853	5522	
-0.915554	-0.215792	5224	
0.931342	0.254124	5041	
-0.267246	-0.145919	4475	
-0.254982	-0.128538	3910	
-0.254054	-0.003285	741	
-0.122471	0.239869	1593	
0.160429	-0.253086	4328	
-0.488539	0.140949	2755	
-0.197421	0.174746	5259	
-0.449792	0.362080	862	
-0.299428	0.146473	4739	
-0.466303	0.174809	3811	
-0.477289	0.231544	5191	
-0.302518	0.210636	2975	
-0.360410	0.358991	4474	
-0.361044	0.359077	5435	
-0.324613	0.338008	2271	
-0.304744	0.219507	2975	
-0.450350	0.316488	5086	
-0.289718	0.349914	4940	
-0.370020	0.129723	2548	
-0.309021	0.417341	2420	
0.483841	-0.115448	2455	
0.228310	-0.413274	2879	
-0.197808	0.420565	4561	
-0.170422	0.448864	4063	
-0.068750	-0.647686	1421	
0.494405	0.459094	1743	
0.268232	-0.663288	2967	
0.047273	0.733495	3602	
-0.117864	0.769302	1211	
0.086978	-0.791415	3938	
0.804263	0.142870	2070	
0.731767	-0.335357	2086	
0.607642	0.570603	2074	
0.826562	-0.227432	3452	
0.580390	-0.665859	3153	
-0.683293	-0.599937	543	
0.640934	0.676158	5737	
-0.580087	-0.761379	2489	
0.892671	0.412366	1490	
0.270196	-0.053794	693	
0.525176	-0.252989	1011	
0.071813	-0.210078	695	
-0.194502	0.049430	531	
-0.198823	0.129487	469	
-0.509821	0.171135	2848	
-0.207147	0.217602	5627	
-0.230637	0.265140	1794	
-0.259922	0.298115	2600	
-0.493841	0.225492	5191	
-0.295613	0.171436	3870	
-0.420491	0.352040	4900	
-0.457674	0.306766	4271	
-0.266842	0.226232	3277	
-0.474475	0.302477	5387	
-0.251187	0.225254	586	
-0.378646	0.130428	1301	
-0.260050	0.363514	3533	
-0.000536	0.238516	5701	
-0.057230	0.273826	4736	
0.555847	-0.240050	774	
-0.137365	0.366628	1004	
-0.568454	0.281580	1181	
0.626353	-0.135599	1583	
0.509348	-0.434682	4763	
0.300075	-0.630554	897	
0.735162	0.172788	1002	
-0.544530	0.481115	4079	
-0.188306	-0.727689	3864	
0.544802	-0.545122	1876	
0.200458	0.774897	4297	
-0.710638	0.419238	2042	
-0.408724	0.747767	4281	
-0.248737	0.849330	4262	
0.605079	0.669027	4407	
-0.606550	-0.695437	777	
0.163764	0.935213	1086	
-0.194502	0.049430	531	
-0.194502	0.049431	1151	
-0.254691	0.368336	3533	
-0.187518	0.162078	5481	
-0.251682	0.344906	2242	
-0.207312	0.223645	5109	
-0.225505	0.223128	2482	
-0.396889	0.141347	1174	
-0.254939	0.280882	5144	
-0.266332	0.311108	2600	
-0.249393	0.241362	1149	
-0.500228	0.238878	3956	
-0.342735	0.127743	5015	
-0.450982	0.139210	3644	
-0.183785	0.236916	2435	
-0.328622	0.070518	290	
0.134312	0.522634	3116	
-0.069024	-0.424298	2234	
0.358065	0.162754	2002	
-0.242885	0.479571	5577	
-0.600032	0.155105	4390	
-0.000191	-0.542909	5170	
0.018604	0.670303	535	
-0.158420	0.714884	4049	
0.475166	-0.507050	749	
-0.412819	0.588373	2609	
-0.709496	-0.272824	3234	
0.786649	0.145460	1171	
-0.411403	0.677176	4527	
-0.811597	-0.199285	4013	
-0.088583	-0.843029	4185	
-0.201999	-0.844490	2461	
-0.861576	-0.258025	2419	
0.172656	0.900931	2585	
0.480217	-0.810862	334	
-0.711715	0.658512	4361	
-0.194502	0.049431	1151	
-0.176138	0.178466	5481	
-0.180723	0.181837	5481	
-0.210751	0.271050	3733	
-0.233504	0.151672	1150	
-0.232937	0.300263	3946	
-0.507077	0.249131	4447	
-0.241772	0.314381	3360	
-0.300066	0.116709	2161	
-0.294092	0.106068	4498	
-0.419823	0.117281	3807	
-0.017638	0.233908	5676	
0.387905	-0.082620	5497	
-0.460185	0.092241	3758	
0.174123	-0.350566	1648	
0.363464	0.169909	2002	
-0.074662	0.347299	2085	
-0.575734	0.237733	536	
-0.600476	0.156401	1277	
0.469700	0.172366	4120	
-0.697283	-0.081593	4231	
0.699733	0.175515	3658	
0.619960	-0.301218	2522	
0.537675	0.456632	2120	
-0.588920	-0.430679	4683	
0.785423	0.085397	3981	
-0.796473	0.028638	951	
-0.272720	-0.754661	2724	
0.603328	0.574905	2074	
0.657833	0.550664	4003	
0.693208	0.551940	3742	
0.817019	-0.407138	5599	
-0.936572	-0.081754	5280	
0.866965	0.423134	3787	
-0.240300	0.103915	1175	
-0.249860	0.350728	2706	
-0.324699	0.105096	3819	
-0.269809	0.377786	3474	
-0.406713	0.115287	1174	
-0.397008	0.416319	1588	
-0.148806	0.251001	880	
0.517096	-0.137486	2199	
-0.530476	0.281313	2773	
0.013412	-0.316584	5005	
0.324976	0.044309	2604	
0.036123	0.416752	1195	
-0.280289	0.504511	1012	
-0.590502	0.126859	4984	
-0.570158	0.056702	2947	
-0.438713	0.460377	3404	
0.559487	0.238916	1532	
-0.482114	-0.116891	989	
-0.298775	0.598170	1446	
-0.262748	0.638172	1605	
0.475218	-0.507017	749	
-0.673979	0.246940	2708	
0.748793	-0.085450	3463	
-0.717969	0.267960	4026	
0.490521	0.628694	2043	
-0.807234	-0.245980	619	
-0.547628	-0.652490	2753	
-0.268763	-0.838674	2865	
-0.581728	-0.698845	883	
0.111232	0.927259	4676	
0.571484	-0.772264	1805	
-0.526024	0.225182	3319	
-0.164969	0.165194	396	
-0.320870	0.426206	2587	
-0.176207	0.144824	396	
-0.194502	0.049429	531	
0.062982	0.291632	4331	
0.163540	-0.285301	4401	
-0.004347	0.284310	885	
-0.246921	-0.547305	1716	
0.453443	-0.069915	5432	
0.195334	0.570736	1411	
-0.294476	0.506134	454	
-0.568813	0.076173	669	
-0.515324	0.038928	2671	
-0.603947	0.111797	5338	
-0.241390	0.544825	1585	
0.014190	0.505430	4116	
0.244229	-0.575152	1476	
0.559054	0.016370	4891	
0.224393	-0.624450	603	
0.691204	0.001075	5703	
-0.144922	-0.673036	825	
0.467973	0.528680	3932	
0.167235	-0.756295	4929	
-0.041378	-0.777161	999	
-0.467706	0.635936	1870	
0.313354	-0.767311	4805	
0.290839	0.795201	3191	
-0.503490	0.717405	2695	
-0.474063	0.772125	2122	
0.910537	-0.184067	435	
-0.653947	-0.698110	5714	
0.745240	0.641941	3639	
-0.194502	0.049432	1151	
-0.194502	0.049428	531	
0.285955	-0.064329	5399	
-0.242503	-0.116464	486	
0.382314	-0.081240	2817	
-0.423943	0.420584	1715	
0.006548	-0.319278	5005	
0.320989	0.089280	4055	
-0.083561	0.344126	2085	
-0.586469	0.129799	4923	
-0.456084	0.019489	4860	
-0.605950	0.108990	5338	
-0.086989	0.414964	1406	
0.450167	0.458676	1667	
0.621344	-0.122421	1613	
0.001856	-0.520819	2540	
-0.576201	-0.215529	2508	
0.479941	0.030925	4381	
-0.693427	-0.085299	4231	
-0.242853	0.623158	2017	
0.313037	-0.597472	283	
0.368564	-0.590896	546	
0.442395	-0.571244	4065	
0.161083	-0.773175	1117	
-0.084563	-0.788522	1933	
-0.185136	0.813302	3822	
0.200627	-0.834642	4364	
0.847898	-0.200198	2965	
0.846730	0.321091	4074	
-0.238798	-0.892638	986	
-0.818168	0.487132	5452	
-0.199357	0.009012	1556	
0.400644	-0.100706	3484	
-0.267118	0.036625	818	
0.539120	-0.190347	2859	
-0.183210	0.326156	2884	
-0.058593	-0.394269	916	
0.320183	0.059224	4189	
-0.091728	0.344160	1632	
-0.568875	0.084271	324	
-0.433074	0.003126	517	
-0.396224	0.494907	2622	
0.500588	0.187463	3401	
-0.096212	-0.626444	2487	
-0.067004	0.454377	2174	
0.504235	0.162611	3532	
0.635445	-0.051290	2140	
0.110672	-0.486973	1065	
-0.493435	-0.118336	2792	
-0.697260	-0.081751	4231	
-0.653430	0.124464	1602	
-0.678172	0.115621	1158	
-0.094550	-0.714686	3101	
0.695218	-0.257419	4014	
0.661600	-0.395217	1705	
-0.198880	-0.779342	5031	
-0.772795	0.322263	2766	
-0.257033	-0.828071	2865	
-0.025813	-0.899618	3684	
-0.882676	-0.277120	5504	
0.019544	0.950154	3720	
0.400645	-0.892148	461	
0.256007	0.160818	4466	
-0.093896	-0.406033	3641	
0.452137	0.336217	2276	
-0.287294	-0.102500	4098	
0.562596	-0.188229	2380	
0.146564	0.569639	1050	
-0.514756	0.356822	2268	
-0.405440	-0.018374	3954	
-0.595313	0.061489	2847	
0.443715	0.466733	1667	
-0.252459	0.582168	841	
-0.147818	-0.654072	825	
-0.524681	-0.464984	2126	
0.640473	0.366541	1212	
-0.640497	0.418880	2300	
-0.568134	0.561429	2389	
0.425736	0.716536	2634	
-0.867185	-0.136544	5237	
-0.835853	-0.325603	5512	
-0.816970	0.420801	978	
0.648577	0.689557	5736	
-0.179910	-0.959155	1435	
0.111027	-0.249309	974	
0.024379	0.299848	3521	
-0.154936	-0.551262	2104	
0.322665	0.039179	3498	
-0.109045	0.346184	1632	
-0.508077	0.054602	2195	
-0.403497	-0.031517	1587	
-0.210069	0.520911	5412	
0.147966	-0.460149	5590	
0.200171	-0.599160	490	
0.717917	0.064332	1197	
0.649923	0.292550	1084	
-0.072136	-0.739434	2740	
0.463116	0.606721	2282	
0.015547	0.815119	3249	
0.804102	-0.214684	3437	
-0.595140	0.623710	886	
-0.882115	0.140469	4997	
-0.398083	0.828551	1738	
0.881186	0.346161	444	
0.074188	0.317328	4236	
0.217220	-0.346512	3665	
-0.063438	0.267448	4736	
-0.053969	-0.382541	1234	
0.331719	0.131623	1392	
-0.196955	0.408204	4561	
-0.445570	0.030863	525	
-0.402836	-0.035836	1587	
-0.183503	0.474347	4212	
0.023773	-0.469964	5705	
0.655390	-0.117581	2320	
0.531807	-0.448680	1209	
-0.469616	-0.556963	1141	
0.635016	0.428442	3436	
0.225667	0.766815	3364	
0.736268	-0.383536	4488	
-0.174679	0.856626	4374	
-0.875147	0.175241	3670	
-0.266357	0.882063	5515	
0.920959	0.221790	4838	
-0.582569	-0.780776	2079	
0.082330	0.341483	3340	
0.165542	-0.284946	4401	
-0.015553	0.275986	885	
-0.078756	-0.439610	4352	
0.318058	0.090929	4055	
-0.162078	0.373180	1626	
-0.441446	0.029728	525	
-0.389134	-0.079024	1838	
-0.243766	0.552585	1292	
0.177716	-0.504912	4025	
0.636447	-0.040854	1674	
0.710159	0.041892	4417	
0.606885	-0.339874	5365	
-0.062139	-0.741946	2740	
0.438928	0.624467	1142	
-0.033625	0.819769	2715	
0.810816	-0.190840	2528	
-0.631791	0.586418	3731	
-0.888919	0.097590	4992	
-0.433506	0.809917	5120	
0.862736	0.388972	459	
0.397313	0.432120	5134	
-0.007515	-0.258629	5249	
0.147552	0.529080	3558	
-0.376989	-0.217936	4247	
0.444593	-0.069741	4915	
0.060662	0.453039	3537	
-0.576619	0.112309	4923	
-0.388404	-0.117274	1861	
-0.495379	0.023035	3894	
0.147784	0.614910	4343	
-0.552292	0.344876	2602	
-0.496783	-0.136012	2792	
0.070357	-0.690170	1122	
-0.068972	-0.673689	1447	
-0.483914	-0.507970	3039	
0.614461	0.402324	2343	
-0.667679	0.373837	4436	
-0.604045	0.522420	1726	
0.414174	0.723051	3546	
-0.849857	-0.215924	4138	
-0.793465	-0.412583	947	
-0.852885	0.342469	5605	
0.578505	0.749323	2383	
-0.091125	-0.971750	2364	
-0.028868	-0.198367	607	
0.243905	-0.040937	5660	
-0.236930	-0.115524	486	
0.272895	-0.013773	5160	
-0.515387	0.310101	462	
0.081275	-0.297903	4587	
0.413633	0.222033	3161	
-0.247297	0.469988	2758	
-0.393369	-0.006516	3015	
-0.405600	-0.144131	376	
-0.610032	0.087322	2713	
0.567941	0.239504	1532	
-0.007206	-0.610968	4634	
-0.171686	0.520159	5141	
0.567927	0.292141	2723	
0.168433	-0.538162	666	
0.170075	-0.555614	4619	
0.014058	-0.636007	4944	
0.066934	-0.688960	3507	
0.074891	-0.695423	1122	
-0.409933	-0.529760	2980	
-0.660259	0.179595	1180	
-0.103683	-0.711783	1530	
0.708310	-0.221169	2277	
0.689212	-0.344593	5312	
-0.168097	-0.787731	4628	
-0.800032	0.249425	4638	
-0.166357	-0.852590	4150	
0.099199	-0.897542	3648	
-0.834528	-0.394483	765	
-0.127312	0.942639	3577	
0.523334	-0.825868	1669	
-0.363062	-0.247061	3826	
-0.028868	-0.198368	1052	
0.214451	0.050081	697	
-0.161284	-0.527318	4226	
0.257801	0.116134	540	
-0.337613	0.043225	1347	
0.236371	-0.414265	2879	
0.482891	0.327702	4358	
-0.302680	0.499337	468	
-0.378253	-0.027205	3015	
-0.432632	-0.178990	4530	
-0.413306	-0.034677	3954	
-0.277948	0.552880	580	
0.018310	0.566701	578	
0.438062	0.065422	4709	
0.228336	-0.578971	1575	
0.018014	-0.478824	5573	
-0.014898	0.587587	680	
0.073637	-0.696879	1122	
-0.012042	-0.673629	1308	
0.459478	-0.491145	4545	
0.475997	-0.505950	749	
0.496185	-0.524190	2206	
0.211508	-0.755459	1120	
-0.093188	-0.786137	2836	
-0.285757	0.774976	2481	
0.328154	-0.784785	5493	
0.873155	-0.063709	4330	
0.775629	0.460566	4131	
-0.064808	-0.923616	835	
-0.896525	0.321067	464	
-0.241823	-0.167001	2873	
-0.139061	-0.488860	2409	
-0.124051	-0.452167	3475	
-0.131843	-0.169888	1340	
-0.151804	-0.138500	1419	
-0.233175	0.353681	3642	
0.348045	-0.070381	5380	
-0.335723	0.456396	4227	
0.057254	-0.297142	5484	
0.360555	0.176161	983	
-0.057412	0.333716	3330	
-0.511075	0.063450	2195	
-0.385151	-0.137065	1136	
-0.471152	-0.206791	2641	
-0.403707	-0.121992	1861	
-0.549075	0.027685	5321	
-0.288155	0.550830	2488	
0.489986	0.176257	3401	
-0.014072	0.568420	660	
0.615025	-0.220854	2586	
0.686377	0.193544	3721	
-0.238868	-0.643497	3688	
0.527836	0.467138	2120	
0.319756	-0.670572	4441	
-0.089651	-0.765847	1548	
-0.601199	0.508927	1726	
0.439297	-0.691242	5049	
0.174074	0.830868	2716	
-0.629202	0.608525	4864	
-0.625387	0.653934	3196	
0.931000	0.031468	5597	
-0.472390	-0.831742	4912	
0.572007	0.800118	4388	
-0.257741	-0.177323	4911	
-0.130570	-0.466125	2771	
-0.108035	-0.359694	3917	
-0.222435	-0.192949	416	
-0.107770	-0.252335	5266	
-0.186571	-0.521251	2888	
-0.072800	-0.264866	5267	
-0.245682	0.014258	902	
0.295046	0.169809	3630	
-0.283185	-0.105210	4098	
0.446332	-0.411838	2261	
0.363492	0.497151	1816	
-0.303755	0.497814	468	
-0.430952	0.032372	525	
-0.414658	-0.177355	4509	
-0.515208	-0.238710	1038	
-0.402323	-0.101845	1861	
0.004775	0.493874	4116	
0.117786	-0.481979	1065	
-0.473299	-0.471652	2524	
-0.353607	0.574763	845	
0.579213	-0.385373	626	
-0.716845	0.110043	2207	
0.772048	0.017780	4571	
-0.754420	0.156163	2611	
0.460831	0.650231	1321	
-0.729731	-0.398704	3911	
-0.367161	-0.768707	3730	
-0.081443	-0.880526	4127	
-0.365749	-0.832534	972	
-0.176928	0.919613	5046	
0.771398	-0.572517	2541	
-0.028868	-0.198367	607	
-0.414691	-0.296721	2851	
-0.205859	-0.179461	451	
-0.363533	-0.264116	3826	
-0.373756	-0.280998	3673	
-0.132678	-0.412483	2709	
-0.123208	-0.314577	1842	
-0.123170	-0.314524	1842	
-0.254139	-0.507344	5483	
-0.373208	-0.269555	3462	
-0.081974	-0.249142	915	
-0.265360	0.041042	818	
0.425155	0.406078	5196	
-0.451061	-0.286760	1633	
0.384647	-0.044490	1025	
0.062880	0.449845	3537	
-0.578887	0.144816	3617	
-0.428950	-0.192937	4530	
-0.510686	-0.229344	1038	
0.009207	0.511107	4152	
0.072730	-0.691679	1122	
0.498750	0.443608	1162	
0.593113	-0.351338	4815	
0.513583	0.482606	2579	
-0.466415	-0.559666	848	
0.752825	0.221769	4665	
-0.794895	0.032191	951	
-0.092079	-0.805527	1997	
0.453912	0.698317	2647	
0.493411	0.701005	3601	
0.503232	0.728678	5617	
0.907504	-0.114885	5421	
-0.839192	-0.419392	714	
0.674731	0.688929	5209	
-0.028871	-0.198367	607	
-0.078475	-0.195202	686	
-0.159685	-0.148969	575	
-0.120935	-0.435508	3534	
-0.294286	-0.222210	3389	
-0.363745	-0.445029	4642	
-0.368011	-0.287001	3673	
-0.136969	-0.332411	4422	
-0.253086	-0.241232	3925	
-0.326040	-0.267147	1809	
-0.307935	-0.257758	1809	
-0.159661	-0.270019	5336	
-0.392397	-0.308686	3142	
-0.111607	-0.279187	5639	
-0.107352	-0.203643	383	
-0.207003	-0.535753	3082	
-0.289853	0.443137	2982	
0.424057	-0.429634	1719	
0.037584	0.396779	2142	
-0.369463	-0.025368	1772	
-0.531593	-0.262129	1478	
0.595171	-0.004481	4857	
-0.489946	-0.441467	1137	
-0.325295	0.593559	2957	
0.637981	-0.274797	2578	
-0.572909	0.431843	3133	
-0.674012	-0.324298	3837	
0.762423	0.220131	4479	
-0.641703	0.456730	1078	
-0.713421	-0.399667	5305	
0.228668	-0.825724	3856	
0.140379	-0.868589	5256	
-0.708915	-0.541605	3228	
-0.214715	0.896260	3801	
0.758809	-0.558050	705	
-0.903066	0.352825	2903	
-0.334566	0.079799	4968	
-0.238976	0.359911	3331	
0.075782	0.317435	4236	
-0.028869	-0.198367	607	
-0.213057	-0.162719	933	
-0.398075	-0.416045	859	
-0.262438	-0.220555	4036	
-0.307081	-0.249769	2543	
-0.183367	-0.256372	3292	
-0.188312	-0.289230	3278	
-0.365721	-0.406399	3898	
-0.224977	-0.480052	5053	
-0.184549	-0.452733	632	
-0.203699	-0.472303	4964	
-0.377465	-0.383864	622	
-0.396819	-0.337255	3941	
-0.391698	-0.403247	859	
-0.253144	-0.200431	4975	
-0.254605	0.029472	818	
-0.349448	0.053611	4282	
0.437175	0.243534	2864	
-0.433539	0.036625	525	
-0.526522	-0.245012	1334	
-0.012609	0.534770	4024	
0.703290	0.168368	4621	
0.343520	-0.599078	546	
0.711390	0.217139	4620	
-0.717046	0.142752	1456	
0.061349	-0.782723	5235	
0.704012	-0.312947	1722	
-0.187603	0.803174	3822	
-0.791335	0.236832	5066	
-0.661219	0.530458	3778	
-0.585144	0.650747	645	
0.282098	0.857103	343	
-0.239389	-0.891742	2996	
-0.267268	0.912522	5407	
0.284771	0.165147	4578	
0.244826	0.094589	440	
0.349804	-0.074918	5380	
-0.005048	-0.248169	5249	
0.096255	0.385175	3762	
-0.163483	-0.165785	575	
-0.108926	-0.268288	5266	
-0.367658	-0.440669	4642	
-0.158460	-0.457973	2789	
-0.167733	-0.319872	1157	
-0.320520	-0.453038	5050	
-0.283137	-0.291763	1724	
-0.321578	-0.437339	5050	
-0.195123	-0.405914	2441	
-0.193768	-0.407746	2441	
-0.342363	-0.420938	2180	
-0.170958	-0.337369	4855	
-0.299989	-0.272475	1947	
-0.235432	-0.504703	4204	
-0.240331	-0.174618	2873	
0.360217	0.477331	5361	
0.311288	0.064546	4189	
-0.364358	-0.033820	1386	
-0.425009	-0.033233	405	
0.069385	-0.698375	1122	
0.130460	0.661301	545	
0.656593	-0.225794	1601	
-0.353116	0.630657	2112	
-0.353528	0.650614	2694	
0.472022	-0.597064	3095	
0.625144	0.477771	3128	
0.814963	-0.055124	3905	
0.353526	0.754391	3528	
0.842474	0.216800	3862	
0.819944	-0.328194	4626	
-0.320993	-0.850776	2988	
0.238028	0.901154	4730	
-0.129175	-0.948968	2048	
0.582259	0.792165	4238	
-0.270232	-0.098108	5187	
-0.286562	0.004378	4505	
-0.371451	0.444423	3081	
0.211485	0.539172	2931	
0.133655	-0.250622	3770	
-0.103851	-0.394263	3314	
-0.423380	-0.355964	2735	
-0.333093	-0.470368	987	
-0.157877	-0.282725	1245	
-0.346602	-0.304121	1027	
-0.243992	-0.292049	1988	
-0.202701	-0.422270	2441	
-0.262171	-0.318227	1882	
-0.330915	-0.390320	2020	
-0.314544	-0.416299	2062	
-0.329280	-0.340036	1438	
-0.202316	-0.345369	1306	
-0.178705	-0.318157	4855	
-0.395792	-0.378995	647	
-0.366141	-0.450926	4642	
0.277589	0.152055	4578	
0.460394	0.265236	1053	
-0.476668	-0.230509	5245	
0.471030	0.438766	1928	
0.425645	-0.512790	3524	
-0.277603	-0.627992	4380	
0.686535	-0.159298	1143	
-0.689800	0.228888	2711	
-0.528552	-0.527940	5314	
-0.322221	-0.696075	2502	
0.645966	-0.460196	1317	
0.606263	-0.545996	2637	
0.704525	-0.460538	2360	
0.030862	-0.876186	3304	
-0.894900	-0.091474	5279	
0.691202	0.598207	5165	
-0.656329	-0.669383	5083	
0.650219	0.712109	5405	
0.413270	-0.068079	4502	
0.538247	-0.127946	5490	
0.098541	-0.286570	5319	
-0.340280	-0.195631	792	
0.083443	0.388545	1581	
-0.229784	-0.038009	5362	
-0.182571	-0.164193	439	
-0.409213	-0.370967	2735	
-0.165885	-0.273295	3522	
-0.378057	-0.354754	636	
-0.352155	-0.338752	2257	
-0.229724	-0.332099	2061	
-0.297457	-0.420396	2062	
-0.241066	-0.402883	2067	
-0.244910	-0.374197	2011	
-0.224865	-0.400629	2067	
-0.341554	-0.359607	2257	
-0.334592	-0.430284	4080	
-0.151026	-0.327213	4422	
-0.409155	-0.394236	2861	
-0.139272	0.280400	4054	
-0.049492	0.330751	4847	
-0.508978	-0.356572	5304	
0.066354	-0.691927	3507	
0.624458	-0.247413	1880	
0.660578	-0.214007	1601	
-0.333393	0.644452	3100	
-0.154055	0.761852	913	
-0.205118	-0.732473	2395	
0.653839	-0.431248	2285	
-0.242277	-0.764666	2055	
0.422513	-0.717512	4935	
-0.486559	-0.698416	3047	
-0.830594	0.279530	3816	
0.375935	0.819522	4333	
-0.670258	-0.632111	3818	
0.694864	0.641063	5285	
-0.124072	0.327859	3383	
-0.033597	0.324079	5157	
0.232621	0.556029	3098	
0.396366	-0.059279	4569	
-0.435226	-0.402107	3390	
0.270374	0.146669	4466	
-0.132694	-0.159383	1340	
-0.195022	-0.218284	300	
-0.142956	-0.320087	4422	
-0.376113	-0.346011	602	
-0.313719	-0.435430	5050	
-0.291478	-0.329792	1793	
-0.267946	-0.420145	2495	
-0.260125	-0.382322	1954	
-0.283643	-0.372979	2063	
-0.256067	-0.348061	2325	
-0.329416	-0.409220	2362	
-0.362499	-0.392329	3805	
-0.398006	-0.338054	3941	
-0.094051	-0.194124	686	
-0.037452	-0.344676	2778	
-0.371740	-0.015696	1772	
-0.479194	0.428740	4932	
-0.094276	-0.660647	2211	
-0.175780	-0.663477	1182	
0.700867	0.232484	4188	
-0.740021	0.060244	422	
-0.427804	-0.612764	956	
-0.535072	-0.548819	5155	
-0.039879	-0.805197	1206	
-0.204526	-0.790052	5031	
-0.435503	-0.716856	3066	
-0.796096	0.331147	2766	
0.648018	0.602829	3205	
0.221193	-0.889192	4961	
0.151121	0.920310	3490	
-0.375530	-0.879479	1062	
0.910916	0.365342	5389	
-0.405318	-0.194541	4509	
-0.341561	-0.092424	1425	
-0.564115	0.124570	4050	
-0.055811	0.320522	3330	
0.317226	0.010442	2596	
-0.276449	-0.028853	5537	
-0.262426	-0.159334	4475	
-0.105601	-0.314884	2100	
-0.355022	-0.444583	4642	
-0.314095	-0.285539	1947	
-0.352555	-0.380890	3659	
-0.267396	-0.328018	1961	
-0.286089	-0.413879	2378	
-0.270654	-0.402378	2393	
-0.297113	-0.386696	2272	
-0.241699	-0.351978	2011	
-0.332493	-0.336591	1438	
-0.170258	-0.334087	4855	
-0.207017	-0.218292	370	
0.411297	-0.093529	3750	
0.094850	0.524696	1510	
-0.461636	-0.429669	437	
0.071838	-0.697718	1122	
0.116404	0.664768	470	
0.720602	-0.014918	1246	
-0.759515	-0.067384	4385	
-0.765970	-0.019029	3232	
0.541192	-0.533828	1876	
0.762744	-0.192390	2259	
-0.386051	-0.701030	2356	
-0.095298	-0.829466	3246	
-0.779350	0.334330	2766	
0.172419	0.857790	1810	
0.291347	-0.852490	3467	
-0.181896	0.903358	3650	
-0.021422	-0.940738	776	
0.504064	0.822064	5260	
-0.031341	-0.446181	4562	
-0.055706	-0.511026	1646	
-0.381630	-0.496171	1710	
-0.342836	-0.082248	1932	
-0.087411	0.320594	3572	
0.545780	-0.251511	4956	
0.126541	0.502673	3032	
-0.162971	-0.166008	575	
-0.129637	-0.360545	3279	
-0.173977	-0.317362	4855	
-0.206107	-0.313453	2643	
-0.205740	-0.407794	2441	
-0.303642	-0.345790	1793	
-0.315239	-0.367293	2129	
-0.264224	-0.340318	1961	
-0.298138	-0.437831	1853	
-0.330017	-0.436487	4080	
-0.398905	-0.368724	3519	
-0.129947	-0.161950	1340	
0.195741	-0.359520	1488	
-0.382143	-0.154061	1313	
0.566696	0.269031	2237	
0.688201	0.191260	3721	
0.497100	0.478081	2091	
-0.573144	-0.418895	4705	
-0.078802	-0.736895	2740	
0.666151	-0.344404	325	
0.543887	-0.544175	1876	
0.663318	-0.434235	2039	
0.018232	-0.832110	557	
-0.551194	-0.631636	2574	
-0.053270	0.869336	4453	
0.882287	-0.092921	1281	
-0.735492	-0.532482	3356	
0.921351	-0.119985	4836	
-0.656652	0.686350	2416	
0.034321	-0.402337	1683	
0.025600	-0.406940	1762	
0.017044	-0.406213	1762	
-0.084228	-0.569093	1013	
-0.343749	-0.082294	1932	
0.072653	0.460060	3920	
-0.276633	-0.532474	1850	
-0.230188	-0.113279	4378	
-0.243013	-0.202067	4975	
-0.139933	-0.358504	3279	
-0.351887	-0.310480	790	
-0.345641	-0.344415	1438	
-0.233144	-0.446103	5436	
-0.231228	-0.443757	5436	
-0.345971	-0.382504	3659	
-0.299166	-0.457820	463	
-0.141886	-0.369450	2601	
-0.159949	-0.198676	5626	
-0.304273	0.018573	2515	
-0.576900	0.150769	3617	
-0.410569	-0.107422	400	
-0.124689	0.706166	4246	
0.310487	0.608487	718	
-0.315426	-0.626441	767	
0.557862	0.461577	2636	
0.488328	0.558478	4241	
0.237317	0.726487	3317	
0.057321	0.798297	3583	
0.584090	-0.550430	2345	
0.519561	-0.646614	3190	
-0.850487	0.086008	4753	
0.235571	0.841091	4888	
-0.114465	-0.888730	5600	
0.364564	0.838828	3041	
-0.758410	-0.550476	639	
0.835442	0.480663	5636	
-0.436006	0.884465	3393	
-0.452056	-0.165669	3990	
-0.500783	-0.198372	345	
-0.066599	-0.596878	351	
-0.005549	-0.435783	449	
-0.121888	-0.585750	467	
-0.572492	0.170858	2402	
0.314544	0.018517	3498	
0.054314	0.322909	3580	
-0.185421	-0.159579	933	
-0.130411	-0.363562	3279	
-0.274187	-0.481302	5673	
-0.314275	-0.286893	1947	
-0.187978	-0.430577	5345	
-0.247945	-0.472352	5496	
-0.196820	-0.292650	2643	
-0.372946	-0.422658	4883	
-0.166597	-0.195274	4916	
-0.307418	0.450664	4657	
-0.148618	0.351128	1089	
-0.473861	-0.415250	336	
0.066327	-0.691883	3507	
-0.042354	0.718105	4322	
0.700093	-0.078359	2097	
-0.612623	0.372357	846	
-0.053460	0.769360	4473	
-0.591536	-0.474439	3352	
-0.527494	0.567433	1361	
-0.438618	0.670323	4897	
0.794057	0.260192	5194	
0.479275	-0.692729	5025	
-0.867447	0.058029	3889	
0.829860	0.322443	3928	
-0.698463	-0.579755	308	
0.912326	-0.172968	435	
-0.182440	0.932668	5046	
-0.639087	-0.733205	514	
0.464070	0.030884	5711	
0.447472	0.125857	5713	
-0.401297	0.496699	2622	
-0.534132	-0.323498	2668	
-0.019726	-0.456095	4455	
-0.505098	-0.288173	5216	
-0.051305	0.323513	4847	
-0.083191	-0.433484	3561	
-0.006456	-0.252051	5249	
-0.291425	-0.501129	1346	
-0.132174	-0.319588	1842	
-0.170546	-0.471860	2386	
-0.192544	-0.262454	3292	
-0.310752	-0.475938	504	
-0.250536	-0.219769	4975	
-0.147698	-0.151198	575	
-0.295583	0.007163	4505	
-0.157141	0.356817	1626	
-0.384995	-0.506396	2250	
0.135521	-0.497316	2802	
-0.529233	-0.410268	5592	
0.052483	-0.739594	2511	
0.667202	-0.249584	2635	
0.569272	-0.456476	1113	
0.721240	-0.211653	2306	
0.130844	-0.792903	1067	
-0.394491	-0.684221	1725	
-0.756296	0.291562	2008	
0.098088	0.834258	1777	
0.076466	-0.863267	3858	
-0.778308	0.400057	2733	
0.807260	-0.391314	3055	
-0.051076	0.918779	4173	
-0.630655	-0.693228	4819	
0.837322	0.477347	5636	
-0.025950	0.483609	5222	
-0.485811	-0.158908	3563	
-0.146941	0.447406	5575	
-0.116840	-0.605745	2901	
-0.074577	-0.567065	1168	
-0.423208	0.040303	525	
0.356368	0.180045	983	
-0.474995	0.105032	3208	
-0.226718	-0.069323	678	
-0.379998	-0.263573	3462	
-0.138072	-0.462794	3444	
-0.193133	-0.515078	2888	
-0.137514	-0.163694	1340	
0.365281	-0.078553	2817	
0.237081	-0.409493	2879	
-0.563133	0.105997	324	
-0.430488	-0.466616	1568	
0.135895	-0.496615	2802	
-0.099536	0.719216	5487	
-0.612727	0.323765	4779	
-0.623352	-0.349610	3103	
-0.718356	-0.242686	3860	
-0.722138	-0.268756	2991	
-0.367962	0.678225	3281	
-0.436896	0.658415	4897	
0.503214	-0.625770	3186	
-0.104635	-0.827323	3246	
-0.179831	0.843910	4596	
0.500271	-0.709170	4889	
-0.497171	0.736704	2695	
0.411071	-0.814568	5037	
0.819347	0.438538	5451	
-0.780449	0.541864	2033	
-0.306218	-0.924238	1922	
0.508097	-0.404961	5252	
-0.418887	-0.062832	3903	
-0.040192	-0.518950	2925	
-0.502859	-0.275598	2731	
-0.180774	0.373075	844	
0.429932	-0.071122	4915	
-0.274328	-0.089243	5187	
0.086678	0.400699	1487	
0.415846	0.269329	2394	
-0.225912	0.369136	3331	
0.020108	-0.298713	877	
0.058364	0.430111	3149	
-0.430827	-0.204339	3074	
-0.428929	-0.148647	365	
0.075055	-0.694832	1122	
-0.541592	-0.392983	5057	
-0.621748	0.305290	2525	
-0.602760	0.370752	846	
-0.710657	0.164332	2384	
-0.180524	0.762434	3939	
0.560472	0.516260	3497	
0.806541	0.120557	4114	
-0.813812	0.029907	4570	
0.175793	0.803944	5048	
0.577808	-0.610930	3871	
-0.436388	0.743179	772	
0.626160	-0.620310	4295	
-0.493882	0.757347	2986	
-0.826512	-0.407742	765	
0.600834	-0.723525	313	
0.446290	0.854812	3446	
-0.615889	0.187399	5268	
-0.288281	0.554634	2488	
-0.127919	-0.604548	2901	
-0.125983	-0.590383	467	
-0.347507	-0.078384	1932	
-0.172069	0.365601	1626	
0.229419	0.558350	3098	
0.402175	0.219128	4235	
0.340806	0.510956	1816	
-0.153099	0.352175	1626	
-0.354048	-0.101553	1425	
-0.259935	-0.575367	2927	
0.508441	0.388383	4119	
-0.145475	0.701176	997	
-0.176779	0.706271	1248	
0.161903	-0.730862	2058	
-0.584601	-0.403136	2188	
-0.720196	0.131672	1456	
0.191416	0.719341	2933	
0.733276	-0.207597	2306	
-0.056447	-0.792558	970	
-0.539511	0.588245	3090	
0.666361	-0.469850	2331	
-0.814629	-0.251067	4132	
0.843218	-0.156300	1547	
-0.870038	0.125196	4869	
0.498895	-0.743762	2911	
0.489268	0.771933	5043	
-0.931418	0.096697	5456	
-0.048896	-0.956266	373	
0.556833	0.022007	3808	
0.576581	0.229232	1395	
-0.524970	-0.217590	1337	
-0.057958	-0.571909	507	
-0.229991	-0.578235	3088	
-0.478237	-0.241886	4609	
-0.366662	-0.137795	1313	
-0.415770	-0.193998	4509	
-0.451538	-0.431053	437	
-0.243834	-0.581472	2927	
-0.610442	0.159990	4390	
0.074052	-0.692806	1122	
0.597629	0.301249	2581	
0.153881	0.664584	1913	
0.707002	0.210543	4715	
0.707327	-0.124134	479	
-0.656345	-0.334540	4106	
-0.254418	0.727945	348	
0.743663	-0.173868	1563	
-0.513781	-0.584708	2124	
-0.045691	0.819734	3409	
-0.143436	-0.805530	3416	
-0.380519	0.749248	3614	
-0.120423	-0.847630	5340	
0.508273	0.706570	3601	
-0.853280	-0.279346	3150	
0.755737	-0.508996	2690	
0.808535	0.457594	5606	
-0.377471	0.870977	505	
-0.932611	-0.271061	5128	
-0.369848	-0.920856	682	
0.568045	0.021704	4891	
0.524178	0.002368	3411	
-0.537953	0.018994	5326	
-0.504873	-0.374656	5715	
-0.166598	-0.599614	1906	
-0.157551	-0.600020	1906	
-0.312858	-0.554214	2555	
-0.441545	-0.162510	4568	
0.194348	0.608958	1596	
0.069733	-0.698302	1122	
0.200406	-0.678456	4149	
-0.155978	0.715401	1046	
0.269593	0.634342	830	
-0.081342	-0.706677	1822	
-0.692490	0.188356	1494	
0.659890	-0.310623	3944	
-0.641465	-0.389882	876	
0.502450	0.572497	4241	
0.047594	-0.806368	5333	
-0.084599	0.819516	2899	
-0.456775	-0.671358	1079	
0.342833	0.758185	3872	
-0.837833	-0.210773	3965	
0.832604	-0.247867	2786	
-0.372699	0.809558	4126	
-0.462091	-0.781462	5192	
0.094470	-0.922480	3800	
0.930945	-0.148345	732	
0.328491	0.906659	1261	
0.639555	-0.006199	3425	
0.202317	-0.566884	2347	
0.511590	0.181408	475	
-0.163663	0.459019	4063	
-0.096118	0.425615	414	
0.475332	0.018050	5061	
-0.013412	0.547032	4024	
0.066328	-0.691099	3507	
0.660514	-0.094491	2047	
0.724459	0.097696	1073	
0.203386	-0.702370	4853	
0.626887	0.318160	1015	
-0.277569	-0.652677	4274	
0.323897	0.647295	5034	
-0.338995	0.660374	3166	
0.777529	0.006523	4061	
-0.498141	0.579223	3112	
0.746596	0.293207	2630	
-0.612993	0.510796	1726	
-0.071300	-0.820287	2521	
0.305963	0.774082	3555	
-0.857483	0.026393	5139	
0.583085	-0.641329	3153	
0.462214	0.754425	4617	
-0.906401	0.063141	4340	
-0.802059	-0.452154	2109	
-0.035379	-0.939352	776	
0.925072	-0.257308	903	
0.135190	-0.497779	2802	
-0.014026	0.512219	4011	
-0.013073	0.527052	4024	
0.135915	-0.488829	2802	
0.071301	-0.690691	1122	
0.180221	-0.686865	3813	
0.302330	0.596634	758	
-0.322574	0.595118	2957	
0.257267	-0.660272	3608	
0.718414	0.191267	5433	
0.396227	0.582259	893	
-0.545825	-0.465607	2707	
0.338042	-0.656170	1239	
0.176171	0.723765	2933	
-0.360289	-0.666403	1237	
0.388377	-0.669217	3869	
-0.592870	0.517673	1726	
-0.795517	-0.213809	2846	
0.737224	-0.348559	743	
-0.468282	0.692579	4193	
-0.806162	-0.297624	5708	
0.605667	-0.619897	4295	
0.575572	0.671562	5058	
-0.732497	0.529248	4865	
-0.817281	0.415727	978	
-0.702356	-0.619803	4623	
0.196459	-0.938318	3576	
0.067214	-0.695341	3507	
0.070581	-0.698120	1122	
0.607591	0.248322	2095	
0.253187	-0.630368	455	
-0.166402	0.704287	1248	
-0.726962	-0.098850	5470	
0.712039	-0.015386	1246	
0.651811	0.283795	1084	
0.558404	0.427084	1523	
-0.691083	0.191682	1494	
-0.573308	-0.446920	2152	
-0.543502	-0.493268	4195	
0.781780	0.117737	1007	
-0.202604	0.770634	4914	
-0.711587	0.305919	2069	
-0.114667	-0.789320	2971	
0.664750	-0.448556	2039	
-0.054797	0.837724	3409	
-0.722034	-0.430108	2448	
0.043515	-0.863776	3304	
0.857968	-0.148627	1547	
0.388573	0.794969	4294	
-0.755831	0.495319	616	
-0.712488	0.576332	2730	
-0.836999	-0.421877	714	
-0.506836	-0.808687	5092	
0.036657	-0.992813	4636	
0.074805	-0.693962	1122	
0.306115	0.592858	758	
-0.030775	0.704362	4148	
-0.610902	-0.299776	1437	
0.575551	0.378068	1801	
0.527541	0.451851	2120	
0.051172	0.719215	5732	
-0.739670	0.025096	806	
-0.580587	-0.437854	2729	
-0.650489	0.335784	5664	
0.175815	-0.767384	1130	
0.767704	-0.083599	4153	
0.761686	-0.143793	286	
-0.432559	0.661016	4897	
-0.688910	0.402430	1657	
-0.829669	-0.036262	2494	
0.252893	-0.805343	3348	
0.732873	-0.411907	2037	
0.865595	0.070697	498	
0.349651	0.797238	3964	
-0.498955	0.734665	2695	
-0.909840	-0.049402	788	
-0.848519	0.347837	4951	
-0.823039	-0.447897	709	
-0.671595	-0.676950	4685	
-0.462783	-0.855181	1991	
0.074814	-0.695545	1122	
0.604978	-0.282825	2092	
0.600162	0.309020	2581	
0.608451	-0.320500	4823	
0.486380	0.496712	3023	
-0.433955	0.556610	3311	
-0.570902	-0.434642	2152	
-0.474529	-0.550095	1141	
-0.758832	0.010185	5727	
0.191720	-0.761868	1130	
0.614690	-0.446548	1144	
0.120290	-0.793697	881	
0.654728	0.436823	3589	
0.811950	0.130922	3692	
0.797467	-0.133902	4229	
0.532270	0.620764	2575	
-0.347484	0.766948	2520	
-0.508850	0.677106	2029	
-0.661349	0.548051	3778	
-0.874151	-0.151980	5242	
-0.735992	-0.503535	4742	
-0.302804	-0.856132	3384	
-0.723182	-0.568309	362	
-0.624844	-0.697782	4819	
-0.437213	-0.848394	3035	
-0.432540	-0.870873	4335	
0.065231	0.667909	3656	
-0.062754	0.716749	3812	
0.663449	-0.107689	2047	
-0.124891	-0.676410	1461	
0.561162	0.409687	1290	
-0.476710	0.520159	4273	
-0.196029	-0.691645	2610	
0.439335	-0.581891	4000	
0.091973	-0.773322	3551	
0.727598	-0.188651	1374	
0.790449	0.105116	3578	
0.517972	-0.566789	1124	
0.687141	0.390086	3799	
0.586012	-0.531077	1288	
0.269425	-0.774337	2652	
0.565912	-0.585675	2659	
0.787438	-0.260960	4319	
0.766397	-0.345798	3120	
0.491252	-0.697739	4889	
0.739247	-0.452265	2705	
0.819825	-0.324451	4626	
0.712101	-0.541540	5151	
0.865417	-0.286014	829	
0.319207	-0.869111	3930	
0.159569	-0.927867	2815	
0.342859	-0.894512	5022	
0.023228	-0.974022	4636	
0.456341	0.524995	5364	
-0.743502	-0.129982	1735	
0.500438	-0.491378	4160	
0.739423	-0.010027	3233	
0.500814	0.520674	3749	
0.736412	0.216334	2406	
0.080529	0.750043	2177	
-0.114789	0.783525	1228	
-0.132688	0.788942	1177	
0.544262	0.545700	722	
-0.192740	0.791998	4663	
0.660083	0.445888	3589	
0.518697	-0.611232	2457	
0.515407	-0.630985	3060	
0.558338	-0.611297	3420	
-0.005539	-0.850967	5393	
-0.705265	-0.474624	3363	
-0.711368	-0.490582	3492	
-0.883835	-0.030594	4040	
-0.764413	0.451352	979	
-0.750776	0.502090	616	
0.191154	0.894657	4616	
0.643263	0.668998	5737	
0.937597	0.116219	2083	
0.959829	-0.043633	604	
0.828754	-0.516562	1183	
0.573697	-0.448885	1769	
0.764101	0.136057	1641	
-0.313401	0.677525	1304	
0.253350	0.696784	2102	
0.752320	0.219417	4665	
0.787305	0.015135	4571	
-0.301003	-0.704312	1362	
0.010069	-0.802124	1133	
-0.675988	-0.413167	280	
-0.779843	0.183744	4707	
0.347186	0.726047	2658	
0.775433	0.297364	2960	
0.833790	-0.077514	4808	
0.325782	-0.783915	4805	
-0.775004	-0.360743	429	
-0.638679	0.573482	3757	
-0.393524	0.783342	5230	
0.489227	0.736460	5617	
0.898269	0.112146	3567	
0.742794	-0.526278	5096	
-0.585356	-0.709458	295	
-0.898889	-0.267865	5114	
-0.646719	0.693404	985	
0.047446	0.963821	460	
-0.459729	0.611174	3220	
-0.615214	0.451982	1153	
-0.411065	-0.645634	1451	
0.430382	0.639194	1142	
0.790402	-0.075697	3991	
-0.633258	-0.471134	2774	
-0.636225	0.480830	1078	
0.757304	-0.265684	3900	
0.223353	-0.803862	3410	
-0.442757	-0.696204	2341	
-0.552389	0.624429	3794	
0.739188	0.412064	3609	
0.317748	-0.799950	3737	
-0.705063	-0.498771	2799	
-0.550259	0.678190	3137	
0.681410	0.562601	4003	
0.553487	-0.702240	344	
-0.236620	-0.876828	3296	
-0.550265	0.731902	2935	
0.505108	0.778675	5043	
0.859742	-0.381097	5420	
0.350180	-0.891256	5022	
-0.773584	-0.585853	2427	
-0.776271	0.195368	3515	
-0.819503	-0.027666	2494	
-0.540917	-0.587542	3825	
0.778281	-0.202444	2259	
-0.814928	-0.178526	4013	
0.756156	0.334351	4547	
0.258504	-0.802411	3348	
-0.584438	0.594089	3079	
0.844502	-0.079164	5313	
-0.750648	-0.403692	5310	
0.192636	0.836401	417	
0.766202	-0.404216	1966	
-0.678611	-0.554556	4582	
-0.041119	0.892346	5624	
0.813079	-0.373342	4225	
-0.202728	-0.885528	2128	
-0.284193	0.874027	5515	
0.830429	0.416577	5181	
-0.149372	-0.925998	4261	
-0.948966	0.064997	5197	
-0.001516	0.965159	4737	
0.966570	0.155759	2329	
0.380292	0.737979	3054	
0.204585	0.807029	5024	
-0.707127	0.440946	2363	
-0.302834	-0.780764	3972	
0.830693	0.214487	3862	
-0.796094	0.288698	3962	
0.652035	-0.548225	3545	
-0.564788	0.645646	3876	
0.846224	-0.194980	2965	
-0.839133	-0.277907	2313	
0.658466	0.588723	3205	
-0.411115	-0.790325	4038	
-0.489861	0.758113	2986	
0.818440	-0.398557	4225	
-0.778470	0.482456	4047	
0.736391	0.564689	5337	
-0.232789	-0.907866	986	
-0.716688	0.620564	4941	
0.415252	0.869497	4862	
0.234746	-0.945720	2279	
-0.854137	-0.185887	4318	
-0.579023	-0.638740	433	
0.150351	-0.864961	5227	
0.824359	-0.267970	4787	
0.197548	0.848621	2131	
-0.706017	-0.518913	2799	
0.847670	-0.240374	3452	
-0.672237	0.578270	3199	
0.240441	-0.867042	4172	
-0.663258	0.611250	5084	
0.596257	-0.686471	2894	
-0.113914	0.912639	4277	
0.114323	-0.919164	4104	
-0.635713	0.681249	985	
0.690747	-0.636200	961	
-0.950791	0.027834	5258	
0.315711	0.910458	1338	
-0.722524	0.669459	1990	
-0.185029	-0.872907	3293	
-0.131758	-0.883651	5418	
0.349803	-0.825236	4219	
0.899744	-0.022589	3713	
-0.318408	0.847694	3764	
-0.765200	-0.484983	555	
0.699370	-0.581088	5414	
0.406141	0.817520	5373	
-0.906526	0.143121	5646	
0.717163	-0.580925	5480	
-0.681665	0.635144	5238	
0.218797	-0.914853	2598	
-0.115426	0.940927	2597	
0.461553	-0.838007	560	
-0.275801	0.925119	5307	
0.706793	-0.671629	4863	
-0.884373	-0.258644	5021	
-0.830446	-0.393979	765	
-0.417637	-0.818559	4950	
0.258619	-0.888599	4172	
0.891545	-0.243004	5234	
0.179485	0.911474	322	
-0.929853	0.090411	5556	
0.089878	-0.935874	5241	
0.805764	0.488645	5610	
-0.934121	0.169706	340	
0.767157	-0.572499	2541	
-0.256496	0.930735	728	
-0.091184	-0.968156	2364	
0.288418	0.937800	1903	
-0.218271	0.921888	5240	
-0.344099	0.882101	775	
-0.688312	0.649973	3933	
-0.950126	0.020237	5525	
-0.491348	-0.815587	2013	
0.690118	-0.662396	4863	
-0.416249	0.870346	5464	
-0.664285	-0.706296	3129	
0.950824	-0.221271	4248	
-0.410970	0.893327	2365	
0.992986	0.084294	3269	
0.773833	-0.591740	3187	
0.956311	-0.194109	4232	
0.328343	0.923654	1041	
-0.631921	0.753692	681	
0.054648	-0.990067	4309	
