-0.451858	-0.863517	7316	
0.534371	0.401590	1790	
-0.156647	0.938668	1067	
0.452224	-0.290639	2811	
-0.689952	0.390701	8046	
-0.201901	0.775382	1208	
-0.684372	-0.620246	7945	
-0.692688	-0.350974	4567	
-0.241124	0.608355	8565	
0.527877	-0.066746	5038	
-0.897871	0.343879	818	
0.481509	0.422840	7103	
-0.885284	0.125311	6517	
-0.965791	-0.049676	4862	
0.289508	0.516058	6632	
-0.881118	-0.341240	1664	
0.205507	0.499473	7826	
-0.673377	-0.305781	4623	
-0.018233	0.962302	2649	
-0.680987	0.641326	4393	
-0.472224	0.435099	5082	
-0.109243	0.635829	7995	
-0.639591	0.135360	7710	
-0.853759	0.010044	6164	
0.609472	0.175213	1843	
-0.650458	-0.310231	5176	
-0.927077	-0.144355	9291	
-0.751551	-0.527842	6514	
0.534089	0.488522	1349	
0.471101	0.325270	2901	
-0.778855	-0.173977	5305	
0.303290	0.503746	6632	
0.029121	0.944648	4497	
-0.862173	0.211693	8246	
-0.419803	0.837078	1073	
0.415085	0.644930	5569	
0.302023	-0.444126	6891	
-0.414348	0.837221	1268	
-0.414808	0.729067	4160	
-0.405273	0.783007	7269	
-0.731830	-0.282124	5118	
0.002335	0.769211	5174	
-0.703771	0.161092	1228	
0.100965	0.606105	3750	
0.532881	0.320585	2511	
-0.289605	0.926670	992	
-0.967170	0.118429	7789	
-0.050178	0.860595	6103	
0.408182	0.445508	8184	
-0.557998	-0.623330	4247	
0.466436	0.211973	7083	
0.571836	0.357265	3617	
0.595502	0.139237	3199	
-0.619117	0.683423	8892	
-0.642570	-0.022932	2008	
0.234089	-0.492594	7634	
-0.366296	0.696781	9338	
-0.732732	-0.651328	5878	
-0.453709	0.622958	9420	
-0.627243	0.177216	5606	
-0.641635	-0.557151	5812	
-0.847873	-0.491154	3283	
-0.368891	-0.867153	496	
0.250310	0.716818	4131	
0.592595	0.118803	2611	
0.233629	-0.468984	7749	
0.194834	0.855636	3976	
0.058430	0.594561	1325	
-0.841132	-0.365924	5170	
0.272993	0.486852	5786	
0.116181	0.854659	8856	
-0.552387	0.607387	4728	
-0.743670	0.228327	5111	
0.447650	-0.191486	854	
-0.108387	0.868603	7629	
0.511929	-0.100453	6148	
-0.569457	-0.603564	4697	
-0.829464	-0.196954	4150	
0.284796	0.529975	6021	
-0.241006	0.875164	2830	
-0.935690	0.290433	9035	
0.040543	0.849168	267	
-0.179682	-0.936920	538	
0.305602	0.757542	4084	
0.173163	0.559683	1990	
-0.543677	0.645660	6504	
-0.553352	0.289156	3772	
0.406279	0.362032	6623	
-0.769850	0.136232	2791	
-0.561004	0.145303	1719	
-0.584491	0.129293	2747	
0.201883	0.839298	4080	
0.190547	0.857627	8678	
-0.859284	-0.258132	5873	
-0.223726	0.857304	9201	
-0.360607	0.584099	7183	
-0.841140	0.361766	5229	
-0.100513	0.791098	7554	
-0.961675	-0.227959	3389	
0.047814	0.566810	7450	
0.478545	0.350998	4840	
0.373901	0.636412	1318	
-0.413162	0.604149	8582	
-0.334311	0.560806	3062	
0.504897	-0.086739	5718	
-0.866452	0.111185	5136	
-0.671908	-0.175314	8103	
-0.565239	-0.646738	4247	
0.107968	0.628177	1884	
-0.389908	0.416657	2048	
-0.211166	0.748897	805	
0.452740	0.497549	4807	
0.105373	0.881580	9325	
-0.524828	-0.625261	5964	
0.303111	0.744326	4084	
-0.819358	0.472319	1727	
0.355477	0.413608	5481	
-0.786512	-0.318135	7204	
-0.795612	0.531140	3917	
0.403694	0.643866	5961	
-0.843950	-0.511083	7811	
-0.892631	-0.175889	7663	
-0.880002	-0.454536	7659	
-0.541978	-0.686869	6137	
-0.727152	0.208843	2572	
-0.757982	0.366155	7971	
0.593511	0.032710	389	
-0.312789	0.730196	1629	
-0.463080	0.644307	9258	
0.400525	0.417365	4819	
-0.750411	-0.179733	4621	
0.349700	-0.347391	2266	
-0.263901	0.802889	8870	
-0.473615	0.420523	7816	
0.016675	0.666632	2013	
-0.389783	0.426973	1999	
-0.926798	-0.300585	6995	
-0.599690	0.015648	5734	
-0.796048	0.255614	6280	
-0.045716	0.864591	6103	
-0.148595	0.779948	7302	
-0.852790	0.076805	1087	
-0.253662	0.662000	942	
0.249865	0.649839	2267	
-0.460996	0.320189	4240	
-0.700830	0.645751	8595	
0.611920	0.264534	3011	
-0.364685	-0.766665	5993	
-0.263372	0.879955	7435	
-0.644913	-0.676484	6572	
-0.910679	0.127310	8326	
-0.845293	-0.370120	5170	
-0.825118	-0.435850	5473	
0.293252	0.463521	7918	
-0.681252	-0.604201	7945	
-0.791878	0.123508	3803	
-0.516597	-0.841349	4631	
-0.113691	0.594971	9190	
-0.740743	-0.153834	3042	
-0.472325	-0.802077	979	
-0.487242	0.281171	6924	
-0.468199	-0.654975	5862	
0.275531	0.602119	614	
-0.723361	0.281400	2383	
0.097537	0.869234	9456	
-0.722251	-0.435880	8438	
-0.810957	0.100728	1231	
0.110039	0.770013	2204	
-0.660916	0.248468	2829	
-0.756337	-0.201634	8771	
-0.891661	-0.053223	7564	
0.532034	-0.070365	3263	
0.222182	0.514264	489	
-0.442311	-0.761583	3896	
-0.743946	-0.545361	6514	
-0.753594	-0.100447	4273	
-0.684383	-0.220109	7320	
-0.401848	0.423233	5303	
-0.623998	-0.187761	3515	
0.236474	0.700944	1866	
-0.103562	0.826985	3620	
-0.816115	-0.019588	4923	
-0.513306	-0.621942	5964	
-0.458223	0.695770	8068	
0.015399	0.574397	5203	
-0.700209	-0.477507	3485	
-0.103054	0.882263	1631	
-0.864014	-0.358934	1477	
-0.048173	0.719138	8928	
-0.501457	0.510558	2215	
-0.707175	0.120792	5936	
-0.804358	-0.510985	2192	
0.327317	0.694384	3545	
-0.595761	0.668809	7841	
0.380785	0.345881	3757	
0.443392	0.354651	7089	
-0.719746	-0.522069	4892	
-0.493699	-0.741253	5907	
-0.177019	0.641106	3579	
-0.409045	0.487982	7292	
-0.754568	0.365736	7971	
-0.765801	-0.091250	5386	
-0.831208	0.164965	6112	
-0.932117	0.000922	6455	
-0.229937	0.881625	7520	
-0.703498	-0.329219	6430	
0.564238	0.365203	3066	
-0.659200	0.348599	3552	
0.267041	0.662776	2617	
-0.425943	-0.779094	8913	
-0.292652	0.705825	2386	
0.547659	-0.026745	5489	
-0.615261	0.164281	5665	
0.102698	0.729471	8739	
-0.759198	0.399455	3303	
-0.887327	0.208724	2447	
-0.871627	-0.240348	5336	
-0.669119	-0.218596	8139	
-0.418485	0.582214	8704	
-0.788297	-0.394438	9192	
0.064134	0.953452	3614	
0.397907	0.458966	1018	
0.341683	0.562378	5998	
0.460565	-0.232818	4093	
-0.387884	0.718557	5983	
-0.682289	-0.049535	4787	
-0.148272	0.956241	5866	
0.153179	0.908483	7863	
-0.732468	0.116113	1998	
-0.606162	-0.421140	5616	
-0.362142	0.883752	1693	
0.005192	0.900553	1115	
-0.308604	0.453547	2429	
-0.606026	-0.613885	4904	
0.076814	0.755957	2348	
-0.802410	-0.490096	1066	
-0.959391	0.044660	8392	
-0.364683	0.921237	7587	
-0.100627	0.581842	9232	
-0.602603	0.214749	4113	
-0.568504	0.341664	8143	
-0.677681	-0.070749	4141	
-0.451690	-0.767916	3896	
-0.284608	0.742992	2283	
-0.306080	0.831117	561	
0.059475	0.755573	2444	
-0.013689	0.925884	4159	
-0.908234	0.215018	268	
0.570463	-0.054468	4311	
-0.712298	0.078140	455	
0.168405	-0.532085	7552	
-0.925902	-0.085836	8930	
-0.629875	-0.382970	7734	
-0.452928	0.378043	835	
-0.930901	0.013691	7225	
0.294342	0.501738	6954	
-0.608137	-0.483515	4779	
0.551125	0.380947	3087	
-0.682263	-0.103431	6013	
-0.886241	0.306904	297	
-0.617950	0.036486	1946	
-0.921267	0.159335	8902	
-0.635905	0.077411	4472	
0.192648	0.711705	1141	
0.438692	0.577410	855	
-0.780005	0.592879	4313	
0.203287	0.654210	963	
-0.024401	0.648556	1661	
-0.198539	0.845035	7241	
-0.914568	-0.182532	3234	
0.316064	0.468933	8976	
-0.790397	0.579631	5498	
-0.812668	0.097655	1231	
0.396657	-0.347325	2411	
-0.868951	-0.139287	5512	
-0.285246	-0.839386	6275	
0.567103	-0.040032	5249	
0.484560	0.419572	7103	
0.466748	0.197447	2001	
-0.726070	0.258182	2383	
-0.700845	0.202757	6525	
-0.679109	-0.250361	4468	
-0.323067	0.832706	400	
-0.249624	0.590646	1780	
-0.395246	0.623219	4702	
-0.653837	0.478734	7004	
0.407058	0.603758	774	
0.488476	0.391477	1460	
0.526104	-0.161619	3867	
-0.602273	0.133564	3953	
-0.304164	0.676610	7839	
-0.083886	0.910133	4858	
-0.007290	0.893218	1115	
0.007825	0.609683	9368	
-0.737244	-0.633031	6320	
-0.859289	-0.174820	6053	
-0.653091	0.547110	5933	
0.549922	-0.131848	2762	
-0.929342	0.145141	9437	
0.343587	0.413872	3873	
0.259499	0.637061	5000	
-0.546462	0.499637	4580	
-0.782455	-0.482015	6297	
-0.653748	0.236514	2058	
-0.156754	0.664906	6843	
-0.465012	0.365706	796	
0.183344	0.617972	4049	
0.518516	-0.087649	5718	
-0.746522	0.198882	1495	
-0.711560	0.004494	2380	
-0.765556	0.531553	8432	
-0.885565	-0.355880	795	
-0.657271	-0.251837	4468	
0.568174	0.007426	6779	
-0.961001	-0.216912	7876	
-0.045378	0.689580	4868	
-0.362717	0.408978	1129	
-0.280587	-0.919449	8483	
-0.613711	-0.494181	4779	
-0.322203	0.789401	7861	
0.610121	0.133478	522	
0.324648	0.473240	8976	
-0.862697	-0.237774	4793	
-0.631081	0.713099	701	
0.354658	0.656401	1367	
0.069573	0.926100	2560	
0.512483	0.064723	4442	
-0.896757	-0.017073	6437	
0.380252	-0.374543	1280	
-0.459585	0.353207	8777	
-0.898748	-0.226802	897	
-0.058977	0.941915	9377	
-0.631357	0.214565	3850	
-0.529681	-0.712049	6309	
-0.565535	0.386661	9230	
-0.778047	-0.047664	5358	
-0.530172	0.710476	4906	
0.254749	-0.449396	7854	
-0.876948	0.383817	4178	
-0.503757	0.620707	2338	
0.194697	0.893883	6042	
-0.175219	0.909236	6107	
-0.391312	0.675093	839	
-0.590975	0.663726	7940	
-0.774804	0.242818	5003	
-0.710238	0.018003	2380	
-0.346326	0.515193	6413	
-0.710977	0.262387	7668	
-0.802326	-0.211391	4198	
0.322055	0.411819	8377	
-0.757951	0.190624	1534	
-0.622505	0.541252	5459	
-0.624192	0.617721	7680	
0.593808	0.013129	7772	
0.446087	0.221250	2918	
0.512061	-0.109474	5054	
-0.593533	0.724335	9402	
-0.589327	-0.728393	1148	
-0.623236	-0.254808	3827	
-0.086350	-0.465525	4471	
-0.836689	-0.452668	8211	
0.135910	0.823645	6002	
-0.061561	0.860614	8690	
-0.789667	-0.047537	5358	
-0.063562	0.604642	7059	
-0.464771	0.622534	8649	
-0.482509	0.665718	3706	
-0.513693	0.370204	2777	
0.188113	0.875385	3976	
-0.764464	-0.252840	8822	
0.564931	-0.047328	4311	
-0.280242	0.703675	5409	
0.363646	-0.360338	8961	
0.535653	0.067289	5656	
-0.611856	-0.018923	1187	
-0.719605	0.456726	3637	
-0.700878	-0.193336	2841	
-0.565548	0.248741	7561	
-0.369399	0.412868	1190	
0.435238	0.665118	6983	
-0.472395	0.753253	7521	
-0.759498	0.144104	2791	
0.492923	0.337745	3481	
0.209965	0.662167	963	
-0.714864	0.451604	1327	
-0.199708	0.963667	6260	
0.240604	0.827830	4176	
0.446810	0.349922	7089	
-0.631511	-0.048733	2671	
-0.292468	0.749480	2283	
-0.866465	0.223924	8246	
-0.533810	0.602474	2750	
-0.808902	-0.461037	1305	
0.459606	-0.169701	5699	
-0.714157	-0.557917	6391	
-0.689782	0.554025	4899	
0.515864	0.107807	3822	
-0.370958	0.863027	2219	
-0.688331	-0.275874	3115	
-0.174803	0.943725	1067	
-0.920488	0.304532	1218	
-0.101010	0.881905	1631	
0.460877	0.242016	822	
0.526306	0.175154	2546	
-0.871028	-0.184422	6053	
-0.335066	0.432416	8868	
-0.627808	0.574581	4963	
-0.326928	0.834088	400	
0.057496	0.500340	2988	
0.243828	0.764706	2784	
-0.300629	0.628876	8083	
-0.376268	0.668461	9048	
-0.702877	0.155696	2330	
-0.553322	-0.744347	433	
-0.833967	-0.427136	5473	
-0.345900	0.452193	1482	
-0.683973	0.652236	1490	
0.550862	0.255047	1985	
0.347794	0.711650	6642	
0.258310	-0.471116	7268	
-0.873516	-0.400402	9386	
-0.814552	0.112075	1231	
0.300299	0.613100	2127	
-0.310236	0.829992	561	
0.381651	0.469483	8747	
-0.069177	0.705975	5827	
0.038857	0.889384	8833	
-0.149362	0.888783	8050	
0.533470	0.484390	1349	
-0.722793	-0.603228	8919	
0.099221	0.897327	1131	
-0.828489	0.189719	7830	
-0.685412	0.638412	6155	
-0.613868	0.667953	7841	
-0.438774	0.524087	6598	
0.082658	0.941732	3631	
-0.388866	0.567195	8178	
0.367294	0.684795	4685	
-0.383741	0.588812	7726	
-0.097867	0.634756	7995	
-0.778061	0.028733	1589	
-0.477163	0.548853	8864	
0.231696	0.811243	2781	
0.600690	0.186329	1843	
-0.441316	0.471857	6033	
-0.614311	0.548473	5859	
-0.704291	-0.667941	3219	
-0.906555	0.152117	8902	
-0.594530	-0.511460	2071	
0.499486	-0.033280	2188	
-0.637382	-0.533968	5540	
-0.737566	-0.528664	6193	
0.489986	0.423010	2890	
0.391162	0.668748	6775	
-0.781935	0.212276	5126	
0.104512	0.862974	9456	
-0.429500	0.630110	4515	
-0.450958	0.846510	743	
-0.568801	-0.705471	437	
-0.841546	0.108055	5560	
-0.606679	-0.469315	4779	
-0.678377	0.176981	6327	
-0.057348	0.586775	7818	
-0.062739	-0.471563	2239	
-0.437453	0.650605	9226	
0.538319	0.145113	2488	
-0.639242	0.066263	3937	
-0.884478	-0.123629	5245	
-0.109605	0.835824	3620	
-0.633416	-0.711909	6212	
-0.721252	-0.435000	8438	
-0.563546	-0.760584	526	
-0.607798	0.506148	1816	
-0.733052	0.440402	3637	
0.306703	0.777248	6571	
-0.236881	0.735141	1979	
-0.756580	0.115154	2776	
-0.934137	-0.084769	9214	
-0.778228	-0.090267	5386	
-0.610754	-0.417223	5616	
0.454403	0.234513	509	
-0.545043	-0.692670	6137	
-0.503374	-0.831660	4631	
-0.824880	0.554519	2713	
-0.676797	-0.394258	5254	
-0.466526	0.418214	1518	
0.530340	0.088588	9202	
-0.691779	0.708004	2586	
-0.733320	0.517115	3868	
-0.593813	-0.704176	1225	
-0.775722	-0.420234	4271	
-0.953663	-0.274526	8038	
0.529546	-0.144234	1648	
0.269398	0.713968	1558	
-0.981799	-0.067905	4862	
-0.251403	0.510191	7041	
0.504991	0.219246	7518	
0.205846	0.684305	617	
-0.428135	-0.716757	7107	
0.543651	-0.085443	1742	
-0.527950	0.535497	2346	
-0.913986	-0.141758	9291	
0.243992	0.819229	4176	
0.518679	0.144560	2325	
0.305492	0.528917	5275	
-0.676723	0.633097	5389	
-0.773981	0.445046	4027	
-0.749555	-0.146596	3042	
-0.566665	0.422356	6826	
-0.650632	0.074308	5119	
-0.794697	-0.198803	2526	
0.454348	0.385768	7623	
-0.736542	-0.319003	6452	
0.065917	0.511195	3578	
-0.692153	-0.046680	5395	
-0.909198	0.271077	5727	
-0.582412	-0.491302	1937	
-0.201957	0.652961	1162	
-0.888759	-0.115140	5245	
-0.073895	0.833314	8488	
-0.860034	-0.380887	1477	
-0.645747	-0.493891	6710	
-0.092225	-0.458139	5684	
-0.420725	0.793188	6186	
-0.237530	0.753104	2504	
0.160149	0.755333	8609	
-0.570503	0.767800	544	
-0.863166	0.309056	4912	
0.398703	0.535698	4768	
-0.561485	-0.487009	1071	
-0.549301	0.783245	8647	
-0.482264	0.610023	8645	
-0.267475	0.870923	8342	
-0.576955	0.126950	2747	
-0.800693	-0.230178	1659	
0.158162	0.549827	3322	
0.311342	0.741077	5643	
-0.528419	0.740461	8266	
-0.360117	-0.780191	5993	
-0.672428	0.489165	7094	
-0.459848	-0.755030	5452	
0.463286	-0.258777	4229	
0.072882	0.736561	8213	
-0.765409	0.495506	4755	
-0.749068	-0.618557	6320	
-0.024542	0.696988	7087	
-0.872545	-0.240461	5336	
-0.891667	0.009470	6117	
0.117847	0.771374	2204	
-0.688163	-0.023955	7822	
0.199176	0.568952	1931	
-0.789579	-0.053135	5358	
-0.786984	0.571864	5498	
-0.283906	0.667309	8322	
-0.749854	0.442203	2569	
0.033948	0.546954	9436	
-0.378799	0.826981	263	
0.510056	0.410759	1618	
-0.196328	0.661049	1162	
-0.931970	0.232631	7044	
0.495433	-0.165323	3503	
-0.299597	0.814251	8197	
0.218099	0.603318	8428	
0.134690	0.628594	1247	
-0.186995	0.532113	5641	
-0.883123	0.132981	6517	
-0.789239	0.540724	7844	
-0.035762	0.862422	280	
0.502836	0.428973	2890	
-0.731185	-0.406218	8669	
0.109060	0.538821	7176	
-0.622146	-0.323611	4968	
-0.700752	-0.470490	3485	
-0.687931	0.505876	6323	
-0.116099	0.827107	3620	
-0.588412	-0.423265	5503	
-0.236304	0.675136	1402	
-0.461152	0.790811	6374	
0.045616	0.975263	2879	
-0.601360	-0.385681	5152	
-0.917832	0.332163	2857	
-0.299983	0.852164	1976	
-0.056630	0.812937	5426	
-0.752909	0.001872	2894	
-0.564648	0.806138	3648	
0.417891	0.556273	8529	
-0.741398	0.039851	1698	
0.457610	0.212868	2918	
0.303730	0.662370	1825	
-0.685000	0.111820	705	
-0.733585	-0.238080	2036	
-0.793598	-0.373908	8909	
0.471438	0.217883	7083	
-0.917627	-0.152163	9291	
-0.294831	0.532094	7746	
0.317780	0.760715	5643	
-0.674580	-0.437603	857	
-0.553130	-0.807795	7773	
-0.321382	0.683115	661	
-0.339277	0.475477	7488	
-0.108427	0.606481	543	
-0.241222	0.508514	6574	
0.043368	0.826616	7159	
-0.618681	0.151184	5209	
-0.657411	-0.551729	6305	
-0.935701	-0.243070	7018	
-0.623469	0.495913	4034	
-0.817098	0.091446	1231	
-0.598609	-0.381155	5152	
-0.640653	-0.284227	4582	
-0.526378	0.710129	4906	
0.480332	0.277821	2180	
0.336149	0.468374	8907	
-0.774784	-0.020204	1364	
-0.224122	0.811137	7031	
-0.628609	-0.652642	5674	
0.297478	0.762489	4903	
-0.121339	0.549372	8401	
0.233551	0.630386	972	
-0.802161	-0.567198	6781	
0.021141	0.733808	6470	
0.017251	0.714005	6012	
0.115562	0.715919	8832	
0.582718	0.142758	2537	
0.228851	0.669771	7420	
0.350391	0.497623	4564	
-0.531062	-0.547701	2426	
0.437768	0.238734	3461	
0.036740	0.886313	8833	
-0.618676	-0.722492	1057	
-0.667038	-0.463296	1785	
-0.470578	-0.659657	5862	
-0.674094	-0.619832	7945	
0.546570	-0.052424	2668	
-0.128544	0.743265	6146	
0.412063	0.393595	5783	
-0.827142	0.457875	500	
-0.728634	-0.187941	4625	
-0.076411	0.586726	7367	
-0.735138	0.253232	397	
0.327613	0.764503	6082	
-0.740909	-0.414604	8669	
-0.068159	0.603487	7621	
-0.254130	-0.856544	6046	
-0.662446	-0.592373	7313	
0.000946	0.701539	6777	
0.176338	0.604079	4049	
-0.358623	0.834491	2163	
-0.071970	0.819019	8439	
-0.639314	-0.683596	5623	
-0.635257	-0.053410	2671	
-0.366137	0.737737	2385	
0.358349	0.519025	1850	
-0.143358	-0.413720	9391	
0.573354	0.114820	2016	
-0.738963	0.074170	1485	
-0.700097	-0.533907	4221	
0.501393	0.123240	8307	
-0.705191	0.603421	7656	
-0.527223	0.701218	4906	
-0.589859	0.553193	6240	
-0.475081	0.563497	6566	
-0.678019	0.165944	908	
-0.805795	-0.525615	2192	
0.052539	-0.537783	772	
0.158551	0.809162	9153	
-0.803822	-0.270157	260	
0.067124	0.944100	3614	
0.309902	0.759792	5643	
0.365915	0.632704	1318	
0.328248	0.451850	7403	
-0.752213	0.192887	1534	
-0.066125	-0.971272	3940	
-0.440311	0.867162	6555	
-0.309616	0.913322	1554	
-0.932729	-0.188411	3771	
-0.837149	-0.347561	6129	
-0.154803	0.659024	5908	
0.500012	-0.125164	5054	
-0.844070	-0.406234	1601	
-0.264604	-0.891850	9113	
-0.695771	0.224818	6525	
-0.111505	0.869095	7629	
-0.665337	-0.503320	6501	
-0.069393	0.831549	8439	
0.152578	0.644540	3143	
-0.182496	0.686777	1466	
-0.909906	-0.061469	8629	
-0.269952	0.477098	5453	
-0.881106	-0.217847	5382	
0.202915	0.809968	7392	
-0.848513	-0.017651	5108	
-0.766541	0.102260	3046	
-0.114759	0.889390	1631	
-0.660101	-0.240512	8571	
-0.774330	-0.303648	5398	
-0.155980	0.627504	1653	
-0.281129	0.627439	7464	
-0.134470	0.719885	3847	
-0.040950	0.894935	874	
0.279491	-0.461873	909	
-0.782253	0.212509	5126	
-0.797663	-0.144126	5565	
-0.435436	-0.714374	7107	
-0.674304	0.475104	7004	
0.457221	-0.254578	4229	
-0.487718	0.415551	7816	
-0.827672	0.167691	6439	
0.488252	-0.034187	2188	
-0.682686	-0.196895	7531	
0.528395	-0.179839	5207	
0.080070	0.759437	2348	
-0.408125	0.547206	6248	
-0.404080	0.672491	703	
-0.126106	0.901814	1178	
-0.803703	-0.450315	5999	
-0.782843	-0.498623	6297	
0.340029	0.557075	5998	
0.461672	0.415119	2595	
-0.663976	0.582757	5892	
0.563660	0.304404	2843	
-0.563459	-0.750759	433	
-0.350415	0.543204	4772	
-0.894521	-0.099453	8280	
0.144247	0.895702	4171	
-0.491983	0.675952	6414	
0.474117	0.333896	2901	
-0.259934	0.549581	8154	
0.493266	-0.185540	6417	
-0.124461	0.655514	850	
0.431925	0.676204	6661	
0.375616	0.720570	8310	
-0.126815	0.745351	3847	
0.543070	-0.025978	5489	
0.179026	0.879124	4954	
0.505875	0.429815	2890	
0.298604	0.687272	2749	
-0.633114	0.349167	2581	
-0.797422	0.013814	3667	
0.398449	0.392946	5688	
-0.566960	-0.592667	4697	
-0.789748	-0.363814	8909	
0.181044	0.901635	6042	
0.404057	0.609109	5940	
-0.812046	-0.358004	5006	
-0.733194	-0.457687	3095	
-0.357131	-0.784785	5993	
0.239777	0.705826	1286	
0.419391	0.434129	8931	
-0.389552	-0.813740	5222	
-0.822362	0.038362	6031	
-0.523294	0.601097	2750	
0.314566	0.532247	5479	
-0.908284	0.328516	2857	
0.563395	-0.058017	3054	
0.093064	0.947119	3631	
0.386926	0.734939	8310	
-0.300282	-0.828060	7563	
0.079087	0.944039	3631	
0.300243	0.525340	5275	
-0.490611	0.853275	2527	
-0.761724	0.499749	5158	
-0.571382	0.745320	544	
-0.508368	0.810332	8049	
0.004273	0.627489	2198	
-0.600114	-0.417959	5616	
-0.571415	-0.537980	3092	
-0.302305	0.773884	4775	
0.273063	0.603921	614	
-0.622958	-0.447937	4751	
-0.492083	-0.693216	6873	
0.599372	0.043734	327	
0.318314	0.784925	6797	
0.379107	0.666954	3912	
-0.553299	0.501700	5354	
-0.105645	0.784279	7554	
0.532200	-0.024051	4323	
-0.486140	0.637731	2178	
0.426834	0.520629	4733	
0.536627	0.424543	4211	
-0.303023	0.725573	1973	
-0.088599	0.927645	5490	
-0.164799	-0.962984	2529	
0.494805	0.298380	2306	
-0.915487	-0.138856	9291	
-0.476856	0.711119	7230	
0.104102	0.719106	8739	
0.583171	0.085563	2195	
-0.881389	-0.133162	5245	
-0.497216	-0.633175	751	
-0.001284	0.964113	2649	
-0.808568	-0.444789	5999	
-0.112033	0.854275	4783	
0.306695	0.419960	1776	
0.185822	0.751198	5447	
-0.417322	-0.757322	7865	
-0.891458	0.157528	6182	
-0.165122	0.768721	6316	
0.530500	0.112064	8128	
0.569879	0.079509	8816	
0.024524	0.860160	8978	
-0.889158	-0.364560	795	
-0.122648	0.845929	4783	
0.273305	0.597076	614	
-0.203548	0.597127	8778	
-0.612753	-0.301999	3225	
-0.832857	0.440108	288	
-0.965352	-0.245150	3389	
-0.134041	0.967160	6472	
-0.020848	0.565780	6556	
-0.441634	0.889201	9145	
0.016956	0.853863	6943	
-0.554233	0.636356	6464	
0.016221	0.857293	8978	
0.071288	0.490936	4079	
-0.195083	0.738910	805	
-0.576742	-0.610208	4252	
-0.638730	0.451625	3852	
0.334049	0.582816	6784	
0.097275	-0.550842	6931	
-0.384251	0.520532	4618	
-0.633410	0.606413	7812	
-0.466185	-0.805793	979	
-0.249221	0.700580	2410	
-0.546474	-0.635774	4247	
-0.026386	0.921679	4159	
-0.041802	0.723926	8928	
-0.180470	0.867890	6496	
0.548435	0.063670	9247	
-0.572313	0.149153	2300	
-0.372509	0.437011	5157	
-0.071220	0.948365	4769	
-0.473304	-0.757662	1283	
0.372239	0.364039	3138	
-0.221199	0.948403	6230	
0.142220	0.912241	7863	
-0.315333	0.653315	8691	
0.354358	-0.355177	9127	
-0.625663	-0.328603	4968	
-0.690833	0.570021	6134	
-0.608220	0.093138	3781	
-0.142044	-0.407737	9391	
-0.658416	-0.324080	5450	
-0.269295	0.651934	7704	
-0.590425	-0.701167	1225	
-0.165288	0.948299	1067	
0.607063	0.233677	3025	
0.288553	0.625292	6009	
0.038671	0.555827	8338	
-0.405384	0.694889	752	
-0.524160	-0.678397	1572	
0.387977	0.396177	6412	
-0.813466	0.283656	1273	
-0.056355	0.659138	7216	
0.303453	0.793266	6571	
0.588778	0.123894	3199	
0.344338	0.609180	1083	
-0.549435	0.310977	4512	
-0.914898	0.076264	7336	
-0.166894	0.906388	6107	
-0.130493	0.760769	6124	
0.082518	0.832319	6200	
-0.335297	0.684156	661	
-0.487104	0.800840	7814	
-0.884936	-0.270142	9268	
-0.543872	0.546884	2346	
0.203670	0.526134	648	
-0.933023	0.083443	5096	
-0.406139	0.522271	6450	
0.170498	0.896512	4954	
-0.568627	0.271352	4504	
0.401974	0.425289	7193	
-0.733693	-0.082030	5384	
-0.803547	-0.207533	2526	
0.544366	0.381151	2007	
-0.581652	-0.484932	3466	
-0.567352	0.346506	8143	
-0.817980	0.474334	1727	
-0.629646	-0.285459	3819	
-0.265451	0.519367	6317	
0.023915	0.887998	8833	
-0.774575	-0.147832	4157	
0.355879	0.452100	5762	
-0.541092	0.779373	8647	
-0.554900	0.440531	6817	
0.004854	0.932105	3483	
-0.801747	-0.090356	6379	
-0.319491	0.871167	7187	
-0.659290	0.070195	5119	
-0.532722	0.751808	9356	
-0.345225	0.421294	6274	
-0.369675	-0.789808	5993	
-0.008034	0.633119	1771	
-0.623350	0.266247	1891	
0.445569	0.643688	5506	
-0.257076	0.844557	841	
-0.956147	-0.105418	8882	
-0.541269	0.498743	4580	
0.496883	-0.208176	5677	
0.469406	0.243547	6698	
-0.160815	-0.364219	6194	
-0.200860	0.937548	537	
-0.919563	-0.295755	8809	
0.214115	0.813077	7705	
-0.926032	-0.159994	1995	
-0.473791	0.456593	3167	
-0.677677	0.476144	7004	
-0.804078	-0.036595	5466	
-0.207147	0.880532	6357	
-0.714110	0.233257	5008	
0.007845	0.592071	7425	
-0.956462	0.109839	1682	
-0.616446	0.761410	4266	
-0.685199	-0.044799	5395	
0.330328	-0.416243	807	
-0.626330	0.086465	4472	
-0.613950	0.183044	5070	
-0.733863	0.255984	397	
-0.601192	0.516064	2743	
0.503351	0.229700	1021	
-0.712781	-0.564423	6391	
-0.769224	0.021466	1589	
-0.786413	-0.051317	5358	
0.510875	0.435283	4129	
-0.718110	0.556480	5646	
-0.275150	0.673511	817	
-0.722351	-0.383858	1203	
0.415235	0.349594	6296	
-0.174130	-0.910768	538	
-0.591724	0.215210	5895	
-0.749174	-0.564473	8233	
0.381715	0.692531	5849	
0.143408	0.868541	8714	
-0.224188	-0.900359	7255	
-0.072656	0.659845	8563	
-0.013667	0.982598	3523	
-0.381014	0.657741	6792	
-0.827634	0.063947	7729	
-0.735668	-0.391470	1144	
-0.443343	0.545170	6527	
0.148506	0.785275	7553	
-0.866968	-0.287027	2397	
0.601403	0.300300	2864	
-0.767673	0.264881	265	
-0.617885	0.252489	2584	
-0.764569	0.218361	5590	
-0.184663	0.749860	1475	
-0.944857	-0.063478	7824	
0.356158	0.583640	6999	
-0.720122	-0.281134	4587	
-0.772188	-0.406702	4271	
-0.470262	0.517870	8126	
-0.073504	0.687587	1580	
-0.836896	0.237720	8205	
-0.828660	-0.027501	5466	
-0.718766	0.619785	7656	
-0.635933	0.173348	6659	
0.510544	0.055147	3023	
0.305406	0.442004	3591	
-0.779296	-0.347477	9177	
-0.742208	-0.030385	1031	
0.515062	0.175354	3281	
-0.711057	0.314561	911	
-0.913581	0.357177	6187	
-0.393772	-0.777905	7783	
0.403207	0.486404	8901	
0.522500	0.438923	4836	
-0.713210	0.301505	911	
-0.408412	-0.718379	8219	
-0.239257	0.627742	4856	
-0.494642	0.831382	2527	
-0.096509	0.638837	7314	
0.565354	-0.048036	4311	
0.323684	-0.403622	8531	
0.276779	-0.435071	8399	
-0.936830	-0.013159	6455	
0.020160	0.677411	2442	
0.312010	-0.425917	1736	
0.168064	0.755124	7182	
0.517985	0.263455	3187	
-0.260141	-0.932813	4293	
-0.079495	0.675979	1580	
-0.403266	-0.840826	5810	
-0.641500	0.516231	5105	
0.011201	0.832327	6567	
-0.714034	0.025806	427	
-0.696802	-0.401520	1392	
-0.598234	0.560316	6240	
0.408969	0.686994	6761	
0.414214	-0.316609	1061	
-0.749210	-0.572021	8233	
-0.027616	0.736943	5773	
0.318823	0.549459	5479	
-0.385822	-0.869947	985	
-0.526964	-0.760071	5948	
0.481314	0.209075	2627	
-0.497223	0.526691	8477	
-0.756953	-0.402569	8742	
-0.641150	-0.683703	5623	
-0.577636	0.610181	6300	
0.503636	0.297782	3436	
-0.184083	0.769904	5752	
-0.272731	0.543047	6395	
0.051930	0.570561	7450	
0.534249	-0.057321	2668	
-0.524630	0.306786	7929	
0.025277	0.964783	4497	
0.520290	0.056591	4442	
0.145093	0.904795	7863	
0.371046	-0.365471	1280	
-0.458878	-0.701522	5922	
0.527035	0.453685	6588	
-0.675993	0.231953	5551	
-0.536389	0.635532	6504	
-0.901335	-0.064886	7796	
-0.806868	-0.094442	6379	
-0.686008	0.191383	6327	
0.079267	0.644910	3069	
-0.708102	0.602024	7656	
-0.116392	0.639139	2004	
-0.441306	0.633587	9176	
0.522953	0.005430	3736	
0.548537	0.011011	5537	
-0.649543	-0.163363	1257	
-0.279812	0.791707	8870	
-0.394127	0.838777	1268	
-0.053502	0.569650	5185	
-0.717370	-0.687365	3219	
-0.756670	-0.455906	3095	
0.362040	0.460703	5762	
-0.790998	-0.292137	5534	
0.162979	0.851221	9158	
-0.713363	-0.140314	3798	
-0.553627	0.723505	7691	
-0.702704	-0.099457	3195	
-0.691202	0.199255	6525	
-0.705377	-0.190950	3362	
-0.607330	0.361934	2831	
0.056401	0.890617	7119	
-0.685111	0.053034	5456	
0.027039	0.942811	4497	
-0.036770	0.638946	895	
0.465126	0.615776	3947	
-0.047807	-0.489036	2991	
0.303305	0.807146	6922	
-0.853111	0.248482	1590	
0.005187	0.632759	2198	
-0.965046	-0.013970	1483	
-0.405735	0.648401	7145	
-0.369122	0.580962	7726	
-0.608540	0.038265	1714	
-0.690071	-0.026022	7822	
-0.877657	-0.201627	6359	
0.188955	0.556412	2037	
-0.510961	-0.847207	5720	
0.079280	0.885545	9106	
-0.826626	0.004322	5469	
-0.150439	0.659085	3716	
0.564281	0.430831	5986	
-0.318694	0.895796	4345	
-0.824025	0.211028	7830	
-0.274246	-0.875174	8884	
-0.654338	0.499327	4603	
-0.674004	-0.518572	4169	
-0.900736	-0.235389	897	
-0.140242	-0.389273	9096	
-0.523832	0.357400	2739	
-0.468746	0.612436	9392	
-0.713984	-0.175690	3362	
-0.679023	-0.086180	5032	
-0.633694	0.022606	2800	
-0.732061	-0.611357	8492	
-0.225798	0.853732	9201	
-0.811939	0.458942	5945	
-0.354639	0.496042	1122	
0.286385	0.643284	2659	
-0.700630	-0.571487	7407	
-0.832021	0.197841	7830	
0.269294	0.669246	2392	
-0.798888	0.273136	1243	
-0.736402	-0.429908	8607	
0.227643	0.630509	1354	
-0.830219	0.153164	6439	
-0.259907	0.681362	942	
-0.741844	0.484780	4873	
0.162940	0.884393	4171	
-0.560781	-0.673723	3417	
0.438485	0.345602	6663	
-0.163009	0.764394	5543	
-0.667955	0.001442	4547	
-0.700643	-0.108805	1833	
-0.812274	0.037152	4225	
0.031338	0.881862	8833	
-0.785044	0.029386	627	
-0.704683	0.458441	1463	
-0.421023	0.868645	4887	
-0.316456	0.496318	7543	
-0.466523	0.491611	4864	
-0.660222	-0.351803	4890	
0.406243	0.516152	3980	
0.077693	0.718335	8357	
0.072783	0.685141	6521	
-0.027589	0.560076	6556	
-0.819068	-0.406823	5473	
-0.832239	-0.290613	512	
0.497698	0.161396	2286	
-0.723876	-0.156649	2851	
-0.315159	0.653089	8691	
-0.215782	0.925915	679	
-0.657704	-0.090772	5432	
-0.385997	0.409940	2048	
0.263408	0.601889	614	
-0.233012	-0.883907	7215	
-0.924397	0.157271	8902	
0.052816	0.847521	267	
0.025714	0.634167	1553	
-0.717755	0.390385	1099	
-0.919948	-0.067639	8629	
-0.612920	0.753902	4266	
-0.027574	0.748232	5773	
0.283201	0.627038	6009	
-0.701911	0.303537	8466	
-0.427088	0.637532	5897	
-0.426969	0.522404	6598	
-0.595416	0.156620	5212	
0.445222	-0.291236	2811	
0.088064	0.651659	2059	
-0.482065	-0.769918	1283	
-0.584482	0.421616	669	
-0.180841	-0.905945	6165	
-0.939548	0.182969	8409	
-0.490962	0.368716	8436	
-0.431450	0.842085	743	
-0.143818	0.679524	3879	
-0.944801	0.146420	9437	
-0.397934	0.580013	1095	
-0.577343	0.328987	9149	
0.359077	0.719883	6642	
-0.236894	0.890267	2830	
0.589367	0.233842	2498	
0.366177	0.530897	1746	
-0.666676	-0.130026	1219	
-0.001586	-0.518953	6651	
-0.889190	-0.362893	795	
-0.678350	0.497120	7094	
0.066295	0.946209	3614	
-0.637495	-0.729941	1124	
0.506706	0.065312	4442	
-0.689626	0.573301	6179	
0.061631	0.871811	7119	
-0.396009	-0.868148	985	
0.156505	0.758750	8812	
0.483159	-0.202596	5373	
-0.600022	0.120762	2747	
-0.722134	0.105196	2855	
0.522395	-0.039986	2661	
0.281035	0.444627	8824	
-0.944885	0.014918	7225	
0.326948	0.594860	981	
0.230605	0.496980	2056	
-0.134538	0.977249	2874	
-0.674345	0.537310	6255	
0.480140	0.242991	6698	
-0.520377	0.635105	5493	
-0.762679	0.000668	2894	
-0.691928	0.170824	1228	
-0.749518	0.577257	9123	
-0.025216	0.930896	4159	
-0.663828	0.159718	803	
-0.577002	0.791975	5282	
-0.066914	0.875333	8946	
0.356317	0.582653	6999	
-0.473969	-0.748467	5452	
0.201907	0.500760	7826	
0.034880	0.692169	4939	
0.512845	0.507571	1488	
0.529185	0.177865	2546	
-0.122248	0.848568	4783	
0.500215	-0.156847	3503	
0.460270	0.626741	3947	
0.430312	0.560462	832	
-0.491773	0.829781	1299	
-0.014985	0.918927	4159	
-0.755543	-0.550992	581	
0.618874	0.128200	4678	
-0.336668	0.796150	7861	
-0.481201	0.394860	1632	
0.486455	0.290759	2306	
-0.450296	0.561184	6538	
-0.702224	0.255340	5533	
0.305679	0.701598	3545	
-0.888023	0.360034	818	
-0.744793	-0.441691	3537	
-0.229324	0.652903	8814	
-0.618208	-0.756050	2936	
-0.830237	-0.428251	5473	
-0.764411	-0.229348	9443	
-0.096414	0.800639	8801	
-0.564270	-0.696859	437	
-0.971829	0.075354	9043	
-0.465551	0.322699	6122	
-0.502621	-0.744337	5907	
-0.895322	0.323665	382	
-0.768363	0.262468	265	
-0.468978	0.281232	4245	
-0.755219	-0.140564	3042	
0.468994	-0.254869	4229	
0.552370	-0.102306	2868	
-0.131029	-0.398641	8990	
0.408743	0.451029	8184	
0.171288	0.617285	2618	
0.537907	0.014483	4584	
0.609268	0.206370	3789	
-0.201513	0.671946	8212	
-0.749474	0.617418	305	
-0.880846	-0.127556	5245	
-0.560617	0.316601	4512	
0.160354	0.767619	7526	
-0.781282	0.009227	1671	
0.131376	0.822069	6002	
-0.326005	-0.868191	1992	
-0.535982	0.719172	5876	
-0.358464	-0.829873	5843	
-0.703795	-0.448985	8599	
-0.926351	-0.309303	3312	
-0.534433	0.457381	4037	
-0.401161	0.505363	5461	
-0.764509	0.562526	9351	
-0.578047	0.287758	7515	
-0.615196	0.523563	4400	
-0.667586	0.001238	4547	
-0.621145	-0.717903	1057	
-0.642062	-0.338089	6650	
-0.680644	-0.312990	5579	
-0.113242	0.721574	2477	
-0.906769	-0.356492	4537	
0.022037	0.722635	6259	
-0.056965	0.630639	8722	
-0.644339	-0.456402	5539	
0.545271	0.236308	8733	
-0.540768	-0.712666	7778	
-0.768106	-0.378849	9426	
0.405861	0.450635	8184	
-0.671887	-0.178057	8103	
0.473576	-0.114262	318	
-0.469964	-0.843839	4347	
-0.753544	0.368835	7971	
-0.211157	0.964382	6230	
-0.625174	0.403577	1788	
-0.370685	0.691501	883	
-0.793586	0.271629	1243	
-0.340092	-0.817943	7558	
-0.546770	-0.706536	437	
-0.908131	0.348953	6187	
0.295855	0.706444	1500	
-0.469944	0.433186	5082	
0.103897	0.474971	4549	
0.572185	0.094974	2387	
0.084154	0.859411	9339	
-0.627489	-0.353637	6726	
-0.566311	0.349023	7740	
-0.419086	-0.864772	989	
0.168416	0.702003	8708	
-0.615383	0.751295	4266	
-0.872873	0.268393	4389	
0.140078	0.890061	8830	
-0.737890	-0.091005	1875	
0.518573	0.140549	2325	
-0.639172	-0.623976	5402	
-0.587442	0.488091	1151	
0.107509	0.595875	358	
-0.959144	-0.084577	9214	
-0.696980	0.644025	8595	
0.574406	0.102277	2387	
-0.941442	0.019253	7225	
-0.637876	0.684660	2128	
-0.519635	-0.582002	3271	
0.368481	0.505968	9023	
-0.284493	-0.927024	4449	
0.347373	-0.392874	469	
0.365560	-0.335179	2840	
0.362212	0.411222	6678	
0.547642	0.391489	2007	
-0.324088	0.840410	400	
0.306584	0.469484	1416	
-0.620592	0.163742	5209	
-0.894812	-0.023080	5235	
-0.934810	-0.130395	9259	
-0.830128	0.177709	7893	
-0.776907	0.114779	3803	
-0.735458	0.492517	3868	
-0.767377	-0.141859	4157	
0.460270	0.512439	5789	
-0.558891	0.574398	4434	
-0.964367	0.056042	7475	
-0.597212	0.347164	7879	
-0.767874	-0.000440	1671	
0.486901	-0.165395	6681	
-0.981681	0.021366	1200	
-0.485396	-0.815240	979	
0.485277	0.436388	7103	
-0.572344	0.309159	5618	
-0.503815	0.235889	7776	
-0.642211	-0.712034	5623	
0.397865	0.528700	3980	
-0.530087	0.566950	8214	
-0.761637	-0.119297	4273	
-0.825079	0.420772	1655	
0.390305	0.707942	8218	
-0.020904	0.925141	4159	
-0.614758	0.344403	9004	
-0.612803	-0.704748	1057	
-0.385366	0.652194	6792	
-0.218843	0.816718	7031	
-0.706247	-0.063977	5322	
0.231818	0.630176	972	
-0.108499	0.916648	9210	
0.065479	0.946100	3614	
0.351655	-0.361299	9127	
0.518831	-0.091434	6148	
-0.815444	-0.083001	7006	
0.326172	-0.371903	7414	
-0.951733	-0.205196	7876	
0.248435	-0.448703	8114	
-0.352753	-0.905076	5758	
-0.490539	0.270087	6924	
0.521990	-0.191680	5746	
0.586129	0.121364	3199	
-0.171813	0.810144	6027	
-0.647101	-0.730666	753	
-0.168970	0.597301	375	
-0.939120	0.250265	7636	
-0.562553	-0.724777	798	
-0.857850	-0.148299	5512	
0.249893	0.675180	2617	
0.548687	0.089373	8937	
-0.587182	0.432563	630	
-0.957218	-0.229642	3389	
0.242085	0.686651	1866	
-0.570048	0.512829	3551	
-0.770052	-0.145597	4157	
-0.544471	0.180311	5649	
-0.971578	-0.066117	4862	
0.028903	0.915728	4386	
-0.010692	0.670336	2023	
0.593293	0.151665	941	
-0.663801	0.222671	5236	
0.582328	0.299106	3370	
0.084152	0.835627	6200	
0.114800	0.541322	7176	
-0.883003	0.410605	6166	
-0.613530	-0.735098	1057	
-0.377453	0.512544	2222	
0.354836	0.391314	2931	
0.487507	0.121286	8312	
0.331551	0.587563	6784	
-0.937930	-0.074654	9214	
-0.609433	0.057408	3452	
-0.863752	-0.405175	9353	
-0.687947	0.668599	1490	
-0.335298	0.701201	1677	
-0.462834	-0.703639	5922	
-0.607214	0.099391	3781	
-0.303957	0.792962	6287	
-0.841475	-0.399471	1601	
0.083328	0.852866	9339	
0.319027	0.560717	5524	
-0.327309	-0.829521	7558	
-0.595441	0.623401	7567	
-0.606088	0.128702	3953	
0.267619	0.590369	614	
-0.886425	0.008078	4935	
-0.480307	0.771798	8260	
0.518943	-0.053496	2990	
-0.175839	0.588894	375	
-0.480932	0.409378	3231	
-0.760287	-0.205188	8771	
0.237919	0.680353	1866	
-0.820017	0.498997	3345	
0.038863	0.958833	4497	
-0.279638	0.767075	3549	
0.461886	0.471445	8934	
-0.412514	0.501116	6490	
-0.025385	0.818740	4989	
0.338068	0.685818	4637	
0.302729	0.577175	579	
-0.546421	0.384011	4498	
-0.014428	0.816023	4989	
0.211719	0.608861	8428	
0.078320	0.940002	3631	
0.409270	0.545697	4768	
0.537109	0.416620	4211	
-0.536052	0.309111	2104	
-0.211430	0.943536	6260	
-0.690170	0.111247	5936	
-0.529418	0.464285	4037	
0.052651	0.922263	2353	
-0.016561	0.627706	1771	
0.096358	0.927013	3631	
-0.435936	0.608546	9420	
-0.708658	0.438681	1327	
-0.762886	-0.137323	4157	
0.164565	0.526124	9189	
-0.778607	0.264321	5003	
0.347063	0.461872	4981	
-0.865703	0.220926	8246	
-0.149321	0.945879	1067	
0.317178	-0.427708	8876	
-0.095851	0.935212	5490	
0.473071	0.146565	3661	
-0.499439	-0.759581	1359	
0.443676	0.492766	4807	
0.289107	0.543289	5800	
-0.649711	0.486291	4918	
-0.642304	-0.157595	1205	
-0.896894	0.180491	1845	
0.474933	-0.237816	4093	
-0.318199	0.459969	4244	
-0.690708	-0.715930	1338	
0.349156	0.450534	5762	
-0.853614	-0.400032	1601	
-0.533551	-0.702607	3469	
-0.590993	0.113969	2924	
-0.807502	-0.105344	6379	
-0.660642	-0.517459	6501	
-0.475121	0.411582	3231	
-0.603740	0.473696	2961	
-0.850671	0.466816	6312	
-0.362992	0.672613	8222	
-0.885129	-0.343477	1664	
0.444992	-0.287310	2811	
-0.356998	0.825009	1079	
0.025063	0.936364	2708	
0.550453	0.393472	2007	
-0.556239	-0.602459	5317	
0.018786	0.637638	1553	
-0.505960	0.343276	2739	
-0.271380	0.809101	8870	
-0.938446	-0.055214	7640	
-0.729158	0.072649	1485	
-0.208007	0.655062	8212	
-0.797817	0.502487	1105	
0.609941	0.275849	3011	
-0.953767	-0.116630	9252	
0.190610	0.540894	495	
-0.773492	0.010234	1589	
-0.652328	0.034819	3837	
0.513153	0.207102	7518	
-0.155895	-0.930270	1306	
0.425815	0.568438	855	
0.475369	-0.266727	5769	
0.234535	0.557459	3278	
-0.444298	-0.718786	7107	
0.461640	0.343627	6986	
-0.713634	-0.632609	8821	
0.407728	0.379076	5783	
-0.696236	-0.258789	3359	
-0.958344	-0.105163	8882	
0.369347	-0.350633	2409	
-0.173484	0.688871	5584	
0.293634	0.760183	4084	
0.216280	0.832055	4080	
0.059817	0.912643	2560	
-0.853545	0.261697	1590	
0.230893	0.673604	8017	
-0.252144	-0.902145	9354	
-0.437340	0.656944	9226	
-0.878194	-0.386293	9386	
0.186660	0.551145	6211	
-0.585826	0.127918	2747	
-0.069962	0.616766	7621	
-0.568461	-0.773388	7617	
-0.005407	0.741572	4267	
-0.455547	0.694438	8068	
0.300946	0.647104	1825	
-0.154918	0.640986	3716	
-0.169037	0.542144	7534	
0.596641	0.176518	941	
-0.002276	0.656169	1821	
0.312551	-0.427759	6891	
-0.897316	-0.049929	5235	
-0.262498	0.920664	7753	
-0.910254	0.299756	1218	
0.306599	0.443557	3591	
-0.752950	-0.364246	8699	
-0.925906	0.349990	2857	
0.536327	0.320334	2511	
-0.537434	0.476915	5064	
-0.516030	0.241493	7776	
0.259876	0.722587	4131	
-0.602093	0.586675	6227	
0.183904	0.770878	5447	
-0.849349	0.450208	500	
-0.351926	-0.909617	5758	
-0.664886	-0.546282	5709	
-0.661575	0.115627	695	
-0.587366	0.484648	1151	
0.597878	0.314406	1981	
0.480675	0.585440	421	
-0.228726	-0.292291	2391	
0.584162	-0.059198	4311	
-0.081744	-0.463536	2045	
-0.705690	0.124321	5936	
-0.106028	0.796843	7554	
-0.535831	-0.835233	3148	
-0.783150	-0.243415	1659	
-0.384603	0.522334	4618	
0.464835	0.321224	4465	
-0.564347	0.771654	544	
-0.558342	0.338391	4495	
0.305561	0.450725	1409	
0.415130	0.606074	774	
-0.463238	-0.851360	4347	
-0.844068	-0.232643	4162	
-0.361317	0.533275	5742	
-0.889723	0.321995	382	
-0.654266	-0.122676	5731	
-0.338881	0.873328	9184	
0.516662	0.411549	1967	
0.061763	0.566797	5654	
-0.925796	-0.162069	1995	
-0.874578	-0.310811	7868	
-0.918068	0.230405	380	
-0.674029	-0.050857	4787	
-0.751997	0.074614	890	
-0.510181	0.693987	6796	
-0.499660	-0.681478	6625	
-0.669787	-0.270641	3115	
0.117273	0.918896	1072	
0.114569	0.864429	8856	
-0.666712	0.456484	7151	
-0.626077	0.043137	1946	
-0.691090	0.146097	2330	
-0.309542	-0.933526	4449	
0.274178	0.727158	3122	
-0.530666	0.691726	6348	
-0.442228	0.833385	743	
0.011832	0.852235	6943	
-0.021725	0.872599	300	
-0.590868	-0.400800	4909	
0.031823	0.783515	6366	
-0.955536	0.221838	3292	
-0.606683	0.031496	1714	
-0.609922	0.297969	254	
-0.798196	-0.308050	5534	
-0.351091	-0.915687	5758	
0.200639	0.822036	4080	
-0.856925	-0.287113	594	
-0.538318	0.760009	3495	
-0.023490	0.864908	300	
0.396273	0.459195	1018	
0.571226	-0.005789	6779	
-0.789954	0.464756	5250	
-0.633270	-0.606684	6397	
0.489310	-0.182764	6417	
-0.329269	0.614684	7165	
-0.512008	0.678559	5929	
-0.113824	0.600211	9190	
-0.657511	-0.554929	6305	
-0.210283	0.581540	8159	
0.436478	0.560405	832	
-0.504899	0.564561	1111	
-0.043711	0.560291	6093	
-0.529988	0.213923	4990	
-0.609949	-0.667549	5995	
-0.817180	0.106405	1231	
0.011824	-0.535911	7129	
-0.054404	0.936244	9411	
-0.478116	0.753282	7521	
-0.186379	0.589777	9382	
0.285304	0.434611	8148	
-0.470092	0.469659	7319	
-0.807927	-0.211194	4198	
-0.446200	0.429080	1150	
-0.382077	0.765853	6299	
-0.752538	-0.232559	9306	
-0.736420	-0.306832	6452	
-0.374872	0.386469	1266	
0.095207	0.681073	6108	
-0.009480	0.737366	4052	
0.096960	0.602349	1678	
0.123628	0.687056	6605	
0.459789	0.521550	5789	
0.324527	0.691951	3545	
0.424208	0.604803	504	
-0.838300	0.004003	5469	
0.100061	0.820510	6200	
-0.227195	0.763408	2504	
-0.772689	-0.364661	9177	
-0.027765	0.681757	5934	
0.452513	0.233658	509	
0.549041	-0.014250	5424	
-0.247475	0.532230	7384	
0.507189	-0.131884	533	
-0.387354	0.532585	6614	
-0.087001	0.679002	5062	
-0.632003	-0.274528	4582	
-0.729359	0.307905	911	
0.001489	0.567308	4287	
-0.596684	0.722320	9429	
-0.782424	-0.209143	8788	
0.340870	0.635412	2044	
-0.595439	0.406330	355	
0.221732	0.866748	4942	
0.224767	0.544508	4970	
-0.637090	0.303792	1542	
-0.719539	-0.375003	1203	
-0.586638	0.509642	1816	
0.114144	0.832567	7247	
-0.557312	-0.535013	6926	
-0.700527	0.527736	3794	
0.443795	0.237288	509	
-0.227671	0.641341	6043	
-0.467181	0.305498	6122	
-0.961121	0.093712	1042	
-0.406675	-0.897719	3079	
-0.789351	-0.554127	727	
0.060597	0.822570	7093	
0.603670	0.134971	522	
0.474633	0.328982	3481	
0.168698	0.817784	1204	
-0.181278	0.779676	5752	
-0.589961	0.274122	4568	
-0.916999	-0.201433	918	
0.000732	0.846162	6943	
-0.662691	0.549912	5962	
-0.050816	0.914636	2824	
-0.720338	0.174371	1332	
-0.674847	0.642316	4393	
-0.611442	-0.774006	7445	
0.531782	0.358770	3603	
-0.130373	0.878136	6890	
-0.851354	0.401610	8417	
-0.424370	0.687432	752	
-0.790923	-0.484200	6297	
0.160057	0.604218	2108	
-0.598534	-0.535503	2753	
0.139151	0.559792	1717	
-0.903569	0.368953	6480	
-0.599670	0.405618	355	
-0.666920	0.174428	6343	
-0.052967	0.574375	6760	
-0.658973	-0.084111	2897	
-0.117541	0.796611	7600	
0.382405	-0.316740	5021	
0.430912	0.416736	5740	
0.586860	0.003040	7772	
0.158423	-0.528138	2679	
-0.479276	0.372289	3899	
-0.824956	-0.436209	5473	
0.470556	0.602789	421	
-0.419855	0.350363	1963	
0.324839	0.634164	3751	
-0.383147	0.843220	2219	
-0.637092	0.431721	3654	
-0.598730	0.454297	2961	
-0.596173	-0.730479	1148	
0.156353	0.731433	9369	
-0.712697	0.100446	8054	
-0.765074	-0.572126	8233	
0.407850	-0.342420	3008	
-0.321584	0.461549	4244	
-0.044790	0.966819	3860	
-0.023809	0.990850	5121	
-0.702155	0.315858	7717	
-0.767757	-0.513112	5501	
-0.702634	0.216856	6237	
-0.784879	0.498740	5637	
0.540890	0.025642	4584	
-0.640326	-0.660585	6838	
-0.279473	0.560379	3196	
-0.240491	0.874707	2830	
-0.522331	0.578568	5441	
-0.339530	0.662197	7766	
-0.663974	-0.421117	1585	
0.261546	0.658606	2267	
0.293230	-0.433805	4399	
-0.397804	0.631101	4702	
-0.901053	-0.156749	7663	
-0.691376	-0.366473	5173	
0.255937	0.665995	2617	
0.538407	0.036283	5043	
-0.267255	0.865182	841	
-0.457547	-0.768714	5452	
-0.840137	-0.254983	4162	
-0.895521	0.315047	297	
-0.138857	0.876687	8117	
-0.569422	0.423767	6826	
-0.693958	-0.268999	3359	
0.187113	0.518310	9249	
-0.087364	0.713148	1221	
-0.260698	0.587697	1780	
-0.926162	-0.326758	4925	
-0.230450	0.891041	7520	
-0.515413	0.506755	2215	
0.198831	0.496354	7826	
-0.377492	0.683699	883	
-0.616534	0.254871	2584	
-0.414170	-0.762178	8913	
0.495555	0.494882	7168	
-0.685078	-0.160537	2395	
-0.230015	0.970088	6230	
-0.717892	0.113948	2855	
-0.137316	-0.415459	9391	
0.423760	0.662735	6983	
-0.503044	-0.790141	463	
-0.741381	-0.389030	1144	
-0.017845	0.759588	5477	
-0.674143	-0.298564	4623	
0.041306	0.923399	2353	
0.411735	0.511513	3980	
-0.619371	0.401820	1788	
-0.553132	0.318164	4512	
-0.661289	0.055017	4521	
-0.447722	-0.677271	5288	
0.317163	0.666906	2015	
-0.188991	0.746298	1475	
0.523556	0.169549	2546	
-0.981086	-0.018564	1483	
0.288916	0.422079	5909	
-0.705166	0.126863	5936	
-0.368719	-0.839384	9278	
-0.834867	-0.051130	7294	
-0.819237	0.520819	2860	
-0.367318	0.468167	442	
-0.587510	0.784187	5597	
-0.857438	-0.449174	885	
-0.555860	-0.782307	7617	
-0.642953	-0.012244	2881	
0.277519	0.444976	8824	
-0.789180	-0.236796	1659	
-0.565312	0.176918	5188	
-0.629922	0.171852	6659	
-0.935967	0.087930	5096	
-0.732317	0.344779	730	
-0.813261	-0.507468	4784	
0.560808	0.179857	5790	
-0.524399	0.319736	2104	
-0.379832	0.766700	6299	
-0.278073	0.639679	8448	
-0.057033	0.593767	7818	
-0.178938	0.537599	6971	
-0.930065	-0.285765	6995	
0.504081	-0.121492	5054	
0.004034	0.857825	6943	
-0.800374	-0.555084	6781	
-0.885677	0.322519	382	
-0.764122	0.397701	3303	
0.353169	0.577280	6999	
0.180687	0.553802	1990	
-0.361796	-0.766719	5993	
-0.437663	0.558293	8020	
-0.709132	-0.361392	5515	
0.388426	0.612669	5519	
-0.655723	-0.265092	5586	
-0.818795	-0.085890	7006	
0.181837	0.500243	5817	
-0.233758	0.786662	4483	
-0.353422	0.619316	6772	
0.034877	0.747818	6398	
0.513808	-0.191339	5746	
0.176760	-0.526383	8427	
-0.680057	-0.470389	1785	
-0.170793	0.671901	6843	
0.004661	0.695725	6935	
0.388775	0.632889	5519	
0.504796	0.534310	587	
0.220689	0.657414	1312	
0.355754	0.377158	1864	
-0.436657	-0.739756	5014	
-0.618533	0.522675	4400	
-0.659787	-0.041271	4152	
0.453274	0.223176	4191	
0.355715	0.573573	6999	
-0.068436	-0.463804	1442	
0.313745	0.490336	8468	
-0.617812	-0.400559	6096	
-0.902651	0.225408	268	
-0.854180	-0.326818	6267	
-0.728617	-0.210943	8525	
-0.909914	0.015176	4456	
-0.363860	-0.864351	496	
-0.887399	0.266908	5030	
0.574080	0.215291	294	
0.258780	0.612268	640	
-0.572274	-0.505159	2061	
-0.562600	-0.747416	433	
-0.735820	0.401734	2141	
0.338992	0.697038	4637	
-0.299877	0.510170	7441	
-0.623552	0.018634	2816	
-0.642153	-0.610396	6397	
-0.741852	0.622607	305	
-0.353320	0.919244	8416	
0.301295	0.538070	5975	
-0.317956	-0.910032	7624	
-0.404121	0.697335	8402	
0.580622	0.132500	2537	
-0.066071	0.778420	646	
-0.766725	0.036822	627	
-0.700358	-0.105838	1833	
-0.634799	-0.039658	2769	
-0.472109	0.478982	7319	
-0.884163	0.304336	297	
-0.689998	-0.196455	7531	
-0.817727	-0.568772	8158	
0.060826	0.894785	7119	
-0.579194	0.711503	9402	
-0.740394	-0.052805	1383	
-0.704488	-0.161020	2771	
-0.090495	0.653172	7381	
-0.206554	0.731854	805	
-0.436321	0.560514	8020	
-0.720097	-0.426919	8438	
0.325409	0.534553	5479	
-0.501873	-0.753357	5907	
-0.719143	0.486634	4873	
-0.316104	0.852899	1976	
-0.666785	0.182621	5072	
0.418114	0.487203	2734	
0.133325	0.898705	632	
-0.498886	0.549290	1111	
-0.901888	-0.273355	9130	
-0.029751	0.884437	280	
-0.777456	-0.447567	5431	
-0.491212	0.736193	8348	
-0.435020	0.837087	743	
-0.924058	-0.279732	8809	
-0.519331	0.501144	2215	
-0.723236	0.041631	427	
-0.839365	0.436097	288	
-0.686405	-0.651685	7284	
-0.873941	-0.338487	1664	
-0.479209	0.298506	7068	
0.180140	0.708324	8708	
-0.736545	-0.536238	6193	
0.501379	0.571700	7261	
-0.860487	0.305656	4912	
-0.196180	0.669328	1162	
0.131202	0.577834	1871	
-0.086327	0.919101	4858	
-0.230334	-0.924092	7228	
-0.475974	-0.772947	1283	
0.104650	0.860358	9456	
0.252162	0.534962	3861	
0.221043	0.667371	8017	
-0.320181	0.456168	4244	
0.567850	0.368316	3066	
-0.702381	-0.615536	8689	
0.078959	0.727644	8213	
0.234532	0.464378	1984	
-0.847134	-0.120529	4805	
-0.873340	0.415959	5364	
-0.782569	0.102022	3803	
-0.843871	-0.372030	5170	
-0.430483	-0.785066	8818	
-0.415179	0.755685	7098	
0.271870	0.528758	6021	
-0.542240	-0.747570	5948	
-0.762914	0.139238	2791	
-0.899662	0.133624	8326	
0.469874	-0.208742	5373	
-0.268894	0.855827	841	
-0.470529	0.520277	7700	
0.089307	-0.547886	6931	
0.053183	0.615570	4290	
-0.637077	-0.566685	5812	
-0.949310	0.158476	8947	
-0.867937	-0.289143	2397	
-0.715365	0.198290	2572	
-0.686842	0.098308	8538	
0.171468	-0.525404	7058	
-0.649409	-0.338016	6650	
-0.882253	-0.096788	8086	
-0.627019	0.603834	7680	
-0.175718	0.889967	6107	
-0.186840	-0.350885	8535	
0.583477	0.315663	1981	
-0.934658	0.090679	5096	
-0.068907	0.581120	6885	
-0.415846	-0.893116	7418	
-0.975990	-0.081422	3348	
0.461364	-0.254050	4229	
-0.047654	0.632338	8101	
-0.933468	-0.193292	7278	
-0.768498	-0.114690	4273	
-0.250442	-0.896093	9354	
0.083326	0.830019	6200	
-0.662405	-0.164180	8103	
-0.720466	0.134982	2034	
0.499471	0.508681	7168	
-0.588767	0.248960	1696	
-0.945208	-0.209469	7278	
-0.354257	0.627990	6676	
-0.853670	-0.296509	594	
0.005820	0.869246	8978	
-0.387523	0.415257	2048	
-0.521318	-0.589898	3271	
-0.302595	0.618083	7223	
0.386101	0.356141	3757	
-0.443445	0.740912	5260	
0.498585	0.263254	8749	
-0.513001	0.312427	2104	
0.301503	0.600454	671	
-0.275085	-0.914454	8483	
0.195182	0.882098	3976	
-0.855698	0.205280	8246	
-0.728024	-0.517491	4892	
-0.366173	0.419910	1190	
0.546572	0.111435	8128	
-0.172485	-0.366562	7732	
-0.532745	0.805873	8647	
-0.700529	-0.541330	5286	
-0.499148	0.458101	1958	
-0.081728	0.914545	4858	
-0.743634	0.216271	5111	
0.146038	0.770167	7526	
-0.068139	0.698506	5827	
-0.599554	0.177763	5070	
-0.831284	0.062453	7729	
0.487235	-0.164571	6681	
-0.579286	0.350229	7740	
-0.895616	0.343640	818	
-0.899948	0.341547	818	
-0.786952	0.092724	1126	
-0.636161	-0.511985	4848	
-0.769456	-0.575110	8233	
0.287028	0.658840	2659	
-0.192571	0.674718	773	
-0.789691	-0.368192	8909	
-0.485590	0.363280	8436	
-0.702635	-0.272064	3359	
-0.425256	0.544387	4861	
-0.754013	0.506318	5158	
0.030098	0.607727	6420	
-0.588500	0.071868	3074	
-0.838793	-0.179202	4812	
-0.952446	0.054379	7475	
-0.814412	0.153288	6439	
-0.817897	-0.459091	1305	
-0.618294	-0.287195	3225	
-0.754808	0.327104	2720	
0.232483	0.744295	2172	
-0.441924	0.401607	8125	
0.426035	0.666838	6983	
-0.882348	-0.005147	4935	
-0.472133	0.433491	5082	
-0.856881	0.197782	9265	
-0.525120	0.449983	3243	
-0.806800	-0.240455	7379	
-0.688229	-0.434198	857	
-0.879025	-0.224756	5382	
-0.383889	0.880434	1693	
0.365628	0.550868	6003	
-0.591480	0.280920	4568	
0.354922	0.745669	6377	
-0.864165	0.085193	1087	
-0.980894	0.045812	7887	
0.107136	0.458114	5970	
-0.682858	0.086345	8538	
-0.339320	-0.911726	4542	
-0.706795	-0.672135	3219	
-0.771866	0.468239	3419	
-0.799000	0.420164	5495	
-0.124369	0.569547	9078	
0.586065	0.256692	2112	
-0.604769	0.720123	4950	
-0.413214	0.461108	6409	
-0.570562	0.662247	8706	
-0.541792	0.192817	5649	
-0.019294	0.737806	5773	
0.606580	0.150780	522	
-0.815572	0.212326	5627	
0.340263	0.637107	2044	
0.373279	-0.320004	3368	
-0.765956	-0.534349	581	
-0.297730	0.575376	8653	
-0.944579	0.182426	8409	
-0.929556	0.231596	380	
-0.838973	0.319866	5271	
0.386200	0.521247	3266	
-0.915054	0.139777	8326	
-0.664699	-0.176104	8103	
0.547420	0.425151	4896	
-0.561040	0.143713	1719	
-0.870139	-0.023565	5552	
-0.039820	0.697762	6367	
-0.603276	-0.461032	5828	
-0.894908	-0.129590	5245	
-0.722678	-0.601002	8919	
-0.638415	-0.395206	7734	
-0.170623	0.541315	7534	
-0.127868	0.845716	4992	
-0.832278	-0.192772	4150	
0.074301	0.588023	9237	
0.451151	-0.186914	5331	
-0.092083	-0.461715	4471	
-0.808116	0.511073	2860	
-0.270695	0.930459	1238	
-0.808329	0.111937	1231	
-0.209396	-0.314784	2110	
-0.176326	-0.358153	7666	
0.515884	-0.089547	5718	
-0.228205	0.773343	1439	
-0.923577	0.304248	1218	
-0.687448	-0.147815	2395	
-0.657094	-0.268678	5586	
0.359327	0.536383	1746	
-0.755109	-0.412726	8742	
-0.630671	-0.069086	2671	
-0.918456	-0.206353	918	
-0.611156	0.078548	4717	
0.509930	0.459463	4822	
0.042424	0.904388	4386	
0.381983	0.382681	4747	
0.228996	0.770684	5856	
0.230936	0.483445	2528	
-0.672149	0.325017	3565	
-0.921563	-0.026537	6437	
0.513308	0.031670	2782	
-0.397681	0.844796	1420	
-0.668250	0.657597	776	
-0.969523	-0.200651	9093	
-0.013424	0.619097	8839	
-0.571920	0.791667	5282	
-0.528483	0.294467	6602	
-0.193436	0.726247	728	
-0.329929	0.877577	7187	
-0.707987	-0.414084	1249	
0.331924	0.734575	5846	
-0.633390	-0.297378	4550	
-0.676448	0.029078	7398	
-0.152911	0.681282	6322	
0.337633	0.512214	1850	
-0.367010	0.452702	5157	
-0.594606	-0.670571	5438	
0.036188	0.653231	1425	
-0.521263	0.417473	3557	
-0.918548	-0.079230	8930	
-0.258909	0.569967	9355	
0.475628	0.230042	7083	
-0.639674	0.457150	3852	
-0.643536	-0.382817	7556	
0.316411	0.528983	5479	
-0.736127	-0.009181	2894	
-0.102082	-0.969988	3955	
-0.389018	0.389908	1961	
-0.297471	0.681148	7839	
-0.767993	-0.437993	4782	
-0.804657	0.132810	5427	
-0.657024	-0.452296	7360	
0.161828	0.653243	7290	
-0.659713	-0.309516	5450	
-0.149678	-0.923773	8755	
-0.707790	0.606017	7656	
-0.376072	-0.818410	6169	
-0.555702	0.637743	6464	
-0.373984	0.522123	2222	
-0.694338	0.453940	1463	
-0.249751	0.566130	7304	
0.452202	0.486170	4111	
-0.120134	0.728707	3847	
-0.808497	-0.320657	5348	
-0.013730	0.782528	3492	
0.461728	0.553951	348	
-0.850269	-0.214541	4793	
-0.236989	0.581529	466	
0.513541	0.222809	7518	
-0.778730	-0.197472	2340	
-0.238525	0.848293	8770	
-0.199394	0.777778	1208	
0.439270	-0.312358	2788	
-0.781401	0.181751	3926	
-0.537481	-0.629304	6540	
-0.540696	0.320755	3746	
-0.863475	-0.270004	5873	
0.463040	0.574035	1440	
-0.078268	0.729986	1583	
0.192509	0.753341	4789	
-0.673229	0.115991	705	
0.249417	-0.470212	8194	
0.524671	0.310819	3659	
-0.820492	0.045768	7723	
-0.282348	0.581196	1507	
0.496566	0.458433	4822	
-0.597926	0.089214	2796	
-0.292022	0.855803	3339	
-0.648758	0.658449	2128	
0.283998	0.800249	6922	
-0.375991	0.529146	6614	
-0.115131	0.750706	4359	
-0.810314	-0.226328	7379	
0.291768	0.575257	579	
-0.819123	-0.440262	5482	
0.051975	0.943762	3760	
-0.543015	-0.729103	7778	
-0.755300	-0.453524	3095	
-0.375006	-0.755367	8341	
-0.598590	0.133505	2747	
-0.449558	0.461268	7603	
-0.553511	0.783421	8647	
-0.725468	0.566461	7649	
-0.616072	0.068979	4717	
0.545178	0.072797	9247	
0.587876	0.176737	4757	
-0.545924	0.203159	6582	
-0.635731	0.237356	2065	
-0.611004	0.736342	8328	
-0.234308	0.803715	4483	
-0.783817	-0.153469	4961	
-0.796640	0.177167	6038	
-0.906731	-0.009888	6437	
-0.647360	-0.595792	6397	
-0.955937	-0.162352	3351	
-0.710401	-0.185325	3362	
-0.720461	-0.617290	8821	
-0.093676	0.985841	6486	
-0.572132	0.183952	5670	
0.248617	0.547455	3923	
-0.708503	0.074443	455	
-0.593402	0.075309	3074	
-0.906226	0.033568	4456	
-0.587998	0.433679	630	
0.243977	0.484176	3175	
-0.739188	0.338640	5356	
-0.693421	-0.169218	2902	
-0.763490	-0.573444	8233	
-0.667422	-0.163520	8103	
-0.944477	-0.005114	6455	
-0.610478	-0.561723	3534	
-0.743076	0.082048	2604	
0.375954	0.441275	7422	
-0.612737	0.180710	5070	
-0.716154	-0.039373	6900	
0.413807	0.300627	3382	
0.017766	0.601773	9254	
-0.232076	0.799517	4483	
-0.668522	0.019797	4547	
-0.077645	0.609105	7621	
-0.066584	0.717465	1583	
-0.177899	0.605777	546	
-0.589357	0.723643	9402	
-0.073132	0.572755	7559	
0.042505	0.789516	6366	
-0.920345	0.298271	1218	
-0.611957	0.556685	5859	
0.530963	0.257333	8044	
-0.374293	-0.855893	9278	
-0.526337	0.542940	5985	
-0.160615	0.694239	6542	
-0.859403	-0.488294	3283	
-0.145477	0.790990	7302	
-0.344755	-0.876305	872	
-0.830223	0.013685	6031	
-0.722258	0.566724	7649	
-0.859999	0.252808	1590	
0.239175	0.777889	5856	
0.218957	0.476297	2528	
-0.654502	0.397308	4484	
-0.652897	0.311481	3565	
-0.149599	0.938190	1067	
-0.429417	0.713710	8402	
0.162267	0.394604	6756	
-0.626217	-0.522299	4848	
-0.794442	0.005035	1671	
-0.439020	-0.857143	2212	
-0.552983	-0.572527	2662	
0.432820	0.587383	855	
0.094682	0.677690	6108	
-0.283064	0.484868	3674	
-0.398856	-0.871771	985	
-0.927764	-0.163062	1995	
-0.894773	-0.145549	7079	
-0.788926	0.329712	3464	
-0.330658	0.643597	5784	
-0.227329	0.580625	401	
-0.719409	0.575495	7649	
-0.581476	-0.709868	1225	
-0.508239	0.751270	8348	
-0.035918	0.660722	3121	
-0.739210	-0.244662	1538	
0.300866	0.628425	2127	
-0.787091	0.135011	4502	
-0.407015	0.574292	1602	
-0.703476	-0.033893	7276	
0.240436	0.852408	4978	
-0.333595	0.835850	400	
-0.865078	0.374755	4178	
0.357843	-0.337214	7062	
-0.411598	-0.791641	8287	
-0.102544	0.941955	8891	
-0.581021	0.753875	544	
0.036843	0.640878	4002	
-0.591646	0.787668	5597	
-0.622929	0.347848	2406	
-0.248752	0.550429	1013	
-0.395809	0.407001	2048	
0.525978	0.066377	5656	
-0.204138	0.756667	1208	
-0.523963	0.308195	2104	
-0.146184	0.577159	6492	
0.505617	0.548777	4257	
0.004520	0.718730	4052	
-0.937171	0.162196	8947	
-0.021277	0.875394	300	
0.109235	0.803656	5013	
-0.274507	-0.892682	9113	
-0.627782	-0.066377	2158	
-0.194985	0.874802	5702	
-0.122621	0.900803	6890	
-0.266318	0.692996	5409	
0.427224	0.401839	6017	
-0.056869	0.971195	3860	
-0.482434	0.508011	7799	
0.128255	-0.538423	7581	
-0.686936	0.584869	6179	
0.495250	-0.045837	2670	
-0.769556	-0.537383	581	
-0.822814	0.090011	1457	
-0.754028	-0.049067	4809	
-0.080594	0.706558	1583	
-0.332251	0.872228	9184	
0.076221	0.590812	7968	
-0.835888	0.162544	6112	
-0.299163	0.565596	8653	
-0.528582	0.702710	4906	
-0.487236	0.417827	7816	
-0.082724	0.844979	8554	
0.087644	0.552924	5615	
-0.492548	0.466299	2312	
-0.447060	-0.676512	5288	
0.604835	0.321526	4341	
-0.012123	0.918476	2474	
-0.290004	0.656462	8322	
-0.607590	-0.358741	5516	
0.246603	0.708678	4131	
-0.065332	0.767467	646	
-0.612606	-0.563216	3534	
-0.603975	-0.757698	7445	
0.276526	0.475637	6037	
-0.299557	0.469853	4146	
-0.235675	0.529971	7625	
-0.104939	0.905853	4489	
-0.645034	0.128592	7710	
0.551328	-0.006935	5980	
-0.632377	-0.399829	7734	
-0.843352	-0.081387	7703	
-0.765790	0.576424	9197	
-0.618086	0.665351	2128	
-0.441156	0.474269	6033	
-0.779487	-0.358350	9177	
-0.573503	0.260020	1696	
0.120218	0.691719	6548	
-0.629421	-0.656714	5674	
-0.960326	0.238077	3292	
-0.518047	0.324723	373	
-0.453968	0.796155	5233	
-0.332410	-0.897945	7624	
-0.683984	0.580207	6179	
-0.035754	0.630695	895	
-0.479463	-0.669532	5360	
-0.269183	0.556986	8154	
-0.769516	-0.256971	4658	
-0.387399	0.569283	7898	
-0.928593	0.225979	380	
0.236558	0.789980	5505	
-0.604127	0.161826	5665	
0.591492	0.158234	941	
-0.214881	0.630858	6043	
-0.692312	0.011536	8013	
-0.798415	-0.402013	9192	
-0.437337	0.679212	1810	
-0.217837	0.952512	6230	
-0.867924	-0.433218	885	
0.009015	0.723554	4052	
0.376269	-0.362050	1280	
0.154730	0.774753	7526	
-0.044090	0.647304	8242	
-0.383460	-0.748792	8341	
-0.332487	0.495666	9384	
-0.258102	-0.950729	4293	
-0.779635	0.505871	1105	
-0.909240	-0.256701	2419	
-0.557509	-0.651217	1823	
-0.382500	-0.836434	8321	
-0.453087	0.326600	2802	
-0.331293	-0.877552	872	
0.443364	0.491798	4807	
-0.875828	0.214578	8843	
-0.678404	-0.282503	5089	
-0.656507	-0.339308	6650	
0.087260	0.553934	5615	
0.197459	0.858105	3976	
-0.379257	0.658358	9048	
-0.712479	-0.267292	4587	
-0.116421	0.758507	4081	
-0.660854	0.225871	5236	
-0.667181	-0.110392	6013	
-0.567047	0.385268	9230	
-0.475948	-0.753880	5452	
-0.428609	-0.798870	8986	
-0.390150	0.720211	5983	
-0.412017	0.458052	6409	
-0.367944	0.872470	1693	
-0.255050	0.747743	1573	
0.505137	0.044684	3023	
-0.848015	0.449673	500	
-0.453755	0.721187	5078	
-0.459038	-0.659517	5862	
-0.475476	0.458626	3167	
0.406547	0.562220	7808	
-0.837942	-0.201527	4150	
-0.850442	-0.475067	8475	
0.528297	0.509800	1174	
-0.081521	-0.978365	3940	
-0.691022	-0.265335	3359	
-0.906984	0.019344	4456	
-0.755918	-0.314466	6646	
-0.294237	0.689865	1972	
-0.823862	-0.386193	8206	
-0.047634	0.651821	7216	
-0.861096	0.213264	8246	
-0.213380	0.620916	1872	
-0.620900	0.568479	4963	
-0.578498	0.392475	371	
-0.530798	0.781292	8647	
-0.413188	0.725397	4160	
0.323867	0.476870	8976	
0.567417	0.139781	3164	
-0.418948	0.818930	1073	
0.220205	0.517715	489	
-0.882765	-0.127801	5245	
-0.606886	0.581313	6227	
-0.664159	-0.152804	1219	
-0.699217	-0.210872	7320	
-0.618192	-0.475763	4779	
0.526954	0.358750	3004	
-0.483682	0.615946	2338	
0.399204	0.419619	4819	
0.199893	0.828509	4080	
-0.467727	0.396227	1317	
-0.607275	0.330013	9004	
0.338650	-0.389217	469	
-0.765718	0.473676	3419	
-0.268177	0.689574	2069	
0.030722	0.973714	2879	
-0.552456	0.550325	3146	
-0.592253	0.350995	7879	
-0.483327	-0.656414	5360	
-0.147826	0.697129	6214	
-0.795751	0.150095	4502	
0.467481	0.390644	1759	
-0.128261	0.908725	591	
0.095703	0.878886	9325	
-0.555149	-0.542104	3092	
-0.797631	-0.326530	4482	
0.160014	0.533889	7921	
-0.866590	0.037687	4022	
-0.658944	-0.337277	6650	
-0.743963	0.358339	7971	
-0.480876	-0.687145	6873	
-0.705931	0.614370	7656	
-0.137494	0.919779	591	
-0.278229	0.719585	1469	
-0.622364	-0.684645	5995	
0.327571	0.438153	3179	
0.066709	0.857066	647	
0.035736	0.728467	6259	
0.605121	0.305334	2864	
0.107820	0.553387	5760	
-0.154561	0.648121	3716	
-0.560738	0.252585	7561	
-0.722246	0.363933	540	
-0.065285	0.851400	8690	
-0.905749	-0.225959	897	
-0.620761	-0.404188	6096	
-0.511683	0.489692	3643	
0.613047	0.161273	941	
-0.930868	0.007660	7225	
-0.217030	0.949063	6230	
-0.332082	0.518761	9457	
0.503464	0.569571	7261	
-0.622336	0.638382	1092	
-0.835900	-0.118201	4540	
0.084883	0.806403	5865	
-0.665603	0.398895	7715	
0.519032	0.012841	3736	
0.513042	-0.149711	3503	
-0.939547	0.138090	1658	
-0.273174	0.653259	8040	
-0.459496	0.747802	7521	
0.257895	0.812014	5886	
-0.307988	0.829884	561	
0.476911	0.377899	1269	
-0.809886	0.007423	3667	
-0.345277	-0.815363	6699	
-0.672680	0.667073	776	
0.356309	0.530827	1746	
-0.856755	-0.013659	5108	
-0.481772	-0.623543	503	
-0.925462	-0.062327	8404	
-0.776112	-0.454260	5431	
-0.636964	0.704372	866	
-0.797820	-0.225991	1659	
-0.668427	0.103610	695	
-0.194451	0.756512	1475	
-0.065509	0.580634	6885	
-0.547975	-0.553066	2662	
-0.793818	0.343486	4121	
-0.710076	0.150957	2034	
-0.595940	-0.627333	4932	
-0.584572	0.080750	3074	
-0.585735	-0.605695	4252	
-0.905884	0.092728	5508	
-0.452348	0.315369	4240	
0.505730	0.486604	7168	
-0.864032	-0.385010	1477	
0.495670	-0.073242	4082	
-0.406964	0.373261	3931	
0.522457	0.238154	8642	
-0.793095	0.274734	1243	
-0.953880	-0.008789	6160	
-0.628068	-0.642668	5674	
-0.501122	0.240636	6073	
0.533864	0.086314	9202	
-0.660006	-0.730102	753	
-0.400709	0.885764	2449	
0.567454	0.313990	1748	
-0.904773	-0.212900	918	
0.323064	0.793046	6797	
-0.545436	-0.571048	2662	
0.217804	-0.508751	8224	
-0.412840	0.529304	6450	
-0.108620	-0.452536	5816	
-0.238258	-0.867030	6046	
0.146893	0.608291	982	
-0.473550	0.791566	8293	
-0.741776	0.559405	8969	
-0.673416	-0.043536	4787	
0.209349	0.828062	4080	
-0.157352	0.638271	3716	
0.505147	0.354329	4420	
-0.747517	0.028755	1698	
-0.789554	-0.330571	6119	
0.453392	0.300805	2332	
-0.237583	0.749066	2504	
0.284168	0.749019	4084	
-0.806150	-0.464798	1305	
0.523091	-0.082945	5038	
-0.405793	0.560010	8249	
-0.750644	0.463797	3419	
-0.768907	-0.465865	5486	
-0.452770	-0.755573	3896	
-0.836971	-0.127659	5523	
-0.817665	-0.468984	1305	
-0.665059	-0.589285	7313	
0.497297	0.126622	8307	
-0.121988	0.825472	3620	
-0.533444	-0.545145	2426	
-0.315404	0.589228	4830	
-0.617665	0.166615	5665	
0.474320	0.417618	2595	
0.572742	0.202749	294	
0.416899	-0.317020	1285	
0.071488	0.890126	7119	
0.573139	0.189411	5977	
-0.176603	0.958714	7630	
0.335929	0.557919	5998	
-0.261747	0.572341	8494	
-0.355636	-0.827588	5843	
0.563135	0.321987	1748	
0.598400	0.336976	4341	
0.535133	0.417292	4211	
-0.497021	-0.784060	463	
-0.888265	-0.402715	8897	
0.506480	-0.150105	290	
-0.849000	-0.075703	7703	
-0.820401	0.484919	1727	
-0.537500	0.555132	5985	
-0.841387	-0.049340	6815	
-0.703281	0.516909	3794	
-0.556148	-0.562655	2566	
-0.896645	-0.353580	795	
-0.277500	0.819523	1443	
-0.723950	-0.674199	3219	
0.482945	0.119203	8312	
-0.716582	-0.421463	8438	
0.349075	0.694449	4637	
0.095611	0.469337	4708	
0.100605	0.825542	6200	
-0.895806	-0.275059	9268	
-0.678964	0.631507	5389	
-0.713794	0.236249	5008	
-0.089181	0.812066	8801	
-0.902808	-0.092675	8280	
-0.536812	-0.596127	5317	
-0.709479	0.605903	7656	
-0.910498	-0.015166	6437	
-0.744232	0.328303	5356	
-0.499070	0.695526	7612	
-0.155762	0.785378	7302	
-0.825505	0.366238	6383	
-0.197797	0.794749	6388	
-0.758265	-0.137020	4157	
0.545275	0.421754	4896	
-0.850849	-0.254544	5873	
-0.262447	0.659943	942	
-0.770598	-0.369324	8699	
-0.250445	0.931537	716	
-0.739695	-0.174324	3414	
-0.755039	-0.005117	2894	
-0.001956	0.633086	2198	
-0.904947	-0.331004	8787	
-0.776588	-0.067343	5358	
-0.842499	-0.397001	1601	
-0.815560	-0.282012	458	
-0.719882	0.144437	2034	
-0.793308	0.191864	5126	
-0.795384	0.194102	5627	
0.394370	0.632422	5961	
-0.690715	-0.701952	1338	
-0.599992	-0.579682	4147	
-0.835607	-0.145936	5349	
-0.123781	0.709965	2477	
-0.653195	0.076764	5119	
-0.448793	0.633065	9176	
-0.423587	0.777274	7224	
-0.646961	-0.087819	3241	
-0.738937	0.156903	2302	
-0.917601	0.118950	9133	
-0.588848	-0.428498	6445	
-0.877110	-0.084791	8086	
-0.659673	-0.686906	5623	
0.116359	0.594919	358	
-0.416038	0.537150	7085	
-0.947223	-0.037650	7640	
-0.934602	0.258576	7044	
-0.139864	0.925746	655	
0.461198	0.526283	7473	
-0.608659	0.082862	4717	
0.087248	0.810884	5865	
-0.714271	0.427944	1839	
-0.863218	0.403054	8417	
-0.794730	0.126466	4502	
-0.693532	-0.407786	1249	
-0.781065	0.221657	5590	
0.498832	-0.145201	290	
-0.578484	0.582190	6994	
-0.653785	0.465932	4918	
-0.904787	0.018585	4456	
-0.171901	0.640684	3579	
-0.102162	0.948985	8891	
-0.594582	-0.681079	5438	
-0.865301	0.430767	5364	
-0.877031	0.030855	4022	
0.502394	0.063567	3023	
-0.334475	0.775286	4882	
-0.590784	0.658637	7940	
-0.592981	0.049401	3542	
-0.416291	-0.813223	8986	
-0.628828	0.075687	4717	
-0.848511	-0.148947	5349	
0.156440	0.897470	4171	
0.448984	0.352749	7089	
-0.598985	0.195750	3796	
-0.018117	0.720954	7374	
-0.830623	-0.435668	5473	
-0.138851	0.709344	6214	
-0.595872	0.389249	371	
0.111659	0.835662	7247	
0.111842	0.756885	3856	
-0.596617	-0.758140	7445	
0.133248	0.783094	7553	
0.451217	0.459009	8506	
-0.182356	0.655611	5875	
-0.487970	-0.651845	5360	
-0.843003	-0.470241	8211	
-0.426409	0.382324	8462	
-0.587086	0.513789	1816	
-0.860668	0.181449	9265	
0.559949	0.419260	4896	
-0.220411	0.846075	9201	
-0.816652	-0.362134	5006	
-0.201715	0.549906	2698	
-0.519507	0.324703	373	
0.528360	0.361286	3004	
-0.886573	0.237398	3834	
-0.285336	0.479277	5453	
-0.124147	0.657992	850	
0.441874	-0.240186	1607	
-0.762376	0.058299	890	
-0.023686	0.588953	7801	
-0.642477	-0.179520	4703	
0.277734	0.719645	1500	
-0.553902	0.604943	4728	
-0.598035	0.315113	359	
-0.447882	0.730735	5078	
-0.638997	0.731269	7507	
0.452848	0.402429	7982	
-0.570942	-0.729574	798	
0.093037	0.825107	6200	
-0.731994	0.187911	2572	
-0.533905	-0.764902	5948	
-0.829364	0.251370	2073	
-0.163813	0.653147	5908	
-0.940200	0.251858	7636	
-0.223120	0.950990	6230	
-0.398080	0.643140	6670	
-0.884663	-0.110263	8280	
-0.826397	0.417995	1655	
-0.936304	-0.152007	9380	
-0.779726	-0.154375	4961	
0.499787	-0.072011	4082	
0.178645	-0.519598	8427	
-0.681886	-0.527076	4221	
0.492142	0.189359	2608	
-0.705936	-0.122934	1833	
-0.968614	0.086867	1042	
-0.398907	0.663261	7332	
-0.688042	0.111462	5936	
-0.923395	0.230511	380	
-0.193602	-0.964538	7423	
-0.197098	0.943062	537	
0.156265	0.903162	4171	
-0.827996	0.079938	1457	
0.425722	0.289159	2309	
0.463082	0.567529	348	
-0.734134	0.579608	8779	
-0.476147	0.375845	3899	
-0.322688	0.583540	4830	
-0.076154	0.796089	646	
0.461697	-0.202720	3258	
-0.009949	0.850463	6150	
0.411630	0.429636	8184	
0.539955	0.370068	3087	
-0.645103	-0.516710	5276	
-0.799239	-0.464729	5999	
-0.856528	-0.457547	8475	
-0.264565	0.674786	942	
0.157234	0.708869	8119	
0.163651	0.573964	1271	
-0.206174	0.797470	5841	
-0.270758	0.715819	1469	
0.549136	0.010260	5537	
-0.139446	-0.938915	8519	
-0.861934	0.102298	5136	
-0.407801	0.730193	4160	
-0.839984	-0.018055	5469	
0.595422	0.231801	2498	
-0.259966	0.710412	5409	
0.246222	0.683214	1372	
0.122873	0.670541	5521	
0.105918	0.619310	3750	
0.304206	0.559887	6987	
0.318784	0.596529	671	
0.557109	0.468955	4714	
0.535696	0.219567	9453	
-0.028264	0.546179	2194	
0.410732	0.621713	5569	
-0.452399	-0.768565	3896	
0.575859	0.167708	4757	
-0.704346	0.173117	1228	
-0.862022	-0.210870	5382	
-0.727393	-0.643253	4853	
-0.744752	0.240250	5602	
0.152019	0.530607	7190	
-0.026309	0.913568	4159	
0.516476	0.402386	1967	
0.358362	0.459560	4981	
-0.599392	0.070646	3452	
-0.727467	-0.306816	6452	
-0.135412	0.836119	4074	
-0.894324	0.322655	382	
0.529228	0.223439	9453	
-0.567105	0.472448	1288	
-0.228022	-0.895391	7227	
-0.865250	-0.264016	5873	
0.202104	0.727167	2139	
-0.296504	-0.876755	8383	
-0.929423	-0.125443	9259	
-0.355397	0.776373	7834	
-0.921750	0.120771	9133	
-0.613357	-0.298550	3225	
0.522654	0.358295	3004	
-0.065896	0.833579	8439	
-0.629432	0.570106	4963	
-0.715259	-0.360945	5515	
-0.585183	0.152192	5212	
-0.283586	-0.881954	8884	
-0.074971	0.715505	1583	
-0.943193	-0.140621	9270	
0.475261	0.626592	502	
-0.737338	0.051023	1319	
0.070332	0.627661	1935	
-0.724182	-0.048821	1383	
0.299226	0.711235	1500	
-0.865184	-0.142901	5512	
0.599963	0.080685	2195	
-0.973874	0.006594	1200	
-0.768156	0.015018	1589	
-0.365599	0.895384	1693	
-0.456640	0.380170	835	
-0.081380	0.667149	8563	
0.266746	0.539351	5800	
0.039244	0.573457	338	
-0.441441	0.386134	8125	
-0.934848	-0.124047	9259	
-0.712183	-0.016867	6900	
-0.134030	0.604608	8859	
-0.371251	0.502293	8444	
-0.020538	0.886398	300	
0.157324	0.881527	8714	
-0.476593	0.348509	8777	
-0.212596	0.770184	1439	
-0.701415	-0.344714	5593	
0.238621	0.668000	7420	
0.510533	0.112223	3822	
-0.444729	0.750490	6258	
-0.443171	-0.860545	7316	
-0.296659	0.719279	1973	
-0.670480	0.473460	7004	
-0.735889	0.269566	2383	
0.383717	0.665535	3912	
-0.714493	0.110107	2855	
-0.479941	0.685132	6414	
-0.706720	-0.242331	8696	
-0.379956	0.769806	6299	
-0.632198	-0.214038	7008	
0.341226	0.581467	6784	
-0.935874	0.008448	7225	
0.460591	0.546130	348	
-0.665763	-0.250635	4468	
-0.260035	0.691961	5409	
0.402689	-0.300530	628	
-0.320741	0.589478	4830	
0.139238	0.888061	8830	
0.429635	0.300247	2311	
-0.784110	0.244590	6280	
-0.385869	-0.827545	5810	
-0.658998	0.303005	3527	
0.313618	0.711448	4552	
0.135039	0.703920	6707	
-0.316600	0.868030	7187	
0.509175	0.241414	1389	
0.011458	0.844125	6943	
-0.653808	-0.443948	7360	
-0.068766	0.940097	4769	
-0.198857	0.868573	5702	
0.569810	0.155772	3164	
0.409555	0.505583	2635	
0.495588	-0.072602	4082	
-0.258592	0.600929	7463	
-0.830420	0.056792	7729	
-0.715848	0.090711	8054	
-0.493070	0.655227	2724	
-0.641636	-0.061245	2671	
-0.558619	0.620465	6464	
-0.692571	0.155184	908	
-0.704447	0.021148	427	
-0.621583	0.173670	5606	
-0.075759	0.817369	8439	
-0.524665	0.484427	3643	
-0.436973	-0.696992	5184	
-0.466512	0.732443	7994	
-0.291901	0.464558	5295	
-0.834718	-0.292902	512	
0.066390	0.942425	3614	
-0.305044	-0.854732	1695	
-0.898224	0.180247	1845	
-0.310807	0.652607	8691	
-0.682525	-0.107216	6013	
-0.315111	-0.886887	8953	
0.041991	0.690975	5966	
-0.900253	0.189235	1845	
-0.549008	0.659950	6734	
-0.928607	-0.078900	8930	
-0.071079	0.883242	1982	
-0.665212	-0.155772	1257	
-0.776101	0.362339	3434	
-0.889781	-0.242937	5336	
-0.631316	0.246571	2065	
-0.597566	0.562627	6240	
0.539130	-0.080211	3263	
-0.775813	0.420064	4011	
0.105540	0.809979	5865	
-0.180585	-0.351493	7666	
-0.679307	0.307813	4423	
-0.360167	0.663963	8222	
-0.673624	-0.078819	5032	
-0.594545	0.288751	7515	
-0.708845	0.485870	1366	
0.437546	0.655087	6050	
-0.489423	0.811662	7814	
-0.652604	-0.621611	6675	
-0.649335	-0.110041	5432	
-0.473032	0.784313	8293	
-0.193030	0.877328	5702	
0.399212	0.438889	8184	
-0.678840	0.103027	695	
-0.132682	0.607880	613	
-0.762402	-0.117083	4273	
-0.706318	0.209244	6237	
-0.396288	0.735086	5179	
-0.744617	0.481620	3419	
-0.105333	0.830001	3620	
-0.850727	0.016405	6164	
0.190347	0.866326	3976	
-0.702067	0.020339	2380	
-0.671725	-0.043231	4787	
-0.508211	-0.706092	6520	
-0.549105	0.308930	4512	
-0.594493	-0.735380	4086	
-0.761304	-0.489489	4328	
-0.519162	-0.638442	961	
0.454056	0.447438	8176	
-0.298618	0.851059	1976	
0.543643	0.235757	3091	
-0.836609	0.112194	5101	
0.576939	0.139568	2537	
0.388810	0.356973	5369	
-0.454697	-0.851841	2886	
-0.725973	0.548133	4651	
-0.428078	-0.798203	8986	
-0.735288	0.436423	2569	
-0.693944	-0.240623	8164	
-0.156150	0.656294	5908	
-0.044895	0.929979	2824	
-0.551756	0.628818	6464	
-0.798898	0.336148	5086	
-0.367943	0.476645	442	
-0.527162	0.222820	4990	
-0.754926	0.059191	890	
-0.522702	0.483665	3643	
0.020579	0.697537	6012	
0.121023	0.573759	7108	
-0.552029	0.501974	5354	
-0.606643	0.227231	5895	
-0.719983	0.489783	4873	
0.606349	0.277271	3011	
-0.680635	-0.058142	4787	
-0.670728	-0.486457	1785	
0.466567	0.266345	2180	
-0.836311	-0.436428	8497	
-0.225457	0.653662	8429	
-0.300430	0.802906	8197	
-0.472786	0.572060	9284	
0.437384	0.658398	6050	
-0.673730	0.663043	776	
-0.302184	-0.850706	1695	
-0.202799	0.881693	6357	
-0.430418	-0.726394	5014	
0.363582	0.398988	3893	
0.545361	0.119831	1743	
-0.882869	-0.225922	5382	
-0.644783	-0.365892	7556	
-0.648733	-0.141233	1219	
-0.946985	-0.000244	6455	
-0.021792	0.713223	7725	
-0.931428	0.210884	4217	
-0.357018	0.824228	1079	
-0.674962	-0.502028	4169	
0.469345	0.217448	7083	
-0.200523	0.536351	1922	
-0.803606	0.078104	1126	
-0.321632	0.774436	3713	
-0.325875	0.935021	2516	
-0.039574	0.647279	7216	
-0.587668	-0.633689	3543	
-0.931797	-0.205297	7278	
0.076494	0.891708	7119	
-0.985292	-0.074102	3348	
0.515285	0.528190	587	
-0.322916	0.613273	7165	
-0.893308	0.337150	818	
0.315185	0.464613	1416	
-0.709925	-0.596859	8797	
0.311029	-0.439153	6891	
-0.599721	-0.704090	1225	
-0.607934	0.686850	7841	
-0.937605	-0.216131	7278	
0.225772	0.509471	2056	
-0.357175	0.793732	7834	
-0.692886	-0.646320	7284	
-0.436836	0.851171	6555	
-0.743504	0.363325	5125	
-0.877848	0.134274	6517	
-0.212281	-0.309999	2110	
-0.454690	0.760254	6130	
-0.277191	-0.936309	4293	
-0.609726	0.586193	6227	
-0.607763	0.305398	359	
-0.226398	-0.294294	2391	
0.437581	0.632903	6050	
-0.655609	0.073978	5119	
-0.395957	0.883253	1261	
-0.649096	0.440429	4663	
-0.161281	0.645196	5908	
0.292029	-0.427138	4399	
-0.436198	-0.720127	7107	
0.588287	0.207426	568	
0.046525	0.960002	4497	
0.600178	0.119393	2611	
-0.074322	0.904504	4858	
-0.709919	0.134746	2330	
0.033311	0.728607	6259	
-0.364710	0.847884	2163	
0.487595	0.271988	2180	
-0.790705	-0.187800	2340	
0.031826	0.745348	6398	
-0.688252	0.679342	6224	
-0.852449	-0.148019	5512	
-0.724129	0.247602	5602	
0.274384	0.514746	5795	
-0.818563	0.183939	6271	
-0.593231	-0.599686	4904	
-0.602268	0.786312	5500	
0.391798	-0.315982	5021	
0.100074	0.627387	1716	
-0.056489	0.844115	6103	
-0.677364	0.068760	8993	
0.091635	0.575136	7977	
-0.684151	0.295087	4423	
-0.612672	0.732514	8328	
-0.008248	0.842392	6150	
-0.772246	0.318705	3464	
-0.583341	0.722689	9402	
-0.593524	0.128580	2747	
-0.846926	-0.075792	7703	
-0.351113	0.689379	9338	
-0.295749	-0.885735	8383	
0.532328	0.019818	4584	
-0.491971	-0.676194	6625	
-0.372993	0.860304	2219	
0.458787	0.635240	3947	
-0.292635	0.481990	4146	
-0.541303	0.529395	2201	
-0.688412	0.637937	6155	
-0.619610	-0.378552	7734	
-0.046325	0.653721	7216	
-0.901845	-0.024965	5530	
0.267469	0.494603	5786	
0.412876	0.681681	6775	
-0.594318	0.165872	5212	
0.372606	-0.382707	1647	
-0.639867	0.313631	2096	
-0.886421	-0.206424	6359	
-0.294682	0.730902	2283	
-0.470878	0.517711	8126	
-0.711295	-0.400992	1392	
-0.784392	0.545496	7844	
0.489191	0.498387	7465	
-0.553427	0.390301	5712	
-0.586629	0.139132	2300	
-0.626378	-0.461873	5363	
-0.873080	-0.111027	4743	
-0.034713	0.625488	895	
-0.194316	0.540465	1922	
-0.873227	-0.322703	7868	
-0.529729	0.739703	8266	
0.481378	0.354015	4840	
-0.387177	0.383421	1774	
-0.682890	-0.409358	1585	
-0.264052	0.844709	841	
0.602334	0.246638	3826	
-0.309988	0.678577	7839	
0.016247	0.814595	6029	
-0.083343	0.696727	1580	
-0.738932	0.460406	6835	
0.194998	0.500770	8029	
-0.955311	-0.154370	5220	
0.454208	-0.229035	2809	
-0.638861	-0.357981	6726	
-0.709693	0.088693	9019	
-0.098052	0.971982	6486	
-0.846850	0.150509	4975	
-0.538172	0.791857	8647	
0.204923	0.652793	963	
0.499042	0.428020	2890	
-0.423040	0.614134	4515	
-0.489945	0.325564	7259	
-0.226257	0.521341	6842	
-0.826050	0.199533	7830	
-0.580517	0.375369	1636	
0.472912	0.619340	502	
0.191593	0.883601	4954	
-0.179283	0.732300	7203	
0.529289	-0.112030	2213	
-0.746148	0.015422	2076	
-0.676188	-0.121362	1808	
-0.012638	0.537278	7163	
-0.652223	0.351080	3552	
-0.559282	0.424666	6826	
-0.663639	0.591595	4544	
-0.176841	-0.929396	538	
-0.444523	0.626421	9032	
-0.825302	-0.198059	4198	
-0.360783	-0.828467	5843	
-0.364419	0.406977	1129	
-0.538528	0.488513	4580	
-0.906847	0.233988	268	
-0.835079	0.343472	5271	
-0.705312	-0.676396	3219	
-0.054995	0.957784	9377	
-0.719662	-0.458707	4138	
0.512367	0.119308	1828	
0.310582	0.634495	1916	
-0.688576	-0.281353	3115	
-0.167729	0.868849	6496	
0.505553	-0.071461	5718	
-0.868829	-0.308694	7868	
-0.241514	0.607395	8565	
-0.781662	0.493590	5637	
-0.570843	-0.481847	4715	
-0.729434	-0.223321	2036	
0.479386	0.253962	6698	
-0.919152	0.078304	5096	
-0.835273	-0.240502	4162	
-0.519756	0.730302	8266	
-0.809357	-0.505143	4784	
-0.647151	0.263676	3291	
-0.817687	-0.267022	458	
-0.376633	0.779224	6299	
-0.217347	-0.899708	7255	
-0.547180	0.267701	7166	
-0.190477	0.772818	1208	
0.154993	0.413308	7969	
-0.235731	0.736555	4216	
-0.630822	0.747771	2949	
-0.699829	-0.396392	1392	
-0.467608	0.841090	1299	
-0.901017	-0.118112	8280	
0.153103	0.574845	1271	
0.126402	0.577176	4192	
-0.400207	-0.876151	989	
0.423905	0.554706	8353	
0.158420	-0.528895	2679	
-0.927022	-0.253107	2419	
0.466202	0.448405	9072	
-0.246349	0.764818	2179	
-0.293081	0.906081	8153	
0.344819	-0.395893	469	
0.363309	0.526484	1746	
0.522946	0.392950	1790	
0.395620	0.355215	5369	
-0.212404	-0.947503	7412	
-0.705141	-0.186006	3362	
0.424242	0.666604	6983	
-0.663090	-0.442906	857	
-0.640220	0.612368	7812	
0.563009	0.134295	2537	
-0.800087	-0.039996	4870	
0.261475	0.568836	8504	
-0.126827	0.642803	2004	
0.474023	0.418699	8094	
0.367979	0.400981	6318	
0.533098	0.449487	6588	
-0.755762	0.362403	7971	
-0.890778	0.149745	6517	
-0.862715	0.108602	5136	
-0.842537	-0.264406	5873	
-0.468115	-0.739246	5943	
-0.974026	-0.136298	5220	
-0.169140	0.745901	6731	
0.160397	0.753337	8609	
-0.766514	0.461459	4027	
-0.969540	0.224141	3292	
-0.109715	0.673249	1737	
-0.570527	0.184674	5670	
-0.605962	0.149777	5209	
0.406934	0.339341	3672	
-0.742014	-0.045018	1031	
-0.374968	-0.909215	4591	
-0.812238	-0.287209	260	
0.115780	0.693862	6548	
0.038808	0.802940	7124	
0.015973	0.746679	5066	
-0.588655	0.679096	6863	
-0.865605	0.436137	5364	
-0.421185	0.418545	7540	
-0.405751	0.684338	703	
0.402029	-0.311733	3218	
-0.706595	-0.034241	7276	
-0.698043	0.409444	1008	
0.118348	0.678507	6605	
-0.481281	-0.643609	751	
-0.614368	-0.585998	5407	
-0.692813	-0.400227	1392	
-0.465438	0.699269	6099	
-0.527180	0.775142	8795	
-0.583372	0.549060	6240	
0.537859	0.396438	2007	
-0.431625	-0.771967	8818	
-0.798698	0.493577	5637	
0.550891	-0.050603	2668	
0.126834	0.882583	8830	
-0.489213	0.551827	8864	
-0.617333	0.106374	3781	
-0.533877	-0.580766	3942	
0.145773	0.590850	1871	
0.445856	-0.281673	2819	
-0.207517	0.653927	8212	
-0.579757	-0.590881	4697	
0.300909	-0.421710	1736	
0.300574	0.540847	5975	
0.006553	0.808850	6029	
-0.758942	-0.174650	4621	
-0.056346	0.843844	6103	
0.333808	0.525086	3888	
0.609829	0.113734	3204	
-0.939263	0.135071	1658	
-0.577393	0.403691	355	
0.077182	0.774374	2367	
-0.759481	0.047463	890	
-0.446988	0.372065	7222	
0.016702	0.762154	5174	
0.507411	0.566674	7261	
-0.930981	0.201445	4217	
-0.922208	0.009907	8837	
-0.626005	0.726719	701	
-0.725568	0.430959	2569	
-0.615931	0.164802	5665	
0.041967	-0.536235	1654	
0.578457	0.151745	3164	
-0.653545	0.182999	6343	
-0.451600	0.599148	9401	
-0.772683	-0.475318	5486	
-0.928483	0.146388	9437	
0.213053	0.674968	617	
-0.133763	0.710178	3968	
-0.470963	0.497010	8126	
0.499846	0.177160	2420	
0.474425	0.463159	4116	
-0.854145	-0.179329	4812	
0.017169	0.972239	2483	
0.582548	0.107804	2554	
-0.587778	0.406857	355	
-0.703197	0.483645	1366	
-0.505339	0.258958	7873	
-0.881217	0.286101	5412	
0.539718	0.006915	4584	
-0.493303	-0.694583	6873	
-0.467409	0.560526	6566	
-0.872229	0.481151	7738	
0.587156	0.272616	2540	
0.352473	0.516568	1850	
-0.945735	-0.083874	9214	
0.542380	0.114221	8128	
-0.478588	-0.678964	6625	
-0.416974	0.872154	4887	
-0.961256	0.042210	8392	
-0.487869	0.768207	8260	
0.052057	0.721268	7291	
-0.839263	-0.212187	4150	
0.454589	0.374942	7623	
-0.618823	0.546630	5859	
0.385555	0.334695	2738	
-0.745572	0.215584	5111	
-0.437750	-0.704850	5184	
-0.562553	-0.471592	4715	
-0.630444	-0.629737	5402	
-0.229036	-0.918367	7228	
-0.398973	0.612299	4576	
0.349465	0.656419	2044	
-0.530980	-0.606834	5964	
0.099872	0.928735	3631	
-0.593617	-0.749282	4086	
0.106776	0.796876	5013	
-0.203780	0.535608	1888	
0.019461	0.737743	6470	
-0.067682	0.740740	8498	
-0.729512	-0.533220	6193	
-0.675105	0.412305	7715	
-0.422531	0.818425	1073	
0.478492	0.276422	2180	
-0.722517	-0.158339	2851	
0.419224	0.545891	8529	
-0.734265	0.492954	3868	
-0.592990	0.182576	3796	
0.459253	-0.239006	2809	
0.546726	0.492860	1349	
-0.608456	0.506586	2743	
-0.039307	0.966461	8085	
-0.158589	0.789169	7302	
0.130349	0.604418	1167	
-0.541841	0.524374	2201	
-0.193716	-0.345283	7493	
0.552598	0.474448	4714	
-0.966897	0.037781	7073	
0.338655	0.443909	3179	
-0.865920	-0.258092	5873	
0.612609	0.094670	2631	
-0.549544	0.777101	3495	
-0.867720	0.436320	5364	
-0.325656	0.888185	4345	
0.295312	0.698263	1846	
-0.173791	-0.347182	6861	
0.268223	0.786277	4919	
0.138805	0.585700	1871	
-0.461619	0.738636	7994	
-0.732646	-0.330053	6629	
0.493432	0.019706	2909	
-0.613677	-0.507537	4848	
-0.200588	-0.901541	6165	
-0.102924	-0.443425	6669	
-0.637888	0.602141	7812	
-0.761702	-0.487735	4328	
0.603303	0.278124	3011	
0.473232	0.166493	2355	
-0.468301	0.504680	8126	
0.591530	0.340283	4844	
-0.787640	0.155640	3801	
-0.695537	-0.613018	8689	
0.494324	-0.016013	1987	
-0.129101	0.841341	4992	
-0.657351	0.307008	4423	
-0.605810	0.735079	8328	
-0.460299	-0.775663	1920	
-0.753915	0.417281	2569	
-0.639122	-0.595268	6397	
0.451544	-0.200110	854	
-0.728252	-0.380605	1203	
-0.493745	0.507281	7799	
-0.828490	-0.179343	4278	
-0.424635	0.430024	7540	
-0.661780	-0.086418	4141	
-0.226360	0.846861	8770	
0.309957	0.516549	6632	
0.301128	0.413601	748	
-0.650259	-0.073370	2897	
-0.602138	0.146644	5209	
-0.369395	0.480824	442	
-0.852105	-0.400051	1601	
0.111594	0.731107	8739	
0.137976	0.629094	3143	
-0.400176	0.528801	7085	
0.496320	0.404701	1460	
-0.048635	0.849346	6103	
-0.682906	0.158090	908	
-0.793704	-0.029024	4870	
-0.622196	-0.322329	4968	
0.480724	0.428632	7103	
0.427177	0.469122	8806	
-0.972404	-0.137110	5220	
-0.039824	0.788488	457	
-0.701852	0.089563	9019	
0.244497	0.570601	4666	
-0.233312	0.607961	1544	
-0.677942	0.266082	4415	
-0.848866	0.351478	5229	
-0.654454	0.545025	5933	
-0.766567	-0.339681	6119	
-0.200584	0.602905	8778	
-0.633646	0.657448	1092	
-0.824750	-0.287437	512	
-0.269907	0.696791	5409	
-0.216763	0.509614	8247	
-0.570168	0.199704	6068	
0.447730	0.270440	8577	
-0.399855	0.487701	5418	
-0.350797	0.567238	6727	
-0.552108	-0.545611	2662	
-0.083274	0.940353	5490	
-0.790455	0.396067	5991	
0.236543	0.768525	5856	
0.490461	-0.106522	3973	
-0.702549	0.510739	3794	
-0.831379	-0.186840	4812	
-0.503615	0.457790	1958	
-0.506321	0.814139	8049	
-0.579295	0.362885	7832	
-0.875219	-0.163228	6246	
0.189248	0.744494	8298	
-0.871502	-0.197318	6359	
-0.617648	0.120430	4528	
-0.252931	0.957544	2405	
-0.141469	-0.410666	9391	
-0.276951	-0.866985	8884	
-0.331250	0.803678	7861	
-0.673553	0.336298	4462	
0.434131	0.652691	6050	
-0.265917	0.686210	2069	
-0.609259	0.342514	9004	
0.492861	0.118544	8312	
-0.510620	0.802409	8049	
0.105439	0.771773	2204	
-0.561193	0.175202	5188	
-0.052871	0.699845	6367	
-0.147362	0.970400	2874	
-0.482077	0.353193	9367	
-0.459738	0.642127	9258	
0.430294	0.531189	7848	
-0.848245	-0.280845	594	
0.065888	0.957862	3614	
0.514534	0.244228	1389	
-0.005787	0.723545	4052	
-0.543987	0.814893	2489	
-0.163556	0.620386	1652	
0.485992	0.271436	2180	
-0.202017	0.532461	9117	
0.236186	0.548470	4970	
-0.758649	0.279331	341	
0.425096	0.539435	8353	
-0.707654	-0.591348	8797	
-0.521146	0.452820	4037	
-0.785215	-0.370458	8909	
0.127787	0.930745	8072	
0.103086	0.739636	7713	
0.577233	0.417653	5504	
-0.715973	-0.353151	6447	
-0.882324	0.215809	2447	
-0.799522	0.443585	6245	
-0.572675	-0.451997	6832	
-0.888617	-0.087614	8086	
0.568094	0.200780	294	
-0.461383	-0.836041	1109	
-0.562572	0.146634	1719	
-0.483333	0.840242	2527	
0.191024	0.499734	6512	
-0.480033	-0.750680	5452	
-0.505234	0.622013	3342	
-0.767592	-0.146643	4157	
-0.283372	0.506253	6563	
-0.282109	0.823656	1443	
-0.846100	0.185810	7893	
-0.333624	0.587087	4830	
-0.793222	-0.311531	5534	
0.356241	0.677060	4685	
-0.487389	-0.651275	5360	
-0.865181	0.116576	5136	
0.524266	-0.048024	2661	
0.590714	0.259879	2540	
-0.079863	0.961947	4769	
-0.799586	-0.128185	5420	
-0.728510	-0.112835	2093	
0.468669	0.364676	1269	
-0.339018	-0.819488	7558	
-0.326665	0.923843	2516	
0.139290	0.664706	7188	
-0.233056	0.714364	1944	
-0.492176	-0.819111	1250	
-0.176302	0.578218	8261	
-0.381263	0.585308	7726	
0.402138	0.454393	1018	
0.590151	0.332584	4341	
-0.940110	0.038360	8880	
0.110225	0.783673	2204	
-0.929857	0.032920	8837	
0.000424	0.563384	2473	
0.417836	0.275102	2309	
0.106982	-0.546328	8451	
-0.852869	-0.241442	4162	
-0.758946	-0.359917	8699	
-0.524743	0.561974	5985	
-0.798146	-0.039608	4870	
-0.781881	0.134746	4502	
-0.521947	0.669454	5929	
0.174111	0.658756	7290	
-0.773962	0.372128	4063	
-0.340953	0.823980	1137	
-0.704043	0.272864	7668	
-0.848381	-0.469565	8475	
-0.575591	0.648478	8484	
-0.073450	0.592710	7367	
-0.709923	-0.102170	3195	
0.311809	-0.412373	547	
0.003434	0.756416	4267	
-0.833625	0.378419	6383	
0.164757	-0.534586	7552	
-0.342479	0.755559	3974	
0.490959	0.601762	402	
-0.819138	0.393300	6429	
0.538954	0.351549	3603	
-0.087535	0.819442	8344	
-0.446137	0.447588	6958	
-0.593868	-0.547782	2753	
0.455230	0.552117	348	
0.555547	0.465891	6831	
-0.730490	0.162497	3786	
-0.723459	-0.079730	5384	
-0.952311	-0.083256	9214	
-0.042351	0.669951	8652	
-0.328889	0.708663	1677	
-0.349037	0.523118	6413	
-0.259298	-0.919866	8967	
-0.271708	-0.929771	4293	
-0.160386	0.751698	5543	
-0.470902	0.418440	7816	
0.502378	0.079239	3804	
-0.809145	-0.420125	5482	
0.433337	0.623181	504	
-0.231204	-0.953904	7560	
-0.674815	-0.269905	3115	
0.503640	-0.185092	5142	
-0.675233	0.220210	5551	
-0.853718	0.072118	4017	
-0.325008	0.624732	4300	
0.089381	0.910957	2321	
-0.552160	0.498638	5354	
-0.296582	0.555123	4145	
-0.894794	-0.196132	1650	
-0.505702	0.452527	1958	
-0.658148	-0.552957	6305	
-0.640236	0.681293	2128	
-0.893238	-0.115270	5245	
-0.252912	0.629939	2822	
-0.647871	-0.418110	7943	
-0.774015	-0.388333	9426	
0.101000	0.766258	2204	
0.114589	0.660636	5521	
-0.254836	0.662931	942	
-0.371752	0.884660	1693	
-0.891063	-0.224480	5336	
-0.397264	0.493173	3874	
0.456761	0.303611	2327	
-0.290490	0.832356	6503	
0.508057	-0.051928	2990	
0.395907	0.659911	5583	
0.113037	0.682268	6605	
0.212297	0.652690	1312	
-0.617516	-0.083925	2616	
-0.673777	-0.546106	5709	
-0.511476	0.453772	3243	
-0.379200	0.560723	8178	
-0.432225	0.822674	743	
-0.279847	0.694505	2069	
-0.710352	-0.516540	4892	
-0.635107	-0.362092	6726	
-0.860362	-0.193804	6053	
-0.144980	0.586093	8890	
-0.948036	0.140007	1658	
-0.408673	0.689536	752	
-0.704861	-0.239325	8696	
-0.736448	-0.131556	3272	
0.334668	-0.386226	469	
0.115370	0.921810	1072	
-0.752494	-0.483784	4328	
-0.170865	0.873551	6496	
0.313333	-0.388230	6765	
-0.671112	0.240800	5257	
0.512595	0.456998	4129	
-0.488915	0.724665	7047	
-0.734148	0.163633	3786	
0.590658	0.095261	2554	
0.553121	0.085963	8398	
-0.656412	-0.455467	5539	
-0.656449	-0.575759	6305	
-0.800762	-0.431530	5482	
0.462950	-0.181501	5683	
-0.889102	0.168116	8005	
-0.591562	-0.524088	2071	
-0.772035	0.030826	1589	
-0.667516	0.077360	7985	
-0.349765	0.907355	8416	
-0.629240	-0.359683	6726	
-0.702063	0.008345	8013	
-0.767904	-0.469584	5486	
0.374824	-0.321985	3368	
-0.716299	0.408555	1008	
-0.671489	0.612859	5389	
-0.388251	0.667824	9048	
-0.621995	-0.299236	3225	
-0.659069	0.223998	5236	
-0.701157	-0.180267	2841	
-0.438495	0.838778	743	
-0.429601	0.543148	6527	
0.106440	0.927987	4888	
-0.581630	0.762006	544	
0.422298	-0.267900	1704	
0.445899	0.218525	2918	
-0.864461	0.092941	1087	
-0.400902	0.794408	8984	
-0.258139	-0.889950	9354	
-0.343918	0.713326	8336	
-0.742276	0.256307	397	
0.320396	0.667404	2015	
-0.780137	0.314979	3464	
0.134314	0.542292	1812	
0.609381	0.104995	3204	
0.164554	0.697385	8223	
-0.169711	0.870323	6496	
0.123999	0.732682	8832	
-0.579174	0.762768	544	
0.503197	-0.034514	2188	
0.578066	0.104369	2387	
-0.839594	0.143565	4975	
0.505324	0.527952	587	
0.506831	0.546229	4257	
0.557984	0.303411	2843	
-0.131369	0.926514	591	
-0.292143	0.701460	1972	
-0.681301	0.322282	8351	
-0.052884	0.615414	7059	
-0.139592	0.565280	7143	
-0.519617	0.538567	898	
-0.724181	0.463062	6835	
-0.608996	-0.010736	3395	
-0.095773	0.813302	8801	
-0.563149	-0.677015	3417	
-0.600273	-0.605777	4904	
-0.677622	-0.572382	7208	
0.047524	0.787247	6366	
-0.936943	-0.053733	7640	
-0.528281	0.530673	2201	
0.305575	0.502180	6632	
-0.498359	0.829373	2527	
-0.391936	0.651193	6792	
0.085302	0.630977	1716	
-0.828533	-0.227319	7379	
-0.956019	0.031313	7073	
-0.115704	0.644537	2004	
-0.245332	0.581555	1722	
-0.924585	0.161810	8902	
-0.727853	-0.181665	3362	
-0.384190	0.539574	6757	
0.125786	0.539508	1812	
-0.728046	0.294267	926	
-0.888162	0.082811	3958	
-0.866911	0.034467	4022	
-0.188651	0.704539	5584	
0.180067	0.667599	7765	
-0.954018	-0.108880	8882	
-0.291064	0.627422	8083	
-0.449065	0.836190	743	
-0.369710	0.738686	4168	
-0.632136	-0.273237	4582	
0.463611	-0.279234	4246	
-0.822493	0.476914	1727	
0.405640	-0.280561	1704	
-0.804519	-0.488368	1066	
-0.257015	0.628314	2822	
-0.611407	-0.742012	4086	
-0.044030	0.852622	6103	
0.474092	0.272609	2180	
0.548345	0.325398	2511	
-0.042311	0.781240	457	
0.397500	0.478411	8901	
-0.752629	0.066412	890	
-0.686970	0.516325	3794	
0.428506	0.452284	9442	
-0.175974	-0.909240	6165	
-0.431129	0.711214	8593	
-0.874438	0.211261	8843	
0.415381	0.508836	3980	
0.518734	0.466399	5693	
-0.312171	0.863643	1976	
0.098424	0.627380	1716	
-0.784064	0.346025	4121	
-0.556991	0.692523	6311	
0.217192	0.841893	3975	
-0.801537	-0.356967	5006	
0.592922	0.326742	1981	
-0.848208	0.005977	6164	
0.181715	0.857287	8678	
-0.454899	0.463644	7603	
-0.663380	-0.173160	8103	
-0.556215	0.366654	8195	
-0.607351	-0.002304	1918	
-0.687620	0.645463	1490	
-0.827348	-0.310033	5557	
-0.698483	-0.180254	2841	
-0.855217	-0.049795	7383	
-0.256544	-0.956613	2888	
-0.909302	-0.307414	9244	
0.466791	0.637478	3947	
-0.783000	-0.291873	5398	
-0.943506	0.280340	9035	
-0.528433	0.462911	4037	
-0.320313	0.931635	1351	
-0.849940	0.060108	8035	
-0.079983	0.974398	2853	
0.065550	0.765995	2444	
-0.713436	-0.167066	2851	
-0.204878	0.732465	805	
0.254730	0.547587	3923	
-0.024553	0.859652	300	
-0.621872	0.147545	5209	
-0.478039	0.661943	3706	
-0.403441	0.396317	2793	
-0.791455	-0.174503	5305	
-0.828046	0.049125	7723	
-0.703516	-0.468737	3485	
-0.858374	0.156788	4975	
0.576843	0.285309	3370	
-0.649183	0.341672	3552	
-0.589908	-0.452931	5828	
0.600266	-0.000994	1917	
-0.794789	-0.507494	5578	
-0.857599	0.300042	3814	
-0.780749	0.433156	4011	
-0.607376	0.484104	3057	
-0.677580	-0.371524	4531	
-0.596065	0.561357	6240	
-0.830943	-0.119660	4540	
-0.933413	-0.186707	3771	
-0.508257	0.523548	8080	
-0.571664	0.118839	2430	
0.031649	0.738916	6470	
-0.350772	0.496437	1122	
0.291992	-0.407736	6904	
-0.692439	0.415487	1839	
-0.026491	0.960772	8256	
-0.599329	0.687178	6863	
-0.549606	-0.514680	3735	
-0.965850	0.181862	6091	
0.199571	-0.490172	4871	
-0.390914	0.537548	6614	
0.398875	0.299503	3382	
-0.505423	-0.764979	1359	
-0.823410	-0.507819	4784	
-0.241339	0.774094	3319	
-0.037501	0.803339	6249	
-0.801180	-0.560745	6781	
0.086231	0.950204	3631	
-0.742845	-0.626362	6320	
-0.063282	0.584680	7424	
0.374196	0.542905	4045	
-0.744099	-0.177030	4621	
0.213994	0.838069	4080	
-0.684548	0.710448	7368	
-0.326222	0.643164	7766	
-0.959231	-0.225699	7876	
0.116449	0.748486	3856	
-0.871294	-0.413115	9353	
-0.880845	-0.040038	5235	
-0.666646	0.621320	5389	
-0.478693	-0.728439	5943	
-0.156918	-0.374365	6892	
-0.365222	0.451876	4087	
-0.726679	-0.658063	4853	
0.366736	0.709695	6881	
0.015445	0.575027	5203	
0.605608	0.157720	941	
-0.000421	0.625869	2198	
-0.856898	0.022193	5122	
-0.878603	-0.374695	1477	
0.013734	0.807201	4973	
-0.709912	-0.331290	6430	
-0.578786	0.617759	6300	
-0.232399	0.921507	716	
0.391445	0.328844	2738	
-0.156900	0.757125	5543	
0.212686	0.578102	2742	
-0.789371	0.244267	6280	
0.543967	-0.149850	1418	
-0.577031	0.182757	5670	
-0.667221	0.170030	6343	
-0.366302	0.611910	4749	
-0.409934	-0.891115	7418	
0.577343	-0.034985	5249	
-0.438490	-0.746208	3896	
0.053612	-0.546828	1584	
-0.675399	-0.303783	4623	
-0.517482	0.244657	7776	
0.467097	0.191878	2001	
0.518866	0.444907	4836	
-0.595217	0.720798	9429	
-0.597953	0.302254	359	
-0.924878	-0.020400	6437	
0.521756	-0.040475	2661	
-0.185568	0.772462	5752	
0.196412	0.665798	273	
-0.645296	0.634397	3843	
0.072546	0.887994	7119	
0.407632	0.339288	6296	
-0.684858	-0.380982	4531	
0.197224	0.743860	2703	
-0.732251	0.050550	1319	
-0.007188	0.663059	2023	
0.058162	0.502414	3578	
-0.325236	0.480703	7305	
-0.218469	-0.301820	2364	
-0.697066	-0.438665	8599	
-0.794584	0.178489	4511	
0.288597	0.623722	6009	
0.295543	0.683329	2749	
-0.704579	0.292650	8466	
-0.594300	0.104803	2796	
-0.638503	0.513610	5105	
-0.698942	-0.669311	1734	
0.474809	-0.169905	6681	
-0.818670	0.195011	6271	
-0.081518	0.826410	8488	
-0.531377	0.356522	3726	
-0.820183	0.056370	7729	
-0.672494	-0.297158	5089	
0.328358	0.719430	5846	
-0.306178	0.579227	2165	
-0.280995	0.689716	2069	
-0.189069	0.581453	9335	
-0.620818	0.625153	7567	
0.060623	0.559254	5654	
-0.627858	0.414109	2556	
0.106957	0.624941	1884	
0.216229	0.569927	2742	
-0.746463	0.344850	5356	
-0.313161	0.887077	4345	
0.092512	0.779973	2367	
-0.102224	0.804824	8801	
-0.949664	-0.207430	7278	
-0.127457	0.766106	6124	
-0.657127	-0.664812	6572	
0.358699	0.493828	4564	
-0.600052	-0.701155	1225	
-0.658437	-0.077435	2897	
-0.330328	0.611547	6370	
0.266027	0.729604	3122	
-0.416098	-0.869583	989	
0.111353	0.686230	6548	
-0.369940	-0.843448	9278	
0.316043	-0.434936	8876	
-0.881938	0.114636	5570	
0.404055	0.359264	6623	
-0.642630	0.462726	3852	
-0.508909	-0.610187	4117	
-0.883487	0.235034	3834	
0.309617	0.592837	671	
0.257684	0.638989	5000	
0.351971	0.508712	4601	
-0.502149	-0.642672	751	
-0.637660	0.291324	2614	
-0.583816	-0.712624	1225	
-0.380335	0.638730	6670	
0.282123	0.476144	5528	
-0.150037	-0.945445	7946	
0.311134	0.600054	671	
-0.532102	0.603617	2750	
0.474853	0.314609	2334	
-0.818347	-0.349221	5006	
0.031392	0.913223	4386	
-0.716396	-0.092992	3195	
0.531779	0.061254	5656	
-0.834960	0.063328	7729	
-0.405819	0.767451	7098	
0.092688	0.689190	6108	
-0.492379	0.480261	7503	
-0.811215	0.172244	6038	
0.374379	0.679466	4685	
-0.477818	0.627933	2178	
-0.370760	0.605666	4749	
0.540895	-0.019215	5424	
-0.687386	0.633379	6155	
0.518581	-0.149026	3867	
0.023420	0.726648	6470	
-0.410779	-0.774537	8913	
0.491515	0.209049	3338	
-0.593195	-0.610944	4904	
-0.665891	-0.314831	5450	
-0.208855	0.651124	8429	
-0.484864	-0.741556	5267	
-0.737490	0.556573	8969	
-0.724933	0.054752	428	
-0.594446	0.591437	6994	
-0.813218	-0.447829	5999	
0.348499	0.500953	4601	
0.504293	0.480952	5693	
-0.741345	-0.456635	3095	
0.348064	0.604126	2123	
