time = 163.65	Re = 90
-0.373239	0.915807	2242	
-0.423049	0.894025	6680	
-0.514343	0.845195	6043	
-0.641726	0.753746	6827	
-0.782007	0.608268	6012	
-0.903336	0.409084	2660	
-0.700573	-0.665132	6309	
-0.659792	-0.705774	6454	
-0.566402	-0.782929	899	
-0.414017	-0.873693	5527	
-0.199800	-0.946867	686	
0.100526	-0.964039	921	
0.523335	-0.819960	6110	
0.967007	0.164445	5999	
-0.162909	0.973872	1866	
-0.662187	0.735017	6507	
-0.935875	0.327203	6768	
0.193262	-0.912184	6675	
0.250644	-0.898243	6743	
0.358130	-0.861251	4439	
0.515295	-0.777860	6550	
0.703355	-0.613759	5125	
0.836805	-0.414859	4072	
0.935510	0.017502	6572	
-0.515643	0.806785	6779	
-0.834168	-0.483880	6171	
-0.353428	-0.899586	6674	
0.224806	-0.942838	6778	
0.973285	-0.105490	6464	
-0.468488	0.869952	5965	
-0.915746	0.378460	6015	
-0.987303	-0.104667	6825	
0.383410	-0.808295	3450	
0.462021	-0.766200	3435	
0.640426	-0.625564	3738	
0.872983	-0.212904	3004	
0.728791	0.537845	4629	
-0.615072	0.686771	5147	
-0.916816	-0.129221	6777	
-0.557118	-0.743375	4412	
0.083102	-0.927457	5232	
0.613159	-0.703062	6194	
0.901106	-0.246910	4604	
-0.463137	0.836510	374	
-0.561928	-0.785062	379	
0.183231	-0.951076	6648	
0.966416	0.162433	5999	
-0.708852	0.689460	6014	
-0.991877	0.020479	296	
0.578557	0.661377	5235	
0.488529	0.734311	1906	
0.208455	0.870322	5556	
-0.257036	0.851816	5385	
-0.591181	0.660668	4636	
-0.844223	0.270324	2879	
-0.841719	-0.282150	2856	
-0.411376	-0.789463	3456	
0.299725	-0.841829	3386	
0.897535	0.056365	3104	
-0.897183	0.219324	497	
-0.430245	-0.823348	3846	
0.478291	-0.800232	3850	
0.906160	-0.227027	4509	
-0.864896	0.415189	312	
-0.202668	-0.944968	445	
0.741218	-0.630257	6006	
-0.606856	0.779817	6032	
0.146068	0.859648	2524	
0.053269	0.869000	1072	
-0.161961	0.849460	1766	
-0.542141	0.665138	3233	
-0.836263	0.189034	3446	
-0.749122	-0.419960	2991	
-0.030474	-0.862481	2565	
0.834965	-0.247261	3807	
0.631208	0.607418	5063	
-0.554967	0.690959	5526	
-0.863193	-0.205321	2717	
-0.169969	-0.874210	2981	
0.797787	-0.406753	3963	
-0.907057	0.173230	333	
-0.102829	-0.924027	4331	
0.789443	-0.497709	5942	
0.396434	0.858904	6643	
-0.305607	-0.916306	6647	
0.745930	-0.623660	306	
-0.716022	0.681359	6014	
-0.980323	-0.154424	526	
-0.439787	0.712392	4836	
-0.568131	0.612305	4366	
-0.782733	0.286837	1512	
-0.811639	-0.192555	1515	
-0.531488	-0.644840	2079	
0.181094	-0.818957	4127	
0.753633	-0.375513	2696	
0.732337	0.421875	1629	
0.012535	0.869066	1792	
-0.838370	0.176522	4651	
-0.138825	-0.850545	5244	
0.855442	0.169771	4563	
-0.441635	0.769114	5195	
-0.813893	-0.353795	3232	
0.289042	-0.844738	3386	
0.330509	0.853839	1405	
-0.373742	-0.850069	6116	
0.761129	-0.539492	6753	
0.145754	0.938255	1297	
-0.097511	-0.961372	746	
0.977890	0.023849	6013	
-0.920294	0.364568	5984	
-0.909614	-0.398854	2681	
0.034759	0.830471	5528	
-0.160999	0.806232	1550	
-0.509399	0.631813	4536	
-0.777777	0.217445	4825	
-0.680059	-0.435940	3943	
0.065771	-0.808065	3271	
0.741604	-0.336498	4144	
0.677316	0.457792	4100	
-0.614540	0.563076	6146	
-0.396854	-0.735134	1263	
0.768482	-0.343261	4613	
0.400908	0.758463	5381	
-0.823055	0.236114	2502	
0.215270	-0.836401	3519	
0.527477	0.701974	5268	
-0.883499	0.064842	4385	
0.098185	-0.885949	4670	
0.422043	0.807727	5409	
-0.186159	-0.910241	6494	
0.886998	-0.291581	3817	
-0.959460	-0.056635	6688	
0.390698	-0.886098	865	
-0.502295	0.849762	6165	
-0.972229	-0.197721	6629	
-0.147193	0.792548	327	
-0.286698	0.746490	5188	
-0.493948	0.619641	4235	
-0.786306	0.035144	4217	
-0.627526	-0.472540	4891	
-0.086709	-0.781102	2601	
0.614678	-0.493314	2987	
0.635524	0.474355	1100	
-0.480332	0.653819	5181	
-0.470291	-0.656766	5285	
0.799882	-0.157047	4587	
-0.032851	0.846034	5412	
-0.322378	-0.770453	4506	
0.827524	0.162693	5220	
-0.363213	0.779002	5972	
-0.226440	-0.830383	3398	
0.604711	0.633014	4827	
-0.885223	-0.031988	4876	
0.379391	-0.808097	3097	
-0.859690	0.331792	4476	
0.410799	-0.835778	5806	
0.905307	0.231589	6605	
-0.155486	-0.953262	5898	
0.945944	0.252474	2837	
-0.986007	0.097204	6204	
0.141658	0.794604	2841	
-0.041587	0.795655	1469	
-0.383554	0.677940	2407	
-0.703267	0.311321	3317	
-0.690650	-0.331910	3111	
-0.000698	-0.765749	3115	
0.550755	-0.532722	519	
0.557571	0.535297	6067	
-0.618693	0.489078	2011	
-0.321866	-0.716351	3202	
0.786240	-0.083954	2893	
-0.148775	0.807945	324	
-0.263453	-0.763592	2688	
0.702078	0.417036	3258	
-0.765764	-0.327710	1959	
0.826111	-0.164174	3629	
-0.371800	0.774604	1843	
0.017793	-0.861426	3193	
0.190998	0.872071	5645	
-0.685386	-0.564056	2501	
0.857786	-0.257022	3830	
-0.422714	-0.825963	3846	
0.902881	-0.237751	4509	
-0.755564	-0.597568	6270	
0.757035	-0.607759	6670	
-0.921298	0.360482	2751	
0.595992	-0.413801	571	
0.654847	-0.313131	4900	
0.723657	-0.065707	6258	
0.661256	0.301005	620	
0.244163	0.748405	695	
-0.458613	0.598391	1930	
-0.644963	-0.365026	1340	
0.748247	-0.006477	530	
-0.642944	0.423631	5363	
-0.055742	-0.763458	2639	
0.756231	-0.134866	4863	
-0.608122	0.502073	6384	
0.080701	-0.781439	4438	
0.524427	0.599124	1447	
-0.670641	-0.447386	4160	
0.746822	0.328952	3591	
-0.699393	-0.452872	3679	
0.802389	0.259032	4369	
-0.778240	0.353609	2415	
0.849466	-0.185138	3538	
-0.827825	0.312134	3306	
0.336942	-0.825995	3087	
-0.921468	-0.052041	3607	
0.724308	-0.586734	6689	
-0.715428	0.632881	6672	
0.531566	-0.809667	6365	
-0.846412	0.510295	2728	
-0.848079	-0.516805	527	
-0.707978	0.056136	2291	
-0.707383	-0.044385	4085	
-0.651284	-0.272769	1231	
-0.327244	-0.622737	2295	
0.317928	-0.626482	3800	
0.701272	-0.058851	975	
-0.723948	0.080032	2489	
0.503027	-0.521987	910	
0.633866	0.354116	446	
-0.541315	0.519682	5828	
0.358382	-0.650248	2888	
-0.704829	0.305363	3317	
0.415445	-0.643295	2473	
0.039641	0.814568	5203	
-0.245721	-0.745270	2414	
0.523828	0.599394	1447	
-0.432739	-0.681219	3894	
0.499756	0.653202	1438	
0.003938	-0.835536	1796	
0.168520	0.853988	5287	
-0.250659	-0.822196	3190	
-0.006021	0.890982	5230	
-0.399962	-0.792993	5717	
0.251689	0.880548	6256	
0.488525	-0.792553	3850	
0.673465	0.650919	4735	
0.406672	-0.878021	6292	
-0.802346	0.576453	2672	
-0.841429	-0.527417	527	
0.195064	0.733807	5641	
0.001291	0.741826	1062	
-0.311126	0.646061	5345	
-0.641795	0.278936	5304	
-0.612469	-0.318709	3583	
0.210842	-0.652937	4293	
0.647419	0.229951	4024	
-0.706528	0.072027	2397	
-0.039910	-0.700777	881	
0.668568	0.217992	464	
0.423009	-0.588471	5678	
0.436834	0.592151	5052	
-0.684392	-0.282687	1961	
-0.367057	0.686636	1579	
0.307974	-0.700963	2532	
-0.129142	0.795285	736	
0.190426	-0.762171	3876	
-0.062578	0.822656	4998	
0.667160	-0.462854	4185	
-0.825173	0.099613	4038	
0.796063	0.277092	4369	
-0.846723	-0.122542	5414	
0.654817	0.578125	4975	
-0.668402	-0.583675	2017	
0.839263	0.318595	4780	
0.303496	-0.879470	4425	
0.773669	0.525918	6622	
0.386442	-0.886839	432	
-0.820680	0.549868	613	
-0.809746	-0.575034	2664	
-0.358666	-0.524164	5621	
0.085695	-0.625303	2417	
0.529894	-0.340909	511	
-0.099839	0.687719	1117	
0.654687	-0.017310	601	
-0.319793	0.624942	5067	
0.510237	-0.439837	4162	
0.038486	0.744973	5473	
-0.665438	-0.188997	4042	
0.425813	-0.536982	6427	
-0.707557	0.056838	2291	
0.412004	-0.568281	5663	
-0.622727	-0.372736	1326	
0.637139	0.346836	446	
-0.691001	-0.265587	2777	
-0.627840	0.445210	5361	
0.640478	-0.419551	2294	
-0.770435	0.150527	3229	
0.775525	0.151389	2233	
-0.581201	-0.558235	5237	
0.209502	0.823388	5762	
0.708876	-0.448909	5481	
-0.670909	0.529373	4261	
0.853259	0.170681	4563	
-0.812532	-0.353041	4937	
0.895787	0.003813	5764	
0.259733	-0.893046	6743	
0.753430	0.554606	5371	
0.474050	-0.843556	6908	
-0.897426	0.414265	2660	
-0.268743	0.608280	4868	
-0.633099	0.093015	6112	
0.182835	-0.590875	2337	
-0.529463	0.389378	5046	
-0.643755	-0.015218	3613	
-0.074229	-0.623536	2519	
0.500982	0.355459	3091	
0.261678	-0.573007	4920	
0.653167	0.043684	4327	
-0.101942	-0.666001	2982	
-0.170578	0.705443	4948	
-0.321425	-0.606988	2329	
-0.213495	0.703455	4652	
0.287807	-0.639693	4467	
-0.412769	-0.596327	1537	
0.292227	0.719886	598	
0.274848	-0.688345	3580	
-0.490889	-0.586388	3059	
0.211553	0.789976	1367	
0.331446	-0.712445	3489	
-0.715976	0.368813	5065	
0.660051	0.480175	2746	
0.211601	-0.809070	1724	
-0.496443	0.698037	5403	
0.865246	-0.080423	2365	
-0.837346	-0.287363	2856	
0.894571	0.046008	4813	
0.382416	-0.848106	5809	
0.577308	0.738435	6341	
0.649649	-0.718332	6888	
-0.971290	0.188116	711	
-0.079381	0.321688	4015	
-0.152359	0.234339	6078	
-0.207676	-0.151264	6913	
0.222248	-0.126891	1166	
0.342341	0.452385	4543	
0.175762	0.173289	5948	
-0.086623	-0.613710	4608	
-0.055805	-0.618370	1872	
-0.601117	-0.217150	1378	
0.611256	0.111677	5042	
0.605197	-0.173991	2124	
-0.287896	0.641553	5687	
0.269089	0.695934	391	
-0.298822	-0.618104	5729	
-0.684453	0.194723	1085	
0.670167	-0.210214	2326	
0.666503	-0.284728	1829	
-0.703585	0.241760	5099	
-0.635084	0.433775	5363	
0.755703	-0.130017	4863	
-0.254270	-0.741577	2887	
-0.128265	0.811458	1048	
0.804937	0.122777	3663	
-0.014052	-0.834315	3466	
-0.451973	0.728194	4811	
0.868686	-0.023539	1513	
-0.772629	-0.433711	3213	
0.772241	0.458819	2147	
0.619468	-0.695003	6811	
-0.853548	0.429788	612	
0.875624	-0.419416	482	
-0.979625	-0.147881	526	
-0.042145	0.568332	4090	
-0.055529	0.596979	1833	
-0.138322	0.609170	4889	
-0.279067	0.563123	1824	
-0.364315	0.515990	4974	
-0.224919	0.598869	2041	
0.015516	0.552066	5161	
-0.119785	-0.227867	473	
-0.146133	-0.592473	3814	
0.039190	-0.616875	841	
-0.613206	0.217236	3039	
0.365089	-0.505843	6107	
0.550341	-0.304823	995	
-0.554246	0.409429	3067	
-0.396457	0.591051	4560	
0.520867	-0.444654	4149	
-0.334924	-0.617323	2297	
-0.654126	-0.311171	2455	
-0.199176	0.739646	1480	
0.551179	0.508483	381	
0.641561	-0.417318	2117	
-0.534618	-0.573948	3907	
0.086825	0.827149	6389	
0.812490	-0.038475	3554	
0.031730	-0.833863	4940	
-0.566988	0.640473	4555	
0.815430	0.303820	4057	
-0.549042	-0.697071	3040	
-0.068196	0.912351	5130	
0.846749	-0.390241	4518	
-0.543672	-0.795329	410	
0.819472	0.536006	6471	
-0.857731	-0.498831	2731	
0.355558	0.161660	2557	
0.361379	0.080537	5240	
0.347282	-0.104302	3526	
0.095901	-0.338920	3529	
-0.237752	-0.237059	2876	
-0.198156	0.278499	2864	
-0.052444	0.586803	3681	
-0.365638	0.507398	4974	
-0.378485	0.507892	5669	
0.006729	0.512929	956	
0.203784	0.228178	1631	
0.181860	0.675685	5875	
-0.631091	0.148835	3468	
0.621337	-0.031188	996	
-0.507058	0.438467	3989	
0.649687	-0.177028	3151	
-0.439186	-0.528984	3905	
-0.705552	-0.057455	5411	
0.567099	0.413691	4884	
0.501842	0.527266	502	
0.608272	-0.424543	2230	
0.519879	-0.561305	541	
-0.637067	-0.457187	3242	
0.025529	0.828589	5604	
0.785154	0.215203	4367	
0.359761	-0.755244	1773	
-0.768557	0.371482	5315	
0.482359	0.733566	1906	
-0.154313	-0.874389	5625	
-0.846797	-0.367409	6141	
0.930827	0.070058	4107	
0.186795	-0.947773	6678	
-0.786679	0.596248	5974	
-0.685759	-0.718528	6599	
0.206800	-0.348121	3158	
-0.110874	-0.370257	3589	
-0.330680	0.142373	3695	
-0.417814	0.414525	2157	
-0.101671	-0.526302	773	
0.518248	-0.087369	2458	
0.364828	0.030298	5276	
-0.053872	-0.342411	2105	
-0.173546	0.309607	6749	
-0.198839	0.592358	1612	
-0.498544	0.376254	4643	
0.019225	0.554820	5161	
0.259495	0.449129	1396	
0.311550	-0.530780	889	
-0.508312	-0.381289	5780	
-0.627793	-0.134982	5026	
-0.597789	0.337294	4099	
-0.689271	0.091350	3073	
0.025728	0.753891	5264	
0.701913	0.031752	4313	
0.610657	0.390397	4054	
0.555999	-0.490083	846	
0.552286	-0.529365	1201	
-0.448052	-0.643428	3145	
-0.300325	0.757042	5815	
0.542865	0.613308	1436	
0.802237	-0.247658	3774	
-0.763182	-0.386153	4371	
-0.377196	0.800190	3751	
0.609350	-0.651249	4396	
-0.070878	-0.925154	3882	
0.728172	0.586334	5215	
0.723200	-0.643970	572	
-0.988107	-0.058870	6442	
0.086121	-0.460869	741	
-0.495385	-0.202819	2055	
0.298401	-0.349933	4186	
0.455218	0.014786	5485	
0.076800	-0.495759	1875	
0.413117	-0.031915	4646	
-0.332682	0.138338	3695	
-0.183847	-0.506296	2189	
0.447279	0.231711	3757	
0.197564	-0.299624	628	
-0.213576	0.262671	6408	
-0.285092	0.556127	1873	
-0.486812	0.395392	4739	
-0.149627	0.231753	6078	
0.238405	0.480389	6448	
-0.641796	0.076854	6089	
0.377594	0.477106	4871	
0.503630	0.410856	3057	
-0.515626	0.481292	3997	
0.470969	0.500299	4930	
0.698982	-0.068503	6053	
0.586848	0.425464	4821	
0.666324	-0.326288	4900	
0.705494	-0.297197	3189	
-0.086962	-0.778598	2601	
-0.798444	0.093306	3933	
-0.150598	0.826804	324	
0.635782	0.554932	1871	
0.131970	-0.850084	3993	
-0.882291	-0.057410	1718	
0.879589	0.167214	2142	
0.740327	-0.564881	5776	
-0.787385	-0.551820	448	
0.830943	0.516762	478	
-0.531295	0.141606	3296	
-0.255765	0.489896	1395	
-0.241329	0.350698	5853	
-0.384293	0.037547	5758	
-0.042934	-0.429700	2862	
-0.354131	-0.378666	2214	
-0.240644	-0.318505	638	
0.322031	-0.369769	934	
-0.020630	-0.393185	4593	
-0.443877	-0.325346	2937	
0.421682	0.248402	3350	
-0.037400	-0.346364	2411	
-0.068805	0.487151	5395	
-0.551902	0.271456	4966	
-0.013332	0.636577	6438	
0.417673	0.404081	1017	
-0.556452	-0.295050	1454	
0.610061	-0.122404	945	
0.575537	0.305338	4926	
-0.442296	0.554097	2234	
0.438823	0.532299	4977	
0.690736	0.126757	859	
0.392340	0.631061	5360	
0.340691	0.703151	6208	
0.759745	0.101732	1268	
0.573308	-0.537205	2919	
-0.287446	-0.752288	3279	
-0.767328	-0.316846	2700	
-0.303126	0.803847	3949	
0.829053	0.261417	4429	
-0.341165	-0.818984	4164	
-0.895320	-0.218826	3928	
0.912683	0.195491	4145	
0.414976	-0.872812	6292	
-0.967161	0.203872	451	
-0.348109	-0.362698	4882	
-0.460283	-0.243406	3109	
-0.542120	0.005372	1756	
-0.487080	0.279003	3163	
-0.237825	0.494996	4205	
-0.256414	0.323915	4316	
-0.291705	-0.283490	751	
0.051832	-0.479146	1033	
-0.078285	-0.497973	4647	
0.405639	-0.269782	6048	
-0.359310	-0.060651	1909	
0.114592	-0.515049	2283	
0.358187	-0.069397	3469	
-0.283128	0.162536	6168	
-0.441599	0.434902	3372	
-0.381979	0.507615	5669	
0.212474	0.169331	5690	
0.201347	0.675443	6076	
0.563614	-0.264227	645	
0.551818	0.344963	4878	
-0.596048	0.369252	5681	
-0.251127	0.686732	5223	
0.416979	0.576950	5201	
-0.437652	0.613503	4949	
-0.757228	0.108595	2894	
-0.253703	0.757189	4907	
0.627562	0.480468	1100	
0.808428	-0.081308	4119	
0.440406	-0.710796	5646	
-0.836935	-0.169001	5661	
-0.419630	0.777721	4826	
0.752176	-0.480473	5595	
0.356481	-0.858395	4439	
-0.546830	0.774839	299	
0.970625	-0.064331	6910	
-0.305747	0.477367	1897	
-0.226456	0.365183	2218	
-0.260445	0.311840	3762	
-0.283268	0.277482	3365	
-0.200326	0.419503	1221	
-0.201222	0.420137	1221	
-0.265853	0.307283	3762	
-0.382856	0.035473	5758	
-0.036306	-0.428533	618	
-0.285864	0.265389	3786	
0.125715	-0.405299	2686	
0.395691	-0.124721	4896	
-0.566048	-0.009900	3076	
0.376493	0.234557	1375	
-0.289836	-0.166714	6245	
-0.315022	0.537760	3375	
-0.529045	0.332330	4909	
0.251543	0.005687	2850	
0.037016	0.683271	1425	
0.621275	0.029500	5921	
0.385009	0.532098	5771	
-0.675923	-0.145469	5153	
-0.626015	-0.323482	1176	
-0.341492	-0.637656	2315	
-0.728030	-0.131068	2445	
-0.063466	-0.760871	1168	
-0.692189	-0.365888	4231	
-0.547386	0.592970	4782	
-0.076043	0.839412	775	
0.508030	0.678911	2832	
0.537407	-0.673952	2724	
-0.691613	-0.553067	2476	
-0.339211	0.847144	6190	
0.932586	0.029517	6884	
0.326445	-0.909078	6649	
-0.961807	0.226070	2753	
-0.302187	-0.240066	902	
-0.371527	-0.039518	4044	
-0.255042	-0.295911	1304	
0.238124	-0.352748	4197	
0.463072	0.030106	1318	
0.253561	-0.359269	4502	
-0.432776	-0.304474	2262	
0.112466	-0.430976	4493	
-0.193929	-0.365278	755	
-0.048896	-0.424710	2862	
-0.057695	-0.491831	839	
-0.553406	0.033985	2607	
0.486017	0.015988	1801	
-0.183296	0.539913	1613	
0.509252	0.111145	2933	
-0.218272	-0.261396	2936	
-0.318408	0.535243	3375	
-0.540813	0.311196	4862	
0.201864	0.250384	2111	
-0.280557	-0.556608	1254	
0.270192	0.613654	1198	
-0.641853	-0.212944	3840	
-0.146121	-0.669159	3744	
0.045439	-0.698636	1235	
0.718780	0.092596	650	
0.654428	-0.348124	4123	
0.765886	-0.014676	1912	
0.610006	-0.494712	2987	
0.087504	-0.801346	4442	
-0.201970	-0.807755	4242	
-0.782100	0.340470	2539	
-0.031223	0.887988	5115	
0.655585	-0.604028	5064	
0.279314	-0.886019	6445	
-0.430656	0.842583	6430	
0.972240	0.046284	5975	
-0.750547	-0.648994	6600	
0.070036	-0.375232	6296	
0.076341	-0.374151	6296	
0.209402	-0.325727	2797	
0.390720	-0.053572	5596	
0.420775	0.185438	1305	
0.395865	-0.311967	1224	
-0.512692	-0.192917	2263	
0.195427	-0.374528	3652	
0.403417	-0.209912	5773	
-0.300216	-0.419973	2605	
0.154515	-0.432774	3946	
0.020665	-0.486515	740	
0.258787	-0.397628	5845	
0.408345	-0.263939	6048	
-0.159527	0.427454	4362	
0.512342	0.097998	2933	
-0.252012	-0.226113	3357	
-0.439339	0.435249	3372	
-0.414635	0.479908	3660	
0.449303	-0.402372	3547	
-0.614318	-0.179448	4069	
-0.034105	-0.629027	844	
0.595055	0.311489	4926	
0.651974	0.210391	4521	
0.659379	0.239412	4024	
-0.413112	0.631427	4725	
-0.754849	-0.114060	2749	
-0.668277	0.412717	2881	
-0.108378	0.814760	780	
0.337132	0.767343	5746	
0.700826	0.467211	4669	
0.418214	-0.752705	1262	
-0.682689	-0.563653	2501	
-0.517407	0.751917	4737	
0.914691	0.184490	3570	
0.515414	-0.817525	6110	
-0.988827	-0.009179	319	
-0.341959	-0.443734	3904	
-0.377592	-0.415888	5843	
-0.547297	-0.167568	1784	
-0.565363	0.156896	5090	
-0.124698	0.554832	1339	
-0.347101	0.018267	3219	
0.157924	-0.350500	471	
0.429848	0.187385	1305	
0.046662	-0.512155	5755	
-0.015525	-0.406889	861	
0.391849	-0.230712	5909	
-0.423741	-0.314289	2262	
-0.254485	-0.443455	1787	
0.269485	-0.389337	4888	
0.422129	-0.239796	3303	
-0.159197	0.532436	1941	
0.438367	0.231767	3118	
-0.326395	0.028401	6654	
-0.577386	0.192660	5044	
0.013106	0.631975	4803	
-0.188368	0.096091	820	
-0.130556	-0.614970	4541	
0.635154	0.154100	3886	
-0.689528	0.083521	3073	
-0.581455	-0.396675	1390	
0.471427	-0.548684	3497	
-0.231938	-0.700128	5777	
0.715786	-0.270512	3210	
0.391202	-0.679926	2525	
-0.024399	-0.805193	4952	
-0.215231	-0.803995	2439	
-0.819258	0.236726	2590	
-0.280267	0.838718	4999	
0.809792	-0.375756	4254	
0.608151	-0.703430	6194	
-0.873321	-0.397609	607	
0.452809	0.869930	1029	
-0.575815	-0.808793	6489	
0.387616	0.327670	4585	
0.408677	0.320035	1129	
0.467965	0.268673	4799	
0.551492	0.040515	1506	
0.388751	-0.388747	6169	
-0.058381	-0.551969	2403	
-0.569413	0.139111	5090	
-0.131016	0.431540	4362	
0.145720	-0.354776	586	
0.486170	0.116029	3366	
-0.558415	0.073514	3135	
0.464646	0.031707	1318	
-0.285072	-0.275942	542	
-0.198879	0.505830	4534	
0.184507	-0.445408	994	
0.471506	0.083279	1557	
-0.559909	0.116757	5392	
0.368224	0.065984	1502	
-0.109035	0.408841	1994	
-0.602338	-0.045643	4036	
-0.249217	-0.051954	731	
0.283862	0.529877	6181	
0.341014	0.507216	2957	
-0.322121	-0.590370	2634	
0.338129	-0.594372	3049	
0.684257	-0.153794	4153	
0.017633	0.780787	4931	
-0.763101	0.037129	3123	
-0.665273	0.417252	2881	
-0.237475	0.780973	4938	
0.070031	0.844956	6922	
0.386959	0.764123	5381	
0.799848	-0.327276	3987	
-0.270782	-0.844454	3713	
-0.690851	-0.612634	3815	
0.758322	0.545245	6240	
0.855989	-0.452975	6460	
0.293182	0.077047	4350	
0.290336	0.097990	4350	
0.292601	0.124620	5389	
0.291568	0.180371	5336	
0.298782	0.263763	2327	
0.394585	0.332056	5091	
0.551416	-0.051291	3011	
0.018302	-0.553593	3501	
-0.504451	0.315648	5208	
-0.340697	-0.081645	2669	
0.392980	0.100004	2744	
-0.066198	-0.516192	484	
0.405883	-0.151891	2638	
0.096623	-0.418052	3338	
-0.069702	-0.409854	3549	
0.443279	-0.043678	2179	
0.360659	-0.205775	5871	
0.112145	-0.514665	2283	
0.181441	-0.313909	582	
-0.212184	0.582308	1755	
-0.592955	0.175227	1476	
0.543317	-0.259630	973	
-0.498167	-0.393968	5780	
0.433399	0.444165	3001	
-0.593457	0.372823	5681	
-0.655310	-0.259679	1076	
0.442781	-0.571909	6439	
-0.070539	-0.733846	964	
0.764169	-0.047875	894	
0.689021	-0.377416	5182	
0.518382	-0.619280	2643	
0.436696	-0.711711	3377	
-0.666305	-0.535443	4189	
-0.880910	0.063555	4385	
0.801109	0.400065	5698	
0.926040	-0.108207	6578	
0.308120	-0.914911	431	
-0.979796	0.126653	402	
0.281251	0.388610	1419	
0.284849	0.393197	1419	
0.268284	0.349439	1935	
0.257403	0.293470	1440	
0.261424	0.215035	4955	
0.272816	0.184769	5183	
0.291474	0.256133	2327	
0.413274	0.325929	1129	
0.434744	-0.340477	2086	
-0.513245	-0.250299	3665	
-0.182521	0.344531	4500	
0.385529	-0.064577	5596	
0.017269	-0.516463	5750	
0.412159	-0.133806	2426	
0.169148	-0.401395	2804	
0.285218	-0.346403	4186	
-0.472777	-0.256990	2758	
-0.351127	-0.112025	2341	
0.509114	0.106661	2933	
-0.325122	0.044643	6279	
-0.602165	0.007448	4301	
0.003649	0.488431	1336	
0.532986	-0.304597	995	
0.496149	0.361537	3091	
-0.350238	-0.573966	3084	
0.544714	-0.413560	1001	
0.690219	0.125390	859	
-0.548956	0.509146	6291	
-0.531961	-0.546145	2967	
-0.721636	-0.299735	3836	
-0.788830	0.147549	4387	
-0.788798	0.249407	2018	
-0.541418	0.660929	3233	
0.311933	0.829457	1426	
0.630527	-0.628915	4400	
0.443515	-0.816319	3658	
-0.955842	0.016676	5518	
0.575463	0.792443	6475	
0.058531	0.569938	6269	
0.068753	0.612488	5857	
-0.429991	0.479393	3660	
-0.327656	-0.512129	1423	
0.589739	0.042575	3998	
0.303946	0.404241	1711	
0.261672	0.275607	1782	
0.276512	0.227518	4867	
0.340516	0.340549	2048	
0.541364	-0.121397	3101	
-0.376946	-0.420145	5843	
-0.182213	0.344487	4500	
0.392887	0.041740	2922	
-0.365820	-0.390447	2827	
0.464679	0.036755	1318	
0.134128	-0.411701	2686	
0.273979	-0.388013	4888	
0.476185	0.063958	5308	
-0.513280	-0.210574	2416	
0.283046	-0.231474	1922	
-0.135003	0.597747	1399	
-0.611443	0.008617	4928	
0.601073	-0.025698	4168	
-0.421732	-0.472369	5859	
-0.554970	0.367963	4294	
-0.682195	-0.112560	5415	
-0.276800	-0.644164	6034	
0.706977	0.156607	4358	
0.691617	0.272563	1991	
0.376751	0.694002	6156	
0.438768	0.669701	1582	
0.487009	0.661013	1328	
0.666425	0.514694	4048	
0.671248	-0.540401	3330	
-0.267251	-0.845310	3713	
-0.638424	-0.667018	6206	
0.677991	0.642974	4735	
0.933270	-0.262330	300	
-0.744496	-0.654835	6600	
0.025412	0.377493	1145	
0.038983	0.415885	382	
0.586060	-0.153311	524	
0.047628	-0.238395	1211	
-0.157894	0.192272	924	
-0.403395	0.503745	5048	
0.590894	0.000310	6225	
0.288556	0.380750	1732	
0.268591	0.259919	1995	
0.327418	0.337413	2048	
0.539897	-0.130956	3559	
-0.491069	-0.290242	4097	
-0.345607	-0.039145	6607	
0.452321	0.178220	1422	
-0.190799	0.526397	3318	
0.210009	-0.436979	997	
0.311789	-0.323621	4789	
-0.329706	0.178813	5858	
-0.264597	-0.272238	543	
0.517958	0.060400	1393	
-0.315020	0.092346	2208	
-0.592163	-0.089335	4287	
-0.104047	0.273992	6041	
0.185269	0.681056	5875	
-0.226305	0.635617	2099	
0.596798	0.306854	4814	
0.281532	0.695016	557	
-0.593215	0.420777	5453	
-0.595148	-0.435592	2482	
0.706089	-0.293955	3189	
0.575212	-0.533227	2919	
0.426608	-0.684815	5510	
0.498160	-0.669896	4640	
-0.523341	-0.676342	5126	
-0.860079	-0.200686	2717	
0.357884	0.833555	1830	
0.909518	0.206822	6576	
0.649572	-0.715539	6888	
-0.953067	-0.265160	6580	
0.178979	0.336283	6501	
-0.037809	0.257297	1084	
0.232136	-0.069282	6265	
-0.024212	0.346744	1514	
-0.095422	-0.595870	3975	
0.326714	0.409009	1876	
0.272032	0.286934	1715	
0.366217	0.349586	3704	
0.424088	-0.357250	2086	
-0.479285	0.357310	4729	
0.080416	-0.369784	6296	
0.401980	-0.310019	1224	
0.235936	-0.350335	4197	
0.345722	-0.288390	4233	
-0.216277	-0.466002	2115	
0.433636	0.109339	2691	
-0.262997	-0.469524	2450	
0.173199	-0.319134	582	
-0.415245	0.455984	3769	
-0.519189	0.353198	1799	
0.083136	0.527112	6920	
0.385307	-0.490522	6402	
-0.026396	0.719711	1655	
0.178048	-0.659568	3947	
0.699256	-0.052071	975	
-0.500862	0.558902	2883	
-0.473786	-0.596799	3059	
-0.569255	-0.536128	5237	
-0.725586	-0.342144	4580	
-0.696442	-0.449725	3679	
-0.811189	0.261382	2429	
-0.424316	0.773159	4826	
0.888907	-0.090997	2365	
0.876376	-0.314794	5272	
0.095365	-0.959567	275	
-0.954086	0.252747	6477	
0.164201	0.190126	6917	
-0.623924	-0.079056	4759	
-0.204400	0.132400	6375	
-0.319017	-0.517111	1507	
0.327714	0.407441	1876	
0.280216	0.304026	1591	
0.469226	0.280249	3705	
-0.072286	-0.553324	2403	
-0.141240	0.406688	3764	
0.390855	0.067471	3009	
-0.558090	0.087045	3906	
0.417666	-0.220404	1319	
0.342449	-0.314802	4883	
0.048007	-0.498931	5557	
-0.147040	0.468473	3154	
0.365358	0.141113	1993	
-0.075530	0.492186	5395	
-0.558358	-0.224147	5846	
0.205795	0.299727	1879	
-0.454995	-0.441490	5814	
0.057761	0.705720	4792	
-0.650737	-0.228712	3840	
-0.099872	-0.692787	2712	
0.587100	0.423180	4821	
-0.416973	0.652184	4795	
-0.595375	0.513255	988	
-0.402862	0.702891	1559	
-0.398585	0.730182	2014	
-0.294571	0.806099	3949	
0.528766	0.695454	5268	
0.572195	-0.681191	3369	
0.484525	-0.792369	3850	
-0.942126	-0.165322	5662	
0.161115	0.968219	6538	
0.557590	0.232431	3116	
-0.544824	0.341618	2322	
-0.071362	0.276219	509	
0.465406	-0.367807	3496	
0.297766	0.379395	1732	
0.327961	0.348372	2048	
0.525275	-0.183771	3124	
-0.574199	0.124426	1805	
-0.031334	-0.369552	2917	
0.361435	-0.358195	1625	
0.351917	-0.244249	4028	
0.377057	-0.264168	3412	
0.210942	-0.375860	3652	
0.093397	-0.393168	581	
0.472561	-0.216183	2140	
-0.330241	0.012942	6278	
-0.568212	-0.178637	3558	
-0.148280	0.225642	6078	
-0.483883	-0.399009	2356	
-0.543690	-0.332195	5744	
-0.114205	0.719855	1219	
-0.694135	0.142388	1281	
0.584176	-0.425628	571	
0.603235	-0.426564	571	
0.626275	0.440937	603	
0.538137	0.580764	1708	
0.487933	0.659547	1328	
0.565513	0.626859	1788	
0.820873	-0.268022	4592	
-0.008413	-0.886796	3525	
-0.157645	-0.911917	496	
0.272386	0.900133	715	
0.940210	0.248957	2837	
0.170832	0.296779	641	
0.230723	0.077997	6351	
0.039306	0.652364	1596	
0.509928	0.275672	4199	
0.290671	0.345010	2072	
0.493784	0.247690	2823	
-0.199657	-0.524603	2408	
-0.250522	0.250795	6244	
0.463575	0.167034	2076	
-0.227339	0.330785	5853	
-0.074446	-0.500713	489	
0.036433	-0.418583	3021	
0.421966	0.011151	1920	
0.023453	-0.527004	6064	
-0.089949	-0.339788	2657	
-0.593488	0.104658	5769	
-0.141769	0.631524	4889	
0.463990	-0.402908	3547	
0.339328	0.508633	2957	
0.631073	-0.227642	4163	
0.512573	0.452039	4662	
-0.503739	0.528632	5860	
-0.468193	-0.568872	2983	
0.764941	-0.021011	1083	
0.777352	-0.118801	2875	
0.811320	0.004225	2988	
0.837983	0.035959	5443	
0.244196	-0.822640	2491	
-0.473745	-0.747663	2587	
-0.812728	-0.432483	4375	
0.627662	0.692329	5940	
0.958151	-0.146784	5571	
-0.619356	-0.774447	6722	
-0.124149	0.190529	352	
-0.241992	-0.001998	4339	
0.160657	-0.575131	862	
0.317759	0.393447	1722	
0.376191	0.356552	4323	
0.319250	-0.455189	3006	
-0.130815	0.566492	1339	
0.370776	-0.112096	5436	
-0.509418	-0.204988	2416	
0.452877	-0.133824	3532	
-0.160080	-0.484562	2781	
0.466502	-0.124061	3016	
-0.547547	-0.114036	2500	
0.219282	-0.291945	556	
-0.378622	0.487016	2542	
-0.608645	0.100652	5769	
0.095610	0.561611	2197	
0.553887	-0.284153	515	
-0.671826	-0.074815	3336	
0.617836	-0.292468	4786	
0.507784	0.483756	4972	
-0.738967	-0.030246	1827	
0.499939	-0.577153	912	
0.419065	-0.661677	2771	
0.381699	-0.709902	3553	
0.570352	-0.609006	3730	
-0.326121	-0.790542	2779	
-0.752888	-0.462588	3619	
-0.471527	0.777390	5132	
0.757904	0.545069	5371	
0.887639	-0.385124	377	
-0.750649	-0.646637	6600	
0.242033	0.004229	1057	
-0.564945	0.286301	2423	
0.423879	0.367951	1274	
0.331926	0.365067	3175	
0.508060	-0.229240	3623	
-0.520702	0.289583	5043	
0.208330	-0.320375	789	
-0.001059	-0.519290	5750	
0.433832	0.006272	4835	
0.165290	-0.455783	977	
0.296475	-0.387008	1010	
-0.297686	0.505270	1464	
0.366891	-0.052729	2968	
-0.148163	0.593960	1313	
-0.557311	-0.231668	5846	
-0.621219	0.115147	5701	
0.130418	-0.611851	3593	
0.194822	0.719165	1007	
0.209517	-0.649960	4293	
0.696060	0.082060	5176	
-0.676119	0.309430	5175	
-0.070874	-0.758296	1168	
0.120433	-0.773161	3691	
-0.183618	-0.781943	3360	
0.179621	-0.812949	4127	
-0.691442	-0.499692	1712	
-0.864515	-0.177702	2954	
0.357407	0.832493	1830	
0.853223	0.377010	4663	
0.799591	-0.543091	577	
-0.840768	-0.522623	527	
-0.039550	0.668686	4800	
0.025771	0.482556	1056	
0.570912	0.133551	3511	
0.319484	0.376919	2039	
0.554738	-0.072213	3479	
-0.558817	-0.148141	2053	
-0.095054	-0.354026	2402	
0.329635	-0.389409	1189	
0.359422	-0.231065	2300	
-0.432124	-0.309054	2937	
0.120171	-0.480778	984	
-0.166426	0.418475	1956	
0.369771	0.167732	2083	
-0.068322	0.551632	4815	
-0.488313	-0.345255	1208	
0.244089	0.426198	6712	
-0.148856	-0.611033	4547	
0.358241	0.557481	1013	
-0.111838	-0.674809	2982	
0.628226	-0.307289	2831	
-0.367144	0.660124	1442	
-0.426042	-0.630835	2690	
-0.368708	-0.689308	2563	
-0.504450	-0.623968	5442	
-0.243631	-0.793771	3969	
-0.832277	-0.180870	5661	
-0.870292	0.141449	3913	
0.699230	0.559475	3784	
0.897725	0.251738	5818	
0.717005	-0.647426	6401	
0.189949	-0.057174	3699	
-0.096251	0.210803	315	
-0.075288	0.275093	509	
0.587438	-0.028697	4168	
0.332392	0.386077	2471	
0.558999	0.057964	1620	
-0.513248	-0.256532	3192	
-0.212026	-0.290795	3551	
0.432654	-0.268634	6070	
0.314634	-0.286317	4607	
-0.214105	-0.337850	752	
-0.085027	-0.502175	489	
-0.319575	0.176435	3721	
0.382427	0.218231	1360	
-0.079126	0.492429	5395	
-0.447602	-0.392738	1183	
0.202552	0.280914	6346	
-0.251469	-0.578023	4595	
0.616949	0.212071	4763	
-0.293075	-0.619161	1160	
0.504449	-0.483698	4963	
-0.118841	0.760011	6612	
-0.584510	-0.487548	3283	
-0.598967	-0.500294	3887	
-0.663273	-0.449933	4160	
-0.461884	-0.688885	1542	
-0.849113	-0.065447	4544	
-0.800309	0.366901	2912	
0.796132	0.407456	5698	
0.913111	0.186905	3570	
0.667158	-0.698221	1356	
-0.908257	-0.391257	6807	
-0.164508	0.151288	819	
-0.147309	0.206700	924	
0.573949	-0.129691	1008	
0.347332	0.388838	2945	
0.560066	0.050685	1620	
-0.501724	-0.277316	5733	
-0.269155	-0.230481	3357	
0.441768	-0.253642	5868	
0.289724	-0.309299	4435	
-0.278977	-0.278198	542	
-0.159193	-0.488254	2781	
-0.323108	0.169143	3721	
0.384272	0.220490	1315	
-0.082155	0.486010	5395	
-0.420529	-0.419601	1401	
0.212209	0.159276	6390	
-0.256636	-0.575791	4595	
0.528568	-0.374730	532	
-0.329891	-0.600548	2962	
0.468872	-0.518121	4087	
-0.079920	0.767810	1809	
-0.613498	-0.450317	2829	
-0.620245	-0.473286	3241	
-0.708333	-0.373994	4719	
-0.557235	-0.613525	2212	
-0.850622	-0.040182	5020	
-0.777158	0.412856	2368	
0.812981	0.372031	5674	
0.915330	0.175192	6306	
0.661008	-0.703908	1356	
-0.909344	-0.388436	6807	
-0.086480	0.263907	634	
0.578968	-0.103678	1006	
0.363322	0.386015	4401	
0.560793	-0.040618	3465	
-0.565123	-0.127332	2640	
-0.127975	-0.340895	1918	
0.361373	-0.360930	1625	
0.353645	-0.238961	2300	
0.230946	-0.367481	4416	
0.068502	-0.493795	1875	
-0.255986	0.281801	2598	
0.373764	0.190774	1260	
-0.072323	0.524472	4529	
-0.406564	-0.433194	1474	
0.202092	0.277947	6346	
-0.202313	-0.596229	3520	
0.602029	0.249789	5155	
-0.245378	-0.639061	1251	
0.535733	-0.448576	4116	
-0.169349	0.746597	1293	
-0.561021	-0.513966	2921	
-0.572553	-0.530006	5157	
-0.638179	-0.484703	4891	
-0.451736	-0.695245	5282	
-0.845161	-0.103322	5711	
-0.813791	0.335505	2910	
0.777479	0.441945	2568	
0.903795	0.227679	6605	
0.694297	-0.671200	6893	
-0.888402	-0.434471	6513	
-0.056525	-0.608720	4653	
0.016531	0.459585	1345	
0.586401	0.013088	3472	
0.381893	0.376902	4323	
0.497706	-0.255645	3654	
-0.579909	0.102633	5392	
0.057242	-0.368470	5971	
0.180187	-0.481286	1892	
0.417648	-0.096508	5632	
0.441274	-0.109434	3036	
0.301325	-0.381594	1040	
-0.219894	0.533876	3245	
0.374075	0.049022	2922	
-0.109614	0.590368	4913	
-0.413632	-0.428237	1474	
0.244847	0.428007	6712	
-0.045516	-0.625936	1872	
0.294457	0.643193	5935	
-0.005675	-0.683190	3089	
0.663408	-0.221371	2193	
-0.443509	0.606887	2074	
-0.345068	-0.677995	2433	
-0.330031	-0.707965	2819	
-0.452968	-0.661858	5554	
-0.169139	-0.812545	4649	
-0.808590	-0.266737	2434	
-0.878269	0.073759	4385	
0.649639	0.616815	5071	
0.868076	0.339969	4515	
0.773504	-0.578582	685	
0.122214	0.664878	1105	
0.241763	0.021764	1057	
-0.248868	0.602154	2531	
0.554659	0.175938	1791	
0.446559	0.322371	2020	
0.344805	-0.440409	2949	
-0.224941	0.560349	1834	
0.342280	-0.175627	5477	
-0.341051	-0.413007	2768	
0.464016	0.061507	5308	
0.441232	-0.113369	3036	
0.454763	-0.155106	4304	
-0.562694	0.081558	3906	
0.317507	-0.192167	3739	
-0.373238	0.489934	1734	
-0.466453	-0.375563	1406	
-0.479548	0.431218	3968	
0.282487	-0.556782	882	
-0.009906	0.721226	1655	
0.345092	-0.588665	2357	
0.663783	0.222083	688	
-0.723235	0.162374	5431	
0.044057	-0.759839	3195	
0.240117	-0.744606	3370	
-0.072534	-0.799454	5275	
0.283966	-0.782469	3048	
-0.634122	-0.569946	2551	
-0.829895	-0.299498	2856	
0.230783	0.879452	5407	
0.789068	0.497648	4605	
0.865644	-0.430069	492	
-0.749073	-0.647253	6600	
0.196509	-0.061133	812	
-0.221367	-0.009560	3923	
-0.157046	-0.186858	1170	
-0.167509	-0.577786	2645	
0.478921	0.306689	3389	
0.538222	0.167806	2204	
-0.013426	-0.561938	3641	
-0.137450	0.404644	1994	
0.384629	0.101560	2552	
-0.390273	0.434305	1894	
0.396774	-0.265108	6048	
0.405542	-0.187378	5763	
0.441122	0.096959	4179	
-0.198346	-0.495540	2199	
0.025073	-0.358594	3157	
-0.576097	0.173400	1588	
-0.605079	-0.085500	4322	
-0.001838	0.288640	351	
0.616923	-0.080786	655	
-0.581576	-0.336208	3503	
0.677801	-0.088754	2828	
0.380219	0.609779	5387	
-0.700593	-0.230406	3756	
0.613896	-0.453258	915	
0.550365	-0.556431	2511	
0.509134	-0.624152	2643	
0.676056	-0.488424	4224	
-0.170815	-0.837363	1779	
-0.646240	-0.602434	2576	
-0.593820	0.686565	4582	
0.627930	0.691561	5940	
0.944820	-0.209237	493	
-0.605569	-0.784054	6722	
0.204575	0.322737	6155	
0.011258	0.447205	1345	
0.534121	-0.246775	973	
0.452600	0.329463	2020	
0.548962	-0.127027	3101	
-0.526733	-0.234072	3665	
-0.332013	-0.096109	2669	
0.508866	-0.046981	1921	
-0.352740	-0.124431	2341	
-0.144076	-0.490790	1563	
-0.372100	0.042809	5758	
0.170639	-0.373968	2406	
0.451277	-0.254631	5868	
-0.305483	-0.148204	457	
-0.520160	-0.275510	5478	
-0.355920	0.532286	5170	
0.611823	-0.043602	710	
0.266665	0.628919	1198	
0.668066	0.059395	4377	
0.347361	0.620668	673	
-0.647994	0.321276	1047	
-0.273831	-0.682484	1713	
0.736668	0.204285	565	
0.782640	0.069504	779	
0.788367	0.187961	3776	
0.807424	0.224555	4453	
0.420315	-0.747530	1262	
-0.268684	-0.842741	3713	
-0.703135	-0.593671	6295	
0.421172	0.836808	5448	
0.965648	0.080866	1036	
-0.406075	-0.904742	288	
0.007111	0.342392	6864	
-0.134961	-0.203834	472	
-0.527724	-0.309865	1245	
0.566265	0.134168	3511	
0.520656	0.219032	5082	
0.270196	-0.491075	3125	
-0.361685	0.487248	1807	
0.158698	-0.341000	471	
0.184067	-0.480712	2192	
0.357574	-0.230278	2300	
-0.202675	0.515269	3318	
0.369082	-0.310572	1023	
-0.227354	0.323100	5919	
0.418511	0.228600	2163	
-0.141733	0.373432	4188	
-0.323209	-0.486804	5649	
-0.195024	0.169390	743	
0.067980	-0.614278	851	
-0.202356	-0.597609	3520	
-0.473224	0.523822	5757	
-0.676272	-0.193627	4000	
0.704311	-0.162590	2884	
0.697657	-0.241296	2258	
0.440323	0.638592	781	
0.353993	0.730946	2136	
0.243856	0.809278	5134	
0.347450	0.784795	5553	
0.862166	-0.037940	1760	
0.265350	-0.846446	3342	
0.115721	-0.918155	3771	
-0.047390	0.938241	6604	
0.835709	0.497156	6918	
0.177171	-0.067995	3699	
-0.196092	-0.104394	4112	
0.203141	-0.138534	1167	
0.059766	0.618803	5857	
0.476363	-0.346500	3827	
0.507831	0.259948	2714	
0.554200	-0.108791	3540	
-0.327689	-0.464715	5870	
-0.194541	0.318743	1204	
0.383631	0.106245	2552	
-0.551093	-0.083433	2398	
0.435427	0.062821	5452	
-0.119669	-0.496053	753	
0.428718	0.031987	4927	
-0.321153	-0.432259	2641	
0.266113	-0.258110	2559	
-0.352207	0.504382	4974	
-0.295994	-0.512932	5904	
0.205868	0.300577	1879	
-0.054060	-0.625346	1872	
-0.570117	0.338761	3035	
-0.395305	-0.559809	3789	
0.256302	-0.649643	4454	
0.341052	0.676287	5958	
-0.659328	0.387921	2304	
-0.757208	0.192305	3248	
-0.667833	0.445316	2869	
-0.652717	0.505780	3622	
-0.587085	0.617809	2240	
0.215350	0.861282	5242	
0.772404	-0.441055	5521	
0.735734	-0.566548	5575	
-0.853283	-0.430846	6264	
-0.128354	0.972377	5957	
0.175737	-0.079741	3699	
0.038981	-0.221174	1211	
0.194110	0.227544	6759	
-0.148221	0.209451	1288	
-0.146854	-0.581405	3581	
0.579806	0.056964	4210	
0.551917	0.139454	3103	
0.275789	-0.488848	3125	
-0.511203	0.313092	5208	
-0.228709	-0.271271	3463	
0.503952	-0.089395	2658	
-0.215356	0.344897	5831	
0.463694	0.071351	5281	
0.477870	-0.040502	1858	
-0.366252	-0.028481	3445	
0.512584	-0.072196	2461	
-0.322231	-0.102237	2103	
-0.516763	-0.279473	5733	
-0.613948	-0.013516	4344	
-0.018207	-0.213040	852	
0.621487	-0.028523	996	
-0.532097	0.432059	4035	
0.535725	-0.421572	767	
0.610941	0.339791	4727	
-0.719198	0.179232	4992	
-0.100023	-0.753454	2343	
-0.275057	-0.730002	2070	
-0.501024	-0.624966	5442	
-0.465214	-0.684881	1542	
-0.841986	-0.122456	5414	
-0.720292	0.502756	5576	
0.847437	0.281357	4756	
0.928098	0.073635	4107	
0.457685	-0.848522	6908	
-0.975869	-0.147942	526	
0.177609	0.086018	810	
0.548650	0.250077	3614	
0.311528	-0.519711	5493	
-0.018548	-0.244582	6903	
-0.023943	0.656097	6416	
0.505243	-0.298099	706	
0.551571	0.164619	1791	
0.536087	-0.179457	3578	
-0.240367	-0.514727	3729	
-0.113320	0.449379	2215	
0.320352	-0.205374	3266	
0.216865	-0.467111	2290	
-0.289844	-0.249039	6323	
0.428033	0.000669	1920	
0.069935	-0.400004	510	
-0.236002	-0.479482	1845	
0.334729	-0.164923	3688	
-0.088547	0.572533	4411	
-0.199392	-0.548578	2846	
-0.200229	0.162021	1077	
-0.281015	-0.555725	1254	
-0.641573	-0.046135	4086	
0.141448	0.742403	1299	
-0.341310	0.637506	3267	
-0.698844	-0.163785	3798	
-0.223791	-0.699970	5777	
0.748798	0.153066	423	
0.767851	-0.160673	2825	
0.712936	-0.376572	5182	
0.757416	-0.350056	1778	
-0.151580	-0.840449	5359	
-0.661769	-0.584474	2478	
-0.124598	0.898452	4589	
0.707969	0.607797	5517	
0.897360	-0.358541	326	
-0.731444	-0.666199	6561	
0.198553	-0.025718	3636	
-0.097633	-0.200438	831	
0.226044	0.102631	476	
-0.065833	0.294908	2848	
-0.042171	-0.594885	4131	
0.580710	-0.047307	788	
0.570198	0.036627	1506	
0.268783	-0.494406	3125	
-0.578006	0.125646	1805	
-0.340431	-0.016724	6232	
0.385888	0.177608	2626	
-0.181928	-0.498002	2199	
-0.356023	-0.108501	2891	
-0.121632	-0.374681	4049	
-0.563699	0.056739	3135	
0.492174	0.137441	2527	
-0.333004	-0.048908	281	
-0.554313	-0.197702	3475	
-0.457353	-0.388954	1481	
-0.492443	0.415211	2796	
0.207502	-0.589482	4246	
0.536787	0.364833	4681	
-0.286231	-0.621544	1160	
0.269962	-0.643908	4454	
0.418105	0.604027	435	
0.350514	0.688736	6208	
-0.292296	0.738205	4932	
-0.189741	0.793696	1731	
-0.065621	0.838434	775	
0.264255	0.822909	5366	
0.853736	-0.118913	5111	
0.210800	-0.861119	2932	
-0.224999	-0.894759	3727	
0.227116	0.911541	6527	
0.943890	0.219519	6710	
-0.326210	-0.936292	2757	
-0.191614	0.085287	3645	
-0.015707	0.296879	351	
0.107886	-0.221555	6742	
0.056774	0.610942	5857	
0.372314	-0.455637	2961	
0.578211	0.036851	3053	
0.533124	-0.193796	4077	
-0.098677	-0.558544	2630	
-0.171513	0.576340	1604	
-0.115675	-0.341005	1918	
0.453682	0.195338	1759	
-0.228884	-0.480684	2115	
-0.274869	0.513661	4947	
-0.526085	-0.174177	1776	
0.511122	-0.077433	2461	
0.066485	-0.358331	5971	
-0.302749	0.534837	2007	
-0.129407	-0.568397	2515	
-0.097693	0.271273	6382	
0.255642	0.579664	6796	
-0.009331	0.690129	1710	
0.559774	-0.365123	3747	
0.599644	0.325091	4671	
0.358608	0.630926	5537	
-0.729779	-0.110499	3517	
0.024693	-0.759558	3164	
-0.315379	-0.712710	2614	
-0.695533	-0.394224	4388	
-0.778089	-0.272781	1483	
-0.832849	0.172194	4651	
-0.325009	0.818693	6051	
0.874221	-0.171162	3348	
0.827148	-0.422785	4505	
-0.840821	-0.453038	6608	
0.061682	0.977628	6143	
0.073153	0.489256	6393	
0.334978	-0.504352	903	
-0.157826	-0.188749	1170	
-0.601673	0.175742	1476	
0.486388	-0.326060	3809	
0.576440	-0.007871	3453	
0.405704	-0.394748	6082	
-0.497362	-0.292960	5483	
-0.129429	0.410583	2340	
0.191527	-0.322583	582	
0.465391	0.181942	1410	
0.146070	-0.496846	2043	
0.045297	-0.520147	5755	
0.516761	0.001103	2349	
0.216490	-0.300910	789	
-0.091463	0.478046	5867	
-0.330292	-0.477638	5649	
-0.575710	-0.196180	1365	
-0.073501	-0.214207	679	
0.259423	-0.568091	835	
-0.653711	-0.004520	4630	
-0.489757	-0.480102	3957	
-0.022104	-0.698455	1037	
0.703260	0.165497	474	
0.550524	-0.488310	846	
0.544198	0.539589	1333	
0.745367	0.246884	1127	
0.800159	-0.109372	5045	
0.796401	-0.250054	3774	
-0.170546	-0.836328	1779	
-0.720151	-0.509738	1783	
0.391625	0.812968	1849	
0.800390	0.477654	6848	
0.780759	-0.567274	301	
-0.866695	-0.474278	6500	
0.099418	0.670981	6123	
0.305467	0.470374	2854	
-0.236558	0.070496	6570	
-0.371027	-0.475741	1478	
0.531873	-0.238871	722	
0.556240	-0.132951	4130	
0.204211	-0.527467	3967	
-0.585576	0.075184	4512	
-0.246925	0.247027	6700	
0.116256	-0.351496	589	
0.396089	0.208366	1359	
0.485952	0.148025	2175	
0.426001	0.218875	3118	
0.165353	-0.330163	471	
-0.142750	0.376787	1971	
-0.505860	-0.292982	5483	
-0.179034	-0.563266	2878	
0.121943	-0.220334	6742	
0.392937	-0.473984	3797	
-0.590158	0.278919	3088	
0.661674	0.102761	5422	
0.581143	0.356531	3748	
0.435975	0.554805	5104	
-0.708462	0.217176	5515	
-0.400116	-0.645616	2554	
-0.706547	-0.328160	2803	
-0.760872	0.249339	5030	
-0.637381	0.524326	3674	
-0.406225	0.751386	1924	
0.810193	0.298936	3485	
0.367463	-0.807163	3097	
-0.122587	-0.914582	3579	
0.191248	0.919764	5959	
0.950523	0.185079	454	
-0.261843	-0.558555	3980	
0.228000	0.398849	6720	
-0.134973	0.226171	5902	
-0.150033	-0.578449	3581	
0.535377	-0.227517	971	
0.512663	-0.248813	3188	
0.028283	-0.565998	4032	
-0.556680	0.214457	5056	
-0.177045	0.335960	6333	
-0.100626	-0.345183	2402	
0.287458	-0.243547	3451	
0.241030	-0.284749	3582	
-0.202794	-0.286798	3062	
-0.115091	0.426024	2009	
-0.550392	-0.202444	3475	
-0.028302	-0.584718	4131	
-0.027189	0.380947	2019	
0.587809	0.169065	4655	
0.606679	0.133202	4965	
-0.253350	0.653163	5165	
-0.062491	-0.679779	2595	
0.263076	-0.646609	4454	
0.607449	0.390124	4054	
0.557803	-0.479615	846	
0.585404	0.492326	404	
0.783915	-0.026100	2345	
0.630820	-0.499911	3710	
0.489463	-0.672508	4806	
-0.705261	-0.476087	4245	
-0.820321	0.313087	3306	
0.836817	0.309773	4716	
0.927508	-0.068430	4109	
-0.357245	-0.890470	6674	
-0.254007	0.946950	6485	
0.103514	-0.987492	921	
0.538866	-0.281054	697	
0.207458	0.325675	6155	
-0.111312	0.248544	806	
-0.130968	-0.582505	3536	
0.519885	-0.260113	4126	
0.475381	-0.314493	3334	
-0.004191	-0.567960	3641	
-0.589340	0.029968	3877	
-0.088396	0.549158	5552	
-0.321808	0.100323	3078	
-0.331562	-0.077842	2669	
-0.255642	0.229161	6243	
-0.137129	0.583954	1399	
-0.469822	-0.343397	5516	
0.026671	-0.582512	4032	
-0.199664	0.615929	1612	
-0.123421	0.177911	360	
0.332104	-0.528317	546	
0.260356	0.661756	1408	
-0.643712	0.265842	5304	
-0.474858	0.535837	2033	
-0.270754	0.688506	4609	
-0.684854	-0.271194	1961	
-0.104414	-0.751910	1286	
-0.602755	-0.493442	3283	
-0.770111	0.218074	4825	
-0.590315	0.577679	6083	
-0.104624	0.854564	756	
0.849597	-0.140509	5111	
-0.001441	-0.884377	3152	
-0.907834	0.075817	4832	
0.474985	0.805823	508	
0.947034	-0.193235	569	
-0.686151	-0.712160	6599	
0.483322	0.349676	2012	
0.203020	0.300768	1879	
-0.110736	0.249320	806	
-0.192271	-0.566375	3238	
0.482391	-0.325565	3809	
0.467673	-0.329419	3474	
0.124243	-0.554791	4368	
-0.456384	-0.354764	5516	
-0.474428	0.375466	4644	
-0.192863	0.575847	1797	
-0.260999	0.552741	1847	
-0.592147	0.011239	4480	
-0.207124	-0.538573	2846	
0.046170	-0.582556	4550	
-0.333723	0.548585	4823	
0.205370	0.099571	358	
0.135199	-0.610763	3593	
0.019131	-0.627727	1667	
0.566561	0.353178	3748	
0.680913	-0.038301	6517	
0.686809	0.128364	5202	
-0.105489	0.761885	2046	
0.439604	0.607715	660	
0.265419	0.763998	1230	
0.659623	0.426355	623	
0.769308	-0.241173	4133	
0.617934	-0.557162	4665	
-0.690583	-0.496963	1712	
-0.785554	0.390979	4921	
0.876366	0.163024	2142	
0.872351	-0.319001	5272	
-0.934654	0.145021	317	
0.604211	0.763323	6209	
-0.017503	-0.991941	6024	
0.327488	0.476713	4879	
0.206984	0.319621	6155	
-0.141554	0.220946	5902	
-0.319903	-0.508537	1507	
0.399578	-0.425702	2606	
0.463898	-0.339724	3474	
0.258906	-0.507633	2633	
-0.081960	-0.565975	3473	
-0.375191	-0.437260	5613	
-0.414402	-0.402762	5569	
-0.188769	-0.543744	2360	
0.058251	-0.572404	4390	
-0.036208	-0.587469	4131	
0.031547	0.547367	5393	
0.203619	0.397050	6201	
0.120559	-0.613997	2392	
-0.631041	-0.115599	5026	
-0.017634	-0.666151	3089	
0.464102	-0.498810	4098	
0.442588	-0.539229	4040	
0.662033	0.287453	593	
0.191032	-0.708795	1828	
0.755678	-0.108599	3880	
0.358844	-0.694188	3146	
-0.687995	-0.405557	4431	
-0.811007	0.142314	4226	
-0.542296	0.656698	3233	
0.849884	0.143382	1488	
0.126085	-0.875973	3759	
-0.903276	0.108884	4711	
0.502327	0.788400	6592	
0.922759	-0.285752	300	
-0.774217	-0.613908	2750	
0.426842	0.407410	1014	
0.224085	0.384526	6727	
-0.205778	0.145136	6375	
-0.549147	-0.264111	1241	
0.179046	-0.560318	878	
0.417469	-0.403525	2924	
0.369675	-0.439605	2961	
0.246265	-0.516485	5266	
0.185455	-0.542049	4849	
0.203030	-0.538508	4769	
0.144196	-0.565416	4533	
-0.455033	-0.394252	1183	
-0.237718	-0.079964	6863	
0.181860	0.675685	5875	
0.225408	-0.582746	4266	
-0.641845	-0.043111	4086	
-0.358497	-0.563214	2668	
0.183307	-0.656436	3947	
0.072447	-0.694309	5136	
-0.330454	-0.635126	2382	
-0.520804	-0.518785	1815	
-0.031641	-0.758099	2662	
-0.730238	-0.269346	1460	
-0.514762	0.618394	4536	
0.325147	0.769889	5370	
0.805711	0.223819	4367	
-0.137447	-0.841482	5244	
-0.874187	-0.092883	5513	
0.781436	0.431191	2568	
0.921425	-0.122128	6578	
-0.941705	-0.112848	6130	
0.605028	0.761767	458	
0.536280	-0.285779	697	
0.285996	0.471023	2027	
-0.219031	-0.117274	6904	
-0.150509	0.634672	4873	
-0.242570	-0.546048	4363	
0.136109	-0.571968	873	
0.252450	-0.526650	5266	
0.210796	-0.544920	4769	
0.059847	-0.584746	4390	
-0.396600	-0.450450	1159	
0.029550	0.537535	4936	
0.248579	0.436823	6249	
0.397513	0.443616	5159	
0.449999	-0.431372	4222	
-0.144612	-0.612445	4541	
-0.183176	-0.640682	3999	
0.146362	-0.665608	4845	
-0.311381	-0.626069	2295	
-0.605392	0.396274	5706	
-0.708887	-0.201290	3988	
-0.661309	-0.372604	2722	
-0.358785	0.703918	1439	
0.549339	0.564621	5676	
0.728275	-0.343290	4144	
0.219071	-0.799909	1724	
-0.840831	-0.122097	5414	
-0.081707	0.879851	443	
0.610302	-0.643327	4396	
-0.156547	-0.908091	496	
0.229394	0.910545	6527	
0.962957	-0.082136	748	
-0.675612	-0.721551	6599	
-0.574533	0.285649	2423	
0.483759	-0.361029	4606	
0.187311	-0.161324	6836	
-0.056417	0.319275	2061	
-0.273614	0.586237	4744	
-0.601198	-0.120919	3685	
-0.598371	-0.132068	4110	
-0.436136	0.465133	3769	
-0.100942	0.266469	6382	
0.200637	0.201229	2324	
0.207893	0.667905	5685	
0.501312	0.341870	3669	
0.555830	0.270259	4380	
0.300844	0.570464	1503	
0.622821	-0.239513	4173	
0.354885	-0.581468	2357	
-0.172990	-0.676768	5790	
-0.526366	0.501190	5713	
-0.726679	0.135815	4991	
-0.590918	0.485064	5647	
0.211831	0.785273	1367	
0.780067	-0.070511	2955	
-0.043144	-0.799161	5148	
-0.804624	-0.172219	5325	
-0.584339	0.618410	2240	
0.856930	-0.079310	3191	
-0.206796	-0.858473	2723	
0.052943	0.905600	6186	
0.810357	0.458759	5318	
0.191452	-0.942316	6678	
-0.111861	0.972435	5915	
0.157285	-0.979803	6028	
0.058893	0.447020	4219	
-0.047494	0.256328	6128	
0.206252	0.309179	6155	
0.217365	-0.118062	1166	
-0.067229	-0.240997	1165	
-0.029195	-0.248635	6912	
0.227257	0.105890	6899	
-0.109827	-0.600107	3975	
-0.130020	0.659703	2335	
0.258473	-0.559223	835	
0.510647	-0.356664	4634	
-0.473073	0.461320	2752	
-0.051867	0.714439	1577	
-0.317218	0.638436	5345	
0.646764	-0.213498	2165	
0.296395	-0.631512	4467	
-0.684394	0.223181	1144	
-0.735654	0.064678	2441	
-0.310881	0.708270	5297	
0.362891	0.700493	5988	
0.717854	-0.310156	4753	
-0.643564	-0.472247	4777	
-0.723269	0.393578	5177	
0.288646	0.811443	5854	
0.282733	-0.806533	5156	
-0.834294	-0.278150	2529	
0.792183	0.409941	5698	
0.859732	-0.349740	5944	
-0.403108	0.845867	4865	
0.877303	0.409979	6443	
-0.355276	-0.924001	6016	
-0.170672	0.124685	818	
0.175042	0.175650	5948	
-0.221816	0.035566	366	
-0.206744	0.089576	820	
0.224192	0.015504	318	
0.207893	0.667905	5685	
0.333353	0.490906	3884	
0.614224	-0.000002	5926	
0.521265	-0.340766	512	
0.231263	0.678668	6821	
0.269340	0.642854	6303	
-0.209436	-0.632130	3767	
-0.401535	-0.553862	4456	
0.353824	0.610836	673	
0.619992	-0.318620	1926	
-0.013139	-0.714783	954	
-0.640362	-0.362167	1340	
-0.675661	0.352465	5651	
0.325760	0.727751	5454	
0.690124	-0.367126	3141	
-0.758290	-0.248606	2958	
-0.514777	0.646661	5112	
0.716785	0.431667	5216	
-0.378657	-0.762129	5670	
-0.783016	0.394178	4921	
0.830070	-0.315899	4689	
0.196557	-0.902200	4329	
0.153146	0.926463	6127	
0.957496	-0.128290	6613	
-0.835877	-0.525056	893	
0.401074	-0.908650	2735	
0.207893	0.667905	5685	
0.181860	0.675685	5875	
0.181860	0.675685	5875	
0.316856	0.502656	2036	
-0.627678	-0.092902	4654	
0.369131	-0.502892	6049	
0.595122	-0.181867	963	
0.164843	0.699980	6575	
0.590772	0.199586	4298	
-0.620922	0.274659	4062	
-0.535983	0.452197	4278	
0.557023	-0.391155	661	
-0.701515	-0.021397	1278	
0.458625	0.530533	4977	
0.442814	0.579355	5052	
-0.334598	-0.653189	2350	
-0.537935	-0.534524	2967	
0.042466	0.808987	5203	
0.745918	-0.235255	3768	
-0.745794	-0.283464	1322	
-0.392536	0.730084	2014	
0.821365	0.149215	5220	
-0.591250	-0.611299	4898	
-0.438292	0.760579	5019	
0.625763	-0.627887	3738	
-0.905168	-0.090118	3630	
0.551306	0.753321	5096	
0.661289	-0.700446	1356	
-0.315756	0.926992	6568	
0.203138	-0.971194	6005	
0.181860	0.675685	5875	
0.276481	0.537817	6210	
-0.629923	-0.079033	4759	
0.501404	-0.369735	4621	
0.621810	0.016184	5921	
-0.061819	0.682675	6421	
0.562410	0.265570	4380	
-0.620498	0.275483	4062	
-0.076819	0.725453	1648	
0.230344	-0.640678	4486	
0.127156	0.750355	1026	
0.615754	-0.326422	1926	
-0.663182	0.281415	1073	
-0.487912	0.566758	2062	
0.462905	-0.569193	6455	
0.220409	-0.725846	2990	
-0.531454	0.576011	4782	
0.779129	0.076554	507	
-0.578282	-0.549857	5237	
-0.573348	0.593518	4366	
0.812928	0.189538	4819	
-0.630305	-0.570535	2551	
-0.186489	0.861003	5014	
0.449472	-0.763198	2795	
-0.563953	0.704453	5526	
0.762004	0.535261	6240	
-0.490075	-0.821191	6519	
0.591535	0.770326	1289	
-0.094922	-0.986121	6558	
0.267896	0.549904	6210	
-0.037805	-0.617991	1872	
0.591393	-0.193807	963	
0.276146	0.593189	6603	
0.511398	-0.357858	4634	
-0.627457	0.257732	5568	
0.135011	0.741457	1026	
0.122481	-0.669741	3973	
0.357589	0.606527	673	
0.387177	-0.579674	2126	
-0.049207	0.753344	1733	
0.329551	0.684913	5435	
-0.466650	-0.566968	2983	
0.083051	0.791806	6111	
0.744735	0.164394	423	
-0.609931	-0.481844	2857	
0.388762	0.703160	6609	
0.112154	-0.792207	3990	
-0.779948	0.260968	2094	
0.663431	0.510255	4048	
-0.544619	-0.653034	2496	
-0.221145	0.852007	5101	
0.358596	-0.809117	3097	
-0.214426	0.877581	5053	
0.862063	0.349029	4515	
-0.782663	0.515943	4139	
0.798756	0.548066	6740	
-0.348607	-0.925948	6016	
0.249729	0.616901	1106	
0.594159	-0.184921	963	
-0.214822	0.640241	2099	
-0.650604	0.050635	1335	
0.666001	0.032530	6234	
0.000536	-0.681006	2692	
0.526788	0.428579	5114	
0.218319	-0.661796	4293	
0.271035	0.712402	557	
0.695954	-0.182257	2726	
-0.737064	0.001021	2437	
0.684433	-0.266904	3680	
0.178869	-0.736589	2948	
-0.155175	0.782602	483	
0.517662	-0.583777	843	
-0.677969	0.424731	2881	
0.794370	-0.132500	4095	
-0.743252	-0.351411	4315	
0.093352	0.859677	4839	
-0.266445	-0.807807	4019	
-0.524851	0.702058	5496	
0.499712	-0.731056	5804	
-0.247659	0.868299	5594	
0.879036	0.302812	630	
-0.635231	0.688294	5039	
0.873121	0.416938	6443	
-0.504561	-0.849946	6056	
0.596920	0.137157	4710	
-0.057302	0.683479	6421	
-0.641532	0.216542	4002	
-0.663476	-0.180506	4021	
0.650826	0.197373	4574	
-0.168176	-0.675788	3977	
0.329469	0.659016	5500	
0.577130	-0.424448	768	
-0.727231	0.125427	2370	
0.460386	-0.570388	6455	
-0.346509	-0.673572	2141	
0.417912	0.655048	295	
-0.456833	-0.628726	3461	
0.544825	0.567208	1708	
-0.547632	-0.579801	3907	
-0.047836	0.837903	5342	
0.400649	-0.725345	5434	
-0.722528	0.445131	1716	
0.434370	-0.735543	2494	
-0.836015	0.262134	2879	
0.711685	-0.528445	4440	
-0.625324	0.649596	4459	
0.835233	0.409197	6719	
-0.663018	0.661461	5724	
0.883719	0.393291	985	
0.519146	-0.846508	6560	
0.239907	0.662521	6543	
0.273647	0.600193	6603	
-0.667918	-0.065415	3336	
0.265811	-0.626099	3174	
-0.698112	-0.060020	4085	
0.492225	0.494583	5010	
0.579206	-0.420781	768	
-0.735837	0.040256	2358	
0.518161	-0.518279	910	
-0.412401	-0.635137	2877	
0.534073	0.548138	1333	
-0.684852	-0.366274	4231	
0.771842	0.126316	1109	
-0.795767	-0.057370	3074	
0.804461	-0.035456	3052	
-0.812862	-0.118332	3908	
0.726272	0.412348	1629	
-0.764190	-0.369406	5121	
0.849646	0.131571	1986	
-0.757955	-0.444784	3864	
0.874381	-0.155736	2916	
-0.884445	-0.208568	3928	
0.681899	0.634486	4735	
-0.819526	0.454545	6315	
0.845676	0.470108	450	
-0.551373	-0.819648	2674	
0.529352	-0.840095	6426	
0.496866	0.360568	3091	
0.275098	0.595961	6603	
0.416613	-0.464928	3790	
0.581704	0.322026	4708	
0.600941	0.315887	4159	
0.694808	-0.054915	6517	
0.162214	-0.694595	1505	
-0.734556	-0.045854	1384	
0.682275	-0.269995	2951	
-0.067465	-0.753681	1168	
0.353123	0.707137	5988	
-0.594537	-0.499406	3283	
0.769811	0.137002	1107	
-0.780229	0.167471	4284	
0.615906	-0.513042	2987	
-0.741284	0.355543	1817	
0.705870	-0.437169	5481	
-0.731564	0.429350	1532	
0.069944	-0.848476	3924	
-0.350227	0.804745	6072	
0.058741	-0.880774	3984	
0.658473	0.602341	5158	
0.372571	-0.844352	5809	
0.371930	0.859061	5088	
-0.415287	-0.860314	5686	
0.721085	0.646771	522	
-0.413458	-0.897722	288	
0.574638	-0.809822	2736	
-0.673894	0.158896	4043	
0.015653	-0.680349	642	
0.543634	0.405535	5051	
0.661848	-0.217438	2193	
-0.599959	-0.383916	1369	
-0.726795	-0.111520	3517	
0.733439	0.048550	1124	
0.393364	-0.647529	2452	
-0.217751	0.763694	1952	
-0.171562	-0.757291	2512	
0.628926	0.466612	462	
-0.775397	-0.184875	5257	
0.699364	-0.392734	5284	
-0.716663	0.402732	5177	
0.509884	-0.652711	3672	
-0.343915	0.780456	5972	
-0.435986	-0.729394	2775	
0.767328	0.389660	5519	
-0.796710	-0.367951	2651	
0.802047	-0.378177	3524	
-0.234320	0.871376	5594	
0.924478	-0.080622	4109	
-0.144523	0.925767	6833	
0.776902	-0.568857	685	
0.422138	0.875195	6911	
-0.180115	-0.972798	6379	
-0.587496	0.420787	5453	
-0.168206	-0.690713	3977	
-0.501529	0.552802	2883	
-0.021407	-0.731631	1310	
-0.409425	0.647573	4725	
0.753041	0.109963	1268	
-0.732640	0.259960	3247	
0.673003	-0.394014	3085	
-0.220474	0.780844	1940	
-0.451904	-0.656304	5554	
0.717176	0.366929	5425	
-0.819406	-0.049758	5092	
0.752319	-0.351434	1937	
-0.469188	0.709341	4073	
-0.463694	-0.711822	1448	
0.856602	0.050874	1670	
-0.874997	0.039702	3810	
0.464662	-0.752276	5487	
0.538830	0.714127	5353	
0.100117	-0.914998	4660	
0.584305	0.726157	6341	
-0.658599	0.664612	5724	
0.951638	0.164631	6741	
-0.528193	0.824114	6055	
0.156463	-0.978304	6028	
-0.175532	-0.735335	1253	
0.574156	-0.494198	940	
0.355779	0.704603	5988	
-0.763090	0.143904	2812	
0.460206	-0.626649	5447	
0.073708	0.822477	597	
-0.638211	-0.476818	4891	
0.769066	-0.229598	4133	
-0.629151	0.529483	3034	
-0.237203	-0.787685	3969	
0.651463	0.522304	2049	
-0.844376	0.072293	3872	
-0.129654	-0.839807	5351	
0.756118	0.410001	5535	
-0.874189	-0.052240	4876	
0.395519	-0.790308	2558	
0.728207	0.512653	4378	
-0.897413	-0.123777	5842	
0.881160	0.293613	627	
-0.251541	0.901904	6505	
0.478020	-0.833438	313	
0.660108	0.708766	411	
-0.607897	-0.777550	6722	
0.500521	-0.856674	6298	
-0.122603	0.806218	736	
-0.625402	0.496936	2195	
-0.641955	-0.471477	4777	
0.339875	-0.722848	3489	
0.608381	0.529741	1780	
-0.817080	0.075954	3826	
0.127332	-0.814722	4183	
0.655186	0.516716	2049	
-0.799655	0.279917	5073	
-0.389472	-0.754557	5670	
0.779486	-0.351719	4613	
-0.326818	0.813510	5851	
-0.635043	-0.606861	3246	
0.690679	-0.553214	3964	
0.571102	0.686792	5607	
-0.894649	-0.139941	5842	
0.914369	0.158957	6721	
-0.045025	0.936124	6604	
-0.868678	-0.370983	6141	
0.886238	0.384881	1039	
-0.505914	0.837187	6165	
0.073740	-0.987155	920	
0.716231	-0.687977	6031	
-0.273678	-0.774419	3326	
0.368229	-0.738785	3918	
0.831184	-0.006503	4182	
0.382614	0.758988	5497	
-0.731113	0.427498	1475	
-0.649740	-0.544995	1587	
0.098188	-0.844339	4397	
0.856228	0.031120	5144	
-0.484403	0.728337	4682	
-0.721681	-0.498173	1783	
0.463603	-0.751981	5487	
0.877620	0.132822	2425	
-0.057599	0.901995	5093	
0.142221	-0.908561	4009	
0.798669	0.474987	5318	
-0.182678	0.918354	5224	
-0.938420	0.006862	4433	
0.925133	0.276559	6611	
0.098348	0.968128	6468	
-0.209113	-0.966026	2756	
0.760830	-0.387272	2696	
0.848280	-0.112247	1960	
0.741576	0.432530	1473	
0.057090	0.880203	798	
-0.837822	0.247703	3280	
-0.673406	-0.561537	2501	
0.280233	-0.836717	3008	
0.848252	-0.257084	4129	
0.702432	0.546145	4755	
-0.225542	0.872788	5053	
-0.393150	-0.825270	5267	
0.917007	0.138954	5302	
0.224396	0.910149	6527	
-0.569709	0.741556	6529	
0.051800	-0.955475	341	
0.843969	0.470535	450	
-0.005288	0.973325	6282	
-0.245177	-0.957116	6001	
0.885778	0.039152	5889	
0.874947	0.144871	2425	
0.796500	0.392140	5563	
0.487336	0.749950	1906	
-0.056456	0.901440	5093	
-0.702760	0.559624	3766	
-0.362972	-0.838152	5976	
0.908428	-0.178166	5605	
0.664948	0.650096	5251	
-0.046424	0.935455	6604	
-0.624483	0.695744	5032	
-0.664309	-0.675077	1000	
0.946815	0.185865	454	
0.514288	0.820921	5905	
-0.796312	0.570198	849	
0.001778	-0.988776	6024	
0.649484	-0.749931	2683	
0.646262	0.668043	5727	
0.579196	0.728096	6341	
0.399893	0.843768	6643	
0.098484	0.931730	370	
-0.229816	0.906727	5543	
-0.545890	0.758837	4680	
-0.773807	0.524459	6407	
-0.896038	-0.281595	6769	
0.915638	-0.297454	357	
0.805649	0.532961	6521	
0.358580	0.901077	6398	
-0.661059	0.720404	2833	
-0.162893	-0.974262	6641	
0.470184	-0.872124	6585	
0.808525	-0.576154	6019	
0.923727	0.275912	6611	
0.901112	0.343712	604	
0.839866	0.475539	6874	
0.729794	0.632960	498	
0.566703	0.783791	5934	
0.311015	0.918397	5734	
-0.083545	0.968056	6066	
-0.820996	0.532616	1965	
-0.425500	-0.889766	436	
0.242619	-0.958982	2765	
0.646238	-0.751825	2683	
0.312590	-0.937762	2682	
0.318749	-0.935844	2682	
0.378954	-0.913600	339	
0.618017	-0.774062	396	
0.757845	-0.639424	6030	
