time = 427.05	Re = 90
0.589811	-0.799177	5996	
0.634293	-0.764342	2787	
0.721960	-0.682131	2682	
0.832377	-0.541927	6585	
0.934635	-0.336220	5983	
0.990198	-0.077652	6321	
-0.778952	-0.607612	6693	
-0.692516	-0.704809	535	
-0.448150	-0.881205	5979	
-0.052378	-0.987618	6530	
0.563595	-0.813789	921	
0.987578	-0.079287	6321	
0.392431	0.910938	6118	
-0.991826	0.041754	2728	
0.337308	-0.934104	2673	
0.835482	-0.537117	2675	
0.993308	0.002544	2738	
0.350900	-0.865515	4331	
0.412509	-0.837955	6739	
0.529344	-0.769697	5232	
0.688769	-0.631200	4425	
0.847805	-0.391794	3735	
0.925047	-0.129281	301	
0.798442	0.485277	6884	
0.660943	-0.722187	5997	
-0.955559	0.243509	5993	
-0.127945	-0.980378	6489	
0.989634	0.047402	6681	
-0.874501	0.469537	2663	
0.643495	-0.756565	6029	
0.990683	-0.071386	6321	
0.878739	0.463204	6586	
0.597335	-0.659902	2932	
0.696464	-0.554603	3443	
0.868158	-0.197600	5031	
0.597926	0.661316	4716	
0.727872	-0.545236	3450	
0.582611	0.728337	4847	
-0.845630	0.398762	5633	
-0.685745	-0.633950	4280	
0.156938	-0.920607	6563	
0.762064	-0.540223	5806	
0.931565	0.069992	5920	
0.367956	-0.905839	5830	
-0.788934	-0.593751	526	
0.961295	-0.238438	2788	
-0.985272	0.121007	849	
0.859900	-0.496988	6560	
0.936936	0.330141	6150	
-0.774640	-0.425250	3187	
-0.599113	-0.649282	2856	
-0.059193	-0.881800	2587	
0.583058	-0.664539	3304	
0.870576	-0.154112	3964	
0.656920	0.593340	4508	
-0.340926	0.833177	338	
-0.883157	-0.101679	2910	
0.285432	-0.841791	5625	
0.210610	0.868267	5160	
-0.323292	0.881335	5943	
-0.563930	-0.744515	4376	
0.611453	-0.706393	6894	
0.931301	0.073129	5920	
0.944024	0.266751	1213	
0.017537	-0.988506	6397	
0.083969	0.988399	5911	
0.762895	-0.635890	339	
0.782158	-0.329231	2724	
0.816436	-0.231398	4701	
0.848653	0.013004	2696	
0.612575	0.587618	4482	
-0.781667	0.356967	5122	
-0.218746	-0.827864	2484	
0.094737	0.862113	2710	
0.873979	0.036451	3138	
-0.842782	0.267876	2503	
0.819878	-0.330309	3959	
-0.128458	0.888411	1180	
-0.738103	-0.494525	5848	
0.885271	0.098706	4075	
-0.346641	0.872281	370	
-0.147920	-0.922345	4424	
0.892165	-0.276373	6047	
0.032100	0.967327	708	
-0.376975	-0.913264	2750	
0.148424	0.980686	6473	
0.855899	-0.503823	6560	
0.860513	0.496170	6013	
0.355661	-0.751443	4612	
0.724705	-0.409681	5646	
0.573795	0.605354	4369	
-0.707883	0.468389	1924	
-0.317154	-0.780349	1587	
0.789640	0.298857	1960	
-0.699199	0.494722	2229	
-0.288148	-0.798502	2551	
0.800846	-0.280275	3878	
-0.660997	0.553686	6079	
0.575537	0.640023	3485	
0.467069	0.740905	3431	
0.676714	-0.568773	3087	
-0.410619	0.799850	5230	
0.091357	-0.883909	4164	
-0.888814	0.265927	4314	
-0.538784	-0.762877	4468	
0.868593	-0.343298	6549	
-0.857817	0.451870	276	
0.124514	-0.980823	6016	
-0.905070	0.407203	2498	
0.988975	-0.091371	2678	
0.690574	0.713935	6499	
-0.612550	-0.511491	5365	
-0.377351	-0.702023	3943	
0.510646	-0.610354	4478	
0.417439	0.680775	3258	
-0.635244	-0.499324	5634	
0.290245	0.758798	1780	
-0.483122	-0.661212	4315	
0.785115	-0.227846	4050	
0.548554	-0.624869	4127	
-0.092984	-0.837032	2148	
-0.666984	0.538856	6079	
0.400145	-0.747781	2670	
-0.327407	0.808591	614	
-0.373275	0.798688	6186	
-0.865009	0.179878	4330	
0.562329	0.683233	3405	
-0.408953	-0.788674	1783	
0.580004	0.712192	4847	
-0.302422	-0.883841	4973	
0.933466	-0.032593	6434	
0.264216	0.946564	1248	
0.989688	-0.037935	406	
0.640664	-0.758927	6005	
0.841625	0.527638	2685	
-0.784569	0.100376	5361	
-0.769307	-0.172478	4911	
-0.363499	-0.695994	3242	
0.776579	-0.100191	2711	
0.455425	0.637335	2653	
-0.793016	0.068809	3409	
0.296615	-0.731042	2601	
-0.626879	0.518137	5815	
0.113443	-0.787627	2667	
-0.221383	-0.776476	1689	
-0.162100	-0.802442	1650	
0.002945	0.833340	4805	
-0.010668	-0.841947	1263	
-0.750609	-0.398054	1962	
0.840689	0.116994	3133	
0.819798	0.260386	1697	
-0.665244	0.586385	4925	
0.437132	0.769796	3534	
0.180637	-0.869847	3713	
0.165116	0.919141	6341	
0.477342	-0.802747	5841	
0.746180	0.561788	5302	
-0.208360	-0.965832	6324	
-0.987160	0.103219	613	
0.970044	0.214087	2789	
0.462342	0.607659	1357	
0.214774	0.735030	1333	
-0.535852	0.587460	1692	
-0.673445	-0.378654	2659	
0.399592	-0.655505	3195	
0.587723	0.493695	423	
-0.592865	0.530455	5188	
0.620963	0.465408	1109	
-0.190038	-0.761257	3907	
-0.350708	0.745227	5528	
0.700500	0.367745	1912	
-0.597035	-0.529180	5257	
0.233503	-0.771817	3661	
0.716288	-0.394379	5510	
-0.619096	0.584437	4997	
-0.801296	0.292399	4555	
0.841384	0.112495	3133	
0.500928	0.699675	5609	
-0.640260	-0.607774	3277	
-0.642782	0.621384	5449	
0.868796	0.196468	4129	
-0.648871	-0.671564	6769	
0.933926	0.019355	4505	
-0.843394	0.508518	6165	
0.374048	0.918220	6118	
0.987100	-0.109975	2678	
-0.200802	0.764333	5600	
-0.429737	0.643203	1764	
-0.720965	0.200225	5060	
-0.392177	-0.622549	1340	
0.472013	-0.558494	4890	
0.715226	0.147195	3173	
-0.721123	0.207572	5060	
-0.769132	-0.040963	2851	
-0.775857	0.039363	2255	
0.662181	0.388342	536	
-0.375722	-0.679922	3655	
-0.408715	-0.670267	4388	
-0.790866	-0.074264	5207	
-0.742297	0.316362	4235	
-0.781381	0.220566	5630	
0.605993	-0.549158	2309	
-0.789104	0.303279	4094	
-0.704319	-0.474491	5655	
0.355314	0.771099	4473	
0.830524	-0.270783	3974	
0.856893	0.219378	3004	
-0.048759	-0.887062	2587	
-0.540886	0.765096	624	
0.818033	-0.450770	5694	
0.572702	-0.792022	5996	
0.976292	0.166923	2759	
0.943753	-0.309518	5991	
0.591688	0.797899	6502	
-0.494010	0.552361	5173	
-0.577622	0.451450	5379	
-0.698472	0.177690	5969	
-0.445796	-0.547349	1231	
0.653506	-0.247476	4040	
0.011625	0.724542	5537	
-0.735212	0.105941	1022	
0.201665	0.699382	344	
-0.410711	-0.610556	1135	
0.688813	0.242538	1837	
-0.448704	0.640246	2046	
-0.759332	-0.152775	3251	
0.058486	0.778378	295	
-0.208179	0.794765	5803	
-0.344663	0.748253	5528	
-0.717097	0.372769	4990	
-0.313368	-0.743704	4793	
0.816613	0.040377	1937	
0.568325	-0.621585	1751	
0.556967	-0.639772	4772	
0.771553	-0.372365	2025	
-0.400634	-0.786851	1783	
-0.871100	0.179624	4297	
0.705849	0.583734	3570	
0.540678	-0.761679	3771	
0.119061	0.928016	5096	
0.933749	-0.328439	6021	
0.908402	-0.401259	826	
0.583705	0.803732	6823	
-0.573245	-0.391573	5321	
-0.435389	-0.537022	1231	
-0.048315	-0.685621	4290	
0.489196	-0.477142	4293	
0.644070	0.224358	3308	
-0.637974	-0.285686	2291	
0.262851	0.633037	4981	
-0.452362	0.592436	5402	
-0.022128	-0.701861	2297	
-0.516609	0.531432	4652	
0.381069	0.617626	658	
0.185116	-0.708616	2176	
-0.493590	0.590451	399	
-0.055164	0.794319	5454	
0.283308	0.713728	404	
-0.455328	0.671087	4335	
-0.765550	-0.207836	4457	
-0.715078	-0.356437	4693	
-0.726584	0.390553	5018	
0.785607	0.277048	3770	
-0.722821	-0.445826	4544	
-0.771548	0.376142	5403	
-0.194568	0.870724	5418	
-0.636161	0.628285	5449	
0.163690	0.878490	5501	
0.290693	-0.887445	496	
0.430186	0.829224	6622	
0.881104	-0.450476	2736	
0.920250	-0.373566	396	
0.533906	0.837756	2548	
-0.399856	0.554024	1117	
-0.638479	-0.121072	3019	
0.016009	-0.630603	1249	
-0.649308	0.104647	5046	
0.634435	-0.169247	4697	
-0.560186	-0.401061	5321	
0.670183	0.118817	2165	
-0.519470	-0.458500	3818	
0.681823	-0.002378	4778	
-0.480921	-0.501630	4270	
-0.460206	0.585346	5402	
0.659109	-0.231324	4087	
-0.164082	-0.712089	1887	
-0.577901	-0.458146	2445	
-0.395169	0.671196	1988	
-0.707841	0.335232	4526	
-0.557628	0.569680	1952	
0.394417	-0.676368	4685	
0.560550	0.557310	2719	
-0.805308	0.085897	3563	
0.641692	0.507200	3257	
0.059322	0.849757	545	
0.676539	0.512279	5337	
0.775558	0.404554	5529	
-0.071389	0.892377	5666	
0.729988	0.510197	4684	
0.214696	-0.908780	6281	
0.397232	0.845623	5601	
0.959962	-0.241403	6007	
0.972429	-0.202112	6030	
-0.202712	0.673234	1342	
-0.533133	0.396239	2456	
0.578214	-0.209086	3790	
0.313720	0.530262	4238	
0.073292	0.605374	2957	
-0.473669	0.483641	1928	
0.153729	-0.609883	3849	
-0.554840	-0.326328	3613	
0.636369	-0.161478	4697	
-0.163804	-0.666968	4527	
-0.332016	-0.604879	5004	
0.357712	0.577662	4671	
0.658768	0.226926	4731	
0.477545	-0.510701	4750	
0.382886	-0.619159	1203	
0.376350	-0.627232	2328	
0.572282	0.462565	933	
0.612888	-0.461860	2532	
0.276067	0.725579	884	
-0.658547	-0.439222	2790	
0.420797	-0.674426	4707	
0.702881	-0.417576	5193	
0.776134	-0.327468	2724	
0.819236	0.222948	4196	
0.832806	-0.262706	3428	
0.197558	0.864650	5607	
0.699132	0.551687	2518	
0.376288	-0.854634	3882	
-0.047885	0.936401	6643	
0.935547	0.325269	6150	
0.990686	0.070190	6565	
-0.224297	0.258564	4015	
-0.224207	-0.146410	4458	
0.254819	0.524928	2066	
-0.357607	0.554040	6308	
0.037997	0.364834	1879	
-0.461678	0.476749	1886	
-0.304766	-0.549642	5410	
0.201307	-0.586394	3975	
-0.014860	0.635567	6135	
-0.145155	-0.616364	5859	
0.202197	-0.594888	4558	
-0.601056	0.379803	2015	
-0.680031	-0.160374	1171	
0.356959	0.578039	4671	
-0.226906	0.736283	6706	
0.473988	0.511780	688	
-0.158274	0.771734	923	
0.531157	0.499848	4372	
-0.643713	0.453651	1439	
-0.765029	-0.150492	3251	
0.006279	0.801936	6609	
-0.705248	-0.375214	4590	
-0.005317	-0.817951	3577	
0.263448	-0.798743	5359	
0.843253	0.094926	3454	
0.856127	-0.172433	3330	
-0.217016	0.873330	5407	
-0.086796	0.896675	1830	
0.672276	-0.648642	6445	
0.821744	-0.530099	6585	
0.143802	0.981111	6786	
0.888130	0.444814	2737	
-0.596922	0.159134	3372	
-0.607135	-0.048260	2396	
-0.358608	-0.470790	4020	
-0.039745	-0.582034	3837	
0.265597	-0.524012	6241	
-0.068908	-0.592164	1149	
-0.411797	0.496341	4496	
0.526236	0.280667	5926	
0.523714	-0.299406	566	
-0.236840	-0.580539	2356	
0.199240	0.577215	1953	
-0.652885	-0.019679	3088	
-0.043725	-0.630131	5621	
-0.160069	-0.664122	4527	
-0.078966	-0.682918	3789	
-0.366333	-0.588546	5107	
-0.613119	-0.356250	1279	
-0.576691	-0.454093	2445	
0.660337	-0.312494	5730	
-0.008371	-0.763567	2474	
-0.423946	0.685963	4413	
0.525687	0.579937	2249	
-0.784653	-0.157697	5030	
-0.553901	-0.601691	1337	
0.326300	-0.775190	4289	
0.793831	0.301052	1960	
0.678006	0.552329	4563	
-0.753271	0.477343	5231	
-0.714780	0.589648	6144	
0.905029	-0.230521	6131	
-0.969699	0.172823	6180	
-0.967996	-0.219507	6761	
0.625944	0.771272	6626	
-0.319949	0.207007	6333	
-0.315554	0.339983	2215	
-0.478110	0.366331	4851	
0.515572	-0.175637	6224	
0.208864	0.443535	5749	
-0.146073	-0.290162	2130	
-0.579196	0.219724	2801	
0.034190	-0.580724	3488	
0.167855	-0.566532	3536	
-0.248482	0.507932	6509	
0.130221	-0.208676	4381	
-0.160112	0.681166	5875	
0.160621	0.587486	5760	
-0.303830	-0.558926	5410	
-0.363227	-0.523944	5327	
0.523078	0.434423	5079	
0.536245	0.420392	5202	
-0.524554	0.519122	4652	
-0.647802	0.334153	4993	
-0.313510	-0.664794	2482	
-0.739194	0.168527	6274	
0.036540	0.782280	5648	
0.686553	0.376873	2232	
-0.775379	-0.197009	3885	
0.127074	-0.807627	3326	
0.837394	-0.091677	3425	
0.540498	0.653941	4830	
-0.552598	0.695245	2593	
-0.880973	-0.116813	3306	
-0.812897	0.461829	6656	
0.874346	0.329124	6214	
0.191919	-0.969378	6027	
0.880937	-0.458471	5992	
0.363297	0.924624	2228	
0.029727	-0.385258	4240	
-0.579613	0.019954	5043	
0.457582	-0.232390	2241	
0.346063	0.193786	5199	
-0.432408	0.390988	1814	
0.341780	0.382948	1387	
-0.322942	0.380587	1212	
0.519347	0.158688	3101	
-0.159918	-0.282363	2130	
-0.497083	-0.330253	4364	
0.364846	-0.458226	4567	
-0.262347	0.544090	6452	
0.074794	0.281926	1943	
0.092850	-0.614595	4118	
-0.084673	0.700701	1343	
-0.003166	0.629067	1721	
-0.101144	-0.675037	4291	
0.548299	-0.407274	2739	
-0.097439	-0.692806	4456	
0.177839	0.675576	4930	
-0.660105	-0.331514	2209	
-0.411244	0.667949	1469	
-0.043787	0.795731	5454	
0.432686	0.652089	2035	
-0.611374	-0.512585	5365	
0.786034	-0.223428	4050	
-0.266872	0.827045	2524	
-0.853761	-0.048668	5315	
0.089136	-0.878277	2499	
0.326190	-0.825864	3205	
-0.316463	-0.878809	4973	
0.432519	0.827948	6622	
0.909052	0.393182	568	
0.935817	0.333053	6150	
0.289004	-0.347111	4078	
-0.131325	-0.378051	751	
-0.373171	0.125788	3365	
0.387060	-0.196111	4197	
0.384603	0.279328	5308	
0.382558	0.304515	1557	
0.352925	-0.377708	2283	
-0.353870	0.388685	1325	
0.309507	-0.201460	582	
-0.097175	-0.551439	3904	
0.076319	-0.326300	2206	
-0.403119	-0.433538	3835	
0.283087	-0.515911	5937	
0.234534	-0.125110	408	
-0.160988	0.373598	439	
0.117581	0.596793	4829	
0.359035	-0.513035	2481	
0.548934	0.358448	4193	
0.067287	-0.682944	3000	
-0.026802	0.728045	5642	
0.379740	0.584064	4727	
-0.635279	-0.375730	1384	
-0.754737	0.020946	2304	
-0.599688	0.520481	5188	
-0.289907	0.773425	1536	
0.723425	-0.329290	5793	
0.379408	0.724717	4100	
-0.446862	-0.721216	2977	
0.727350	0.456933	1417	
0.679555	0.565391	2142	
0.643102	0.615713	4170	
0.794983	-0.490328	3806	
-0.392767	0.901698	6435	
-0.983223	-0.135260	2751	
-0.549445	-0.066709	2635	
-0.252818	-0.310791	4537	
0.132298	-0.419542	3560	
0.204566	-0.424208	703	
-0.384550	0.027508	4288	
-0.287649	-0.257526	2545	
0.305481	-0.301659	3227	
0.368831	0.221704	4927	
-0.311074	-0.191251	3445	
-0.186307	-0.310553	3113	
0.276906	-0.242482	589	
0.542643	-0.017326	2464	
-0.292179	0.211365	762	
0.392652	-0.421986	4533	
-0.626301	0.022657	4862	
0.024200	0.416240	5952	
-0.642276	-0.058066	3066	
-0.390333	-0.504858	1331	
0.653263	0.058128	3086	
-0.080585	-0.682674	3789	
-0.108873	0.749355	391	
0.060866	0.708938	5300	
-0.107544	-0.725946	3550	
0.505125	-0.571362	2948	
-0.608543	-0.483090	3437	
-0.337548	-0.714005	4891	
-0.657996	-0.465889	3796	
0.324856	0.767634	2049	
0.794633	-0.295796	4154	
0.815140	0.316154	1654	
-0.865964	0.203226	6456	
-0.551893	0.756905	6630	
0.821133	0.445292	5779	
0.627730	-0.763855	2787	
0.992981	0.019354	6726	
-0.094662	-0.488501	1607	
-0.550966	-0.064139	3096	
-0.388649	0.083079	5699	
-0.147781	-0.381982	902	
0.023806	-0.425575	747	
0.212995	-0.403711	713	
-0.245361	-0.461459	5899	
-0.552221	-0.094830	5573	
0.438309	-0.171285	4203	
0.420743	0.079131	1468	
-0.031638	-0.534046	2594	
-0.581129	0.095137	3354	
-0.361397	0.435933	1374	
0.346827	0.043796	3584	
-0.079707	-0.577066	5870	
-0.111927	-0.588015	1403	
0.001208	-0.245185	473	
-0.025355	0.611576	6181	
-0.513296	-0.385558	5040	
0.628172	0.188862	2223	
0.194707	-0.656914	3392	
0.517673	-0.466636	4486	
-0.717147	-0.026920	1150	
0.723725	-0.094927	571	
-0.774894	-0.032725	3325	
-0.239420	0.785842	1098	
0.193815	0.769219	1428	
-0.816760	-0.053679	1660	
0.841003	-0.046824	5481	
-0.397292	0.773925	1792	
0.040944	-0.881748	5717	
0.649406	-0.606689	3386	
0.265793	-0.895186	6494	
-0.757395	-0.606872	6781	
-0.514000	0.848619	6187	
0.242167	-0.395948	730	
-0.196549	-0.481709	2354	
-0.270346	-0.452153	5893	
-0.290893	-0.441133	2758	
0.198983	-0.437338	516	
0.210224	-0.425138	703	
0.189853	-0.439070	516	
0.055019	-0.494338	2188	
-0.278495	-0.272213	2891	
-0.378260	-0.011649	5873	
0.460241	0.094192	3532	
0.335076	0.335332	2245	
0.395125	0.031824	5718	
0.152724	-0.329037	3027	
0.264832	0.444067	3079	
-0.450142	-0.387615	2898	
0.260703	-0.528964	5938	
-0.204462	0.180689	6382	
-0.081095	0.679159	982	
-0.242640	-0.586742	2356	
0.392802	0.522058	5061	
0.652575	-0.198833	4881	
-0.685923	0.226618	5860	
0.235120	-0.689369	883	
0.189425	0.706104	502	
0.760864	0.096714	3210	
0.781878	0.033490	3869	
-0.345859	-0.717643	4777	
0.574012	0.581915	4008	
-0.206974	-0.822740	2484	
-0.239777	0.847981	5427	
-0.229502	0.869992	5556	
-0.876993	-0.300733	413	
0.899007	0.254239	5348	
0.328412	-0.931937	6378	
0.993062	-0.018219	342	
-0.024319	-0.522181	2594	
0.228052	-0.453875	1306	
-0.109188	-0.515914	2399	
0.308767	-0.286009	2686	
-0.507663	-0.227206	2607	
-0.063732	-0.394484	638	
0.359444	-0.253447	4083	
0.156050	-0.472563	4647	
-0.310715	-0.229069	3576	
-0.107088	-0.390314	2200	
-0.368574	0.224226	1964	
-0.271324	-0.459246	6227	
-0.368360	0.098595	3786	
0.419638	0.283517	1393	
0.248569	0.403955	2163	
0.409248	0.352432	2836	
-0.502891	-0.321120	3480	
0.256958	-0.531107	5938	
0.244720	0.027878	6901	
-0.411559	-0.478598	5863	
0.576796	-0.237345	3723	
0.596781	0.320550	5913	
0.272625	0.621436	5114	
-0.248982	-0.658249	1432	
-0.634120	0.410285	1442	
-0.604918	0.473490	5812	
-0.780318	0.011004	2886	
-0.313361	-0.724846	4793	
0.321262	-0.738843	5275	
-0.617289	-0.570697	1515	
0.583402	0.615748	4369	
-0.870795	-0.138490	2885	
0.297731	-0.836320	5636	
0.126663	-0.925126	3870	
-0.962555	0.109100	5951	
-0.654702	0.745385	2090	
0.474877	0.872503	6471	
0.253599	0.349512	1376	
0.253763	0.348441	1376	
0.321301	0.382572	1410	
-0.327271	-0.446018	3192	
-0.359971	0.063157	3177	
0.383962	0.312454	3493	
-0.191594	-0.325900	561	
-0.016165	-0.396367	4785	
0.430269	-0.204047	4888	
-0.367514	0.288854	1194	
-0.246504	-0.466308	6227	
-0.386388	0.331625	1491	
0.450740	-0.082522	4244	
0.410703	0.119202	5632	
0.494585	-0.126365	5797	
0.268359	0.408542	3118	
0.366917	0.391320	2973	
-0.300546	-0.504916	5483	
-0.199438	-0.567094	1183	
0.361759	0.473989	4885	
0.004561	0.625352	1721	
-0.593803	0.301924	5057	
-0.055502	0.732528	1277	
0.686266	-0.014478	4135	
-0.058255	0.746919	6102	
0.717538	-0.134207	3507	
-0.656773	-0.405603	2754	
-0.778242	-0.114932	4870	
-0.751217	-0.273601	4122	
0.816469	0.035463	4933	
-0.689571	-0.494792	5446	
0.273293	0.816477	5063	
-0.159589	0.883755	1307	
-0.050857	-0.927707	3860	
0.837216	0.414366	3134	
0.718297	-0.679377	2682	
0.961569	0.249179	900	
0.355176	-0.075357	1922	
0.361379	-0.038040	3266	
0.221494	0.337042	1919	
0.234055	0.428179	3350	
0.322812	-0.432946	3379	
-0.348618	0.056684	2422	
0.255448	0.378937	1772	
-0.360448	0.052620	3177	
0.421143	-0.283455	990	
-0.492198	-0.259412	2560	
0.458989	-0.034470	4386	
-0.366427	0.206856	6137	
-0.040095	-0.405333	745	
0.450819	-0.082205	4244	
0.416812	0.096926	1468	
0.464071	0.206975	1921	
0.282562	0.263174	5579	
0.197668	0.350637	1915	
0.203802	-0.539441	3761	
-0.353585	0.540523	6308	
-0.216709	-0.013387	820	
-0.424646	0.532528	1623	
0.641030	-0.140924	4162	
0.478291	-0.487902	3947	
-0.706214	0.137197	5533	
0.515912	0.510721	691	
-0.705584	-0.229464	2370	
-0.506369	0.619314	483	
-0.783493	-0.123609	5013	
-0.038948	-0.804647	3568	
-0.704191	-0.459467	4875	
0.481605	0.698310	5519	
-0.610231	-0.636614	2860	
0.729552	-0.507342	2558	
0.580546	-0.731759	6716	
0.318314	0.928239	1060	
-0.661496	-0.740265	6433	
0.235486	0.965187	1855	
0.287938	0.457531	4799	
0.329615	0.436306	4715	
0.462125	0.308604	1620	
0.464119	-0.308243	2633	
-0.471009	0.386430	1834	
-0.312454	-0.107550	2277	
0.219156	0.419960	5591	
0.009436	-0.550897	2632	
0.251746	0.361573	1376	
-0.246341	-0.268672	2341	
-0.046549	-0.384582	6348	
-0.209741	-0.487453	2905	
0.344561	-0.340062	987	
-0.003599	-0.405922	742	
0.454924	-0.090741	1023	
-0.355261	0.281172	1956	
0.310623	0.259290	3009	
-0.199341	-0.285006	3056	
-0.082260	-0.320313	2876	
0.557848	-0.144368	2652	
0.133764	0.551267	4752	
0.306665	0.523131	3494	
0.423810	-0.459853	2934	
-0.564465	0.444461	5696	
-0.690623	-0.126826	1088	
0.622417	0.316243	6166	
0.355604	-0.639220	1308	
-0.775008	-0.029292	3325	
-0.786544	-0.032755	3325	
-0.696483	-0.390797	3706	
0.755640	0.312404	4119	
-0.054366	-0.846360	1448	
-0.802198	-0.331602	4399	
-0.877824	0.142056	3766	
-0.921452	0.153360	6226	
0.540071	0.761942	6719	
0.777042	0.614163	5999	
0.026475	-0.289153	401	
0.042356	-0.288150	1642	
0.073717	-0.293031	5910	
0.242992	-0.199111	4373	
0.318812	0.035302	2310	
0.162802	0.463933	4347	
0.425051	-0.361769	3185	
-0.333015	0.025127	2338	
0.265712	0.429608	3079	
-0.349025	0.006702	3721	
-0.542973	-0.177944	3906	
0.380171	-0.339567	1892	
0.428394	0.069006	2638	
-0.377930	0.331976	1162	
0.391983	-0.270666	4488	
0.212042	-0.358857	663	
0.315793	0.332623	2602	
-0.518267	0.289133	2069	
-0.566858	-0.148281	5090	
-0.378434	0.475900	4913	
0.332192	-0.485989	4568	
0.215446	0.544206	1486	
-0.100425	0.706415	6548	
0.610570	0.120205	963	
0.108676	-0.677146	3394	
-0.624290	0.375903	2798	
0.567515	0.453188	1099	
-0.545644	-0.497892	3390	
-0.745701	0.242015	4267	
-0.148750	-0.775102	5442	
0.802867	0.075852	4675	
0.766090	-0.348051	4640	
-0.852187	-0.062227	2415	
0.846496	0.255156	2897	
0.427224	0.781397	2603	
0.932399	0.056071	4518	
0.059085	-0.985692	288	
0.990181	0.076211	6300	
0.065591	0.431670	1935	
0.064687	0.437526	2507	
0.165348	0.247398	3801	
0.252272	0.132154	5656	
0.247367	-0.152369	3077	
0.151065	-0.250842	6207	
0.296501	-0.107649	461	
0.138280	0.407403	1769	
-0.446496	-0.375252	2898	
0.357036	-0.051141	1800	
-0.140612	-0.538145	5843	
0.433823	-0.288904	2610	
0.470542	-0.184900	1329	
0.426238	0.080858	2426	
-0.377524	0.063217	3741	
-0.376328	-0.018649	5873	
-0.571523	0.035829	3259	
-0.443897	0.365865	3245	
0.320809	0.393681	1410	
0.187299	0.389383	4414	
0.409743	-0.400622	4761	
-0.228356	0.397019	2173	
0.342414	-0.514302	851	
0.162843	-0.607439	4541	
-0.413907	0.606206	1648	
-0.365335	-0.589155	5107	
0.262029	0.644997	4981	
0.729302	0.030190	4900	
0.170369	-0.748552	2597	
0.618269	-0.479827	3120	
0.347320	-0.714701	5148	
-0.782815	-0.263130	2806	
0.847461	-0.027506	5390	
-0.520196	0.719712	2016	
0.058572	-0.885733	5883	
0.313140	-0.879703	559	
0.976414	-0.056998	1757	
-0.824672	-0.552347	6510	
0.443611	-0.409360	847	
0.565523	0.199946	1006	
0.106401	0.258590	5690	
-0.179981	-0.178221	6594	
0.363018	-0.471957	853	
0.099479	0.341196	1967	
0.286491	-0.042336	1640	
0.175717	-0.239576	6068	
0.242537	0.217513	5367	
0.474310	-0.295405	2745	
-0.022240	-0.342755	3062	
-0.112149	-0.543754	3178	
-0.083653	-0.534669	2641	
-0.387987	-0.392674	1904	
0.126657	-0.494499	753	
-0.449660	0.338931	5047	
0.452147	-0.077798	3952	
-0.001176	-0.395300	4746	
0.380611	0.112287	5350	
-0.536048	0.276747	3026	
-0.305700	0.448407	4734	
0.483988	-0.328571	3839	
0.063840	0.557969	2854	
-0.193998	0.691723	6575	
-0.627414	-0.164123	3015	
0.599008	-0.327227	2096	
-0.629104	-0.328075	1798	
-0.636657	0.405698	1442	
0.598912	0.456287	992	
0.773304	-0.042843	2596	
-0.118613	0.816124	1649	
0.749648	-0.325100	3307	
-0.696138	-0.485396	5711	
-0.461512	0.746295	3657	
-0.867531	0.195671	6458	
-0.930290	0.083773	4139	
0.423171	0.832735	6240	
0.399152	0.906932	6376	
0.484710	0.867074	478	
0.223789	0.025424	856	
0.222710	-0.034540	1242	
0.126379	-0.601619	3740	
-0.023748	-0.243265	472	
-0.187240	0.358341	2044	
0.122908	0.241871	6390	
0.543547	-0.232263	3397	
0.166610	0.247254	3801	
0.239996	-0.168694	3569	
0.299574	0.106040	2404	
0.522501	-0.197873	1569	
0.200019	-0.290049	2644	
-0.328574	0.216289	3926	
-0.341128	0.230338	1975	
0.297342	-0.280545	2265	
0.392841	0.232782	2050	
0.075453	-0.402426	4728	
0.388405	0.213581	4835	
-0.360733	0.110847	2598	
0.449021	0.267318	3736	
0.191071	0.371172	2191	
0.461929	-0.337464	5266	
0.243622	0.090667	770	
-0.035091	0.617713	6673	
0.534913	0.317333	5921	
0.058858	0.689338	5023	
-0.386028	0.637922	1777	
0.593300	-0.376396	3537	
-0.269677	0.742592	6476	
-0.369118	0.721025	5317	
-0.642408	-0.461303	3477	
0.732207	-0.335941	3270	
0.792137	-0.283453	4154	
-0.712424	-0.470765	2107	
0.662263	0.585149	2546	
-0.773858	0.453253	5132	
0.836011	0.416721	3615	
0.845032	-0.513451	6298	
0.855578	0.504480	5975	
0.105266	-0.196890	3966	
0.132065	0.186376	358	
0.246304	-0.012221	1166	
-0.430246	0.500561	4873	
-0.253080	-0.022569	1164	
0.108325	0.326155	2269	
0.261172	-0.134374	3217	
0.221097	0.245523	5439	
-0.043133	-0.568373	3058	
0.245222	0.430648	1238	
0.340817	0.181541	4058	
0.400880	0.031098	1678	
-0.394181	0.365409	3031	
0.311083	-0.299254	2686	
-0.424339	-0.343842	2792	
-0.573134	-0.001572	4204	
0.251015	-0.296418	666	
-0.575594	-0.117361	1958	
-0.596567	0.142022	4272	
-0.134972	-0.584361	1173	
0.005546	0.382160	6501	
-0.648696	-0.062970	3066	
0.013979	0.676216	1547	
-0.080325	0.740909	1409	
0.598504	0.358956	4313	
0.727927	-0.053732	1303	
0.220563	-0.735038	876	
0.764148	0.169284	2920	
0.730497	0.314666	3438	
0.527236	0.643400	4899	
0.573740	0.624620	4403	
-0.546193	-0.692083	4937	
0.884117	-0.090702	3521	
0.901786	-0.242718	6260	
-0.608419	-0.776023	2681	
0.989022	-0.089776	6581	
-0.152508	0.220942	346	
-0.149856	0.277813	6251	
-0.182437	0.299359	1831	
-0.213093	-0.137150	4155	
0.118267	0.309787	4955	
0.256436	-0.147099	3077	
0.136257	0.404913	2092	
-0.312782	0.186641	1204	
0.126393	-0.532670	1761	
0.189880	-0.496488	484	
-0.349443	0.268342	2332	
0.151115	-0.382067	2862	
0.449572	-0.083092	4233	
0.272209	-0.421247	5557	
0.429487	-0.279569	1086	
0.061419	-0.354403	1918	
-0.109532	-0.312075	3357	
0.580312	-0.036237	3682	
0.198168	0.145792	6892	
-0.156483	0.702461	6076	
0.056137	0.609006	1004	
0.651757	-0.201274	4881	
-0.497051	-0.502174	4000	
-0.737748	-0.074495	5587	
0.657568	0.386781	536	
-0.668941	0.431822	1609	
-0.604048	-0.520995	3922	
0.340037	0.743533	1218	
0.687390	-0.496274	1549	
0.226201	0.846381	5174	
-0.224766	-0.858914	3340	
0.339304	-0.869908	4331	
0.939150	0.275838	2761	
-0.366051	-0.922914	6600	
-0.020362	0.506822	6288	
-0.150578	0.233973	348	
-0.221604	0.567402	6900	
-0.321901	-0.518542	1233	
0.247386	0.147229	5398	
0.312351	0.040885	2310	
0.520651	-0.203103	1569	
0.328502	0.147711	2959	
0.189389	-0.320779	495	
0.394219	0.077770	4896	
0.059111	-0.396132	4728	
0.443493	-0.077796	3504	
0.347696	-0.344649	970	
0.401989	-0.087217	4181	
-0.047209	-0.541714	2586	
0.205280	0.438751	5559	
0.498327	-0.279591	3575	
0.061464	0.351173	1880	
-0.629395	-0.129012	3019	
-0.062743	0.679591	1198	
-0.621863	-0.311574	2656	
0.165565	0.676810	5024	
0.408753	0.599072	662	
0.728157	0.089618	3680	
-0.296259	-0.716217	3283	
0.263063	0.746139	1282	
0.694947	-0.429927	3553	
-0.561113	-0.635997	2725	
-0.863958	-0.073254	2415	
-0.875288	-0.153021	3291	
-0.618118	-0.699767	3649	
-0.208931	0.915942	6866	
-0.748943	0.650370	6092	
-0.221428	0.019151	3617	
0.196594	0.147842	6892	
0.046491	0.374041	1879	
0.212919	0.526261	1270	
0.288388	-0.058361	1119	
0.135135	0.401931	2092	
-0.332012	0.041102	2087	
-0.194452	-0.523727	5795	
-0.339284	0.263470	1945	
0.399047	-0.114735	4345	
0.428420	0.185105	2428	
0.457767	-0.119225	913	
0.030002	-0.522285	2115	
-0.291747	-0.207123	6220	
0.088594	-0.545304	2088	
-0.026212	-0.578743	5684	
-0.530602	0.363018	1793	
0.237732	-0.571959	1872	
0.429057	-0.454913	1851	
0.677816	-0.058135	3747	
0.631600	0.268694	6261	
0.265809	-0.651526	3007	
-0.513166	0.570674	1232	
-0.702881	0.353326	4740	
0.190650	-0.764566	2512	
-0.814768	-0.076501	2001	
-0.377062	0.780378	1792	
0.803520	-0.293103	4154	
-0.495717	0.746820	466	
-0.612366	0.707949	6802	
0.375884	0.855185	4676	
0.307179	0.942100	1397	
0.322420	0.939665	1060	
0.047299	0.268753	6101	
-0.191510	0.206754	509	
-0.234705	0.538301	6632	
0.238376	0.163435	3948	
0.276784	0.153454	3604	
-0.184249	-0.544069	5569	
0.474446	0.246899	1767	
0.460055	0.237055	2186	
-0.144177	-0.517333	2827	
-0.427413	0.356682	4534	
-0.449521	0.340218	5047	
0.427634	0.015605	5704	
0.289924	0.300671	2227	
-0.588116	0.107828	3354	
-0.432534	0.439656	1854	
0.167497	-0.569472	3536	
0.021335	0.327683	654	
-0.534252	-0.357405	4874	
-0.274721	-0.625709	4939	
-0.254207	-0.643598	4801	
-0.454496	0.592656	5402	
0.467449	0.559183	419	
0.334607	0.689472	603	
-0.773546	0.189288	5892	
0.572121	-0.567134	4857	
0.796565	-0.269813	3878	
-0.413918	-0.746949	4245	
0.344438	0.814571	4935	
0.746339	0.517529	3919	
0.571875	0.738294	4663	
0.898954	0.414449	6593	
0.516748	0.848336	6645	
0.246238	0.008499	6835	
0.145898	-0.211115	665	
0.082194	0.392238	1440	
0.306238	-0.033587	6627	
0.527502	-0.185254	6058	
0.295973	0.208824	2472	
0.283177	0.280764	2552	
0.483943	0.137752	2785	
0.399345	0.166749	1617	
-0.374180	0.327003	1162	
0.471758	-0.105029	874	
0.507548	-0.010876	5868	
-0.268813	-0.215390	6220	
-0.285448	0.315960	2453	
0.567592	-0.135109	2652	
-0.636467	-0.019928	2423	
-0.602078	0.282884	5716	
0.269255	0.592524	4704	
-0.062247	0.735722	1277	
0.506750	0.478715	4071	
0.691403	0.234533	1992	
0.735473	-0.215629	519	
-0.284003	0.775334	1536	
-0.806799	-0.032228	5273	
-0.258822	-0.799294	5270	
-0.673490	0.535130	6079	
0.751728	0.464704	4813	
-0.611425	0.659479	5053	
0.738243	0.571921	6721	
0.972418	-0.180768	5998	
0.664193	0.738492	2585	
-0.168166	0.173190	626	
0.484255	0.351783	4528	
0.335014	0.474618	2714	
0.294948	-0.003599	6525	
0.522358	0.195652	3479	
0.061663	-0.339591	1802	
-0.124878	-0.335238	4177	
0.398131	0.052169	1678	
-0.370793	-0.020869	5880	
0.451516	0.056181	4712	
0.185706	-0.473184	484	
0.245883	-0.460276	2395	
0.367437	0.086668	4136	
-0.172002	-0.279805	6245	
0.577552	0.064016	971	
0.089990	0.260966	5895	
-0.410178	0.545327	1551	
0.478879	0.446460	3886	
0.337721	0.588896	3748	
0.625212	-0.310621	5663	
0.613371	-0.397130	2888	
0.171705	-0.748072	2597	
0.600336	0.501546	2613	
0.075676	0.802164	1573	
-0.814567	0.215001	1108	
0.051500	0.854424	545	
0.876896	-0.103662	3780	
0.305163	0.837052	5062	
0.829751	0.428942	3615	
0.812197	-0.563422	829	
0.174187	-0.102707	3677	
0.064934	0.244415	6250	
-0.637447	0.008145	4918	
0.466452	0.356483	4004	
0.288859	0.051030	4700	
0.175586	0.483829	5091	
-0.035885	-0.339995	3062	
-0.333178	-0.093954	3648	
0.212877	-0.326023	1043	
-0.357299	0.227844	1975	
0.137413	-0.489755	777	
-0.394706	0.359805	3031	
-0.488837	0.318018	1544	
0.287737	0.256840	5240	
0.156042	-0.305687	2533	
0.560625	0.150099	1008	
0.211098	0.125320	2850	
-0.329635	0.607124	1575	
0.633475	-0.171985	4697	
0.538855	0.416652	5422	
0.345748	-0.607877	635	
0.166278	-0.712848	1725	
-0.305052	-0.706213	2857	
0.696227	-0.356492	3194	
0.749298	0.265659	2875	
-0.177094	0.840524	2113	
0.237908	0.815857	1819	
0.640273	-0.607836	3008	
0.606490	0.650925	4756	
0.866922	0.347918	6213	
0.637685	-0.754628	6005	
0.786529	0.606496	2815	
0.030218	0.303484	6122	
-0.212933	0.526168	6269	
0.528006	0.258441	4168	
0.281478	0.081300	4745	
0.167563	0.482249	4585	
-0.084876	-0.329251	3463	
-0.427791	0.408544	1814	
0.167155	-0.348755	4593	
-0.371241	0.342780	1210	
0.301342	-0.391822	1875	
0.115136	-0.391037	4128	
-0.466626	0.344308	4851	
0.278751	0.271135	2552	
0.237607	-0.252839	3529	
0.546372	0.194876	4134	
0.230764	-0.086890	948	
-0.328575	0.607850	1575	
-0.063728	0.680742	1198	
0.581688	0.355010	3986	
0.262894	-0.648591	3007	
0.046928	-0.730965	2778	
-0.428593	-0.639362	3131	
0.586051	-0.518206	3417	
0.793254	-0.038672	5301	
0.312105	0.771850	2543	
0.288760	0.798416	2446	
0.506283	-0.722652	4393	
0.675542	0.578676	2169	
0.872334	0.334219	6578	
0.615807	-0.772521	6004	
0.790771	0.600920	2815	
-0.611292	-0.157176	2448	
0.505102	0.300452	3472	
0.276365	0.097652	2205	
0.231960	0.483866	1126	
0.051813	-0.340872	1802	
-0.255076	-0.240196	2669	
0.343010	-0.198878	3158	
-0.372568	0.054084	3177	
-0.531700	0.224140	1823	
-0.563266	-0.064503	4018	
-0.564412	0.148822	2157	
0.317554	0.208082	3380	
0.099892	-0.326421	2105	
0.546132	0.196285	4134	
0.213071	0.121928	2850	
-0.363484	0.582971	6421	
0.643039	-0.130971	4169	
0.507088	0.454216	4234	
0.386387	-0.582641	5136	
0.187119	-0.707505	2176	
-0.312113	-0.703107	3241	
0.693560	-0.361540	3194	
0.735457	0.301752	3438	
-0.077338	0.848484	5370	
0.211794	0.823420	2288	
0.643741	-0.604037	3008	
0.580540	0.674181	3405	
0.849344	0.388898	6832	
0.670475	-0.725733	2765	
0.756776	0.643265	6033	
-0.236599	-0.029134	1164	
0.260343	0.525866	2066	
0.202345	0.525374	1274	
0.281855	0.085904	4745	
0.554141	-0.071277	2628	
0.186382	-0.295343	3157	
0.070708	-0.359307	1918	
0.345026	0.207363	5460	
0.201763	-0.356638	663	
0.439252	0.121801	3036	
0.415447	-0.257198	6113	
0.464209	-0.212765	1002	
0.159135	-0.327712	3027	
-0.315832	-0.062560	2208	
0.563281	0.142655	4130	
0.087776	0.263713	5895	
-0.489809	0.465285	1786	
0.430313	0.492330	3656	
0.255834	0.628339	5114	
0.658695	-0.230293	4087	
0.638123	-0.355692	2301	
0.253556	-0.724041	1286	
0.620247	0.476733	1109	
0.121027	0.792804	1434	
-0.823258	0.176019	3034	
-0.046790	0.861042	1584	
0.879129	-0.082182	3521	
0.252156	0.854869	5219	
0.783090	0.508898	4107	
0.848860	-0.506342	6298	
-0.283285	0.612579	1596	
0.242982	-0.042399	1167	
0.219395	-0.135804	6792	
0.073846	0.476998	1419	
0.277084	0.137014	1433	
0.354796	-0.436966	4567	
0.204897	0.366895	2808	
0.283888	0.394488	1685	
0.432839	-0.266061	897	
0.372579	0.276559	5281	
0.438821	0.120590	3036	
0.379352	0.275836	5308	
0.428881	0.267305	2636	
-0.344014	0.036834	2087	
-0.342331	0.481007	4207	
0.582592	-0.003138	4126	
-0.312869	0.585663	3552	
-0.650816	0.091282	5046	
0.123131	0.641274	1540	
-0.299577	0.690018	5455	
0.408358	0.563800	4573	
0.635636	0.358864	4172	
0.752469	-0.144618	701	
-0.398626	0.716124	5205	
-0.801348	-0.093859	5016	
-0.215085	-0.811912	1628	
-0.669743	0.539763	6079	
0.693567	0.547319	4563	
-0.673299	0.594322	4925	
0.648672	0.671685	927	
0.986154	-0.074872	6321	
0.537207	0.835567	2548	
0.171014	-0.088833	3677	
-0.005374	0.429134	6202	
-0.240785	0.043384	743	
-0.415891	0.502087	2335	
0.136947	0.292313	5025	
0.157103	0.326187	5123	
-0.551022	-0.220474	4516	
0.534824	-0.042258	5816	
0.517992	-0.038622	1068	
-0.576153	-0.012637	5212	
-0.362384	0.291056	1194	
-0.150722	-0.360737	902	
0.245585	-0.331444	510	
0.392179	-0.063002	4181	
-0.451018	-0.356512	2389	
-0.602412	0.101070	4644	
0.256774	-0.533413	5938	
-0.235267	0.632564	6123	
-0.348894	-0.533162	2454	
0.169434	-0.658034	3403	
-0.030334	-0.689305	3084	
-0.590425	0.435396	2570	
0.312461	0.658060	734	
0.203260	0.741228	1333	
-0.792195	0.055465	2881	
0.650463	-0.474989	5069	
0.821650	-0.177695	4758	
-0.321710	-0.790624	1587	
0.204437	0.861660	5160	
0.886451	0.176650	3830	
0.406107	0.841178	5371	
0.826510	0.544603	6597	
0.334978	0.935207	1060	
0.034417	0.375997	6155	
0.071817	0.550692	4879	
0.560899	0.176412	765	
0.227624	0.187691	5628	
0.226329	0.486441	1126	
-0.226594	-0.244131	6620	
-0.550387	-0.187691	3906	
-0.359969	0.020380	3161	
0.413761	0.050959	1564	
0.425036	0.124195	5632	
0.469922	-0.000226	1319	
0.329814	0.329235	2245	
-0.357687	-0.429714	2416	
0.518813	-0.151216	6162	
0.300526	-0.486225	4032	
-0.621729	0.116348	4641	
0.541657	-0.291860	566	
0.585704	-0.214040	3790	
0.629385	0.257936	3345	
0.493919	0.475046	4071	
0.422962	-0.561151	1482	
-0.654653	0.377612	2978	
-0.771572	0.120475	2202	
0.335761	-0.712324	3082	
-0.790897	-0.207232	3112	
-0.511765	0.693094	6533	
0.825569	-0.221890	4701	
-0.663967	0.596572	4925	
-0.709850	0.608845	5961	
0.141785	0.924281	6310	
0.144869	0.980197	6473	
0.075297	0.990680	5950	
0.219458	-0.051173	1242	
-0.242821	0.016930	356	
-0.234805	0.127831	6078	
0.073491	0.452056	2507	
0.226122	0.218557	4321	
0.306249	-0.474148	4390	
0.355854	0.023464	3137	
0.171167	-0.328277	4011	
0.393706	0.071062	4896	
-0.356430	0.252306	1945	
0.458395	0.090058	3106	
0.442594	-0.201136	4888	
-0.546690	0.208594	1894	
0.488036	0.179155	2461	
0.302804	0.183422	5276	
0.566133	0.056073	4077	
0.033637	0.468992	2383	
-0.098945	-0.616529	5620	
-0.419097	0.537527	1551	
-0.360552	-0.588382	4046	
-0.165288	0.751903	1061	
0.158577	0.711668	671	
0.728969	0.076828	2951	
-0.061367	-0.771635	3186	
0.274896	0.740853	1282	
0.764227	-0.287945	3600	
-0.400753	-0.747109	4245	
-0.861300	-0.089792	2467	
-0.787246	-0.411040	3555	
-0.404936	-0.841465	6409	
-0.481593	0.805396	6604	
-0.886983	0.443705	6467	
0.183792	-0.072594	814	
-0.017926	0.506042	760	
0.052376	-0.239332	679	
0.073742	0.309526	1631	
0.584586	0.065516	971	
0.183267	0.242006	3801	
0.181092	0.487917	5091	
-0.315037	0.424589	5719	
0.512462	-0.163546	6224	
0.519005	0.001013	5868	
0.185805	-0.487785	489	
0.397533	-0.151351	4435	
0.433257	-0.064250	3504	
0.018888	-0.396556	4771	
0.356623	0.177878	4058	
-0.330983	0.159995	514	
-0.287822	0.317975	2453	
0.518736	0.261438	3453	
0.197009	0.147436	6892	
-0.482210	0.474103	2071	
-0.574962	0.340192	4576	
0.651429	0.200400	3268	
-0.161337	-0.684236	1558	
-0.608521	-0.415138	1391	
0.467189	0.601804	1257	
-0.778326	0.124220	2202	
-0.344134	-0.718247	4777	
0.115137	0.814904	1328	
0.811167	-0.244745	3265	
-0.048404	0.883195	1907	
0.056493	-0.885523	5883	
0.622944	-0.695999	6520	
0.887973	0.410328	6593	
-0.130160	-0.984149	6489	
0.191951	-0.072858	814	
0.425519	0.429542	4124	
0.144249	0.206369	1267	
-0.390688	-0.480343	5844	
-0.223045	-0.562412	1481	
0.075129	0.447925	2507	
0.197942	0.253482	5389	
0.366387	-0.427544	4368	
0.252393	-0.244689	3703	
-0.533623	0.276022	3026	
-0.347434	0.165744	6173	
-0.177811	-0.332476	772	
0.388034	0.190569	1516	
0.366661	0.281414	5281	
-0.292865	-0.221946	1909	
0.001319	-0.541709	1845	
0.521913	-0.137583	6169	
0.204528	-0.535686	3761	
0.112153	-0.584406	2878	
0.148244	0.164260	359	
-0.298876	-0.561504	2427	
-0.517362	0.475922	4194	
-0.557456	0.458717	5696	
0.308875	0.623105	5323	
0.656732	0.318833	6229	
0.569388	-0.513492	3024	
0.676422	0.393064	2317	
0.619566	0.497321	2233	
0.407910	0.724414	5055	
0.274153	0.803638	2446	
-0.270137	-0.838927	3246	
0.849841	0.261398	2897	
0.922590	0.145888	5272	
-0.315476	-0.934159	6561	
0.943720	0.309546	6262	
0.116670	0.159367	810	
0.095241	-0.202820	852	
-0.543599	0.362058	1793	
-0.213301	-0.114307	4339	
0.243376	-0.090338	948	
0.346637	0.463694	4885	
0.158024	0.273064	4667	
0.205460	0.489503	1309	
-0.601939	0.078491	4729	
0.513999	0.149778	2935	
0.380456	0.001047	5477	
0.365492	-0.155380	3582	
0.408055	0.083229	1501	
0.044229	-0.396048	4240	
0.317354	0.313974	2691	
0.376823	0.128848	5596	
-0.299665	-0.167049	2363	
0.183734	-0.292829	3157	
0.468191	0.327263	3491	
0.033231	0.477741	1461	
-0.485005	-0.407658	4110	
0.056442	0.608937	1004	
-0.644491	0.303465	1566	
-0.697786	0.143493	5533	
0.630245	0.309172	6166	
-0.666977	0.353137	4795	
-0.730973	0.284219	3415	
-0.327231	-0.717960	4891	
0.804787	0.026690	4995	
0.840037	0.040736	1778	
-0.489941	-0.698013	4371	
0.329462	0.820527	4935	
-0.885437	0.126936	5786	
0.548577	0.755695	5692	
0.978168	-0.143544	6019	
0.535509	0.836612	2548	
0.172233	-0.100444	817	
0.014740	0.570257	1951	
0.244901	-0.030032	1167	
0.542988	0.251388	1024	
0.285547	-0.521457	5937	
0.077035	0.464039	1732	
0.166351	0.294015	5336	
0.449076	-0.337249	3147	
0.012814	-0.342674	1891	
0.133697	-0.533786	1761	
0.506625	-0.120538	5797	
0.287497	0.358172	1305	
0.326575	-0.245353	2028	
0.370603	0.190219	1920	
0.499667	0.079031	1657	
0.356374	-0.388061	2283	
0.530385	-0.096546	5927	
-0.280930	-0.510722	5524	
0.547066	-0.210497	2961	
-0.284008	0.599358	1639	
-0.632164	0.194047	4307	
0.651307	-0.076437	532	
0.596200	0.330015	2941	
-0.156415	-0.685341	1558	
-0.702623	-0.228854	2370	
-0.149738	0.789359	836	
0.623620	0.458949	1109	
-0.663633	0.463110	1529	
0.812417	0.086377	4622	
-0.351768	-0.771336	4956	
-0.768845	0.403210	4571	
-0.837355	-0.296104	3913	
-0.860612	-0.362246	6199	
-0.059725	0.935487	4317	
-0.003048	0.991014	6136	
-0.003314	0.993640	6136	
0.119176	-0.182659	3966	
0.166004	-0.151517	425	
-0.113745	-0.215023	362	
0.254357	0.047674	6318	
0.519951	0.268916	3453	
0.114952	0.336681	2522	
0.137693	0.473201	3175	
-0.187224	-0.546111	5569	
0.347724	0.072850	3526	
-0.407443	0.421646	1593	
0.324601	-0.416515	2355	
0.289285	0.360505	1305	
-0.319001	-0.445663	2451	
0.454026	0.222112	2186	
-0.076809	-0.539161	2641	
-0.388809	0.429431	2900	
-0.318486	-0.057115	1898	
0.401570	0.404456	2204	
0.064561	0.342155	2111	
0.097795	0.585573	5022	
0.610522	0.120329	963	
0.190761	-0.656079	3744	
0.439077	-0.527613	4757	
-0.508119	0.539430	5034	
0.474916	0.552875	419	
0.667923	-0.376073	2473	
0.775508	0.100778	4357	
0.706094	-0.363558	3194	
-0.623798	-0.537552	5325	
0.709178	0.464810	5197	
-0.834312	0.281170	4031	
0.502023	-0.731646	4670	
0.753698	-0.551561	5806	
0.933182	0.291058	6153	
-0.433117	-0.893097	2664	
-0.193368	0.594807	1781	
-0.545752	-0.308257	3640	
-0.214901	0.139694	914	
-0.237673	0.124022	6078	
0.278212	0.500326	4337	
0.137014	0.306003	5025	
0.422886	0.370096	3511	
-0.299093	0.366764	1015	
0.423756	0.325403	4721	
0.070531	-0.358675	1918	
0.310059	-0.428381	2278	
0.371381	-0.141114	3825	
0.393140	-0.065194	4181	
0.058603	-0.536400	2199	
-0.326673	0.189855	922	
0.344062	0.081311	3526	
0.488447	-0.288994	2745	
0.276729	-0.523146	6241	
-0.017671	0.504111	760	
-0.647043	0.121530	2796	
-0.610429	-0.214542	6112	
0.681219	-0.020865	4135	
-0.493617	-0.505416	4270	
-0.375256	0.681601	1435	
0.197284	-0.706703	5811	
-0.613952	-0.472992	3437	
0.488748	-0.617248	3879	
0.576016	0.563440	4008	
0.818050	0.197209	2969	
-0.661350	-0.537892	4138	
0.520509	0.713852	5563	
-0.121345	0.892767	1180	
0.704334	0.613120	6576	
0.575201	-0.802530	2760	
0.754357	0.646090	6033	
0.133822	0.569467	5159	
0.051298	0.555061	2854	
-0.624973	-0.098935	5606	
-0.129102	-0.588466	1173	
0.102097	0.513024	1876	
0.128518	0.360033	1995	
0.560407	-0.060009	6133	
-0.212057	-0.255464	6242	
0.500071	-0.199582	978	
-0.325233	0.203481	1204	
0.502999	-0.136473	6125	
0.283159	-0.448245	6064	
0.474706	-0.218243	2241	
-0.318014	0.276199	1972	
0.257700	0.254413	5164	
-0.231054	-0.532739	3976	
0.491139	0.310975	3053	
-0.193799	0.376932	1825	
0.306304	-0.537231	801	
0.241368	0.563120	3294	
0.665333	0.140366	2165	
0.465663	-0.504104	4750	
-0.202517	0.744971	1610	
0.706350	0.184365	2884	
-0.220941	-0.736386	3323	
-0.338893	-0.704643	2829	
-0.132083	-0.784907	5442	
0.290689	0.764187	1780	
0.551701	-0.643099	4772	
-0.419075	-0.758402	4419	
-0.733002	-0.500987	5848	
-0.801350	-0.478981	6280	
-0.088611	0.933619	5088	
0.230112	0.963395	1855	
0.197469	0.106845	331	
0.042079	0.352377	1879	
0.598697	0.013129	4126	
0.254731	-0.537806	4131	
0.083113	0.476946	2030	
0.123831	0.459153	2048	
0.205951	-0.529125	3321	
-0.111783	-0.317598	3357	
0.470790	0.256763	1767	
-0.461922	0.379653	3245	
0.196422	-0.314414	590	
-0.344373	0.004225	3140	
-0.120815	-0.545363	5843	
0.289603	0.206347	5639	
-0.534099	-0.261441	4480	
0.316400	0.475502	4199	
0.183833	0.186607	6211	
0.613373	-0.026865	957	
-0.128370	-0.619757	5859	
0.024413	0.671804	895	
0.422333	0.532583	5320	
-0.189011	-0.677315	1497	
-0.666902	0.347394	4949	
0.149306	-0.718593	1075	
-0.702711	-0.329129	3123	
-0.189273	-0.765591	5137	
0.678023	-0.433150	3553	
-0.072925	-0.836133	1542	
-0.268603	0.829456	5311	
0.044575	-0.880151	5866	
0.876909	0.143156	4770	
0.928241	-0.102085	6753	
-0.428842	0.883079	1687	
-0.025895	-0.992322	6081	
-0.473288	0.873829	6862	
0.064240	-0.214486	1229	
0.090169	0.260714	5895	
0.528588	0.279392	5926	
0.290767	-0.518392	5937	
0.083766	0.472698	2030	
0.138011	0.480828	3704	
0.242487	-0.512687	3216	
-0.326596	0.067384	6177	
0.344803	0.079499	3526	
0.421661	-0.338186	2698	
0.250699	-0.485695	3150	
0.473400	0.255290	1767	
0.246068	-0.248535	3017	
-0.285798	-0.507011	4097	
0.253817	0.502612	2139	
-0.473884	0.438944	1612	
-0.187001	0.125417	2132	
-0.654271	0.025284	5291	
0.529328	0.326518	4264	
-0.086776	-0.681797	4456	
-0.707860	-0.015452	5377	
-0.614474	-0.357909	1279	
0.336954	0.645746	3043	
0.388151	-0.661140	3164	
0.022493	-0.781103	2819	
-0.107242	-0.788631	3940	
0.412671	0.704737	5216	
0.060752	-0.845107	5865	
-0.581639	0.650692	5014	
-0.816993	0.351583	5526	
0.668728	-0.645077	4404	
0.249171	0.900673	5727	
0.986663	0.064248	6565	
0.494565	0.861381	6385	
-0.220529	-0.025181	823	
0.136479	0.213761	1267	
0.515782	0.302167	6225	
0.238671	-0.545456	4653	
0.092785	0.496010	1722	
0.115656	0.456114	2048	
0.564215	-0.006976	3211	
-0.585606	-0.129830	1588	
-0.076870	-0.328651	3463	
0.280882	-0.211906	469	
0.138036	-0.316541	2411	
-0.402416	0.458008	1399	
0.524436	-0.214626	2477	
0.274828	0.495885	3389	
-0.585319	0.254812	5462	
-0.612664	-0.170136	5352	
-0.603434	0.279576	5716	
-0.569826	0.349665	2361	
0.426166	0.527770	5314	
-0.523326	-0.457838	3818	
0.689356	0.104641	3371	
-0.288920	-0.674096	2390	
-0.017045	-0.744708	1905	
-0.132880	-0.761841	3416	
0.658552	-0.431303	3146	
0.798437	0.104442	3240	
0.302187	-0.782633	5131	
-0.283441	0.824400	2524	
-0.333010	-0.815203	2501	
0.848671	-0.259939	4400	
0.810781	-0.463355	3850	
-0.529198	-0.811783	6608	
-0.991739	-0.014978	6159	
-0.341780	0.933265	1517	
-0.190829	0.127528	315	
0.122954	0.226736	6390	
0.570878	0.178149	1006	
0.097015	-0.590085	3238	
0.162541	0.524886	4628	
0.103052	0.428302	1673	
0.403055	0.393507	2413	
0.487299	-0.287852	2745	
-0.346687	-0.469884	4020	
-0.379679	-0.445651	3753	
0.489342	-0.285723	2745	
0.433377	0.365240	3684	
0.423187	0.396243	3103	
-0.071751	-0.249377	6808	
-0.181080	0.489522	6797	
-0.594837	0.299664	5057	
0.024608	0.617446	1721	
0.289503	0.608004	5051	
-0.355169	0.653893	1101	
0.045313	-0.699912	5729	
-0.499535	0.580566	1293	
-0.702305	-0.237243	2065	
-0.277221	0.765966	2841	
-0.387585	0.722654	5372	
0.643858	-0.465190	3139	
-0.492364	0.681954	416	
0.677031	-0.509593	1773	
-0.865100	-0.006732	1555	
-0.885643	0.068567	5141	
0.123688	-0.919055	3870	
0.298997	0.885131	4735	
0.942606	-0.296454	2769	
0.632541	0.765687	6626	
-0.209982	0.081142	819	
0.066799	0.295090	1631	
0.565881	-0.199328	3419	
-0.297279	-0.528899	1424	
0.516806	0.273401	3453	
0.095183	0.492110	2039	
0.125490	0.483952	3175	
0.300737	0.467950	4799	
0.349573	0.439391	5082	
0.212124	0.501183	1270	
0.229653	0.511826	4658	
0.421917	-0.410994	878	
0.269513	-0.540883	5938	
-0.160112	0.681166	5875	
-0.638667	0.167060	2752	
0.057726	0.608664	2957	
0.164990	-0.658518	4051	
0.183946	0.654001	943	
-0.443899	-0.548636	1231	
-0.211336	-0.680820	1389	
0.032608	0.747562	528	
0.423503	-0.638934	4249	
-0.608100	-0.492112	3745	
-0.799794	0.018627	3434	
-0.165511	-0.797401	1650	
0.082708	0.844819	6357	
-0.795042	-0.308123	3930	
0.831179	-0.295500	3955	
0.837471	0.297442	2972	
0.907515	-0.219846	6131	
0.305176	-0.921810	6528	
-0.989406	0.067865	6860	
-0.143988	-0.169093	828	
0.014792	0.468960	6720	
-0.526334	0.386311	4744	
-0.257282	-0.018316	1134	
0.487799	-0.328986	3839	
0.481455	0.330215	4210	
0.212871	0.517298	1270	
0.231572	0.512491	4658	
0.421769	0.399079	3625	
0.466292	-0.358699	5059	
0.150086	-0.211722	665	
0.069342	0.290683	1631	
0.525950	0.315169	5921	
-0.623288	-0.177674	3051	
-0.430101	0.527544	1770	
0.640359	-0.217511	4098	
0.236280	0.635864	2720	
-0.715412	0.043761	5681	
-0.094850	-0.698776	4456	
0.428647	0.589091	4627	
-0.746059	0.225249	4106	
0.764065	0.120132	4001	
0.747750	-0.244499	2655	
0.773794	-0.219375	4050	
-0.834250	-0.092482	2001	
0.481745	0.697376	5519	
-0.151643	0.875807	6065	
-0.508985	-0.726966	3514	
-0.888320	-0.287495	413	
-0.016457	0.936678	5448	
0.974938	0.164404	2759	
0.497481	0.859689	6385	
0.158896	0.160747	1020	
0.557074	-0.230514	3397	
-0.028885	-0.242661	363	
0.061557	0.344661	1880	
-0.217541	0.372197	2122	
-0.369707	-0.483900	5640	
-0.347964	-0.498889	1541	
-0.564908	0.301867	5170	
0.050679	0.379543	1370	
0.245363	0.021508	6901	
-0.133502	0.686654	5685	
0.312457	0.520035	3494	
0.038437	-0.629364	1254	
0.616356	0.086057	518	
0.077671	-0.679426	1246	
-0.030135	0.723113	5917	
-0.679443	-0.211088	1041	
-0.332091	-0.623951	1369	
0.722985	0.099793	2258	
0.680793	-0.339033	2582	
-0.194278	-0.748317	3355	
-0.515062	-0.597323	1322	
-0.247324	0.797059	1618	
-0.814633	0.138191	2989	
0.688252	-0.494194	1549	
-0.504191	0.714879	487	
-0.445087	0.778248	5271	
-0.508312	0.743267	466	
0.760902	0.541349	5355	
-0.981601	-0.054375	2660	
-0.323632	-0.938345	6561	
-0.508307	0.853919	6071	
-0.393231	-0.485944	5863	
0.089703	-0.205244	852	
0.166208	0.184485	6351	
0.027506	-0.243128	1161	
-0.218549	0.531170	6269	
-0.210426	0.485503	1736	
0.225343	-0.100192	4402	
0.065738	-0.607020	4525	
-0.151315	0.688953	5875	
0.015455	-0.622463	1254	
-0.575559	-0.290662	1411	
0.376444	0.490841	4380	
0.265575	0.593959	4704	
-0.690074	-0.112994	1157	
-0.655880	0.277216	2234	
-0.188581	-0.677414	1497	
0.160374	-0.684912	5790	
0.696677	0.218009	2430	
-0.509436	-0.567139	3808	
-0.482451	-0.604704	3836	
-0.790523	-0.054080	5207	
0.670304	-0.426034	3553	
0.196505	0.795489	1560	
-0.687371	-0.496134	5446	
0.106797	-0.845939	4501	
0.880790	0.057825	3524	
0.875860	0.148042	4498	
0.752332	-0.553374	5806	
-0.727816	0.589156	6144	
-0.021200	0.990480	6328	
0.080467	0.990186	5950	
-0.129845	-0.173587	4112	
-0.455631	0.483088	1886	
0.113027	0.201860	2306	
0.178107	0.138034	6073	
-0.295459	-0.547877	5410	
-0.133502	0.686654	5685	
0.431814	0.432903	4447	
0.610353	-0.067972	4634	
-0.569811	-0.301087	1411	
0.603114	-0.157423	4025	
0.592038	0.191401	704	
0.215092	-0.643136	4068	
0.680756	-0.030692	4988	
0.656747	-0.194658	4881	
0.342280	-0.609747	941	
0.713264	-0.002339	1556	
0.273901	0.675342	1066	
0.758743	-0.050937	2117	
-0.458732	-0.622631	2803	
-0.789365	0.084153	2869	
0.392675	-0.690403	4614	
0.633516	0.515380	4923	
-0.377506	0.779309	1792	
-0.757943	0.400075	4073	
-0.600381	-0.642198	2529	
-0.008689	-0.887147	2818	
-0.550839	-0.753655	4489	
-0.085093	0.933872	5088	
0.981006	-0.118545	5980	
0.741067	0.661210	6009	
-0.727515	0.676594	6861	
-0.133502	0.686654	5685	
-0.160112	0.681166	5875	
-0.160112	0.681166	5875	
0.389431	0.469594	4167	
-0.576590	0.321889	4760	
-0.650878	-0.044174	3498	
-0.445043	-0.459469	3979	
0.617053	-0.085471	4606	
0.127714	-0.616218	3646	
-0.523086	0.468674	5165	
-0.530062	-0.445936	5153	
-0.458306	0.570458	1868	
-0.360853	-0.596109	4046	
0.278558	0.636788	3110	
-0.739339	0.080934	1019	
-0.303681	0.726461	6820	
-0.769898	-0.081588	2845	
-0.095458	-0.766742	3145	
-0.777343	-0.149214	5030	
0.429186	-0.668339	4577	
0.780533	0.241096	4587	
0.518106	0.662815	4861	
-0.421553	0.759336	5319	
-0.748898	0.465033	5019	
-0.513858	-0.723487	3514	
0.405848	-0.834099	4461	
0.401233	0.843496	5371	
-0.289540	-0.941781	2834	
-0.061441	-0.990652	6705	
-0.546880	0.829670	1704	
-0.160112	0.681166	5875	
0.260151	0.544732	3362	
-0.577014	0.321113	2004	
-0.588917	-0.264409	1346	
-0.249846	-0.583900	5780	
0.597895	0.172286	945	
0.201440	-0.595168	4558	
-0.480241	0.518319	4971	
-0.581739	0.421433	5345	
0.211364	0.644881	1462	
0.684575	-0.000789	4778	
0.313105	-0.625408	1037	
-0.062850	-0.701941	4530	
0.118001	-0.721499	2401	
-0.481038	-0.558662	2777	
0.637235	-0.425609	2776	
0.707560	0.312741	894	
-0.384959	-0.687789	3655	
0.712565	-0.350280	3618	
0.577071	0.577687	4008	
0.489646	0.683993	5283	
-0.285551	0.823525	2524	
-0.140524	0.876997	1307	
-0.775913	-0.431230	3187	
-0.826889	-0.339120	4637	
0.709627	0.606907	4145	
0.467854	0.859358	478	
-0.944387	0.301856	6498	
-0.222212	0.968710	6406	
0.186174	0.569015	1953	
-0.320506	-0.540944	5744	
-0.452339	-0.452591	4069	
0.560246	-0.274448	6107	
-0.558902	-0.319748	3613	
-0.490241	0.507486	4971	
-0.268739	0.705893	5187	
0.371097	0.568601	4671	
0.654696	-0.201582	4881	
-0.104592	-0.694691	4456	
-0.602096	0.416213	1619	
-0.731947	-0.110649	2344	
0.001357	0.755531	1064	
0.274983	-0.690607	1300	
-0.562649	0.561420	1952	
-0.434065	-0.649263	4231	
0.785229	-0.045554	2596	
-0.356692	0.750638	5528	
0.089229	0.819179	1586	
-0.465294	0.726441	1018	
-0.476090	0.723991	1018	
-0.177700	0.871583	5714	
-0.875791	-0.145501	3291	
-0.743869	0.499686	4820	
0.864516	0.353588	6213	
-0.914296	-0.196565	6368	
-0.258221	0.956769	1334	
0.095141	0.988803	1720	
0.047357	0.591948	2036	
-0.440467	-0.463669	1258	
0.543614	0.302318	5921	
-0.471679	0.485827	1928	
0.287210	-0.618601	2646	
0.527763	0.429993	5202	
0.225767	-0.649770	2982	
-0.386466	-0.589614	5335	
-0.018147	0.733075	5500	
0.608486	0.395820	1120	
0.727499	0.055835	1829	
0.148955	-0.718240	1075	
0.501776	-0.579231	3301	
0.128167	-0.761355	2887	
-0.480444	0.656423	5015	
-0.786186	-0.138875	5013	
0.802046	-0.055356	3758	
-0.824218	-0.028299	1578	
-0.610260	-0.587729	2180	
-0.805635	0.287471	4555	
-0.785930	0.397138	4682	
-0.744025	-0.483945	3602	
-0.761797	0.471302	5195	
0.892443	0.275821	5605	
-0.895411	0.269886	5724	
0.296828	0.944419	2091	
0.303410	0.945829	2091	
0.612216	-0.047774	4082	
0.598915	0.168739	945	
-0.476914	0.521859	4948	
0.231460	-0.644147	2982	
-0.641632	-0.272731	2397	
-0.671513	0.269974	2234	
0.151877	0.681776	4977	
0.552148	-0.472019	1498	
0.658757	-0.313581	5730	
-0.584656	-0.451058	2445	
-0.666382	-0.388260	2659	
-0.682230	-0.367371	3095	
-0.095239	-0.774631	3145	
0.651321	-0.441827	3146	
0.710134	-0.355135	3194	
0.115264	-0.805283	3326	
-0.831549	-0.109087	1512	
0.773651	-0.344621	4677	
0.187749	-0.831169	2246	
-0.543967	-0.690163	1372	
-0.405816	-0.789176	1783	
-0.818150	-0.359291	4591	
0.838575	0.411266	3609	
-0.907460	0.225819	6684	
0.413532	0.899181	6415	
-0.809891	0.575417	6680	
-0.106806	0.696598	6543	
0.566269	-0.261612	6049	
-0.675667	0.110179	3395	
0.253595	0.628937	5114	
-0.422579	-0.554991	1153	
0.545791	0.432864	5202	
0.393199	-0.610985	1381	
0.699217	-0.207439	910	
-0.513047	-0.529694	3756	
-0.763468	-0.124394	3247	
-0.770806	-0.098996	3284	
-0.727151	-0.291276	3626	
-0.508542	-0.602327	3945	
-0.014595	-0.794993	3201	
0.802020	0.059309	4144	
-0.554405	0.627964	2203	
0.119994	0.838005	1744	
0.303109	0.792186	1871	
-0.572394	0.657682	5014	
0.874499	0.118699	4689	
0.133177	-0.876819	3954	
0.062019	-0.924078	6116	
0.624333	0.694286	630	
-0.908289	-0.222115	6804	
0.261121	0.954818	1248	
0.374858	0.919804	6118	
-0.816457	0.566074	2535	
0.158753	-0.608563	4547	
0.562812	-0.269117	6107	
-0.634855	-0.136556	3440	
0.655813	-0.178898	4893	
-0.557546	-0.414070	5415	
0.540741	-0.441803	4454	
0.281001	-0.651410	947	
0.723765	-0.088980	571	
-0.045676	-0.733013	2129	
-0.254289	-0.725164	3299	
-0.652694	-0.416679	2754	
-0.577694	-0.526252	5257	
-0.540619	-0.573879	3327	
-0.624759	-0.493228	5634	
-0.444269	-0.668554	4719	
0.324450	0.749714	1059	
-0.097435	-0.832505	2148	
0.752313	-0.388859	5775	
-0.814773	-0.250385	2599	
-0.236290	0.858671	5556	
-0.645409	0.615619	5449	
0.831827	0.311271	4650	
-0.436443	-0.825251	274	
0.220785	0.908091	6170	
0.542630	0.813250	5967	
-0.341067	0.930364	1517	
0.204534	0.972026	6441	
-0.846865	0.519444	6008	
-0.338832	-0.600564	5004	
0.562237	0.384283	4220	
-0.432511	-0.540580	1231	
0.397299	-0.575055	5136	
0.668950	-0.208883	4942	
0.729124	-0.012933	1706	
0.546719	-0.487055	1498	
0.654994	-0.397290	2479	
-0.047551	-0.770309	2554	
0.368256	-0.686915	3752	
0.218323	-0.755620	2986	
0.128154	-0.784197	2688	
-0.147557	-0.788790	5442	
0.452994	0.679096	5190	
-0.811122	-0.211139	1653	
-0.095094	-0.841615	2148	
-0.560173	0.656955	4562	
-0.857870	0.106434	5576	
0.826703	-0.306068	3382	
-0.220312	-0.859663	2999	
-0.651815	0.616868	5449	
0.873993	-0.328415	6194	
-0.369408	0.863445	4858	
-0.239014	-0.955397	6305	
-0.981664	0.138856	2672	
-0.084020	0.990090	6694	
-0.574540	-0.416576	5388	
0.234577	0.659224	4972	
-0.085418	-0.726870	1537	
-0.583613	0.488880	5677	
0.739226	-0.074279	2230	
-0.204402	0.788437	5803	
0.553106	0.539421	1275	
-0.665831	0.446746	1529	
0.621997	0.481333	1109	
0.740638	-0.285544	2896	
0.447911	0.668351	5190	
-0.305223	0.791941	2013	
-0.023183	-0.837528	5644	
0.116977	-0.838425	4501	
-0.476170	0.723757	1018	
0.372039	0.770540	4754	
-0.299683	-0.826392	2478	
-0.883722	-0.078698	3314	
0.712090	0.530587	2425	
-0.859233	-0.364566	6199	
0.522259	0.774095	6233	
-0.868656	0.346841	4566	
0.978644	0.136196	5987	
0.137229	-0.983001	5985	
-0.464505	0.878471	6862	
-0.668542	-0.383951	2659	
0.764810	-0.033086	3085	
-0.704117	-0.323495	3123	
0.360445	0.683490	621	
0.363053	0.691525	623	
0.773543	0.143433	3768	
0.542264	-0.580254	3876	
0.097675	-0.795916	3279	
0.784438	0.225448	4587	
0.007711	-0.821671	5394	
0.165880	0.827855	1762	
0.840227	0.107557	3454	
-0.822141	0.233463	6109	
-0.839767	0.206878	1111	
-0.174189	-0.861749	3014	
-0.878702	0.123644	5740	
0.879137	-0.118560	4440	
0.405785	0.806813	3373	
0.917857	0.172964	3817	
-0.479055	0.806786	6604	
-0.966569	-0.175598	6480	
-0.337276	0.931587	1517	
0.475911	0.871728	6471	
-0.783854	0.610465	6307	
0.724435	0.306959	3438	
-0.162583	0.810265	1069	
0.505320	-0.612532	4478	
0.024803	0.808178	6671	
0.186499	0.785970	1436	
0.039731	0.826663	550	
0.711087	0.422844	3127	
0.302418	0.785163	1871	
0.789248	-0.306316	4154	
-0.525078	0.686714	6533	
0.808834	-0.271036	3878	
0.267917	0.831024	5063	
0.853297	0.225209	3004	
-0.628436	-0.625978	3557	
0.822916	0.333445	2365	
0.687377	0.580670	2169	
0.932128	-0.055489	5929	
-0.221127	0.912903	6866	
-0.326872	-0.911579	1470	
0.824638	0.545126	6597	
0.056524	-0.990719	288	
-0.360266	0.926202	6349	
-0.930597	0.347424	6827	
-0.411731	-0.710950	3819	
0.149656	0.819226	1438	
0.523917	-0.653807	3022	
-0.607297	0.604452	5217	
0.583033	-0.613866	1751	
0.220993	0.819741	2288	
-0.850566	-0.060427	2415	
0.670818	0.529162	5220	
-0.093101	0.880429	1058	
0.799376	-0.370667	3961	
-0.882505	0.089805	5545	
0.402020	-0.790261	3525	
-0.151466	0.888224	1307	
-0.892522	-0.272860	316	
0.845471	0.396825	6832	
-0.380552	0.858547	4858	
-0.428871	-0.831725	6842	
0.973803	0.165776	1053	
-0.911383	-0.391056	6355	
-0.013151	0.993432	1029	
0.549246	-0.650881	2799	
0.852272	0.042833	2550	
-0.287471	0.829057	2524	
0.435554	-0.747509	3193	
-0.859960	-0.174781	3280	
0.811625	-0.342479	3959	
-0.731399	0.507054	4820	
-0.175080	-0.869756	3363	
0.847925	-0.259683	4400	
-0.406254	0.805020	4692	
-0.024484	0.933853	5448	
0.922594	-0.143478	5776	
0.129408	0.926060	5096	
-0.763277	0.541784	6854	
-0.272787	0.941089	6483	
0.770285	0.619572	6022	
-0.837043	-0.531913	925	
0.040987	0.992645	1688	
0.195121	-0.864913	3339	
0.330747	-0.822569	3205	
0.644208	-0.609716	3008	
0.859519	0.221355	3004	
0.067671	0.890184	1906	
-0.892909	-0.008904	3029	
0.109407	0.925715	5096	
0.693180	-0.625691	4425	
0.716305	0.598875	3570	
-0.163667	0.924414	6664	
-0.802097	0.481946	5748	
0.636317	-0.732289	6896	
0.952352	-0.259233	6031	
-0.471145	0.871340	6490	
0.544341	-0.830015	595	
-0.247739	0.962409	1334	
-0.880499	0.460043	6239	
0.734305	0.576673	6721	
0.644929	0.675057	627	
0.413986	0.837100	6240	
0.048138	0.934623	6592	
-0.367537	0.864237	370	
-0.723339	0.594464	6144	
-0.900820	0.250423	5973	
0.935509	-0.163387	6644	
-0.070050	-0.981847	6705	
0.810092	0.565833	6757	
-0.735085	0.664033	6092	
0.215610	-0.968720	2783	
-0.035888	0.992891	6328	
-0.732950	0.670631	6568	
-0.969946	0.214515	6003	
0.864809	-0.473614	6025	
0.952037	-0.258428	6031	
0.978177	0.132854	5987	
0.733200	0.662539	6009	
0.194048	0.969921	6441	
-0.663803	0.735020	6486	
-0.930795	-0.341632	402	
0.524621	-0.842541	2679	
0.308186	0.944254	1397	
-0.494361	0.861939	1752	
-0.869070	0.481232	2663	
-0.532335	0.838906	6066	
-0.543858	0.831521	1704	
-0.611188	0.783256	1866	
-0.837012	0.535092	6008	
-0.936593	0.330744	2833	
