time = 110.5	Re = 90
-0.872942	0.457390	1213	
-0.894544	0.414025	6262	
-0.928577	0.332286	568	
-0.965606	0.205066	2685	
-0.987846	0.034742	6033	
-0.975963	-0.165957	2680	
0.915039	-0.299613	6191	
0.929385	-0.252052	690	
0.951179	-0.152477	6098	
0.964049	-0.008806	1264	
0.949493	0.172658	607	
0.883398	0.391907	6270	
0.734506	0.631058	379	
0.273607	0.935804	5990	
-0.792094	0.582649	5982	
-0.973735	0.156540	6597	
-0.955898	-0.256633	2548	
-0.745516	0.557150	5944	
-0.775285	0.515314	4706	
-0.824390	0.433639	4034	
-0.882780	0.299333	6429	
-0.928202	0.094190	5302	
-0.926417	-0.115859	4515	
-0.825345	-0.442035	4735	
0.031390	-0.950538	1102	
0.863306	-0.421301	1034	
0.960581	0.076691	735	
0.824237	0.504664	1000	
0.379198	0.894749	6378	
-0.926861	0.331487	568	
-0.963147	-0.223095	6011	
-0.784054	-0.608396	1705	
0.259398	-0.861707	5132	
0.333995	-0.835315	5546	
0.496498	-0.750305	6458	
0.727435	-0.533252	4263	
0.898636	-0.119784	5849	
0.720243	0.566362	3861	
0.231648	0.891744	4407	
-0.280399	0.882143	5694	
-0.717810	0.589978	4518	
-0.915380	0.174618	4107	
-0.890794	-0.280898	4605	
0.050322	-0.948189	6417	
0.957473	-0.093419	6411	
0.828155	0.497165	1016	
0.208274	0.950748	428	
-0.982716	0.075901	5999	
-0.841677	-0.523069	1248	
-0.307657	0.820503	1877	
-0.378480	0.790853	3956	
-0.528595	0.701287	3964	
-0.716961	0.511467	4472	
-0.839365	0.271750	4954	
-0.881695	-0.062210	4756	
-0.767330	-0.446630	5219	
-0.367121	-0.825863	5440	
0.233887	-0.867922	5231	
0.837202	-0.337212	4394	
0.417914	0.818014	3831	
-0.407235	0.831431	6194	
-0.885583	0.286370	3609	
-0.880779	-0.310251	6622	
0.421190	-0.855032	5032	
0.934954	0.233121	6608	
0.526444	0.812890	6647	
-0.968197	0.178388	6329	
-0.301025	-0.817630	614	
-0.225075	-0.839808	5319	
-0.056202	-0.863174	1766	
0.248785	-0.823475	4811	
0.585136	-0.628627	1716	
0.821625	-0.255329	3535	
0.805113	0.314112	2436	
0.309176	0.813061	1626	
-0.325301	0.811904	3961	
-0.839044	0.270145	4954	
-0.785271	-0.411729	5071	
-0.121255	-0.892564	2016	
0.699965	-0.564324	3361	
0.366257	0.842144	559	
-0.638765	0.672335	5929	
-0.929340	-0.073320	630	
-0.278210	-0.903265	395	
0.949073	0.161756	607	
0.498190	0.830209	371	
-0.983846	0.047114	6182	
-0.741604	-0.658071	1720	
0.697535	0.444236	1524	
0.644188	0.519367	1467	
0.466306	0.684983	3326	
0.189171	0.808812	4940	
-0.182863	0.812961	5168	
-0.608021	0.575014	5324	
-0.832635	0.114740	1534	
-0.709857	-0.461185	1788	
-0.143190	-0.854454	1018	
0.621645	-0.591314	2440	
0.815935	0.281151	4245	
-0.006691	0.871720	2966	
-0.811172	0.342504	4650	
-0.715390	-0.527052	5338	
0.269204	-0.856552	4256	
0.866174	0.271828	3910	
-0.477609	0.792565	5119	
-0.930645	-0.044525	927	
-0.123411	-0.937231	6630	
0.902686	0.337176	448	
0.195148	0.951256	428	
-0.949422	-0.270169	6645	
-0.568308	-0.814852	6273	
-0.525543	0.599252	2567	
-0.602302	0.523258	4995	
-0.719200	0.349981	4095	
-0.799617	0.054834	3257	
-0.720288	-0.360230	1407	
-0.250295	-0.802991	6856	
0.437868	-0.696775	6146	
0.801112	-0.183851	4892	
0.565652	0.602608	1263	
-0.323891	0.767620	4640	
-0.838123	0.054998	5220	
-0.409601	-0.767452	5427	
0.609710	-0.602746	1475	
0.695706	0.513087	5126	
-0.454606	0.746882	5008	
-0.840261	-0.273893	2603	
0.138461	-0.887102	5825	
0.870691	0.253268	3619	
-0.608498	0.698298	6753	
-0.890841	-0.276980	4605	
0.722874	-0.624730	312	
0.693444	0.672247	6542	
-0.948859	0.257295	6586	
-0.706505	-0.695234	1688	
-0.351829	-0.741320	1098	
-0.217186	-0.785604	5372	
-0.005558	-0.803780	1940	
0.412736	-0.676537	5787	
0.706293	-0.351456	4284	
0.781088	0.107940	3836	
0.509971	0.603646	3486	
-0.164311	0.776993	3500	
-0.734885	0.313179	3406	
-0.580768	-0.576486	6671	
0.575112	-0.586218	5475	
0.744822	0.351342	1539	
-0.396319	0.732685	3730	
-0.780433	-0.317465	4473	
0.190321	-0.837652	1924	
0.820191	0.264574	4419	
-0.405674	0.773701	3955	
-0.810720	-0.352981	4935	
0.369947	-0.817113	4334	
0.407961	0.820315	3624	
-0.880979	0.295694	3609	
-0.657877	-0.667326	508	
0.911217	0.310902	274	
0.042239	0.971112	6678	
-0.855468	-0.495353	2091	
0.747917	-0.135493	3853	
0.759026	-0.030393	3378	
0.734302	0.193596	2722	
0.591158	0.477175	2480	
0.250517	0.718213	1168	
-0.334743	0.686323	912	
-0.683478	0.345177	2270	
-0.662492	-0.397389	5676	
0.182713	-0.775024	1529	
0.786884	-0.035956	3922	
0.228762	0.757269	5148	
-0.650206	0.460258	4554	
-0.410643	-0.734007	5762	
0.801417	-0.178165	4892	
0.001037	0.829896	1724	
-0.832630	-0.111564	4899	
0.210109	-0.832352	3717	
0.746249	0.433054	4898	
-0.651779	0.584882	3542	
-0.545796	-0.711277	1830	
0.800787	-0.407447	3272	
-0.477271	0.791286	5119	
-0.870230	-0.336008	5371	
0.931207	-0.228326	690	
0.418399	0.872268	6235	
-0.941482	-0.293810	478	
0.609403	0.401057	2469	
0.551023	0.477813	1740	
0.389576	0.616055	1075	
0.127225	0.717848	1381	
-0.297339	0.667106	6455	
-0.627479	0.377110	3775	
-0.683988	-0.269369	734	
0.433213	-0.627350	5647	
0.615533	0.443857	3059	
-0.318334	0.693305	901	
-0.766444	0.014756	1137	
0.191116	-0.772406	1609	
0.737430	0.277521	3820	
-0.322683	0.725294	5494	
-0.665196	-0.456214	1436	
0.784373	-0.241290	4603	
-0.108692	0.823240	3282	
-0.737705	-0.408820	2387	
0.599098	-0.611164	1532	
0.160054	0.853463	3924	
-0.871402	-0.133963	3171	
0.364251	-0.818927	5526	
0.143060	0.906985	5232	
-0.929871	-0.033890	5413	
0.396665	-0.861152	802	
0.580677	0.771816	6674	
-0.970778	-0.166041	6502	
-0.447747	-0.886677	6483	
0.439445	0.546401	5729	
0.370752	0.594596	5791	
0.200086	0.670854	1037	
-0.141215	0.686195	3845	
-0.538445	0.450766	2831	
-0.702502	-0.044735	688	
0.255335	-0.696403	4993	
0.643498	0.342043	4924	
0.045898	0.727056	1765	
-0.672162	0.290159	1837	
-0.025399	-0.776833	1232	
0.544715	0.527840	2057	
-0.625596	0.439359	3210	
-0.335905	-0.746692	1594	
0.784093	0.066118	1460	
-0.336007	0.718900	2643	
-0.511129	-0.653471	5370	
0.815727	0.090441	2700	
-0.614408	0.563703	3204	
-0.154804	-0.851154	1018	
0.806537	0.300776	1856	
-0.731620	0.482411	4592	
-0.208301	-0.875295	5271	
0.806836	0.413608	2944	
-0.906761	0.202063	6884	
-0.293573	-0.894566	395	
0.653878	0.709752	803	
-0.978591	-0.105670	6363	
-0.432726	-0.893796	3862	
-0.011572	0.677947	3947	
-0.125461	0.666297	2739	
-0.325712	0.594658	4098	
-0.562791	0.379507	4163	
-0.678714	-0.031218	4521	
-0.421988	-0.628882	5737	
0.500894	-0.501936	5429	
0.424785	0.556994	6034	
-0.368867	0.595517	4963	
-0.651409	-0.265967	3110	
0.672770	0.279767	2482	
-0.196588	0.702077	3783	
-0.684491	-0.264901	734	
0.711100	0.261632	2829	
-0.570832	0.507273	2693	
-0.191332	-0.788865	4354	
0.689298	0.381050	5225	
-0.650353	0.457914	4554	
0.431523	-0.698439	6146	
0.211960	0.798946	1973	
-0.719190	-0.440983	2288	
0.793459	-0.322988	3930	
-0.404367	0.772784	3955	
-0.503936	-0.743453	1180	
0.900889	0.001094	3667	
-0.859492	0.349866	6578	
-0.413054	-0.845634	5928	
0.660184	0.703516	600	
-0.974421	-0.138710	6364	
-0.382608	-0.916608	1517	
-0.248862	-0.665733	4792	
0.046783	-0.682841	4194	
0.421535	-0.517461	5046	
0.489926	0.428083	5886	
-0.631840	0.171119	5877	
-0.436865	-0.585882	1409	
0.677898	0.068874	1228	
-0.134809	0.663825	3156	
-0.677378	0.050160	5202	
-0.101806	-0.730744	6849	
0.403335	0.572217	1251	
-0.611183	0.345344	3749	
0.534970	-0.501040	1123	
0.008808	0.727835	1421	
-0.681075	-0.272577	734	
0.591508	0.473764	2480	
-0.742414	0.184650	529	
0.491004	-0.616552	2202	
-0.001714	0.791068	3876	
-0.579195	-0.575357	6671	
0.759880	0.311673	4209	
-0.836895	0.037636	4819	
0.517095	-0.680827	4741	
-0.117214	0.861944	2517	
-0.655050	-0.600928	1906	
0.879635	-0.184522	3212	
-0.848190	0.375439	4060	
-0.374152	-0.863442	5943	
0.596752	0.758377	5222	
-0.947014	-0.270759	6645	
0.371267	0.500892	4595	
0.098419	0.612102	851	
-0.524983	0.323584	963	
-0.252002	-0.654759	4723	
0.103372	-0.664267	4868	
0.634059	0.077180	5863	
-0.422176	0.461320	511	
0.244487	-0.628438	1522	
-0.646315	0.102041	4193	
0.572987	-0.379665	4002	
-0.278579	0.617210	6413	
-0.580963	-0.351523	943	
0.678798	0.173371	5335	
-0.566548	0.413042	2128	
0.646561	-0.341006	4992	
-0.330343	0.649759	4091	
-0.020892	-0.775649	1232	
-0.074438	0.756311	2971	
-0.398781	-0.713680	1367	
0.612294	0.495101	3461	
-0.797907	-0.013907	2719	
0.817577	-0.059081	5364	
-0.719310	0.423142	4283	
0.365131	-0.773834	3233	
0.035293	0.867478	2799	
-0.677438	-0.573212	5117	
0.887119	-0.144051	3602	
-0.886863	0.273049	3609	
-0.160148	-0.926894	397	
0.456110	0.851385	445	
-0.872907	-0.459067	1060	
0.068776	0.264435	6882	
-0.006506	0.270729	2067	
-0.195477	0.176402	6553	
-0.258468	-0.138869	1943	
-0.556050	-0.198444	2907	
0.221553	0.004165	828	
-0.425826	-0.416320	2031	
-0.454458	0.416765	697	
0.308643	-0.585955	5826	
-0.238578	0.578142	6049	
0.565333	-0.340847	3440	
-0.391428	-0.635057	6545	
-0.041474	0.675423	4293	
-0.566878	-0.375725	943	
0.457728	0.529272	2295	
-0.702427	0.000962	4418	
0.459937	0.563173	2778	
-0.731108	0.027854	474	
0.567235	0.501690	2690	
-0.761721	-0.071728	2040	
0.777871	0.111556	3836	
-0.689135	0.396696	3297	
0.754806	-0.317567	4122	
-0.641569	0.531222	1778	
0.339136	-0.785580	5356	
-0.013907	0.868254	2491	
-0.592673	-0.666867	5227	
0.890766	0.136526	3232	
-0.927738	0.046313	4145	
0.579482	-0.750768	594	
0.212427	0.943832	428	
-0.705960	-0.692092	1688	
0.232595	0.214324	2248	
0.262230	0.171533	1862	
0.293627	0.090146	6623	
0.301074	0.002419	6164	
0.279360	-0.075653	304	
0.276542	-0.056317	389	
0.245683	0.124349	438	
-0.234604	0.112151	475	
0.202373	0.574306	4653	
-0.404429	-0.449442	6210	
-0.112999	-0.676030	6421	
0.388844	0.496199	4595	
0.526949	-0.399979	3462	
-0.140100	-0.708316	1577	
-0.435935	0.517737	661	
0.060453	-0.723354	5035	
-0.227853	0.660691	2126	
0.566389	-0.462199	1136	
-0.557953	0.470295	2253	
0.722557	-0.223107	3123	
-0.747131	0.162360	536	
0.771388	-0.151356	2650	
-0.620604	0.495537	4678	
0.712956	-0.401675	3055	
-0.667708	0.498156	4978	
0.443200	-0.730770	6109	
-0.242380	0.835445	5538	
-0.328237	-0.838377	284	
0.681509	0.598712	3487	
-0.894472	-0.257048	5318	
0.957593	0.050514	1366	
-0.254043	0.938364	313	
-0.440211	-0.888434	6483	
-0.500567	-0.110392	3757	
-0.464621	-0.152935	3350	
-0.402690	-0.131522	2191	
-0.353533	0.046614	5639	
-0.249401	0.244593	2774	
0.022141	0.334881	2794	
0.265206	0.172609	1862	
0.296101	-0.052618	334	
0.257331	-0.119700	6725	
0.235803	0.138102	6808	
-0.323415	-0.312890	6723	
-0.347678	-0.607242	5875	
-0.054426	-0.679034	1623	
-0.116876	0.614747	835	
0.193797	0.617466	652	
0.578705	0.353159	4531	
-0.615069	-0.282949	5114	
0.290239	0.635654	3791	
-0.545743	-0.460965	5312	
-0.207362	0.697391	2375	
0.353574	-0.673715	2883	
-0.702010	0.301582	3880	
0.747322	-0.243030	4217	
-0.646423	0.461518	4357	
0.785395	-0.230553	4717	
-0.779227	0.299601	4902	
0.645002	-0.559789	4921	
-0.578607	0.652973	3893	
0.077760	-0.891917	4925	
-0.154307	0.905670	6097	
-0.714834	-0.601437	5096	
0.746469	0.608256	899	
-0.976426	-0.115040	6363	
-0.200740	-0.972835	6187	
0.352844	-0.092891	3310	
0.121131	-0.381949	5831	
0.158154	-0.565337	1464	
0.544553	0.101955	3192	
0.079553	0.523832	2278	
-0.423129	0.312724	1881	
-0.438710	-0.155700	5591	
-0.316744	0.156491	2995	
0.063370	0.328763	2644	
0.306898	0.034318	632	
0.235970	-0.165149	6895	
0.256791	0.092133	6913	
-0.425399	-0.365539	2854	
-0.396610	-0.516024	6396	
0.473085	-0.451755	4918	
-0.361943	-0.629233	591	
-0.049193	-0.712148	1868	
-0.652847	0.182666	6166	
0.688130	0.125583	1153	
-0.670550	-0.206477	4096	
-0.080816	0.722570	1498	
0.307574	-0.697153	2121	
-0.717923	0.261417	1082	
0.784129	-0.047473	3922	
-0.745834	0.276325	3438	
0.811033	0.115503	1361	
-0.820013	-0.171571	5283	
0.853198	-0.070848	1983	
-0.850232	0.213710	5551	
0.634334	-0.631380	3037	
-0.738278	0.556456	5944	
-0.286748	-0.895191	395	
0.356195	0.897551	5830	
-0.745247	-0.647323	1720	
0.054087	0.471295	739	
0.400311	0.322868	2605	
0.092163	0.413361	1097	
0.518949	-0.202765	3135	
-0.428780	0.065570	1455	
0.211627	0.330959	4049	
0.205267	-0.550633	3026	
0.120621	0.516816	5750	
-0.521675	0.080185	1714	
-0.362366	0.023215	1502	
0.037226	0.335629	3253	
0.306282	-0.020716	6516	
0.221975	-0.178803	761	
0.046640	0.263450	868	
-0.050484	0.217489	4022	
0.012656	-0.677009	1928	
-0.555898	0.285417	945	
-0.595548	-0.259804	4704	
-0.528346	0.422778	4125	
0.683130	-0.158872	1278	
-0.685973	-0.146160	4159	
-0.122745	0.716576	1806	
0.453915	-0.606981	769	
-0.763578	0.032529	423	
0.735930	0.274347	3242	
-0.761661	-0.239511	2622	
0.625732	0.531744	5285	
-0.506492	-0.697036	5405	
0.624134	0.593145	1448	
-0.752331	-0.462640	5100	
0.898203	-0.006370	3309	
-0.921328	-0.119965	4515	
0.939441	-0.177423	5960	
-0.291878	0.926420	6110	
0.203615	-0.351325	4195	
0.364542	-0.137735	5758	
0.393020	0.077194	4602	
0.324422	0.259541	638	
0.082690	0.436615	3587	
0.275315	0.421620	2781	
-0.233734	0.410316	913	
-0.372813	0.206857	1468	
0.116977	-0.387619	5831	
0.270954	0.461383	1563	
-0.525024	0.025065	2933	
-0.312801	0.167650	2995	
0.219547	0.241544	1647	
0.232597	-0.185906	761	
0.273118	-0.021255	3220	
-0.585712	-0.110771	4885	
-0.264904	0.557329	3797	
-0.054444	0.622986	4246	
-0.627634	-0.172563	4610	
-0.488929	0.467295	4135	
0.692174	-0.108292	5388	
-0.639819	-0.288093	4981	
-0.333628	0.646320	4091	
0.754914	0.001408	3743	
-0.712315	-0.279922	603	
0.410207	0.671396	2540	
-0.234748	-0.802883	5604	
-0.150390	0.813644	5069	
0.270450	-0.811481	4073	
-0.253859	0.830972	5538	
-0.069909	-0.893511	2593	
-0.083013	0.913419	4425	
-0.628006	-0.693899	5448	
0.598385	0.755276	5222	
-0.863489	-0.473866	1397	
0.297782	-0.478599	2257	
0.127010	-0.537566	1362	
0.083945	-0.479210	1223	
0.165328	-0.381961	4316	
0.332844	-0.195985	5736	
0.392463	0.062132	4477	
0.219759	0.363954	4150	
0.035863	0.474991	739	
-0.279030	0.358003	3504	
-0.321678	0.278387	5704	
0.092293	-0.572677	5080	
-0.115156	0.511338	2610	
-0.401824	-0.118214	2808	
-0.004641	0.342186	3017	
0.281092	-0.114776	1049	
0.224921	-0.166094	1449	
-0.293504	-0.262124	5523	
0.486501	0.391545	5620	
0.094886	0.619360	2481	
-0.614448	-0.212642	4681	
-0.586477	0.337789	3151	
0.625989	0.309209	1432	
-0.385965	-0.673275	1061	
-0.670437	0.288854	1837	
0.333411	0.678807	876	
0.028859	-0.798427	1952	
-0.337940	0.715072	2896	
0.718796	-0.389392	3112	
-0.810258	0.199557	5437	
0.833592	-0.189763	5020	
-0.862665	0.153938	4802	
0.753879	-0.483244	3291	
-0.892996	0.247111	3615	
0.487058	-0.808621	625	
-0.070723	0.965758	6649	
0.135360	-0.403371	2218	
0.315859	-0.214999	5671	
0.350516	-0.153212	5968	
0.368669	-0.108521	5840	
0.334037	-0.187053	5736	
0.352531	-0.152587	5968	
0.391271	-0.006141	3594	
0.351955	0.205108	542	
0.086006	0.430639	3587	
0.537553	-0.108202	1916	
-0.291252	0.377449	969	
0.323082	0.207046	543	
0.374490	0.386209	2450	
-0.506149	-0.082748	1759	
-0.164502	0.310316	2377	
0.304353	-0.051225	334	
0.186445	-0.215897	617	
-0.259996	-0.172585	1631	
0.255134	0.566121	3975	
-0.202784	0.590786	903	
-0.526778	-0.385010	1540	
-0.676999	-0.011622	4071	
0.054033	0.695641	4757	
0.712721	-0.142358	1384	
-0.675183	-0.281041	734	
-0.444370	0.616481	701	
0.745343	-0.244544	4217	
-0.792986	0.062367	2233	
0.636047	0.518247	5285	
-0.327842	-0.803066	4895	
0.355161	0.785741	5244	
-0.432069	-0.787928	5556	
0.521604	0.742371	3870	
-0.718603	-0.595503	5096	
0.646429	0.713551	803	
-0.867519	-0.465481	1060	
0.014733	0.499365	976	
-0.051993	0.494151	977	
0.065019	0.498603	1875	
0.421476	0.313577	2399	
0.248803	-0.284147	3733	
0.542585	-0.082151	3235	
-0.117045	0.454468	4212	
0.054780	0.433029	3457	
0.224712	0.354381	4720	
0.109073	0.419900	1097	
0.060084	0.477577	1033	
-0.307822	0.341211	3412	
-0.134949	0.395069	4197	
0.554445	0.036515	2637	
-0.510587	0.122107	3736	
-0.216802	0.279852	1800	
0.303571	-0.057843	334	
0.175116	-0.225865	424	
-0.315251	-0.304263	6727	
-0.460128	0.409630	515	
-0.623833	-0.016012	4447	
0.364753	-0.587798	5598	
-0.481833	-0.524342	5471	
-0.514497	0.472539	1926	
0.127391	0.714288	1381	
0.467959	-0.595049	769	
-0.731426	-0.221565	615	
0.347773	0.705248	2986	
0.116073	-0.815084	5932	
-0.602134	0.572132	4588	
0.688903	-0.503161	1636	
-0.798752	0.355441	2339	
0.695856	-0.561920	3361	
-0.878165	0.293065	3609	
0.457965	-0.824129	5467	
-0.152338	0.956518	865	
-0.261108	-0.956229	6862	
0.171674	0.333816	2914	
0.161857	0.339000	2914	
0.048263	0.379393	1373	
-0.183006	0.348704	3825	
-0.352627	0.186818	1669	
-0.459902	-0.047847	2022	
-0.356946	0.341643	5585	
0.440175	0.290722	2827	
0.208177	-0.325944	3786	
-0.058101	0.469457	4415	
-0.030745	0.452072	4572	
0.010824	0.474177	984	
-0.167811	0.410554	4502	
-0.306415	0.296281	5871	
0.540438	-0.166851	3083	
-0.509870	0.123250	2349	
-0.186042	0.300700	2385	
0.279054	-0.127103	6725	
0.201151	-0.193860	930	
-0.361733	0.482910	3496	
0.267389	-0.608088	5555	
0.233610	-0.630824	2190	
0.243167	0.629646	2314	
0.599311	-0.368466	1088	
-0.586913	-0.389794	5024	
-0.667647	0.294250	1837	
0.168759	0.737129	3164	
0.418087	-0.667202	5892	
-0.708843	0.357743	3292	
0.748246	0.333230	2267	
-0.540281	-0.665249	5553	
0.422778	0.750387	3398	
-0.402053	-0.803801	5645	
0.418808	0.805688	3831	
-0.620418	-0.700207	5448	
0.505431	0.820376	371	
-0.752085	-0.637042	6475	
0.395356	-0.448404	5050	
0.351149	-0.486895	3354	
0.146589	-0.586235	5206	
-0.019027	-0.579371	1339	
0.059529	-0.404496	1963	
0.349615	-0.021138	1909	
0.067707	0.373626	590	
-0.367139	0.154591	5596	
-0.475846	0.145268	2186	
0.321356	0.407931	2151	
0.212321	-0.322365	3786	
-0.015162	0.477794	987	
0.082153	0.479078	1033	
-0.157685	0.413531	4502	
-0.287831	0.313837	2300	
0.554546	0.032367	1776	
-0.518608	-0.020700	2764	
-0.041283	0.345171	4230	
0.204866	-0.226740	617	
0.266359	-0.047064	4458	
-0.556771	-0.217062	2012	
0.639779	0.016757	4069	
-0.650701	-0.045340	4763	
-0.666022	0.121095	4377	
-0.027033	0.696907	4507	
0.593100	0.418824	1453	
-0.249925	-0.748833	6838	
-0.763174	-0.023395	442	
0.502231	0.603959	3486	
0.036612	-0.824475	4938	
-0.608525	0.564771	3204	
0.742400	-0.420049	1735	
-0.851775	0.199736	5551	
0.811805	-0.377556	3683	
-0.927361	-0.004514	6103	
0.922493	-0.240225	690	
-0.604303	0.763958	5989	
-0.047022	-0.991353	2090	
0.026651	0.563210	4368	
0.075132	0.559695	4568	
0.178778	0.537367	3666	
0.356671	0.442974	2918	
0.554565	0.153633	5483	
0.507619	-0.304598	1588	
-0.025405	-0.576467	1339	
0.204295	-0.284892	6243	
0.065598	0.373359	590	
-0.399904	0.053082	3383	
-0.283235	0.407860	5914	
0.345727	-0.141588	5968	
0.391542	0.337450	3320	
0.368217	0.358003	1787	
-0.236971	0.378780	4883	
-0.044891	0.411402	2581	
0.367895	0.390376	1845	
-0.421963	-0.133062	1375	
0.203916	0.262885	1891	
0.111925	-0.290616	2784	
-0.090849	0.244785	408	
0.601476	-0.214226	1346	
-0.598816	0.176882	5885	
0.598814	-0.328568	4043	
-0.036265	-0.729861	3396	
-0.687317	-0.134069	4573	
-0.536948	0.490857	4123	
0.252017	0.712290	1168	
0.433688	-0.656335	999	
-0.746858	0.269924	3438	
0.661937	0.483001	1650	
-0.163363	-0.847274	3657	
0.044857	0.863168	2799	
0.036932	-0.893479	5449	
-0.417424	0.818277	3889	
-0.280996	-0.895766	395	
0.132859	0.956638	275	
-0.431773	0.382706	4126	
-0.400635	0.415015	3682	
-0.351792	0.454114	3474	
-0.269444	0.504014	5752	
-0.133674	0.553331	3125	
0.123232	0.554733	4032	
0.444486	0.360097	5870	
0.525904	-0.269854	1805	
-0.037471	-0.531277	5766	
0.342824	0.088844	2508	
-0.309721	0.244777	5718	
-0.446205	0.221352	2785	
0.265072	-0.514075	2459	
0.543640	-0.058130	2168	
0.426061	-0.373567	5441	
0.248709	0.444808	753	
0.371995	0.024437	2341	
-0.159127	0.497048	1392	
-0.344628	0.112723	2959	
0.313339	-0.028208	280	
0.124297	-0.265088	2462	
-0.474731	0.370999	698	
0.486551	-0.436121	3088	
0.563288	0.318471	3289	
-0.604091	0.303752	3268	
0.070204	0.693465	4887	
0.600713	0.407191	1887	
-0.078998	-0.772446	729	
-0.732413	-0.216548	615	
0.225217	0.753189	5148	
0.480528	-0.660030	2989	
-0.821559	0.140272	5150	
0.844302	0.136573	1372	
-0.768909	-0.430518	5063	
0.867366	0.233837	4312	
-0.767259	-0.527953	6054	
0.634817	0.722764	5527	
-0.811899	-0.556558	6215	
0.044895	0.591275	870	
0.071915	0.588867	866	
-0.018088	0.589797	878	
-0.125284	0.573757	5049	
-0.235808	0.533338	2477	
-0.257009	0.518843	2961	
-0.119964	0.559214	2633	
0.195458	0.536153	3321	
0.567120	0.116974	4020	
0.078029	-0.599763	1834	
0.289314	-0.184178	3653	
-0.233199	0.314300	4010	
-0.459860	0.194210	2549	
0.165020	-0.552447	1888	
0.441962	-0.353264	4018	
0.382058	0.059681	4477	
-0.456138	0.050117	5281	
0.242394	-0.533115	1823	
-0.515868	0.084687	1714	
-0.013132	0.347717	3017	
0.135750	-0.283350	6408	
0.250463	0.094564	6913	
-0.368100	-0.601251	5685	
-0.483946	0.393707	980	
0.601906	-0.321724	4043	
0.198596	-0.689361	2798	
-0.615042	-0.337196	4972	
-0.712875	0.155115	1124	
-0.189401	0.733182	2158	
0.755289	-0.205883	3095	
-0.738304	-0.300005	1100	
0.090028	0.817938	3720	
0.503469	-0.687638	4261	
-0.721313	0.489774	4484	
0.705060	-0.548852	3314	
-0.916686	0.129963	3919	
0.838557	-0.443573	783	
-0.566198	0.790218	6670	
-0.084713	-0.368071	2019	
-0.098419	-0.387328	2044	
-0.185843	-0.521587	5393	
-0.048781	-0.654089	1789	
0.603601	0.101610	5640	
0.195250	0.561093	4131	
-0.103421	0.575760	5266	
-0.153589	0.556423	2745	
0.091335	0.564269	4390	
0.513240	0.262349	5569	
0.187714	-0.578358	3237	
0.294359	-0.175168	3078	
-0.293843	0.260850	5477	
-0.363802	0.339918	5585	
0.373184	-0.051851	4044	
0.443649	-0.350649	4018	
-0.175330	0.405556	4260	
-0.031728	0.412993	2265	
0.197515	0.490594	484	
-0.368227	0.027696	1502	
0.317503	0.015668	297	
0.083182	-0.294761	6039	
-0.576877	0.172326	4168	
0.557688	-0.332655	3440	
-0.040320	0.642851	2337	
-0.675075	-0.036314	4521	
-0.346867	0.604818	4942	
0.037780	0.724009	1505	
0.731273	-0.175972	2369	
-0.295272	-0.759042	5807	
-0.548906	0.569238	3085	
0.776777	0.255666	4160	
-0.453266	-0.735633	2113	
0.172434	0.844778	3813	
0.059243	-0.891663	5449	
-0.483861	0.780748	5119	
-0.149026	-0.926008	5491	
-0.035032	0.965737	6879	
-0.230308	-0.962841	1752	
-0.195478	0.576515	903	
-0.403948	0.453725	4082	
-0.269160	-0.271570	6337	
0.044226	0.237479	4381	
0.183813	-0.158346	361	
-0.174837	-0.505999	4936	
0.613637	0.019867	3841	
0.142515	0.573923	5937	
-0.092372	0.573939	5059	
0.091831	0.565910	4390	
0.531028	0.228694	3976	
0.053575	-0.602126	1755	
0.339050	0.099461	3113	
-0.393936	0.064463	3380	
-0.077984	0.495574	986	
-0.289486	0.333630	2300	
0.323651	-0.191279	5736	
-0.431438	0.192010	2544	
0.100875	-0.569928	5080	
-0.512257	0.101282	3692	
0.025184	0.346129	2794	
0.098427	-0.308972	1999	
0.141519	0.223718	6532	
0.411122	0.467838	1254	
-0.484924	-0.380318	4687	
0.194555	0.645080	2646	
0.684986	0.130429	1153	
0.437078	-0.584609	771	
-0.533436	-0.530276	528	
-0.762347	-0.027816	442	
0.330946	0.712027	1146	
0.438575	-0.688356	6160	
-0.830614	0.065651	5220	
0.803716	0.293992	1856	
-0.639106	-0.614179	322	
0.683763	0.588099	3108	
-0.579388	-0.734737	1676	
0.357250	0.894834	5830	
-0.572044	-0.803824	6176	
0.162545	-0.137612	820	
0.620065	0.080243	5863	
-0.154204	0.184850	1167	
0.053054	-0.256885	520	
0.116068	-0.639196	4744	
0.298068	0.515205	2645	
-0.023920	0.581742	4761	
0.191385	0.541522	3666	
0.584489	0.008362	1784	
-0.024779	-0.494318	1212	
0.061416	0.371052	1373	
-0.487971	-0.024179	2175	
0.543199	-0.110083	1916	
0.243062	-0.293292	3177	
-0.312747	0.328196	4386	
0.129569	0.381303	861	
0.000752	0.521691	2283	
-0.336007	0.139320	2968	
0.272418	-0.151224	2260	
0.138709	-0.248440	1644	
-0.223859	-0.211655	6122	
0.364750	0.513574	4432	
-0.246772	-0.689021	5089	
-0.136592	-0.725649	1577	
-0.657229	-0.239708	5323	
-0.705608	0.183619	4310	
-0.264927	0.709100	3208	
0.782415	-0.012257	5257	
-0.568105	-0.583101	6671	
-0.346332	0.749901	3851	
0.750286	-0.403968	3446	
-0.872817	0.054080	4563	
0.887107	-0.122034	5849	
-0.838850	-0.399928	5577	
0.736879	0.615781	379	
-0.859950	-0.476522	1397	
0.073795	-0.206739	360	
-0.361288	-0.403453	6200	
0.225523	-0.087795	415	
-0.080319	-0.651164	6380	
0.309867	0.507800	2878	
0.033698	0.580235	4567	
0.356886	0.452626	3729	
0.397816	-0.452437	5050	
0.269459	-0.210223	3102	
-0.323005	0.221683	5436	
-0.215619	0.452015	1329	
-0.041575	0.424024	2686	
0.013259	0.428161	3338	
-0.409571	0.139336	1516	
0.551562	0.045869	2637	
-0.436752	-0.134846	1375	
0.279571	0.174267	2876	
0.029137	-0.338219	6362	
-0.316244	-0.310673	6727	
0.530319	-0.377583	3039	
0.258912	0.589401	1683	
-0.661344	-0.135700	4814	
-0.476975	0.508377	5146	
-0.205940	0.695430	2375	
0.580646	0.480439	1984	
0.414184	-0.668097	5787	
-0.784632	0.119905	2273	
0.421959	0.702610	4151	
0.347263	-0.778791	5356	
-0.644086	0.584655	3160	
0.691307	-0.564525	3361	
-0.922813	0.069399	3570	
0.897776	-0.308780	6191	
-0.781513	0.583116	5982	
0.172756	0.124514	3765	
-0.403208	-0.400996	1951	
0.134014	-0.209086	308	
0.481785	-0.405249	5495	
0.210590	0.551619	4596	
0.164076	0.553639	6241	
0.568237	0.128765	5733	
-0.045910	-0.534206	5719	
0.102063	0.357562	4011	
-0.496884	0.019239	3493	
0.307192	-0.489679	2257	
0.226083	0.339757	4728	
-0.345247	0.320274	1319	
0.061157	-0.447611	1956	
-0.458229	0.244512	3824	
0.003856	0.350079	3529	
0.063337	-0.333727	1192	
0.119467	0.234256	1487	
-0.452172	0.417892	697	
-0.090609	-0.683094	1104	
-0.378037	0.558184	4162	
0.248175	0.649512	3007	
0.464559	0.556000	2778	
0.512909	-0.552890	2447	
-0.515400	-0.603538	2136	
-0.504189	0.607644	3018	
0.764406	0.288789	4209	
-0.289840	-0.815230	798	
-0.061709	0.861455	2505	
0.307533	-0.836717	4695	
-0.771352	0.504141	3817	
0.244607	-0.905101	5738	
-0.378643	0.891063	6267	
0.167612	-0.133263	3645	
-0.227882	0.072219	639	
-0.083780	-0.375758	2019	
0.565612	0.216946	1208	
0.146376	0.566416	6241	
0.412838	0.405203	5684	
0.261965	-0.549460	2801	
0.342383	-0.036902	6220	
-0.403399	0.018005	3548	
0.125511	0.496259	574	
-0.355187	0.269018	3502	
-0.334282	0.322861	3303	
0.296712	0.253002	6348	
-0.180287	0.486346	2241	
-0.227896	0.279563	2405	
0.156823	-0.276851	6831	
0.212483	-0.168572	1134	
-0.392497	-0.585997	6543	
-0.608340	0.137426	5921	
0.484652	0.468648	3084	
0.695358	-0.060789	5346	
0.418510	-0.597374	1131	
-0.387108	-0.692273	1255	
-0.714792	-0.267829	603	
-0.014683	0.786454	3876	
0.782355	-0.229380	4603	
-0.694217	-0.472365	2266	
0.438745	0.738074	2246	
-0.077713	-0.890597	2593	
-0.354969	0.844220	3422	
-0.060747	-0.935100	5224	
-0.155123	0.953721	6292	
-0.063139	-0.988197	6795	
0.107918	-0.650456	4463	
0.237797	0.049301	6567	
0.170842	-0.622850	3375	
0.299513	0.510553	2645	
0.294731	0.498864	2336	
0.556866	-0.204765	4516	
0.136235	-0.334608	514	
-0.254316	0.292626	4691	
-0.253352	0.433208	1625	
0.100621	0.401368	663	
-0.315226	0.324019	5909	
-0.159283	0.391745	3678	
0.184278	0.493405	484	
-0.346260	0.117093	2959	
0.274775	-0.152666	2260	
0.070935	-0.295089	465	
-0.214473	-0.187639	6101	
0.107614	0.617145	1548	
0.420395	-0.544232	3067	
0.367777	-0.606931	5821	
-0.382291	-0.674016	1061	
-0.668165	-0.292844	653	
-0.735234	0.197131	529	
0.414175	0.665575	2540	
0.444825	-0.683220	6160	
-0.831805	-0.041098	4369	
0.716341	0.468979	2484	
-0.421508	-0.791731	5556	
0.309039	0.851193	3543	
-0.242601	-0.905815	1163	
0.018805	0.964894	6778	
-0.214175	-0.965231	6071	
-0.214597	0.109456	4250	
-0.159907	-0.491631	1377	
0.500774	0.330608	1159	
0.257626	0.522399	3536	
0.585684	0.034714	3558	
-0.018287	-0.476987	1110	
-0.079650	0.372410	1977	
-0.428470	0.261235	1657	
0.240551	-0.290256	3177	
-0.267136	0.357046	4233	
-0.340129	0.266514	5763	
0.427723	0.325304	3178	
-0.387683	-0.044989	1993	
0.318523	-0.026868	280	
0.008720	-0.347565	4346	
0.537263	0.303165	5504	
0.564214	0.290078	5814	
-0.364026	-0.650075	1007	
-0.079207	-0.728746	1188	
-0.605368	-0.353239	5010	
-0.726889	-0.050767	580	
-0.537699	0.534031	2275	
0.604496	0.498861	3461	
0.043483	-0.821913	4938	
-0.790844	0.255362	5274	
0.832142	0.190737	4958	
-0.625097	-0.628289	322	
0.635953	0.637890	3199	
-0.412197	-0.842360	5928	
0.152797	0.951848	275	
-0.334711	-0.929037	6435	
-0.572622	-0.172695	3494	
0.022614	-0.278253	6382	
0.610744	0.022960	3841	
0.284833	0.513493	2336	
0.565216	0.149453	5483	
-0.051627	-0.567689	4946	
0.110388	0.352689	4011	
-0.497678	0.070827	1393	
0.104123	-0.561499	5095	
-0.350377	0.285060	5763	
-0.390502	0.188582	5632	
0.545400	0.077489	2416	
-0.430263	-0.123521	1315	
0.315275	0.083921	6245	
-0.015160	-0.374945	2112	
-0.385175	-0.377482	2054	
0.640434	-0.003626	4211	
-0.476084	-0.470948	895	
-0.402236	-0.642491	1147	
-0.689437	-0.111240	5456	
-0.692366	0.224326	1431	
-0.344749	0.673123	5834	
0.755807	0.200795	4388	
-0.246197	-0.797168	5528	
-0.668309	0.489396	3133	
0.851108	-0.040892	5661	
-0.752709	-0.454867	5100	
0.787226	0.432003	3844	
-0.511645	-0.784185	6664	
0.249076	0.930366	6188	
-0.131866	0.146809	3699	
0.355814	-0.541373	4273	
0.175916	-0.172952	356	
0.593390	-0.170741	4928	
0.338433	0.482388	4279	
0.546783	0.207217	5516	
-0.035134	-0.588198	1374	
0.183749	0.315117	2402	
-0.495584	-0.012180	2213	
0.288568	-0.502047	2135	
-0.442953	0.118484	5485	
-0.412724	0.139508	1516	
0.546361	-0.127539	2702	
-0.453112	-0.127052	2163	
0.298406	0.141742	2743	
-0.028269	-0.391153	2006	
-0.303527	-0.290610	6732	
0.630966	-0.125626	4171	
-0.623875	-0.176933	4610	
-0.495146	-0.492959	673	
-0.697204	0.041692	5079	
-0.635954	0.351603	2726	
-0.215741	0.724235	2452	
0.779966	0.040857	3327	
-0.434192	-0.712601	1250	
-0.570011	0.598869	5037	
0.842774	-0.123445	5711	
-0.809746	-0.336337	4625	
0.838981	0.316710	2538	
-0.555797	-0.752027	1850	
0.297449	0.915482	6867	
-0.441579	-0.881803	6483	
-0.181610	-0.647943	1639	
0.227233	-0.090830	415	
0.551789	-0.286778	5679	
0.383123	0.449424	3488	
0.554981	0.187448	5524	
-0.037994	-0.587731	1374	
0.204772	0.299006	1918	
-0.495405	-0.015955	2213	
0.307967	-0.489915	2257	
-0.444303	0.116121	5485	
-0.414426	0.137885	1465	
0.547813	-0.118456	1916	
-0.453271	-0.126148	2163	
0.299587	0.140188	2743	
-0.036725	-0.402215	1729	
-0.267045	-0.211778	6758	
0.630576	-0.127817	4171	
-0.647849	0.035295	5292	
-0.506191	-0.471775	5023	
-0.694865	0.069090	859	
-0.627492	0.366092	3775	
-0.192265	0.730612	2158	
0.780461	0.025609	4410	
-0.480397	-0.675610	1649	
-0.521258	0.640497	4224	
0.840499	-0.136885	5655	
-0.817450	-0.315688	4855	
0.847088	0.293255	2648	
-0.558818	-0.749470	1850	
0.298881	0.914817	6867	
-0.439815	-0.882482	6483	
0.198562	-0.145379	1164	
0.559837	-0.268446	5701	
0.417751	0.418407	5684	
0.580332	0.096952	4020	
-0.056423	-0.554624	5552	
0.111157	0.351064	3027	
-0.499555	0.066416	1382	
0.087946	-0.561065	5047	
-0.419688	0.196213	2544	
-0.391387	0.190669	5632	
0.552574	0.021562	1776	
-0.434199	-0.122310	1315	
0.313785	0.097512	2130	
-0.045012	-0.409018	1811	
-0.301791	-0.287669	5952	
0.638600	-0.064631	5040	
-0.609750	-0.218091	4681	
-0.472468	-0.541043	5720	
-0.698119	-0.006050	4071	
-0.656660	0.311187	2430	
-0.255134	0.711103	3208	
0.776008	0.085858	1322	
-0.379996	-0.745368	5855	
-0.588803	0.580113	5324	
0.847572	-0.082078	1983	
-0.794304	-0.371552	4906	
0.823058	0.355916	2901	
-0.515277	-0.781189	6353	
0.258088	0.927316	6631	
-0.396132	-0.903087	6683	
-0.413933	-0.390043	2235	
0.065295	-0.256800	5902	
0.595061	-0.158914	3640	
0.445565	0.387757	5649	
0.586420	-0.086332	4364	
-0.031118	-0.488480	5867	
-0.025871	0.374232	589	
-0.458238	0.212389	2658	
0.143527	-0.376391	5853	
-0.399533	0.221059	3036	
-0.324614	0.287339	5876	
0.422364	0.330188	2641	
-0.397877	-0.067323	2083	
0.321988	-0.020254	280	
-0.047338	-0.408411	1811	
-0.383489	-0.377604	2054	
0.628969	0.107313	1331	
-0.433430	-0.584515	1409	
-0.256493	-0.706064	5455	
-0.668116	-0.201117	4096	
-0.713492	0.141695	1124	
-0.424632	0.625513	940	
0.734226	0.267523	3242	
-0.146140	-0.816252	1028	
-0.714799	0.418623	4283	
0.850377	0.049769	2434	
-0.708719	-0.522354	5338	
0.742997	0.503976	3873	
-0.416998	-0.839151	5959	
0.159591	0.949826	321	
-0.163180	0.140425	1244	
-0.232930	0.063697	639	
-0.089643	-0.392303	2044	
0.608833	0.011810	3841	
0.489212	0.327166	1173	
0.509828	-0.318193	1958	
0.121456	-0.341187	514	
-0.247766	0.293619	3857	
-0.283009	0.417760	5914	
0.303722	0.252283	906	
-0.402736	0.216627	3036	
-0.145799	0.398594	4197	
0.187578	0.490347	484	
-0.361893	0.082604	2930	
0.264063	-0.176172	1898	
-0.039215	-0.392883	2006	
0.602849	0.148273	1233	
0.462708	0.430057	5621	
-0.168337	-0.700579	1655	
0.103934	-0.712853	5696	
-0.533495	-0.473638	5312	
-0.702997	-0.189314	658	
-0.619304	0.436574	3210	
0.512203	0.592328	2819	
0.188250	-0.796336	2617	
-0.819080	0.137686	5150	
0.798926	0.299746	1712	
-0.514130	-0.729623	1426	
0.538512	0.721452	3400	
-0.258759	-0.900511	1163	
0.016549	0.963787	6778	
-0.182304	-0.970391	6066	
-0.165311	0.100851	3699	
-0.242883	-0.542275	3281	
0.123388	0.211686	679	
-0.170671	-0.624022	2161	
0.574060	0.179612	1424	
0.557076	0.192365	1510	
0.228097	-0.570130	1807	
0.324606	-0.095721	6278	
-0.370822	0.112387	4058	
0.015096	0.509726	2419	
-0.165509	0.397409	4260	
-0.324424	0.338700	3303	
0.240493	0.316137	4240	
-0.139489	0.496325	897	
-0.244399	0.272042	3266	
0.145186	-0.294321	6408	
0.009493	-0.335535	4015	
-0.297494	-0.349780	4714	
-0.113183	0.614189	835	
0.593829	-0.331645	5238	
0.547702	-0.440160	1073	
-0.122876	-0.744655	1627	
-0.578824	-0.456369	5052	
-0.760159	0.020824	1139	
0.250683	0.741943	2639	
0.585152	-0.564077	5177	
-0.805609	-0.210198	1629	
0.605214	0.604878	1479	
-0.205279	-0.870745	5271	
0.144989	0.893577	4616	
-0.025529	-0.935765	6420	
-0.168762	0.950039	6292	
-0.011903	-0.988457	6486	
-0.243525	-0.183243	6759	
0.093099	-0.242634	1288	
0.443756	-0.445385	4862	
0.546552	0.239203	1406	
0.591870	-0.057261	4287	
-0.062092	-0.559813	4815	
0.239894	0.264880	3920	
-0.467250	-0.079526	1269	
0.485281	0.228901	2905	
-0.386358	0.213477	5290	
-0.450605	0.116323	5485	
0.030844	-0.501678	1210	
-0.468880	0.216940	3255	
-0.012947	0.356131	3703	
0.010399	-0.387043	3702	
0.133518	-0.243851	1644	
-0.261304	-0.639766	5234	
-0.602282	-0.143286	3897	
0.242597	0.626293	2314	
0.662550	0.208800	5004	
0.599423	-0.404582	1144	
-0.076130	-0.770102	6612	
-0.609210	-0.470414	311	
-0.221995	0.753960	2525	
0.813682	-0.014391	1901	
-0.554208	-0.646797	5497	
0.241697	0.823286	2871	
0.184804	-0.870699	4820	
-0.541397	0.737931	3953	
0.202161	-0.913636	6430	
-0.381085	0.887640	6267	
0.189055	-0.971877	6680	
0.606828	0.142966	1541	
0.098448	0.224580	6834	
-0.185844	-0.547010	6302	
0.606584	-0.067943	4322	
0.568559	0.168993	5483	
0.419681	-0.439855	4862	
0.090543	-0.361818	6333	
-0.128770	0.354772	789	
-0.446810	0.238345	2809	
0.033493	-0.518144	1197	
-0.439125	0.098307	5485	
-0.261648	0.343533	3504	
0.525322	0.146465	3100	
-0.459938	-0.116660	2163	
0.271762	0.200855	2936	
-0.063870	-0.456328	1003	
0.116263	0.231563	1487	
-0.614135	0.001159	4524	
0.322280	-0.583463	5826	
-0.596325	0.313651	2740	
-0.058071	0.691473	4486	
0.200899	0.694273	1310	
0.676952	-0.321403	2370	
-0.162608	-0.788043	4413	
-0.670277	0.417022	3768	
0.629003	0.520297	5285	
0.043380	-0.853820	4997	
-0.316600	0.802717	1877	
0.566808	-0.685415	5786	
-0.887545	0.246759	3615	
0.516360	-0.781436	6684	
-0.620665	0.742778	503	
-0.142129	0.130423	814	
-0.196930	-0.474100	6322	
-0.193491	0.149170	6901	
0.006384	-0.296378	6531	
0.322484	-0.547216	2974	
0.591564	0.106488	5640	
0.590755	-0.084475	4364	
-0.022893	-0.603405	1399	
0.340980	0.024840	6620	
-0.376111	0.091330	3413	
-0.111961	0.495501	990	
0.372430	0.082763	4029	
-0.392791	0.197208	5632	
0.364205	0.116865	772	
-0.095410	0.506056	2610	
-0.334472	0.159304	3469	
0.256934	-0.190457	2287	
-0.085078	-0.455909	821	
-0.312254	-0.305465	6727	
0.630588	0.098689	1331	
-0.252143	0.589791	6402	
-0.512256	-0.459136	782	
-0.664566	0.210435	6374	
-0.506518	0.517860	1572	
0.319758	0.680311	1191	
0.668521	-0.403298	3251	
-0.765222	-0.208206	3935	
0.118948	0.810206	4055	
0.626045	-0.573935	1427	
-0.811896	0.312219	1654	
0.850250	-0.269182	3810	
-0.885737	-0.268103	4265	
0.948363	0.000768	4005	
-0.922488	0.313774	6593	
-0.053895	0.193608	3677	
-0.076583	-0.299846	353	
-0.237794	-0.138759	2324	
0.247147	-0.009956	731	
-0.186236	-0.608172	4803	
0.587821	-0.175544	4985	
0.595164	0.049840	3835	
0.395390	-0.464740	4248	
0.034600	-0.406844	1971	
0.103144	0.349205	3027	
-0.485887	-0.059943	1422	
0.337297	0.404236	2115	
0.234553	0.323850	4748	
0.026343	0.414989	2947	
0.551567	-0.076329	2398	
-0.511694	0.058601	1382	
0.030977	0.354146	3253	
0.002104	-0.398087	1976	
0.013299	-0.329038	4686	
0.174004	-0.634331	2361	
-0.161433	0.602997	889	
0.314667	-0.613555	5757	
0.363583	-0.607892	5821	
-0.454516	-0.607547	557	
-0.698324	-0.203560	583	
-0.586872	0.477288	2704	
0.691061	0.362947	5157	
-0.132313	-0.817107	1028	
-0.630422	0.532853	1937	
0.850279	-0.024355	2580	
-0.813876	-0.319873	4855	
0.855273	0.263858	3619	
-0.590344	-0.722347	4317	
0.436349	0.855099	445	
-0.594566	-0.783376	6287	
-0.194837	-0.037175	810	
0.066852	0.206454	852	
-0.509541	-0.288544	1017	
-0.019021	0.245641	425	
-0.032864	-0.330371	2061	
0.339832	-0.533857	4229	
0.604166	-0.029489	3685	
0.567874	-0.198218	4982	
-0.015000	-0.608406	1313	
0.322361	-0.094860	6278	
-0.274341	0.263892	4158	
-0.442167	0.249770	2809	
0.550814	0.003910	1696	
0.373963	-0.026566	1909	
0.119065	-0.564858	4947	
-0.160844	0.487746	1392	
-0.360827	0.096228	3413	
0.324348	-0.033081	281	
-0.098033	-0.498743	3718	
0.112781	0.232870	1487	
-0.597538	0.145977	6225	
-0.149409	-0.675974	1861	
-0.351036	0.572685	4893	
0.417853	0.552596	1246	
0.712061	-0.109326	5388	
0.007936	-0.768245	1480	
-0.620798	-0.451410	892	
-0.098022	0.778381	3452	
0.738773	-0.336555	4387	
-0.755665	-0.351256	2543	
0.564036	0.642484	5670	
-0.188178	-0.873650	5271	
0.336230	0.835885	3207	
-0.103149	-0.929898	6833	
-0.075978	0.960485	431	
-0.132689	-0.977456	5957	
-0.142369	0.130986	3699	
-0.134948	-0.379577	439	
-0.242885	-0.050321	6657	
0.235142	-0.082908	4216	
-0.176608	-0.611960	4803	
0.535436	-0.309153	1476	
0.594982	-0.092384	4364	
0.340757	-0.510806	4272	
-0.000541	-0.439090	2009	
0.230911	0.269661	3920	
-0.395995	0.004158	2552	
-0.279910	0.424458	5914	
0.544356	0.063336	2263	
0.431254	-0.378435	5441	
0.093012	0.510537	5755	
-0.487092	-0.082783	1759	
0.073695	0.346374	3157	
0.016790	-0.389307	3702	
-0.062531	-0.411343	2627	
0.577842	0.222313	5461	
0.518788	0.362655	5859	
-0.534796	-0.363927	959	
-0.462344	-0.561738	5917	
-0.671508	0.186304	6166	
-0.467931	0.552079	571	
0.656440	0.359450	2412	
0.337142	-0.708677	2902	
-0.779516	0.133030	779	
0.495703	0.648640	3599	
0.139161	-0.841075	5972	
-0.300185	0.807896	2025	
0.546274	-0.701183	3766	
-0.811545	0.430445	4034	
0.377273	-0.855854	6871	
-0.503102	0.824726	6780	
0.279435	-0.949464	6043	
-0.357852	-0.432927	700	
0.509335	-0.386036	5138	
-0.136912	0.204870	6686	
0.042583	-0.276508	806	
0.101600	-0.634940	4463	
0.574581	-0.210316	4982	
0.539345	-0.276189	5068	
0.020572	-0.615510	1854	
0.214664	-0.258806	2087	
-0.010549	0.368235	480	
-0.435730	-0.092980	1376	
-0.246382	0.445850	1298	
0.215395	0.475983	485	
-0.015062	0.514289	2043	
-0.511372	0.040848	4721	
-0.219904	0.296415	3451	
0.256760	-0.194676	2287	
-0.114248	-0.523452	3385	
0.215165	0.144506	6653	
0.623152	0.096170	1331	
-0.503880	-0.347624	5105	
0.444155	0.503217	5930	
0.691890	-0.080602	5321	
-0.037027	-0.746587	5029	
-0.608111	-0.406975	671	
-0.649838	0.387818	2280	
0.685376	0.372130	5237	
-0.335560	-0.764709	1528	
-0.420974	0.706022	4050	
0.820729	-0.219716	1962	
-0.870875	-0.020806	3635	
0.891540	-0.038163	2954	
-0.829676	-0.411447	5517	
0.945388	0.066012	848	
-0.898445	0.370964	6613	
-0.205803	-0.092363	1266	
-0.569629	-0.174153	3778	
0.052044	0.242801	4381	
-0.097564	-0.416263	1974	
0.271396	-0.574065	5745	
0.562335	-0.237892	5608	
0.396885	-0.468584	4729	
-0.068236	-0.531027	4529	
0.337340	-0.006943	918	
-0.200475	0.318568	2559	
-0.445972	-0.099881	1359	
-0.394184	0.322671	2167	
-0.336184	0.384207	1472	
-0.506638	-0.020458	2175	
-0.294497	0.227152	5688	
0.325744	0.067819	457	
-0.071910	-0.482934	4295	
-0.030293	-0.368100	2281	
-0.069555	-0.300554	353	
0.481028	0.409981	5886	
-0.436990	0.469330	511	
-0.538777	-0.412796	714	
-0.572241	0.395708	3371	
-0.087429	0.717543	1661	
0.602479	-0.445159	5587	
-0.258936	-0.767613	6423	
-0.390866	0.681328	2511	
0.802926	-0.118073	3508	
-0.710366	-0.438515	2288	
0.554416	0.650107	5362	
-0.251555	-0.858188	2418	
0.539118	0.717774	3400	
-0.223794	-0.908320	6658	
0.094314	0.957222	6817	
-0.313534	-0.933427	6090	
-0.209276	0.056086	331	
-0.350993	-0.370548	6249	
0.195401	0.155847	363	
-0.166959	-0.531103	5393	
0.357928	-0.517698	4272	
0.522395	-0.317006	1588	
0.189237	-0.591490	3237	
0.002598	-0.431025	2340	
0.313763	0.143811	2743	
-0.180789	0.327238	2931	
-0.410524	-0.058631	2125	
-0.467505	-0.098638	1685	
-0.435581	-0.102310	1359	
-0.260327	0.265441	3739	
0.300428	0.156527	3357	
-0.019479	-0.427399	2453	
-0.122047	-0.504732	956	
-0.243124	0.065690	3276	
-0.556213	-0.238815	3362	
-0.312279	-0.646291	1589	
0.140303	0.655243	643	
0.694821	-0.037778	5153	
-0.124570	-0.743521	1627	
-0.689821	-0.227771	4054	
-0.457947	0.599571	701	
0.778910	-0.004968	5522	
-0.695370	-0.384645	6062	
0.089578	0.813084	4183	
0.547835	-0.647802	4743	
-0.557388	0.659747	3495	
0.658227	-0.597197	3029	
-0.852205	0.343156	3523	
0.413985	-0.838365	5032	
-0.500231	0.825870	6893	
-0.129791	0.175003	1242	
-0.300330	-0.296861	6732	
0.245256	0.053066	6094	
-0.182454	-0.577270	6452	
0.362635	-0.512947	4739	
0.456277	-0.411389	1709	
0.047732	-0.618339	1755	
0.044085	-0.390563	3700	
0.326691	0.098091	3113	
-0.052652	0.364048	471	
-0.293037	0.236346	5728	
-0.286650	0.240651	5728	
-0.043535	0.360914	589	
0.321279	0.098578	2573	
-0.000535	-0.411884	1976	
-0.139054	-0.552051	2172	
0.256689	0.039135	6747	
-0.082863	-0.669489	1695	
-0.315314	0.537878	4222	
0.100754	-0.691908	5723	
-0.218830	-0.712537	5473	
-0.673670	0.176883	2941	
-0.288739	0.662844	6439	
0.617692	-0.422776	2344	
-0.319481	-0.747383	2841	
-0.231807	0.749254	2771	
0.708319	-0.394810	4825	
-0.822373	-0.110778	4899	
0.797062	0.298726	1712	
-0.727873	-0.488101	5142	
0.832779	0.326551	2538	
-0.651605	-0.663794	508	
0.832213	0.464883	6205	
-0.958130	0.174579	6329	
0.624711	-0.770943	2672	
-0.041608	0.213331	817	
-0.276368	-0.250778	6155	
0.249621	0.027303	6747	
-0.181161	-0.578751	6452	
0.319595	-0.542796	4229	
0.387645	-0.481568	4729	
0.003319	-0.618517	1313	
0.009351	-0.419330	1994	
0.312389	-0.108777	6654	
0.234426	0.260662	3287	
0.133484	0.330109	2917	
0.259761	0.228457	3062	
0.293010	-0.143228	2277	
-0.041323	-0.455864	1015	
-0.139324	-0.570198	6195	
0.138141	-0.235226	2410	
-0.368163	-0.430265	700	
0.417099	0.473191	1254	
0.124201	0.627377	1548	
-0.669690	0.069143	5422	
0.291001	0.627382	3392	
0.416477	-0.595078	5533	
-0.526183	-0.536115	504	
-0.619272	0.432942	2747	
0.764888	0.146378	3111	
-0.678129	-0.415615	1708	
0.126126	0.807666	4442	
0.385511	-0.756247	4555	
-0.327113	0.796396	3961	
0.454005	-0.762646	2619	
-0.333453	0.844467	3045	
0.192708	-0.914482	6854	
-0.243998	0.932079	6544	
-0.050081	-0.984438	6487	
0.018839	0.217576	1243	
-0.270637	-0.238124	1879	
0.249424	0.031620	6747	
-0.175945	-0.561205	6660	
0.228307	-0.591509	5669	
0.330503	-0.527418	4229	
0.036867	-0.622246	1567	
-0.066785	-0.509477	4529	
0.118763	-0.329913	2864	
0.252444	-0.210031	6167	
0.231504	-0.233061	6168	
0.043783	-0.378143	3700	
-0.101264	-0.540908	4090	
-0.146306	-0.575566	6195	
0.104938	-0.258910	6078	
0.201250	-0.092257	366	
0.562082	0.294026	5814	
0.533406	-0.381710	3039	
-0.074449	0.665488	3196	
0.639451	-0.279160	5408	
-0.510698	-0.508436	5451	
-0.675073	0.264116	6258	
0.642873	0.380102	3492	
0.094270	-0.785089	4932	
-0.531225	0.579064	3028	
0.791817	-0.173730	4892	
-0.794636	-0.241447	5055	
0.784750	0.329275	4956	
-0.747805	-0.454489	5100	
0.860648	0.239267	4013	
-0.769698	-0.515661	6170	
0.932319	-0.138865	6554	
-0.821441	0.513240	300	
0.544906	-0.827580	2810	
0.042833	0.214396	3966	
-0.279683	-0.256314	6155	
0.238894	0.080056	6247	
-0.155626	-0.521981	4936	
0.074454	-0.635476	2041	
0.264347	-0.568948	2542	
0.098296	-0.619011	1745	
-0.080069	-0.599051	3621	
-0.080864	-0.526703	4767	
-0.070325	-0.504950	4303	
-0.102406	-0.556802	4090	
-0.106948	-0.599231	6383	
-0.149617	-0.554716	5520	
0.235370	-0.111815	6461	
0.068034	0.212294	852	
0.569520	0.279939	2356	
-0.038140	-0.682013	1770	
0.622487	0.249552	5120	
0.325011	-0.630101	2033	
-0.695798	-0.011461	4071	
-0.219758	0.688149	2301	
0.409646	-0.630636	6291	
-0.683668	-0.333574	404	
0.339079	0.703435	1291	
-0.246414	-0.793969	5528	
-0.221992	0.788674	5193	
0.652145	-0.541459	5315	
-0.510385	0.694671	3330	
0.544206	-0.700880	3766	
-0.346123	0.838714	2770	
0.176974	-0.917322	4865	
-0.182031	0.945354	6163	
-0.150593	-0.973084	5915	
0.009564	0.218745	1243	
-0.308235	-0.307418	6727	
0.194612	0.161135	472	
-0.100811	-0.435894	2173	
-0.129244	-0.624198	6344	
0.108659	-0.626850	4744	
0.119813	-0.619548	1824	
0.025120	-0.628089	1567	
-0.033263	-0.625028	4496	
-0.063246	-0.623551	2285	
-0.138277	-0.602852	875	
-0.087212	-0.433562	2584	
-0.008305	0.255684	6610	
-0.347679	-0.607242	5875	
0.507549	0.377756	2307	
-0.061884	-0.681273	1551	
0.671090	0.038744	3414	
0.048953	-0.720351	5035	
-0.629102	0.296386	4730	
0.643882	0.317532	1463	
-0.244912	-0.746142	5466	
-0.661519	0.365086	2400	
0.777837	0.006665	5508	
-0.775394	-0.153808	2653	
0.573924	0.577229	5644	
-0.437090	-0.741213	4852	
0.491329	0.697878	4501	
-0.509215	-0.729439	1426	
0.777092	0.443231	3844	
-0.662924	-0.650831	517	
0.943662	0.012075	4005	
-0.836515	0.487826	290	
-0.083063	0.202009	3960	
-0.370077	-0.380383	1396	
0.035493	0.249752	665	
0.038565	-0.289172	6041	
-0.154091	-0.527737	5161	
-0.149325	-0.611143	6438	
-0.094975	-0.629199	6386	
-0.120070	-0.620245	6344	
-0.158720	-0.586960	6883	
-0.105801	-0.458822	821	
0.230703	-0.119330	1091	
-0.367970	-0.374505	1396	
0.365362	-0.540625	4273	
0.283628	0.561067	4541	
0.490943	-0.437450	3088	
0.645542	0.182134	3503	
0.024486	-0.722959	5097	
-0.478808	0.501649	4988	
0.640754	-0.327547	1281	
-0.546806	-0.502886	5360	
-0.279712	0.698336	727	
0.466664	-0.625510	1942	
-0.637868	0.459920	4357	
0.779142	-0.221255	4694	
-0.827034	0.024169	4764	
0.847060	0.056814	2926	
-0.867106	0.054262	4563	
0.810818	-0.364220	3913	
-0.863357	0.310015	3592	
0.409161	-0.839952	4566	
-0.350807	0.897263	979	
-0.018060	-0.984900	6486	
-0.210623	0.057076	331	
-0.601145	0.034951	4208	
-0.225208	0.102581	6869	
0.254023	0.020186	6863	
0.042070	-0.289897	6041	
-0.060000	-0.387253	2045	
-0.058458	-0.386630	2045	
0.041146	-0.294573	6041	
0.227503	0.118893	6730	
-0.262991	-0.210166	6758	
-0.370879	-0.593098	5685	
-0.408040	-0.522726	1198	
-0.435612	0.445007	648	
0.112706	0.628295	2391	
0.263751	0.614151	1874	
0.238676	-0.670998	4560	
-0.548696	0.424936	2566	
0.601796	-0.396002	1144	
-0.645687	-0.333383	5901	
0.213118	0.717371	2331	
0.163027	-0.770638	1439	
-0.260839	0.738361	3194	
0.375214	-0.719594	4338	
-0.439924	0.691933	4206	
0.691054	-0.490117	1636	
-0.407095	0.757948	3974	
0.342745	-0.817913	5489	
0.301757	0.845586	3543	
-0.187754	-0.915047	5253	
0.543215	0.786776	409	
-0.956772	0.167968	1036	
0.676458	-0.724636	6860	
-0.208782	-0.177952	6147	
-0.089363	-0.661408	6380	
-0.291609	-0.275578	5952	
-0.242427	0.048867	2850	
-0.127744	0.217342	1290	
-0.156436	0.197848	1167	
-0.243726	-0.125253	5895	
-0.230140	0.559599	5316	
-0.092141	0.609080	885	
-0.526547	-0.290388	1953	
0.189888	0.597973	844	
-0.375783	-0.614809	6076	
-0.053854	-0.706825	1868	
-0.603596	0.293116	3268	
0.584559	-0.383343	1088	
-0.687715	0.103666	4220	
0.694200	-0.182067	2333	
-0.620568	-0.381149	502	
0.351999	0.659125	2176	
0.053293	-0.790031	4907	
-0.086324	0.777498	3081	
-0.123305	-0.815630	1028	
-0.079279	0.813771	4917	
0.245241	-0.812596	4836	
0.203921	0.830136	4581	
-0.346680	-0.823179	5380	
0.772131	0.450634	3844	
-0.761445	-0.525950	6054	
0.775607	-0.524013	4495	
-0.683471	0.682055	905	
0.303643	-0.939281	6055	
-0.369468	-0.432272	700	
0.219967	-0.014317	825	
-0.193522	-0.476535	1133	
-0.218968	-0.514339	6633	
0.143031	-0.170051	818	
-0.370879	-0.593098	5685	
0.501126	-0.406677	5138	
-0.411350	-0.456830	6181	
0.172251	0.603066	5707	
-0.569010	-0.230977	3362	
0.005809	0.637418	2934	
0.633629	0.216122	3455	
-0.464536	-0.553439	5917	
0.603863	0.337028	4787	
-0.640710	-0.268238	3110	
0.485246	0.527710	2315	
-0.427286	-0.660654	695	
0.108804	0.740536	3234	
0.097020	-0.783927	4932	
-0.039125	0.781039	3370	
-0.345181	-0.758799	1528	
0.134132	0.804859	3271	
-0.196758	-0.835456	5412	
0.584163	0.619680	1158	
-0.722303	-0.493522	5235	
0.888776	-0.041032	2954	
-0.917216	0.051862	3570	
0.474365	-0.804574	5724	
-0.334060	0.902872	6589	
-0.218150	-0.958966	6071	
0.825110	-0.552398	6768	
-0.370876	-0.593100	5685	
-0.347679	-0.607242	5875	
-0.347679	-0.607242	5875	
0.537510	-0.353059	3019	
-0.597023	0.141382	5921	
0.381620	0.501500	4595	
-0.006629	0.625233	1851	
-0.540700	-0.285325	1953	
0.405373	0.494099	6100	
0.533508	-0.419467	4062	
-0.662349	0.109628	4377	
0.481631	-0.511028	5681	
-0.185987	0.664659	2357	
-0.028608	-0.744572	5152	
-0.511492	0.509821	2224	
0.032199	-0.764415	5116	
-0.439261	0.610349	701	
0.290827	-0.727305	4526	
-0.164187	0.764785	3139	
-0.297676	-0.777404	6389	
0.204549	0.788936	1973	
-0.417127	-0.752340	5762	
0.704732	0.476211	2146	
-0.845147	-0.205928	5535	
0.827164	-0.324037	4394	
-0.510693	0.749928	5125	
0.169197	-0.917630	4865	
0.161299	0.945372	347	
-0.971845	0.025710	6009	
0.713729	-0.687446	6255	
-0.347679	-0.607242	5875	
0.618938	-0.148901	3613	
-0.603386	0.109799	4264	
0.209300	0.591759	1872	
-0.209934	0.587551	6107	
-0.455531	-0.413479	774	
0.342896	0.538276	3520	
0.540853	-0.409214	5568	
-0.559886	0.366912	2514	
0.167491	-0.694761	3267	
0.480521	0.494961	2962	
-0.637810	-0.274235	3110	
0.692416	-0.186218	1798	
-0.720616	-0.068691	580	
0.632494	-0.395544	5515	
-0.742327	0.140082	1727	
0.610095	-0.481733	3317	
-0.393907	0.676382	2511	
0.005322	-0.819146	1908	
0.064517	0.813436	4183	
-0.369135	-0.777841	1386	
0.722512	0.448062	1628	
-0.866283	-0.058438	4403	
0.753965	-0.467891	3280	
-0.090311	0.896790	3430	
-0.078672	-0.929741	6446	
0.814686	0.486892	1000	
-0.877772	0.406945	569	
0.519573	-0.840786	6014	
0.629652	-0.080341	4759	
-0.470483	-0.365752	5022	
0.006926	0.625362	2934	
-0.601564	-0.139480	2915	
0.597580	0.233483	5780	
0.555080	-0.388373	5296	
-0.508798	0.433624	4786	
0.081126	-0.714358	5223	
0.584445	0.367601	4531	
-0.694170	-0.019161	4574	
0.375482	-0.621195	5713	
-0.595271	0.409338	2258	
-0.103284	-0.766266	2046	
0.423188	0.613198	2401	
-0.531483	-0.575768	6156	
0.734411	0.252612	2923	
-0.734872	0.280231	2893	
0.522728	-0.616900	3563	
-0.213870	0.788959	3553	
-0.071538	-0.850921	6138	
0.666036	0.528815	1535	
-0.863481	-0.090515	4057	
0.721599	-0.515171	3306	
0.105655	0.892251	3759	
-0.256105	-0.897755	1163	
0.922957	-0.165811	3927	
-0.780332	0.569063	326	
0.330586	-0.929238	6239	
0.571417	0.258220	5457	
-0.005571	0.625272	1851	
-0.424268	-0.479009	6135	
-0.582064	0.261797	1890	
-0.036788	0.664907	3222	
-0.012683	-0.724500	4948	
0.646292	0.242693	5191	
-0.686511	0.102650	4220	
0.223014	-0.696394	4552	
-0.058323	0.715586	1635	
-0.563100	-0.473459	660	
0.735850	-0.108240	3427	
-0.741578	0.141241	1727	
0.436517	-0.645501	988	
0.109135	0.772040	3847	
-0.693709	-0.381379	6062	
0.808436	0.014199	5221	
-0.588157	0.571089	4588	
0.406269	-0.742056	4807	
0.485157	0.699338	3874	
-0.816817	-0.299461	4855	
0.785981	-0.411453	2874	
0.073087	0.895523	3728	
-0.289638	-0.887391	5246	
0.883950	-0.309054	6541	
-0.715941	0.646906	6460	
0.198075	-0.964843	6405	
-0.407286	-0.574217	1408	
-0.448150	-0.421860	774	
0.582359	-0.343306	5492	
-0.578027	-0.338298	1462	
0.690119	0.045701	4270	
-0.627798	0.291451	4731	
0.200398	-0.703890	2798	
0.048081	0.715041	1471	
-0.597517	-0.417492	671	
0.656422	-0.351639	4992	
-0.592305	0.463728	3189	
0.047739	-0.789695	4907	
0.660102	0.409052	3355	
-0.689613	0.375016	2805	
0.085864	-0.811245	5188	
0.340036	0.738424	3407	
-0.802135	-0.200362	5143	
0.795207	-0.289364	3872	
0.022352	0.854466	4772	
-0.626927	-0.615979	558	
0.866816	-0.193078	3212	
-0.178563	0.883189	3126	
-0.180334	-0.915229	5253	
0.895385	-0.273957	5248	
-0.706844	0.656387	6418	
0.893273	-0.433350	451	
-0.389579	-0.585784	6543	
-0.598822	-0.149162	3897	
0.661790	-0.110788	4012	
0.258973	-0.660753	1566	
-0.271466	0.633301	6427	
0.021051	-0.740213	4652	
0.021478	0.716012	1505	
-0.558501	-0.479595	435	
0.687889	-0.283007	2985	
-0.572082	0.487477	2704	
-0.088006	-0.792572	736	
0.750559	0.195754	4231	
-0.467643	0.626737	917	
-0.455697	-0.691091	1821	
0.800162	0.113751	1361	
-0.484641	0.659009	4065	
-0.101601	-0.847644	756	
0.783743	0.324828	4956	
-0.596840	0.619041	5498	
-0.094764	-0.882898	1775	
0.878065	0.140793	3586	
-0.625636	0.656611	5548	
0.066391	-0.929666	4910	
0.933830	-0.082383	3843	
-0.756598	0.598707	377	
0.165030	-0.970299	6598	
0.899426	-0.420019	2671	
-0.513521	0.351523	518	
-0.600434	-0.143448	3897	
0.613182	0.188520	5744	
-0.262682	0.612002	6413	
0.666981	0.177167	5107	
-0.506509	-0.510062	5451	
0.275125	0.659355	3448	
-0.516357	-0.545783	1064	
0.740807	-0.047510	2497	
-0.706345	0.261620	1082	
0.143952	-0.773619	5829	
0.705858	0.321629	3283	
-0.485907	0.612407	675	
-0.565907	-0.574381	6671	
0.777716	-0.215127	4590	
-0.188120	0.794190	5434	
-0.683807	-0.473320	1762	
0.806554	-0.254502	3535	
0.238989	0.817705	2871	
-0.839283	-0.221550	3431	
0.593605	-0.656038	5545	
0.615356	0.647717	2818	
-0.905330	-0.153392	5890	
0.369727	-0.855777	6871	
0.739268	0.593606	4424	
-0.850637	0.457589	493	
0.299455	-0.938291	6055	
0.920604	-0.371611	402	
-0.642073	-0.184430	3748	
0.044184	-0.718889	4808	
0.633175	0.272481	4939	
-0.573843	-0.396194	4977	
0.608111	0.371487	1497	
-0.475290	-0.607034	598	
0.715721	0.194679	2722	
-0.749244	-0.085649	1991	
0.510438	-0.585779	5721	
0.483895	0.606950	2614	
-0.665686	0.413242	3768	
-0.303532	-0.774035	1536	
0.801228	-0.093399	3796	
-0.172638	0.797161	3918	
-0.759225	-0.328121	1059	
0.654642	-0.532825	1817	
0.559819	0.639120	5670	
-0.731603	0.454485	4111	
-0.117939	-0.879690	2016	
0.887565	-0.023191	2717	
0.027501	0.896972	3856	
-0.551101	-0.748458	1850	
0.684959	-0.634372	4599	
-0.032790	0.958007	6914	
-0.942868	0.216057	6523	
0.490483	-0.855574	6814	
0.689649	-0.189351	1798	
0.366130	0.611657	1078	
-0.702136	-0.168003	446	
0.406857	-0.628874	6291	
0.080305	0.739811	2863	
-0.472974	-0.644043	916	
0.760787	-0.141090	2754	
-0.147362	0.765326	3139	
-0.772180	-0.147278	2225	
0.254672	-0.769104	5018	
0.679419	0.438679	2212	
-0.478922	0.661794	4065	
-0.622396	-0.558453	5956	
0.717264	-0.444807	2590	
0.567551	0.631754	5670	
-0.605448	0.608648	5416	
-0.439486	-0.773335	5140	
0.802040	-0.375752	3683	
0.505455	0.736865	3954	
-0.915709	-0.002128	6103	
0.205454	-0.908396	5033	
0.907274	-0.227743	4455	
-0.594336	0.756993	685	
-0.943289	-0.233752	5967	
0.715223	-0.682129	6255	
-0.698745	0.277564	1707	
-0.701656	-0.277396	560	
0.190830	-0.760821	2407	
0.771908	-0.045819	3745	
0.004582	0.777303	3347	
-0.785083	0.010075	1137	
0.041098	-0.814923	4713	
0.802552	0.075485	1337	
-0.124345	0.804675	5070	
-0.817581	0.082190	4617	
0.102068	-0.841366	5588	
0.843129	0.062946	2926	
0.326938	0.784638	5131	
-0.756971	0.409975	2772	
-0.345797	-0.820288	5380	
0.781788	-0.414994	2874	
0.639721	0.621693	2587	
-0.653927	0.625725	4417	
-0.233376	-0.901963	1065	
0.748855	-0.557525	6803	
0.232418	0.926328	6124	
-0.892095	0.369759	6613	
0.130947	-0.974347	2242	
0.895213	-0.425127	711	
-0.775897	-0.120229	2583	
-0.645871	-0.457995	1580	
0.051799	-0.813654	4907	
0.725807	-0.347510	4387	
0.562865	0.580372	3577	
-0.434745	0.690208	4206	
-0.809307	-0.150392	4187	
0.125809	-0.837207	5472	
0.841300	-0.074865	1983	
0.491596	0.691923	4501	
-0.415712	0.747638	3974	
-0.819107	-0.283220	1719	
0.161234	-0.868567	3751	
0.875843	-0.135088	5848	
0.501598	0.738432	3954	
-0.676089	0.601327	3963	
-0.332237	-0.870207	370	
0.652383	-0.666334	6695	
0.848400	0.409743	6295	
-0.738574	0.618343	482	
-0.933298	-0.268509	6918	
0.677102	-0.718189	6515	
0.973441	-0.195777	6442	
-0.819321	0.039805	4764	
-0.750676	-0.341071	1059	
-0.314443	-0.797810	2013	
0.393367	-0.745224	2240	
0.830025	-0.150629	4544	
0.655004	0.537557	1467	
0.127813	0.840781	4397	
-0.644770	0.564952	2550	
-0.769716	-0.400892	4659	
0.092188	-0.878514	6051	
0.821434	-0.328532	4394	
0.782100	0.423101	2478	
0.087397	0.891004	3759	
-0.910239	-0.090753	4780	
-0.033267	-0.929763	6802	
0.728079	-0.583178	6830	
0.892150	0.292462	274	
-0.685110	0.675773	905	
-0.967038	-0.039845	6611	
0.497241	-0.850031	6582	
-0.450940	0.725257	4701	
-0.602329	0.607872	5416	
-0.802966	0.306472	1570	
-0.847057	-0.167128	5609	
-0.487955	-0.738907	6065	
0.184836	-0.862324	4551	
0.764405	-0.443043	2872	
0.874194	0.149445	3181	
0.567736	0.686630	5883	
-0.042324	0.894719	3342	
-0.893647	0.171970	3603	
-0.307919	-0.878042	4858	
0.529189	-0.765834	6334	
0.892175	-0.276357	5248	
0.437590	0.842792	445	
-0.797962	0.539567	283	
-0.961038	-0.116322	604	
0.478756	-0.859982	6498	
0.789664	0.405267	2478	
0.750225	0.475338	3340	
0.628527	0.629101	2600	
0.368384	0.811917	5625	
0.043664	0.893435	3304	
-0.436413	0.784731	4396	
-0.903306	0.105229	3919	
-0.509402	-0.775466	6664	
0.189001	-0.909934	6854	
0.684612	-0.631561	4599	
0.910412	-0.208166	5963	
0.695427	0.637192	5966	
-0.651897	0.706156	470	
-0.947092	0.186839	1036	
-0.822531	-0.519300	4840	
0.655536	-0.735685	1965	
0.958837	-0.249887	296	
0.252592	-0.893176	5748	
0.315583	-0.873267	4737	
0.459936	-0.807358	5724	
0.634568	-0.680205	4139	
0.782098	-0.506230	6361	
0.893471	-0.269105	5248	
0.934136	-0.004700	4280	
0.782807	0.519115	6253	
-0.354405	0.889690	979	
-0.845191	0.461431	452	
-0.964765	0.043852	454	
-0.848573	-0.471850	1397	
0.557014	-0.811193	6003	
0.899424	-0.410159	2671	
0.991361	-0.041497	2665	
-0.744690	0.605921	377	
-0.774988	0.567662	326	
-0.836373	0.474725	417	
-0.899002	0.344683	6326	
-0.946479	0.182726	1036	
-0.965096	-0.021629	567	
-0.930525	-0.264157	6918	
-0.756273	-0.610391	1289	
0.367101	-0.911057	6237	
0.806702	-0.566852	6479	
0.962643	-0.229288	2661	
0.859081	-0.481760	6477	
0.859753	-0.480916	6477	
0.882563	-0.439050	451	
0.959919	-0.234445	2661	
0.986678	-0.078662	6693	
