time = 100.95	Re = 90
-0.933304	0.313935	711	
-0.947450	0.269067	402	
-0.967607	0.186711	6481	
-0.984473	0.061811	925	
-0.982622	-0.101247	6440	
-0.946385	-0.289200	6840	
0.961309	0.028704	6741	
0.958922	0.076152	454	
0.946832	0.172186	6217	
0.913903	0.304487	1186	
0.845859	0.463392	6252	
0.721896	0.642011	531	
0.518203	0.818573	6556	
0.038213	0.973452	1704	
-0.880820	0.435035	6480	
-0.985429	0.006292	2727	
-0.914104	-0.378238	2731	
-0.923605	-0.112622	4280	
-0.916371	-0.162191	6769	
-0.896569	-0.251297	6141	
-0.849870	-0.382640	5833	
-0.749112	-0.556659	6196	
-0.611000	-0.706507	6290	
-0.336958	-0.873277	6646	
0.469825	-0.823407	3866	
0.955712	-0.083367	6523	
0.881570	0.387243	6724	
0.629947	0.732859	6069	
0.109675	0.965748	952	
-0.968304	0.172083	6772	
-0.923275	-0.352014	6500	
-0.708710	-0.694327	6722	
0.862726	-0.242633	2972	
0.879286	-0.174714	4954	
0.897367	-0.014968	3919	
0.862441	0.258518	3171	
0.677004	0.603232	5607	
0.053780	0.919933	5130	
-0.508882	0.769263	5147	
-0.831328	0.407353	6361	
-0.925104	-0.084417	3928	
-0.787419	-0.498476	6295	
-0.474713	-0.804457	5976	
0.496335	-0.806140	6193	
0.930639	0.239416	604	
0.632539	0.729841	6069	
-0.057621	0.970905	5549	
-0.981551	-0.079585	6629	
-0.770764	-0.622253	6599	
-0.865629	-0.142346	3557	
-0.851378	-0.213405	5328	
-0.798977	-0.366862	4198	
-0.666148	-0.576971	3364	
-0.473706	-0.744535	5866	
-0.181390	-0.865431	3182	
0.192278	-0.866319	3061	
0.600080	-0.657957	3697	
0.858362	-0.252651	3399	
0.779968	0.451979	4191	
-0.346373	0.852908	5226	
-0.882418	0.280724	413	
-0.836835	-0.407011	3610	
-0.445126	-0.820886	6381	
0.743169	-0.593494	5784	
0.806845	0.525667	579	
0.246836	0.937463	278	
-0.983474	0.015397	6825	
0.815231	-0.238403	2998	
0.829734	-0.182252	3191	
0.848254	-0.055234	1670	
0.830261	0.189132	3020	
0.701597	0.489289	4659	
0.392933	0.782428	5884	
-0.233282	0.840330	6072	
-0.765927	0.417417	2910	
-0.857398	-0.178036	2529	
-0.464550	-0.749303	5883	
0.162854	-0.871422	3008	
0.731661	-0.509423	3542	
0.863220	0.245427	3694	
-0.403713	0.826704	4093	
-0.927133	0.013773	5862	
-0.630529	-0.686992	5970	
0.275344	-0.899823	5809	
0.839891	0.469082	855	
0.209456	0.946265	6468	
-0.977585	-0.113157	6440	
-0.657390	-0.741666	2674	
-0.698310	0.449443	1817	
-0.742337	0.372553	2094	
-0.816771	0.155099	3420	
-0.822530	-0.128900	5544	
-0.698049	-0.457485	1539	
-0.360832	-0.755754	4019	
0.109693	-0.833712	1724	
0.601176	-0.593107	3901	
0.841358	-0.111215	5702	
0.668042	0.534303	4827	
-0.209108	0.846027	5851	
-0.865027	0.119454	4600	
-0.519261	-0.711310	2818	
0.287940	-0.838766	2558	
0.868442	-0.212028	2365	
0.345508	0.849060	5407	
-0.904206	0.197045	6541	
-0.647312	-0.670411	4412	
0.395862	-0.854874	5694	
0.742409	0.613530	411	
-0.103589	0.965498	1130	
-0.898789	-0.406452	527	
-0.477050	-0.870859	6016	
0.008760	-0.797920	3990	
0.109103	-0.791184	3876	
0.294038	-0.744119	3553	
0.534795	-0.597338	3410	
0.755848	-0.278177	4409	
0.779746	0.215522	4064	
0.479879	0.676406	5426	
-0.205310	0.808437	5925	
-0.789177	0.255133	4226	
-0.606014	-0.573747	2079	
0.173574	-0.822381	3048	
0.793077	-0.296942	4196	
0.672382	0.527447	2288	
-0.456605	0.739488	3233	
-0.814827	-0.320373	3213	
0.037947	-0.883346	3985	
0.834948	-0.315543	3352	
0.356148	0.843633	5407	
-0.925104	0.042585	3630	
-0.466622	-0.807713	6810	
0.911185	-0.282801	592	
0.441830	0.859924	6569	
-0.978518	0.085143	6708	
-0.616800	-0.775220	6056	
0.612551	0.476734	5676	
0.554142	0.550178	1327	
0.436207	0.673930	5454	
-0.006002	0.810727	5015	
-0.431645	0.668826	4536	
-0.723404	0.322488	4911	
-0.762443	-0.214325	3566	
-0.347152	-0.715181	2899	
0.340972	-0.722676	3470	
0.804790	-0.043136	2541	
0.307612	0.788850	5428	
-0.657441	0.502634	5177	
-0.547061	-0.629984	1542	
0.495853	-0.681107	3730	
0.833459	0.161607	4369	
-0.204339	0.846173	5851	
-0.830503	-0.274699	3514	
0.120441	-0.876190	3305	
0.886596	-0.112635	5764	
-0.377701	0.836783	5132	
-0.833636	-0.410161	3610	
-0.058172	-0.933268	5664	
0.755192	0.596341	405	
-0.248540	0.939162	6172	
-0.778704	-0.607988	6336	
-0.742682	0.165423	3162	
-0.757505	0.066185	1827	
-0.745996	-0.144586	5200	
-0.633141	-0.420458	2889	
-0.346823	-0.677460	2589	
0.193331	-0.739025	2971	
0.586574	-0.491560	2117	
0.751259	0.170696	2040	
0.240301	0.785083	1594	
-0.661318	0.435159	3325	
-0.626514	-0.486069	5021	
0.202746	-0.771111	3911	
0.796168	0.127092	4008	
-0.223174	0.802267	5472	
-0.765492	-0.324224	2977	
0.329596	-0.773324	3377	
0.829135	0.181304	3020	
-0.384288	0.778813	4571	
-0.694046	-0.535568	2953	
0.492452	-0.737522	3382	
0.794909	0.416150	3373	
-0.905749	0.183468	6541	
-0.409821	-0.837746	6563	
0.948307	0.131480	412	
0.104654	0.962526	606	
-0.884752	-0.434137	6018	
-0.377629	-0.622322	2778	
-0.297579	-0.664155	1075	
-0.106332	-0.719895	1310	
0.153738	-0.712158	1498	
0.505626	-0.526411	3507	
0.712494	-0.168937	6258	
0.604350	0.420318	5901	
-0.474387	0.597955	5828	
-0.647702	-0.396069	2857	
0.184690	-0.740415	2971	
0.738520	-0.208027	3880	
0.223348	0.789371	5807	
-0.776459	0.149017	4217	
-0.188810	-0.771735	2601	
0.788618	-0.156890	3554	
-0.159933	0.818547	4905	
-0.717894	-0.419910	3449	
0.574070	-0.616388	4282	
0.668740	0.529488	2288	
-0.832755	0.253303	3670	
-0.084383	-0.877859	3193	
0.886047	-0.110902	5764	
-0.607748	0.689139	6511	
-0.644907	-0.670875	4412	
0.751759	-0.574747	6434	
0.291655	0.922178	6735	
-0.929987	-0.321722	676	
-0.352063	-0.928193	6026	
0.188735	-0.672070	4257	
0.263680	-0.646343	3049	
0.415634	-0.560930	4942	
0.621053	-0.322032	3371	
0.694876	0.095908	4071	
0.483954	0.524818	5196	
-0.620866	0.385122	1136	
-0.420000	-0.593461	2315	
0.236114	-0.688691	1968	
0.728489	-0.072077	4172	
-0.091726	0.770661	1232	
-0.584239	-0.484349	3032	
0.518190	-0.561620	940	
0.586788	0.506508	1428	
-0.713944	0.339083	5030	
-0.171637	-0.775461	3038	
0.803264	0.051989	3257	
-0.477751	0.675614	4366	
-0.316847	-0.771873	2439	
0.840711	-0.098793	5437	
-0.257126	0.829707	5754	
-0.609059	-0.630957	2523	
0.704452	-0.541114	5521	
0.154596	0.901933	5289	
-0.784534	-0.497319	6295	
0.300271	-0.887811	5806	
0.382394	0.887430	951	
-0.946126	-0.268186	6807	
-0.335514	-0.933956	2756	
0.662491	-0.133281	6517	
0.675364	-0.026955	4377	
0.653359	0.170249	5314	
0.525412	0.425597	943	
0.167498	0.733151	5455	
-0.505784	0.495383	4026	
-0.641206	-0.272906	4046	
0.213357	-0.663897	3845	
0.693158	-0.099862	6166	
0.275903	0.726022	1610	
-0.467348	-0.556659	1659	
0.439235	-0.581093	910	
0.598632	0.426827	4768	
-0.721587	-0.231821	2803	
0.456909	-0.611712	519	
0.519474	0.585237	429	
-0.789134	0.032397	2790	
0.218192	-0.765564	3489	
0.461273	0.689965	5479	
-0.815092	-0.148960	2434	
0.603282	-0.587271	3901	
0.423492	0.760273	1741	
-0.824416	-0.288134	3149	
0.531815	-0.709024	4400	
0.548079	0.719884	6134	
-0.851029	-0.368974	5833	
0.202766	-0.913997	6183	
0.388769	0.884329	951	
-0.936426	-0.300330	6513	
-0.285742	-0.950596	6378	
-0.461812	-0.447393	2307	
-0.250310	-0.590478	3849	
0.046155	-0.638504	2392	
0.623239	-0.160142	2379	
0.034613	0.714798	1577	
-0.655911	0.172792	2089	
0.049466	-0.669750	3331	
0.675100	-0.008881	5433	
0.270137	0.711076	1630	
-0.652845	0.255854	1171	
0.240401	-0.654254	3537	
0.663939	0.222658	4573	
-0.720776	0.094941	2333	
0.277076	-0.672535	3783	
0.591015	0.437150	506	
-0.619223	-0.437287	2921	
0.683222	-0.344258	3244	
-0.154114	0.786458	4907	
-0.456022	-0.647907	2563	
0.803544	-0.017412	3132	
-0.644923	0.515351	5475	
0.212726	-0.810905	1608	
0.714968	0.460179	2543	
-0.870881	-0.015106	5593	
0.389830	-0.794270	5747	
0.668105	0.602131	5607	
-0.859847	-0.346714	6121	
0.238994	-0.905168	4439	
0.305796	0.916749	3862	
-0.889440	-0.421206	6018	
0.344526	0.517561	6197	
0.321723	0.630525	6543	
-0.251178	0.614969	2361	
-0.183853	-0.600832	4558	
0.170630	-0.600907	835	
0.621922	0.004311	4528	
0.042176	0.687848	6421	
-0.084146	-0.634031	1667	
-0.049765	0.706579	3396	
-0.316196	-0.592393	3394	
0.660755	0.134831	3275	
-0.251252	0.672092	3267	
-0.180436	-0.671345	2712	
0.682463	0.155343	4024	
-0.722499	-0.073118	3798	
0.542364	-0.486207	2230	
-0.115256	0.765133	1456	
-0.025512	-0.759261	3234	
0.606106	0.479406	5676	
-0.782069	-0.105478	4410	
0.606761	-0.519166	3028	
-0.355608	0.748404	5018	
-0.151383	-0.820652	4612	
0.783255	0.325911	1629	
-0.861057	0.123117	4600	
0.364745	-0.805510	5487	
0.640428	0.632304	5501	
-0.815510	-0.442217	6409	
0.410996	-0.842289	6550	
0.134712	0.957418	6277	
-0.791671	-0.586979	2834	
0.286331	0.280586	1370	
0.300386	0.324241	3170	
0.368980	0.395873	1946	
0.589512	-0.097017	4168	
-0.598536	-0.162751	5863	
0.094915	-0.203826	4022	
-0.459460	-0.423401	5562	
-0.120838	0.659623	1786	
0.332303	-0.527784	3723	
0.225899	0.679844	1589	
0.230795	-0.595868	4919	
-0.666935	0.111429	2561	
0.668778	-0.086154	5913	
-0.286826	0.655554	4552	
0.187526	-0.670537	4257	
0.496978	0.505681	5201	
-0.161294	-0.707327	1045	
0.705561	0.191966	620	
-0.593247	-0.470969	2967	
0.758100	-0.108663	529	
-0.735761	0.285213	3885	
0.290877	-0.740512	3553	
-0.096517	0.828651	2203	
-0.266451	-0.789586	1885	
0.790923	0.305603	5143	
-0.866633	0.074127	5254	
0.462085	-0.754496	3959	
0.426435	0.803404	1581	
-0.689183	-0.622926	6625	
0.857914	-0.400988	376	
-0.125917	0.959483	6272	
-0.604329	-0.781417	6056	
0.324604	0.136054	5127	
0.322767	0.101922	5499	
0.319849	0.045231	4321	
0.313413	-0.014646	1611	
0.296561	-0.055214	1433	
0.291381	-0.029457	5398	
0.273283	0.121601	4732	
0.412896	0.380653	3223	
0.168464	0.617227	6540	
-0.347605	-0.516478	1254	
-0.022606	-0.625914	2481	
0.482019	0.374798	5760	
0.191250	-0.609148	4920	
-0.666507	-0.095981	4021	
0.602070	0.300339	1743	
-0.689574	0.111161	1996	
0.662051	-0.221443	4730	
-0.724601	0.032928	1643	
0.684727	-0.252554	1600	
-0.732447	0.189182	2985	
0.694757	-0.319377	2280	
-0.607851	0.504996	2881	
0.184318	-0.773202	4917	
-0.001574	0.836996	780	
-0.226370	-0.801959	5145	
0.749050	0.398791	4754	
-0.859078	-0.143049	2860	
0.649123	-0.603617	3780	
-0.097223	0.907175	5053	
-0.463248	-0.806875	6810	
0.872177	0.395804	6724	
-0.524079	0.817776	1206	
-0.336557	-0.931811	2756	
0.071169	-0.536618	3288	
0.173996	-0.511230	2438	
0.342137	-0.417593	6169	
0.513774	-0.173548	3540	
0.522699	0.128065	1533	
0.377066	0.249187	2353	
0.327081	0.090365	5530	
0.307617	-0.062436	1433	
0.282043	-0.086335	2205	
0.269412	0.132814	4732	
0.227102	-0.557588	5213	
0.269115	0.645911	5875	
0.034403	-0.624801	2392	
0.336579	0.628398	1408	
0.620090	0.164331	5155	
0.316018	-0.591458	5627	
-0.167929	0.701690	5223	
0.358321	-0.596977	6437	
-0.042235	0.749550	5378	
0.462034	-0.561135	678	
-0.448123	0.614355	3441	
0.626020	-0.437177	2693	
-0.549150	0.568963	2011	
0.225602	-0.762177	3489	
-0.198636	0.806893	5925	
-0.016736	-0.834589	3816	
0.615427	0.590884	2620	
-0.730918	-0.478391	2017	
0.825016	-0.330898	3004	
-0.798151	0.455349	4476	
-0.119379	-0.925103	4407	
0.495491	0.826433	427	
-0.939738	-0.285873	6840	
-0.104326	-0.987395	6559	
0.063868	-0.396570	479	
-0.149510	-0.357512	3589	
-0.362181	-0.036803	2384	
-0.098240	0.441416	4362	
-0.470118	0.348110	4204	
-0.370812	-0.405867	3107	
0.249745	-0.477223	2182	
0.542138	-0.014884	3750	
0.364117	0.229403	2952	
0.322135	-0.014143	1611	
0.269520	-0.131327	4700	
0.273841	0.094318	3801	
-0.357988	-0.495831	5680	
-0.054274	-0.615851	841	
0.460280	-0.419665	4634	
-0.497942	-0.403963	2842	
-0.647339	-0.180076	1785	
0.397990	0.599477	5917	
-0.202262	-0.663600	2982	
0.334069	0.695136	5737	
0.364249	-0.628509	6439	
-0.411936	0.640227	2121	
0.649725	-0.401232	3189	
-0.669142	0.418428	3317	
0.408883	-0.682328	5494	
-0.512991	0.646593	6083	
0.406715	-0.732898	4640	
0.117126	0.865373	5319	
-0.367870	-0.795876	3376	
0.870618	0.197783	4716	
-0.908156	-0.170298	6377	
0.321799	-0.878363	6639	
0.015945	0.966293	6301	
-0.641917	-0.748926	6432	
-0.371200	-0.355178	1737	
-0.274369	0.502247	1878	
0.179484	-0.408789	4556	
-0.235711	0.309464	3365	
0.474960	-0.083443	1933	
0.289466	-0.296438	4181	
-0.363037	-0.000318	6220	
-0.431646	0.398495	4248	
-0.119768	-0.529419	2052	
0.500205	-0.201409	3559	
0.372430	0.236080	2353	
0.315794	-0.056412	1433	
0.260033	-0.140320	4700	
0.277392	0.281306	1352	
0.205576	0.106952	2306	
0.095798	-0.617785	1851	
-0.205332	0.641279	2456	
-0.460379	0.507293	4035	
0.537477	0.405059	1462	
-0.415779	-0.555128	2962	
0.397885	0.634888	5185	
0.399858	-0.606349	3838	
-0.535824	0.535672	769	
0.738810	-0.197763	1707	
-0.778887	0.118952	4694	
0.727737	-0.330760	4133	
-0.774246	0.282582	3112	
0.771266	-0.339659	4283	
-0.575390	0.645464	6453	
0.262351	-0.842449	4970	
0.532105	0.729489	5306	
-0.567703	-0.735493	6855	
0.932951	0.201413	303	
-0.566084	0.788529	6534	
-0.304390	-0.295767	2708	
-0.210926	-0.380076	749	
-0.127675	-0.424199	2133	
-0.062021	-0.449713	705	
-0.056747	-0.476047	1182	
-0.497384	0.260002	5573	
0.074686	-0.481102	970	
0.461470	0.038572	3855	
-0.162924	-0.352903	4049	
-0.246434	0.537943	2069	
-0.054193	-0.537890	3501	
0.540701	0.002410	4520	
0.336963	0.123916	4976	
0.263086	-0.165487	2513	
0.283004	0.000041	3313	
-0.622782	-0.036364	4110	
0.106124	0.676736	1425	
0.349721	0.583097	1198	
-0.369899	0.581603	5731	
0.564969	0.363923	3772	
-0.376345	-0.582141	5729	
0.201632	0.744978	6476	
0.556901	-0.467076	1303	
-0.754608	-0.027038	2749	
0.758370	0.103898	565	
-0.701209	-0.360755	3820	
0.753015	0.280899	5190	
-0.674243	-0.481918	1822	
0.806072	0.257803	5609	
-0.853803	-0.166535	2529	
0.774040	-0.433635	4075	
-0.766876	0.503381	4639	
-0.000717	-0.933121	6713	
0.295982	0.918479	6735	
-0.773975	-0.607915	6336	
-0.376789	0.105564	5758	
-0.395016	-0.051387	3594	
-0.360458	-0.194190	1294	
-0.301607	-0.289835	2708	
-0.210516	-0.373788	759	
-0.111070	-0.425805	2621	
-0.014264	-0.462075	611	
-0.368674	-0.359241	1737	
0.317303	-0.337728	1023	
0.440744	0.029486	4179	
-0.356272	-0.093008	2906	
-0.567031	0.015793	2895	
0.365243	-0.393534	5927	
0.386927	0.242088	2353	
0.293265	-0.125181	1931	
0.259647	-0.127622	4700	
0.412531	-0.436751	3834	
0.340959	0.517382	6197	
0.369879	0.509644	1750	
-0.413506	0.548748	5800	
0.482320	0.477089	714	
-0.027000	-0.692707	5136	
-0.281115	0.681003	1990	
0.728281	-0.045335	1124	
-0.373824	-0.657793	1738	
0.348983	0.736160	1821	
-0.137818	-0.779442	5148	
-0.029253	0.834701	1048	
0.090248	-0.829784	3571	
0.245768	0.839369	2524	
-0.308256	-0.820399	2723	
0.815612	0.365314	3534	
-0.794024	-0.476929	6661	
0.823530	-0.459156	330	
-0.398523	0.882402	6779	
-0.291726	-0.290583	638	
-0.179235	-0.382496	4720	
-0.150931	-0.397377	3983	
-0.134940	-0.405536	3549	
-0.174433	-0.387395	4150	
-0.166676	-0.393503	4150	
-0.115958	-0.418748	2133	
-0.041645	-0.443770	3587	
-0.000199	-0.472391	611	
-0.191367	0.366385	5853	
0.094640	-0.480845	977	
0.204334	-0.357949	4088	
-0.128767	0.564511	2330	
0.086440	-0.529776	2822	
0.464320	0.220262	1418	
0.310561	-0.090780	2404	
0.234827	-0.175893	6525	
0.577480	-0.158448	1025	
0.335960	0.578266	1106	
0.246071	0.675496	6575	
-0.579471	0.354295	4062	
0.153084	0.732584	5430	
0.536873	-0.442718	5146	
-0.663827	-0.286501	1415	
0.567676	0.465231	502	
0.350634	-0.674344	2582	
-0.560355	0.555612	2202	
0.575197	-0.549911	2711	
-0.770471	0.290781	3112	
0.819780	-0.197222	1570	
-0.773125	0.388136	4561	
0.598922	-0.650462	3697	
-0.321869	0.851928	5226	
-0.116950	-0.924449	4407	
0.354731	0.896597	6788	
-0.777104	-0.603136	6336	
-0.526161	-0.136693	2416	
-0.470340	-0.256400	2937	
-0.549500	-0.028697	2792	
-0.170847	0.543174	5047	
-0.141687	-0.381838	4128	
-0.178264	0.376772	6137	
-0.060710	-0.490253	574	
0.088199	-0.454240	4572	
0.038125	-0.452966	4078	
0.031847	-0.465046	741	
-0.433875	-0.290680	1651	
0.303887	-0.357212	4244	
0.404850	-0.117611	1617	
-0.122607	0.412030	1945	
-0.124147	-0.525617	2052	
0.495449	0.176895	4389	
0.309054	-0.098211	2404	
0.226280	-0.185960	6525	
0.284256	-0.530860	5339	
-0.137841	0.654878	2099	
-0.511694	0.413382	2322	
-0.457148	-0.487680	2703	
-0.473216	0.524271	5533	
0.688897	0.110030	4574	
0.195270	-0.698031	1646	
-0.553486	0.515803	1022	
0.762960	0.052184	423	
-0.663646	-0.425190	3887	
0.627080	0.508638	1680	
-0.296117	-0.776605	4299	
0.560182	0.646418	6357	
-0.476207	-0.733467	5866	
0.844859	0.287412	5563	
-0.813186	-0.441625	6842	
0.812132	-0.476804	330	
-0.471061	0.846049	6236	
-0.155668	-0.978232	5990	
0.373380	-0.104628	5596	
0.375832	-0.094577	5558	
0.391963	-0.008501	2922	
0.421605	0.126586	2626	
0.497303	0.052155	2527	
0.397849	-0.307061	6070	
-0.040284	-0.509673	6064	
-0.143482	0.544012	4534	
-0.184689	-0.362785	4728	
-0.218630	-0.456550	2781	
0.024595	-0.476697	739	
-0.322802	-0.396767	1787	
0.298138	-0.343053	4244	
0.435929	0.008145	4499	
-0.211127	0.314111	6198	
-0.119752	-0.526128	2052	
0.475416	0.205150	3079	
0.287700	-0.146389	2310	
0.242884	-0.154754	699	
-0.160933	0.636849	4059	
0.300356	-0.546756	6049	
-0.026993	-0.635889	2391	
0.596970	-0.305581	4163	
-0.543375	-0.430295	4531	
0.037849	0.754725	1860	
0.727783	-0.046311	1124	
-0.218843	-0.723993	1286	
-0.099168	0.795448	1940	
0.343826	-0.715870	3470	
-0.674089	0.472149	5065	
0.761107	-0.358293	3774	
-0.740219	0.446031	2415	
0.619736	-0.630372	4430	
-0.431769	0.801835	5599	
0.014065	-0.932421	6713	
0.174928	0.948689	791	
-0.641771	-0.746958	6432	
-0.303063	0.141748	3078	
-0.316097	0.109306	2277	
-0.337885	-0.033607	2669	
-0.292616	-0.187210	2743	
-0.081640	-0.353233	2917	
0.228573	-0.301768	2559	
0.389654	-0.009794	2922	
0.504220	0.015326	1557	
0.186721	-0.469422	1086	
-0.333398	0.473718	2216	
-0.183241	-0.363973	4728	
-0.332676	-0.392405	3320	
-0.482060	-0.219042	6227	
0.296901	-0.343047	4244	
0.431880	-0.010224	5452	
-0.124606	0.410646	1945	
0.036998	-0.534127	2909	
0.400348	0.239919	4492	
0.235861	-0.213155	6627	
0.277749	-0.024147	3948	
-0.621598	-0.090173	3979	
0.620565	-0.041269	4264	
-0.234464	0.655061	5036	
0.326272	0.681127	5737	
0.584365	-0.377679	2831	
-0.313841	-0.652273	1075	
0.036690	0.779308	1764	
0.751824	-0.136543	1083	
-0.737708	-0.274348	4719	
0.660233	0.461408	1407	
-0.282686	-0.781142	4649	
0.483401	0.713246	5497	
-0.337644	-0.807246	3398	
0.761574	0.468345	3784	
-0.641069	-0.669965	4412	
0.938180	0.158809	927	
-0.789653	0.568016	6159	
0.050825	-0.990866	2787	
-0.189613	0.590137	1824	
-0.137641	0.603819	1755	
-0.052266	0.609852	1399	
0.008724	0.568359	4815	
-0.056453	0.426826	2340	
-0.238685	0.236395	2087	
-0.286205	-0.195861	3357	
0.064927	-0.363241	589	
0.389533	-0.001966	2922	
0.495676	-0.107175	1921	
-0.192649	-0.482989	753	
-0.054646	-0.409845	663	
-0.265112	0.509371	1878	
-0.323623	0.474191	2459	
0.334049	-0.311805	3952	
0.378417	-0.187190	1564	
-0.143759	0.562575	3245	
0.327727	-0.421412	6162	
0.344225	0.118964	4951	
0.167977	-0.257237	1112	
0.300432	0.353769	2383	
0.454997	0.385091	5105	
-0.341122	0.572097	5555	
-0.217964	-0.630645	2222	
-0.678423	0.161310	2397	
0.395705	0.636249	5185	
0.682035	-0.253304	1600	
-0.289968	-0.697885	5774	
-0.124567	0.790373	1952	
0.426040	-0.670168	2896	
-0.757655	0.320305	3055	
0.840080	-0.071008	1670	
-0.861223	0.091590	3402	
0.816420	-0.346562	4129	
-0.898476	0.192371	6541	
0.338139	-0.870638	6745	
-0.225184	0.939413	373	
-0.538449	0.300392	1530	
-0.510262	0.349647	1709	
-0.482454	0.387017	4862	
-0.424225	0.451606	4739	
-0.297104	0.548023	4974	
-0.069928	0.614576	1313	
0.003688	0.522048	4529	
-0.220903	0.254592	6177	
-0.228171	-0.266387	3062	
0.286399	-0.247567	3266	
0.481390	0.109274	1422	
0.092190	-0.500026	1892	
-0.369627	0.054108	3310	
-0.168089	0.390345	2218	
-0.321227	0.198445	5880	
-0.482280	0.298821	5186	
0.101117	-0.396266	2581	
-0.554939	-0.084665	1776	
0.531008	-0.075609	1767	
0.315881	-0.096801	2404	
0.184417	-0.226706	1955	
-0.343285	0.550084	5048	
0.471360	-0.407034	512	
0.613100	-0.178221	1890	
0.455767	0.509669	989	
0.532783	-0.446338	5146	
-0.320582	-0.648539	5691	
-0.119727	0.760884	1456	
0.762390	0.052809	423	
-0.583273	-0.529763	5383	
0.352010	0.762480	5134	
0.159433	-0.818479	2309	
-0.136557	0.855302	5217	
0.244699	-0.846024	4970	
0.286239	0.863521	5565	
-0.182580	-0.912122	4460	
0.332062	0.904385	6619	
-0.706071	-0.684613	6722	
0.073854	0.636834	6438	
0.083685	0.632809	6438	
0.024730	0.643058	6308	
-0.083898	0.637909	1400	
-0.253517	0.583367	3375	
-0.328263	0.537686	5462	
-0.251913	0.573912	3375	
-0.014411	0.610414	4006	
-0.064602	0.408358	1994	
-0.327910	-0.079782	6242	
0.151469	-0.338743	628	
0.444066	0.149171	1269	
0.113977	-0.495668	1892	
-0.376009	-0.026311	1909	
-0.311146	0.213514	5858	
0.002378	-0.426637	3457	
0.443928	-0.173314	3036	
-0.363525	0.029413	3875	
-0.058973	-0.533180	2395	
0.389312	0.228893	3637	
0.180610	-0.258543	1112	
0.267773	0.090981	3801	
0.222696	-0.573940	889	
-0.070127	0.676369	1889	
-0.205515	-0.634300	2222	
-0.693927	-0.038049	4766	
0.105753	0.753989	1435	
0.722323	0.097257	4372	
0.121663	-0.747312	3384	
-0.598545	0.511095	2881	
0.757578	-0.250117	3349	
-0.764299	-0.309877	3274	
0.703244	0.472444	2446	
-0.580372	-0.651443	5245	
0.835983	0.309677	5698	
-0.721102	-0.580418	6206	
0.946895	-0.018935	4237	
-0.778803	0.580234	390	
-0.196938	-0.151159	683	
-0.210543	-0.132315	1169	
-0.248415	0.026718	4339	
-0.142931	0.219533	1288	
0.036986	0.418996	2122	
0.101255	0.607321	6452	
-0.088117	0.634818	1400	
-0.228238	0.589171	2005	
-0.061775	0.619644	1430	
-0.018189	0.470056	1015	
-0.332796	0.000902	281	
0.159807	-0.334579	628	
0.475507	0.123195	1410	
-0.083415	-0.509669	1306	
-0.007474	-0.416735	2305	
-0.310102	0.215542	5858	
0.318704	-0.320458	3504	
0.370369	-0.205414	1564	
-0.379206	0.448456	3374	
0.500140	-0.189105	2935	
0.324843	-0.074369	1927	
0.145124	-0.256344	6642	
-0.543418	0.331497	5138	
0.530209	-0.326030	980	
0.516167	0.370928	5512	
0.107726	0.734261	1062	
0.692253	-0.078413	3971	
0.283754	-0.666349	2375	
-0.746319	0.093855	2369	
0.531938	0.564782	781	
0.118890	-0.782613	4857	
-0.631376	0.526611	5474	
0.795386	-0.272773	3629	
-0.840777	0.201244	4399	
0.824822	-0.325139	3004	
-0.911404	0.115226	4455	
0.444494	-0.821559	3735	
-0.384158	0.886765	5861	
-0.119223	-0.982017	6425	
0.075160	0.667589	1710	
-0.166669	0.638943	4059	
0.605029	-0.007163	4528	
0.218976	0.168586	2324	
0.141032	-0.202263	948	
-0.250604	-0.001430	539	
0.021750	0.395819	2045	
0.086434	0.619946	5135	
-0.116677	0.626329	1612	
-0.047267	0.621909	4496	
-0.026814	0.453316	1113	
-0.322336	-0.096589	6242	
0.297032	-0.231608	3739	
0.500468	-0.096287	1914	
-0.487064	-0.233851	3030	
0.401947	-0.192543	2426	
-0.110224	-0.400305	2862	
0.367826	-0.301266	6151	
-0.360672	-0.085036	2906	
-0.065962	-0.531648	2395	
0.377329	0.212690	2952	
0.144834	-0.279169	3217	
0.255661	0.204165	2269	
0.332930	0.548859	6796	
-0.637178	-0.094121	4069	
0.621316	-0.250350	3151	
-0.165241	-0.671177	2595	
-0.711301	0.120638	1996	
0.348685	0.706834	695	
0.753201	-0.124087	602	
-0.644906	-0.451015	5157	
0.392367	0.737293	5358	
0.233279	-0.800484	2911	
-0.305926	0.807251	3717	
0.438033	-0.764724	3010	
-0.141104	0.896454	5540	
0.070022	-0.929227	6675	
-0.002824	0.964202	784	
-0.446479	-0.878578	2757	
-0.150007	-0.152848	827	
0.161691	0.545259	2197	
0.248493	0.307976	5952	
0.004855	-0.249009	665	
-0.116675	0.243998	6078	
0.096359	0.576174	6921	
-0.048454	0.634949	4889	
0.007094	0.611651	3621	
-0.097827	0.364995	3700	
-0.178187	-0.302455	2504	
0.388006	0.026357	3009	
0.306873	-0.405511	1625	
-0.189191	0.355483	5853	
-0.166179	-0.374432	3983	
0.355843	-0.293407	4386	
0.306941	-0.288323	4028	
-0.551393	0.147726	4328	
0.533672	-0.036756	3692	
0.273841	-0.182659	2618	
0.194030	-0.210782	1119	
0.306281	0.465313	700	
0.460491	0.397967	5105	
-0.666087	-0.072048	3426	
-0.657617	0.233260	6096	
0.244334	0.733858	6706	
0.724432	0.075130	474	
0.199698	-0.730174	3580	
-0.702403	0.352275	5013	
0.798209	0.042774	2233	
-0.522232	-0.641684	5376	
0.458872	0.730839	5553	
-0.195378	-0.852650	1626	
0.598962	0.668548	5011	
-0.308256	-0.876049	3831	
0.463767	0.841881	584	
-0.760731	-0.621462	6305	
-0.200971	-0.075614	4112	
0.020713	-0.609860	853	
0.193946	-0.152559	1166	
-0.165542	0.201666	308	
0.093211	0.571994	6829	
-0.018188	0.632726	2285	
0.031646	0.561749	4090	
-0.290972	0.148608	2287	
0.142403	-0.339418	582	
0.494906	0.087595	2175	
-0.341242	-0.404652	2170	
0.316787	-0.302455	3504	
0.240624	-0.374226	4186	
0.471022	-0.013443	1938	
-0.120382	0.419759	2332	
0.304431	-0.436046	6224	
0.343937	0.024442	1527	
0.078623	-0.288423	2104	
0.285305	-0.531101	5339	
0.506940	-0.361375	697	
0.615171	0.168490	5155	
-0.016993	0.729704	1219	
0.691744	0.078623	4418	
0.481916	-0.540766	4132	
-0.575553	-0.486403	3032	
-0.116953	0.790927	1952	
0.548490	-0.573871	2987	
-0.822124	0.004065	3908	
0.772139	0.342361	5055	
-0.652924	-0.576273	3014	
0.838535	0.299668	5698	
-0.678167	-0.629454	6339	
0.940121	0.119196	1385	
-0.905395	0.357992	6477	
0.094594	-0.192545	3677	
-0.306544	-0.533312	4595	
0.097842	-0.229056	5954	
-0.054083	0.301871	6184	
0.085972	0.604021	6883	
0.015775	0.616571	1833	
-0.054233	0.409202	1976	
-0.221986	-0.265666	3062	
0.384026	0.009855	3383	
0.252766	-0.442686	1002	
-0.361329	0.086493	5758	
0.156198	-0.407395	4083	
0.234979	-0.420087	4888	
-0.236650	-0.306850	4785	
-0.204529	-0.497872	1761	
0.383207	0.214120	3637	
0.105227	-0.296111	4392	
0.254939	0.216194	2003	
-0.129627	0.656652	2099	
-0.241620	-0.588744	3849	
0.611353	0.273767	3748	
0.427331	-0.545179	4881	
-0.132796	-0.710144	881	
-0.606138	0.447430	5189	
0.627661	0.439473	354	
0.073122	-0.787026	4318	
-0.658013	0.491363	5177	
0.828179	-0.146271	5083	
-0.864631	-0.026146	1983	
0.880342	-0.109720	5700	
-0.883309	-0.260757	4376	
0.714284	-0.604921	6469	
-0.665803	0.702607	355	
-0.132176	-0.169751	3803	
0.292693	0.399376	6249	
-0.180952	-0.176445	1170	
0.041397	0.445792	2173	
0.054184	0.619107	875	
0.026377	0.533778	4767	
-0.322471	0.055921	6278	
0.247122	-0.276853	1922	
0.485809	-0.157660	2658	
-0.537248	0.172682	3906	
0.428042	-0.121229	2409	
0.283223	-0.380626	1011	
0.207304	-0.362034	4088	
-0.532401	-0.159521	3328	
0.492595	0.168253	4389	
0.184134	-0.266681	461	
0.244717	-0.134353	6293	
0.133970	-0.601513	854	
-0.390220	0.536046	5826	
0.457596	-0.486026	4169	
-0.308869	-0.617666	1251	
-0.709855	0.122300	1996	
0.127744	0.775154	5417	
0.754909	0.113542	442	
-0.397738	-0.679784	2614	
-0.241707	0.790633	5852	
0.660584	-0.514227	5324	
-0.742318	0.437484	2539	
0.781702	-0.413531	4689	
-0.886424	0.231310	3811	
0.514702	-0.779087	6194	
-0.494323	0.830194	6789	
0.044710	-0.988621	6004	
0.101416	0.423540	382	
0.242309	-0.039503	657	
-0.128544	0.240549	6078	
0.084951	0.576479	6921	
0.045614	0.583200	6815	
-0.177252	0.286900	6408	
0.032758	-0.359041	4201	
0.461369	0.150781	1685	
-0.306341	-0.430722	1845	
0.259760	-0.346885	4789	
0.371616	-0.266338	5876	
0.401215	-0.147229	5632	
-0.409976	0.416997	3354	
0.529717	-0.066737	1767	
0.269718	-0.194942	2618	
0.129626	-0.257569	3217	
0.291928	0.452361	6493	
0.367170	0.510437	1750	
-0.382881	-0.544591	5930	
-0.660550	-0.207866	1153	
-0.312439	0.663442	4690	
0.544240	0.492177	671	
0.693378	-0.313419	2280	
-0.684826	-0.384962	4891	
0.371927	0.749498	5167	
0.335868	-0.762746	3377	
-0.488391	0.709030	4555	
0.621449	-0.625659	4430	
-0.554859	0.718600	3925	
0.377760	-0.853064	3850	
-0.344850	0.901340	374	
-0.096485	-0.983108	6297	
0.284358	0.382197	6720	
-0.247641	-0.060578	6747	
0.055265	0.484591	898	
0.056056	0.593244	6195	
-0.081808	0.373098	4188	
-0.149377	-0.315544	1918	
0.401148	0.130592	1260	
-0.009027	-0.516074	2278	
-0.132727	-0.382483	4128	
0.366050	-0.266388	5876	
0.440967	-0.003324	5452	
-0.101040	0.552978	1941	
0.452167	-0.278049	2123	
0.313892	-0.122470	2323	
0.050930	-0.289253	2162	
0.135963	0.529288	6285	
0.584109	0.201317	2915	
-0.670492	0.013777	3336	
-0.673285	0.177930	3073	
0.064193	0.753832	1733	
0.665902	0.294216	633	
0.474259	-0.590785	1201	
-0.769111	-0.158040	1460	
0.639359	0.487034	5262	
0.069962	-0.828192	4127	
-0.216218	0.835564	6079	
0.461536	-0.749639	3959	
-0.226622	0.876885	5778	
0.239926	-0.900553	4439	
-0.221236	0.938453	373	
-0.209075	-0.963976	6063	
-0.624830	-0.054664	4110	
-0.018749	-0.252366	6882	
0.005687	0.387703	2002	
0.070835	0.582008	6195	
-0.042519	0.415204	2008	
-0.257706	-0.222020	3463	
0.382081	0.017474	5240	
0.186463	-0.476844	1086	
-0.369094	-0.083060	2341	
0.400579	-0.214869	4712	
0.460028	0.008297	5281	
-0.110054	0.437387	1956	
0.336925	-0.408270	6125	
0.336560	-0.056369	2319	
0.013226	-0.296904	6068	
-0.177830	-0.582029	3975	
0.619242	-0.058467	5921	
-0.642031	0.206332	6093	
-0.562671	0.418304	4099	
0.393399	0.636839	6102	
0.725313	0.049861	4358	
0.287340	-0.699681	2158	
-0.770211	0.149214	4217	
0.737676	0.309599	3258	
-0.166763	-0.811582	4612	
0.027605	0.866969	487	
0.292731	-0.828368	2558	
0.026970	0.905852	365	
0.151097	-0.918757	6445	
-0.127499	0.954978	6272	
0.163842	-0.101820	3699	
0.116938	0.455556	289	
0.149446	-0.201337	1290	
-0.028214	0.341238	2061	
0.070535	0.561936	5520	
-0.022894	0.436864	1113	
-0.284415	-0.180658	2743	
0.374662	-0.037062	2930	
0.261513	-0.440312	1329	
-0.364408	0.070980	3828	
0.444070	-0.133344	2544	
0.468139	-0.020482	1318	
-0.194327	0.337452	5919	
0.284930	-0.445352	1189	
0.344223	-0.019598	5276	
-0.009439	-0.298554	6068	
0.367885	-0.477081	3715	
0.601182	-0.160273	655	
-0.401073	0.556162	5800	
-0.465933	0.528958	5768	
0.486619	0.511442	5201	
0.722495	-0.075342	4172	
0.166341	-0.737112	1893	
-0.729298	0.288206	3885	
0.776331	0.187873	2625	
-0.294927	-0.773127	4299	
0.121472	0.861186	5319	
0.181867	-0.857985	3061	
0.162012	0.892766	4692	
0.107792	-0.924361	6520	
-0.079115	0.959777	4818	
-0.308114	-0.935564	6379	
0.079738	0.380489	439	
0.204420	-0.143178	1166	
-0.051790	0.315721	4686	
0.064766	0.542644	2839	
-0.027678	0.428059	2453	
-0.282267	-0.182616	2743	
0.371569	-0.048144	3413	
0.261152	-0.441046	1329	
-0.360451	0.086180	5758	
0.442942	-0.139936	2544	
0.467799	-0.024617	1318	
-0.190178	0.342138	5919	
0.286670	-0.443848	1189	
0.344319	-0.023903	5276	
-0.024778	-0.298557	6207	
0.552639	-0.234456	702	
0.600739	-0.161948	655	
-0.197496	0.665438	5687	
-0.446280	0.546529	5598	
0.500605	0.493524	5104	
0.720696	-0.089661	4310	
0.145887	-0.741134	2470	
-0.724463	0.299772	3885	
0.783194	0.154040	2249	
-0.344697	-0.751418	3969	
0.135291	0.859325	1792	
0.164390	-0.861091	3008	
0.187642	0.887759	6552	
0.106280	-0.924313	6520	
-0.079181	0.959584	4818	
-0.305098	-0.936345	6379	
0.175703	-0.179687	1167	
-0.050665	0.318548	4686	
0.057468	0.526041	2839	
-0.054264	0.393291	2811	
-0.238632	-0.242432	3551	
0.381015	0.026217	5240	
0.176051	-0.482349	990	
-0.365493	-0.100469	4477	
0.411912	-0.211252	4304	
0.458076	0.002523	5281	
-0.130449	0.411075	1945	
0.334347	-0.408759	6125	
0.338931	-0.057018	2319	
-0.038031	-0.295358	6207	
0.378639	-0.468495	4222	
0.612316	-0.109917	996	
-0.445236	0.518486	4269	
-0.508369	0.485496	3067	
0.457468	0.548237	5300	
0.725604	-0.029481	538	
0.207402	-0.726481	2532	
-0.744873	0.243640	2812	
0.764805	0.230039	3591	
-0.267161	-0.782839	4649	
0.068769	0.865336	5391	
0.220492	-0.848766	2517	
0.110760	0.899714	674	
0.151957	-0.918073	6445	
-0.122994	0.954990	6272	
-0.261866	-0.949486	2673	
-0.349541	-0.506146	5680	
0.043625	-0.250785	6610	
-0.034611	0.339667	4015	
0.046460	0.511250	3718	
-0.118263	0.331121	762	
-0.155811	-0.307691	1802	
0.392006	0.120549	2083	
0.020328	-0.517056	2355	
-0.197298	-0.346421	4240	
0.423585	-0.164233	3036	
0.435304	-0.036069	4927	
-0.109564	0.554280	1941	
0.431293	-0.305276	2320	
0.313609	-0.132979	2323	
-0.041182	-0.292872	6207	
-0.168387	-0.584741	4608	
0.620161	0.037628	4965	
-0.667178	0.076416	4618	
-0.624528	0.312076	1157	
0.270701	0.724082	1610	
0.713801	0.135346	580	
0.371273	-0.658622	727	
-0.780178	0.073450	3060	
0.704268	0.379492	393	
-0.081197	-0.824380	4645	
-0.080754	0.860590	4562	
0.368634	-0.797077	5487	
-0.072131	0.901809	5084	
0.243356	-0.898649	4300	
-0.222269	0.937268	373	
0.185529	0.137661	5948	
0.310099	0.414743	1396	
-0.174262	-0.189117	6790	
-0.009718	0.378216	2002	
0.023643	0.484199	830	
-0.214702	0.241602	459	
0.037743	-0.353858	4201	
0.463738	0.157007	1685	
-0.301642	-0.436258	1845	
0.159703	-0.393377	3936	
0.422062	-0.169933	3036	
0.391222	-0.179484	1468	
-0.421155	0.403113	3343	
0.519250	-0.108372	1957	
0.251869	-0.223226	1985	
-0.026960	-0.290940	6207	
0.121379	0.497920	1736	
0.518180	0.325830	2237	
-0.647130	-0.163679	1140	
-0.693413	0.010609	5321	
-0.120476	0.732253	4652	
0.598377	0.416123	5901	
0.568003	-0.500759	2294	
-0.729662	-0.288024	4231	
0.558105	0.584947	1434	
0.192309	-0.808397	1911	
-0.339909	0.790445	4635	
0.568715	-0.671576	4837	
-0.360612	0.829227	5132	
0.373444	-0.853665	3850	
-0.357074	0.895266	374	
-0.057402	-0.984746	920	
0.111520	-0.153264	814	
0.018553	0.281934	348	
0.228690	0.133579	950	
-0.242993	0.097876	1091	
0.013601	0.425840	2122	
-0.018058	0.427443	911	
-0.317327	0.046602	6278	
0.235228	-0.278838	2385	
0.514429	-0.048405	3736	
-0.556773	0.003639	2398	
0.378447	-0.219815	3502	
0.231531	-0.419465	4888	
0.229658	-0.354325	4161	
-0.535709	-0.142779	2416	
0.495190	0.153615	4306	
0.156158	-0.292288	649	
0.048536	-0.281740	2162	
0.596470	0.105388	4124	
0.316983	0.643387	6821	
-0.168565	-0.641887	1874	
-0.559446	-0.404333	4787	
-0.496032	0.529211	1131	
0.410125	0.651222	5435	
0.747391	-0.141834	1083	
-0.574992	-0.534275	5442	
0.142858	0.825551	5528	
0.487132	-0.675537	3730	
-0.630286	0.583798	5576	
0.737400	-0.483675	3138	
-0.685757	0.593498	5635	
0.547113	-0.755526	6311	
-0.517337	0.814300	1206	
0.103246	-0.982436	5997	
0.585242	0.132206	3638	
0.079524	-0.242679	6742	
-0.102339	0.275903	465	
0.016130	0.445124	1090	
-0.099984	0.340389	766	
-0.240330	-0.235907	2936	
0.365294	-0.061790	3413	
0.335374	-0.389991	5797	
-0.093696	0.523094	1197	
0.447611	-0.031724	1455	
0.429741	-0.185193	3532	
-0.294703	-0.248089	2200	
-0.131578	-0.516707	2052	
0.387733	0.200058	4414	
0.018495	-0.319927	2174	
0.183576	-0.210238	6518	
0.450575	-0.417435	4634	
-0.602673	0.243915	3015	
0.614393	-0.260253	2308	
-0.060625	-0.686070	635	
-0.705042	-0.130388	3439	
-0.166666	0.746807	4987	
0.686438	0.332881	621	
-0.196663	-0.761419	2601	
-0.458742	0.680775	4338	
0.768272	-0.332541	4283	
-0.829705	0.228669	3930	
0.862280	-0.196121	2365	
-0.915260	0.009666	5849	
0.698790	-0.619364	6753	
-0.683720	0.682356	6798	
0.290863	-0.945912	6596	
0.155579	0.541879	6269	
0.226254	0.154156	5895	
-0.258232	-0.034641	3795	
-0.032177	0.354993	2654	
-0.016970	0.417347	1729	
-0.262878	0.176499	6167	
0.017322	-0.351646	3253	
0.415462	0.173179	1315	
-0.031975	-0.519876	5755	
-0.319657	-0.217048	902	
0.458544	-0.090370	1933	
0.418598	-0.112312	2409	
-0.092369	0.476017	1162	
0.288089	-0.439683	1189	
0.352284	0.001550	5639	
-0.088476	-0.296269	6360	
0.248194	0.205473	2003	
-0.569046	0.305031	3039	
0.116815	-0.622101	4246	
0.443530	0.521371	5023	
0.619261	-0.309545	2193	
0.161439	-0.703254	1498	
-0.726131	0.183310	3224	
0.433027	0.665739	5454	
0.323953	-0.720224	2771	
-0.784198	0.236828	4089	
0.831018	0.123152	4656	
-0.813154	-0.292713	4371	
0.869696	0.172459	4756	
-0.760270	-0.519627	3815	
0.864535	-0.359108	4510	
-0.843663	0.474162	5900	
0.084931	-0.173650	3677	
-0.023433	0.245516	5788	
0.283864	0.372538	6720	
-0.021253	-0.257129	868	
-0.143609	0.242977	1644	
-0.012630	0.398433	1729	
-0.104079	0.332348	766	
-0.295919	-0.141966	2130	
0.294657	-0.215523	3226	
0.512192	-0.076751	2186	
-0.507059	-0.203003	3100	
0.080342	-0.410223	2686	
0.452945	-0.016370	1455	
0.110967	-0.402127	2406	
-0.550296	-0.084573	1776	
0.528975	-0.002752	3750	
0.238294	-0.241438	1800	
-0.109875	-0.272887	5910	
0.313229	-0.515098	3397	
0.620744	0.029100	5042	
0.399410	0.518893	895	
-0.442558	0.548728	5598	
0.568462	0.399881	4972	
0.678519	-0.253372	2884	
-0.309515	-0.684934	6085	
-0.474667	0.627012	4106	
0.735011	-0.300516	3297	
-0.755236	-0.321549	4431	
0.590337	0.610031	1744	
-0.393904	-0.775624	3950	
0.674474	0.583461	5612	
-0.401785	-0.832917	6366	
0.848518	0.420928	6257	
-0.971590	0.048264	972	
0.175944	-0.110656	1244	
-0.196321	0.100517	823	
0.533337	0.258935	2907	
0.243224	-0.065197	770	
-0.260750	0.041972	310	
-0.060048	0.327079	4686	
-0.046755	0.376282	2811	
-0.269547	0.162467	6167	
-0.042568	-0.344967	2533	
0.377623	0.063221	5579	
0.279584	-0.433693	1189	
-0.252001	0.525788	2069	
0.216363	-0.366224	4161	
0.321190	-0.285696	2300	
-0.171922	0.365092	6137	
0.056114	-0.523571	2283	
0.377363	0.175651	2808	
0.000555	-0.322107	2211	
0.052438	-0.278569	2162	
0.161405	0.516027	6400	
0.275116	0.665151	6858	
-0.421879	-0.511820	2668	
-0.650555	-0.231462	3583	
-0.272827	0.680968	1990	
0.585288	0.434090	506	
0.541365	-0.527741	915	
-0.781238	-0.040628	3437	
0.692604	0.398543	1100	
-0.192159	-0.803200	5038	
-0.011064	0.864952	6533	
0.187570	-0.854522	4796	
0.207343	0.882398	338	
0.083044	-0.925160	6894	
0.057628	0.959017	456	
-0.449681	-0.873333	5985	
0.186846	0.061161	810	
0.205101	-0.071701	3898	
-0.561192	-0.264590	5410	
0.234226	0.238460	6758	
-0.078497	-0.246961	1487	
-0.154690	0.237865	1644	
-0.046072	0.357243	4346	
-0.141992	0.296600	2134	
-0.300060	-0.125027	6245	
0.245648	-0.265131	1922	
0.486515	0.135082	1759	
-0.066193	-0.519309	5750	
-0.139143	0.407880	1945	
0.033439	-0.412359	666	
-0.367465	-0.068606	2341	
-0.512678	-0.199930	3100	
0.521165	-0.086883	2380	
0.305041	-0.162651	3054	
-0.147902	-0.265821	1684	
0.247771	0.206738	2003	
-0.465479	0.456508	4804	
-0.245696	-0.585091	3849	
0.606442	0.277637	3748	
0.311256	-0.614959	2126	
-0.603151	-0.386802	1355	
-0.246877	0.719817	3128	
0.691721	0.319970	615	
-0.298665	-0.726126	2913	
-0.169098	0.808001	5204	
0.599593	-0.578103	3799	
-0.672220	0.533465	1532	
0.748404	-0.465188	3524	
-0.563315	0.706660	2619	
0.497261	-0.787759	6549	
-0.446376	0.853678	299	
-0.002943	-0.985493	2760	
0.105572	-0.162794	3677	
-0.115032	0.194356	360	
0.396349	0.408476	4879	
0.227443	-0.115973	6265	
-0.264520	0.032496	389	
-0.099017	0.293505	407	
-0.086102	0.333564	1192	
-0.283253	0.131478	1898	
-0.082041	-0.333201	2100	
0.366437	-0.032168	2930	
0.482256	-0.189841	3824	
-0.352758	-0.402710	2170	
-0.117391	0.437211	1956	
-0.315269	0.188497	5880	
-0.524816	0.226887	3978	
0.232067	-0.469452	1846	
0.370630	0.148265	1919	
0.013925	-0.325500	2174	
-0.070605	-0.277829	668	
0.130011	0.514238	6785	
0.554268	0.266863	3669	
-0.587404	0.333560	5568	
-0.532338	0.456019	5681	
0.553457	0.421027	4908	
0.661667	-0.292837	3775	
-0.613384	-0.428769	2412	
-0.078882	0.794406	1692	
0.560787	-0.557511	2711	
-0.816920	0.056571	5092	
0.814285	0.205559	4830	
-0.814103	-0.286975	4371	
0.872206	0.154933	4429	
-0.841030	-0.368188	3910	
0.801594	-0.479730	5920	
-0.774266	0.577586	384	
0.379048	-0.913734	2675	
0.201477	-0.576746	840	
0.113264	0.457578	289	
0.266180	0.330012	6732	
0.037343	-0.257202	6610	
-0.219498	0.164324	930	
-0.090717	0.310666	369	
-0.165140	0.272079	2784	
-0.309027	-0.083918	457	
0.145916	-0.322990	628	
0.387699	0.145396	2021	
0.382368	-0.350174	1472	
-0.401977	-0.358358	2768	
-0.418022	0.403381	3343	
-0.560381	0.025114	2895	
0.089107	-0.517022	2231	
0.473539	0.178478	3757	
0.230353	-0.253125	6506	
-0.180142	-0.242385	1561	
0.252483	0.113690	1050	
0.358642	0.478771	2031	
-0.639810	-0.063564	4211	
0.516166	-0.418810	3262	
-0.297828	-0.620750	5791	
-0.554865	0.462578	5706	
0.446569	0.607655	1064	
0.610882	-0.445758	2631	
-0.779343	-0.059272	3922	
0.744746	0.282887	2261	
-0.411922	-0.712794	3599	
0.210874	0.843901	4839	
-0.086398	-0.867154	3193	
0.505831	0.742280	5409	
-0.261952	-0.887330	559	
0.814223	0.482825	808	
-0.968235	0.072163	6688	
0.225864	0.327802	6356	
-0.618721	-0.086203	3979	
0.231370	0.201900	1631	
-0.164900	-0.206225	6764	
-0.189551	0.207817	424	
-0.114366	0.297793	1997	
-0.254534	0.174303	939	
-0.195960	-0.269490	1647	
0.291504	-0.211788	3226	
0.449730	0.182837	2163	
0.356072	-0.378059	1224	
-0.194526	-0.493079	1761	
-0.303686	-0.440386	1845	
0.161441	-0.497454	2610	
0.513771	0.092755	2764	
0.331121	-0.114096	2995	
-0.120770	-0.292247	2206	
-0.017016	-0.282495	596	
-0.221893	0.035049	3923	
0.529172	0.309362	3294	
0.248264	0.690766	932	
-0.396113	0.584856	2033	
0.651689	0.237044	4727	
0.413783	-0.591230	4101	
-0.690035	0.288902	2364	
0.480949	0.615425	5648	
-0.012991	-0.786039	4438	
-0.391448	0.720538	5181	
0.662559	-0.505074	5324	
-0.683297	0.518245	1475	
0.723767	-0.500964	3542	
-0.382346	0.816671	4256	
0.412619	-0.833798	6872	
-0.299447	0.914004	6837	
-0.169513	-0.968787	2734	
0.188029	0.218006	6154	
0.065084	-0.603342	873	
0.243639	0.092421	1267	
-0.245022	-0.107438	6247	
-0.176837	0.226319	320	
-0.160625	0.266097	2207	
-0.307083	0.046818	1603	
-0.066412	-0.334429	2100	
0.340930	-0.122279	3469	
0.442738	0.190052	3350	
0.437716	-0.280298	2140	
0.298499	-0.427008	6035	
0.368366	-0.369230	1227	
0.494341	0.142002	4306	
0.348304	-0.059265	2319	
-0.043878	-0.321776	2056	
-0.177230	-0.229070	6606	
0.384401	0.404983	4879	
-0.636259	-0.011818	5040	
-0.378856	-0.509795	1132	
0.648903	-0.152101	6261	
-0.258765	-0.637477	6074	
-0.507547	0.515880	4277	
0.563468	0.462537	502	
0.422077	-0.625221	5597	
-0.721895	0.300373	3248	
0.785322	-0.117929	2345	
-0.737615	-0.357932	4108	
0.645093	0.545371	1788	
-0.681042	-0.533412	2953	
0.836893	0.291920	5423	
-0.798442	-0.453562	3263	
0.821638	-0.444001	5272	
-0.775119	0.575546	384	
0.192443	0.126476	1266	
0.417619	-0.435914	3834	
0.255484	0.004298	6801	
-0.263841	-0.055819	3198	
-0.185265	0.221232	320	
-0.207738	0.223135	459	
-0.310886	-0.050618	332	
-0.008133	-0.343208	2644	
0.330528	-0.141983	3526	
0.396499	0.176026	1360	
0.505454	0.105006	2963	
0.505441	0.110635	1387	
0.395269	0.189530	4414	
0.336824	-0.105203	3469	
-0.022317	-0.327685	2116	
-0.221725	-0.192455	6638	
0.265276	0.027908	6801	
0.574589	-0.214873	651	
0.135301	0.683164	929	
-0.539329	-0.387152	2865	
-0.644922	0.261118	5238	
0.545263	0.431592	5010	
0.559328	-0.456707	1572	
-0.700356	0.261309	5431	
0.509505	0.583890	429	
-0.166467	-0.766869	3038	
-0.114246	0.818349	1908	
0.426525	-0.712294	3307	
-0.361657	0.778153	4811	
0.364020	-0.795557	5487	
0.119844	0.896746	674	
0.019696	-0.926969	6713	
0.567885	0.765490	708	
-0.966801	-0.103858	1264	
0.693989	-0.709010	2766	
0.215310	0.045061	3632	
0.536499	-0.274176	647	
0.255262	-0.016499	2850	
-0.264065	-0.059515	3198	
-0.204595	0.201604	424	
-0.239067	0.184287	563	
-0.304272	-0.081888	552	
-0.046257	-0.335739	2533	
0.255971	-0.245259	1800	
0.363763	-0.009074	2472	
0.369806	0.081161	1993	
0.358847	-0.020382	5276	
0.250173	-0.242935	1800	
-0.084730	-0.313436	1950	
-0.238825	-0.174350	6640	
0.181191	-0.206275	6518	
0.015152	-0.612163	853	
0.489465	0.363933	3001	
0.536492	0.330562	4105	
0.187820	0.725773	5187	
0.432128	-0.536173	4893	
-0.712728	0.070952	1279	
0.278323	0.740930	5600	
0.584591	-0.478012	2117	
-0.764767	0.159794	4374	
0.789745	-0.081205	2317	
-0.750362	-0.329122	3819	
0.733765	0.410954	4473	
-0.799231	-0.323770	3213	
0.881071	0.070124	2169	
-0.892156	0.173729	4832	
0.699849	-0.615990	6469	
-0.591824	0.759903	625	
0.082100	-0.981423	6029	
0.219685	-0.007882	318	
0.558270	-0.226085	524	
0.255937	-0.011228	2850	
-0.255901	-0.090364	6652	
-0.230488	0.166776	6766	
-0.251822	0.160265	761	
-0.307425	-0.042934	332	
-0.161949	-0.286608	2155	
0.084126	-0.334228	4230	
0.203007	-0.284684	2377	
0.189216	-0.291676	2377	
0.022893	-0.334454	2794	
-0.196168	-0.246921	1664	
-0.246700	-0.155576	6640	
0.151921	-0.229872	5923	
0.006734	-0.224468	1211	
0.582810	0.204663	2915	
0.340631	-0.531878	3723	
0.664858	0.046461	5292	
-0.426822	-0.538868	3084	
-0.198563	0.708535	5379	
0.722707	0.042923	1099	
-0.586450	-0.462431	3492	
0.161157	0.794358	6423	
0.155258	-0.771178	3417	
-0.350794	0.741054	5018	
0.530700	-0.638993	4776	
-0.395296	0.760817	4571	
0.335580	-0.807207	2494	
0.216085	0.878948	338	
-0.144147	-0.913717	4461	
0.879412	0.337278	453	
-0.949369	0.189788	6191	
0.624419	-0.768938	6031	
0.218392	-0.026135	331	
0.520392	-0.303665	698	
0.255563	0.033046	6211	
-0.230982	-0.143690	438	
-0.259071	0.108797	6212	
-0.258025	0.140865	6895	
-0.303998	0.013366	334	
-0.272023	-0.159868	2145	
-0.180993	-0.269723	1891	
-0.152319	-0.287616	1701	
-0.217101	-0.229967	2220	
-0.266487	-0.147382	2221	
-0.231896	-0.169449	6640	
0.249068	-0.098941	523	
0.223684	-0.006173	318	
0.587426	0.192329	4380	
-0.121403	-0.620755	844	
0.338272	-0.568809	6413	
-0.656522	-0.211001	1153	
0.435578	0.573722	5451	
0.517507	-0.502256	768	
-0.572814	0.482950	1089	
0.726770	0.221143	1357	
-0.616188	-0.482266	5021	
0.714630	0.350531	623	
-0.558343	-0.601571	5285	
0.547609	0.650182	550	
-0.704864	-0.498795	2576	
0.868077	0.168130	4756	
-0.895190	0.154176	4223	
0.692162	-0.623925	6753	
-0.545611	0.792768	1583	
-0.009151	-0.983621	2760	
0.220438	0.007427	1020	
0.362445	-0.482957	3715	
0.244792	0.108090	1050	
-0.152496	-0.224987	5879	
-0.277278	0.000865	4262	
-0.269980	0.095440	2110	
-0.289848	0.057828	1693	
-0.300976	-0.020148	6516	
-0.295801	-0.064254	632	
-0.290538	-0.069791	632	
-0.271937	-0.098053	6222	
-0.118097	-0.254771	1094	
0.260874	0.279692	1352	
0.269115	0.645910	5875	
0.546837	0.280334	3669	
-0.131865	-0.618481	1872	
0.178935	-0.636226	2755	
-0.691253	0.027477	4012	
0.602461	0.341548	4884	
-0.302181	-0.648257	1075	
-0.050991	0.767971	399	
0.632631	-0.412240	2704	
-0.729987	0.276866	3248	
0.721955	-0.324368	3768	
-0.805822	0.132689	4603	
0.810967	-0.199355	4902	
-0.733312	0.442655	2539	
0.598035	-0.640427	3330	
-0.031207	0.901748	5012	
0.013160	-0.926052	3771	
0.821831	0.462952	5601	
-0.954939	0.157707	6566	
0.204319	0.093787	2306	
-0.080354	-0.603009	801	
0.242393	0.232574	2111	
0.059537	-0.261231	2067	
-0.228034	-0.155016	438	
-0.276382	-0.042146	3795	
-0.283562	-0.011077	4262	
-0.281711	-0.040994	3795	
-0.262309	-0.107865	6444	
-0.150368	-0.236227	401	
0.244139	-0.108386	6318	
-0.068505	-0.603602	707	
0.585974	0.168108	4167	
0.420586	0.440728	2957	
0.308379	-0.550530	6049	
0.293235	-0.592434	2706	
-0.690326	0.045382	4085	
0.679364	0.131382	4024	
-0.671552	-0.241401	1176	
0.318494	0.722094	923	
0.268723	-0.702544	1913	
-0.253522	0.747792	1439	
0.304584	-0.725472	2525	
-0.314140	0.757414	1559	
0.329989	-0.759354	3377	
-0.124653	0.851642	5133	
-0.135069	-0.858494	3167	
0.715517	0.525666	5071	
-0.772338	-0.494283	2938	
0.821936	-0.441663	5272	
-0.677488	0.684641	594	
0.117436	-0.977159	2765	
0.193302	0.230510	6154	
-0.606104	0.177752	6112	
0.325927	0.414300	1344	
0.259828	-0.005692	3313	
0.069991	-0.260701	6690	
-0.078789	-0.263098	481	
-0.074983	-0.264926	481	
0.075622	-0.262165	6690	
0.253848	0.084131	6899	
0.573122	-0.181239	704	
0.293902	0.634774	5685	
-0.240269	-0.575385	3740	
-0.009308	0.682590	1551	
0.518353	0.354785	2023	
0.621947	-0.231630	2740	
-0.675016	-0.141445	3840	
0.654765	0.223113	4159	
-0.691044	-0.178169	1839	
0.485310	0.557994	636	
-0.167168	-0.729271	1168	
0.075920	0.801276	4354	
-0.122208	-0.773935	3752	
0.378113	0.740953	5167	
-0.370344	-0.732870	3326	
0.495777	0.695870	5381	
-0.758154	-0.409831	2436	
0.881784	-0.027771	3647	
-0.614289	0.658468	4297	
0.450285	-0.812599	3735	
0.158429	0.944065	437	
-0.959231	-0.147688	667	
0.743225	-0.655603	2678	
0.274788	0.431321	6288	
0.049226	0.342279	6864	
0.451409	-0.399223	4082	
0.358938	0.419196	2026	
0.285181	0.351071	6723	
0.297098	0.372483	6712	
0.569307	0.176515	4885	
0.008848	0.664530	833	
0.200629	0.665521	6304	
-0.625170	-0.104332	3979	
0.386351	0.479648	1842	
-0.398264	-0.493207	5657	
-0.601045	-0.283400	3455	
0.411030	0.564299	965	
-0.493260	-0.478193	4497	
0.496328	0.493414	5104	
-0.609657	-0.369552	1355	
0.447894	0.603121	504	
-0.290197	-0.688522	1725	
0.194481	0.787972	6077	
-0.283685	-0.729627	2512	
0.668134	0.433435	793	
-0.642783	-0.507731	1689	
0.777539	0.312869	1629	
-0.843280	0.154485	3535	
0.693574	-0.536619	5521	
-0.048261	0.900232	5214	
-0.119591	-0.916097	4407	
0.935456	-0.005613	5355	
-0.891479	0.370700	1116	
0.413924	-0.895398	6426	
0.004027	-0.612647	866	
0.067941	-0.212988	817	
-0.063236	0.229316	315	
-0.031125	0.247931	626	
-0.084172	-0.207121	811	
0.293900	0.634774	5685	
0.533909	0.282710	3362	
-0.401386	-0.480042	1423	
0.381321	0.486364	1721	
-0.636558	0.105749	1411	
0.466031	0.421092	837	
0.333043	-0.570003	6413	
-0.544265	0.438164	5429	
0.101348	-0.678677	3947	
0.113873	0.749326	5264	
-0.062363	-0.711912	1203	
0.102412	0.773702	1435	
-0.066371	-0.745296	2767	
0.143408	0.796053	5203	
-0.324415	-0.712266	2540	
0.735195	0.300336	3935	
-0.745427	-0.336435	3819	
0.835146	-0.017167	1534	
-0.674020	0.525883	1475	
0.386367	-0.782935	5747	
0.483905	0.755096	1907	
-0.612252	-0.684686	5970	
0.853732	-0.376554	4604	
-0.669275	0.691570	355	
-0.066709	-0.980009	920	
0.871586	-0.475677	6020	
0.293892	0.634779	5685	
0.269115	0.645910	5875	
0.269115	0.645910	5875	
0.499243	0.333303	2149	
-0.482870	0.434740	1682	
0.469078	0.388102	5782	
0.349595	0.562093	6603	
-0.642849	0.018876	4874	
0.613286	0.148513	4539	
-0.177151	-0.634981	1874	
0.207586	0.721267	5881	
-0.576058	-0.374760	4801	
0.673659	-0.145344	6517	
-0.577573	0.429069	1123	
0.688387	-0.217583	2430	
-0.299758	0.694640	2978	
0.427566	-0.618440	5834	
-0.072687	0.792728	3236	
-0.208373	-0.754373	2601	
0.721241	0.332521	2622	
-0.768348	-0.277815	4624	
0.816533	-0.168697	5075	
-0.547432	0.656566	1108	
0.114976	-0.862825	2966	
0.686664	0.562750	5160	
-0.907429	-0.035479	3335	
0.693941	-0.619923	6753	
-0.256881	0.923898	1154	
-0.930540	-0.277530	607	
0.777462	-0.614075	406	
0.269115	0.645910	5875	
0.423789	0.415819	5022	
-0.509402	0.400619	5291	
0.392600	0.471813	1842	
0.229191	0.677730	1589	
-0.596843	-0.226714	2454	
0.591838	0.214348	3897	
-0.163938	-0.638218	1874	
0.443112	0.513571	782	
-0.682661	-0.094405	4042	
0.285559	-0.623262	2254	
0.099564	0.749604	1252	
-0.605357	-0.374932	1355	
0.628099	0.358558	653	
-0.716687	0.202146	2065	
0.729617	-0.195763	1707	
-0.441757	0.646641	4620	
0.024942	-0.783034	3290	
0.609288	0.516075	1428	
-0.712921	-0.400489	4209	
0.823461	-0.130546	4182	
-0.523398	0.675771	6109	
-0.017112	-0.868561	4397	
0.766987	0.442276	4625	
-0.831915	0.350700	4405	
0.533984	-0.759950	6311	
0.511688	0.800229	6556	
-0.965338	0.057700	925	
0.609519	-0.777474	6000	
0.399691	0.438355	3884	
-0.569600	-0.268076	5410	
0.351019	0.554924	6603	
-0.607372	0.226945	3468	
0.624447	-0.089382	5885	
-0.140835	-0.643392	4674	
0.480090	0.464294	1196	
-0.689266	-0.023903	5415	
0.147947	-0.668948	3858	
0.418469	0.595710	5444	
-0.709489	0.082181	2333	
0.716046	-0.092908	4310	
-0.191249	0.736536	5677	
-0.336592	-0.664668	2401	
0.602513	0.465623	1333	
-0.778157	0.025099	2572	
0.482005	-0.621162	2511	
0.159033	0.819265	6856	
-0.547125	-0.609189	5554	
0.830915	0.082534	4819	
-0.598745	0.609210	4741	
0.015522	-0.868626	3993	
0.788626	0.400221	4378	
-0.747235	0.502430	3467	
0.406727	-0.833649	6872	
0.869633	0.350158	5318	
-0.938011	0.229655	1490	
0.443469	-0.880177	5992	
0.338415	0.508774	6210	
0.349756	0.561326	6603	
-0.516740	-0.369833	5814	
-0.070824	0.689063	1700	
0.659051	0.066474	5399	
-0.688364	0.051882	1278	
0.037912	-0.683033	3973	
0.484415	0.505918	5201	
-0.680482	0.220567	5298	
0.439247	-0.566229	640	
0.322405	0.718310	923	
-0.738646	-0.080469	3390	
0.730490	-0.190412	1707	
-0.244663	0.749262	5829	
-0.430531	-0.651413	2819	
0.786324	-0.086008	2317	
-0.531545	0.617339	6160	
-0.186457	-0.799013	5038	
0.705381	0.453568	2543	
-0.747467	0.413511	1636	
0.212259	-0.844120	1671	
0.733462	0.496316	5062	
-0.765805	0.473538	3361	
0.383216	-0.844181	5694	
0.908733	0.223740	4515	
-0.910732	0.318340	5785	
0.325841	-0.928679	829	
-0.114391	-0.610464	844	
-0.580877	-0.261445	5744	
-0.093465	-0.651386	937	
-0.344228	0.616148	1452	
-0.135992	-0.670266	3033	
0.576801	0.377516	4794	
-0.675636	0.234410	1041	
0.366856	-0.614450	6439	
0.394745	0.662327	598	
-0.729142	0.144353	2358	
0.581495	-0.476440	2117	
0.179989	0.789748	585	
-0.764242	-0.145075	5172	
0.408624	-0.670222	5494	
0.562093	0.571013	1434	
-0.799204	-0.160420	1337	
0.527386	-0.637091	4776	
0.251233	0.830261	2524	
-0.855642	-0.036556	1983	
0.515803	-0.703825	3974	
0.593647	0.663255	5011	
-0.863553	0.262454	3683	
0.466417	-0.801698	3763	
0.899431	0.258700	4847	
-0.906957	0.327926	694	
0.928821	-0.350483	900	
0.331446	0.607291	982	
-0.611702	0.213721	3051	
0.116255	-0.646677	2826	
-0.660771	-0.188897	1311	
0.686628	-0.044143	3986	
-0.613405	0.370712	1136	
0.392055	-0.598192	3497	
0.300988	0.728804	1255	
-0.739075	0.071899	1827	
0.565530	-0.494427	2294	
0.317095	0.746064	1178	
-0.774583	0.069653	2650	
0.120825	-0.773389	3370	
0.755699	0.237569	2225	
-0.605966	0.542406	3563	
-0.299081	-0.762462	4299	
0.830387	0.073867	4819	
-0.418198	0.745120	5260	
-0.613220	-0.604681	5126	
0.801841	-0.354686	3807	
0.287207	0.855340	5645	
-0.887698	-0.188957	3970	
0.636429	-0.676315	6263	
0.834206	0.427530	6240	
-0.929836	0.257218	317	
0.298834	-0.936933	6596	
0.933911	-0.336064	2761	
-0.146926	0.658101	2099	
-0.609282	0.221178	3051	
0.620751	-0.106480	996	
0.603449	0.268976	4878	
-0.012734	-0.683194	5041	
-0.245247	0.688435	1619	
0.191485	-0.686962	1646	
0.193479	0.761789	6077	
-0.726009	-0.151136	3459	
0.696253	-0.286212	3515	
0.066539	0.799970	4413	
-0.774856	-0.060587	3922	
0.145895	-0.768840	3370	
0.779971	0.131230	2719	
-0.355760	0.734492	5018	
-0.554653	-0.600524	5285	
0.710078	-0.427731	4675	
0.199979	0.843081	4839	
-0.839485	0.159715	3535	
0.151033	-0.855412	2505	
0.844772	0.252439	3171	
-0.324938	0.837048	5231	
-0.438595	-0.806211	3870	
0.810155	-0.457764	5944	
0.378565	0.871776	6890	
-0.960504	0.098053	6799	
0.421703	-0.889200	6025	
0.950478	-0.286157	6262	
-0.169737	0.693222	5223	
-0.688744	-0.008809	5415	
0.079315	-0.678543	4750	
-0.093434	0.733388	5173	
-0.179569	-0.686759	3007	
0.113911	0.770900	1435	
-0.647015	-0.361971	2482	
0.753517	0.035392	553	
-0.343088	0.704955	4774	
-0.673306	-0.388901	3241	
0.383252	-0.683499	5793	
0.712839	0.345837	623	
-0.465560	0.667476	4338	
-0.561305	-0.593596	5285	
0.625132	-0.541337	4332	
0.507305	0.681944	5113	
-0.704126	0.481049	1555	
-0.453619	-0.732718	5865	
0.797178	-0.362536	3807	
0.449596	0.775841	1174	
-0.794394	0.421317	4263	
0.171582	-0.907730	4404	
0.924862	-0.121424	5779	
-0.447449	0.847167	299	
-0.955871	-0.145699	4005	
0.591928	-0.788015	2769	
-0.589476	-0.395403	1463	
0.120755	-0.700958	1543	
0.563078	0.454999	502	
-0.599999	0.441683	5189	
0.014010	-0.744019	2863	
0.544623	0.535622	468	
-0.692737	0.350751	3247	
-0.190341	-0.756018	2601	
0.734978	-0.281773	2805	
0.440112	0.690366	5465	
-0.775572	0.239700	3746	
-0.292791	-0.763671	4299	
0.757408	-0.337136	4283	
0.413686	0.753185	5511	
-0.700188	0.486076	1427	
-0.591774	-0.623766	2523	
0.665061	-0.565235	5584	
0.702629	0.537390	5219	
-0.457511	0.771644	5526	
-0.545181	-0.735461	3673	
0.724959	-0.580593	5929	
0.881887	0.310947	6677	
-0.851538	0.447937	6343	
-0.819076	-0.521421	587	
0.785423	-0.599255	342	
0.694587	-0.286712	3515	
0.719753	0.225174	616	
-0.001078	0.797749	736	
-0.729728	0.263308	3229	
-0.311907	-0.712781	2913	
0.670145	-0.409977	4678	
0.571647	0.557398	1865	
-0.597067	0.549320	3563	
-0.583747	-0.569635	5179	
0.334637	-0.751128	5193	
0.796971	0.242507	4861	
-0.175161	0.838282	4922	
-0.820525	0.232492	3930	
-0.403844	-0.760570	4501	
0.713404	-0.503339	3160	
0.723164	0.507619	5071	
-0.303125	0.843994	4820	
-0.871234	-0.247997	3232	
0.440001	-0.814171	3319	
0.932413	-0.024363	4080	
-0.216682	0.930080	293	
-0.965248	-0.001611	576	
0.273659	-0.943368	2735	
0.932070	-0.335897	2761	
0.728186	-0.296095	3297	
0.787263	0.034509	2233	
0.562879	0.566802	1327	
-0.248890	0.777602	5344	
-0.809027	0.056500	5092	
-0.328349	-0.747781	4151	
0.517641	-0.640543	4206	
0.789005	0.266009	5163	
-0.033504	0.858330	6138	
-0.753475	0.397195	1636	
-0.720739	-0.463694	1947	
0.229501	-0.836229	2517	
0.865228	-0.138971	1513	
0.533190	0.713512	6134	
-0.468744	0.763784	4334	
-0.860416	-0.282504	3914	
0.370403	-0.846777	3850	
0.918578	-0.155272	3134	
0.530582	0.780674	6784	
-0.925243	0.267259	317	
-0.792922	-0.559582	6309	
0.756020	-0.633668	6321	
0.986984	-0.107380	6013	
0.384896	-0.725083	3938	
0.652334	-0.504004	5037	
0.828306	-0.045182	5150	
0.686052	0.475936	2446	
0.040515	0.859270	1018	
-0.630889	0.570834	5576	
-0.852166	0.026153	5655	
-0.535026	-0.671191	2775	
0.345364	-0.795754	5538	
0.854826	-0.187514	5341	
0.664818	0.583090	5235	
-0.070900	0.894166	4733	
-0.773260	0.454876	3314	
-0.462258	-0.789018	5976	
0.584331	-0.718212	6260	
0.930561	-0.049223	4107	
0.608942	0.716274	1021	
-0.902327	0.333610	694	
-0.886415	-0.387807	6171	
0.604597	-0.776517	6000	
-0.686870	-0.510147	5270	
-0.569044	-0.640892	5586	
-0.285521	-0.810762	1779	
0.144132	-0.852040	2156	
0.651708	-0.576258	3893	
0.868642	-0.104665	5551	
0.730067	0.494349	4975	
0.247298	0.865454	5536	
-0.408145	0.796379	4695	
-0.831269	0.337935	3269	
-0.631820	-0.655112	4412	
0.398319	-0.832873	5694	
0.883723	-0.288857	5349	
0.891609	0.276074	5692	
-0.032250	0.949846	6446	
-0.947784	0.169560	6503	
-0.853715	-0.455764	609	
0.590363	-0.786718	2769	
-0.067332	0.892996	4733	
-0.151542	0.881887	5449	
-0.344174	0.824869	5195	
-0.603751	0.659751	4297	
-0.798596	0.406740	3291	
-0.898132	-0.046527	3335	
-0.576884	-0.703283	3176	
0.241494	-0.888637	4300	
0.725886	-0.575585	5929	
0.924984	-0.099915	6572	
0.868671	0.341528	5614	
0.265887	0.908790	5943	
-0.888774	0.364732	1116	
-0.945199	-0.194370	735	
-0.622329	-0.745907	6542	
0.743047	-0.646194	6581	
0.978337	-0.154934	6325	
0.766480	-0.518664	4505	
0.797441	-0.471059	6218	
0.860934	-0.345478	4509	
0.915883	-0.156000	3134	
0.928918	0.052908	6306	
0.885998	0.290361	5692	
0.777910	0.517344	5517	
0.383937	0.861850	715	
-0.715115	0.635938	5947	
-0.959465	0.073879	6688	
-0.907243	-0.330003	6787	
-0.642340	-0.727017	386	
0.662053	-0.727048	6030	
0.938098	-0.310140	6153	
0.990863	0.050148	6022	
-0.933357	0.222867	491	
-0.943073	0.180143	6191	
-0.957851	0.077769	6688	
-0.960479	-0.056134	6781	
-0.939977	-0.211558	6044	
-0.880704	-0.394535	521	
-0.765299	-0.591145	1016	
-0.519292	-0.820018	288	
0.499836	-0.844569	826	
0.869451	-0.463576	5987	
0.980715	-0.128661	6466	
0.913014	-0.367863	1214	
0.913197	-0.367885	1214	
0.929337	-0.326869	2761	
0.979328	-0.127373	6466	
0.989103	0.022295	2815	
