time = 294.95	Re = 90
0.892445	0.434509	2761	
0.865634	0.485603	2677	
0.803314	0.583111	6325	
0.688119	0.715543	2815	
0.507902	0.853192	6626	
0.269396	0.955903	6415	
0.935999	-0.279979	6428	
0.960421	-0.181382	5983	
0.976806	0.052599	6581	
0.901247	0.382698	1214	
0.582324	0.789324	6691	
-0.106999	0.977377	1688	
-0.927329	0.335285	2663	
-0.145981	-0.979066	2834	
0.977186	0.171460	6726	
0.681444	0.721748	5999	
0.189454	0.974897	1060	
-0.204171	0.914597	4317	
-0.276925	0.896430	6342	
-0.418050	0.841128	5931	
-0.615452	0.707750	5130	
-0.811218	0.467165	6144	
-0.912090	0.206741	4566	
-0.852093	-0.385213	497	
-0.966379	0.030223	355	
0.604007	-0.762678	6124	
0.912798	0.352531	1054	
-0.234938	0.954866	6694	
-0.528297	-0.835867	720	
0.857197	0.499986	6734	
0.260390	0.958227	6376	
-0.283169	0.952538	6176	
-0.668836	0.602564	5084	
-0.749917	0.495089	4925	
-0.879196	0.172658	4636	
-0.697934	-0.561122	3561	
0.904872	-0.052879	3958	
-0.319588	-0.872675	3610	
0.846991	-0.387851	6745	
0.747187	0.558426	5779	
-0.009830	0.934525	6310	
-0.707755	0.613993	6422	
-0.934827	0.008653	6226	
-0.945814	0.198273	6465	
0.950163	-0.222411	548	
-0.002234	0.982123	6473	
-0.209523	-0.967000	6600	
0.644697	0.754649	6033	
-0.141477	0.983368	6136	
-0.427070	0.787165	5536	
-0.637077	0.623451	1775	
-0.871773	0.155902	4031	
-0.777281	-0.422487	3913	
-0.418406	-0.779425	3181	
0.214581	-0.858886	4164	
0.820903	-0.335324	2795	
0.695773	0.551581	5889	
-0.453972	0.781651	284	
-0.395547	-0.803479	3514	
0.461631	-0.807627	4331	
0.640784	0.677656	6721	
-0.528272	0.775864	5246	
-0.934810	0.000617	6226	
-0.731019	-0.634271	925	
0.848393	0.487494	6734	
-0.985703	0.027197	6180	
0.760578	0.637392	2685	
-0.662912	-0.534091	5020	
-0.602802	-0.600809	5414	
-0.421228	-0.739162	1677	
0.118998	-0.842596	1158	
0.828974	-0.202597	2724	
0.485379	0.704778	4403	
-0.863082	-0.076791	1716	
0.850939	-0.194426	2993	
0.007468	0.880075	5268	
-0.528374	-0.708977	3277	
0.759935	-0.456666	3087	
0.423870	0.780462	3171	
-0.886129	-0.124779	3499	
0.487019	-0.792439	4449	
0.273392	0.892219	5371	
-0.868679	0.347322	5748	
0.836955	0.466272	5796	
0.954029	0.210762	377	
-0.982751	0.077383	2810	
0.647841	0.751753	6033	
-0.321732	0.940209	5589	
0.801059	0.209296	4978	
0.673468	0.483866	4182	
0.052752	0.832577	1762	
-0.776161	0.334929	3871	
-0.577056	-0.610626	4138	
0.652559	-0.531869	4772	
0.558818	0.632753	5162	
-0.678367	0.529863	5154	
-0.618490	-0.584403	5711	
0.806450	-0.277449	5775	
-0.831891	0.247389	5403	
0.753922	0.443224	1654	
-0.689557	-0.553484	3402	
0.841567	-0.278965	5804	
-0.332068	0.839714	5418	
0.268376	0.875936	4629	
0.611878	0.703654	4145	
-0.839099	0.414254	6854	
0.278357	0.920125	6252	
0.790182	0.577124	6325	
-0.458767	-0.875611	6513	
0.274660	0.954060	6415	
-0.571415	0.813080	1687	
0.768797	-0.201653	5494	
0.793705	0.043991	2567	
0.502735	0.618041	3293	
-0.449057	0.704695	6919	
-0.580486	-0.563266	3796	
0.802562	-0.119831	4050	
-0.098484	0.821243	6771	
-0.761469	-0.311684	3055	
0.717783	0.413149	4902	
-0.410414	-0.732662	1959	
0.565708	0.626242	5220	
-0.843759	-0.116400	1475	
0.726912	-0.444586	1671	
-0.774730	-0.386820	2599	
-0.117348	0.875985	6134	
0.374525	-0.801537	2981	
0.068510	0.887852	5612	
0.753947	0.508144	3099	
0.406045	0.839758	6677	
-0.929667	0.098286	6905	
-0.183726	-0.951594	1470	
-0.209550	0.959741	1518	
0.855772	0.501921	6464	
-0.357802	0.927104	6406	
-0.480367	0.660346	5372	
-0.627308	0.504697	1692	
-0.788548	0.073028	5892	
-0.045565	-0.783673	5383	
0.580212	-0.527181	3290	
0.651158	0.440107	1083	
-0.561320	0.596000	4998	
0.128731	-0.784874	3203	
0.666528	0.434960	2955	
-0.245993	-0.769565	3820	
-0.446327	0.719875	6852	
0.216420	-0.792527	3690	
-0.337301	-0.768934	2977	
-0.150175	0.844462	5381	
-0.297470	-0.796691	4245	
-0.695961	0.524976	5382	
0.120053	0.868777	5100	
0.481448	-0.742435	3182	
-0.438364	0.790062	5536	
0.130058	-0.920177	3673	
-0.375767	0.860477	6527	
-0.792306	-0.495869	6199	
0.904748	0.369053	1214	
-0.178906	-0.972702	6561	
-0.026513	0.992700	6786	
-0.511430	-0.570478	3745	
-0.325971	-0.692358	3131	
0.175787	-0.743824	3218	
0.723692	-0.245385	3208	
0.397959	0.652426	2040	
-0.715252	0.330032	1609	
-0.548069	-0.546279	2592	
0.634137	0.445194	2345	
-0.779737	-0.120317	3367	
0.784234	-0.002662	675	
-0.735032	-0.309643	3885	
0.779997	-0.150128	499	
0.114276	-0.799638	3577	
-0.804473	-0.174702	1660	
-0.784365	0.312053	4836	
0.382742	0.752146	5283	
-0.303682	-0.794279	3883	
-0.859377	0.108595	6109	
-0.698722	0.548864	5101	
0.885817	-0.032137	3697	
-0.857225	-0.255471	3306	
0.699116	0.616889	4107	
-0.933553	0.046663	6334	
0.586873	-0.773342	6124	
-0.950330	0.258252	6032	
0.288772	0.949689	6219	
0.598696	0.412360	1431	
0.498529	0.528620	1099	
0.198902	0.698302	734	
-0.513451	0.581055	1764	
-0.667637	-0.321904	4991	
-0.051966	-0.733143	1887	
0.667667	0.302493	1600	
0.402348	0.636764	2040	
0.563346	-0.515498	3290	
-0.664461	0.430993	5188	
0.218612	-0.740923	1738	
-0.790042	0.017835	2011	
0.557830	0.552803	2520	
0.306360	-0.733318	3628	
-0.755973	-0.286832	4825	
-0.824457	-0.005639	3622	
-0.836222	0.089958	1108	
-0.263864	0.824536	5884	
0.437404	-0.728869	2038	
0.809091	-0.324144	5538	
-0.041508	-0.883466	3363	
-0.274129	0.858084	1180	
0.647572	-0.667854	3771	
-0.782711	0.513573	293	
-0.962304	-0.085407	6354	
-0.403377	0.896049	6813	
0.473536	0.872101	2680	
-0.674290	0.729861	1704	
-0.693305	0.215599	4950	
-0.715282	0.095152	5821	
-0.688653	-0.188895	1070	
-0.197470	-0.676568	1368	
0.658390	-0.238829	2126	
0.264422	0.647360	4096	
-0.634573	0.411975	4941	
0.702225	0.186030	2951	
-0.521344	0.572438	1764	
0.051128	-0.732654	1659	
-0.497810	-0.558961	2497	
0.657763	-0.388081	2971	
-0.736192	-0.245077	3247	
0.021683	0.780024	1865	
0.783430	0.027568	2567	
0.280339	-0.743586	2540	
-0.275948	-0.759047	3943	
-0.611586	-0.548353	4875	
0.151852	-0.825921	5670	
-0.791179	-0.313326	2502	
-0.461892	0.746619	614	
-0.826355	0.318027	5007	
0.794331	0.395166	2916	
0.696682	0.582432	3603	
-0.458029	0.819563	5943	
-0.264620	-0.897249	6409	
0.004582	0.980822	6473	
0.554016	0.823178	6254	
-0.682112	0.722545	5915	
-0.561662	0.462943	4948	
-0.661542	0.272375	2015	
-0.685432	-0.146988	5373	
-0.322888	-0.610777	1153	
0.365605	-0.578920	2595	
0.236016	0.639517	1747	
-0.324637	-0.617346	1153	
-0.678998	0.262792	4552	
0.196073	-0.674193	1251	
-0.077881	0.716753	5451	
0.725903	0.020569	571	
-0.746821	0.004194	769	
0.730987	0.036995	2230	
-0.060188	-0.761705	3032	
-0.775972	-0.057268	2255	
-0.160596	0.785986	5454	
0.467673	0.630607	2719	
0.731036	-0.310784	3180	
0.428833	0.689177	4513	
0.167841	0.812877	1871	
-0.244796	0.828992	5854	
0.851444	-0.034681	3832	
0.346653	0.803008	3431	
0.885763	-0.030648	3697	
-0.277799	-0.850785	1783	
-0.169199	0.920775	5448	
-0.509813	-0.783349	3649	
0.105772	0.974667	4840	
0.528782	0.839635	2585	
-0.724846	0.679583	6484	
-0.585095	-0.278203	3051	
-0.020617	-0.632424	5562	
0.596839	-0.181528	6107	
-0.218792	-0.597521	5410	
0.656104	0.000329	3483	
0.281555	-0.610786	3403	
0.580356	-0.353994	3858	
-0.616972	0.372951	5077	
0.188547	-0.659605	1251	
0.013738	0.686802	5104	
-0.681098	0.256478	4552	
0.675783	-0.182381	6437	
-0.560611	-0.472842	1384	
-0.409702	0.670983	6820	
0.731198	-0.029291	3507	
0.424981	-0.633674	2662	
-0.494607	-0.593709	5522	
-0.536808	-0.573620	3781	
-0.598875	-0.524152	3074	
-0.694116	-0.412846	3826	
-0.263493	-0.777404	4108	
0.805108	0.248780	3888	
0.109914	-0.842955	1158	
0.848652	0.203960	3159	
0.769005	-0.439763	3087	
-0.713412	-0.539225	3555	
-0.093441	0.930401	6592	
-0.481785	-0.800929	6140	
-0.081433	0.977629	5950	
0.372961	0.919695	6385	
0.613527	-0.034885	3834	
0.444627	0.421874	4528	
-0.453182	0.502399	838	
-0.174921	0.670637	1343	
-0.431817	0.536940	1861	
-0.530463	-0.366955	1411	
0.621066	-0.052446	4025	
0.176504	-0.604682	4432	
0.655417	0.024489	532	
-0.444098	-0.526525	3818	
-0.696293	0.135972	2033	
0.641626	-0.233844	2096	
0.378594	0.581886	4024	
0.564152	-0.414853	4507	
-0.135764	-0.717077	4924	
-0.710364	-0.216536	2344	
-0.726895	-0.189548	5587	
0.127210	0.754682	354	
0.317532	0.705773	2261	
0.287952	0.730498	1477	
0.433355	0.666550	2625	
-0.801325	-0.186905	1660	
0.421895	-0.725713	5131	
-0.193162	-0.828039	1587	
0.828225	-0.270115	1877	
0.673253	-0.574610	3304	
-0.685611	-0.574083	3212	
-0.267727	0.898643	6342	
-0.123117	-0.927536	6562	
-0.550151	0.814111	6143	
0.112552	0.986302	1248	
-0.260640	0.173101	6184	
-0.237703	-0.117492	6461	
0.148146	0.216916	5874	
0.384252	0.456224	4710	
-0.219933	0.222543	1895	
0.162411	0.572558	2012	
-0.098331	0.594743	6181	
-0.218206	0.670641	6543	
-0.556079	0.383466	2099	
0.535225	-0.322218	4266	
0.623009	-0.001198	4621	
-0.060131	-0.671491	4351	
-0.414149	0.623496	5473	
0.646196	-0.220553	2096	
-0.578226	0.462029	5173	
0.545841	0.438529	3971	
0.564871	0.456668	4172	
0.347333	-0.645085	883	
0.372736	-0.665403	2343	
-0.054529	-0.769688	3404	
0.775740	-0.108148	2511	
0.741091	-0.285613	2771	
-0.643836	0.533054	2203	
-0.046631	-0.837936	1545	
-0.285304	-0.800749	4245	
0.848767	-0.196259	2993	
0.815442	-0.346134	2795	
-0.077060	-0.891879	3873	
-0.617773	0.705237	5130	
-0.891429	-0.373037	1116	
-0.984422	0.026620	6180	
-0.270753	0.955716	6176	
-0.452421	0.420167	4969	
-0.529939	0.331344	1755	
-0.616679	-0.004399	4729	
-0.526666	-0.297797	5608	
-0.376385	-0.472851	3573	
-0.560730	-0.256769	5679	
-0.346057	0.493728	6452	
0.059779	0.286959	4696	
0.125268	-0.209928	6912	
-0.121340	0.601711	6673	
-0.309829	0.645729	1589	
-0.103939	-0.625529	5814	
0.578538	-0.234043	864	
0.557389	-0.372739	3222	
-0.684694	-0.149180	5373	
-0.109964	0.705521	5471	
-0.373536	-0.599234	2259	
-0.724335	-0.140584	5261	
-0.451179	-0.583166	3988	
-0.513645	0.609140	1469	
-0.536304	-0.556395	3437	
0.592309	-0.512514	3301	
0.642679	-0.466818	4983	
-0.250459	0.803459	5358	
0.009529	-0.839130	1467	
-0.110729	-0.842943	4898	
0.796611	0.357567	4844	
0.875740	0.137497	3160	
0.209246	0.888827	5577	
-0.890269	0.286165	4680	
0.798613	-0.552354	5981	
0.142150	-0.978708	2730	
-0.643415	0.757099	6187	
0.266423	-0.479446	2244	
0.398010	-0.369843	2909	
0.535296	-0.054808	6080	
0.125672	0.429269	3637	
0.345611	0.062850	3226	
-0.262633	-0.181585	6278	
-0.457491	0.414467	4969	
-0.472155	-0.372622	4344	
-0.419468	-0.440257	4322	
-0.303161	0.410346	956	
-0.640994	0.044598	4273	
-0.262124	0.648779	5875	
-0.342502	0.617043	4723	
0.441558	-0.443808	2417	
0.380289	-0.498824	801	
0.677505	-0.040514	4149	
0.544829	-0.412443	3947	
-0.705456	0.162132	2234	
-0.370124	0.676491	6476	
-0.641103	0.409967	4941	
-0.153997	-0.730193	4232	
-0.700820	-0.330234	3229	
0.432110	-0.653122	3082	
0.666830	-0.431576	5103	
-0.719123	0.417670	5588	
0.582344	-0.604899	3816	
0.294901	-0.796835	3190	
0.090711	0.871742	5174	
0.635936	0.618208	2960	
0.852184	-0.373414	3658	
-0.894747	-0.269802	6395	
0.698542	0.683611	1312	
0.601478	0.788939	6495	
-0.842673	0.526322	6142	
0.295936	-0.267805	666	
-0.356529	-0.063565	3721	
-0.488774	-0.289741	4328	
0.507780	-0.085588	1298	
0.347414	0.169672	5602	
-0.355869	0.050402	6244	
0.438858	-0.317254	2822	
0.190415	0.317592	1993	
-0.278315	-0.156317	6279	
-0.614971	0.056038	4272	
-0.239001	-0.550971	1245	
-0.318826	0.453782	5161	
-0.237554	0.317848	2044	
-0.182834	0.657335	982	
-0.634164	0.203246	5668	
-0.540559	0.407737	1928	
0.587671	-0.322326	3174	
-0.214280	-0.655240	5191	
0.688525	-0.071504	4893	
0.306360	0.627984	4159	
-0.352844	0.706467	6522	
-0.396346	-0.632678	3459	
-0.673214	-0.382416	2894	
0.661602	-0.419215	3417	
0.782434	-0.134062	2655	
-0.726557	-0.384013	4089	
0.696092	0.475207	5083	
0.804786	0.282763	4111	
-0.872888	-0.134278	2368	
-0.641576	0.629873	2016	
0.393780	0.845071	6233	
-0.498350	-0.790401	3942	
-0.616228	0.765036	6071	
-0.154601	0.980927	6136	
-0.427396	0.257057	1491	
0.385823	-0.254460	3946	
0.310744	-0.385181	740	
0.418718	0.152167	2426	
0.148811	-0.372642	3589	
0.258425	0.368800	2602	
-0.557096	-0.147505	4018	
0.303068	0.241954	3380	
-0.591460	-0.040771	5050	
0.326309	0.422382	2264	
-0.172141	-0.274983	6620	
-0.606410	-0.081701	3315	
-0.302147	-0.522625	5846	
-0.067392	-0.253421	433	
-0.444984	-0.444753	4654	
-0.382687	0.581972	929	
0.599469	0.167278	518	
0.445475	0.480468	5303	
-0.631381	-0.296198	6096	
0.007946	-0.694203	4456	
0.454867	0.531410	3995	
-0.413769	0.667621	6820	
-0.022661	-0.745289	2983	
-0.407484	-0.655517	3808	
0.779217	0.079611	3085	
0.085140	0.793630	1708	
0.043078	-0.819399	5554	
-0.636823	0.580374	1766	
-0.839790	0.210637	3233	
0.335917	-0.817540	3398	
-0.611517	-0.651941	2817	
-0.761082	0.545171	6417	
0.378606	-0.892314	6628	
0.069968	-0.986158	6432	
-0.548444	-0.097528	3130	
-0.395345	0.005270	5759	
-0.097065	-0.397027	656	
0.173466	-0.396740	4221	
0.091884	-0.495587	1948	
0.382564	-0.248705	3946	
0.463492	-0.096914	934	
-0.333316	-0.161804	5962	
0.017656	-0.382340	6348	
0.232278	0.426388	1685	
-0.565134	-0.159029	5056	
0.156259	0.360664	1919	
-0.322888	0.225935	4188	
-0.171041	-0.566540	1216	
-0.510648	0.393082	1400	
-0.220942	0.173414	509	
0.147121	0.583823	2237	
0.372197	-0.504720	801	
0.598712	0.266391	2247	
-0.680895	-0.163668	5304	
0.066945	-0.690529	4290	
0.206144	0.667220	4884	
-0.722782	0.206761	2074	
-0.753976	0.176436	2902	
0.227279	-0.736384	2887	
-0.085770	0.795231	6574	
-0.352576	-0.724783	4719	
-0.457337	0.725480	6922	
-0.546737	-0.650367	2580	
0.849848	0.195473	3159	
0.795971	0.391267	3348	
0.686206	-0.627424	6716	
-0.847254	-0.394147	316	
0.368675	0.906442	6645	
0.158458	0.979780	1397	
-0.073457	-0.498345	4882	
-0.427365	-0.330636	2081	
-0.503567	0.232381	1362	
-0.398048	0.054639	3365	
-0.296112	-0.254447	5838	
0.037295	-0.417100	752	
0.306624	-0.349448	730	
0.157958	-0.387239	4150	
0.324516	-0.278738	3338	
-0.408796	0.264215	1162	
-0.483710	0.307946	2330	
0.386313	0.025553	4691	
0.502985	-0.194035	2075	
0.131132	-0.313798	2657	
-0.485644	-0.353638	4480	
-0.524625	-0.321520	4982	
-0.537101	-0.325801	6089	
0.181397	-0.594514	4432	
0.238395	-0.582184	3740	
0.555624	0.347976	5939	
-0.555293	-0.417562	1353	
0.629988	0.288831	4079	
-0.614652	0.412693	5001	
-0.239983	-0.695286	5241	
0.655101	-0.390297	2971	
-0.086096	0.785205	5648	
-0.251941	-0.753181	3820	
0.039130	0.814520	1652	
0.629636	-0.555414	3022	
0.812233	-0.252290	2025	
-0.874664	-0.119871	2440	
-0.830522	0.333980	5195	
-0.158233	0.922344	5448	
-0.659137	0.703517	6301	
-0.817140	-0.551662	6481	
-0.002850	-0.412538	638	
0.305647	-0.326077	983	
0.317279	-0.318711	983	
0.318015	-0.319851	983	
0.171304	-0.392298	4150	
0.133233	-0.404379	4720	
0.185778	-0.390168	3549	
0.272440	-0.352678	705	
0.016350	-0.510354	3320	
-0.388062	0.043331	3786	
-0.098847	-0.518995	2870	
0.277470	0.324160	4253	
0.496856	0.122595	1730	
-0.402928	-0.407288	2855	
0.345681	0.074397	3137	
-0.611542	-0.044071	4909	
-0.285846	-0.531935	5640	
0.428976	-0.425184	866	
0.481075	-0.386027	2934	
0.484638	-0.395329	2934	
0.258812	0.598776	4610	
0.024118	-0.686739	3789	
-0.697156	-0.157041	1136	
-0.216993	-0.696670	2482	
0.628598	-0.374750	1646	
-0.514198	0.618651	4354	
0.181835	-0.762170	2614	
0.775052	0.172439	4678	
-0.111630	-0.812620	1689	
-0.778641	0.354944	1924	
-0.685980	-0.525244	1962	
0.840292	-0.278327	5804	
-0.328569	0.863404	6256	
-0.912663	-0.200895	273	
0.591729	0.777905	6495	
0.193397	0.973390	1404	
0.298435	0.345010	3855	
0.315890	0.297059	5452	
0.306254	0.348006	3855	
0.470771	-0.124725	1040	
0.410608	-0.133341	4197	
0.427040	-0.219883	4488	
-0.349279	-0.140814	5736	
-0.391605	0.069950	4195	
0.170440	-0.469738	644	
-0.039942	-0.513683	2460	
0.339985	-0.283469	3338	
0.452402	0.011206	3952	
0.284781	-0.424838	1306	
0.261498	-0.457791	484	
-0.366613	0.248706	4362	
0.291109	0.200648	2959	
-0.614217	-0.005024	4729	
-0.279152	-0.535439	5640	
-0.359014	0.555465	1596	
-0.074269	0.592233	2031	
0.419808	0.458076	5042	
0.353395	0.568945	5128	
0.674232	-0.104105	4881	
0.066626	-0.699139	4290	
0.222077	0.690114	4821	
-0.210263	-0.715197	2482	
-0.042626	-0.769621	3404	
-0.123374	0.795196	6609	
0.309665	-0.744333	3628	
-0.574314	-0.609544	4138	
0.270689	-0.805155	3708	
-0.584755	0.670120	3025	
-0.653396	0.616733	2593	
-0.023884	0.933688	5096	
-0.143584	0.950840	1302	
-0.717790	-0.676222	6825	
-0.772395	0.624698	6793	
-0.343769	-0.444963	2053	
-0.345623	-0.443712	2574	
-0.578785	-0.081597	4204	
-0.220840	-0.286288	2384	
0.373381	-0.133433	2797	
0.467615	0.180520	3016	
-0.403484	0.267764	1162	
0.483505	0.005542	1121	
0.005606	-0.399447	906	
-0.156588	-0.504832	2262	
-0.124452	-0.375808	1294	
0.309001	-0.308329	3457	
-0.280216	-0.255877	4044	
-0.390233	0.191592	1945	
-0.194049	-0.512384	3030	
-0.361517	0.212683	1972	
0.313380	0.163585	2968	
-0.554729	-0.240110	5068	
-0.543805	-0.291807	5769	
-0.145618	-0.193520	6594	
-0.528509	0.425207	1889	
-0.379265	-0.515398	4069	
0.438442	0.517053	5399	
-0.645125	-0.278721	1151	
0.102001	0.691964	4908	
-0.279004	-0.680840	1326	
0.755779	-0.100413	519	
-0.764606	0.207786	4648	
0.705810	-0.364054	3139	
-0.564880	-0.595143	5364	
-0.394893	0.774057	2524	
-0.829034	-0.242527	1636	
0.833272	-0.298047	5747	
-0.835724	0.390836	5033	
-0.859426	-0.366762	6875	
0.253147	0.945215	6376	
-0.071178	0.990124	5950	
-0.344189	0.125288	1204	
-0.344662	0.087689	400	
-0.156721	-0.305432	2421	
0.067182	-0.346428	3920	
0.343946	0.137160	4136	
0.483225	0.204135	3824	
-0.464899	-0.330887	2560	
0.377510	-0.121630	2797	
0.368582	-0.357452	1903	
0.384101	0.290406	1853	
-0.407631	0.238951	1194	
-0.226935	-0.483163	3109	
0.395023	-0.237750	4415	
-0.288000	-0.246175	3445	
-0.402143	0.246442	1194	
0.173400	-0.502105	2058	
-0.475813	0.340941	1613	
0.319768	-0.143524	588	
-0.250749	-0.535066	5478	
-0.370029	0.512223	4803	
0.599120	0.103187	697	
-0.567410	-0.310619	6112	
0.649644	0.086527	3184	
-0.289140	-0.626573	5335	
-0.669270	-0.245281	1085	
0.722215	-0.071629	678	
0.381847	0.623750	419	
-0.434767	-0.637516	5172	
0.403192	0.672331	2583	
0.107101	-0.799099	3577	
-0.621808	-0.560816	4875	
0.384841	-0.757078	5359	
-0.819152	0.331715	5019	
-0.869897	0.206644	4334	
-0.525362	0.777290	5246	
0.045515	-0.966931	410	
0.668701	-0.729485	595	
-0.906533	0.406263	5965	
0.183184	0.502205	2873	
0.222318	0.494333	4799	
0.353069	0.426701	2836	
0.553826	0.031634	6133	
-0.089604	-0.561846	5569	
-0.546093	0.269032	5206	
0.032898	-0.349864	3709	
0.240383	0.291393	5240	
-0.414143	-0.387187	2895	
0.395896	0.051737	4158	
-0.379665	0.111470	5919	
0.380918	-0.195502	4083	
0.443568	-0.078332	4866	
-0.408902	0.232359	1194	
0.115396	-0.390908	4728	
0.377264	-0.333219	2419	
0.507020	-0.080732	1298	
0.084383	-0.545022	2450	
-0.299296	-0.117167	2208	
0.143824	-0.568179	4363	
0.203457	0.160948	3276	
-0.459405	-0.438441	4759	
0.573743	0.240812	524	
-0.584830	0.418851	4808	
0.339892	0.591134	5320	
0.614862	0.333489	4731	
-0.701878	-0.239933	5515	
0.665939	-0.370872	2532	
-0.752541	0.251438	4980	
0.753174	-0.251137	3194	
-0.348185	-0.742330	4624	
-0.830140	0.197014	3233	
0.019792	-0.865443	2523	
0.769308	0.441195	4650	
0.927377	-0.074069	6131	
-0.589712	-0.724533	4280	
-0.793324	0.579102	6504	
0.296963	-0.025247	1955	
0.298765	-0.005523	1640	
0.306269	0.027400	6350	
0.279148	0.144673	2205	
0.175005	0.279605	5439	
0.114325	0.501370	5091	
0.553875	-0.044666	6080	
-0.598471	0.092867	3482	
0.131379	-0.329835	2402	
0.503436	0.149302	2431	
-0.003411	-0.373411	6061	
0.302763	-0.420691	2311	
0.081783	-0.513055	1641	
0.461115	-0.075354	1011	
0.443862	-0.091780	4866	
0.439474	0.061430	5876	
0.314273	0.273730	5198	
0.379024	0.082135	5728	
0.465305	0.264772	2461	
-0.459631	0.403866	4969	
-0.172973	-0.575437	1208	
-0.193128	-0.145290	4339	
-0.638752	0.185467	5716	
0.122344	0.598847	2149	
-0.596130	-0.359008	2397	
-0.717461	-0.022603	5705	
0.712789	-0.137077	4101	
0.163528	0.713325	1066	
-0.150634	-0.755879	3299	
-0.338650	0.755406	5855	
0.786249	-0.181837	2643	
0.510408	-0.665416	1796	
0.762188	0.381929	1668	
0.075824	-0.880285	2587	
-0.393207	-0.802637	3514	
-0.934441	-0.007511	6819	
0.721479	0.657375	6329	
0.098773	0.987481	4840	
-0.009677	0.481031	1419	
-0.009674	0.486006	1419	
0.031923	0.376147	1782	
0.093256	0.300441	4751	
0.233914	0.173558	5398	
0.280984	0.097057	4700	
0.219331	0.228047	5367	
0.093566	0.497253	4585	
0.244496	-0.506225	2082	
-0.340414	0.002175	2422	
0.191592	0.347783	2083	
-0.365593	0.106002	6173	
0.411775	-0.302272	2043	
0.031017	-0.521361	3320	
0.456732	-0.114908	4203	
0.420877	-0.228208	4488	
0.347410	0.262826	4835	
-0.373136	0.059183	2598	
-0.358802	0.164807	3926	
0.332185	-0.117362	628	
-0.036463	-0.584324	1173	
-0.274543	0.319969	2122	
-0.270451	0.651970	6858	
0.621640	-0.044058	4320	
-0.489355	0.543684	1648	
-0.113296	0.706252	5471	
0.320083	0.620511	4573	
-0.112707	-0.726082	1815	
0.481760	0.592003	1137	
-0.224438	-0.750531	3241	
0.412026	0.678729	2063	
0.821114	0.033559	4185	
-0.318960	-0.787178	3883	
0.009445	0.877107	5268	
-0.510403	0.742624	4692	
-0.222307	0.909807	5088	
-0.620444	-0.740812	540	
0.484604	-0.862106	2673	
0.249630	0.005694	1167	
0.221907	-0.116503	6742	
-0.216881	-0.122622	415	
-0.289562	0.437515	1377	
0.577398	-0.135924	3397	
-0.001509	0.461418	2507	
0.166966	0.243288	4350	
0.267607	0.138631	2205	
0.084333	0.388333	2327	
0.554432	-0.053020	6080	
-0.371229	0.340010	5867	
0.196162	0.341692	2557	
-0.247385	-0.260191	1909	
-0.299687	-0.461141	2263	
0.313601	-0.280116	2947	
0.460192	-0.081831	1011	
-0.158405	-0.354249	4029	
0.182918	-0.483374	1563	
0.497670	0.113997	2167	
0.534136	0.047936	5816	
-0.389951	0.417957	3681	
0.021044	-0.594995	1149	
-0.236208	-0.053355	1164	
-0.657137	0.059436	3989	
0.012140	-0.632188	5620	
-0.084331	-0.682709	4531	
-0.382412	-0.593539	2259	
0.192083	0.699031	653	
0.740563	0.099760	2275	
0.713623	0.295784	2805	
0.029677	-0.792922	3145	
-0.748104	-0.339447	3112	
-0.412980	0.764197	4895	
-0.552102	-0.663790	2580	
0.780935	0.419935	5111	
0.930316	-0.004386	5776	
-0.476945	-0.803314	6482	
-0.963106	0.197311	6507	
-0.766664	0.631524	6486	
-0.149220	-0.163607	825	
-0.188279	-0.116401	813	
0.564909	0.220178	702	
-0.062420	-0.611312	5564	
-0.056351	0.537571	2054	
-0.219486	-0.118342	415	
0.589943	-0.046357	3547	
0.026764	0.389940	1440	
0.226249	0.189436	5398	
0.110523	0.342198	5123	
0.557454	-0.008026	2086	
-0.342049	0.197187	2838	
0.455686	0.262072	2461	
0.365953	-0.147817	3158	
-0.142791	-0.350122	561	
0.451826	0.120132	4712	
0.356332	-0.336388	739	
0.473054	-0.083269	934	
-0.238717	-0.279654	2384	
-0.355688	0.019506	6243	
0.319451	-0.147500	588	
0.053387	-0.580875	3837	
-0.052637	-0.254530	6730	
0.261186	-0.562783	4541	
-0.025427	0.609757	2957	
0.497862	0.460416	4377	
0.271210	-0.636727	3977	
0.017650	-0.708833	1656	
0.730069	-0.037791	4132	
-0.492691	-0.594198	5522	
0.133314	0.774089	6067	
0.684842	-0.425960	4917	
0.564743	-0.619954	3165	
0.591707	0.614205	1986	
0.400530	-0.787366	5623	
0.547982	-0.707478	4166	
-0.857712	-0.370639	6875	
0.061342	0.976844	6215	
-0.344743	0.931341	5878	
-0.188403	0.269582	936	
0.041445	-0.219162	831	
-0.480448	0.454720	1789	
0.040989	0.281314	2324	
-0.328059	0.529300	5857	
0.000487	0.462910	1732	
0.200931	0.217727	5628	
0.070997	0.415661	2092	
0.372942	-0.418595	3401	
0.109208	-0.336529	1918	
-0.076746	-0.543906	3302	
0.272458	0.403086	2076	
0.468551	0.117392	1445	
0.146878	-0.489216	2185	
0.449537	0.008064	3504	
0.476110	-0.135794	1002	
0.296324	0.404068	2213	
0.470821	0.254521	2458	
-0.602200	0.134509	2801	
-0.483020	-0.378757	4344	
0.179101	-0.131397	422	
-0.069979	-0.629651	2362	
-0.132433	0.684225	5770	
0.638065	0.240348	2165	
0.574934	0.398123	6166	
-0.197746	-0.708164	2482	
0.435196	0.626697	1127	
0.329799	-0.709880	2986	
-0.551116	0.616180	1028	
-0.409162	0.753742	4895	
0.303853	-0.792915	2246	
-0.855819	0.214570	5526	
-0.873623	-0.185052	3361	
-0.890560	0.284576	4680	
0.944132	0.234730	6300	
0.257318	0.958213	6376	
-0.435923	0.509453	4800	
-0.323607	0.591514	1199	
-0.007783	0.565397	4879	
-0.296490	0.457194	5393	
0.003312	0.452359	2507	
0.199138	0.224330	5628	
0.107147	0.507354	5091	
-0.602653	-0.007936	4729	
0.263081	0.263905	2472	
-0.307711	-0.176801	3675	
-0.485105	0.297445	3318	
0.386367	0.212353	2409	
-0.383304	0.010416	3741	
0.431522	0.022418	2300	
-0.296513	-0.467185	2263	
-0.222814	-0.517191	3100	
-0.323285	-0.034524	6168	
0.283610	-0.515632	3761	
-0.297293	0.505425	6269	
-0.652280	0.113036	5826	
-0.454419	0.514208	6421	
0.043356	-0.685444	3789	
-0.192892	-0.677161	1451	
-0.191181	0.749179	598	
-0.446179	-0.619097	5200	
-0.576680	0.564918	736	
0.786602	-0.105093	2903	
0.179103	-0.799671	5420	
-0.651839	-0.544760	5020	
0.459805	0.741735	3405	
-0.268355	0.858137	1180	
-0.256089	0.901381	1850	
-0.426878	-0.867154	680	
0.875043	-0.462880	6596	
-0.101566	-0.190149	4112	
-0.295181	0.569797	6388	
-0.025649	0.382812	6155	
0.249526	-0.546052	3536	
0.059235	0.346556	2522	
0.120650	0.324205	5183	
0.557337	-0.028189	2483	
-0.229983	-0.246121	281	
0.355087	-0.399290	6064	
0.309185	0.387761	2213	
0.466849	-0.147744	1010	
-0.411406	0.247992	1194	
-0.402882	0.230575	1194	
0.393952	-0.113362	4088	
0.185932	-0.325985	2917	
0.352762	-0.031645	2385	
0.129375	-0.567028	3729	
0.204595	-0.160122	6610	
0.093798	0.591066	1953	
-0.622516	0.241473	4760	
-0.566321	0.455144	4948	
-0.345799	0.687049	1299	
0.721390	0.077215	1572	
-0.715122	-0.220240	2344	
0.547836	-0.540510	2964	
-0.247079	-0.754120	3820	
-0.776988	-0.266871	2018	
-0.597706	0.621927	756	
-0.044919	-0.863603	2496	
0.592762	0.659078	2142	
0.629765	0.686146	6306	
0.083229	-0.931032	5966	
-0.608879	-0.775351	6709	
-0.257288	0.477833	6633	
-0.306307	0.533855	6540	
-0.053683	-0.245680	1169	
0.242429	0.526681	4199	
0.143359	0.271159	4578	
0.117083	0.511532	1309	
-0.574392	0.204319	3237	
0.169133	0.379954	1260	
0.361034	-0.157865	2612	
0.151064	-0.365505	3589	
0.472678	0.015454	3412	
-0.467893	-0.299388	2607	
0.479228	0.102406	1414	
0.238298	0.330877	2552	
0.151192	0.455088	5559	
-0.337352	-0.486382	3835	
-0.492701	0.419752	4889	
-0.240107	0.662332	5685	
0.569872	0.249832	524	
0.555031	-0.391058	4293	
-0.449013	-0.533719	3818	
-0.308358	-0.640455	1176	
0.711809	0.166929	1829	
-0.182686	-0.748545	3283	
-0.657562	0.473310	4713	
0.016137	0.816209	1754	
0.585470	0.604680	5337	
-0.710130	0.499183	5217	
0.884561	-0.019200	3964	
0.759597	-0.535337	4404	
-0.426541	-0.831170	4489	
-0.978371	0.095161	5993	
-0.868152	0.482532	6307	
0.169967	-0.146923	1211	
0.245902	0.540933	2289	
-0.526206	-0.333315	4984	
0.046775	0.366987	1910	
0.076162	0.387353	2327	
0.259255	-0.501373	2630	
0.329705	-0.152799	582	
-0.461673	0.339089	1613	
-0.296384	-0.463902	2263	
0.437289	0.026024	2300	
0.451034	0.046441	5909	
-0.517068	0.249384	4947	
0.508073	-0.063894	1625	
0.513229	0.151942	2431	
-0.523846	0.329612	1755	
-0.237028	-0.555856	1245	
0.137823	-0.173414	3966	
0.207509	-0.594292	3646	
0.631488	-0.218841	2096	
-0.279706	0.709625	5641	
-0.222761	0.731449	1341	
0.454797	-0.573230	1308	
-0.762247	-0.145990	3325	
0.519659	0.586045	2233	
0.564705	-0.574727	3822	
0.602053	-0.583524	3720	
0.343171	0.781097	1473	
0.674545	-0.571289	3304	
0.283089	0.860872	3373	
-0.614840	-0.703211	4143	
-0.690714	0.696874	5933	
-0.745181	0.656478	6487	
-0.427967	0.507337	6416	
-0.236531	0.189419	6531	
0.012409	0.519014	1876	
0.122742	0.309752	5336	
0.557254	-0.039486	6080	
-0.153156	-0.303365	6245	
-0.317041	-0.463720	2637	
0.483729	-0.154828	1002	
-0.407688	-0.372157	3235	
0.449796	0.046069	5909	
0.348503	-0.235675	2686	
0.100959	-0.523314	1845	
0.222968	-0.499023	2051	
-0.360297	0.369991	4529	
0.237662	-0.541021	3536	
0.201715	0.136356	639	
-0.365709	-0.524672	1258	
0.109950	0.640724	5512	
0.633938	0.250701	3151	
0.480050	0.507811	859	
0.100325	-0.726697	2526	
-0.230043	0.771693	1187	
0.761839	0.179731	4753	
-0.498804	-0.631789	3939	
-0.218387	-0.807782	3449	
0.847603	0.064582	2793	
0.305370	-0.828576	3713	
0.421184	-0.788803	5636	
-0.766229	-0.534448	5248	
-0.258918	0.944863	6287	
-0.613158	0.781142	1752	
-0.263003	0.475202	6633	
0.240959	-0.075764	6259	
0.376180	0.449783	3511	
0.104548	0.309055	5183	
0.501070	0.247306	3540	
-0.341835	0.222155	1971	
0.481933	-0.220281	2438	
0.309800	0.388145	2213	
0.484848	-0.056216	842	
0.470092	-0.003032	969	
0.431219	0.039314	2300	
-0.525337	-0.223600	5396	
-0.582329	-0.084891	4204	
-0.330696	0.053662	6898	
0.377430	-0.449171	4032	
-0.246313	0.348694	378	
-0.577343	-0.292906	6036	
0.328825	0.564511	5155	
0.667085	-0.142439	4359	
0.692122	-0.093748	4942	
-0.492724	-0.548510	2497	
0.450922	0.615119	442	
0.598583	-0.503954	3301	
-0.808122	0.015179	2195	
-0.788933	-0.279539	2018	
0.711445	-0.464311	5156	
-0.175493	-0.865241	2478	
-0.245505	-0.859207	2624	
-0.849476	-0.388909	316	
0.070541	0.975498	6215	
0.177914	0.094793	3636	
0.141681	-0.173576	3966	
0.036040	0.290854	1943	
0.497340	0.313569	788	
0.079557	0.332759	4955	
0.288283	0.475845	3596	
-0.356363	0.302168	1110	
0.527650	0.006106	5689	
0.243065	0.339190	2293	
0.484060	0.034153	6048	
-0.421210	0.272186	1162	
0.369439	0.231779	1465	
-0.384483	0.220212	1956	
-0.537739	0.257924	4598	
-0.277920	-0.168475	6279	
0.428787	-0.396895	4567	
-0.304469	0.524246	6900	
-0.627667	-0.173896	3462	
0.648160	0.095758	3184	
0.570662	-0.374927	4486	
0.562600	-0.414796	4507	
-0.719905	-0.178721	5587	
0.692766	0.318944	1690	
-0.035144	-0.781734	3059	
-0.580969	0.584528	780	
-0.796398	0.270264	4597	
0.608693	-0.592107	3993	
-0.575686	-0.668261	2954	
-0.495035	-0.743132	2856	
-0.881453	-0.309790	6752	
0.256305	0.942846	6376	
-0.461288	0.879448	6538	
0.203349	-0.095703	4022	
-0.045589	0.434376	6727	
0.548238	0.212953	991	
0.065353	0.350751	2522	
0.285311	0.477636	3596	
-0.366393	0.333423	5867	
0.439459	0.295201	1957	
0.258262	0.318256	2744	
0.476076	0.087196	1319	
-0.540424	0.197963	1888	
0.329564	0.310978	1455	
-0.381669	0.201469	1945	
-0.523676	0.282328	4851	
-0.237230	-0.225604	5469	
0.453120	-0.367094	4533	
-0.561368	0.338964	4059	
-0.628168	-0.172308	3462	
0.425794	0.469530	5042	
0.536343	-0.422735	3947	
0.511025	-0.477165	4887	
-0.736537	-0.098251	1123	
0.729249	0.221744	3210	
-0.157360	-0.766298	5157	
-0.354600	0.755243	1618	
-0.635677	0.561604	1768	
0.580108	-0.619982	4397	
-0.666884	-0.576981	1718	
-0.552262	-0.701501	3667	
-0.887184	-0.293043	6361	
0.278011	0.936620	6219	
-0.454373	0.883030	6538	
0.037667	0.290101	1943	
0.530835	0.252923	765	
0.057491	0.362726	2522	
0.370795	0.421054	3684	
-0.342214	0.227579	1971	
0.515444	-0.119407	1189	
0.227666	0.403381	1305	
0.486376	-0.031897	874	
0.072799	-0.395732	4771	
0.402687	0.167281	5290	
-0.412350	0.298829	1210	
-0.579773	0.141105	1823	
-0.305416	-0.110505	2208	
0.461319	-0.357424	4533	
-0.305624	0.527162	6900	
-0.608781	-0.226498	3019	
0.641512	0.132860	3606	
0.598016	-0.329289	3174	
0.588581	-0.376759	4486	
-0.711425	-0.208108	5171	
0.690709	0.323016	2270	
-0.022326	-0.781968	3416	
-0.614872	0.545220	1550	
-0.783193	0.307719	4836	
0.630080	-0.569334	3002	
-0.562078	-0.679561	2717	
-0.465211	-0.762153	2623	
-0.866595	-0.349112	4446	
0.220711	0.951838	6060	
-0.504811	0.855127	6662	
-0.056371	0.426918	6175	
0.228846	-0.109398	6742	
0.367891	0.454071	3103	
0.058615	0.367376	2522	
0.558795	0.022478	5822	
-0.339555	0.082640	400	
0.365193	-0.391374	2946	
0.426656	0.271216	1921	
0.379863	-0.323331	976	
0.419637	0.180076	3036	
0.403514	-0.138821	4197	
-0.121012	-0.529208	2905	
-0.231223	-0.512770	3564	
-0.328384	0.212910	4188	
0.441168	-0.384575	870	
-0.244971	0.344107	1825	
-0.513077	-0.389694	4630	
0.252629	0.600653	4610	
0.680025	-0.049048	4162	
0.698172	-0.004272	1005	
-0.442848	-0.588634	3988	
0.378903	0.661601	1257	
0.589665	-0.514135	3301	
-0.807480	-0.010517	2956	
-0.767284	-0.333543	1653	
0.754353	-0.390631	1549	
-0.138589	-0.871752	3246	
-0.179381	-0.875359	2944	
-0.805508	-0.473265	4711	
-0.005123	0.977935	6473	
0.169652	0.137847	331	
-0.498266	0.433396	2335	
-0.251783	0.082550	6078	
0.126496	0.548454	1274	
0.052736	0.414152	1969	
0.465863	-0.313353	4849	
0.088840	-0.338136	2504	
-0.589405	0.008609	3354	
0.279476	-0.439708	484	
-0.407909	0.255538	1261	
0.417931	0.184644	3036	
-0.350177	-0.123458	4271	
0.392490	-0.337410	2419	
0.417905	-0.339565	2847	
-0.463116	0.398499	1399	
0.362677	-0.463174	5937	
0.105653	0.225548	1267	
-0.205331	-0.601921	2427	
-0.029567	0.658786	1552	
0.564296	0.382418	6374	
0.372525	0.590142	5309	
0.233711	-0.694475	5777	
-0.352618	0.733197	1143	
0.729800	0.283204	2920	
-0.424934	-0.683040	3945	
-0.139293	-0.824776	5270	
0.844411	0.094955	5498	
0.407393	-0.783251	5625	
0.495964	-0.743937	3528	
-0.680937	-0.639429	5862	
-0.370129	0.907169	6105	
-0.730670	0.672433	6795	
0.182918	-0.084750	817	
0.216457	0.062083	856	
0.591533	0.108755	973	
-0.550237	-0.292944	5701	
0.010324	0.489594	2039	
0.084464	0.508804	4323	
-0.151578	-0.555862	5516	
0.359302	0.065368	3688	
-0.364613	0.160991	3926	
-0.556560	0.179080	3026	
0.427509	0.100337	5763	
0.426988	-0.091761	4435	
0.133976	-0.501074	2199	
0.401463	0.312869	3736	
0.365639	0.387529	4721	
-0.607430	-0.042005	5050	
-0.111427	-0.590733	1183	
-0.029480	0.314625	6122	
0.405722	-0.477512	1548	
0.658648	0.109653	4842	
-0.513659	0.529176	6849	
-0.457968	0.605158	1252	
0.588104	-0.434682	3384	
-0.711084	-0.306248	3248	
0.404743	0.670028	2063	
0.652228	-0.473031	4857	
0.683420	-0.485478	1836	
0.215880	0.825601	4048	
0.765593	-0.441814	3087	
0.278066	0.860805	3373	
-0.449405	-0.818892	6141	
-0.796525	0.572401	6504	
-0.862898	0.491573	6307	
-0.220167	0.246661	1514	
0.207319	-0.147738	6610	
0.575339	0.123178	973	
0.024463	0.430786	1935	
0.401703	0.394506	3491	
-0.390854	0.382208	5552	
0.229098	0.455112	4389	
0.396165	0.010772	4691	
0.343810	-0.222398	2265	
0.438128	0.167517	3532	
0.206738	-0.465310	777	
0.377790	0.175412	4579	
0.302679	-0.234206	480	
0.227609	0.287940	5164	
0.020670	-0.580027	5870	
-0.603201	0.215309	5170	
-0.400204	0.552475	1425	
0.400170	0.474980	4965	
0.670438	-0.099993	4881	
-0.211388	-0.661366	5191	
-0.111083	-0.700303	1389	
0.638869	0.355611	1837	
0.044073	-0.768350	2690	
-0.745244	0.300156	4408	
-0.121518	0.817577	5426	
0.467300	0.699388	4174	
-0.783943	0.365240	1924	
0.864979	0.186584	3524	
0.833586	-0.410029	3902	
-0.195740	-0.913603	6295	
-0.979031	-0.084891	6515	
-0.961532	0.248448	6052	
-0.198053	-0.098982	366	
0.600963	0.032115	4082	
-0.366483	0.534225	4803	
0.106711	0.547818	1274	
0.043540	0.472058	2048	
0.421541	-0.373237	4368	
-0.204581	-0.265092	918	
0.251361	-0.478661	2244	
0.370608	0.342531	1393	
0.485454	0.025288	6048	
0.423209	-0.239074	986	
0.370025	-0.205811	2804	
-0.409238	0.293696	1210	
-0.362676	0.179100	3926	
0.115679	-0.324257	1802	
0.438121	-0.370895	4368	
0.257652	-0.036958	6686	
-0.146567	0.617821	6796	
-0.573766	-0.299456	6036	
-0.703388	0.062214	3997	
-0.611128	0.409031	5001	
0.636638	0.348091	1837	
-0.674053	-0.320306	4991	
0.695622	-0.328492	2776	
-0.130309	-0.781648	5237	
-0.687984	-0.446627	3420	
-0.749442	0.413234	5972	
0.103437	-0.857519	1479	
0.370333	0.805271	5698	
0.417820	0.832280	6719	
0.340286	-0.870317	6281	
-0.394270	-0.903470	2731	
0.175035	-0.093674	817	
0.172235	0.144233	318	
-0.347933	-0.514751	1258	
-0.093195	-0.234013	6094	
0.588991	0.009443	3827	
0.015735	0.474280	2030	
0.354487	0.436192	3103	
-0.596661	-0.080162	3315	
0.332126	0.150343	2995	
-0.366168	0.190055	1945	
-0.079855	-0.532326	3302	
-0.043404	-0.525901	2827	
0.401881	0.244263	2428	
0.355632	-0.354867	1875	
0.491098	0.133075	1730	
0.480864	-0.236452	2438	
-0.389463	0.407800	4815	
0.514474	-0.275604	5266	
-0.296616	0.503558	6269	
-0.520394	-0.380350	1411	
-0.410767	-0.491837	4211	
0.430057	-0.531232	642	
0.179108	-0.677926	1246	
-0.591521	0.484619	1232	
-0.158111	-0.744889	2889	
-0.754299	0.242889	4980	
0.763489	0.216755	4781	
0.425396	-0.699290	5038	
-0.422079	-0.736087	1677	
0.199931	0.849863	4906	
-0.584435	0.682697	3025	
-0.597702	0.721747	6604	
-0.203219	-0.944826	1470	
0.963011	-0.228133	548	
0.177388	0.042108	3699	
-0.002118	0.282927	6101	
-0.275751	0.445421	1736	
0.035868	0.295448	1943	
-0.144986	-0.588825	1406	
0.132313	0.546113	1270	
0.051998	0.497611	3175	
0.451910	-0.335016	3951	
-0.332937	-0.025999	2338	
0.400083	0.347157	3692	
0.394935	-0.006627	4010	
-0.297451	-0.214164	3310	
-0.569789	0.100097	2216	
-0.385634	0.120307	5853	
-0.180863	-0.325708	2906	
0.121405	-0.352795	3572	
0.246403	0.267777	1502	
-0.042897	-0.579605	5613	
-0.237767	-0.556333	1245	
-0.227004	0.406030	3516	
0.444143	-0.441172	2417	
-0.608213	0.346527	5723	
0.369543	0.571107	4024	
0.260774	0.646384	4096	
0.196210	-0.706205	5964	
0.060306	0.763808	336	
0.551041	-0.554866	3691	
-0.744194	0.327288	1559	
-0.646496	0.547163	4562	
0.604641	-0.595840	3993	
-0.866459	-0.153701	4921	
-0.720704	-0.526284	3555	
-0.926928	-0.115817	6315	
0.793437	0.562457	6325	
-0.144676	0.981798	6136	
0.091164	0.175240	810	
-0.183690	0.169316	5788	
0.232063	0.068726	6733	
0.508017	-0.327019	854	
-0.256560	-0.000991	1077	
0.525151	0.258883	765	
0.022828	0.502724	2039	
0.398383	0.398948	3068	
-0.391259	-0.436596	2898	
0.359931	-0.054316	2931	
-0.257845	-0.497769	3192	
0.262045	0.410648	1422	
0.372667	-0.174529	3652	
0.353017	-0.357617	1875	
0.402591	0.109197	1678	
0.470641	0.192348	2809	
0.314233	-0.442366	2311	
-0.301936	-0.124255	2208	
0.540786	-0.194331	3754	
0.258988	-0.025081	6686	
-0.040612	0.592331	2036	
-0.452281	0.516437	6421	
-0.081866	0.694001	673	
0.622697	-0.296318	3156	
0.580700	-0.401273	1635	
0.621547	0.384931	6258	
-0.055758	-0.767694	3404	
-0.340409	0.753611	5855	
0.804165	-0.048258	3410	
0.775831	-0.317517	3377	
0.282505	0.804266	1719	
0.716652	-0.516803	3342	
0.778620	-0.441173	3443	
-0.580566	-0.731518	4280	
-0.350956	0.914049	6266	
-0.734827	0.667655	6795	
0.193777	-0.063197	3677	
0.072929	0.221247	2306	
-0.457204	0.479227	833	
0.243495	0.073832	6733	
0.247190	-0.543565	3536	
0.192635	0.536240	3389	
0.081477	0.519590	4323	
0.489788	-0.276760	3185	
-0.338908	0.214884	1971	
0.155120	0.392771	2808	
-0.361466	0.046062	6244	
0.508200	0.003717	1121	
0.189715	-0.347755	4532	
0.411951	-0.050703	4345	
0.296707	-0.430530	2311	
-0.182374	-0.307885	2421	
0.270529	0.239496	5276	
-0.309869	-0.499230	3753	
0.279485	-0.522030	3473	
0.093836	0.233520	1267	
-0.288325	-0.568803	5327	
0.611289	0.234995	2308	
0.528488	-0.432374	4750	
0.185980	-0.676011	1246	
-0.457971	0.631023	4931	
0.416355	0.620614	1349	
0.368621	0.677671	1357	
0.503576	-0.611127	4707	
-0.453609	-0.682140	1337	
-0.777502	0.354479	1924	
-0.159521	-0.847938	2576	
0.457446	0.758879	3405	
0.823358	0.433272	4060	
-0.003923	-0.934283	4424	
-0.955510	-0.229604	5977	
-0.978153	0.171105	2833	
-0.547853	-0.320273	6087	
-0.221381	-0.029418	820	
0.184173	-0.581598	4118	
-0.213155	-0.137136	4216	
0.586344	0.025348	3809	
0.065818	0.535442	3917	
0.344259	0.446759	2413	
0.016195	-0.573445	5870	
-0.110570	-0.319533	2573	
0.481077	0.223721	2935	
-0.186967	-0.305663	2906	
0.508432	-0.017472	1224	
-0.563668	-0.116876	5441	
0.412261	-0.309283	2043	
0.160809	-0.338948	2914	
0.515005	0.134226	2123	
-0.341326	0.287341	2453	
0.563753	-0.113509	2606	
0.185416	-0.181120	665	
-0.186436	-0.599461	5461	
0.121759	0.598936	2149	
0.029576	-0.681372	3789	
-0.707101	-0.021671	5705	
-0.406895	0.648678	5455	
0.460963	-0.567944	2328	
-0.099557	0.775454	6284	
0.373185	-0.686347	1146	
-0.081711	0.802673	6574	
0.694908	0.438129	5075	
0.210222	-0.821942	4506	
-0.555048	0.693757	5115	
-0.843191	0.293730	4682	
-0.743381	0.568193	6505	
-0.236002	-0.936829	6270	
0.854734	-0.497431	305	
0.042066	0.229766	1266	
0.239328	-0.042641	1290	
0.466839	0.378149	6225	
-0.314411	0.486914	6302	
0.501726	0.300318	1025	
0.068327	0.530288	4401	
0.543956	0.150792	3590	
-0.586380	0.176273	1807	
0.342862	-0.111775	789	
0.300111	-0.448168	2449	
-0.165969	-0.318700	3056	
0.280803	0.405784	2175	
0.342205	0.370167	1557	
0.071263	-0.364186	3920	
0.501751	-0.184946	1838	
-0.012206	-0.339822	2936	
0.288879	-0.496269	3321	
-0.058514	-0.597378	1159	
0.171827	0.144786	318	
-0.228801	-0.593919	5744	
0.065257	-0.628131	1125	
0.257161	-0.634618	6074	
-0.175586	-0.681558	1451	
0.362215	0.627344	593	
-0.634565	0.428613	4987	
0.487006	-0.594107	3164	
-0.792481	0.097477	5787	
0.716125	0.372055	4095	
0.816258	-0.190358	3851	
0.379847	0.762077	5283	
0.601406	-0.646423	4616	
0.157381	-0.879316	5756	
-0.728139	-0.584964	5963	
0.238449	0.946088	6376	
-0.513192	0.849812	6662	
0.198966	-0.091488	4022	
-0.243091	0.010702	743	
-0.020211	0.387194	5523	
-0.168721	-0.581933	1216	
0.353386	0.460930	3625	
0.178251	0.524222	2139	
0.524151	-0.211040	2745	
-0.358068	0.323631	1110	
0.314230	0.183772	3442	
0.518411	-0.125653	978	
-0.357684	-0.000711	3177	
-0.128054	-0.337806	772	
-0.330263	-0.120399	3653	
0.524503	-0.099172	6224	
0.183672	-0.294950	2411	
-0.232511	-0.536064	5483	
0.550063	-0.195420	3754	
0.524490	0.290131	1025	
-0.249556	0.659443	6076	
-0.269427	0.667448	6858	
0.656780	-0.167269	6413	
-0.703394	-0.063354	5681	
-0.112884	0.720435	5444	
0.072553	-0.729840	2129	
0.625215	0.435519	602	
-0.578851	-0.526013	2572	
0.681712	0.406771	2893	
0.319703	-0.753253	3360	
-0.707384	-0.469232	3535	
0.586309	-0.635443	4384	
0.275445	0.842637	4378	
0.759701	0.537132	3134	
0.022514	-0.934002	4259	
-0.980901	-0.045531	613	
-0.193962	-0.099081	366	
-0.221879	0.249889	1514	
0.191306	0.167818	2850	
0.198887	-0.563795	2878	
0.293349	0.496514	5082	
0.338460	0.453113	2413	
0.295187	-0.485228	3321	
-0.340810	0.247973	1994	
0.359242	-0.037736	2385	
0.464829	0.256696	2458	
0.129223	-0.530504	2942	
0.442999	-0.302572	2822	
0.181243	0.463313	1238	
0.123752	-0.322483	2657	
-0.451825	-0.383451	3480	
0.580221	0.001649	3474	
-0.034120	-0.254591	6730	
-0.555704	0.369648	2099	
0.543862	-0.307153	835	
-0.163256	0.695419	5935	
0.650011	-0.206605	5627	
0.161114	-0.682500	6010	
0.066315	0.724313	4929	
-0.617020	0.456184	1456	
0.401231	-0.655106	1168	
-0.503419	0.648041	5205	
0.721288	-0.358217	3500	
0.059494	-0.833634	1542	
0.822729	-0.209376	2724	
-0.783603	-0.400204	3683	
-0.747409	-0.486819	4591	
-0.926543	0.118850	4314	
0.696133	-0.672625	6817	
0.981968	-0.122327	6031	
-0.947602	-0.297705	6768	
-0.184657	0.168420	5788	
-0.248771	0.359463	382	
0.225488	0.118735	475	
0.234588	-0.549091	3581	
0.304243	0.490048	1810	
0.399058	0.403658	3068	
0.301181	-0.482035	3666	
-0.420492	0.405228	4946	
-0.039786	-0.337594	2876	
0.247303	0.273139	1502	
0.166613	0.368073	1919	
0.358748	0.034864	3739	
-0.295514	-0.141693	2277	
-0.222821	-0.539028	5483	
0.575225	0.063943	3682	
-0.460638	0.455277	6826	
0.051894	0.584452	5280	
-0.144726	-0.618116	2356	
-0.031930	0.610097	2957	
-0.652658	-0.246583	1088	
0.668192	-0.168508	6437	
-0.714438	-0.088633	1142	
0.579108	-0.446361	1828	
0.218639	0.730021	603	
-0.366363	-0.689619	2803	
0.668186	0.428508	2955	
0.216579	-0.789255	3279	
-0.849148	-0.036165	4743	
-0.303028	-0.806982	4419	
0.768649	0.438810	4650	
-0.829243	-0.400260	316	
-0.295149	-0.886330	6842	
-0.532598	0.821623	6090	
-0.767749	0.629320	6486	
-0.227526	0.381593	350	
-0.269617	0.425272	1736	
0.228796	0.112477	475	
0.177892	-0.571100	4118	
0.368296	0.447633	3103	
0.367023	0.434661	3511	
0.522610	-0.218261	2745	
-0.454873	-0.378305	3921	
-0.335344	0.194514	3700	
-0.296050	-0.142683	2277	
-0.332705	-0.004835	2087	
-0.598784	0.134978	2801	
0.372063	-0.433841	4032	
0.576519	0.067332	3682	
-0.559558	0.320185	2531	
-0.074996	0.564763	1813	
-0.362495	-0.526795	1378	
-0.416629	-0.487092	5026	
0.637786	0.227931	2165	
-0.149723	0.713193	5917	
0.616901	0.326673	4731	
-0.741652	0.085072	5060	
0.736238	-0.092112	696	
0.725487	-0.253027	3208	
-0.778071	-0.162450	5273	
0.803374	0.056466	3758	
0.317919	-0.772855	2439	
0.826366	-0.194266	2724	
-0.856036	-0.200421	2912	
-0.865076	-0.215464	3314	
-0.806457	0.473235	6144	
-0.914684	0.296930	299	
0.043401	-0.985246	2674	
-0.979857	-0.162136	6159	
-0.270523	0.511287	2197	
-0.263439	0.405927	289	
0.202654	0.154668	3276	
0.030168	-0.600219	1149	
0.483816	0.324083	4168	
0.330694	0.465024	1791	
0.562102	0.076319	3211	
0.373139	-0.430424	4550	
-0.211236	-0.542111	4097	
-0.254136	-0.525222	5478	
0.341206	-0.458505	3641	
0.568513	-0.044987	2342	
0.578469	-0.074396	2924	
-0.255706	0.103280	5902	
0.237675	-0.566697	3581	
-0.374758	-0.518550	4069	
-0.493525	0.470480	1551	
-0.187098	0.711885	1277	
0.510260	0.451351	4377	
0.371229	-0.593067	2595	
0.253880	0.678012	4054	
0.248181	0.686205	4054	
-0.452471	-0.624080	5200	
0.708511	0.332060	2825	
0.004932	0.799303	1327	
0.727565	-0.375845	5069	
-0.594247	-0.605423	5414	
0.169056	-0.845975	5362	
0.651034	0.599970	3647	
-0.915102	-0.080405	3093	
-0.336294	-0.871432	5833	
-0.275386	0.938340	6273	
-0.654131	0.746602	6066	
-0.255763	0.464685	6920	
-0.234819	0.309950	2044	
0.122156	0.230335	6899	
-0.353157	-0.498814	3841	
0.583805	-0.052383	2652	
0.403852	0.415364	3068	
0.448797	0.354531	2997	
0.551219	0.140666	722	
0.564091	0.076538	3211	
0.543307	0.178174	737	
0.562375	0.144356	971	
0.145185	-0.578228	4363	
0.015449	0.331480	2111	
-0.262124	0.648779	5875	
-0.268594	-0.577875	5327	
-0.450372	0.518414	6421	
0.613128	0.261853	2740	
0.678216	0.064528	5146	
-0.104002	-0.695432	1389	
0.076604	0.706847	344	
0.713081	-0.158486	3838	
0.171752	0.742806	404	
-0.701102	-0.349207	2812	
0.723868	-0.321379	3146	
-0.815354	0.101102	6083	
0.653013	0.527998	5437	
0.483592	0.699486	4369	
-0.212623	-0.855441	2562	
-0.654964	-0.605150	5848	
-0.906273	0.226911	5566	
-0.900493	-0.342524	5725	
-0.022832	-0.985613	6722	
-0.191847	0.262800	6251	
-0.226504	0.134061	806	
-0.054330	0.496043	6712	
-0.262071	0.320886	1974	
0.297372	-0.514084	4596	
0.584456	-0.031256	3496	
0.542657	0.209072	991	
0.554514	0.174861	993	
0.583188	-0.027423	3496	
0.216028	-0.554238	2645	
-0.260613	0.035089	2410	
-0.234745	0.307815	2044	
-0.638479	-0.103097	1599	
0.023918	-0.631619	5886	
-0.565269	-0.314271	6112	
0.349842	0.566921	5128	
0.681281	0.008960	661	
-0.602918	-0.374552	2291	
-0.444791	-0.555175	4215	
0.511106	-0.523025	1398	
0.691562	-0.314958	2776	
0.512582	0.575410	553	
-0.703630	-0.366026	3746	
0.786972	-0.169462	2896	
-0.574713	-0.605505	4138	
0.494446	-0.688935	2871	
0.046261	0.872999	5235	
-0.037785	0.889162	5011	
0.840389	0.398224	5348	
-0.039156	-0.933385	888	
-0.621190	0.756603	6071	
-0.767323	0.629705	6486	
-0.128518	-0.176916	828	
0.056341	-0.236170	364	
-0.098312	-0.607164	5504	
0.147502	-0.211673	6882	
-0.320139	0.484172	6302	
-0.434094	-0.434332	4322	
-0.415660	-0.450934	3685	
-0.555037	0.329295	2531	
0.205115	-0.158392	6610	
-0.366671	0.551675	1596	
-0.236662	0.658261	5685	
-0.474531	-0.422849	4086	
0.601620	-0.164673	6049	
0.152342	0.593414	3294	
0.006900	-0.681554	4291	
0.622832	0.276086	2740	
-0.450606	-0.544421	4215	
-0.580915	-0.414614	1996	
0.027790	-0.732739	1537	
-0.644724	-0.408370	3162	
0.723580	-0.257615	2473	
-0.225125	0.786180	1649	
-0.700510	-0.393955	3933	
0.817601	0.049622	4332	
-0.572056	-0.626166	4138	
-0.311876	-0.803046	4016	
0.879316	0.088070	5595	
0.456224	-0.767671	3207	
-0.774441	-0.521962	6148	
0.969244	0.002506	5989	
0.911190	-0.383621	2675	
-0.934219	-0.337027	2780	
0.098056	0.200609	359	
-0.225082	-0.011625	818	
-0.281977	0.462384	6462	
-0.276839	-0.553949	1454	
0.132251	0.568223	1486	
0.231277	0.544499	3494	
-0.588331	0.283957	4074	
0.214460	-0.117520	1884	
0.590627	-0.171906	6049	
-0.166032	0.636764	6059	
0.132182	-0.616550	1254	
-0.134956	0.638431	6603	
0.041359	0.649600	959	
-0.514519	0.521343	6849	
0.197514	0.648950	5051	
0.165867	-0.681259	6010	
-0.245383	-0.665454	1369	
0.129131	-0.721373	2350	
-0.582388	0.529384	380	
0.631081	-0.437529	3024	
0.220610	0.750554	462	
-0.050692	0.801722	1582	
0.418763	-0.702564	5038	
-0.606923	0.610586	6533	
-0.256177	0.832667	5854	
0.081192	-0.878055	2587	
-0.714077	-0.533714	3555	
-0.752042	0.556140	6857	
0.601425	-0.715192	5664	
-0.938164	-0.290185	6479	
-0.961950	0.245398	6052	
0.454014	-0.409904	870	
0.177782	0.569135	2012	
0.099021	-0.201609	1229	
0.031494	-0.222327	831	
-0.099004	0.522803	6448	
-0.236662	0.658261	5685	
-0.583244	-0.265883	5352	
-0.538101	0.397684	2071	
0.147036	-0.612954	4595	
0.357341	0.506927	4447	
0.064895	0.605447	5782	
0.559915	0.361320	5939	
0.274376	-0.626925	3403	
-0.540132	-0.441681	1278	
0.585945	-0.380008	4486	
-0.585442	0.474632	5173	
0.621497	-0.384845	1498	
-0.487536	-0.584892	3743	
0.650814	-0.407490	3081	
0.308305	0.718513	1493	
0.291131	0.737617	2032	
-0.013975	-0.818385	1592	
0.427476	0.722760	4899	
0.798674	0.289464	3774	
-0.876205	-0.064897	5141	
-0.580837	0.685148	5093	
0.503391	0.782301	630	
0.026703	-0.933786	4259	
-0.445967	0.870555	5340	
-0.533650	0.836835	6090	
-0.805785	-0.580860	790	
-0.236662	0.658261	5685	
-0.262124	0.648779	5875	
-0.262124	0.648779	5875	
-0.540290	-0.340233	1346	
0.379435	0.480053	4524	
-0.089685	-0.627491	5504	
0.318143	-0.541339	2519	
0.295267	0.543504	4380	
0.618843	-0.074903	4222	
-0.625669	0.308505	5067	
-0.682505	0.198465	1566	
0.425196	0.531277	4234	
0.551560	0.412155	2941	
0.148557	0.680395	4794	
-0.197125	0.748556	1225	
0.725932	0.077665	1572	
0.754167	-0.090136	696	
0.752790	-0.150490	843	
0.139491	0.770793	6067	
0.256205	0.750575	623	
-0.261070	-0.775601	4108	
0.787758	0.288081	3774	
0.845791	-0.069107	4758	
-0.497905	0.736703	4692	
-0.038778	0.889061	5011	
-0.859472	-0.325002	4405	
-0.431764	-0.828076	4489	
0.690771	0.682891	1312	
0.979347	-0.137797	2769	
-0.918000	-0.378965	6477	
-0.262124	0.648779	5875	
-0.427586	-0.467996	5026	
0.382075	0.478021	4524	
0.111628	-0.620856	1249	
0.475761	-0.406153	3593	
0.078802	0.604247	5760	
0.622987	-0.001502	4621	
-0.605312	0.351679	5723	
-0.068160	0.690690	858	
0.679248	0.050707	5146	
-0.379021	-0.582110	1076	
0.571831	-0.401020	4293	
-0.383664	-0.597830	2259	
-0.660324	-0.330532	4991	
-0.084656	0.745406	528	
-0.118213	0.775318	6156	
0.355509	0.683194	1357	
-0.430843	0.703182	597	
-0.153667	0.800703	4979	
0.061744	-0.816007	5282	
0.770475	0.331704	4391	
0.833049	-0.161277	4154	
0.010145	0.874549	5268	
0.289180	0.837343	1637	
0.894489	-0.008985	4430	
-0.725332	-0.588144	5963	
0.361907	-0.896076	6628	
-0.209967	-0.962211	6600	
-0.991757	-0.047983	613	
-0.350981	-0.525153	1258	
-0.110014	0.597629	6210	
0.308663	-0.546974	2519	
0.447171	0.431913	4586	
0.170817	-0.606385	4432	
-0.610434	0.341374	5723	
0.190278	0.646580	5051	
0.671586	-0.115541	4098	
-0.544867	-0.436014	1457	
0.248943	-0.654747	6074	
-0.587042	0.453093	5034	
-0.425999	0.656860	5466	
0.719682	-0.124072	4091	
0.714187	0.200708	2721	
-0.196622	-0.743969	2857	
-0.559217	-0.545738	2592	
-0.580826	-0.537982	2790	
-0.625815	-0.502660	3706	
0.522065	-0.629319	4645	
0.350963	0.762824	5143	
0.848403	-0.014830	3901	
-0.018798	0.875139	5117	
0.480128	0.743344	4057	
0.661691	-0.600465	3728	
-0.868664	-0.342692	4446	
0.928309	-0.116950	6767	
-0.852406	-0.488059	966	
-0.959197	0.255505	6032	
-0.055875	-0.622779	5564	
0.317010	-0.542060	2519	
-0.016238	0.609340	2957	
-0.530276	-0.367184	1411	
0.247364	-0.632555	4051	
0.614756	-0.295040	3156	
-0.689624	0.183783	2234	
-0.024165	-0.701996	1571	
-0.124622	0.721813	5500	
0.723293	-0.031076	4132	
0.053277	-0.730511	1659	
-0.673781	0.353415	5618	
0.041183	0.764697	892	
0.767361	0.019168	915	
0.642764	0.445493	2345	
0.778086	-0.143850	499	
0.803800	0.036230	3018	
0.791071	0.212946	4622	
-0.702764	0.489904	4997	
0.752646	0.394059	3770	
-0.579768	0.671096	3025	
0.236174	0.853990	4625	
0.680090	-0.579565	3304	
-0.894103	-0.269332	6395	
0.812147	-0.462955	5809	
-0.978992	-0.058673	1965	
-0.885203	0.448806	6680	
-0.546231	0.385118	1786	
0.079763	0.604167	5760	
-0.611171	0.339409	5687	
-0.418965	-0.549204	4042	
-0.266951	0.711918	1147	
-0.654490	-0.277273	1151	
-0.001307	0.703870	5201	
0.363202	-0.627057	964	
-0.190086	-0.708156	2390	
0.007725	0.736517	659	
0.739060	0.175746	3189	
0.521608	-0.562821	3847	
-0.310133	-0.715699	4231	
-0.766710	-0.206061	5016	
-0.161197	0.800161	4979	
-0.793700	-0.199367	2001	
-0.495002	-0.671062	5544	
-0.419252	-0.736602	1677	
-0.415753	0.769842	4895	
-0.860124	-0.176558	2979	
-0.176752	0.876803	1907	
0.893833	0.032406	3521	
-0.843230	-0.401161	316	
0.831734	-0.426794	5806	
-0.979682	0.038146	6180	
-0.722928	-0.681244	6825	
-0.207323	0.673345	6543	
0.438451	0.440620	4528	
-0.676967	-0.080398	3505	
0.680460	0.026692	661	
0.575563	0.377621	6517	
0.354046	0.599509	5309	
0.235632	-0.685510	1075	
-0.095764	-0.726430	3492	
-0.087822	0.745422	504	
0.758915	0.007016	915	
0.343976	-0.686197	1291	
-0.744526	-0.243555	5013	
-0.368141	0.739533	1098	
0.565398	0.555768	2273	
0.792886	0.137920	4995	
0.782693	-0.237513	3618	
0.594107	0.592178	4617	
0.656728	-0.536487	3519	
-0.157483	-0.846489	2374	
0.187422	-0.861033	5866	
-0.700425	0.557353	4986	
-0.888163	-0.227597	3932	
-0.639792	-0.680095	3843	
0.932912	-0.069250	6131	
-0.974990	-0.105158	6515	
-0.848360	0.515101	2242	
-0.715341	-0.689175	2727	
0.621399	-0.047635	4320	
0.444018	0.435119	4586	
-0.005251	-0.632507	2307	
0.606491	-0.300607	3156	
-0.442549	0.599744	1062	
0.683780	-0.137890	4101	
-0.500223	0.574607	1860	
0.005119	-0.732239	1554	
-0.593055	0.489014	1232	
0.544205	0.530736	1268	
0.566232	-0.517769	3290	
-0.635008	-0.455840	3095	
-0.344558	0.750608	5855	
0.771957	0.175105	4678	
0.289418	-0.747912	3628	
0.349385	-0.739075	4649	
0.226373	-0.802937	4474	
-0.439637	-0.724411	4762	
0.447298	0.722072	3020	
-0.105303	0.871835	322	
0.824651	0.318205	4129	
-0.572020	-0.682886	2717	
0.373151	0.852015	5614	
-0.249497	-0.900038	3782	
0.380928	-0.887795	5464	
-0.801682	-0.567178	790	
-0.926711	0.355212	6043	
-0.675961	-0.727905	6693	
-0.695760	-0.085048	4099	
0.598056	-0.327535	3174	
-0.554366	0.475025	3396	
0.620778	-0.319308	3845	
0.404795	-0.576871	954	
0.076068	-0.727896	2129	
-0.738616	-0.110836	5189	
-0.228622	0.770451	1187	
0.766896	-0.013320	917	
0.081900	-0.774662	2057	
-0.782470	0.157487	4620	
0.464675	0.641998	2719	
0.479626	-0.642747	3752	
0.244417	-0.780132	3326	
-0.396428	-0.733132	5269	
-0.848223	-0.031941	4743	
0.844044	0.086587	5481	
0.250575	-0.823930	3874	
-0.100966	-0.874430	3340	
-0.392669	0.810583	5645	
0.613087	-0.649083	4670	
-0.881615	0.308459	4093	
0.279786	-0.890990	4356	
0.589709	0.771240	567	
-0.039111	-0.983957	6679	
-0.989270	0.081980	2810	
-0.649637	-0.298168	1281	
0.675011	0.199799	2128	
-0.704115	-0.226122	5099	
0.639082	0.353144	1837	
0.363725	0.646604	620	
-0.411234	-0.650974	3808	
0.068232	0.770026	1428	
0.484142	0.613264	1137	
-0.097333	-0.783693	5021	
-0.272807	0.783254	1821	
0.505206	0.627056	3293	
0.716193	-0.394728	5288	
0.311484	-0.773556	2439	
-0.819888	-0.216617	2539	
0.848040	0.018308	3425	
-0.540830	-0.666833	2580	
-0.773862	-0.414232	3913	
0.454116	0.758697	3405	
-0.396922	-0.797717	3514	
0.773091	0.515571	3609	
-0.537299	-0.763479	6769	
0.784761	-0.507462	6183	
-0.673013	0.708992	5915	
0.986494	0.066562	6581	
-0.947712	-0.296094	6768	
0.713821	0.258343	3214	
-0.611578	0.506348	1692	
0.527811	-0.556553	3847	
-0.121445	0.782388	6156	
0.777927	-0.053827	2699	
-0.413363	-0.673584	3945	
0.101961	0.788281	5676	
0.631686	-0.494367	3876	
-0.140860	-0.804884	1822	
0.103258	0.815822	1723	
0.560947	0.622837	5220	
0.004611	-0.847416	1467	
0.712162	0.462521	2611	
0.210992	-0.834630	2779	
-0.716196	-0.507294	3221	
0.567188	0.677899	2169	
-0.769426	-0.447572	4394	
-0.612630	0.676106	365	
-0.916125	-0.179525	4639	
0.376767	-0.854530	3727	
0.936212	0.248774	326	
-0.789091	-0.583868	296	
-0.787627	0.603509	6485	
-0.750384	-0.650704	6442	
-0.256476	-0.747013	3820	
0.510691	-0.601281	4707	
0.129560	0.783459	6062	
-0.638779	-0.483482	4590	
0.295360	0.749274	2032	
0.581184	-0.574655	4183	
-0.757203	0.359288	2014	
0.617043	0.566984	5197	
-0.336486	-0.777334	2977	
0.844170	0.082089	5481	
-0.852173	0.113000	6109	
0.144603	0.858671	5063	
0.325505	-0.818175	3339	
0.025040	0.887384	5338	
-0.517646	-0.724429	3557	
-0.541805	0.734368	946	
-0.932842	0.032557	4348	
0.157042	-0.920575	3846	
-0.959589	-0.032911	5951	
-0.891655	0.402283	5965	
0.988477	-0.005268	5989	
-0.974021	-0.191937	1009	
-0.525032	-0.843285	720	
0.340334	0.745017	5190	
-0.825541	-0.108558	1818	
0.671402	-0.495366	1836	
0.100931	0.834658	2288	
-0.581147	-0.615971	1983	
0.734652	-0.422812	2911	
0.540876	0.654183	4819	
-0.691252	-0.508363	4600	
-0.114227	0.870305	6403	
-0.063869	-0.876982	3364	
0.525696	0.710340	4170	
-0.846524	0.279296	4695	
0.340413	-0.824161	3719	
0.801196	0.469861	6578	
-0.842599	-0.401842	316	
0.291489	-0.887169	6563	
0.764027	0.541820	3615	
-0.720784	0.659552	5903	
0.439228	-0.882312	6379	
-0.981763	0.144372	6814	
-0.780385	0.365977	1924	
-0.836594	-0.189829	2415	
-0.062742	-0.856545	2146	
0.843325	0.189332	3159	
-0.866889	0.137580	2503	
-0.005217	-0.879039	3040	
0.752480	0.462936	2365	
-0.476691	0.763201	338	
-0.807774	-0.372622	3272	
0.501319	-0.737580	3528	
0.636958	-0.670142	4660	
-0.927151	0.106995	5973	
-0.152900	-0.921328	4661	
0.667367	-0.653698	6713	
0.831584	-0.492764	432	
-0.925787	0.315793	6239	
0.566186	-0.807029	2734	
-0.972641	0.196253	6507	
-0.760768	0.468129	6051	
-0.826276	0.335199	5195	
-0.888899	-0.032384	5786	
-0.539169	-0.707408	3277	
0.245919	-0.856619	3387	
0.882561	-0.136114	4400	
0.586299	-0.713820	5841	
-0.734920	0.577320	5543	
-0.712215	-0.603190	6280	
0.116175	-0.926557	6855	
0.713714	-0.602859	6894	
-0.621589	-0.734747	725	
-0.483885	0.847232	6349	
-0.690436	-0.697630	329	
0.870423	0.469885	6150	
-0.988872	-0.084077	6860	
-0.621650	-0.774579	6709	
-0.724197	-0.588524	5963	
-0.638149	-0.681006	3843	
-0.415858	-0.835698	4468	
-0.069478	-0.931214	6253	
0.289266	-0.887749	6563	
0.625980	-0.693209	5232	
0.843028	-0.402483	3902	
0.265934	0.902502	5601	
0.363768	0.899742	6918	
-0.918780	0.333786	6055	
-0.459800	-0.867850	6840	
0.975048	0.161438	6457	
-0.985011	0.119368	6014	
-0.794880	-0.595129	296	
-0.402802	-0.908016	2731	
-0.423156	0.877051	3862	
-0.557223	0.799514	1687	
-0.765211	0.605197	6272	
-0.954162	0.211962	1206	
-0.939878	-0.274787	2751	
-0.512553	-0.837064	738	
0.431868	-0.884900	6379	
0.874737	0.461014	6150	
-0.887476	0.443245	6680	
-0.934143	-0.335399	2780	
-0.637683	-0.761247	2665	
-0.915661	-0.382446	6477	
-0.911489	-0.392461	2753	
-0.878257	-0.462653	2671	
-0.681415	-0.722189	526	
-0.504865	-0.855208	6496	
