time = 280.45	Re = 90
0.810094	0.573273	2666	
0.775236	0.619510	2757	
0.698597	0.704973	5994	
0.564331	0.816602	2734	
0.365446	0.923161	2787	
0.114516	0.986427	6335	
0.973370	0.055639	5979	
0.963936	0.149621	6624	
0.906956	0.361851	1035	
0.740017	0.638871	6002	
0.337003	0.919752	6005	
-0.348977	0.917703	5989	
-0.972975	0.153060	6364	
0.032295	-0.988709	6239	
0.935335	0.330137	6722	
0.555914	0.822124	2734	
0.032356	0.992448	6298	
-0.887147	0.290345	6605	
-0.905630	0.226140	627	
-0.928369	0.098322	6719	
-0.927799	-0.106535	5215	
-0.853781	-0.382168	6885	
-0.700079	-0.626084	5570	
-0.134554	-0.927084	4511	
-0.869313	-0.422534	1284	
0.868703	-0.433912	6098	
0.753647	0.621580	5995	
-0.463982	0.865274	342	
-0.366037	-0.917976	6484	
0.763815	0.633189	5995	
0.104143	0.987349	6335	
-0.425118	0.897604	6321	
-0.528770	-0.733509	6186	
-0.408054	-0.804473	466	
-0.068176	-0.895397	4820	
0.630094	-0.637314	3272	
0.136985	0.896293	3443	
0.640622	-0.672979	6875	
0.738655	0.566655	3870	
-0.124958	0.924033	6549	
-0.814565	0.455755	6884	
-0.907119	-0.223462	5735	
-0.532129	-0.773587	395	
-0.927084	-0.270119	505	
0.964159	0.135872	6338	
-0.261605	0.945337	6007	
-0.029043	-0.988327	6165	
0.513817	0.848921	6559	
-0.293107	0.948899	6006	
-0.588514	-0.674738	5440	
-0.372490	-0.809933	2016	
0.131188	-0.875935	3664	
0.637431	-0.613365	2975	
0.866819	-0.176179	2623	
0.770080	0.436905	2818	
0.128563	0.877548	3097	
-0.690930	0.558183	1654	
-0.719344	-0.543178	1180	
0.838010	-0.317175	3598	
0.929072	0.043561	6842	
-0.280101	0.889415	3958	
-0.933492	-0.012595	6257	
-0.523916	-0.779022	437	
-0.328657	-0.910313	4818	
0.649693	0.729429	6378	
-0.972440	-0.157255	1404	
0.646047	0.752884	2673	
0.849350	0.039901	1712	
0.840932	0.126171	1947	
0.779975	0.338700	2148	
0.425796	0.735999	4581	
-0.480676	0.705294	4613	
-0.842864	-0.153912	4659	
0.599175	-0.624773	3446	
-0.222210	0.843725	4812	
-0.812761	-0.339156	5117	
0.833655	-0.294658	2954	
0.256174	0.848766	3305	
-0.852242	0.250550	4170	
0.232739	-0.865132	5827	
0.926986	0.074605	3782	
-0.643375	0.675924	4509	
-0.791942	-0.500794	6643	
0.356396	0.887383	6648	
0.823562	0.521928	436	
-0.978532	-0.110367	6118	
0.516701	0.847047	6425	
-0.460746	0.879858	406	
-0.827090	-0.010616	4483	
-0.780508	-0.290822	1438	
-0.165454	-0.829601	4444	
0.636004	-0.545313	4089	
0.771679	0.328287	2148	
-0.314556	0.779776	4224	
-0.813200	-0.233579	2266	
0.305684	-0.794956	4673	
0.843173	0.108237	1587	
-0.422879	0.740525	2516	
0.355756	-0.788763	5697	
-0.730023	0.480980	5529	
0.737453	-0.487781	3221	
0.068459	0.884135	2236	
-0.777040	-0.447528	5409	
-0.786176	0.467921	5887	
-0.318431	0.876310	5575	
-0.827856	-0.436683	508	
-0.319394	0.905138	6644	
0.566593	0.795687	6045	
-0.286143	-0.945450	6485	
0.117669	0.985629	6335	
-0.682625	0.721734	1214	
-0.781402	-0.147586	1282	
-0.713332	-0.384015	6671	
-0.064763	-0.811541	2617	
0.710539	-0.378594	3074	
0.413816	0.691022	4148	
-0.809217	0.048129	3935	
0.301135	-0.765725	3622	
0.758638	0.310144	5285	
-0.797876	-0.227532	1788	
0.672176	0.500893	4474	
-0.814209	-0.228606	1788	
0.761528	-0.377289	5655	
-0.269071	0.807978	3832	
0.781138	-0.371979	5513	
-0.758071	-0.457341	5227	
0.668903	0.579103	3713	
-0.883100	-0.106965	3784	
-0.404367	0.813547	5548	
-0.534937	0.764163	5944	
-0.610619	-0.713772	5943	
0.297861	-0.921309	689	
-0.452309	0.870243	406	
0.760811	0.636312	6027	
-0.493594	0.861795	2738	
0.776784	0.077360	3241	
0.744198	0.235342	3404	
0.550943	0.552826	2707	
-0.490674	0.609087	4001	
-0.781547	0.030876	1493	
-0.104535	-0.798786	5344	
0.790395	-0.042393	4231	
-0.478549	0.633015	4357	
-0.329546	-0.754162	780	
0.058253	0.803701	3146	
0.544612	-0.614521	1816	
-0.148622	0.806903	3316	
0.620501	0.563237	2439	
-0.218699	-0.830554	5217	
0.713497	0.461437	5362	
0.093981	-0.861233	5356	
-0.841444	-0.249006	5142	
0.585336	0.663586	5625	
-0.721324	-0.539327	1058	
0.882487	-0.289626	4280	
-0.923680	0.132556	4663	
0.002734	-0.935833	6564	
0.724922	0.652303	6002	
0.006164	-0.988235	6055	
-0.183761	0.975669	6021	
-0.394202	0.649059	2693	
-0.550771	0.523883	2270	
-0.752856	0.105164	1257	
-0.484299	-0.648533	585	
0.590990	-0.498015	2894	
0.536873	0.548739	1253	
-0.231373	0.731940	5660	
0.140210	-0.776546	4620	
0.413980	0.661196	3752	
-0.622247	-0.540148	1069	
0.440302	0.657910	4952	
-0.769316	-0.204948	1708	
-0.279364	0.755986	3444	
0.798051	0.185895	1689	
0.658276	-0.516775	4038	
-0.730790	-0.447899	5497	
0.716303	0.456915	5362	
0.478632	-0.719914	2415	
-0.256892	-0.850116	5382	
-0.182042	0.867560	4400	
0.363739	-0.817859	5665	
-0.204782	0.909237	6047	
-0.564226	-0.750563	4858	
0.875383	-0.417476	1511	
-0.981656	0.062516	5967	
0.131038	0.983717	2735	
0.724926	-0.111622	1961	
0.731067	0.046658	2482	
0.623818	0.381149	2350	
0.136120	0.717327	1498	
-0.583059	0.439417	6258	
-0.696471	-0.232482	447	
0.648494	-0.360207	1384	
0.688854	-0.322348	2181	
-0.703751	-0.319554	429	
0.598923	0.480610	2887	
-0.738355	0.216559	442	
0.503628	0.595022	1286	
0.070526	-0.797260	4648	
-0.608458	0.509778	3406	
0.619871	0.511647	2899	
0.818821	0.030946	4108	
0.763884	-0.340843	5446	
-0.109658	-0.849348	5972	
0.104687	0.843827	1773	
-0.110910	0.864049	2993	
0.857458	0.216618	3340	
-0.795125	-0.410130	322	
0.887516	0.277444	6625	
-0.871854	-0.336977	6310	
-0.805240	-0.534337	385	
-0.614452	0.764511	2759	
0.324841	0.937520	6029	
-0.771061	0.626285	6734	
-0.644584	0.263572	859	
-0.675159	0.168143	688	
-0.691039	-0.068965	3110	
-0.311482	-0.679730	6853	
0.656706	-0.269972	5346	
0.288695	0.641453	1482	
-0.157732	0.704942	910	
0.643374	-0.356616	1384	
0.120825	0.719665	1646	
-0.669997	-0.329323	5360	
-0.624017	0.400510	530	
-0.633632	-0.496564	1187	
0.079430	0.763237	2466	
0.715569	-0.313298	3477	
-0.587431	-0.580943	5803	
-0.592265	0.528274	3349	
0.082997	0.801209	3918	
0.616045	0.539277	3969	
0.218945	0.809727	1836	
0.827818	-0.189555	2926	
-0.159870	-0.853435	5851	
-0.005891	-0.885161	5007	
-0.570889	0.679068	4498	
-0.497320	0.759468	4254	
-0.931580	0.054118	5614	
0.619900	-0.701104	6368	
-0.271006	0.941264	2788	
0.412057	0.902531	2760	
-0.777690	0.617971	6464	
-0.665985	0.130207	5314	
-0.676046	-0.037480	5051	
-0.616607	-0.356285	5471	
-0.071230	-0.714854	5345	
0.597138	-0.356184	1457	
-0.073125	0.681418	6427	
-0.249298	-0.691698	5029	
-0.628795	0.299544	5176	
0.137803	-0.710302	5860	
-0.062804	0.699994	6439	
0.540740	-0.501611	4991	
-0.363050	0.632920	1706	
0.470210	-0.577090	5099	
-0.696587	0.302788	1268	
0.245335	0.726917	2948	
0.765904	-0.148863	3945	
0.202422	-0.771403	5892	
-0.791916	-0.047057	393	
-0.255156	-0.792699	2203	
-0.259793	-0.806015	4912	
-0.123034	-0.847611	5972	
-0.620842	0.584662	1668	
-0.873930	-0.033452	4378	
-0.185151	0.866762	4400	
0.875863	-0.185002	2623	
-0.878591	0.313616	6576	
0.399846	-0.845525	4139	
-0.179080	0.962527	6021	
0.384083	0.914705	6028	
-0.813423	0.570092	2737	
0.612112	0.163079	2362	
0.177974	0.599383	1851	
-0.516353	0.346976	5885	
0.363588	0.511993	844	
0.137874	0.642942	2782	
0.661266	-0.155748	3840	
0.685092	0.041879	5191	
-0.676108	0.044795	4671	
0.467803	-0.519343	1171	
-0.307121	0.611819	4988	
-0.631008	0.294848	5176	
0.678721	-0.204835	4000	
-0.700175	0.178118	464	
0.215004	0.696851	1828	
0.415097	-0.618933	5175	
-0.744404	-0.160700	434	
-0.304027	0.704237	2284	
-0.035474	0.779735	2582	
0.221444	0.759946	3876	
0.525239	0.607792	2742	
0.292659	0.765031	4296	
-0.819785	0.190816	4369	
0.420484	0.737924	4581	
-0.575559	0.656055	3807	
0.226703	0.856325	3342	
0.625165	-0.640322	3269	
-0.852610	0.378409	5592	
0.430128	-0.830474	6695	
-0.350899	0.914515	5989	
0.217711	0.967994	6514	
-0.521333	-0.301168	6181	
-0.547209	-0.443889	6543	
0.562678	0.268699	1423	
-0.104201	-0.664321	4868	
0.306183	-0.578524	4918	
0.580040	0.250918	5621	
-0.576176	0.232713	5042	
-0.008465	0.623939	546	
0.110455	0.647927	2755	
-0.122408	-0.706725	5696	
-0.661540	-0.145841	1462	
0.681351	0.104893	4801	
0.301758	0.628769	5136	
0.554781	-0.446857	2485	
-0.682071	-0.261658	5052	
-0.518041	0.514187	1600	
-0.365457	0.642491	1706	
0.737889	-0.220768	5508	
0.540428	-0.566102	3248	
0.407129	-0.682382	2840	
0.062870	-0.807119	5210	
0.793536	0.202871	1524	
-0.058731	0.836774	4806	
0.647998	0.549023	3190	
-0.172428	0.853472	3974	
0.371800	0.803071	4393	
0.655964	-0.608614	3683	
-0.904909	0.226632	627	
0.720056	-0.597926	3811	
-0.730563	0.654615	6262	
-0.048661	0.991155	2736	
-0.273020	0.069616	3432	
-0.364113	-0.125691	1370	
0.091784	0.592084	885	
-0.389465	-0.518942	1691	
-0.068490	0.236752	6686	
-0.378670	-0.557067	1639	
-0.012116	-0.660977	4576	
0.521649	-0.367091	1335	
0.480862	-0.433339	6036	
-0.418079	0.460898	524	
-0.592419	0.185518	4655	
0.513896	-0.451009	5408	
-0.616191	0.285945	5433	
0.678515	0.120728	4787	
-0.532404	0.449438	4736	
0.556364	0.431863	1500	
0.731230	-0.044388	1340	
-0.420730	-0.659001	1435	
-0.752065	-0.110472	404	
-0.639966	0.424976	2345	
-0.680745	-0.436476	5454	
-0.789851	-0.075028	1100	
0.691704	-0.439495	4285	
0.385297	0.743704	3165	
0.702833	0.476750	2779	
-0.244879	0.835628	4837	
0.126281	0.876891	3097	
0.895329	0.015610	2648	
-0.926286	-0.115466	5215	
-0.591484	-0.765174	6468	
-0.968997	-0.169362	1404	
-0.415755	0.901459	6321	
0.034064	0.321119	4392	
0.110603	0.300833	2174	
0.241753	0.198562	1684	
0.299145	0.064137	1844	
0.272046	-0.092658	3795	
0.283442	0.009384	6444	
0.014017	0.282227	3077	
0.410140	0.443649	3804	
-0.429182	-0.229343	6712	
0.119096	-0.644435	5826	
0.074185	-0.660076	5555	
0.251789	0.573113	2417	
-0.483898	0.391120	655	
0.639539	0.216684	3905	
-0.615369	-0.363901	5471	
-0.417750	0.542274	3371	
-0.511269	-0.574845	1026	
-0.557874	0.459266	1837	
-0.712279	0.154574	580	
0.583825	0.482308	6085	
-0.261506	0.720693	917	
-0.781520	0.000819	1477	
-0.782891	0.125863	4064	
0.441648	-0.691089	1660	
0.336121	0.767307	3720	
0.591071	0.609628	1779	
-0.685887	0.539883	1654	
-0.345508	0.816224	3521	
-0.831953	0.372936	5592	
-0.752240	-0.560091	1850	
0.961795	-0.125590	607	
0.323493	-0.933749	6180	
-0.745214	0.656601	6262	
-0.028500	-0.383148	4500	
-0.138108	-0.440785	2215	
-0.121896	-0.587474	1755	
0.489554	0.272529	3047	
-0.153544	0.525412	6080	
-0.408230	-0.040650	1966	
0.039414	0.321828	4392	
0.304244	0.019111	2221	
0.270044	-0.085620	3795	
-0.090292	0.264531	2101	
0.150212	-0.192423	681	
-0.513506	-0.475326	5875	
0.141834	-0.645937	4307	
-0.296615	0.547399	995	
-0.188574	0.595373	4152	
0.577087	0.365696	1160	
0.683247	-0.105793	1311	
-0.660624	0.218958	4418	
-0.268982	0.648519	962	
-0.048239	0.727264	5730	
-0.737873	0.061273	564	
-0.011291	0.766746	2473	
-0.754625	0.202759	1275	
-0.788439	0.083646	2653	
0.746895	-0.336100	3908	
-0.250812	0.800435	4758	
0.247739	0.812667	1751	
-0.827762	-0.290894	5338	
-0.749996	0.473864	5700	
0.717480	0.591227	6563	
-0.250471	-0.902501	6857	
0.430145	0.875569	921	
0.462844	0.877213	920	
-0.907462	0.403735	2815	
-0.417093	0.110049	2227	
-0.098427	0.390443	4345	
0.369815	0.010983	772	
0.271494	-0.515041	5043	
-0.220580	0.470562	1068	
-0.200977	0.320207	5728	
-0.171821	-0.468860	1212	
0.279046	0.477129	3501	
-0.397229	-0.026911	2318	
0.224007	0.224748	6359	
0.230276	-0.167673	619	
-0.037998	0.276971	6906	
0.053060	0.240557	1884	
0.463953	-0.441763	5352	
0.582225	-0.271305	4874	
0.460827	-0.455798	3051	
0.616420	0.274075	3119	
0.066514	-0.708802	1566	
0.695762	0.068244	1451	
0.318054	0.626731	5136	
0.248525	0.685141	4890	
-0.685235	0.279591	933	
-0.065036	0.763987	5447	
-0.774040	-0.113115	884	
-0.763120	-0.227998	1447	
0.720289	0.389100	5644	
-0.840216	-0.056210	4473	
-0.790290	0.320259	5220	
0.423349	-0.774798	2440	
-0.528483	-0.731659	6186	
-0.551258	0.751770	5944	
0.415589	-0.837551	6314	
-0.781939	0.592071	568	
-0.308594	0.943357	6030	
0.307274	0.288630	4150	
0.469454	0.206542	3320	
0.088573	-0.568292	2459	
-0.391719	0.228111	5485	
-0.225608	0.363653	5704	
-0.071234	0.495779	1329	
0.362858	0.096360	758	
-0.120913	0.506691	6125	
0.303346	0.190827	3464	
0.537362	-0.209512	2389	
-0.453055	-0.066049	3300	
0.261929	0.175549	2155	
0.240892	-0.147354	389	
-0.450476	-0.203014	1461	
-0.216194	-0.301324	1145	
0.220454	-0.620029	3050	
-0.616088	0.023699	4238	
-0.376122	0.537345	3423	
-0.531411	-0.544301	1630	
0.143166	-0.700574	5955	
0.462579	0.529757	3448	
0.202863	0.699981	1421	
-0.737793	-0.063686	734	
-0.397802	0.655647	2693	
-0.515646	-0.643549	1536	
0.440571	-0.672600	5279	
-0.002371	0.819135	5510	
0.268930	-0.807350	4261	
0.413767	-0.757696	2440	
0.685821	0.557566	3954	
0.725433	-0.523481	4014	
-0.882929	-0.305476	6341	
0.761750	-0.598161	1490	
0.256832	-0.953824	5993	
0.408204	-0.015212	778	
0.316101	0.312482	4221	
0.282795	0.374382	516	
0.379482	0.313159	644	
-0.083457	-0.488014	2943	
0.373858	0.334939	942	
0.397592	0.320390	2781	
0.006625	0.421448	4416	
-0.306759	0.267997	1748	
0.325014	0.420736	2052	
0.329082	0.135739	3551	
0.359470	0.422297	2244	
-0.261620	0.208073	2325	
0.240964	-0.172887	1693	
0.178216	0.217671	481	
-0.129244	0.209816	6835	
-0.445862	-0.529373	5234	
-0.214783	0.584849	4621	
-0.145090	0.639784	4797	
-0.613117	-0.382064	5917	
0.208018	-0.681764	5768	
0.215751	0.668585	1538	
-0.224112	0.693148	4132	
0.260428	0.710527	2892	
-0.747191	0.176082	1271	
0.683737	-0.399271	3060	
0.131375	0.792913	3911	
0.332902	-0.767488	4213	
0.820655	0.217561	1628	
-0.577577	0.653239	3807	
-0.570645	0.678874	4498	
0.865753	0.337650	4412	
-0.112603	-0.929155	4865	
0.062669	0.974895	6585	
-0.003531	0.992167	6426	
0.012237	-0.434106	3063	
0.358915	-0.165524	4044	
0.389839	0.163513	2616	
0.302185	0.319779	3560	
0.267504	0.367483	3041	
0.293826	0.376292	839	
0.522920	-0.095629	792	
0.107332	0.449924	4572	
-0.119544	0.434024	4883	
0.204109	0.354529	494	
0.229838	0.314163	4593	
-0.371614	0.361099	3255	
-0.200433	-0.530785	1374	
-0.530886	0.081246	4464	
0.306506	0.037246	2145	
0.277257	-0.037741	3249	
0.057707	-0.242087	308	
-0.590615	0.157940	4124	
-0.069767	0.619827	6402	
-0.227662	0.615224	3483	
-0.383140	-0.635285	1101	
0.567373	0.405006	1246	
-0.495933	0.497231	4153	
-0.725387	-0.067061	734	
-0.618875	-0.518431	1821	
0.754067	-0.198270	3327	
-0.174871	0.771496	2903	
0.219417	-0.791359	6160	
-0.317150	0.776386	4224	
-0.474598	0.705864	4613	
0.415960	-0.778391	2394	
-0.201932	-0.874397	4925	
-0.876094	0.319657	4145	
-0.929230	0.246831	6217	
-0.691748	-0.701791	6813	
0.233149	0.407829	1182	
0.416101	0.281345	2843	
0.441914	0.245939	1948	
0.454872	0.224601	1787	
0.308810	0.374983	3900	
0.298393	0.378704	839	
0.345391	0.346253	4165	
0.445551	0.234825	1787	
-0.017858	-0.436620	1964	
0.188528	0.385252	3021	
0.149555	-0.347281	3733	
-0.176783	0.465830	1121	
0.533692	-0.166331	2574	
0.347118	-0.030780	3056	
-0.149077	0.525075	6080	
0.252753	0.191549	1684	
0.229680	-0.161131	310	
-0.190877	-0.326330	2019	
-0.579266	-0.144543	5760	
-0.350021	0.514677	980	
-0.535491	0.378516	549	
0.323489	-0.623977	5429	
-0.692794	-0.045035	4884	
-0.697348	-0.198067	4929	
0.044795	-0.753019	4949	
0.694099	0.328807	2554	
-0.647614	0.437552	2345	
-0.619367	-0.554534	1250	
0.139508	0.806811	5070	
0.481075	-0.700438	2539	
0.841241	-0.193637	2725	
0.046453	0.884058	2588	
-0.911058	-0.082679	4191	
-0.321818	-0.879945	6422	
0.297341	0.929126	5997	
0.031569	0.991641	6298	
-0.191999	0.446027	6048	
-0.287102	0.388643	2528	
-0.159873	0.459822	969	
0.537178	-0.017678	2758	
-0.292788	0.329358	1468	
0.531093	-0.091383	2416	
0.123749	0.415619	3227	
0.219058	0.370177	1097	
-0.088801	-0.537140	1674	
0.044149	-0.406020	3762	
0.190402	0.440402	739	
-0.153789	0.438673	969	
-0.125546	-0.530694	2210	
-0.104256	-0.452995	4565	
-0.059670	0.372739	3825	
0.046228	0.545405	2633	
0.242485	0.206646	1701	
0.225990	-0.165565	619	
0.240812	-0.031801	6655	
-0.115012	-0.655716	4957	
-0.562176	-0.236786	2957	
-0.199317	0.640825	4162	
0.643017	0.244220	4291	
0.006485	-0.727894	4552	
0.626224	0.375434	2350	
-0.733209	0.095690	664	
-0.652929	0.403182	529	
0.701077	-0.367239	3074	
-0.469000	0.654580	4622	
0.749155	0.370520	5376	
0.267399	0.806067	3519	
-0.365660	-0.809140	2016	
-0.507393	-0.745636	4692	
-0.825472	0.433760	4107	
-0.679932	0.676647	493	
-0.566640	-0.806370	6143	
-0.852642	0.509141	6013	
0.341380	-0.103192	2669	
0.341880	-0.101576	2669	
0.337128	0.150774	4239	
-0.272220	0.286572	5350	
-0.477921	0.135942	2213	
0.502994	0.181873	2641	
0.167447	0.368193	1043	
0.436157	0.281023	2115	
-0.042714	0.437272	4260	
0.189226	-0.328202	5858	
0.112048	0.435734	4493	
0.150264	0.449189	984	
0.071069	0.429060	2804	
0.158445	0.381539	510	
0.270354	-0.237156	3675	
-0.088531	0.367619	2559	
-0.016801	0.546404	1838	
0.295420	0.106510	2194	
0.276693	-0.030391	3249	
-0.289614	-0.088557	1631	
0.445366	-0.471818	3015	
0.474866	0.413001	3646	
0.048575	0.677968	2705	
-0.621419	-0.358386	5471	
0.105276	0.694272	4257	
-0.727747	-0.028760	3043	
-0.274995	-0.744867	483	
0.596188	0.499911	2414	
-0.792781	0.005714	2032	
0.563981	0.592381	4649	
0.024604	-0.852916	4073	
0.726293	-0.466058	4600	
0.063554	0.882761	2236	
-0.681702	-0.627038	5570	
-0.142740	-0.925064	5837	
-0.058760	0.975124	6428	
-0.229842	0.965341	6000	
-0.242431	0.266907	3526	
-0.262658	0.246931	3469	
-0.407848	0.018465	1915	
-0.487692	-0.007738	3350	
-0.161710	0.507962	3433	
0.474544	-0.323614	3083	
0.361410	0.003859	772	
-0.476788	0.147505	2213	
-0.113624	-0.557606	3318	
0.005572	0.492086	5845	
0.238589	0.341165	618	
0.250541	-0.281973	5736	
0.434142	0.265865	1641	
0.074224	0.428226	2804	
0.191987	0.362689	2305	
-0.032561	-0.412029	1975	
0.147620	0.340725	5971	
-0.404263	0.365460	3064	
0.278102	-0.122214	4490	
0.086180	0.264517	1803	
-0.426331	-0.461298	1781	
0.602409	0.194179	5859	
0.040870	0.655407	2321	
-0.018370	-0.715186	2798	
-0.683927	-0.121788	4662	
0.476590	-0.563794	5515	
0.731146	0.097920	1675	
-0.377019	0.667323	3141	
0.301192	-0.735676	2202	
-0.298283	0.747026	2711	
0.773569	0.315819	2312	
0.149595	0.836145	1608	
0.012848	-0.883041	4959	
-0.066396	-0.893413	4820	
-0.932726	-0.018380	6257	
0.520640	-0.815260	1009	
0.791293	-0.593108	6355	
-0.953871	0.276786	6809	
0.486975	-0.342065	4480	
0.439300	-0.406191	1805	
0.248625	-0.555523	5050	
-0.234327	-0.548949	4913	
0.242081	-0.219590	2277	
0.161555	0.309677	3157	
-0.476912	-0.015575	5591	
0.092460	0.528175	2733	
0.356380	-0.042868	3056	
-0.398289	0.315281	2256	
0.069094	0.404157	2406	
-0.267013	0.349944	2638	
-0.075692	0.460286	4866	
0.256054	0.331953	2862	
-0.061235	0.438812	4186	
0.037195	-0.579534	1878	
0.309959	-0.489341	5441	
0.108869	-0.331851	6243	
-0.379024	0.006352	5149	
0.083626	-0.287737	282	
-0.120961	0.585520	3419	
-0.182353	0.586771	3834	
-0.611916	-0.046330	3362	
-0.667584	-0.049324	5051	
0.027606	0.684204	3049	
0.618151	0.337426	2297	
-0.541044	0.488927	1992	
-0.593521	-0.551414	1178	
0.619455	0.470783	2070	
-0.785354	-0.113984	793	
0.357980	0.735428	3822	
0.600175	-0.600843	3446	
0.685158	0.528081	4501	
-0.613299	0.640632	3004	
0.485542	0.793020	4407	
0.313332	-0.880786	6226	
-0.905619	0.376749	5999	
-0.199150	0.544405	3496	
-0.161668	0.556626	2652	
-0.087099	0.568919	2961	
0.122244	0.559687	4769	
0.387917	0.425689	3473	
0.542962	-0.236474	4287	
-0.245483	-0.518152	4411	
0.234886	0.254014	2105	
-0.506311	0.022912	3079	
0.404324	-0.416163	5396	
-0.362644	0.165620	3383	
-0.139404	-0.507129	1079	
-0.022483	-0.425501	1964	
0.248935	0.428900	740	
-0.007934	0.470439	4856	
-0.347078	0.278159	2409	
-0.254357	0.425920	5585	
-0.322271	0.405302	2431	
0.384898	-0.444079	1958	
0.041385	0.329057	4392	
0.186314	-0.209014	834	
-0.270716	-0.050307	5895	
0.588679	-0.255986	5040	
-0.562958	-0.440503	6548	
-0.452259	-0.599635	5455	
-0.691586	0.065390	4159	
0.420548	-0.607989	5175	
0.659549	0.328384	2129	
-0.596509	0.482350	2276	
0.761676	-0.211395	4410	
-0.805456	0.036141	3935	
-0.175987	0.819154	4120	
-0.825878	0.209325	4369	
0.816047	0.338690	3069	
0.846583	-0.287726	2717	
-0.510736	-0.787156	1163	
0.437554	0.869930	921	
-0.064316	0.989929	2736	
0.502063	-0.360196	4984	
0.489031	-0.378975	4982	
0.602491	0.038167	1208	
0.508992	0.310887	3915	
0.186565	0.555830	873	
0.030885	0.580769	3839	
0.292719	0.496078	4032	
0.551073	-0.219148	2898	
0.025004	-0.344623	2864	
-0.305336	0.190056	2930	
0.212600	0.495773	3379	
-0.086161	0.380907	4345	
-0.029731	-0.582510	1464	
0.026782	-0.402585	5853	
0.380917	0.336439	942	
0.531835	-0.077140	2055	
-0.344277	0.329501	3358	
-0.012906	0.403886	3678	
-0.120894	0.359409	3451	
-0.380998	0.388464	3101	
0.194249	-0.229518	6590	
-0.174255	0.215319	6293	
0.611729	-0.158937	3979	
-0.579240	0.224770	4965	
-0.667089	0.064490	4814	
-0.419836	0.540675	3371	
0.320870	0.624593	5136	
-0.706637	-0.187077	502	
0.531187	-0.560648	3248	
-0.377162	0.682187	3141	
0.111914	-0.799740	4536	
-0.818553	0.068639	5425	
0.715213	0.456603	5362	
-0.793393	-0.379215	6037	
-0.646546	-0.629244	5556	
-0.895306	0.260297	5413	
-0.152689	-0.954125	1154	
0.638263	-0.754359	2780	
-0.588271	0.092493	3116	
-0.551687	-0.155414	5280	
-0.297924	-0.076953	1943	
0.065712	0.250749	2067	
-0.231078	-0.383542	2102	
0.547521	-0.276293	4546	
0.362932	0.465703	4596	
0.121504	0.567149	4769	
0.560891	0.157510	5616	
-0.246930	-0.510173	4734	
-0.088885	0.344055	2385	
0.200377	0.500527	2909	
-0.268077	0.287714	5350	
0.320786	-0.178266	3445	
-0.225450	0.376525	5773	
0.260368	0.423135	574	
0.022986	0.437073	4067	
-0.094596	-0.467682	1261	
0.536435	-0.152275	1776	
0.031189	-0.602315	1807	
-0.060105	0.328861	2131	
0.109962	-0.262868	6450	
-0.251698	0.017982	1267	
0.622521	-0.145719	1378	
0.157776	0.605169	2337	
0.217561	-0.671701	4278	
-0.518118	-0.569277	1026	
0.606674	0.405581	2778	
0.270887	-0.711963	1114	
-0.006936	-0.791027	3333	
-0.429825	0.664135	4678	
0.736893	0.355510	3894	
0.046152	-0.851480	5403	
0.863115	-0.003771	4419	
-0.597634	0.654978	4129	
0.424327	0.827455	5232	
0.440792	-0.824303	6315	
-0.981814	-0.015799	478	
-0.848296	0.516085	6013	
-0.168230	0.149234	6812	
-0.127463	0.185761	856	
-0.413712	-0.466847	1970	
-0.102750	-0.272788	2848	
0.284304	-0.572071	5291	
-0.297203	-0.075059	1943	
-0.257061	-0.405753	1336	
0.604311	-0.009909	1245	
0.228961	0.538766	4567	
0.514846	0.269798	5904	
-0.251270	-0.523251	4207	
-0.213979	0.285133	3584	
0.514131	-0.248593	2895	
-0.480357	0.129225	2175	
-0.173480	0.378945	2609	
-0.018277	0.480869	1010	
0.268601	-0.501700	3163	
0.474453	0.214051	3320	
-0.181488	0.365647	4705	
-0.204285	0.320987	5728	
-0.412153	0.355053	3064	
0.148589	-0.263238	563	
-0.445708	-0.205465	1461	
-0.602099	0.096830	4167	
-0.417784	-0.559238	929	
0.124908	0.668133	3858	
0.418159	-0.569446	1070	
-0.208062	-0.715076	4652	
0.420050	-0.614570	5175	
-0.320052	0.696118	2117	
0.560128	-0.559818	4457	
-0.756530	0.276905	3776	
-0.244298	0.801348	4665	
-0.850577	-0.064549	4473	
0.633788	0.615310	2723	
0.651381	0.614266	3346	
-0.137640	-0.925773	5837	
-0.246962	0.945376	6007	
-0.485132	0.865750	2738	
0.192970	-0.098316	3644	
-0.235019	-0.023742	938	
0.200447	-0.132888	4339	
0.239274	0.555866	853	
0.171944	0.192818	481	
0.546130	-0.277945	4546	
0.297795	0.505710	5937	
0.581021	0.071488	1481	
-0.068853	-0.375143	3700	
-0.501934	0.010376	1238	
0.207946	-0.282938	3102	
0.220733	0.469642	2278	
0.298052	0.412733	1306	
-0.093052	-0.480196	1162	
-0.193378	0.418721	3412	
0.501634	-0.234185	2398	
0.377653	0.374677	2051	
0.372817	-0.455152	1958	
0.198603	0.257920	2100	
0.265109	-0.078798	3795	
-0.259261	-0.102598	6101	
0.221709	0.585056	2392	
-0.649738	-0.043368	4398	
0.432467	0.531258	3007	
0.574261	0.406362	6034	
-0.720770	-0.108275	5722	
0.575878	-0.513569	3230	
-0.721136	0.299663	1107	
0.769039	-0.224486	5221	
0.316089	-0.773295	4743	
0.230542	0.817168	2156	
0.138173	-0.870834	4570	
0.319260	-0.834732	4426	
-0.748790	-0.564430	670	
0.752248	0.614173	6647	
0.095403	0.987241	829	
-0.140115	-0.247587	348	
-0.039563	-0.233967	315	
0.001300	-0.650905	4823	
0.085763	0.244769	6610	
0.563169	-0.237518	4322	
0.312955	0.494607	6241	
0.516342	-0.300118	3921	
0.262935	0.218823	1802	
0.046709	0.534010	2438	
-0.233350	0.314888	5718	
0.259497	0.298269	3792	
-0.392109	0.256315	5005	
0.152643	0.398919	2947	
-0.410551	0.180374	5452	
0.323035	-0.165056	3445	
0.299945	-0.168217	6232	
-0.352767	0.060283	5530	
-0.010376	-0.308775	6039	
0.222373	0.101517	472	
0.610887	-0.192070	4211	
0.340799	-0.557198	3088	
0.346209	-0.610664	5377	
-0.288737	-0.686923	5402	
0.331041	0.648619	1381	
-0.491575	0.575719	3214	
0.748609	0.213406	3032	
-0.754266	-0.259480	1865	
-0.146842	0.804942	3316	
0.844171	0.084581	4956	
-0.869945	0.066761	5535	
-0.782463	-0.431898	6134	
-0.903616	0.229284	627	
0.080088	-0.962887	6508	
0.943944	-0.295815	6709	
-0.115438	0.185931	1244	
0.024696	-0.227313	352	
0.586368	0.181578	5562	
-0.066752	-0.294728	6184	
0.579267	0.151036	1474	
0.497233	0.302849	3488	
-0.251359	-0.514219	3681	
-0.389686	0.033978	1919	
-0.137979	-0.459109	3859	
0.289470	0.435147	2311	
0.529374	-0.130657	1904	
0.246979	0.334775	618	
0.219316	0.352757	663	
-0.453701	0.113539	2602	
-0.459086	0.033021	1772	
-0.288758	0.460832	3188	
0.105944	-0.286489	2047	
-0.581500	-0.039750	2012	
-0.409397	-0.550566	890	
0.566610	-0.304411	4086	
-0.669245	0.104504	5320	
-0.361395	0.594354	2831	
0.588292	-0.442193	2441	
-0.431706	0.596711	2951	
-0.746303	-0.188986	1333	
-0.190590	0.767010	2919	
0.763676	0.293058	5179	
0.236536	-0.816859	6117	
0.713084	0.488219	2779	
-0.782235	0.417437	3104	
-0.311201	0.877450	6689	
0.838824	-0.412751	3630	
-0.433140	-0.884736	5915	
0.009002	-0.223107	360	
0.238435	0.042308	1169	
-0.393830	-0.185820	6732	
-0.194439	-0.617045	1400	
0.433472	0.400183	2645	
0.492398	-0.342053	4480	
0.188293	0.289823	2533	
0.289675	0.458862	2395	
-0.481119	0.122046	2175	
-0.303574	0.285732	4579	
0.230638	0.441020	5557	
0.378898	-0.064085	4477	
0.437877	0.285888	2115	
0.000078	0.519011	1392	
0.510666	0.224928	3107	
0.302738	-0.063938	632	
0.187508	0.203243	481	
0.572200	-0.275496	4759	
-0.610858	-0.054734	3362	
0.685452	0.016325	5180	
-0.359914	-0.650712	1777	
-0.567058	-0.527642	1061	
0.581953	-0.459471	3224	
-0.580106	0.501396	3880	
0.781095	0.115110	4967	
0.244359	-0.783578	6075	
-0.809533	-0.236891	2266	
0.182365	-0.842580	2503	
-0.218552	0.857305	5008	
0.811501	0.451318	3673	
0.492018	-0.794702	4639	
-0.974546	-0.119209	6118	
-0.927061	0.355951	6022	
-0.275588	-0.119182	6154	
-0.367236	-0.552627	2161	
0.199625	-0.165010	6461	
0.594672	0.080425	1481	
0.572355	0.126627	1401	
0.018955	-0.342774	2864	
-0.444776	0.297200	1767	
0.162623	0.343613	1373	
0.320071	-0.177782	3445	
-0.373036	0.235901	4835	
-0.181194	0.427763	3412	
0.311849	0.249875	4049	
0.358810	-0.449925	5573	
0.211709	-0.558339	4644	
0.108344	0.312873	2794	
0.196280	-0.194743	1091	
-0.242469	-0.069025	6917	
-0.039883	0.622571	6107	
0.538244	0.401876	4121	
-0.504580	0.462660	3308	
-0.194539	0.673727	4963	
-0.256976	-0.723959	1293	
0.153081	0.750936	3081	
0.165666	-0.779109	4406	
-0.677656	0.435052	2988	
-0.297505	0.782845	3901	
-0.783044	-0.353571	6357	
0.351868	0.810742	3759	
-0.832451	0.357597	2908	
0.283534	-0.890706	6334	
-0.842631	0.499554	6013	
-0.831349	0.542728	6586	
0.219845	-0.099111	539	
-0.203037	0.160736	770	
0.382554	-0.490490	5606	
0.492755	0.316428	3488	
-0.251248	-0.507769	4090	
-0.420418	-0.006369	2191	
0.333154	-0.120703	2384	
0.290327	-0.499163	5212	
0.360762	-0.112830	2545	
-0.217169	0.405131	5909	
-0.297893	0.313887	1468	
0.026135	-0.388198	5919	
-0.005818	-0.378754	922	
-0.129425	0.311716	2405	
0.005012	-0.300806	6039	
-0.528156	0.287944	3998	
0.464798	0.424016	3740	
-0.613988	0.227750	5292	
0.421548	0.539715	2595	
0.474733	0.517760	3791	
-0.651572	-0.394044	6208	
0.758379	0.122213	3299	
-0.381132	-0.721586	4413	
0.265050	0.756965	4318	
0.491313	0.674998	5081	
-0.702410	0.479552	1760	
0.697024	0.542097	3954	
0.738901	0.504733	4164	
0.057202	-0.933451	4680	
-0.527496	0.823172	482	
-0.721122	0.682095	2761	
0.131957	-0.182252	823	
-0.586899	-0.025401	2066	
-0.317327	-0.560111	6344	
0.514132	0.292659	5904	
-0.129351	-0.606615	1755	
-0.205545	0.288391	3137	
-0.159961	-0.557457	1593	
0.298992	0.429718	2311	
0.523656	0.091544	2870	
0.198397	0.451752	1875	
-0.412363	0.181760	5452	
0.371194	0.047957	6323	
0.322310	0.164168	3709	
-0.325626	0.119415	1527	
-0.063444	-0.323305	6362	
0.089116	0.229345	1211	
0.607915	0.177233	5859	
-0.489859	0.435513	2223	
0.654979	0.210384	3905	
0.701406	-0.084672	1148	
-0.702673	0.191654	691	
0.566188	-0.523888	2812	
-0.780392	-0.023178	623	
0.736000	0.316586	5554	
0.833526	0.034155	4108	
-0.283453	0.800250	3901	
0.875790	0.110344	2562	
0.884284	-0.130034	3586	
-0.115456	-0.928611	4511	
-0.249447	0.943838	6007	
-0.117179	0.153947	3699	
-0.260175	-0.096638	6101	
0.321583	0.513418	801	
-0.348436	-0.507208	6452	
0.556582	0.209361	1478	
0.233124	-0.567636	4729	
-0.137376	0.326432	2405	
0.148870	-0.575999	2642	
-0.039086	0.511541	1002	
0.433165	0.287066	2115	
0.251275	0.327393	2862	
-0.373198	0.293723	2428	
0.090719	0.391360	2265	
0.213826	0.301258	3027	
-0.388787	0.002254	2177	
-0.091547	-0.335982	4346	
0.231556	0.077309	1170	
0.631827	0.065143	5780	
0.027177	0.655869	2108	
0.688605	-0.049248	5335	
0.570428	-0.424019	2291	
-0.515154	0.514601	1600	
0.225142	-0.742792	988	
-0.531461	0.570198	3297	
0.779638	-0.181170	1337	
0.706193	-0.443548	2201	
-0.128757	0.839032	4154	
0.823315	-0.315807	5334	
0.806316	-0.384949	5848	
-0.202991	-0.913826	490	
-0.079920	0.971855	979	
-0.589470	0.798336	6020	
-0.304960	-0.153240	641	
0.614762	-0.074685	1241	
-0.330747	-0.477861	6302	
0.577641	0.147817	1474	
0.233422	-0.567667	4729	
-0.105535	0.337641	1922	
0.504436	-0.274768	3480	
-0.078530	0.506436	1189	
0.355031	0.370996	777	
0.345236	0.206248	4771	
-0.289901	0.373858	4304	
0.078242	0.394645	2581	
0.200264	0.311371	4011	
-0.409274	-0.021462	1936	
-0.107215	-0.343401	4346	
0.189523	-0.150571	415	
0.632218	0.062207	5780	
-0.624070	0.111598	4539	
0.682245	-0.109603	1231	
0.515095	-0.491673	1041	
-0.464412	0.560490	2376	
0.116115	-0.769803	3415	
-0.446846	0.637684	4753	
0.710327	-0.369554	3074	
0.522651	-0.649857	2094	
-0.090401	0.844001	2724	
0.772278	-0.425121	4876	
0.774556	-0.445285	3212	
-0.221562	-0.909607	4910	
-0.058821	0.973267	6428	
-0.583358	0.802790	5982	
0.324085	0.511727	801	
-0.339488	-0.489375	6660	
0.587423	0.107538	1193	
0.083782	-0.614104	2801	
-0.202224	0.290501	3137	
-0.060144	-0.593410	4598	
0.136891	0.498364	2231	
0.506799	0.148289	2768	
-0.090772	0.428761	4789	
-0.410372	0.232379	2050	
0.159212	0.364873	1043	
0.262559	0.256181	2564	
-0.370299	0.033319	5332	
-0.112868	-0.345003	2654	
0.232774	0.073427	1170	
0.623846	0.114544	5814	
-0.010952	0.656203	2706	
0.689751	0.006754	5004	
0.598656	-0.381658	1798	
-0.534762	0.494105	2430	
0.233175	-0.739966	988	
-0.542892	0.559060	2805	
0.788000	-0.139535	3945	
0.688992	-0.469524	4717	
-0.159738	0.833607	3878	
0.829908	-0.297559	2954	
0.820948	-0.352400	5832	
-0.159861	-0.922143	6144	
-0.115938	0.968149	396	
-0.627785	0.768584	2759	
0.606286	0.117457	5814	
-0.577543	-0.074578	1486	
-0.294416	-0.572021	6308	
0.586993	0.102684	1183	
-0.256564	-0.526048	4207	
-0.289113	0.203580	2959	
-0.141042	-0.459410	3859	
0.476917	0.241750	2594	
0.133604	-0.562718	2157	
-0.320315	0.322794	3036	
-0.341215	0.267119	2409	
0.217885	-0.287429	3653	
0.302914	-0.166094	6232	
-0.253808	0.227587	2325	
-0.101971	-0.337210	4346	
0.083853	0.231339	6756	
0.568908	0.274381	5621	
-0.545872	0.362266	601	
0.617106	0.301966	3084	
0.705518	0.010668	1369	
-0.715859	0.132134	419	
0.624837	-0.450842	3123	
-0.780461	-0.012516	621	
0.723253	0.343771	3568	
0.828971	0.092116	3449	
-0.361858	0.768037	2793	
0.869721	0.149857	2478	
0.891659	-0.061736	4180	
-0.016511	-0.935248	5748	
-0.322834	0.921164	5998	
-0.379495	-0.234091	4714	
0.204148	-0.128779	4339	
-0.259112	0.048539	6178	
0.051578	-0.634583	5669	
0.593301	0.000994	1510	
-0.139405	-0.404614	2453	
-0.506097	0.005797	1238	
0.314124	0.194620	3920	
-0.129567	-0.485954	1210	
0.213898	0.351540	663	
-0.316546	0.326295	3036	
0.038533	0.420961	3652	
-0.132486	-0.552113	1613	
-0.165430	-0.470695	1212	
0.047270	0.330720	4230	
-0.060084	-0.318709	6362	
-0.233410	0.556040	4634	
0.338078	0.528151	801	
-0.649312	0.067713	4926	
0.290376	0.619176	5041	
0.361768	0.601111	941	
-0.551438	-0.567837	6522	
0.738698	0.209011	3032	
-0.248844	-0.769581	1940	
0.179328	0.781577	5103	
0.421347	0.720455	4940	
-0.721783	0.449006	5437	
0.621953	0.626449	2981	
0.684859	0.575507	4349	
0.194568	-0.914313	5467	
-0.618485	0.756940	1053	
-0.819770	0.559720	2737	
-0.146878	0.140094	3636	
-0.405306	-0.245816	787	
-0.339006	-0.433382	6462	
0.226700	-0.131236	4458	
0.496777	-0.360416	4984	
0.500721	-0.333709	4480	
0.267503	-0.176900	6278	
-0.222247	0.488404	5816	
-0.073054	0.379820	3825	
0.311009	0.233251	4030	
-0.406842	0.200054	1455	
-0.271465	0.354360	2638	
-0.060102	-0.444071	2332	
0.484029	0.233874	2170	
0.533525	-0.213813	2389	
0.256117	0.201720	1701	
0.144082	-0.236762	6766	
-0.495568	0.351017	1024	
-0.253670	0.568817	512	
0.281811	0.607226	3393	
-0.623029	0.282598	5176	
-0.360430	0.601193	2119	
-0.026237	-0.756013	1990	
-0.001807	0.766017	2473	
0.320073	-0.726140	2869	
-0.740307	0.315797	3663	
-0.415458	0.727022	3204	
-0.714018	-0.494061	3341	
0.200460	0.860805	3386	
-0.841430	0.331871	2518	
0.470779	-0.807354	4599	
-0.912964	0.354724	6022	
-0.923415	0.364777	6022	
-0.017709	0.244175	4402	
-0.560914	-0.126830	1017	
-0.305403	-0.453915	5161	
0.590168	-0.127984	1365	
0.001773	-0.623118	3237	
-0.047105	0.347717	785	
0.536005	0.148390	5843	
-0.417896	0.292726	1914	
-0.400325	0.152025	4253	
-0.067580	0.475590	1040	
-0.115003	-0.509865	3031	
-0.365928	0.329819	2549	
-0.490668	0.087027	1410	
0.169360	0.518409	2847	
0.175296	-0.252504	761	
0.244648	0.125031	6764	
0.599421	0.177384	5859	
-0.557901	-0.250249	2957	
0.596471	0.331644	2962	
-0.060036	-0.719475	3267	
-0.333553	-0.675931	1627	
0.689332	-0.266184	2497	
-0.698591	0.314697	1268	
0.738272	0.278204	3461	
0.376185	-0.727476	5424	
-0.754991	-0.390991	5113	
0.324906	-0.796811	5576	
-0.412975	0.782423	5521	
0.728361	0.575213	4356	
0.683469	-0.637392	316	
-0.935581	-0.297106	6215	
-0.986531	0.113141	6823	
-0.112793	0.195081	1244	
-0.321055	-0.418976	1736	
0.191229	0.179607	1487	
0.108282	-0.624603	3660	
0.565481	-0.198904	2640	
-0.099705	-0.382495	4188	
-0.408146	-0.001465	2808	
-0.048149	-0.402847	2838	
0.407435	0.339526	2058	
0.452643	0.259307	1641	
0.483317	-0.265713	1916	
-0.305696	0.308002	5632	
0.154804	0.367401	510	
-0.085545	0.373193	2559	
-0.524789	0.044657	4389	
-0.094325	-0.358038	4276	
-0.534682	0.262867	4210	
0.275721	-0.587268	1682	
0.605939	0.183478	5859	
-0.644466	-0.216728	4104	
-0.575106	0.391170	6166	
0.714522	-0.161282	3459	
-0.514322	0.526502	2884	
-0.658546	-0.457942	1388	
-0.314072	0.724254	2567	
0.670247	0.467241	3599	
0.450168	-0.719295	1817	
0.610389	0.610281	3285	
-0.870758	0.165178	3405	
-0.541157	0.757619	5944	
0.921091	-0.159081	6482	
-0.190477	-0.966181	6142	
-0.091493	0.184357	3699	
-0.461388	-0.281315	6448	
-0.035735	-0.258659	806	
-0.379389	-0.171196	6732	
-0.270004	-0.424242	956	
0.537117	-0.287887	4036	
0.080411	-0.615854	2542	
0.276614	0.190573	1891	
-0.106038	0.527454	6224	
-0.053829	0.382421	3582	
0.176875	-0.319270	3721	
0.107340	-0.365785	3197	
-0.167935	0.445729	969	
0.017588	-0.578682	2069	
0.547520	-0.076711	2055	
-0.192975	-0.526110	5509	
-0.058625	0.334092	2131	
-0.154314	-0.363489	2006	
0.221289	0.103953	472	
0.573477	0.265066	5621	
0.499490	0.383787	4432	
0.641175	-0.262904	5415	
0.144187	-0.707769	5860	
-0.006931	0.727373	2301	
-0.676422	0.339111	1031	
0.602813	0.490138	2887	
-0.565160	-0.611777	1098	
-0.397493	0.714815	4588	
0.762833	0.370036	1448	
-0.846417	-0.216924	4827	
-0.560768	-0.705654	338	
-0.926787	-0.103488	4676	
0.317150	-0.912250	355	
0.987839	-0.047353	2731	
-0.102332	0.167053	3699	
-0.474061	0.378690	655	
0.188267	0.155443	1161	
0.368896	0.480958	4653	
0.103611	-0.248716	414	
0.069533	-0.631194	5462	
0.519009	-0.308379	4344	
-0.124938	-0.394683	1976	
-0.330955	0.133603	1502	
0.536712	-0.195445	2500	
-0.425344	0.283369	2186	
-0.108503	0.397460	4607	
0.357079	0.170507	752	
0.137378	0.394268	2844	
-0.196200	0.361305	5871	
-0.432679	0.045197	1376	
0.126650	0.529295	3239	
0.209063	-0.226130	2260	
0.189139	-0.199539	834	
-0.014917	-0.219617	2132	
-0.299436	0.545870	995	
-0.535899	-0.518492	932	
0.022763	0.682511	2357	
0.244311	0.657086	1471	
-0.591559	-0.522868	923	
0.757874	-0.125915	3531	
-0.779142	0.035468	1493	
0.796329	0.074720	4891	
0.545207	-0.629850	1816	
-0.127839	0.838869	4154	
0.483671	-0.734712	2912	
0.634961	-0.627803	3272	
-0.401636	-0.846682	624	
0.472340	0.848256	428	
-0.302979	0.944400	6030	
-0.196103	0.023034	810	
0.194869	0.101568	3803	
-0.590719	-0.031001	2066	
-0.236001	-0.352111	1825	
-0.279763	-0.019632	6320	
-0.336370	-0.498598	6452	
0.468347	-0.396565	5675	
-0.008698	-0.624010	3375	
0.324332	-0.018773	6245	
-0.352757	0.403678	2575	
0.312351	-0.157694	6607	
0.253952	0.456851	6064	
-0.421059	0.127059	2691	
0.012152	-0.578580	2069	
-0.413987	0.265655	1853	
0.545034	0.040794	2937	
-0.082993	-0.413894	1972	
-0.370461	0.039849	4951	
-0.186361	-0.403236	1090	
-0.521103	0.289307	3998	
-0.220580	-0.633971	4703	
0.338486	-0.558678	3088	
-0.487485	0.471729	3268	
0.689078	-0.109776	1231	
0.491754	-0.524887	1171	
0.701718	-0.230174	3390	
-0.655894	0.396053	534	
0.767313	-0.183456	5172	
-0.797391	-0.116562	1205	
-0.567482	0.616394	2969	
-0.747640	-0.431224	5397	
0.280658	0.837628	2932	
0.359614	0.819753	3759	
0.328323	-0.874973	6226	
-0.611144	0.761900	2759	
-0.823679	0.553596	2737	
-0.119625	0.139974	3699	
-0.550220	-0.190074	4626	
0.218079	-0.104550	4155	
-0.446975	0.397427	1006	
-0.039204	-0.296782	407	
-0.032136	-0.637653	2005	
0.434846	-0.426685	5068	
-0.158632	-0.412835	1113	
-0.220812	0.273548	3054	
0.351789	0.419910	2244	
-0.148184	0.357748	3857	
0.489001	-0.278573	2702	
-0.337202	0.240818	4646	
-0.453336	0.135761	2604	
-0.133623	-0.484500	1210	
-0.334182	0.195266	3380	
0.071573	0.538454	2698	
0.304406	-0.078346	297	
-0.026806	-0.304421	407	
-0.181886	0.575326	3834	
0.405545	0.479664	2519	
-0.120496	0.644588	4084	
0.680571	-0.119270	1231	
0.152276	-0.705777	5955	
0.141212	0.713698	1498	
0.717132	-0.233440	3743	
0.528417	-0.574291	2830	
-0.740997	0.275922	2613	
0.444545	0.685230	4904	
0.500641	-0.684738	1636	
0.754755	0.417196	1158	
-0.847658	0.258090	3597	
-0.016588	0.929582	5694	
0.800229	-0.482338	5963	
-0.880700	-0.433804	5905	
-0.992397	0.034343	2548	
-0.278550	-0.338849	3777	
-0.071199	0.214882	1242	
-0.148519	-0.293788	1763	
-0.323874	-0.105025	2111	
-0.273158	-0.432176	956	
0.294793	-0.548913	3315	
0.048603	-0.622038	5669	
0.184175	-0.258156	6167	
-0.448815	-0.035810	3637	
0.410717	-0.413796	5396	
-0.327757	0.207151	4058	
0.464228	-0.322993	3083	
0.366526	0.100056	758	
-0.093874	-0.571377	5080	
-0.445271	0.038665	1359	
0.249483	-0.538688	5050	
-0.191901	0.284962	2367	
-0.220761	-0.425764	830	
-0.567708	-0.099420	1181	
-0.420781	0.446335	524	
-0.562582	-0.441293	6548	
0.433363	-0.542706	5296	
-0.658264	-0.183899	4930	
-0.324881	0.620610	4988	
-0.241793	-0.727945	1232	
0.766996	0.032420	3242	
-0.744734	0.229065	2251	
0.597172	-0.533434	3746	
-0.746087	-0.365199	455	
0.306775	0.790484	3002	
-0.362695	-0.808483	1775	
-0.123481	-0.885975	6115	
-0.887155	-0.289849	5574	
0.289030	-0.921232	6497	
0.932970	-0.325370	2665	
-0.486132	-0.290629	501	
-0.522992	-0.218075	4879	
-0.398178	-0.488003	5638	
0.077738	0.253878	6610	
-0.338540	-0.513841	6883	
0.344617	-0.513866	5495	
-0.263365	-0.546991	3621	
0.192324	0.279005	2056	
-0.399886	0.359715	2458	
-0.085468	-0.420392	1972	
-0.336797	0.193068	3380	
0.295606	0.434008	2311	
0.391625	0.357903	1563	
-0.414986	0.063781	2125	
-0.177422	-0.552732	2900	
-0.492444	-0.034110	5749	
0.009243	-0.329075	2134	
0.117749	-0.251438	6782	
-0.461994	-0.281497	6448	
0.357694	0.515401	844	
0.100881	0.616547	4266	
0.533428	-0.447672	5322	
-0.265056	-0.694258	5029	
0.687377	0.245934	1554	
0.062774	0.731654	1968	
-0.754911	-0.136220	354	
0.652384	0.442351	3202	
-0.634780	-0.549176	1250	
-0.656399	0.520955	1960	
-0.788088	-0.336611	2710	
0.432694	0.769405	3813	
0.851575	0.271780	3363	
0.124089	-0.926601	4566	
-0.125145	0.965274	548	
-0.636238	0.761258	732	
-0.256856	-0.104838	6101	
-0.231159	0.081113	6892	
0.605163	0.103744	5503	
0.129335	-0.237769	930	
-0.246269	-0.592754	2109	
0.239676	-0.571197	4643	
-0.187632	-0.426276	1379	
-0.135272	0.322522	2405	
-0.051521	0.536446	2182	
-0.125844	-0.580801	1814	
-0.176868	0.344076	4158	
-0.351799	0.167903	2922	
-0.238105	0.304469	5688	
-0.106463	-0.587676	3245	
-0.522818	0.115860	1531	
0.287062	-0.126414	280	
-0.189293	-0.382987	2122	
-0.374521	-0.471648	6617	
0.587256	-0.239010	5040	
0.013178	-0.666771	2004	
0.624780	0.275114	3789	
-0.650714	-0.215679	4977	
-0.137042	0.686827	4087	
-0.657854	-0.370162	1064	
0.374823	-0.675666	2886	
-0.045983	0.775332	2582	
-0.321923	-0.755147	324	
-0.298979	0.760623	3799	
0.847346	0.009344	3679	
0.164237	0.849010	1671	
-0.884030	0.064182	5423	
-0.136272	0.919696	6194	
0.813653	-0.459270	6280	
-0.943870	-0.266772	4840	
-0.054481	0.214838	857	
-0.024369	0.244591	4402	
-0.195417	0.566401	3496	
-0.017765	-0.292170	465	
-0.157414	-0.621104	1612	
0.023866	-0.625478	5110	
-0.000700	-0.342342	2864	
-0.202789	0.285120	3137	
-0.324429	0.429562	2431	
0.445243	-0.372798	4512	
0.058240	-0.358748	6198	
-0.182557	-0.494603	5239	
0.530624	0.173164	3904	
-0.524160	0.049106	4389	
0.319441	0.026384	2221	
-0.261524	-0.443609	1027	
-0.436283	-0.207298	1461	
0.474584	0.400887	3646	
-0.430568	0.449190	524	
-0.645008	-0.080456	3057	
0.671532	0.150384	3957	
0.124695	-0.712109	2159	
0.513096	0.516953	5811	
0.085052	0.729226	1605	
-0.764841	-0.039097	603	
0.787150	-0.044415	4231	
-0.782752	0.184888	3509	
0.236580	0.800236	1724	
-0.528236	0.664813	3888	
0.672904	-0.566388	3773	
0.606707	-0.654494	3269	
-0.617478	-0.706838	5943	
0.939419	-0.230271	848	
0.986984	0.061047	2664	
-0.898183	-0.424522	5950	
0.187618	0.116319	831	
0.107023	0.220603	719	
-0.331361	0.498048	973	
-0.031578	-0.295796	465	
-0.163541	-0.619171	1567	
-0.081360	-0.623142	1824	
-0.004337	-0.342515	6347	
0.000901	0.344988	1122	
-0.479741	-0.039261	4115	
0.108842	0.530167	2733	
0.309023	0.451378	2449	
-0.236077	0.485456	5816	
-0.372719	0.039995	4951	
0.285668	-0.131996	5469	
-0.282466	-0.464957	2839	
0.174310	0.213174	6317	
-0.278367	-0.608114	6380	
0.286883	0.556837	2391	
-0.409118	-0.563850	929	
-0.560784	-0.512830	5641	
0.695297	0.035802	5191	
-0.692200	0.103690	5456	
-0.039878	-0.755826	1442	
0.716380	-0.278108	3745	
-0.289495	0.720543	675	
-0.290558	-0.766148	1550	
-0.199558	0.792364	4206	
0.743425	-0.406656	4544	
0.810087	0.294061	5126	
-0.629939	0.621730	2897	
0.119829	-0.912784	4243	
0.610075	-0.707847	6752	
-0.747791	0.628628	2677	
-0.850631	0.510942	6013	
0.154200	-0.157753	3731	
0.168756	0.177314	1165	
-0.346023	0.487836	971	
-0.007967	-0.290158	6039	
-0.240581	-0.593249	2109	
-0.068102	-0.626315	1824	
-0.181768	-0.419577	1015	
0.321711	0.030570	2145	
-0.243657	0.249712	2995	
-0.370683	0.046851	4951	
-0.332618	0.121452	1527	
0.203538	0.263414	2100	
-0.048446	-0.348715	766	
-0.282966	-0.461254	2839	
0.224506	0.158650	500	
0.145382	-0.632695	2974	
0.462453	0.426520	3740	
0.502832	0.379434	4432	
0.360828	0.576019	2692	
-0.472088	0.493258	3151	
0.606019	0.355725	2295	
-0.348571	0.637709	1556	
0.165782	-0.741680	5828	
-0.579877	-0.573183	5803	
0.491324	0.615413	2601	
-0.776346	-0.223292	1436	
-0.011626	0.834795	5459	
-0.540804	0.654609	4146	
0.531157	-0.700195	3306	
0.371247	-0.811102	5545	
-0.848145	-0.391553	5066	
-0.931643	-0.232126	405	
0.253021	-0.952106	5993	
-0.948573	-0.294572	6215	
0.019643	-0.224242	360	
0.151087	0.192592	6912	
-0.229164	0.553174	4606	
0.053202	-0.273313	1644	
-0.326968	-0.531252	6438	
-0.068582	-0.628752	1824	
-0.278959	-0.509841	6815	
-0.051942	-0.353195	766	
0.284081	-0.138982	5469	
0.295976	-0.112696	280	
-0.027177	-0.343212	6749	
-0.249290	-0.461135	3937	
-0.235668	-0.415492	821	
-0.270977	0.035700	6178	
-0.299754	-0.368530	291	
0.472004	0.416222	3740	
0.398354	-0.514604	3039	
-0.625377	0.236904	5399	
0.202502	0.652528	3947	
0.365684	-0.614920	1051	
0.634122	0.360166	2315	
0.683947	0.270511	1984	
-0.373700	0.668010	3141	
-0.176239	-0.785819	5218	
0.541295	-0.590235	4825	
-0.706576	0.413116	3127	
0.827958	0.180374	5270	
0.550247	0.663758	5351	
-0.749166	0.471915	5700	
-0.187964	-0.900605	5961	
0.576584	-0.735306	4495	
-0.565565	0.794689	5982	
-0.757378	0.640903	2677	
0.069097	-0.210865	818	
0.049376	0.240787	1884	
0.078114	0.595607	835	
0.202559	-0.177663	6463	
-0.245700	-0.414220	898	
-0.260214	-0.582085	2285	
-0.213493	-0.593281	4889	
-0.286106	-0.524112	6815	
-0.281933	-0.501821	6387	
-0.295043	-0.524356	860	
-0.305423	-0.482145	5520	
0.025983	-0.286985	2207	
0.526407	0.305366	5680	
-0.513506	-0.475326	5875	
0.389043	0.492754	1987	
0.334605	-0.561220	3088	
0.109693	0.658560	2755	
0.552442	0.406232	1246	
-0.180420	-0.714646	5001	
0.270980	0.659077	1371	
0.318517	-0.674258	1089	
0.733683	-0.226891	5508	
0.144956	0.762785	3081	
-0.787474	-0.074729	1100	
0.814721	0.013392	4160	
-0.822607	-0.170789	2387	
-0.819747	-0.234883	2266	
0.876043	0.094991	2476	
0.707192	-0.544161	4591	
-0.702211	-0.621957	6256	
-0.582384	-0.768284	6468	
0.191699	-0.965930	6498	
0.221073	-0.008059	4112	
-0.164403	0.182298	6265	
0.482450	-0.402147	6087	
-0.120233	0.238692	6553	
-0.047139	-0.304127	407	
-0.252317	-0.421760	898	
-0.320765	-0.497637	6692	
-0.313907	-0.488019	6829	
-0.253006	-0.426375	1027	
-0.006145	-0.295381	6039	
-0.282943	-0.012020	6320	
0.042344	0.242573	1884	
0.122788	0.603850	871	
0.137333	0.609654	4246	
0.600948	0.198381	5562	
-0.268169	0.611252	537	
0.584538	0.359385	2329	
-0.654532	-0.252353	5201	
-0.636033	-0.358883	5444	
-0.160741	-0.745313	4941	
-0.476955	-0.649507	6423	
0.393782	-0.674363	2840	
0.319206	0.719719	3990	
-0.804289	-0.009998	2622	
0.726667	0.407150	1263	
0.002939	0.847934	5646	
-0.792094	-0.376803	6037	
-0.853038	-0.246746	5160	
0.015241	0.929117	3850	
0.782136	-0.511021	4433	
-0.811253	0.544179	6325	
-0.850460	0.511025	6013	
-0.145933	0.167205	3898	
-0.376523	-0.190284	6732	
-0.091401	-0.270338	509	
-0.535804	-0.172828	3223	
0.043595	0.266937	6690	
0.230850	-0.139934	389	
0.225798	-0.148082	310	
0.225776	0.154583	401	
-0.580021	-0.050422	2012	
0.239347	-0.040433	6655	
-0.531408	-0.454887	5685	
-0.165348	0.591890	4025	
-0.526006	0.332081	5885	
-0.563977	-0.399118	1343	
0.426233	-0.547779	5296	
0.390616	0.561620	2646	
-0.592048	-0.486044	5737	
-0.675270	-0.192806	5024	
-0.667461	-0.332903	5360	
-0.300093	0.691949	2294	
-0.579610	-0.573209	5803	
0.747818	-0.249894	5257	
0.479552	0.639149	5275	
-0.818714	0.009379	5216	
0.820460	0.211266	1628	
0.810012	0.292750	5126	
-0.336641	0.816920	3780	
0.702644	0.551998	3954	
0.047164	-0.933696	4680	
0.844352	0.474295	600	
0.967222	-0.200407	6433	
-0.879251	-0.462431	1688	
-0.457892	-0.288569	6493	
-0.081987	0.212808	1242	
0.195949	0.146373	1161	
-0.052526	-0.261490	6382	
-0.249210	-0.610468	1789	
-0.341660	-0.566124	3552	
0.176541	-0.165564	314	
-0.489625	-0.245559	2027	
-0.534382	-0.260830	1842	
0.394050	-0.508973	3039	
0.036035	0.623216	889	
-0.199300	-0.647690	1889	
-0.638599	0.137250	3656	
-0.659879	0.150241	3275	
-0.174269	0.659389	4893	
0.131886	-0.710473	5860	
-0.467367	-0.609055	5455	
-0.633799	-0.445965	598	
0.470512	0.587535	1300	
-0.700342	-0.344758	307	
0.516278	-0.598560	4911	
0.582708	-0.548675	4387	
-0.400130	0.712566	4588	
0.274105	-0.803148	4261	
-0.263693	-0.825421	5154	
0.800571	0.369233	1495	
0.651404	-0.609329	2975	
-0.881216	-0.306857	6341	
0.922768	0.149279	3815	
-0.846212	-0.496558	1029	
-0.986643	0.108287	6823	
-0.374815	-0.418363	4275	
-0.388676	-0.550837	1639	
-0.247446	-0.070015	6917	
-0.236714	-0.028703	1266	
0.567659	-0.272205	4759	
-0.531408	-0.454887	5685	
-0.014390	0.615162	903	
0.494899	0.376256	4432	
0.020938	0.623800	864	
-0.550444	-0.277292	1842	
-0.519077	-0.498286	6858	
-0.010224	0.666816	2706	
0.549836	-0.426080	2397	
-0.449820	-0.604452	5430	
0.601403	-0.376267	1798	
-0.272024	0.659207	768	
0.049889	-0.751718	4949	
-0.482230	0.580734	3244	
-0.687159	-0.383347	6156	
0.437505	-0.659218	5207	
0.276907	-0.754333	2011	
0.016956	0.816715	5193	
-0.719314	-0.462009	1584	
-0.808553	0.258866	2867	
0.429786	-0.765840	2368	
-0.553469	-0.710495	338	
-0.468717	0.803268	4505	
0.816419	-0.454102	6280	
-0.696287	0.683270	1213	
-0.655120	0.744742	1054	
-0.715624	-0.689739	1334	
-0.531408	-0.454887	5685	
-0.513506	-0.475326	5875	
-0.513506	-0.475326	5875	
-0.073566	0.610622	3797	
-0.532886	-0.461202	5685	
0.239428	0.578260	1954	
-0.155188	0.603719	4025	
-0.545747	-0.311449	1721	
-0.567883	0.252861	4528	
-0.491069	-0.554203	5881	
-0.662681	-0.129764	1462	
0.085126	0.677419	2739	
0.393994	0.568063	2646	
0.115063	0.690583	4454	
0.312156	0.656894	1398	
0.530140	-0.518408	5431	
-0.200439	-0.761867	4642	
-0.449989	-0.673278	5458	
0.580869	-0.535105	4387	
0.314881	-0.738680	2869	
0.249303	0.777444	3571	
-0.833424	0.084876	5283	
-0.632806	0.566143	3770	
-0.407960	-0.786889	3025	
-0.852329	-0.248954	5612	
0.067472	-0.916431	5633	
0.491223	-0.794744	4639	
0.305574	0.920864	6778	
0.986955	0.050420	2664	
-0.857233	-0.502165	1029	
-0.513506	-0.475326	5875	
-0.217013	0.574689	4606	
-0.533437	-0.460509	5685	
0.054796	0.621932	882	
-0.338873	0.522138	645	
-0.530970	-0.486033	5875	
-0.592487	0.185243	4655	
-0.531090	-0.522771	932	
-0.487769	0.470338	3268	
0.558627	0.397548	3000	
-0.223341	-0.695218	4948	
0.587043	-0.398922	1996	
-0.611765	-0.453507	557	
-0.618001	0.382635	4310	
0.482877	0.552342	883	
0.763799	0.065838	3241	
0.556136	-0.545237	3229	
0.781902	-0.095590	3111	
0.644528	-0.473410	4374	
-0.056945	0.814768	3270	
-0.836888	0.038478	1629	
-0.569568	0.629386	2969	
-0.773263	-0.417215	6403	
-0.882981	0.069640	5423	
-0.081275	0.891311	2770	
0.131653	-0.925291	4566	
0.775797	-0.575500	717	
0.014172	-0.983690	2663	
-0.975673	-0.184407	1060	
-0.291319	0.540337	697	
0.052520	-0.656139	5716	
-0.144616	0.606399	4222	
-0.569351	-0.215270	4871	
-0.003079	0.624012	546	
-0.519940	-0.532705	932	
-0.259107	0.625870	661	
0.640060	0.249366	4291	
-0.457553	-0.600007	5455	
0.228889	-0.681924	5533	
-0.499223	0.490615	4079	
0.160211	0.709148	1498	
0.354711	-0.654938	5189	
0.463644	-0.593861	2344	
-0.582404	0.497055	3880	
-0.083345	0.771444	5494	
0.127131	0.776947	3452	
0.369496	0.708111	3271	
-0.505767	0.642066	4542	
-0.659663	-0.555984	5366	
-0.668370	0.523456	1570	
-0.759239	-0.445025	5227	
-0.843526	0.267388	3597	
0.512771	0.731792	3528	
-0.158963	-0.921773	6144	
0.590435	0.725922	4331	
-0.714294	-0.673370	6105	
-0.985396	0.117780	6823	
-0.497258	0.359076	710	
-0.153419	0.604186	4222	
-0.429313	-0.553030	4792	
0.579841	0.251388	5621	
0.599533	-0.338474	1457	
0.685726	0.062083	4939	
-0.678518	-0.047329	5051	
-0.083639	-0.726737	2570	
-0.163369	0.680087	4942	
0.532939	-0.506950	4991	
-0.655858	-0.373480	5958	
-0.025782	0.732629	3510	
0.762439	-0.079998	3111	
-0.248134	-0.757333	1692	
-0.013531	-0.799361	3333	
-0.751588	-0.260117	1865	
-0.777446	-0.215970	1560	
-0.804823	-0.156152	4470	
0.400162	-0.747107	1475	
-0.835931	0.147678	4830	
-0.313779	-0.826568	4733	
-0.885637	0.013941	3534	
0.489483	0.747559	3525	
-0.237557	-0.905026	6417	
0.815234	0.457517	3829	
-0.934860	-0.292558	6215	
-0.940235	0.316907	6009	
0.483674	0.390137	3238	
-0.531920	-0.484962	6076	
-0.510940	-0.539811	6132	
-0.153782	-0.704867	5223	
-0.537436	0.419404	3345	
-0.670606	-0.180879	4930	
-0.049054	0.697788	5663	
-0.205338	-0.730432	5375	
-0.711208	-0.152987	506	
0.543439	0.492971	1725	
0.111948	-0.768345	3415	
-0.742881	-0.194045	544	
-0.354065	0.690421	3085	
0.449038	0.646040	5148	
0.649673	-0.465988	4217	
0.760430	0.291227	5179	
0.665173	0.499757	3690	
0.753347	0.386639	2775	
-0.110702	-0.855915	5754	
0.526527	-0.702265	3306	
-0.808371	-0.373473	1906	
-0.124982	0.885998	3369	
-0.092479	-0.930502	6854	
0.794339	0.492751	5781	
-0.957729	-0.203423	1397	
-0.616521	-0.779476	6662	
-0.545355	-0.442919	6543	
-0.566812	-0.222739	4687	
-0.131640	-0.688695	5165	
0.570343	0.380504	1160	
0.424887	0.545338	2595	
0.315907	0.624540	5136	
-0.355292	-0.682164	1860	
-0.691765	-0.239216	659	
0.475763	0.558000	883	
-0.073757	-0.778435	1439	
-0.764776	0.009512	615	
0.228808	0.740856	3347	
0.775772	-0.133889	3836	
-0.083643	-0.806771	5344	
-0.748109	-0.315293	1573	
-0.772127	0.268259	3776	
-0.797972	-0.267363	2620	
-0.219765	0.818394	4701	
0.737910	0.442733	5703	
0.745503	0.469321	5717	
-0.395451	-0.805546	443	
-0.005591	-0.917264	5132	
0.257462	-0.898096	6684	
0.550141	0.756744	4460	
-0.919324	-0.337788	6473	
-0.913632	0.386596	2815	
-0.607584	-0.786441	6662	
-0.578077	0.227813	5042	
-0.568497	-0.217797	4871	
0.164700	0.603070	2337	
0.662817	0.162158	4531	
-0.613014	0.297611	4220	
0.697214	-0.108993	1231	
-0.215423	0.677825	4132	
-0.666354	-0.332831	5360	
0.091964	0.726998	1605	
0.507986	-0.577825	3251	
-0.727315	-0.255246	468	
0.015528	0.775329	2525	
0.773004	-0.148510	3945	
-0.573117	-0.602500	1618	
-0.509607	0.618072	3941	
-0.339524	0.742582	4332	
0.055145	0.831528	5434	
0.762053	0.368759	1448	
-0.801985	-0.291223	1794	
-0.707270	-0.531753	1426	
-0.543199	0.697044	4689	
0.775877	-0.438837	3212	
-0.592375	0.716812	3817	
0.647731	-0.673191	6875	
0.790599	-0.554300	6503	
-0.641677	-0.742648	6683	
-0.967647	0.219147	6254	
-0.561934	-0.819631	1687	
-0.615774	-0.346695	965	
0.688216	0.026782	5191	
-0.658315	0.172794	4521	
0.638343	-0.306617	5388	
0.298161	-0.657742	5706	
-0.645275	-0.409822	5435	
-0.402107	0.612723	2253	
0.748155	0.162665	3323	
-0.274544	-0.749198	3236	
-0.639018	0.441095	1083	
0.663422	0.422560	3486	
0.070355	-0.803893	5210	
-0.650651	0.468226	3554	
-0.240345	0.780020	3944	
0.588368	0.587578	4299	
0.750098	-0.391593	4544	
-0.726849	0.438082	5437	
0.465041	0.724422	2670	
0.850655	0.224978	3340	
-0.705912	-0.555252	1180	
0.560814	0.694949	3205	
-0.753918	-0.555429	1850	
0.909484	-0.212547	3854	
0.166415	0.955417	305	
0.187570	-0.965494	6498	
-0.990890	-0.057095	2243	
-0.691122	-0.100737	4794	
0.702451	0.106935	1432	
-0.564881	0.456864	6258	
0.694617	-0.248588	2497	
0.744685	-0.075925	2313	
-0.422344	0.637693	2704	
0.728601	-0.266917	3745	
0.248308	-0.753384	6384	
-0.383684	0.686893	5182	
0.697595	-0.389198	3074	
-0.236381	-0.792274	1908	
-0.704293	0.414556	3530	
-0.035076	0.832365	3938	
0.814791	-0.226806	2534	
-0.690827	0.492804	1760	
0.854252	0.084284	4956	
0.702315	-0.525993	4385	
-0.854247	0.228074	3635	
0.855461	-0.250099	3277	
-0.128172	0.919555	6549	
0.383689	-0.851676	4139	
0.836733	0.416078	3860	
-0.855922	0.467452	2685	
0.954610	0.254631	6305	
-0.897653	-0.424617	5950	
0.221501	-0.740695	988	
0.607293	0.464731	2589	
-0.739320	-0.207843	336	
0.770116	-0.089742	3111	
-0.592137	-0.571539	5803	
-0.081721	0.782401	5494	
0.469729	-0.648713	5016	
-0.748726	0.285368	2233	
0.113990	0.807344	5288	
-0.015182	-0.833183	4836	
-0.780125	-0.319815	1744	
0.466351	0.706059	2871	
-0.846132	0.064511	5519	
0.493090	0.705111	2565	
0.761218	-0.436100	5254	
-0.810030	0.353837	2425	
0.595010	-0.662618	3280	
-0.756423	-0.508227	1830	
-0.327440	-0.876753	6422	
0.927580	-0.110044	4489	
0.689845	0.679041	445	
-0.621082	-0.759434	6349	
-0.867568	0.480603	2685	
-0.648387	-0.753007	1517	
-0.244195	0.747506	2987	
-0.757452	0.215639	2719	
0.446757	-0.664866	5207	
0.360215	0.710940	4442	
0.044059	-0.817756	5181	
-0.570669	0.584673	4559	
0.705608	-0.434718	2201	
-0.802464	-0.248496	1762	
0.702365	0.471594	2779	
-0.726885	0.437351	5437	
0.564711	-0.645191	2590	
-0.815238	-0.312175	5268	
0.654129	0.589035	3339	
-0.863283	-0.201373	5219	
0.809211	-0.372606	5842	
-0.789097	-0.449952	5306	
-0.531397	-0.772179	395	
0.872825	-0.332253	4143	
-0.784600	-0.553490	427	
-0.967024	0.134396	6502	
0.969815	0.186892	6561	
-0.937674	-0.325739	6209	
-0.392843	-0.912675	1866	
-0.279612	-0.791685	1731	
0.827950	-0.039557	3274	
-0.455750	0.697916	1778	
-0.371932	-0.773601	756	
0.816570	0.220377	1628	
-0.354644	0.769168	2793	
-0.829015	-0.188482	2387	
0.850015	-0.111010	5121	
-0.691325	-0.553181	1307	
0.835149	0.273967	3014	
-0.830139	0.303000	2169	
-0.083343	-0.888757	4820	
0.762684	0.463117	5756	
-0.082054	0.924312	3763	
-0.087030	-0.930689	6430	
0.912345	-0.199600	3649	
-0.042680	0.935795	6872	
-0.888465	0.400713	1312	
0.623547	-0.761735	6480	
-0.992216	0.004077	6385	
0.374402	-0.770963	1716	
0.747675	-0.418328	5020	
0.662630	0.545450	3950	
-0.653515	0.565991	5111	
0.278051	-0.831555	4227	
0.813657	0.331787	2523	
-0.664920	0.581698	2339	
-0.641649	-0.631449	5556	
0.537960	-0.708938	3306	
0.654443	0.606402	3719	
0.855877	0.347223	4259	
-0.595563	-0.724136	5582	
0.716703	-0.598969	3811	
0.901703	0.244578	4436	
0.965971	0.013172	893	
-0.975409	0.043420	2548	
0.729206	-0.661738	2671	
-0.990537	0.055815	2548	
-0.284711	-0.848482	4986	
-0.138341	-0.882186	5825	
0.233063	-0.859067	5827	
0.803031	-0.383581	5848	
0.805123	0.383506	3176	
0.021872	0.893261	3435	
0.874924	0.293897	4421	
-0.883580	-0.296192	5574	
0.159688	-0.920190	5032	
0.857889	-0.368946	6777	
0.881001	0.310815	6339	
-0.100043	-0.956720	6837	
-0.756042	0.611831	6613	
-0.490433	-0.849300	6071	
0.765191	0.625602	5995	
-0.967296	-0.221972	2091	
-0.499344	-0.858914	1752	
0.142972	-0.922806	5032	
0.266319	-0.894921	6618	
0.512441	-0.780591	273	
0.768602	-0.530340	5248	
0.912173	-0.199709	3649	
0.914698	0.189878	6196	
0.773727	0.523258	6116	
-0.565598	0.751413	5272	
-0.101455	0.963974	6267	
-0.974192	0.052447	5967	
-0.224103	-0.955137	6568	
0.923297	0.349880	1240	
-0.991825	-0.021757	6471	
-0.700704	-0.704189	6813	
-0.260148	-0.958794	2029	
-0.744433	0.623516	6613	
-0.817583	0.524980	349	
-0.921566	0.312340	6009	
-0.972835	-0.073078	6219	
-0.833051	-0.512613	6588	
-0.277371	-0.940492	6485	
0.624790	-0.759451	6480	
0.768962	0.620289	2757	
-0.942491	0.308086	2837	
-0.877775	-0.463643	1688	
-0.516899	-0.848296	1752	
-0.852159	-0.508917	6328	
-0.846608	-0.518180	6328	
-0.803065	-0.583670	6287	
-0.566029	-0.816150	1687	
-0.368989	-0.922151	6795	
