time = 122.9	Re = 90
-0.780654	0.602899	6321	
-0.810288	0.562859	342	
-0.859816	0.484723	6300	
-0.920297	0.359295	1054	
-0.971467	0.185909	6464	
-0.990124	-0.024132	6757	
0.664147	-0.698365	6497	
0.700929	-0.661672	594	
0.770535	-0.579713	6354	
0.853646	-0.450076	5835	
0.927347	-0.270435	1034	
0.966568	-0.029104	6688	
0.928206	0.278532	6557	
0.526250	0.822849	6397	
-0.666007	0.724792	6007	
-0.934196	0.318844	900	
-0.983518	-0.115171	6182	
-0.037501	0.930448	3771	
-0.090699	0.927007	6697	
-0.190206	0.912241	6445	
-0.339146	0.868605	3902	
-0.534941	0.764618	6549	
-0.698711	0.619589	5776	
-0.885746	0.303087	4509	
-0.589370	-0.748081	1021	
0.539387	-0.796295	802	
0.887983	-0.376630	692	
0.961938	0.098096	6577	
0.657729	0.717904	1240	
-0.851055	0.496548	6565	
-0.986456	-0.074725	5999	
-0.857922	-0.499062	2243	
-0.841085	-0.306058	5674	
-0.811839	-0.377707	2147	
-0.716723	-0.539598	5158	
-0.450651	-0.786882	1907	
0.138957	-0.900945	5053	
0.835784	-0.379721	4451	
0.879860	0.277653	6482	
0.555378	0.741811	3860	
0.022561	0.929372	5664	
-0.454283	0.814052	6872	
-0.800765	0.481051	4072	
-0.591169	-0.744572	1021	
0.795907	-0.542224	384	
0.962822	0.082967	6781	
0.487771	0.844487	288	
-0.955556	0.245196	6150	
-0.906690	-0.400716	2548	
0.842754	0.244570	5328	
0.815444	0.325787	3149	
0.723140	0.500908	2501	
0.514801	0.715482	2271	
0.254436	0.844882	3264	
-0.108629	0.877861	3304	
-0.515474	0.721710	3725	
-0.839540	0.297335	3004	
-0.853063	-0.266662	4202	
-0.193753	-0.890916	5582	
0.919071	0.044374	5856	
0.436662	0.817385	5976	
-0.336493	0.868288	5806	
-0.814790	0.456509	5920	
-0.172883	-0.941260	6468	
0.937933	-0.225569	317	
0.810526	0.531653	6270	
-0.920292	0.352394	2789	
-0.515566	0.674488	3878	
-0.563819	0.634820	4701	
-0.664197	0.529984	2555	
-0.805591	0.277499	4196	
-0.846360	-0.116468	4504	
-0.664786	-0.543426	5027	
-0.021123	-0.878181	3657	
0.739956	-0.463053	4921	
0.841493	0.243234	5328	
0.262952	0.841480	2981	
-0.474288	0.748539	3010	
-0.887337	0.083860	5764	
-0.523786	-0.733418	322	
0.914484	0.099305	3934	
0.154440	0.915037	3882	
-0.657997	0.660949	6263	
-0.840423	-0.424616	4605	
0.914582	-0.304187	694	
0.793438	0.556441	587	
-0.960555	0.222056	2677	
-0.825287	-0.549888	6118	
-0.467638	-0.695133	4805	
-0.365674	-0.767021	5511	
-0.013419	-0.850610	775	
0.378554	-0.751475	4836	
0.707219	-0.450046	1427	
0.833443	0.102941	5354	
0.574649	0.616171	1592	
-0.031813	0.844773	3993	
-0.604224	0.595552	3832	
-0.839250	-0.156065	4482	
-0.085988	-0.874924	5230	
0.864096	-0.129451	3916	
0.347743	0.809226	3376	
-0.584936	0.666024	5008	
-0.845209	-0.288220	3171	
0.545425	-0.728187	4582	
0.368260	0.849884	6563	
-0.632534	0.684696	6131	
-0.758060	-0.561312	498	
0.957206	-0.118255	6566	
0.518701	0.822730	803	
-0.981390	-0.113111	6182	
-0.671484	-0.731751	1705	
0.607364	-0.529969	2956	
0.683619	-0.425498	5065	
0.781614	-0.192793	4122	
0.788472	0.163412	2958	
0.552790	0.588318	5179	
-0.021705	0.810082	3822	
-0.606028	0.543372	3444	
-0.815496	-0.061556	3663	
-0.236152	-0.821557	1386	
0.779223	-0.307511	1816	
0.532893	0.651899	2148	
-0.413839	0.738844	2025	
-0.842965	-0.130283	2867	
0.248785	-0.836583	5851	
0.789302	0.379534	3864	
-0.315894	0.825911	2558	
-0.878554	-0.152218	3597	
0.516909	-0.747564	3546	
0.205656	0.903926	3579	
-0.791472	0.494435	4505	
0.258482	-0.922221	373	
0.918902	0.298834	6698	
-0.881547	0.437463	6020	
-0.797109	-0.589485	1404	
0.515692	0.582920	3461	
0.431440	0.647615	2474	
0.274203	0.728121	2597	
-0.148421	0.766448	2990	
-0.532240	0.572712	5908	
-0.769823	0.153227	2893	
-0.657943	-0.433569	1030	
0.161858	-0.800075	4938	
0.786325	-0.167030	3933	
0.330800	0.736232	2688	
-0.704616	0.408657	1937	
-0.587958	-0.577427	1652	
0.805906	-0.227269	2806	
0.156126	0.828749	4289	
-0.770699	0.357218	3888	
-0.129628	-0.869598	6186	
0.815392	0.317537	3149	
-0.395868	0.790748	5487	
-0.808104	-0.380046	2147	
0.917501	0.024907	5862	
-0.310762	0.876368	6097	
-0.933734	0.046676	6884	
0.951503	-0.153844	6191	
0.360667	0.904604	6002	
-0.921755	-0.358633	6584	
-0.322444	0.681557	2158	
-0.415882	0.629116	1042	
-0.588766	0.472437	2294	
-0.736830	0.173309	1707	
-0.706357	-0.276789	403	
-0.194535	-0.788711	2841	
0.440643	-0.646586	2902	
0.752054	0.192779	1460	
0.119543	0.768291	3082	
-0.720172	0.307888	3768	
-0.413442	-0.701171	5454	
0.713677	-0.368941	5016	
0.146224	0.794018	5275	
-0.815168	-0.053175	3663	
0.540892	-0.639406	6447	
0.386663	0.747803	4474	
-0.776815	0.343306	3888	
0.114455	-0.866441	5014	
0.633444	0.606414	3014	
-0.739130	0.490030	3565	
-0.351810	-0.836227	6729	
0.380720	0.843118	4356	
-0.821960	0.441689	6218	
0.683428	-0.674414	355	
0.744384	0.619219	1016	
-0.978253	-0.131746	6033	
-0.388970	0.612445	6439	
-0.469034	0.553547	640	
-0.614051	0.387571	4900	
-0.719657	0.107985	1431	
-0.642905	-0.342111	4054	
-0.298505	-0.731351	923	
0.566055	-0.495076	1114	
0.310163	0.681952	2401	
-0.720484	0.228331	1690	
-0.236670	-0.777383	1143	
0.702808	-0.330359	2800	
0.117240	0.768308	3082	
-0.784347	-0.013838	507	
0.348326	-0.730957	4408	
0.481453	0.645949	3568	
-0.816239	0.018753	3544	
0.630839	-0.549304	4743	
0.055355	0.841429	4581	
-0.846119	-0.093387	5162	
0.802398	-0.339080	2879	
-0.151929	0.869227	3305	
-0.813949	-0.365516	2568	
0.860078	0.325303	4489	
-0.613952	0.699957	6260	
-0.269577	-0.913563	5928	
0.860450	0.440124	521	
-0.985804	0.009383	6329	
-0.564578	-0.817057	6230	
-0.150318	0.681959	4507	
-0.231550	0.658711	4467	
-0.402651	0.570370	4040	
-0.637258	0.288020	2193	
-0.668049	-0.210746	593	
-0.321403	-0.698233	646	
0.706453	0.156631	3439	
-0.313924	0.653021	2375	
-0.726408	0.032934	1124	
-0.152126	-0.774120	6111	
0.664628	0.340757	1658	
-0.746018	0.122098	6231	
0.311588	-0.721807	2407	
0.533768	0.563351	3416	
-0.751432	0.220246	2825	
0.359956	-0.724692	4408	
0.258159	0.763743	3360	
-0.753578	-0.316715	5190	
0.833866	0.070970	4138	
-0.576561	0.619699	4665	
-0.098851	-0.872084	2418	
0.531350	0.697879	2587	
-0.866141	0.197396	4650	
0.651580	-0.632278	4348	
-0.398683	0.839744	3806	
-0.867465	-0.353280	6233	
0.902662	0.343232	850	
-0.982336	0.075465	6466	
-0.551979	-0.825378	6136	
-0.251685	0.629533	3156	
-0.359040	0.575011	6427	
-0.528073	0.425067	3747	
-0.669512	0.113456	6261	
-0.590850	-0.331708	1743	
0.060826	-0.731873	1219	
0.700334	-0.037380	1278	
-0.158221	0.679623	4486	
-0.698693	0.041263	3971	
0.022060	-0.753965	1758	
-0.244530	0.681677	1806	
-0.692188	-0.222509	593	
0.548354	-0.513958	769	
-0.616400	0.433493	2275	
0.202287	-0.764004	4932	
0.445787	0.635074	2492	
-0.774321	-0.123721	1137	
0.704884	-0.383554	5207	
-0.577293	0.570611	4065	
0.289428	-0.788431	1843	
0.022789	0.842626	3478	
-0.733973	-0.435853	4754	
0.820781	0.299477	2651	
-0.759663	0.456868	3138	
0.187158	-0.886150	5258	
-0.240695	0.896976	4425	
-0.905541	-0.235305	303	
0.906641	0.331791	850	
-0.984295	0.042440	5975	
-0.504985	-0.855242	1518	
-0.573110	-0.254165	4549	
-0.425002	-0.458169	4687	
-0.211089	-0.695811	6663	
0.658845	-0.006909	4086	
-0.572441	0.318163	3606	
-0.423168	-0.513981	1013	
0.649995	0.205673	1311	
-0.358358	0.574788	6427	
-0.630234	-0.249243	4814	
0.340302	-0.630952	4560	
-0.179843	0.673969	4486	
-0.620593	-0.322717	2890	
0.559845	0.456692	1815	
-0.726423	0.006110	1120	
0.549682	-0.511931	769	
-0.726372	0.205813	2270	
0.579341	-0.519084	5361	
-0.191475	0.753811	3417	
-0.108438	-0.819777	5528	
0.359811	0.720203	3279	
-0.634856	-0.518960	5262	
0.541197	0.642237	2148	
-0.849318	0.030659	1670	
0.870728	-0.040798	5254	
-0.634117	0.616830	3330	
-0.063780	-0.904872	935	
-0.208918	0.904495	4404	
-0.895765	-0.270000	4515	
0.873103	0.412664	6171	
-0.981001	-0.098128	6022	
-0.068722	-0.679733	1575	
0.279100	-0.601391	2361	
0.576852	0.257383	5406	
-0.613021	-0.098162	4655	
-0.477235	-0.380166	3001	
-0.061484	-0.688277	1575	
0.421676	0.472836	5620	
-0.357859	-0.544671	1503	
-0.602679	0.255862	2514	
0.612177	-0.316042	5304	
-0.480572	0.476957	4149	
-0.385301	-0.602259	5471	
0.347470	0.604243	5729	
-0.657630	-0.237368	4573	
0.406969	0.597463	2315	
-0.634092	-0.355645	3043	
0.671592	0.324096	1658	
-0.536142	-0.543514	892	
0.578171	0.516465	3355	
-0.741176	-0.255793	1357	
0.780638	0.183201	2958	
-0.800737	-0.156925	4453	
0.797003	0.254965	1677	
-0.823045	0.208409	2998	
0.842434	-0.219209	3670	
-0.604150	0.645361	5031	
-0.014725	-0.906236	3025	
-0.319157	0.872107	6097	
-0.814346	-0.463267	6240	
0.782435	0.567588	1470	
-0.938466	-0.305811	6364	
-0.070863	-0.541025	4936	
-0.040725	-0.463567	1336	
0.076898	-0.277853	6382	
0.240428	0.072347	6747	
-0.243141	0.033475	657	
-0.026619	-0.311112	353	
0.122030	0.607380	4608	
0.628265	0.093417	4211	
-0.394646	-0.464959	2957	
0.585544	0.252225	2454	
-0.022185	-0.697812	1749	
-0.410045	-0.528445	1013	
-0.258979	0.625294	2705	
-0.365757	-0.630941	5917	
-0.099069	0.689881	4750	
-0.395602	-0.620488	5500	
-0.538125	0.484167	571	
0.202409	-0.736428	4941	
-0.733600	0.176747	3880	
0.729567	-0.260665	3248	
-0.758787	0.189985	2875	
0.735756	-0.318123	5030	
-0.804149	0.128842	3554	
0.829710	0.101357	5354	
-0.814500	0.238310	1668	
0.854220	-0.167654	4399	
-0.690129	0.553698	3521	
0.333907	-0.840640	4914	
-0.535770	0.759598	6194	
-0.029005	-0.951691	456	
0.585042	0.771516	6542	
-0.805165	-0.574461	2228	
0.250847	-0.570681	2005	
0.337387	-0.521794	2542	
0.460612	-0.409878	4729	
0.546396	-0.274611	1662	
0.581373	-0.195055	5068	
0.539061	-0.308929	5495	
0.090282	-0.639646	4889	
0.136578	-0.226789	1288	
-0.245609	-0.336023	5952	
-0.023615	0.617206	851	
-0.568164	-0.241163	3897	
0.422494	-0.508585	2974	
-0.101749	-0.699326	896	
-0.216713	-0.715289	6132	
-0.594635	0.323716	4441	
0.467452	-0.535327	5821	
-0.660146	0.226502	4153	
0.542078	0.475649	1520	
-0.448016	-0.596003	5360	
-0.165147	0.730775	4462	
0.591777	-0.503858	5361	
-0.647495	0.436049	3141	
0.668221	-0.443779	4066	
-0.779722	0.231368	4587	
0.823064	0.145116	5169	
-0.839235	0.128047	1760	
0.866488	0.093338	5334	
-0.829800	0.312860	4129	
0.793873	-0.441216	4491	
-0.765411	0.530468	6850	
0.851226	-0.444565	5835	
0.066034	0.971750	6124	
-0.565137	-0.814817	6230	
-0.080884	0.353797	589	
0.008213	0.359047	3157	
0.182391	0.299093	3287	
0.332653	0.002672	5469	
0.174955	-0.305587	2864	
0.012819	-0.562940	4734	
0.345326	-0.514319	2542	
0.583320	-0.165824	5769	
0.595516	-0.149761	5769	
0.026356	-0.646733	6826	
0.009933	0.249053	4381	
-0.242316	-0.656434	5875	
-0.544454	-0.286649	3669	
0.632512	0.101986	4211	
0.542725	0.362262	3368	
0.492270	0.466795	4527	
-0.442602	-0.526484	989	
-0.293155	0.632206	3049	
0.295292	-0.674766	1619	
-0.694518	-0.210086	420	
0.443405	0.599077	1905	
0.462151	-0.628930	3415	
-0.582834	0.517762	675	
0.692689	-0.403637	5279	
-0.813342	0.040109	3127	
0.740881	0.389272	3679	
-0.838706	-0.136104	2867	
0.720581	0.494515	2501	
-0.886811	-0.049635	2425	
0.706177	0.589721	6562	
-0.920743	0.152020	6429	
0.945299	0.187697	6373	
-0.981248	0.075533	6466	
-0.331490	-0.936653	1334	
0.555045	-0.103460	3135	
0.424012	0.334529	2870	
-0.002574	0.520570	5755	
-0.403408	0.317504	1068	
-0.470473	-0.155943	1759	
-0.366683	0.087014	5596	
0.068987	0.350624	2411	
0.288286	-0.163228	6167	
0.022830	-0.583910	4411	
0.531569	-0.297874	2396	
0.607030	-0.007533	4036	
0.127164	-0.633891	1400	
-0.199609	0.145036	1166	
-0.296064	0.539340	903	
-0.343040	-0.529097	6197	
-0.618982	-0.102917	4655	
-0.119040	-0.724472	5333	
-0.671442	-0.090077	5399	
0.412344	0.560580	4290	
-0.105772	-0.757509	5430	
-0.721822	-0.073171	1099	
0.485081	0.565546	1984	
0.500920	-0.596935	4106	
-0.699211	0.347855	4357	
0.780580	-0.178746	3933	
-0.750915	-0.319344	5190	
0.358594	0.758971	3708	
-0.574692	-0.636718	2832	
0.262155	0.836979	3264	
-0.637469	-0.627105	5607	
0.035118	0.924725	5841	
-0.872133	-0.336986	6719	
0.712904	0.652641	6454	
-0.841751	-0.517016	6415	
0.047597	0.429552	705	
-0.098723	0.457543	4572	
0.310417	-0.217669	5858	
-0.045058	0.491277	739	
-0.284680	0.316413	4607	
0.111999	-0.517688	1197	
-0.026868	0.518196	1903	
-0.486416	-0.127938	1387	
-0.260296	0.267221	3451	
0.329038	0.076273	6620	
0.018407	-0.567951	4815	
0.571097	-0.200070	5090	
0.608882	-0.003563	4546	
-0.056998	-0.490759	1056	
0.201375	-0.089881	823	
-0.516395	-0.330311	3294	
0.216422	0.592080	3740	
-0.641956	-0.123784	4594	
-0.646202	0.201978	3268	
0.617107	0.322970	5004	
-0.210650	-0.744628	1299	
-0.716160	-0.115078	4372	
0.350333	0.657319	1713	
0.674572	-0.381817	2851	
-0.781510	0.028129	536	
0.687799	0.411967	4777	
-0.441689	-0.709223	5479	
-0.283461	0.794346	1773	
0.314332	-0.809886	4551	
-0.481251	0.739467	3010	
0.138721	-0.893214	5053	
-0.664761	0.650033	6263	
0.697565	-0.656160	594	
0.046786	0.971800	428	
0.505200	0.143653	909	
0.529117	-0.143077	3206	
0.370850	-0.428877	2257	
0.155521	-0.498958	1665	
0.383068	0.077342	2891	
-0.115967	0.447074	3946	
-0.373635	0.268556	5909	
-0.087047	0.406563	2265	
0.421002	0.335924	2870	
-0.513180	0.011188	2636	
-0.225339	0.296527	2931	
0.287477	-0.167033	6535	
0.221865	-0.577469	1824	
0.591422	0.093996	2640	
0.418622	-0.474955	4229	
-0.244956	-0.009097	1057	
0.584008	-0.273812	3039	
0.642827	0.003205	4874	
-0.654032	-0.017722	3143	
-0.623201	0.263623	2165	
0.591957	0.366186	4939	
0.014385	-0.753366	1758	
-0.642443	-0.336838	4054	
-0.376147	0.648400	3510	
0.772388	-0.027703	2754	
-0.613694	-0.491223	6062	
0.048834	0.803349	4148	
0.628587	-0.547605	4743	
-0.784734	0.319020	3774	
0.865639	0.092138	5334	
-0.881889	0.096370	5764	
0.760179	0.515461	3298	
-0.932773	0.029940	4107	
0.879710	0.395240	5753	
-0.934941	-0.312615	2680	
0.266754	0.408461	2950	
0.323448	0.377933	1645	
0.405336	0.308898	4047	
0.482786	0.201877	3109	
0.541069	-0.052328	1756	
0.397318	-0.404722	1728	
0.224325	-0.344357	4316	
-0.044961	0.439182	3338	
-0.216037	0.383628	4502	
0.067113	0.399119	861	
0.062404	0.518136	2311	
-0.412795	-0.169728	1359	
0.177630	0.305500	3464	
0.023434	-0.536733	4529	
0.598580	-0.027496	3921	
0.607870	-0.084904	4985	
0.087880	0.232607	1165	
-0.263367	-0.654100	5685	
0.623330	-0.175559	3051	
-0.650964	-0.062811	5303	
-0.669837	0.099060	6374	
0.236555	0.653403	5790	
0.502048	-0.526373	5768	
-0.198628	-0.765144	669	
-0.745261	-0.116204	565	
0.305495	0.711397	2414	
0.321984	-0.741184	1609	
-0.779019	0.230750	4587	
0.686640	0.477971	1587	
-0.669362	-0.528785	2387	
0.206579	0.852018	5631	
-0.481856	-0.759778	5409	
-0.329954	0.866788	5806	
-0.224163	-0.921243	1297	
0.324466	0.913232	6628	
0.458601	0.251532	5899	
0.543943	-0.005642	3235	
0.541935	-0.092003	2607	
0.531266	-0.156087	2786	
0.543864	-0.048562	1756	
0.539731	-0.099737	2607	
0.470787	-0.308008	3163	
0.206761	-0.518612	5095	
0.385071	-0.006780	4044	
-0.017355	0.485671	1033	
-0.454854	0.121694	2544	
0.267028	-0.517686	1888	
-0.493587	0.135338	2658	
-0.131578	0.345745	471	
0.104362	-0.388767	1971	
0.586056	-0.134734	5608	
0.600956	0.084768	3573	
0.206246	0.139552	1169	
-0.092169	-0.677701	1425	
0.613301	0.178749	1156	
-0.587654	-0.281735	4610	
-0.615090	-0.279898	4671	
-0.492919	0.491787	4149	
0.255102	0.673401	1078	
0.528886	-0.531736	6274	
-0.081181	-0.799922	5317	
-0.564679	0.535260	917	
0.797484	0.061100	5634	
-0.466265	-0.688793	4805	
-0.428928	0.726237	4806	
0.633972	-0.590256	4741	
-0.779088	0.418863	3848	
0.878530	-0.231779	333	
-0.917207	0.167951	4109	
0.906290	0.327725	607	
-0.938581	-0.300169	6364	
-0.435136	0.210142	2528	
-0.458162	0.155997	2785	
-0.421100	0.237796	1445	
-0.268802	0.406637	1040	
0.525625	0.134388	2263	
-0.065728	0.484149	976	
-0.224841	0.393691	4841	
0.383395	0.000859	4044	
0.185632	-0.391044	1964	
0.363148	-0.115205	5962	
-0.098293	0.438784	4493	
-0.330299	0.304535	3504	
0.369173	0.063049	2545	
-0.353906	0.368863	5914	
-0.297279	0.233228	3266	
0.158208	-0.329233	1204	
0.588127	-0.121167	4982	
0.595909	0.111634	3841	
0.010041	0.247581	4381	
0.634674	0.040700	5040	
-0.124881	0.614205	2337	
0.326220	-0.618122	4688	
-0.131071	-0.739937	5455	
-0.686783	-0.121890	4071	
-0.705824	0.162713	1837	
0.343679	0.660129	1713	
0.765201	-0.107727	3123	
-0.571366	-0.542413	1447	
-0.250278	0.766469	5070	
0.834069	0.010240	3785	
-0.826767	-0.192692	4369	
0.431432	0.760961	5866	
-0.575217	-0.686055	5011	
-0.274998	0.885003	4439	
-0.279274	-0.904850	5928	
0.242577	0.938520	5898	
-0.400039	-0.907439	1332	
0.094102	-0.550491	1917	
0.089499	-0.546014	1917	
0.103464	-0.452134	4565	
0.330209	-0.133728	3653	
0.246101	0.285223	6348	
-0.239849	0.327448	4326	
-0.432476	-0.075148	2691	
-0.266368	0.409710	1040	
0.503372	0.188026	2451	
-0.188017	0.412189	4067	
0.222229	0.345741	755	
-0.072844	0.438387	4493	
0.110440	0.398429	4128	
0.092364	0.392899	4532	
-0.261699	0.439539	1002	
-0.299478	0.231193	3739	
0.128903	-0.361853	2838	
0.596444	0.006433	4364	
0.611911	-0.019723	4036	
-0.213578	-0.204927	1631	
-0.409870	-0.450052	4871	
-0.373908	-0.511062	998	
0.084824	0.669984	3089	
0.693310	0.078060	5153	
0.161577	-0.724806	5375	
-0.216562	-0.760733	6522	
-0.697095	-0.287825	564	
-0.069981	0.771911	3290	
0.745971	-0.290140	4911	
-0.638280	-0.511034	4470	
-0.229424	0.810272	1608	
0.563417	-0.657568	6109	
-0.789874	0.397684	4075	
0.903924	-0.099323	3909	
-0.932400	0.026684	4107	
0.826846	0.496534	609	
-0.852510	-0.496323	2243	
-0.396974	0.366706	5927	
-0.373030	0.391502	3433	
-0.236658	0.485832	2075	
-0.058364	0.539653	3324	
0.324951	0.446200	2537	
0.553646	-0.169827	5392	
0.089972	-0.477782	3154	
0.211231	0.314194	4746	
-0.393388	0.117632	4579	
-0.336257	0.353109	874	
0.505855	0.182047	2451	
-0.194940	0.412450	4556	
-0.140936	0.433605	4192	
0.142787	0.385235	3983	
0.136552	0.376720	3589	
-0.346259	0.375200	5797	
-0.203235	0.315583	556	
0.039291	-0.500579	5867	
0.556453	0.201866	4020	
0.423622	-0.472137	4229	
-0.202274	-0.309162	6216	
-0.108904	-0.688033	929	
-0.641914	0.125891	2379	
-0.661911	-0.138646	4521	
-0.546232	0.431518	1350	
-0.360814	0.625875	5678	
0.739731	0.072048	2497	
0.698389	-0.333910	2800	
-0.687856	-0.373581	623	
-0.175148	0.786352	4983	
0.833602	0.014758	5711	
-0.799669	-0.285548	1753	
0.269991	0.832572	2723	
-0.363101	-0.828322	1307	
-0.562559	0.738238	6311	
0.627175	-0.720345	6824	
-0.356548	0.908547	829	
-0.183365	-0.975820	6662	
-0.328842	-0.157455	4976	
-0.330352	-0.181145	5149	
-0.341079	-0.228467	1899	
-0.390761	-0.280624	3300	
-0.527201	-0.125148	2973	
-0.490254	0.234825	3124	
-0.052792	0.541092	2909	
0.498157	0.259182	3506	
0.088790	-0.478798	3154	
0.064859	0.381640	4452	
-0.454421	-0.093067	2245	
0.550783	-0.070361	3083	
-0.171245	0.443415	4488	
-0.150035	0.446524	4192	
-0.058079	0.423585	3338	
0.341241	-0.139209	4271	
-0.486800	0.151950	2658	
0.093130	0.348719	2378	
0.184753	-0.586649	1745	
0.476982	0.350394	1183	
0.014170	-0.342098	2061	
-0.326297	-0.507667	6181	
0.112150	0.618545	1872	
0.601062	-0.331570	4062	
0.352090	-0.621706	4950	
-0.258362	-0.729511	1061	
-0.491023	-0.545835	5052	
-0.727982	-0.194972	2040	
-0.081368	0.770422	2892	
0.777055	-0.189487	4122	
-0.514976	-0.644915	5956	
-0.536315	0.650832	3265	
0.820301	-0.280013	3446	
-0.886566	0.009284	2647	
0.494733	0.775575	3829	
-0.874941	-0.326109	5692	
0.535944	0.804195	600	
-0.276601	0.118826	4700	
-0.285574	0.097348	4745	
-0.298333	0.072379	2205	
-0.312798	0.023273	3604	
-0.318856	-0.060950	4321	
-0.326621	-0.198439	2268	
-0.425956	-0.278491	4569	
-0.508107	0.196741	3114	
0.061605	0.543450	3150	
0.479824	-0.341115	5043	
0.335863	0.142378	3056	
-0.407768	0.048978	5199	
0.077759	0.500905	1306	
-0.062504	0.483040	976	
0.057647	0.492751	961	
-0.281561	0.386408	934	
0.496383	-0.286991	5441	
-0.408721	-0.156620	1376	
0.337724	-0.014281	6232	
0.577237	-0.160801	5769	
0.552737	0.239741	1541	
-0.214250	-0.170187	5895	
-0.339649	-0.535469	6135	
0.588217	-0.302903	3462	
-0.672762	0.071199	5913	
-0.471483	0.511476	4963	
-0.342685	0.635571	2716	
0.710987	0.213841	1961	
0.763018	-0.120407	3123	
-0.475671	-0.640890	6574	
-0.571496	0.570517	4065	
0.656659	0.516775	5270	
-0.402472	-0.770430	1741	
-0.432681	0.767247	5804	
0.393201	-0.811001	5132	
-0.893658	0.262002	5605	
0.903571	0.332982	850	
-0.901386	-0.397793	5967	
-0.261513	-0.180499	3794	
-0.261874	-0.189248	4517	
-0.268192	-0.150012	4732	
-0.278946	-0.098407	4319	
-0.293228	-0.027363	5628	
-0.300483	-0.000947	5368	
-0.313692	-0.067430	4321	
-0.330707	-0.228441	1899	
-0.526853	-0.136251	1531	
-0.221159	0.496956	2435	
0.561429	0.095393	2053	
0.348303	-0.067668	3219	
-0.401276	0.079400	4646	
0.131962	0.493104	489	
0.036047	0.494947	574	
0.433883	-0.371860	3343	
-0.392946	0.185559	2638	
-0.018749	0.515286	2278	
-0.282984	0.252711	3857	
0.034673	-0.519997	5719	
0.484188	0.334004	1481	
0.036181	-0.648835	6380	
-0.513701	0.336065	697	
0.380871	0.504203	2334	
0.599761	-0.333208	4062	
0.543514	-0.450885	5705	
0.067203	-0.745551	5378	
-0.006690	-0.775477	1764	
-0.480366	-0.599157	429	
-0.574177	0.522828	675	
0.664989	0.444616	4793	
0.356363	-0.754729	3871	
-0.842807	0.084936	5702	
0.581494	0.651132	2523	
-0.572391	-0.687370	5011	
-0.432981	0.819457	5694	
0.391007	-0.867039	547	
-0.279582	0.933005	339	
0.398338	0.463916	1141	
0.315492	0.521417	3980	
-0.215064	0.560595	5049	
-0.591560	0.072742	4168	
-0.335619	-0.395641	2298	
-0.268251	-0.228455	1967	
-0.285208	-0.096839	4319	
-0.304545	-0.052861	4321	
-0.315879	-0.177012	5123	
-0.462673	-0.254443	1292	
-0.316716	0.443761	1569	
0.564466	0.081594	2574	
0.350977	0.083357	2341	
-0.423388	-0.067198	2293	
0.526714	-0.199401	3978	
0.037692	0.494543	574	
0.121839	0.393470	4128	
0.334845	-0.155497	4271	
-0.509008	0.007332	2649	
0.318378	0.131399	2508	
0.554234	-0.233177	1958	
0.484880	0.350131	1183	
-0.224708	-0.117359	6390	
-0.325019	-0.583626	1198	
0.392907	0.515628	2334	
-0.609798	-0.289055	3243	
-0.686732	0.118271	6517	
-0.719414	0.080454	3972	
-0.145161	0.730729	3384	
0.557419	0.534142	3404	
0.562802	-0.570694	6384	
-0.694292	-0.427043	2746	
-0.306309	0.783843	3311	
0.752582	-0.426911	2415	
-0.886246	-0.005978	3647	
0.428402	0.813884	5976	
-0.825896	-0.436252	6257	
0.382567	0.888083	6647	
-0.377180	-0.916053	5878	
-0.231031	-0.357728	6202	
-0.216982	-0.319820	6501	
-0.143029	0.181100	857	
0.005585	-0.313306	1895	
-0.019042	-0.662958	6416	
-0.162090	0.578425	854	
-0.354413	-0.397206	1896	
-0.270835	-0.204664	4517	
-0.293455	-0.091913	4475	
-0.311922	-0.175163	5123	
-0.472541	-0.245341	2873	
-0.216716	0.500675	2438	
0.470746	-0.356298	5208	
0.116306	0.364142	2914	
-0.489187	0.042920	1853	
-0.081476	0.417672	3227	
0.549350	-0.011204	3235	
-0.444845	0.011914	4927	
0.081605	0.513359	1306	
-0.295514	0.239843	3857	
0.031505	-0.546265	5552	
0.430767	0.397490	1159	
-0.089260	-0.560990	6509	
-0.238901	-0.664147	6858	
-0.526462	0.337316	515	
0.048880	0.672543	642	
0.440454	0.536231	3789	
0.675217	0.241009	2455	
0.701517	-0.248686	4992	
0.695872	-0.338116	3284	
-0.569990	-0.542334	1447	
-0.525821	0.611538	4050	
0.606682	0.574434	1545	
-0.198116	-0.853076	4895	
-0.616064	0.630329	3697	
0.746668	-0.507205	3499	
-0.931978	-0.014978	4080	
0.728318	0.632503	1000	
-0.703552	-0.692411	6215	
-0.036846	-0.309277	353	
-0.305122	-0.471888	501	
0.145351	-0.193011	323	
0.560909	-0.296246	5138	
-0.591043	-0.060395	4208	
-0.277916	-0.263671	1782	
-0.289698	-0.123879	4578	
-0.319761	-0.220728	2327	
-0.542159	-0.088675	2591	
0.129367	0.534898	2244	
0.082325	-0.487053	1095	
-0.286255	0.283375	4181	
-0.129481	0.478662	977	
0.522519	0.137677	2263	
-0.264760	0.353737	4789	
0.151108	-0.412889	2332	
-0.471695	-0.137392	1410	
0.335423	-0.042629	6278	
0.588280	0.061105	2898	
0.588462	0.150868	1365	
-0.192551	0.102861	856	
0.446415	-0.485886	3989	
-0.383697	-0.558004	1547	
0.241325	-0.677820	2570	
-0.097762	-0.756449	4931	
-0.057446	-0.777121	1435	
-0.418224	-0.661303	5988	
-0.690963	0.357363	4781	
0.400827	0.693595	3486	
0.741385	-0.375957	2001	
-0.797031	-0.290472	5609	
0.127186	0.865728	2565	
-0.040228	-0.903331	5093	
-0.832838	0.413205	5305	
0.945903	0.171886	6650	
-0.936835	-0.301365	6364	
-0.083014	-0.407504	4584	
-0.226369	-0.036646	6073	
-0.126097	-0.643036	5583	
-0.584960	0.112161	788	
-0.280606	-0.266934	1440	
-0.292151	-0.146863	5336	
-0.352658	-0.285979	1598	
-0.457010	0.301154	2464	
0.550655	0.141519	2637	
0.332263	0.146489	3056	
-0.467661	-0.089400	2604	
0.377282	0.011457	4044	
0.374587	-0.046546	4247	
-0.266475	0.336096	4789	
-0.331713	0.385266	1625	
0.034513	0.364359	4011	
0.374387	-0.483161	3482	
0.350594	0.476051	5684	
-0.018123	0.245608	719	
-0.330067	-0.561433	6603	
0.623184	0.189416	1156	
-0.560677	-0.374405	5114	
-0.694980	-0.046643	859	
-0.702082	-0.175196	580	
-0.706204	0.254857	3515	
-0.042639	0.772304	3691	
0.798285	-0.027370	3074	
-0.127926	-0.838389	6856	
-0.801833	0.268656	4196	
0.681971	0.542303	2576	
-0.598151	-0.662801	5384	
-0.482453	0.790927	3735	
0.531113	-0.789510	6791	
-0.589491	0.778907	5983	
0.141267	-0.160101	3471	
-0.209777	-0.103945	2306	
0.288585	-0.583039	4823	
-0.493607	-0.299559	2012	
-0.279658	-0.224707	1967	
-0.308258	-0.203546	4657	
-0.502565	-0.205253	4848	
0.032134	0.548496	3501	
0.072347	-0.526734	5239	
-0.320931	0.244138	4705	
0.044548	0.504396	574	
0.137256	-0.461097	1194	
-0.459996	0.088574	2428	
0.352638	0.397668	2605	
-0.366244	0.119470	5350	
0.036847	-0.526571	5719	
0.368155	0.453238	5649	
-0.078601	-0.528415	4936	
0.636748	-0.027269	4171	
-0.522771	-0.333321	3294	
-0.526645	0.421442	3747	
-0.281686	0.633924	3049	
-0.502125	0.518163	4132	
0.319934	0.669744	2401	
0.688043	0.346876	3787	
0.499435	-0.627591	4406	
-0.680188	-0.448431	1059	
-0.430073	0.723347	4806	
0.846240	-0.182883	4487	
-0.853137	-0.241502	3405	
0.010097	0.922356	5259	
-0.576435	-0.739293	726	
0.013216	0.969002	920	
-0.039837	-0.316913	6251	
0.227134	-0.065940	314	
0.335286	0.507806	5680	
-0.325592	-0.371823	1711	
-0.287487	-0.195676	4867	
-0.366636	-0.300907	1989	
-0.390318	0.384719	5927	
0.564585	-0.136142	4512	
0.067289	0.377800	4452	
-0.453264	0.190245	1657	
-0.256993	0.352923	4789	
-0.408549	0.207934	4712	
0.187572	-0.540777	5047	
-0.414065	-0.150640	1376	
0.199015	-0.292746	400	
0.490708	0.318003	1216	
0.592614	-0.186124	5679	
-0.444269	0.424288	4053	
0.092851	0.621046	844	
0.414680	0.532644	2668	
0.587163	0.370088	4939	
0.688128	0.197936	2259	
0.738573	-0.075574	2209	
0.768387	-0.069926	3095	
-0.185070	-0.806068	1536	
-0.805933	0.090658	3608	
0.048918	0.836737	4581	
0.513695	-0.694626	4555	
-0.873585	0.138280	5341	
0.576600	0.713396	6290	
-0.787217	-0.502547	5601	
0.269617	0.928560	6235	
-0.211745	-0.968051	6349	
-0.564958	-0.207650	3614	
-0.113022	-0.556901	6269	
-0.586875	-0.075477	4208	
-0.287280	-0.258429	1782	
-0.323108	-0.259678	1969	
-0.550201	0.052793	1699	
0.428921	0.360536	4027	
0.346976	-0.062645	3219	
-0.448627	-0.111124	2602	
0.233468	-0.315864	3762	
-0.254058	0.360068	4186	
0.339183	0.178804	772	
-0.507062	0.023932	2636	
0.340543	0.009239	6220	
0.585622	0.067851	2898	
0.496236	0.339070	1406	
-0.173348	0.132270	822	
0.616485	-0.200508	3051	
0.346330	-0.603925	2190	
0.634773	-0.298782	1157	
0.472180	-0.552621	5713	
0.515879	-0.542940	6291	
0.523027	-0.573900	999	
-0.641435	-0.447734	793	
-0.520342	0.615034	4050	
0.528585	0.646481	2148	
0.058293	-0.867823	6533	
-0.767532	0.435155	3524	
0.906563	-0.009698	3250	
-0.865633	-0.348216	6677	
0.444194	0.857494	6674	
-0.369607	-0.917919	5878	
0.206353	-0.118365	361	
-0.120122	0.587708	878	
-0.312442	-0.342201	1732	
-0.306696	-0.240661	1995	
-0.525564	-0.159725	3596	
0.149980	0.532364	2630	
0.166312	-0.354372	5831	
-0.406399	0.026275	5199	
0.521487	0.150913	2263	
-0.096928	0.418280	2686	
-0.063033	0.413199	2844	
-0.440941	0.248388	2167	
0.229333	0.272409	3062	
0.576538	-0.151932	5769	
0.323318	0.497081	5680	
-0.284331	-0.425128	1396	
0.146525	-0.659808	2071	
-0.438144	-0.486002	5771	
0.287917	-0.656325	2015	
0.071350	-0.744110	5378	
0.247121	-0.718225	5812	
0.041723	-0.793271	736	
-0.751917	-0.209450	2063	
-0.143949	0.790101	4857	
0.740493	0.382148	4045	
-0.367632	-0.788871	5854	
-0.621212	0.624148	3697	
0.775863	-0.459005	3361	
-0.912850	-0.188503	5413	
0.567742	0.780195	6519	
-0.491258	-0.857416	1518	
-0.192031	-0.186155	6773	
0.623426	-0.023416	4171	
-0.367582	-0.385261	1876	
-0.297747	-0.251148	1715	
-0.478263	-0.248399	2873	
-0.070183	0.545560	3324	
0.070669	-0.537979	3899	
-0.346560	0.204925	5404	
0.159617	0.488663	777	
-0.319293	0.308879	4233	
-0.220992	0.366029	4502	
-0.330408	0.384168	1625	
0.039063	0.366352	4011	
0.499479	-0.338140	3315	
0.235415	0.539958	2878	
-0.163848	0.183431	6686	
-0.123628	-0.687730	929	
-0.536276	-0.365613	3057	
-0.027352	-0.738169	1777	
-0.339977	-0.679631	557	
-0.148949	-0.771784	6820	
-0.331695	-0.730424	1230	
-0.762951	0.155764	2276	
0.112326	0.793237	5148	
0.827083	0.084720	5354	
-0.593965	-0.611949	2620	
-0.435090	0.763628	4214	
0.576903	-0.690078	3925	
-0.927822	-0.081369	6306	
0.651234	0.710944	6915	
-0.167526	0.120539	3699	
-0.469476	-0.358323	1014	
0.163119	-0.634966	2099	
-0.423014	-0.361980	3917	
-0.301489	-0.272728	1591	
-0.441475	-0.289852	1309	
-0.137695	0.531961	3239	
0.111492	-0.571823	1593	
-0.288151	0.276926	4181	
0.046544	0.505404	574	
-0.435159	0.102414	2409	
-0.301669	0.310100	4241	
-0.234393	0.449502	1392	
-0.033883	0.371177	6296	
0.429969	-0.428502	4739	
0.187802	0.556274	2515	
0.010455	0.245585	4381	
-0.209124	-0.685760	1589	
-0.652513	0.015304	4327	
-0.223155	-0.726219	1299	
-0.466294	-0.529398	5201	
-0.371131	-0.674841	598	
-0.476814	-0.600716	429	
-0.703699	0.328648	4554	
0.272092	0.752557	3628	
0.826034	-0.089063	4285	
-0.653378	-0.544267	2387	
-0.295225	0.826227	4970	
0.454791	-0.775841	5546	
-0.930617	-0.028241	5355	
0.691391	0.671382	6714	
-0.595368	-0.786928	5950	
-0.602277	0.072706	5926	
-0.081928	-0.656123	1639	
-0.464771	-0.326202	1274	
-0.307482	-0.290728	1591	
-0.446290	-0.287333	1129	
-0.139946	0.532000	2733	
0.138820	-0.574256	1814	
-0.283066	0.281199	4010	
0.033890	0.505930	574	
-0.434806	0.101421	2409	
-0.316460	0.297664	3504	
-0.236313	0.448214	1392	
-0.036269	0.371340	6296	
0.432657	-0.425100	4644	
0.156018	0.564907	3804	
0.138412	0.203732	473	
-0.211259	-0.685415	1589	
-0.581528	0.289246	3423	
-0.267764	-0.710852	5641	
-0.486340	-0.505894	5106	
-0.390306	-0.655336	5435	
-0.497348	-0.579000	394	
-0.695429	0.345150	4357	
0.320165	0.732879	2899	
0.812830	-0.169390	4038	
-0.663400	-0.531280	2387	
-0.268633	0.834801	2517	
0.427912	-0.790982	4682	
-0.930579	-0.022318	4237	
0.693701	0.668776	6714	
-0.595002	-0.786988	5950	
0.074992	-0.654537	2335	
-0.460031	-0.330193	1274	
-0.314516	-0.304572	2072	
-0.483051	-0.248152	2873	
-0.040701	0.549947	3379	
0.069530	-0.541816	3899	
-0.340051	0.212629	5477	
0.170870	0.485928	753	
-0.454333	0.041730	5485	
-0.241473	0.355338	4161	
-0.293050	0.412033	1329	
0.019665	0.369951	495	
0.486396	-0.356679	3315	
0.135172	0.570426	3761	
0.014767	0.245303	6583	
-0.165716	-0.687066	5936	
-0.651722	-0.028988	3143	
-0.151328	-0.737450	5455	
-0.435996	-0.564526	5300	
-0.317213	-0.717108	695	
-0.446217	-0.631763	5648	
-0.720493	0.289970	2920	
0.230849	0.766053	2986	
0.827970	-0.064708	2201	
-0.627765	-0.574512	1788	
-0.330147	0.812732	2236	
0.492125	-0.752301	5526	
-0.928192	-0.071392	6721	
0.662406	0.699846	6915	
-0.555798	-0.815375	6230	
-0.225178	-0.061481	476	
0.598789	-0.192376	5679	
-0.427807	-0.355272	4628	
-0.326061	-0.315033	2072	
-0.544130	-0.109892	2204	
0.109033	0.544112	2403	
0.108325	-0.424908	4362	
-0.392785	0.086362	5596	
0.454282	0.281562	2937	
-0.434379	0.137990	3036	
-0.038835	0.415178	2947	
-0.432850	0.259305	2167	
0.170198	0.319456	3464	
0.572833	-0.160666	1805	
0.134530	0.571652	3761	
-0.163567	0.183437	6686	
-0.037705	-0.687689	1861	
-0.473588	-0.445022	959	
0.100667	-0.720671	4948	
-0.202610	-0.744396	1026	
-0.033837	-0.775412	1988	
-0.199136	-0.782799	2841	
-0.772363	0.094901	2345	
0.039363	0.799873	4577	
0.813537	0.169278	2347	
-0.527149	-0.674752	6037	
-0.499836	0.722506	3959	
0.639583	-0.631647	4297	
-0.914995	-0.173814	5413	
0.580601	0.769652	6542	
0.117624	0.176749	3803	
0.224953	-0.079361	6570	
0.243284	0.554400	3238	
-0.385220	-0.372555	1978	
-0.356275	-0.326559	2048	
-0.549713	0.086512	2994	
0.411069	0.383129	5843	
0.332342	-0.109956	3648	
-0.429066	-0.112817	2093	
0.179990	-0.536704	5047	
-0.432585	0.139791	3036	
0.341650	0.175386	561	
-0.501999	0.060260	2186	
0.328499	0.113713	2421	
0.575143	0.113794	1784	
0.179168	0.562262	3536	
-0.300985	-0.444366	6200	
0.326052	-0.581065	5057	
-0.359857	-0.597776	5770	
0.439706	-0.556212	5955	
0.245741	-0.693990	5379	
0.397579	-0.639080	2074	
0.194404	-0.761498	4642	
-0.708495	-0.326866	1493	
-0.260930	0.759300	5288	
0.677300	0.484809	1539	
-0.236726	-0.841385	5311	
-0.705614	0.526770	5584	
0.832876	-0.343944	4236	
-0.874469	-0.322544	5692	
0.452654	0.851868	6669	
-0.347952	-0.925078	6406	
-0.109778	0.167972	3677	
-0.040671	0.609646	853	
-0.041259	-0.401583	2044	
-0.516507	0.290852	722	
-0.355523	-0.362707	1722	
-0.418264	-0.315495	4968	
-0.426788	0.353126	5822	
0.577707	-0.034984	2702	
0.265355	0.253243	758	
-0.494761	0.043405	1853	
0.278040	0.280122	1304	
-0.433229	0.165307	3532	
0.122540	-0.517376	3031	
-0.439126	-0.152822	1269	
0.242197	-0.247699	6243	
0.463561	0.347268	5569	
0.369245	0.469553	5649	
-0.198272	-0.099611	2138	
0.639047	0.056147	5026	
0.553695	-0.404492	3505	
0.693758	-0.068757	1353	
0.611999	-0.381029	1047	
0.646484	-0.368901	5175	
0.648244	-0.420623	2840	
-0.530192	-0.582906	1327	
-0.633926	0.496640	3758	
0.384532	0.740469	4506	
0.255077	-0.826557	6079	
-0.840024	0.270310	2897	
0.892258	0.156652	3667	
-0.774690	-0.520426	5215	
0.270473	0.926956	6235	
-0.171155	-0.974524	6090	
0.094446	0.219337	679	
0.564213	-0.285350	1530	
-0.533487	-0.227016	4199	
-0.355228	-0.349640	2039	
-0.524864	-0.179896	4715	
-0.068618	0.548754	3324	
0.207701	-0.562498	4851	
-0.177551	0.350544	3158	
-0.312887	0.386240	1298	
-0.291071	0.325065	4817	
-0.436592	0.078994	2179	
0.284900	0.441808	1641	
-0.365218	0.132335	5350	
0.051616	-0.498809	5867	
0.235550	0.526328	2360	
0.608248	0.074245	4110	
-0.607789	0.082456	710	
-0.200008	0.592192	835	
0.149583	0.655610	1874	
0.405479	0.560451	3084	
0.581635	0.413883	1432	
0.721040	0.165877	3756	
0.749884	0.173259	5172	
0.088938	-0.808139	327	
-0.802443	-0.111271	3776	
-0.155056	0.823540	1724	
0.673484	-0.537620	1489	
-0.879274	-0.090655	2142	
0.397704	0.825741	3870	
-0.629506	-0.691176	6310	
0.039004	0.965973	428	
0.042876	-0.989780	5957	
-0.299486	-0.467837	501	
-0.030990	-0.381921	2044	
-0.300778	0.514070	5339	
-0.416605	-0.354998	3917	
-0.406551	-0.329478	4323	
-0.528006	0.177397	3101	
0.368389	0.424335	3107	
0.188455	-0.324060	6173	
-0.394995	0.067737	5293	
0.275593	0.442866	1641	
-0.410569	0.169472	2426	
0.114169	0.389401	4128	
-0.334610	0.376590	1625	
-0.072991	0.370272	480	
0.336676	-0.506974	2542	
0.035817	0.575902	4032	
-0.071213	-0.502230	1093	
0.414174	0.469100	5620	
-0.359190	-0.525635	1750	
-0.663235	0.122163	6261	
-0.526474	0.450234	962	
-0.665568	0.278266	3173	
0.078532	0.736246	1184	
0.511441	0.574719	3075	
0.677597	-0.420643	5273	
-0.509697	-0.646000	455	
-0.631876	0.554911	4224	
0.860823	0.080328	1458	
-0.736205	-0.494802	3784	
-0.267147	0.882835	4439	
-0.301378	-0.891342	6527	
-0.266779	0.931379	6873	
-0.172181	0.110070	3699	
0.415118	0.458244	1141	
0.161782	-0.182842	308	
0.586667	0.189178	5846	
-0.571039	-0.127218	3148	
-0.388886	-0.354101	2945	
-0.525670	-0.182510	4715	
-0.230882	0.503477	2745	
0.541380	-0.229441	1958	
0.251983	0.266917	6061	
-0.480301	-0.084819	2213	
0.427803	-0.385294	2608	
-0.290421	0.324259	4817	
0.389719	-0.427572	2257	
-0.459430	-0.138764	1422	
0.343590	-0.002130	6232	
0.566790	0.140080	3475	
0.000277	0.584869	4550	
-0.013704	0.245489	719	
-0.044327	-0.687916	1861	
0.229667	0.602001	3849	
-0.312796	-0.684838	292	
-0.584397	-0.375182	3110	
-0.545680	-0.477707	502	
-0.747687	-0.059615	933	
-0.362597	0.682696	2473	
0.734016	0.310558	4719	
0.263536	-0.790843	5472	
-0.843783	-0.044795	5337	
0.438684	0.751937	5866	
-0.286868	-0.856544	5556	
-0.734949	0.563868	5942	
0.754917	-0.577362	4139	
-0.794746	0.566830	406	
-0.153678	0.115110	814	
-0.082401	-0.668387	1639	
0.169983	0.169272	1170	
-0.119961	-0.637587	5583	
-0.467958	0.362202	4082	
-0.457976	-0.321044	1274	
-0.445584	-0.307442	1270	
-0.526069	0.186325	3559	
0.272581	0.489527	2918	
0.064227	-0.548429	3899	
-0.220488	0.325534	3582	
-0.416097	0.271875	5585	
0.121922	-0.504981	1197	
0.303054	-0.219174	5858	
-0.228932	0.448841	1392	
-0.294973	0.251628	3857	
0.044629	-0.530808	5719	
0.212613	0.534196	2068	
0.394641	0.450515	1141	
-0.534567	-0.273310	3778	
0.630074	0.113598	4069	
0.148200	-0.688702	2153	
0.614798	-0.336655	5304	
0.385529	-0.618901	1466	
0.403232	-0.634729	1930	
0.108098	-0.781885	1692	
-0.777268	0.003033	779	
0.043963	0.798608	4148	
0.828849	-0.018555	4875	
-0.595658	-0.608262	2620	
-0.251074	0.838334	2517	
0.382045	-0.813280	5195	
-0.929050	0.031556	3603	
0.802781	0.528791	6270	
-0.739382	-0.649488	1248	
-0.184183	-0.070275	810	
0.190242	-0.098778	3645	
-0.223973	-0.081883	358	
0.019328	-0.305099	1981	
0.472465	0.386678	5504	
-0.571751	-0.115944	3148	
-0.435425	-0.329838	5017	
-0.549425	-0.115822	2204	
-0.267757	0.487129	3006	
0.579176	-0.033248	2702	
0.337374	-0.085419	3092	
-0.393920	0.063783	5293	
-0.229856	0.444172	5615	
0.519541	-0.226236	5573	
0.109184	0.504415	484	
-0.439312	-0.147236	1305	
0.327421	0.123298	3056	
0.576138	-0.133452	4512	
-0.080084	0.571360	4533	
-0.069001	-0.496556	1093	
0.547082	0.310737	2427	
-0.562342	-0.262660	4238	
-0.475795	0.475089	4162	
-0.024933	0.689938	5041	
0.330741	0.632410	6034	
0.702504	0.229773	2059	
0.756244	0.141320	5508	
-0.109884	-0.815045	5528	
-0.764051	0.258851	4559	
0.241111	0.798501	1885	
0.305152	-0.807814	2229	
-0.840923	0.265327	3538	
0.896116	-0.101479	3909	
-0.817198	-0.448436	6622	
0.372575	0.889447	637	
-0.306694	-0.938669	6813	
-0.149981	0.141655	3633	
0.581577	-0.262840	5606	
0.235295	0.046730	6594	
0.016773	-0.658512	833	
-0.473081	0.353291	706	
-0.510337	-0.254843	4337	
-0.494472	-0.254348	3389	
-0.516896	0.214254	3578	
0.196044	0.524473	2068	
0.198502	-0.567293	4851	
0.152379	0.339861	3572	
-0.419450	-0.114393	2093	
-0.265270	0.424777	1002	
-0.075080	0.500424	2283	
-0.502243	0.016391	2636	
-0.167716	0.345453	2612	
0.047875	-0.557290	5509	
0.246061	0.518040	2846	
0.120480	0.578699	3761	
-0.292785	-0.438789	6200	
0.235493	-0.628324	2077	
-0.618895	-0.198172	5155	
-0.148512	-0.737034	5455	
-0.572383	-0.393144	4981	
-0.581905	-0.428889	5901	
-0.585523	0.459134	2294	
0.092139	0.764378	2662	
0.791627	-0.086817	4694	
-0.317866	-0.783366	5134	
-0.681259	0.492789	5037	
0.862281	0.048150	5414	
-0.753728	-0.466184	4625	
-0.038095	0.918766	3771	
-0.480202	-0.804782	6643	
-0.099362	0.961763	6678	
0.134173	-0.981189	2090	
-0.177085	-0.235991	6154	
-0.396274	-0.423785	5022	
0.093038	-0.241423	806	
0.616715	0.060140	3685	
-0.582393	0.068625	4168	
-0.494016	-0.271253	2139	
-0.558135	-0.084933	3103	
-0.334133	0.447160	6058	
0.513962	0.248270	4097	
0.080520	-0.462456	2215	
-0.046444	0.379966	6296	
-0.425976	-0.128382	2022	
-0.476518	0.152043	2785	
-0.491917	-0.067363	3366	
-0.288090	0.260876	3857	
0.231937	-0.264192	6244	
0.563493	0.145621	3475	
-0.144518	0.558269	4769	
-0.109498	-0.609783	5857	
-0.306415	-0.563615	6796	
-0.456420	0.426097	4621	
0.410703	0.532571	2668	
0.613771	0.321439	5004	
0.642798	-0.322271	1070	
0.601320	-0.439914	1080	
0.242028	-0.744446	4722	
-0.776548	0.003205	779	
0.227248	0.765004	2986	
0.750638	-0.347530	1795	
-0.725861	-0.435954	4473	
0.092617	0.866908	3152	
0.011043	-0.900811	466	
-0.820646	0.430711	5944	
0.786730	-0.531669	384	
-0.727457	0.647317	5989	
-0.102048	0.188562	3677	
-0.219293	-0.104550	6657	
-0.018955	-0.366420	2371	
0.125303	0.587441	4596	
-0.582164	-0.040857	3068	
-0.520262	-0.222359	4199	
-0.551783	0.116497	3011	
-0.027371	0.557433	3379	
0.560480	-0.175074	1805	
0.251543	-0.247770	6243	
-0.076154	0.376034	480	
-0.400821	-0.004049	4017	
-0.405199	-0.067031	2744	
-0.243998	0.301375	3825	
0.324586	-0.109028	3648	
0.516761	-0.299571	2396	
-0.003031	0.571667	4390	
0.260310	0.535784	4279	
0.165759	-0.640161	2099	
0.297332	-0.597932	4760	
-0.011382	0.642492	2391	
-0.380010	-0.603644	5471	
-0.673169	-0.170839	4024	
-0.721622	-0.014772	538	
0.245258	0.696894	2176	
0.575182	0.509805	3355	
0.302655	-0.745153	1529	
-0.806922	0.031062	2372	
0.142604	0.821808	5081	
0.309599	-0.805543	2229	
-0.818861	0.324827	4129	
0.815601	-0.377252	4451	
-0.867932	-0.336524	6719	
0.537326	0.798956	6715	
-0.492169	-0.853876	1518	
0.055477	0.208235	1229	
-0.173147	0.166890	6836	
-0.090207	-0.522050	1736	
-0.246351	0.539164	5213	
-0.574183	-0.085975	3103	
-0.555916	-0.118634	2204	
-0.474945	0.299994	3654	
0.203801	0.523468	2068	
0.428514	-0.418516	3354	
0.217201	-0.286986	6244	
0.070519	0.368588	4452	
-0.130341	0.362060	1977	
-0.027957	0.378247	5971	
0.290584	-0.183951	3140	
0.412626	-0.440904	3374	
0.154657	0.549707	2630	
-0.135335	0.568414	4849	
0.197285	-0.150974	356	
0.149257	0.603458	4608	
-0.619258	-0.075124	4965	
0.057839	0.668503	2692	
0.593780	0.356240	5191	
0.598021	-0.401752	1051	
0.413787	-0.626432	2121	
-0.172335	-0.786992	5807	
-0.662867	0.399876	3172	
0.633373	0.483232	5237	
0.281798	-0.783182	1804	
-0.839650	0.080103	5702	
0.782182	0.369825	3864	
-0.664291	-0.588787	5160	
-0.135429	0.909738	4383	
-0.445329	-0.825083	5088	
-0.090000	0.962137	6728	
0.185193	0.108201	367	
-0.047846	0.237111	6756	
-0.120608	-0.622088	5638	
-0.369864	0.460173	3715	
-0.574925	-0.073025	3511	
-0.568752	-0.011959	1620	
-0.385862	0.407019	2342	
0.291834	0.482595	2687	
0.485040	-0.346533	5043	
0.095880	-0.431151	4362	
0.337213	-0.075509	3675	
0.325920	-0.109593	3648	
0.078418	-0.454038	2215	
0.486762	-0.349026	5043	
0.201216	0.533681	2336	
-0.243082	0.526640	2745	
-0.004704	-0.654559	6308	
-0.593871	-0.143675	4298	
0.565729	0.291361	5410	
-0.099824	-0.719837	967	
0.107959	-0.718088	4948	
-0.569698	-0.396540	4794	
-0.684240	-0.228320	593	
0.224490	0.703558	2176	
0.607266	0.470924	2921	
0.070872	-0.809475	327	
-0.732185	0.335097	4542	
0.502667	0.663174	5376	
-0.274936	-0.827679	5427	
-0.428407	0.763081	5804	
0.437315	-0.783713	4695	
-0.919720	0.125884	3609	
0.951486	-0.080947	690	
-0.865835	0.449846	5982	
0.516011	-0.847762	2498	
0.214766	0.001027	3644	
0.030196	0.240207	6583	
-0.111999	-0.637726	1691	
-0.371607	0.458250	3715	
-0.579051	-0.028703	3068	
-0.565750	0.060624	3453	
-0.357847	0.432896	6082	
0.219066	0.519663	2578	
0.582299	-0.005047	3722	
0.218026	-0.563342	4598	
0.076859	-0.575734	1339	
0.286052	-0.534365	3237	
0.579744	0.054774	2389	
0.091268	0.561567	3666	
-0.282280	0.504665	3754	
0.616661	-0.008694	4036	
-0.176885	-0.221530	6101	
0.386027	-0.539165	5802	
0.595593	0.253679	2454	
-0.659741	-0.133796	4521	
-0.166422	0.669383	4486	
0.700039	0.137678	4000	
0.683230	-0.290102	5515	
0.157790	-0.769971	1456	
-0.730111	0.259905	2805	
0.611275	0.510609	5021	
0.232459	-0.800256	5925	
-0.794735	0.278174	4391	
0.860196	0.066148	1983	
-0.812155	-0.348977	3431	
0.661399	0.623385	3873	
-0.646824	-0.673308	6341	
0.209900	0.941117	418	
-0.230347	-0.959623	1517	
0.201758	-0.076164	3731	
0.052011	0.236390	6912	
-0.112270	-0.637028	1691	
-0.323003	0.494081	5316	
-0.578927	0.043185	3472	
-0.563964	0.087884	3465	
-0.414149	0.383308	2086	
-0.004649	0.562551	4390	
0.412934	0.391276	5843	
0.551747	0.168945	3753	
0.536025	0.211441	5478	
0.294588	0.487572	2687	
-0.136383	0.551920	4849	
-0.308066	0.491384	5610	
0.602005	0.114110	3841	
-0.058587	-0.372034	1145	
0.151370	-0.658417	1786	
-0.245817	-0.680623	1226	
-0.170883	0.648276	3196	
0.688500	0.083484	5153	
0.252946	-0.689230	2570	
-0.283044	-0.734367	1061	
-0.583455	0.459157	2294	
0.344277	0.686510	1790	
0.482147	-0.637345	4620	
-0.799650	0.104025	3052	
0.379594	0.740733	4474	
-0.236030	-0.839834	5311	
-0.385163	0.785022	5538	
0.333281	-0.833238	4820	
-0.868709	0.322907	4510	
0.590469	-0.736029	5467	
-0.548823	0.798958	548	
0.422701	-0.896683	6165	
0.187397	-0.108029	820	
0.026093	0.241113	6583	
-0.119202	-0.611178	5638	
-0.214291	0.551114	5049	
-0.561555	0.152026	1006	
-0.563597	0.106632	3465	
-0.475591	0.308741	3654	
-0.275926	0.492319	3006	
-0.059011	0.560595	4368	
-0.010320	0.564839	4390	
-0.168037	0.541490	3967	
-0.321358	0.472257	2477	
-0.268040	0.518043	3575	
0.396668	-0.501939	3769	
0.126661	-0.185250	3643	
0.134804	-0.662998	2071	
-0.517379	-0.335549	3294	
0.640435	0.207081	1785	
0.581315	-0.392957	5377	
-0.453997	-0.540213	5196	
-0.706020	-0.146387	691	
0.490611	0.550946	2480	
0.767698	-0.038912	2754	
-0.615008	-0.480210	6067	
0.173708	0.777933	3023	
0.592238	-0.576555	2989	
-0.841050	-0.061171	5337	
0.812254	0.293225	2651	
-0.763912	-0.445992	4378	
0.656659	0.627434	3873	
-0.661035	-0.658653	5574	
0.279143	0.922304	686	
-0.338432	-0.925954	6105	
0.202452	-0.075761	3731	
-0.051807	0.237381	6756	
-0.095826	-0.542503	5393	
0.044638	0.594033	5937	
-0.480425	0.333493	706	
-0.553656	0.167353	765	
-0.522981	0.232478	737	
-0.457868	0.338810	3682	
-0.417636	0.387945	2086	
-0.419925	0.389677	2086	
-0.389195	0.430093	2652	
0.049754	0.589884	5937	
-0.011198	-0.369449	2371	
-0.242316	-0.656434	5875	
0.255114	-0.619526	2077	
-0.531788	-0.312997	3091	
0.674418	-0.047185	1457	
0.360838	-0.613008	1566	
-0.637652	-0.272259	4727	
-0.107089	0.705303	1538	
0.739163	-0.014498	1643	
0.248983	-0.740776	5297	
-0.659328	0.403626	3172	
0.763829	0.220253	3945	
-0.471172	-0.677440	6771	
-0.241343	0.800389	1608	
0.379671	-0.772853	5007	
-0.674534	0.559907	3521	
0.552016	-0.706542	4031	
-0.914945	0.152001	3592	
0.715331	-0.617377	6886	
-0.569402	0.784071	6888	
0.212847	0.032429	3793	
-0.181636	0.160573	1167	
-0.021363	-0.379301	2019	
0.570964	0.221935	1454	
-0.225184	0.544705	3839	
-0.438056	0.386766	3474	
-0.479757	0.328190	706	
-0.450847	0.367069	3809	
-0.361313	0.458356	2606	
-0.025806	0.590146	866	
0.398551	-0.500662	4307	
-0.154941	0.189229	1290	
-0.423179	-0.417862	5159	
0.518861	-0.400687	2322	
-0.319268	-0.631891	1343	
0.663392	0.117319	4021	
0.335192	-0.628664	4688	
-0.693415	0.005816	4220	
0.553794	0.446503	1389	
0.661831	-0.336649	5171	
-0.460780	-0.612988	307	
-0.028203	0.768149	3847	
0.613757	-0.507165	2869	
-0.788380	0.165156	3438	
0.628576	0.541858	1524	
-0.551713	-0.649241	1744	
0.197760	0.846730	5351	
-0.441483	-0.779423	5666	
-0.153510	0.905526	4190	
-0.458441	-0.816964	1676	
0.099170	0.959198	6188	
-0.203706	-0.965018	6349	
0.081250	0.200446	811	
-0.217781	-0.123323	950	
0.186254	-0.159573	6375	
-0.059338	-0.652851	3552	
0.561145	0.241937	1541	
0.205346	0.561540	2645	
0.206892	0.560739	2645	
0.536507	0.286984	1424	
-0.112948	-0.614334	5857	
0.122276	0.211698	364	
-0.267537	-0.646329	5685	
-0.498983	0.361957	648	
0.468329	0.426442	5564	
0.603099	0.233437	5327	
0.237180	0.626458	4051	
0.513948	-0.481389	4026	
-0.685096	-0.106658	4418	
0.602773	0.377883	1368	
0.510235	-0.544829	6291	
-0.736811	-0.120675	687	
0.294520	0.708655	2414	
0.087765	-0.806092	483	
-0.390273	0.698643	3194	
0.746794	-0.351249	1795	
-0.834519	-0.119198	4819	
0.848859	0.150258	2556	
-0.855048	-0.217107	4716	
0.892340	-0.106327	3555	
-0.860308	-0.352563	6233	
0.879672	0.378502	6608	
-0.841730	0.488083	377	
0.570044	-0.811441	6827	
-0.180116	0.119902	3699	
-0.604762	-0.027418	4528	
0.010872	0.243601	4381	
0.218297	-0.107719	1164	
0.061450	-0.273529	634	
0.083663	-0.255804	806	
0.213129	0.117393	362	
-0.216646	-0.259133	6346	
0.101348	-0.662950	4703	
0.119115	0.609261	1872	
0.580192	-0.296160	3462	
-0.623130	0.017702	4264	
-0.288574	-0.683582	6762	
-0.655920	0.145444	2828	
0.692692	-0.052616	1353	
-0.533700	-0.444341	5010	
0.445246	0.553927	4530	
0.555862	-0.495843	1114	
-0.743209	0.056212	534	
0.385595	0.663506	2495	
-0.174467	-0.805052	1536	
0.083996	0.792232	4952	
0.446234	-0.697256	5112	
-0.718373	0.433536	1778	
0.666897	-0.541051	5697	
-0.763469	0.432541	3524	
0.552472	-0.705450	4031	
-0.867897	0.322135	4510	
0.097286	-0.933396	5224	
-0.319060	0.912110	6292	
0.142717	-0.977639	6486	
-0.178612	-0.236144	6154	
-0.028695	-0.313217	6251	
0.287574	0.544039	4525	
0.053322	0.609422	801	
-0.089085	-0.438990	350	
-0.267537	-0.646329	5685	
-0.365827	-0.467933	2036	
-0.333316	0.519284	6049	
0.589314	-0.275940	3039	
-0.267746	0.563867	864	
0.549272	0.337630	2965	
0.658917	0.135176	4021	
-0.200377	-0.729500	1026	
0.316139	0.612294	1246	
-0.161909	-0.749101	6431	
-0.360718	0.615671	5663	
0.719574	-0.174018	2065	
-0.710742	-0.228742	1354	
0.353051	0.681186	1790	
-0.248134	-0.786455	5855	
0.267588	0.749503	3628	
0.198761	-0.809125	5204	
-0.424642	0.720413	4806	
0.217916	-0.834273	3949	
-0.415300	0.768376	5747	
-0.036025	-0.898806	5093	
-0.424724	0.816053	5682	
-0.389035	-0.853366	6353	
0.124399	0.955562	6665	
-0.413974	-0.893327	6273	
0.746569	-0.654842	2672	
-0.267537	-0.646328	5685	
-0.242316	-0.656434	5875	
-0.242316	-0.656434	5875	
-0.351909	-0.480169	2031	
0.632672	0.046125	5040	
0.428011	-0.503514	2752	
0.640889	-0.069275	1411	
-0.332703	0.527746	6049	
0.618659	-0.213774	3468	
0.387118	-0.571021	5731	
-0.669302	-0.057836	5422	
0.659194	-0.227064	5238	
-0.566727	0.392028	4135	
0.626249	-0.350829	1136	
-0.559479	-0.456614	506	
0.705570	0.213682	1961	
-0.260261	-0.762384	5912	
0.183506	0.744660	1286	
-0.063934	-0.815745	5205	
0.233639	0.760651	2986	
0.096525	-0.830345	1550	
-0.237711	0.799977	1608	
-0.026795	-0.867238	3657	
-0.079283	0.867153	3985	
-0.404952	-0.800459	1058	
0.511356	0.750483	3673	
-0.675897	-0.641642	6054	
0.614074	0.738329	410	
-0.912578	0.340616	1214	
0.610707	-0.780868	2833	
-0.242316	-0.656434	5875	
-0.319230	-0.518656	6210	
0.632313	0.048641	5040	
0.569947	-0.317031	3066	
0.616472	0.168006	1156	
-0.512509	0.354202	995	
0.639361	-0.128967	6089	
0.394918	-0.565019	5798	
-0.619561	0.255473	2165	
0.443412	-0.550180	5955	
0.128583	0.675428	2595	
-0.158805	-0.749267	6431	
0.458065	0.542595	1656	
0.181155	-0.737522	4941	
0.231545	0.698916	2176	
0.493864	-0.593792	4106	
-0.210061	0.739324	3081	
0.261667	-0.759625	5852	
-0.017579	0.796359	4442	
0.277359	-0.783148	5852	
-0.275637	0.787721	1773	
-0.076326	-0.865475	5319	
0.091260	0.864242	3152	
-0.562676	-0.688248	5011	
0.837640	0.333004	3914	
-0.819546	-0.438992	6257	
0.945726	-0.098539	4433	
-0.630876	0.734225	6893	
0.382215	-0.912325	2535	
-0.313254	-0.530273	6673	
0.115117	0.608935	1872	
0.639374	-0.085068	1411	
-0.155105	0.605366	4246	
0.338890	-0.577277	5716	
0.413614	-0.550166	5757	
-0.572901	0.345925	4786	
0.363982	-0.609711	1566	
0.296963	0.620846	1251	
-0.461879	-0.529149	5196	
0.710386	0.054410	5346	
-0.474823	-0.556340	435	
0.732294	0.088828	2497	
-0.720057	0.181542	1992	
0.724451	0.250296	2803	
-0.751042	0.184042	3880	
0.728434	-0.315418	5013	
-0.521284	0.606552	2903	
0.564572	-0.602051	6075	
-0.506666	0.664996	3878	
0.052728	-0.863615	6533	
0.059275	0.866997	3193	
-0.612901	-0.640740	5338	
0.892477	0.105278	3598	
-0.885227	-0.279897	4847	
0.506300	-0.790177	6871	
-0.456988	0.851529	6365	
0.164858	-0.973350	6793	
-0.306692	-0.609160	982	
0.640778	-0.070402	1411	
-0.580007	0.226427	702	
-0.199385	0.606586	2346	
-0.061250	0.664311	3353	
0.270045	-0.661572	5067	
0.436984	0.531551	3789	
-0.544742	-0.427812	4972	
0.703498	-0.121551	2291	
-0.710654	0.096051	1431	
0.621223	-0.405439	5189	
-0.074545	0.732890	1765	
0.484290	-0.601341	4267	
0.036617	0.765756	3164	
-0.456604	-0.651189	5648	
0.657548	0.445004	3887	
-0.802682	-0.059005	3663	
0.808365	-0.160547	3826	
-0.786073	0.293735	2969	
0.351446	-0.784308	4635	
-0.176200	0.852779	2491	
-0.511085	-0.729667	322	
0.887936	0.137865	3309	
-0.894850	-0.245934	630	
0.351635	-0.869289	6430	
-0.356173	0.897508	1265	
0.015802	-0.985940	5915	
-0.522172	0.325872	515	
-0.513529	0.352230	995	
0.452652	-0.515757	5598	
-0.467495	-0.486051	1196	
0.581942	0.368981	4939	
-0.653148	-0.223751	5456	
0.697538	-0.152129	2485	
-0.679169	0.224829	2884	
0.569840	-0.476921	1022	
0.198015	0.708214	1191	
0.042544	-0.788847	729	
0.403338	0.651829	2495	
-0.773359	0.009642	779	
0.662453	-0.437256	3367	
-0.077678	0.792337	3879	
-0.135407	-0.832819	6919	
0.459698	0.689709	1263	
-0.778195	-0.323329	5519	
0.768362	-0.381166	1636	
-0.536911	0.688341	3955	
-0.253238	-0.864409	5645	
0.801065	0.412877	3619	
-0.862800	-0.343007	6677	
0.387090	-0.853957	5738	
-0.340955	0.903150	6163	
0.828972	-0.546387	6255	
-0.284453	-0.641804	6543	
-0.165643	0.602506	4266	
0.608675	-0.298600	5568	
0.503022	-0.491476	4278	
-0.605626	0.326993	2566	
0.633907	-0.333444	1073	
-0.685716	0.203292	2430	
0.619662	-0.406990	5189	
0.127802	0.723986	1296	
-0.011177	-0.792963	1469	
0.503208	0.577858	3461	
-0.728447	0.255689	2805	
0.347549	-0.720427	4408	
0.373068	0.701579	3202	
-0.789698	-0.154418	4008	
0.758064	-0.321394	2018	
-0.468137	0.690897	3851	
-0.287313	-0.821043	5242	
0.776157	0.373618	4016	
-0.841630	0.247393	3538	
0.169108	-0.879778	5382	
0.385990	0.821229	4356	
-0.750162	-0.549460	5517	
0.573834	-0.741995	5467	
-0.413493	0.872497	313	
-0.024749	-0.985069	6066	
0.836402	-0.534674	1012	
0.369683	0.511834	1125	
-0.159120	0.604298	5072	
0.258576	-0.621153	5036	
-0.302711	0.594301	2706	
0.499632	0.472844	4527	
0.199690	-0.707334	5077	
-0.535255	0.469532	768	
0.660696	-0.333235	5171	
-0.117207	0.726302	1828	
0.332385	-0.701312	3533	
0.333075	0.689790	2589	
-0.762370	0.124298	894	
0.368225	-0.709109	4774	
0.496444	0.619424	3545	
-0.775387	0.206034	4095	
0.527798	-0.634019	6083	
0.157043	0.814935	4289	
-0.765829	-0.350921	1629	
0.609505	-0.601906	4261	
-0.071575	0.865996	3726	
-0.746426	-0.470370	4625	
0.729896	-0.517483	3037	
-0.591691	0.703672	4336	
-0.520342	-0.775452	5619	
0.949592	0.020577	6130	
-0.567715	0.781898	6888	
0.121191	-0.978458	2090	
0.863948	-0.489195	2660	
-0.580830	-0.330635	1743	
0.311433	-0.640193	4552	
0.422293	0.542174	4290	
0.022450	-0.746949	1758	
-0.081419	0.703390	1471	
0.686642	-0.273313	5098	
-0.355997	0.644877	3510	
0.651836	-0.404345	2840	
-0.040666	0.764935	2964	
-0.729916	-0.255770	1357	
0.619237	-0.496067	2869	
0.261463	0.749920	3360	
-0.798231	0.083487	3608	
0.507076	-0.650568	4366	
0.339830	0.755468	3708	
-0.839571	-0.014770	1534	
0.223919	-0.830948	3949	
0.650474	0.566095	4898	
-0.830481	0.279078	2772	
-0.043097	-0.897219	5271	
0.881499	0.168561	3277	
-0.924303	0.042171	5891	
-0.095200	-0.932991	1163	
0.456509	0.844267	5222	
-0.768100	0.588883	6268	
0.336197	-0.928123	6598	
0.485746	0.515691	1571	
-0.430018	0.564711	4101	
0.271562	-0.702907	3128	
0.529348	0.509635	1887	
-0.718739	-0.184605	1349	
0.707797	0.288681	2694	
-0.511509	0.572366	5908	
-0.145740	-0.807733	597	
0.777092	0.148339	4410	
-0.216828	0.765604	4917	
-0.649477	-0.478396	1407	
0.748136	-0.341797	1795	
0.056389	0.827866	1973	
-0.830976	-0.121631	4819	
0.205552	-0.835760	4922	
0.777478	0.367360	4016	
-0.685245	0.541161	3893	
-0.494235	-0.740518	6134	
0.806616	-0.387606	3306	
-0.440229	0.804464	5805	
-0.664889	-0.650887	6054	
0.420126	-0.837093	6656	
-0.173261	0.947870	6602	
-0.968885	0.094728	349	
0.601083	-0.785402	2833	
0.289003	-0.720916	1679	
0.740063	-0.193252	2812	
0.306453	0.701008	2414	
-0.578344	0.504981	915	
-0.395138	-0.702286	5277	
0.790323	-0.036895	2650	
-0.014729	0.794328	4442	
-0.798218	-0.081888	2233	
0.443139	-0.695803	5112	
0.709512	0.419182	4209	
-0.592200	0.587036	4282	
-0.582366	-0.614905	1794	
0.511036	-0.686907	4555	
0.619284	0.599287	2496	
-0.733727	0.473839	3160	
-0.538881	-0.705461	6091	
0.695172	-0.561336	5545	
0.368977	0.826682	4370	
-0.884308	-0.277058	4847	
0.016382	-0.936852	624	
0.695391	0.657276	6492	
-0.641387	0.722398	6401	
-0.070175	-0.981844	1752	
0.827358	-0.546038	6255	
0.783431	0.105466	5257	
0.623831	0.486713	5237	
-0.019339	0.793957	4442	
-0.705751	0.374134	4781	
-0.527234	-0.619292	1573	
0.713692	-0.407559	1660	
0.540574	0.623939	2312	
-0.602432	0.575931	4282	
-0.680516	-0.497086	1871	
0.307614	-0.801243	2229	
0.852115	0.094378	5661	
-0.117199	0.859531	3519	
-0.875915	0.033258	4813	
-0.211010	-0.874185	5536	
0.802797	-0.393612	3306	
0.341492	0.838047	4349	
-0.908474	-0.177425	5818	
-0.161456	-0.923440	4858	
0.901367	-0.276087	5785	
-0.373226	0.888960	6822	
-0.969400	0.077061	1317	
0.550318	-0.820404	6052	
0.939799	-0.320551	2753	
0.695153	0.440111	3449	
0.360451	0.742839	3690	
-0.262049	0.788240	3282	
-0.756699	0.353630	3888	
-0.729928	-0.417201	4669	
0.017749	-0.863701	487	
0.673148	-0.526320	1489	
0.757451	0.404230	4245	
-0.248978	0.831576	2517	
-0.868303	0.111182	1513	
-0.460584	-0.762878	1841	
0.470124	-0.758331	5496	
0.891936	0.082486	3335	
-0.506784	0.763099	3737	
-0.812801	-0.446485	6622	
-0.031006	-0.936196	5253	
0.832083	-0.435171	6816	
-0.290165	0.918564	432	
-0.900630	0.356999	300	
0.333404	-0.927753	6598	
0.847786	0.117576	2580	
0.791200	0.329908	4958	
0.547518	0.663465	5586	
0.046280	0.862712	3193	
-0.628336	0.602135	3330	
-0.874673	0.029262	1417	
-0.582543	-0.665682	5384	
0.144539	-0.882524	4986	
0.746004	-0.489756	3029	
0.869190	0.216998	2856	
-0.205218	0.887650	4404	
-0.905613	-0.186988	5413	
-0.359476	-0.864042	715	
0.354402	-0.865858	6430	
0.851816	0.424282	5907	
-0.461222	0.846539	6717	
-0.927199	0.281798	467	
0.308943	-0.935660	6172	
0.432724	-0.779113	4682	
0.512190	-0.729002	4334	
0.677958	-0.578076	5786	
0.854667	-0.258829	3272	
0.887366	0.116086	2954	
0.659086	0.610371	3873	
-0.263934	0.871420	4439	
-0.921714	0.034698	3603	
-0.692007	-0.618745	5940	
-0.123016	-0.928248	5246	
0.420885	-0.835236	6656	
0.943809	0.013399	3630	
-0.234177	0.933315	431	
-0.769166	0.584130	6268	
-0.946218	-0.232770	6254	
0.515390	-0.840994	2498	
0.914533	-0.382038	2780	
-0.655993	-0.656102	5574	
-0.603887	-0.705806	5096	
-0.461079	-0.810506	4317	
-0.219273	-0.909829	5943	
0.057054	-0.933341	6833	
0.350925	-0.866490	6430	
0.601475	-0.715856	5724	
0.920149	-0.189444	6199	
0.151684	0.946975	6878	
-0.535046	0.801306	6193	
-0.850277	0.459041	372	
-0.962605	-0.135150	6009	
0.393652	-0.902991	5965	
0.825989	-0.544138	6255	
0.977332	-0.172744	6355	
-0.353501	0.893861	1265	
-0.403940	0.872752	313	
-0.509967	0.816148	6267	
-0.635955	0.723743	6780	
-0.761362	0.592205	470	
-0.877870	0.403265	283	
-0.956904	0.145951	6910	
-0.920343	-0.316462	6502	
0.169367	-0.968670	6485	
0.697758	-0.697858	6023	
0.918669	-0.369008	6478	
0.759456	-0.628677	613	
0.761189	-0.626844	613	
0.793873	-0.585807	6515	
0.911949	-0.381975	2780	
0.965231	-0.221707	402	
