time = 330.6	Re = 90
0.989590	0.081105	804	
0.983343	0.137920	6018	
0.960242	0.252986	6600	
0.899845	0.420012	2813	
0.780029	0.614532	6667	
0.592497	0.797127	2756	
0.537503	-0.820097	6515	
0.629101	-0.752505	2660	
0.805468	-0.560836	430	
0.955675	-0.226730	6629	
0.924871	0.335403	6336	
0.405633	0.898419	6559	
-0.658060	0.737322	2684	
-0.532490	-0.836440	6349	
0.972400	-0.199339	6709	
0.896607	0.426675	6679	
0.525319	0.842807	6731	
0.745802	-0.562834	316	
0.785069	-0.506585	3811	
0.849718	-0.388159	4333	
0.915054	-0.187314	4280	
0.928782	0.100550	5833	
0.861110	0.362614	6253	
0.463577	0.811309	4460	
-0.242392	0.937616	6038	
-0.163068	-0.964366	6485	
0.942853	-0.273629	526	
0.287017	0.943076	6028	
-0.838307	-0.527761	5950	
0.981070	0.152302	5979	
0.586310	0.801598	6379	
0.077338	0.990213	6086	
-0.221656	-0.871931	5084	
-0.080731	-0.894256	4925	
0.285890	-0.848294	4459	
0.851830	-0.273551	5842	
-0.785264	0.454032	3592	
-0.081590	0.926968	3806	
-0.929056	-0.077149	5318	
-0.269234	-0.897242	6833	
0.612340	-0.705708	6830	
0.931425	-0.069607	3942	
0.766402	0.534246	6855	
-0.054706	0.966323	6908	
0.561088	-0.803248	6223	
0.517064	0.838272	6731	
-0.593016	-0.794322	3862	
0.874637	0.469888	6489	
0.219524	0.968697	6029	
-0.798002	-0.377612	5338	
-0.663514	-0.596155	1174	
-0.123526	-0.881651	5449	
0.504397	-0.727888	2394	
0.833415	-0.298468	5848	
0.798803	0.383002	3363	
0.102687	0.880946	3386	
-0.740417	0.489858	4650	
-0.517036	-0.741178	5440	
0.885578	0.128745	2648	
-0.782286	0.506052	6578	
-0.096339	-0.930782	490	
0.889025	-0.286545	6554	
0.762679	0.539481	3673	
-0.839717	0.485730	748	
0.973191	-0.128724	2732	
-0.856405	0.493432	6332	
0.941142	0.316152	2834	
-0.709001	-0.481654	6126	
-0.650317	-0.569301	3341	
-0.416559	-0.764244	6616	
0.248812	-0.819113	4555	
0.848189	0.104598	4245	
0.086142	0.851855	5156	
-0.667014	-0.566686	3341	
0.436588	0.756690	5006	
-0.873351	0.090628	4057	
0.771051	-0.434748	4385	
0.246909	0.851427	3985	
-0.876344	0.141531	4170	
0.550492	-0.704654	3467	
-0.796006	0.483929	6213	
0.357039	-0.863472	6684	
0.907298	0.222603	6661	
0.531397	-0.801453	6145	
0.871225	-0.449981	790	
-0.826571	0.541527	2677	
0.877331	0.464578	6489	
0.038723	0.992549	2735	
0.695097	-0.458528	3668	
0.824992	-0.111506	2434	
0.521155	0.650058	4242	
-0.382209	0.742374	3901	
-0.820090	-0.173294	4048	
0.540177	-0.651953	1817	
0.566905	0.627476	3190	
-0.627818	0.568791	3774	
-0.672013	-0.539074	1584	
0.853898	-0.003653	5121	
-0.831839	-0.224504	4906	
-0.253606	0.837125	3955	
0.622221	-0.629504	2885	
0.043327	0.885834	3087	
-0.640357	-0.633419	1180	
-0.205797	-0.900441	5228	
-0.058101	-0.933678	6144	
0.921513	0.153424	6842	
0.957884	-0.108384	735	
0.981403	-0.021626	6840	
-0.795378	-0.590245	1029	
0.599855	0.791364	2756	
-0.234630	0.965199	396	
-0.793459	-0.009773	2653	
-0.749546	-0.267216	6062	
-0.069604	-0.813650	5188	
0.785739	-0.169848	3939	
-0.047370	0.803730	3553	
-0.320991	-0.775284	5342	
0.793719	0.197681	1539	
-0.293754	0.762996	4206	
0.793826	-0.248312	3908	
-0.754895	-0.372851	1794	
0.582464	0.612751	4019	
-0.846984	-0.016294	5283	
0.820624	-0.233982	1983	
-0.331055	-0.814261	3657	
-0.877632	-0.018990	5423	
0.716534	0.519971	2818	
-0.852994	-0.250383	5062	
-0.881032	-0.232594	4960	
0.209223	-0.910923	6871	
0.815353	0.456019	5970	
-0.951054	-0.200483	808	
0.333560	0.926647	921	
0.980995	0.151759	5979	
0.001612	0.993257	6335	
0.065902	-0.793963	1559	
0.272211	-0.743413	5787	
0.663484	-0.423195	3626	
0.327555	0.711539	4614	
-0.378413	0.685814	3018	
-0.725679	-0.308623	1447	
0.583613	-0.540244	5030	
-0.304095	0.732755	3671	
-0.449108	-0.701729	1536	
-0.428938	0.681248	3758	
0.667730	0.472085	5644	
-0.777478	-0.264105	5262	
-0.718133	-0.446699	455	
-0.172695	0.828284	4677	
-0.268923	-0.822681	756	
-0.854311	0.095648	4403	
-0.839635	0.251992	1488	
0.631407	0.620503	3954	
-0.556903	-0.710940	5556	
-0.508700	0.779198	5929	
0.827843	-0.432547	5248	
0.362785	0.860935	5841	
0.935958	-0.292689	329	
-0.572273	-0.809052	6538	
0.331807	0.936081	921	
0.536598	-0.554263	2800	
0.685742	-0.349080	2701	
0.735473	0.217787	3299	
0.134794	0.753443	3347	
-0.725082	0.244767	733	
-0.144491	-0.782355	1940	
0.710667	-0.309097	3060	
-0.761726	0.141234	1137	
0.743883	-0.252867	2592	
-0.755687	0.209442	1107	
0.684743	0.400505	3545	
-0.791717	-0.049506	2261	
-0.696319	0.406106	3438	
-0.149502	0.803778	3618	
-0.368764	0.748056	3901	
0.392802	0.748431	2871	
-0.279186	-0.819558	756	
-0.793064	-0.340153	5142	
-0.636054	-0.626423	1180	
-0.206327	0.862161	3959	
0.643244	-0.620661	3291	
-0.199342	-0.914612	6420	
0.790139	0.498286	5966	
-0.311831	-0.924926	5915	
-0.696348	0.699834	2759	
0.612894	0.781223	5994	
0.732885	0.029364	1135	
0.705162	0.198595	4924	
0.505491	0.527766	5777	
-0.147108	0.715027	5678	
-0.715922	0.138679	687	
-0.497970	-0.615486	5600	
0.720525	0.156944	2390	
-0.441314	0.613066	2631	
0.457774	0.613459	876	
-0.272476	-0.754979	4335	
0.522021	0.570164	2414	
0.673117	-0.406177	3779	
-0.665988	-0.442240	6574	
-0.466577	0.641806	5182	
0.357661	0.718730	4952	
0.017995	0.817449	5288	
-0.554789	0.623733	4978	
-0.262513	0.804135	3878	
0.556524	-0.646909	2539	
0.589724	0.642991	3376	
0.880348	0.088047	4013	
-0.697611	-0.563481	1907	
-0.880710	0.302610	4237	
0.933087	0.041815	5953	
-0.322547	0.912213	6893	
0.139843	0.975004	5981	
0.758567	0.640546	288	
-0.358491	0.926358	6031	
0.703271	0.048307	5107	
0.686231	0.157066	1451	
0.581307	0.393494	4092	
-0.015230	0.698450	3845	
-0.696595	-0.026378	4727	
0.242008	-0.683312	5821	
-0.023182	0.723985	1968	
0.688538	-0.259188	1643	
-0.144253	0.715385	5678	
-0.369572	-0.691643	5417	
-0.458360	-0.653210	669	
0.312853	0.698185	3164	
0.453460	-0.632092	2886	
-0.526550	-0.629236	1367	
-0.760119	0.191521	2233	
-0.437977	0.661422	5301	
-0.390146	0.703816	3018	
-0.524436	0.627420	4144	
-0.199657	-0.832327	1768	
-0.822260	-0.206039	2543	
-0.744526	0.426011	2611	
-0.373220	-0.812129	5115	
-0.599694	0.653407	4075	
-0.866978	-0.275652	5158	
0.861274	-0.361167	6280	
-0.320577	0.878187	6718	
0.549677	0.815828	6378	
0.816816	0.564083	6056	
-0.368021	0.922603	6007	
-0.045712	-0.719756	5077	
0.172320	-0.689668	2234	
0.530797	-0.454177	1171	
0.678601	0.122664	5191	
0.216742	0.648704	5041	
-0.602467	-0.340304	989	
0.509746	0.469244	1246	
0.705334	0.002277	1148	
-0.392602	0.576949	4988	
0.584051	-0.412532	5298	
0.599946	-0.429587	2370	
-0.596248	0.421093	1992	
0.719350	-0.170080	2497	
0.762875	-0.081501	1460	
0.268876	-0.733780	4106	
-0.310979	-0.750491	5058	
-0.586766	-0.573971	1649	
-0.782619	0.129143	2719	
0.664751	-0.475512	4226	
0.658647	0.508139	3295	
-0.241469	0.810583	3878	
0.821999	0.229121	1947	
-0.713801	0.507325	2339	
-0.204540	0.862498	3959	
0.864114	0.230494	2938	
0.716636	-0.599134	6804	
-0.037559	0.933764	6639	
0.639177	0.747290	6001	
0.799223	0.588751	2730	
-0.422994	0.898751	6030	
0.622756	0.126185	5780	
0.208544	0.590514	2481	
-0.499784	0.370626	945	
0.375587	0.503983	4558	
0.659249	0.096459	3455	
0.671801	0.103442	5180	
0.059872	0.678056	3858	
0.056146	-0.713680	2015	
0.398270	0.557418	4068	
-0.455819	-0.611292	1299	
0.705235	0.007779	1148	
-0.692759	-0.072871	4096	
-0.687279	0.228415	650	
-0.000476	0.729394	1605	
0.697128	-0.247668	1391	
0.613978	0.457667	2474	
0.725776	-0.269032	2572	
0.728534	0.290208	3907	
0.530500	0.588453	2540	
0.236439	0.767082	3990	
-0.771014	0.274225	3132	
0.829600	0.160504	2436	
0.206766	-0.830607	3233	
0.058034	0.871800	2517	
0.251767	0.849373	3759	
0.823564	-0.346627	3212	
0.665306	-0.655644	4495	
-0.070898	0.931821	3658	
0.475699	0.861128	6045	
0.682009	0.721497	6027	
0.630173	-0.008947	1241	
0.412933	0.463757	3740	
-0.495664	-0.330583	2031	
-0.144452	-0.663412	1889	
0.260407	-0.605765	4273	
0.595001	0.218108	2362	
-0.565612	0.258861	5921	
0.022842	0.624193	835	
0.655995	0.114640	3418	
0.648348	-0.239600	4012	
0.299272	-0.639404	4278	
-0.231602	0.641950	4881	
-0.232246	-0.709427	6853	
-0.668595	0.200204	859	
-0.679353	-0.255009	344	
-0.687817	0.243296	538	
-0.728418	-0.110760	3043	
-0.763307	-0.041329	1195	
-0.726569	-0.275142	5676	
-0.328204	-0.752101	4354	
-0.040906	-0.813453	5932	
-0.148766	0.803618	3618	
0.150153	-0.835245	5260	
-0.145116	-0.849829	5133	
0.556971	0.670945	2762	
0.427791	0.774762	3528	
0.840268	-0.303739	5848	
0.772672	-0.524834	413	
-0.456343	0.816140	309	
-0.022024	0.984811	829	
0.461926	0.878926	2734	
0.136837	0.240124	6748	
-0.171110	0.214395	699	
-0.505102	0.316819	1025	
-0.119715	-0.645073	1886	
-0.177438	0.170878	6265	
0.187614	-0.117341	366	
-0.383950	0.478796	645	
-0.608371	0.051078	4298	
0.450862	-0.469591	3039	
-0.395660	0.480564	645	
-0.584181	0.212965	4103	
0.581824	-0.362577	2397	
-0.281084	-0.683500	1777	
-0.241466	0.638172	4893	
0.678620	-0.200618	5346	
-0.255511	-0.706462	1627	
0.729812	0.065880	1326	
0.008842	-0.758800	3128	
0.659756	0.388741	2690	
0.729094	0.254871	3323	
-0.699532	0.353010	2345	
-0.786014	0.105793	2249	
0.536746	0.615541	4151	
-0.480398	-0.718315	4895	
-0.269207	-0.822347	756	
0.491338	0.720452	5351	
0.145134	0.874158	2966	
0.784952	0.428833	3069	
0.913090	-0.195560	4280	
-0.587790	0.768889	6460	
-0.841807	0.515968	6464	
0.093616	0.988596	6859	
0.247300	-0.181889	2110	
0.173458	-0.255674	563	
-0.012807	-0.349443	766	
-0.129016	-0.421536	911	
-0.226078	-0.490490	2839	
-0.154752	-0.408834	2584	
0.219635	-0.162646	6463	
-0.241387	0.546696	3834	
-0.465887	-0.294186	2054	
-0.460178	0.405613	702	
0.028619	-0.669158	2361	
0.281624	0.560382	5707	
-0.466288	0.412077	702	
0.490103	0.465679	3394	
0.524737	-0.461189	1171	
-0.293096	-0.683031	1777	
0.187554	0.673237	3973	
-0.480331	0.541301	2951	
-0.708895	-0.168424	1066	
-0.732861	-0.186268	949	
0.695843	-0.339350	3095	
-0.368905	0.690222	675	
-0.731605	0.307502	2372	
0.772376	0.264657	2073	
-0.412892	-0.757319	6616	
-0.048800	-0.858596	6079	
-0.109118	0.866709	5487	
-0.364799	0.807748	3697	
-0.260977	-0.883628	4834	
0.891859	0.277858	4973	
0.021604	-0.975928	6405	
-0.275664	-0.951588	1866	
-0.319013	0.940611	2769	
-0.073682	-0.442967	2009	
-0.138279	-0.522072	5552	
0.164228	-0.579069	2060	
0.115286	0.536519	2847	
-0.511234	0.185894	3750	
-0.183951	0.284797	1985	
0.253572	-0.174985	1049	
-0.155419	-0.445521	1003	
-0.214602	-0.469458	956	
0.271005	-0.017778	3805	
0.201072	-0.137258	415	
-0.455316	-0.531329	5875	
0.092000	-0.660442	2004	
-0.269048	0.562007	4053	
-0.205641	0.588554	4428	
-0.271519	0.623008	4162	
-0.021129	0.682639	3156	
0.698418	0.092026	1369	
0.681273	-0.205748	5346	
-0.277300	0.674099	678	
0.024740	-0.767099	1679	
0.513176	-0.582967	3317	
-0.157365	0.766755	5793	
-0.746392	0.269192	507	
0.439503	0.688141	3662	
0.370162	-0.760728	4261	
0.399689	-0.754590	4673	
-0.836566	0.258521	1488	
-0.772232	0.436438	5341	
-0.929575	-0.057663	5614	
0.580580	0.731596	3727	
0.976663	0.090888	804	
0.849524	0.513340	6432	
-0.587292	0.801148	2738	
-0.157257	0.479885	1298	
-0.468428	0.030155	1305	
-0.124901	0.378567	4326	
0.117626	-0.352455	2598	
0.105412	0.516229	2283	
-0.321839	0.197135	5558	
-0.138087	-0.550267	1374	
-0.174609	0.516974	6162	
-0.166696	0.295722	2405	
0.038888	-0.330044	2134	
-0.255102	-0.528841	6692	
0.259162	-0.078128	4262	
-0.073883	0.235225	1290	
-0.599016	0.125541	4524	
0.563381	-0.314859	1335	
0.427177	-0.492628	3066	
0.446375	0.507009	4051	
0.650357	0.225773	3957	
-0.674790	0.150769	3995	
0.142177	-0.713926	1466	
0.066125	0.726038	1498	
-0.360995	-0.703057	5458	
0.558741	-0.538582	3247	
-0.467806	0.627551	5182	
-0.791348	-0.050182	2261	
-0.341749	0.742100	4065	
0.740882	0.405802	2312	
0.663097	0.537035	5362	
0.139649	-0.875127	4682	
-0.347194	-0.830529	5093	
0.210357	-0.910374	5566	
-0.043615	0.933313	6639	
-0.098253	0.980016	6560	
0.211034	0.970328	6029	
0.230941	0.359171	2133	
0.464821	-0.300694	2697	
0.029599	0.435178	3169	
0.294131	-0.230994	5949	
-0.098830	0.480435	1010	
0.126897	-0.569585	1823	
-0.199063	0.348277	4691	
0.232190	0.478393	2395	
0.269858	0.236326	3464	
0.529070	0.191004	4027	
-0.273661	0.203663	2323	
-0.017163	-0.355693	766	
-0.245912	-0.506491	5520	
-0.278553	-0.024574	6399	
0.030775	0.222506	425	
0.171417	-0.640726	5802	
-0.617509	0.048821	4623	
0.345813	0.562070	2314	
0.610355	-0.333819	2656	
0.235344	0.649156	5136	
-0.098431	-0.732849	5375	
0.017475	0.728737	1806	
0.176551	-0.741287	2121	
0.752246	-0.178019	3745	
-0.764453	0.170094	1139	
0.402942	-0.696576	2869	
-0.817394	-0.034173	5190	
-0.560472	0.633773	4978	
-0.838427	-0.189445	4683	
0.757941	0.456121	5245	
0.869191	-0.205461	2954	
0.933896	0.001630	4489	
-0.655851	-0.719401	6266	
-0.351056	-0.926255	1704	
0.156389	-0.369928	5699	
0.353245	0.238431	742	
0.224151	0.394661	3041	
0.259825	0.403281	3900	
-0.027659	-0.496007	1491	
0.534079	-0.017640	2055	
-0.101272	0.428535	4260	
-0.325155	0.357351	1445	
-0.374287	0.332972	3016	
0.546514	-0.134283	2500	
0.304050	0.185939	3709	
-0.056426	0.542814	2075	
0.177716	0.277501	1950	
-0.232649	-0.553614	860	
0.054224	-0.283501	6345	
-0.216518	0.115767	657	
0.054757	0.613795	871	
-0.185981	0.595140	3962	
0.563235	0.349190	2668	
0.529790	-0.455012	1171	
0.180065	0.666357	3973	
0.273128	-0.669642	5969	
-0.442831	0.578999	4900	
-0.495398	-0.639645	5912	
0.577128	0.511947	2614	
0.142811	-0.788834	4980	
-0.233784	0.767992	3316	
0.159518	0.816728	1724	
-0.627881	-0.596167	5511	
0.094126	0.867982	4796	
-0.590840	0.661171	4075	
-0.892196	0.265121	5302	
0.473436	0.805001	4449	
0.844246	0.501058	6432	
0.503959	0.855276	6558	
0.294716	-0.475795	3259	
0.048055	-0.437444	2218	
0.397309	-0.039839	3802	
0.335124	0.261952	755	
0.260805	0.354169	3560	
0.206801	0.416782	713	
0.509350	0.105553	2381	
0.129271	0.460398	739	
0.212094	0.450000	574	
-0.424283	0.230006	1933	
-0.345865	0.204745	5293	
-0.098961	0.513012	2241	
-0.054166	-0.596890	1755	
-0.394255	-0.051563	2177	
-0.133104	-0.430539	911	
-0.169328	-0.416969	2173	
0.116071	-0.216958	6375	
0.105446	-0.650785	5057	
-0.041511	0.622814	889	
0.493661	0.440619	6174	
0.662968	-0.203022	5415	
-0.641061	-0.264726	5024	
0.701295	0.101164	1416	
-0.637510	-0.378326	636	
0.356015	0.676341	2662	
-0.429520	-0.697448	6389	
0.163008	0.774865	4479	
0.811992	-0.072311	1483	
0.429124	-0.728264	5233	
0.848883	-0.069833	4765	
0.111736	-0.879150	4959	
0.030480	-0.894675	4820	
0.705136	-0.612391	4446	
0.578032	0.772741	6235	
-0.983991	-0.092470	6385	
0.170730	0.430413	730	
0.379462	0.328895	2843	
0.410785	0.295082	1948	
0.424949	0.276878	1787	
0.222503	0.424016	703	
0.215051	0.423144	703	
0.250259	0.410846	839	
0.355322	0.346644	2188	
0.078326	-0.406146	5853	
-0.050089	0.457071	4856	
-0.412014	0.225017	1933	
0.386704	-0.421571	4018	
-0.082070	-0.492229	3154	
0.348241	0.019955	2508	
-0.489751	0.234730	1767	
0.004233	-0.346529	762	
-0.248951	-0.506484	5520	
-0.173172	-0.364456	2044	
0.476136	-0.431256	3019	
-0.325661	0.530835	512	
0.129522	0.645285	2880	
0.530329	0.435632	1160	
0.601111	0.362902	4530	
-0.706787	-0.152325	653	
0.440294	-0.601009	5189	
-0.545925	-0.600786	836	
0.135884	0.770760	3347	
-0.716186	-0.352737	1865	
-0.805341	0.141218	4453	
-0.713378	0.455607	1960	
-0.220984	-0.846319	1857	
0.092219	0.880831	3386	
0.390313	-0.833418	4348	
0.635620	0.684171	6366	
0.953128	0.231612	6338	
0.534968	0.836227	6459	
0.152892	-0.347906	3197	
-0.060835	-0.509242	1197	
0.234189	-0.288329	5873	
-0.233177	0.363590	2300	
0.408218	0.317143	1641	
-0.055162	0.435237	4416	
-0.088612	0.458614	4888	
0.062056	0.445363	4493	
-0.028263	-0.492436	2943	
0.198110	-0.330131	4288	
0.366418	0.347632	2185	
-0.001120	-0.451130	2332	
-0.220412	0.360344	2300	
0.312805	0.212338	4785	
-0.224090	0.304951	4158	
-0.369920	0.398039	3144	
0.029157	-0.336286	1997	
-0.250178	-0.507175	5520	
0.222276	0.100903	1170	
-0.324538	0.521276	957	
-0.559006	-0.240136	5105	
-0.580429	0.341958	6261	
-0.343935	0.588829	661	
-0.247310	0.652244	4963	
0.556397	0.472979	2778	
-0.110481	-0.764866	5116	
0.735800	0.232577	2921	
0.176441	-0.781075	4648	
-0.763217	0.255849	2273	
-0.832669	-0.065555	1629	
0.365687	-0.771741	4261	
-0.784937	-0.397517	5268	
-0.347181	-0.830171	5093	
0.607720	-0.709156	6830	
0.918870	0.289930	6309	
-0.955057	-0.255008	2228	
-0.485332	0.866577	5980	
0.209239	0.312224	2378	
0.209473	0.311991	2378	
0.013384	0.384398	471	
-0.485508	0.030263	1422	
-0.110782	0.500995	1329	
0.089820	-0.375466	6571	
-0.462647	0.074715	2245	
-0.091892	0.416276	4161	
-0.046332	0.476544	5845	
-0.018862	0.444278	4083	
0.053449	0.460825	4572	
0.288141	0.405646	4647	
-0.108683	0.458596	4203	
-0.403854	0.264644	2286	
0.013001	0.396516	2406	
-0.250480	0.283836	5718	
-0.412477	0.353395	3114	
-0.071030	-0.387789	2811	
-0.156914	-0.403460	2584	
-0.321060	-0.190603	6155	
0.409621	-0.508319	3088	
0.497800	0.387402	1254	
-0.664441	0.137741	4234	
0.694138	-0.052782	1076	
0.387750	-0.606119	5681	
-0.652535	-0.341310	5052	
0.034438	0.763645	2532	
0.470771	-0.629832	3367	
-0.768274	0.197156	2233	
-0.555205	0.599781	4622	
-0.334008	0.776379	4758	
-0.608905	-0.632650	6065	
0.122797	0.876821	3008	
0.883959	-0.266132	5856	
0.500367	0.788495	4331	
0.775220	0.602435	6667	
0.293583	0.948508	6028	
-0.141455	0.332773	2385	
-0.169944	0.319572	1800	
-0.373537	0.047745	5507	
-0.440912	-0.064742	4414	
-0.220268	0.485500	3433	
0.265280	-0.529310	3354	
0.139731	0.352607	590	
-0.098056	0.503939	1002	
0.193495	0.343424	4593	
0.378232	0.071971	5850	
-0.206983	0.417995	969	
-0.034305	0.445384	4067	
0.463088	-0.304436	2697	
-0.111249	0.457855	4203	
-0.417187	0.242733	1858	
0.255813	0.284533	3589	
-0.013600	0.374974	2612	
-0.515411	-0.052539	3079	
-0.212494	-0.519178	3616	
0.183235	-0.199678	1134	
0.073166	0.205069	3634	
0.614379	0.159558	2356	
0.645082	0.161775	3368	
0.674755	0.139971	4939	
0.552844	0.431837	2295	
0.516243	-0.529206	2344	
0.508567	0.530171	5777	
0.738978	-0.226903	2592	
-0.554569	-0.610204	1069	
-0.653975	0.468676	4095	
-0.834504	0.019202	4861	
0.481978	-0.703919	1475	
-0.474217	-0.758049	284	
0.165694	-0.878505	5546	
0.882813	-0.304143	5862	
-0.900089	-0.362945	411	
0.321939	-0.937137	6814	
-0.689933	0.714605	6020	
0.178701	0.535175	4568	
0.235833	0.514144	3501	
0.398638	0.407251	2360	
0.563779	-0.165735	2855	
-0.072358	-0.423355	2340	
0.324016	0.099984	3357	
-0.427751	-0.054812	2191	
0.044639	0.534749	2733	
0.176766	0.333289	4011	
0.135944	0.501547	2355	
-0.468426	0.127179	3493	
0.284976	0.419833	489	
0.248222	-0.516467	2608	
-0.089305	0.450816	4888	
0.012494	0.480815	997	
-0.149579	0.393249	4607	
0.162285	-0.326380	3177	
0.141210	-0.320280	6243	
-0.156956	0.304417	1800	
-0.074562	-0.629211	1612	
-0.579937	0.132806	4710	
-0.440459	-0.552350	6555	
-0.616784	-0.025748	2915	
-0.336806	-0.661190	1062	
-0.646731	-0.215168	4908	
-0.461790	-0.618439	6706	
-0.687647	0.242617	538	
0.345330	0.681586	3115	
0.429913	-0.658987	2881	
-0.789251	0.075960	2625	
-0.716859	0.393261	5274	
-0.782373	0.322473	1670	
0.677014	-0.542454	3446	
-0.631196	0.622831	4770	
-0.859047	-0.361946	6170	
0.074634	0.931340	4448	
-0.344550	0.922821	6031	
-0.408597	-0.186468	2072	
-0.419426	-0.192721	1925	
-0.447064	-0.187626	2048	
-0.528437	-0.116253	1309	
-0.537368	0.172776	3491	
0.028904	0.562865	3185	
0.529521	-0.264449	4301	
0.334217	-0.013295	6242	
-0.464943	-0.071515	5591	
0.168603	-0.571556	2060	
-0.480541	0.167323	1393	
0.129658	0.376428	1043	
-0.414000	0.150479	1455	
0.256063	0.322723	4128	
0.115941	-0.563104	1864	
0.024577	-0.571030	4947	
0.509527	-0.230346	2702	
-0.013453	0.523282	2610	
0.544648	-0.189548	3722	
0.301728	-0.094072	281	
-0.266290	-0.534340	6692	
-0.294864	-0.152603	6758	
0.571986	-0.297871	1411	
-0.505218	-0.420575	6603	
0.637186	-0.276270	1457	
0.658131	0.247214	1497	
0.457276	-0.582516	5261	
0.290036	0.674018	2328	
0.764898	0.101288	2923	
0.348171	-0.717095	2195	
-0.618732	-0.556357	5370	
0.233643	-0.813784	4094	
0.605828	0.599671	3874	
0.865796	0.179141	2624	
0.890929	0.062304	4312	
0.764099	0.537040	6855	
0.979715	0.017189	676	
0.452775	0.883408	5990	
-0.071061	0.586158	3575	
-0.053348	0.588148	5493	
-0.418258	0.409909	993	
-0.555211	0.181357	3491	
-0.527492	-0.163110	5017	
-0.474710	-0.205032	2945	
-0.560572	0.012455	4715	
-0.040540	0.563785	2745	
-0.152936	-0.576752	4913	
-0.211358	0.291788	3226	
0.167576	0.513323	2946	
-0.379145	0.111336	3383	
0.264769	0.284854	4049	
-0.419539	0.142338	5452	
0.135564	0.401968	3021	
0.044961	0.431191	2686	
0.078558	-0.393881	5919	
-0.462906	0.038016	1305	
-0.284167	0.250674	4136	
-0.526819	-0.012791	4389	
-0.198389	-0.584913	3621	
0.251832	0.104669	6808	
-0.589138	-0.127308	3362	
-0.569135	0.250933	5921	
-0.518721	-0.547965	1147	
-0.289668	-0.684070	1777	
0.090625	-0.724030	4552	
-0.579144	-0.515305	598	
-0.663150	0.380921	1082	
0.544833	0.561620	2887	
-0.059169	-0.812259	5815	
0.334864	-0.758909	3034	
-0.343909	-0.796111	5391	
-0.849777	0.207515	2169	
-0.550716	-0.714185	5645	
0.740580	-0.568796	316	
-0.876738	0.410313	1317	
0.089361	-0.986554	6165	
-0.594477	0.050458	3638	
-0.511743	-0.245467	3223	
-0.264020	-0.020108	1050	
0.225499	0.122118	6790	
0.080631	-0.637950	5170	
-0.189986	0.556048	3715	
-0.572545	-0.030385	4199	
-0.502936	-0.178958	4401	
-0.374284	0.423079	3144	
0.534381	-0.255649	4301	
0.128316	0.325944	3157	
0.150984	0.517954	2909	
-0.473299	0.004720	1269	
-0.245011	0.330626	5404	
0.129582	0.478066	739	
0.289627	0.288257	4728	
-0.085329	0.466550	4888	
-0.314355	0.287181	1468	
-0.056922	-0.465364	4565	
0.309370	-0.508730	5050	
0.317584	0.044806	2130	
-0.237383	-0.587573	6344	
-0.267045	-0.093234	2324	
0.613523	-0.189012	5040	
0.175942	0.600692	1954	
0.599191	0.336330	3789	
0.204330	0.668265	4887	
0.538776	0.492521	5964	
0.461910	0.592046	1253	
-0.662425	0.398481	1082	
-0.115676	0.783017	3194	
-0.278707	0.767579	4050	
-0.339409	0.773796	4758	
-0.004123	-0.870427	3751	
-0.608361	0.644825	4689	
-0.829394	-0.426542	6310	
-0.062419	0.932102	3658	
-0.711774	0.682168	1053	
-0.476484	0.871401	6019	
-0.427672	0.430598	647	
-0.580495	0.174123	4311	
0.195252	-0.111517	3923	
0.014202	-0.255498	914	
-0.033104	-0.654562	4463	
-0.263219	-0.012656	1267	
0.279828	-0.568555	4641	
-0.397376	0.429573	971	
-0.536176	-0.142098	1274	
-0.473814	0.310664	3479	
0.561978	-0.179329	4287	
-0.035771	0.353892	628	
0.396006	-0.430454	5310	
-0.151481	0.490698	6035	
-0.352661	0.344238	2528	
-0.314385	0.315246	2638	
-0.094915	0.433400	4260	
-0.352217	0.263814	5632	
-0.464480	0.181887	2649	
-0.346672	0.156712	2930	
-0.518302	-0.041649	3079	
-0.149360	-0.607820	4496	
-0.283202	-0.068533	5690	
0.205663	-0.621695	4307	
-0.426955	-0.574004	1589	
-0.639037	0.229366	4377	
-0.026132	0.689110	2705	
-0.467670	0.525175	2566	
0.681420	-0.287869	1384	
0.709101	-0.308758	3060	
-0.180814	-0.791531	3236	
-0.764208	-0.258091	5262	
0.305546	-0.788593	1108	
0.339627	0.782364	4581	
0.726575	0.503741	2600	
0.270598	0.852413	3759	
0.497169	0.790515	4331	
0.637768	0.746635	6001	
0.021506	0.992683	2735	
-0.339076	-0.257437	6202	
0.462296	0.406979	4525	
0.239812	0.036754	362	
0.387771	0.469722	3581	
0.254609	-0.013242	6747	
-0.201598	0.551204	2924	
-0.555157	-0.095919	2139	
-0.322066	0.464877	3211	
0.022924	-0.615377	1873	
-0.454400	-0.071437	1375	
0.341236	0.127798	758	
0.277355	-0.512551	3343	
0.161776	0.376160	494	
-0.176765	0.414176	4244	
-0.048990	-0.536608	3031	
0.051841	0.409659	2265	
0.394248	-0.422633	5310	
0.537756	-0.210790	3480	
0.151068	-0.279487	2047	
-0.181587	-0.424931	821	
-0.207338	-0.635095	6380	
0.251949	0.573904	1667	
-0.322660	0.571507	532	
-0.592144	0.338132	6517	
-0.372332	-0.665917	5430	
-0.621148	-0.418569	528	
-0.688891	0.331674	529	
-0.012796	0.782294	3139	
0.771673	-0.214147	5634	
0.254700	0.790637	4055	
0.391746	-0.758376	4741	
-0.357289	-0.816942	5271	
0.542353	-0.708784	3467	
0.893140	0.273199	4973	
0.818797	-0.534610	402	
0.591033	0.797387	6379	
-0.141390	0.174360	1244	
-0.157517	0.162394	856	
-0.255625	-0.612172	6416	
0.237715	0.096278	6653	
-0.238114	0.535937	3496	
-0.557758	-0.078942	3389	
-0.005590	0.566750	3147	
0.310607	-0.111008	5469	
-0.024870	0.535241	2438	
-0.442804	0.000269	1376	
-0.419115	0.088375	2293	
0.329374	-0.179035	4247	
-0.149634	0.443104	1011	
0.540907	-0.015916	2055	
-0.069828	0.393913	3678	
0.326252	-0.110374	6220	
-0.105876	0.326793	2131	
0.021437	-0.636368	2005	
0.137722	0.202766	6834	
0.598406	-0.235776	4086	
0.296583	-0.587115	3395	
0.523644	0.443329	1160	
0.009772	0.698124	4467	
0.210904	0.697337	1398	
0.505016	-0.580770	3317	
0.083747	-0.789884	3333	
-0.789479	-0.072664	2032	
-0.805093	-0.143076	2114	
-0.734953	-0.432333	6357	
-0.581571	0.652029	3848	
-0.738158	-0.501901	322	
0.758457	-0.544715	413	
-0.951353	0.180515	1385	
0.622109	-0.771554	1009	
0.599089	-0.193892	4654	
-0.198852	0.106557	331	
0.615191	-0.090100	3979	
-0.301308	-0.537091	5085	
-0.501450	0.297683	788	
-0.511258	0.248462	2997	
0.555881	-0.200509	4364	
-0.332481	0.139274	5276	
0.108643	-0.346876	6244	
0.143493	-0.569472	1894	
-0.192117	0.383154	3504	
-0.196132	0.422097	1023	
-0.272268	0.383902	3303	
0.112807	0.496918	2419	
-0.476012	0.203252	3736	
-0.529228	0.103031	2591	
-0.086376	-0.622570	1567	
-0.414295	-0.259924	1461	
-0.002466	0.615828	840	
0.545113	-0.347452	6089	
-0.080696	-0.718268	5035	
0.528543	-0.477209	1085	
0.617501	-0.402307	2065	
-0.733882	-0.022007	662	
0.264224	0.723528	4438	
0.183234	0.769777	4318	
-0.194120	0.793058	3307	
-0.499248	0.681987	2516	
0.602146	-0.623374	4561	
-0.794961	0.392862	5764	
-0.120023	-0.927349	4910	
-0.603963	0.713196	5920	
-0.908740	-0.388440	1855	
-0.229217	-0.044958	938	
0.153253	0.190342	1165	
-0.310187	-0.154026	2111	
0.491116	0.344674	5904	
-0.573898	0.038069	3596	
0.013619	0.567636	5266	
0.333615	0.016334	6245	
0.233380	0.489883	2395	
-0.168772	0.485000	1625	
-0.198602	0.455007	874	
-0.367875	0.249396	2409	
-0.287673	0.361780	5801	
0.337459	0.195581	6348	
0.465197	0.276007	2586	
0.319603	0.448200	2244	
-0.173016	-0.476008	4295	
0.075602	-0.269477	1644	
-0.608114	-0.015693	2915	
-0.615951	-0.035623	3897	
0.150970	0.663218	4845	
0.645723	0.251648	4531	
-0.154145	0.686088	6437	
0.734400	-0.068581	3459	
0.769667	0.051707	3131	
0.621954	-0.492655	4457	
0.813622	-0.049465	1519	
0.658990	0.526978	5362	
-0.828565	0.214921	5162	
-0.162787	0.870003	4214	
-0.914851	0.168449	6103	
-0.117831	0.926625	5694	
-0.777418	0.606217	1213	
-0.624381	0.772282	6681	
0.501323	-0.390915	5352	
-0.336699	-0.526309	5638	
-0.079351	-0.316055	2302	
-0.469132	0.345810	765	
-0.407621	0.395371	737	
-0.116527	-0.599368	1313	
-0.518034	0.119551	2836	
-0.188773	0.338357	3857	
-0.209038	0.351769	4691	
0.470581	-0.299683	3135	
0.226125	-0.301248	5858	
-0.449439	0.162973	1938	
0.178750	-0.316219	3733	
0.445016	-0.382074	5090	
0.269584	-0.163277	6279	
-0.255008	-0.504233	6829	
0.194300	-0.620535	4307	
-0.007587	0.624347	840	
0.421234	0.525726	3403	
-0.149847	-0.715266	5173	
0.618307	-0.355111	2291	
0.140929	-0.740046	2074	
0.316379	-0.712570	988	
-0.679779	-0.410096	1582	
-0.803291	-0.042708	3935	
0.348780	-0.769672	3034	
0.025976	0.853278	2911	
0.461131	0.754134	3205	
-0.633081	-0.661245	6729	
0.111227	0.927601	6445	
-0.166164	0.969797	2736	
-0.445895	0.887318	2766	
0.234609	0.063666	1169	
-0.037575	0.256460	408	
-0.001458	0.588099	5049	
-0.544653	0.175075	3491	
0.554206	-0.206873	3722	
-0.358184	0.075401	5240	
0.258375	0.266845	3572	
0.370687	0.035572	772	
-0.444695	0.141662	5281	
0.133662	-0.365316	3365	
0.155603	0.475305	1875	
0.156573	0.357919	495	
0.042578	-0.374292	922	
0.284281	0.161750	2248	
-0.071257	-0.636166	1612	
-0.192369	0.571423	3715	
0.487826	0.399609	1254	
-0.033180	0.656464	2321	
-0.594330	0.333985	6517	
-0.190057	-0.720604	5378	
-0.337008	-0.704456	1435	
-0.692050	-0.337199	468	
-0.776365	0.096404	1127	
0.001399	0.801650	3489	
-0.710903	-0.454858	550	
0.814638	0.247383	2551	
0.787795	0.401001	3381	
0.430683	0.782859	3528	
0.332416	0.872832	5259	
0.354769	0.916001	920	
-0.277083	0.953483	5983	
-0.228335	0.005794	358	
-0.531885	-0.213211	5280	
0.576652	0.179457	1183	
-0.557829	0.152463	4004	
0.542999	0.198892	5616	
0.015819	0.351917	4230	
-0.091432	-0.476891	1095	
0.157533	-0.565720	1894	
-0.051875	0.418870	4416	
-0.272970	0.358214	5773	
0.535474	-0.111409	1696	
-0.213118	0.342478	4705	
0.202081	0.307026	2917	
-0.041077	0.340723	1122	
0.157812	-0.611994	3660	
-0.038044	0.243612	6259	
0.619522	0.139906	5780	
0.222102	0.620039	2970	
-0.300148	0.612198	767	
-0.687236	-0.105387	2791	
-0.721088	-0.099608	4054	
-0.674367	0.360008	1083	
-0.348816	0.699773	917	
0.679303	0.423488	3568	
-0.732534	0.397329	5083	
0.777245	-0.348002	4877	
0.876478	-0.109591	2529	
0.867565	0.211548	2938	
0.482601	0.799403	4449	
0.658629	0.727566	6002	
-0.053561	0.180498	814	
0.598793	-0.193296	4654	
0.313812	0.519489	4653	
0.608503	-0.037453	5844	
-0.532258	0.230566	3472	
0.273884	0.502215	3666	
0.099355	0.335615	3253	
-0.036989	-0.592132	3245	
0.540520	0.086448	3424	
0.050778	0.414215	2686	
-0.270910	0.383391	3303	
0.073920	-0.397169	5853	
-0.436718	0.048843	2093	
0.033317	0.373651	589	
-0.223699	0.265924	3137	
0.264813	-0.568197	4739	
0.157669	0.187592	1165	
0.636736	0.026844	5327	
0.645410	0.159603	3368	
-0.050595	0.680711	3049	
-0.648970	0.254611	931	
-0.644620	0.339454	1431	
-0.385084	0.659408	2284	
0.406638	0.667368	3038	
0.773570	-0.204715	5634	
-0.303885	0.773921	4776	
0.688122	-0.502358	2695	
0.684648	-0.558273	2874	
0.888202	-0.085613	2856	
0.553855	0.751779	6189	
0.800612	0.566333	6081	
-0.102524	0.987533	6560	
0.172126	-0.628020	5745	
0.560701	-0.281179	4928	
0.587225	-0.178709	4322	
-0.507670	0.281143	3465	
0.268431	0.505274	3216	
0.137116	0.320445	3157	
0.506334	-0.278476	3877	
0.520009	0.158115	3332	
0.123766	0.393342	510	
-0.301366	0.357418	1445	
0.339809	0.207161	745	
-0.441276	0.045077	2093	
0.015840	0.375355	471	
-0.267098	0.223410	2995	
0.320183	-0.535301	1799	
0.241635	-0.023135	5765	
0.636892	0.023677	5327	
-0.078580	-0.675984	4194	
0.013887	0.682548	3174	
-0.613740	0.330951	6374	
-0.601822	0.410201	1837	
-0.279035	0.710670	5908	
0.524602	0.579151	2540	
0.671540	-0.436717	3933	
0.023218	0.830564	2911	
0.660706	-0.538024	1735	
0.582222	-0.664275	3314	
0.877151	-0.163257	3667	
0.567234	0.741763	6494	
0.814365	0.546312	6056	
-0.094770	0.988326	6560	
0.284587	0.535301	5938	
0.599837	-0.121661	3573	
-0.489453	0.311684	4134	
0.372479	0.437617	2336	
0.022586	0.351278	4230	
-0.121128	-0.541887	3899	
0.502106	-0.261234	3083	
-0.024751	0.420205	3652	
-0.043981	0.480346	6113	
-0.042620	-0.552650	3318	
-0.414329	0.081204	2744	
0.094509	0.360864	6296	
-0.183785	0.294908	2405	
0.323861	-0.533478	4909	
0.160642	0.185004	679	
0.631820	0.075785	5410	
0.634457	0.197058	3322	
-0.103259	0.674546	2096	
-0.664011	0.211648	5176	
-0.655885	0.316850	3972	
-0.384116	0.659854	2284	
0.402078	0.669915	3038	
0.783034	-0.163682	3939	
-0.259973	0.789535	3730	
0.706228	-0.476349	3930	
0.693581	-0.546970	2874	
0.890902	-0.050515	4937	
0.519746	0.775768	559	
0.777816	0.597350	6397	
-0.150139	0.981377	5992	
-0.344752	-0.568762	776	
-0.492106	-0.263400	4543	
0.538369	0.265153	1478	
-0.485180	0.315818	4134	
0.578621	-0.106878	2053	
-0.105467	0.338050	2377	
0.057972	-0.372580	6173	
-0.089254	-0.528606	1079	
-0.288108	0.319016	3502	
-0.356811	0.285019	3036	
0.332336	0.390627	753	
0.008054	0.398383	2028	
0.343270	-0.055167	2103	
0.118286	0.316485	2644	
0.265503	-0.568528	4739	
-0.043211	0.242792	6259	
0.584784	0.242996	5859	
0.147256	0.641238	3331	
-0.380894	0.565250	4135	
-0.669299	-0.189105	4662	
-0.711818	-0.152778	653	
-0.709954	0.282692	608	
-0.330620	0.708412	2987	
0.675693	0.428446	3568	
-0.755076	0.352122	5437	
0.808914	-0.265283	5446	
0.879699	-0.077722	2623	
0.849523	0.274961	3844	
0.400237	0.843742	4407	
0.603186	0.774031	5994	
-0.149765	-0.286066	936	
0.242004	0.018914	6904	
-0.151672	0.210877	6553	
0.263489	0.529926	6241	
-0.385120	0.423173	4077	
0.290331	-0.536112	4729	
-0.428414	-0.065858	4414	
0.014507	0.382549	471	
0.151688	0.365219	494	
-0.366913	0.305857	3036	
-0.358480	0.281990	3036	
-0.303007	0.372966	5801	
0.354574	0.120281	543	
-0.110946	-0.487560	1212	
0.310311	-0.070612	918	
0.097157	-0.627851	5110	
0.316158	0.519890	4653	
0.366359	0.510598	4558	
-0.202297	0.624717	4084	
-0.652702	0.195294	5422	
-0.024397	-0.734266	5379	
-0.168997	-0.749055	1293	
-0.658709	-0.413272	295	
-0.782013	-0.006957	2225	
-0.078133	0.797496	3180	
-0.670940	-0.521033	5497	
0.808809	0.264822	2374	
0.732036	0.495007	2271	
0.354749	0.820052	4286	
0.203713	0.911711	6894	
0.249864	0.949992	2787	
-0.425337	0.897274	5998	
-0.113172	0.168189	3699	
-0.384876	-0.540530	1105	
-0.222191	-0.404498	345	
-0.092671	-0.329750	2061	
-0.172156	0.558564	2606	
-0.072102	0.565676	3754	
-0.130509	-0.459832	1379	
-0.381906	0.375193	2431	
-0.344283	0.177059	4058	
-0.371748	0.173177	5199	
0.085549	-0.570354	3026	
0.510982	0.135876	2905	
-0.353955	0.239254	1617	
0.015583	-0.586520	4598	
0.564229	0.046685	3506	
0.099266	-0.311888	6831	
-0.273939	-0.534144	6452	
-0.003957	-0.226495	2132	
-0.226473	0.580721	4025	
0.087197	0.665978	3222	
0.115452	-0.706797	4950	
0.688426	-0.174671	4766	
0.346502	-0.661703	769	
0.461592	-0.624685	2840	
-0.600494	-0.552804	1526	
-0.786364	-0.170973	1218	
0.461533	-0.706327	1532	
-0.102804	0.847048	5646	
0.321980	0.823161	4833	
-0.680608	-0.606691	1830	
-0.089323	0.929767	3850	
-0.316151	0.931597	2769	
-0.615105	0.779621	6726	
-0.170005	0.177169	6733	
-0.455966	-0.281448	2054	
0.546835	-0.286657	4985	
-0.358593	0.456887	4126	
0.402780	0.412413	2360	
0.221372	0.262706	2657	
0.513751	0.212717	5843	
0.036079	0.516644	2192	
0.015229	0.502142	986	
-0.223346	0.378860	2300	
-0.409967	0.223209	1933	
0.542010	0.033591	3100	
-0.379793	0.351879	1703	
-0.140363	0.522824	1569	
-0.181938	-0.586682	4006	
-0.007426	-0.301377	407	
-0.508195	-0.307040	2036	
-0.550928	-0.257811	4829	
-0.165152	0.658654	4359	
0.505228	0.471143	1246	
-0.333143	0.618518	768	
0.722241	0.142261	2482	
0.720538	0.273035	3355	
0.711008	-0.349262	4694	
0.810980	0.079037	3819	
0.559045	0.631212	2246	
-0.849608	0.099536	4403	
-0.357410	0.809419	5031	
-0.929495	0.030799	4663	
-0.352252	0.865031	6131	
-0.871555	0.460247	2737	
-0.797907	0.591536	2761	
-0.599065	0.080057	4124	
-0.206507	-0.389129	345	
0.230586	-0.111498	310	
0.209947	0.551674	4550	
-0.247510	0.516696	2483	
0.196493	-0.581774	3482	
-0.325617	0.144506	5276	
0.178373	-0.302323	3161	
0.002648	-0.584109	4598	
0.054107	0.413415	2686	
-0.418344	0.176809	2050	
0.215676	0.455666	574	
-0.418170	0.075102	2293	
-0.312744	0.221507	5602	
-0.407515	-0.059320	2191	
0.353862	-0.502491	3315	
-0.495994	-0.251640	4543	
-0.540087	0.290727	710	
0.617490	0.148153	5457	
0.325966	-0.624593	4026	
0.681138	-0.189158	5346	
0.724176	-0.116477	4033	
-0.727903	-0.089551	4054	
0.014834	0.769808	2532	
0.103396	0.783647	4983	
-0.361828	0.731343	3710	
-0.650037	0.540395	2969	
0.682120	-0.532849	3446	
-0.875157	0.140096	4170	
0.152798	-0.921274	4680	
-0.777977	0.517912	6214	
-0.781683	-0.604886	6328	
-0.122912	0.134506	3699	
-0.335282	-0.482166	2197	
0.085882	-0.230737	308	
-0.291905	-0.118615	1631	
0.466203	-0.412706	1476	
-0.244856	0.527996	2483	
0.343794	0.461208	2082	
0.230656	-0.228050	1898	
-0.288546	0.452202	5816	
-0.332262	0.197737	5558	
-0.083314	0.396956	4088	
-0.402120	0.160993	4927	
-0.052810	0.427669	4416	
-0.271452	0.330719	5704	
-0.045487	-0.456600	4565	
-0.130870	-0.545901	5509	
0.307862	0.110305	2876	
0.410307	-0.465055	1530	
0.135951	0.203958	6834	
0.589205	0.232629	2362	
0.519941	0.357993	1125	
0.170680	0.661492	4757	
-0.337883	0.609739	962	
-0.132567	0.715520	5730	
0.696639	-0.319133	2659	
0.403169	-0.675443	5721	
-0.703128	-0.381455	1434	
-0.727140	-0.385458	1328	
-0.514997	-0.701883	5287	
-0.756147	0.437657	5341	
-0.500031	-0.749800	5536	
0.902546	-0.238039	3843	
-0.967088	-0.042291	450	
0.794147	-0.592821	451	
-0.050280	0.190797	3677	
-0.174892	-0.319440	1145	
0.066229	0.236545	719	
0.227393	0.560433	841	
-0.248104	-0.477109	4936	
0.226059	0.545019	4550	
-0.166436	0.549128	5752	
0.270371	-0.548022	4644	
-0.179584	0.305505	2405	
0.552811	-0.146442	2389	
-0.005051	0.517708	2610	
-0.448868	0.209526	1801	
-0.437234	0.190353	2050	
-0.346350	0.330698	4304	
-0.427808	0.255474	1921	
-0.492772	0.150023	1382	
-0.174795	0.511765	6162	
-0.203232	-0.564524	3621	
-0.252116	-0.497420	5520	
-0.289581	-0.206390	6216	
-0.273673	0.559740	4053	
-0.626569	0.192622	3273	
-0.674853	-0.074248	3748	
0.127345	-0.716369	4950	
-0.218985	-0.739604	6612	
-0.760736	-0.064752	1493	
-0.267459	0.734378	2511	
0.797060	0.059659	4388	
0.042747	0.828969	3282	
0.678169	-0.515428	4651	
0.029126	-0.884151	4820	
0.783917	-0.425391	3810	
0.702263	0.615274	5976	
0.953634	-0.214641	2665	
0.227020	0.966318	6029	
-0.197537	0.000039	810	
-0.407470	-0.322117	6288	
-0.271854	0.538534	3827	
-0.131394	-0.321972	1514	
-0.206306	0.157113	475	
0.606049	0.010797	1541	
-0.152804	0.562009	2961	
0.394578	0.420800	2360	
-0.026303	-0.381232	3700	
-0.481813	0.233344	1767	
0.336611	0.129265	758	
0.395851	-0.418936	5310	
0.078625	0.498888	2043	
-0.277202	0.326172	5704	
0.490727	0.206348	3261	
-0.085442	-0.503389	1325	
-0.019238	-0.410141	1963	
-0.208136	0.280905	3226	
0.533620	-0.286016	4985	
-0.504485	-0.242704	3223	
-0.246473	0.562956	3834	
0.293165	-0.588992	3050	
-0.575471	-0.405210	673	
-0.470466	0.502558	2128	
-0.697697	-0.072717	4096	
0.715202	0.173193	1675	
0.752927	0.164461	3241	
0.288636	-0.742994	5892	
-0.539135	-0.644585	5762	
0.621056	-0.569850	2590	
-0.005790	0.852667	1549	
0.415096	0.779912	3167	
-0.071924	0.891218	2795	
0.071638	0.931376	4439	
0.285977	0.939178	5996	
-0.429167	0.895343	5998	
-0.147205	0.138203	812	
-0.253186	-0.398492	291	
0.240255	0.037613	362	
-0.591308	0.069121	4298	
-0.254142	-0.591335	6416	
0.294244	0.512582	4131	
-0.062233	0.571281	3575	
0.372238	-0.478591	4994	
0.027661	0.349355	3703	
0.189924	0.509897	3401	
-0.373972	0.113519	3383	
0.191558	-0.309098	3733	
-0.200112	0.457111	5914	
0.259852	0.445366	744	
0.269828	0.273481	3572	
-0.462065	-0.019124	1772	
-0.222326	0.492268	3433	
-0.146769	-0.459725	1379	
-0.087878	-0.636404	1612	
0.366150	0.487151	3536	
0.431732	0.458099	3646	
0.593913	0.294531	2748	
0.031335	0.681968	4257	
-0.343376	0.606637	962	
0.029706	0.727245	1646	
-0.188945	0.726145	5597	
-0.764386	-0.107858	621	
-0.562550	0.556467	4554	
-0.627294	0.523105	4559	
-0.683420	0.497464	1668	
0.435109	-0.748002	5697	
-0.852222	0.243207	1488	
-0.498082	-0.793734	370	
-0.520844	0.775400	5784	
-0.930035	0.326176	6757	
-0.842135	0.526587	6464	
-0.175347	0.127562	3636	
-0.491621	-0.299820	2235	
-0.048540	-0.274574	509	
-0.258571	0.039326	6211	
0.537025	-0.302409	4984	
0.020114	0.583840	5059	
0.321416	0.478962	3473	
-0.190435	-0.544701	4207	
-0.353201	0.074350	1527	
0.444585	-0.378632	5396	
-0.464605	-0.016586	1772	
0.214310	-0.291422	3721	
-0.302602	0.273654	1501	
0.355146	0.120811	543	
-0.479448	0.192229	3736	
0.348647	-0.477645	5212	
0.172732	0.290648	2100	
0.572726	-0.187146	4287	
-0.401482	-0.251042	1383	
-0.286516	-0.617200	1710	
-0.505369	-0.421780	6603	
0.649071	0.217375	4787	
0.581431	-0.389648	5322	
0.666335	-0.247751	5411	
0.139348	-0.740289	2074	
-0.732713	-0.218708	381	
-0.013807	0.781450	3139	
0.484045	-0.639738	4066	
0.664525	-0.489924	4226	
0.257844	-0.814319	2240	
-0.827556	-0.286129	5100	
-0.009921	-0.893801	4790	
0.932224	-0.046650	6482	
-0.967632	0.002796	6443	
0.578369	-0.803993	6255	
-0.069585	-0.237025	754	
-0.555294	0.231908	4264	
-0.286843	-0.469771	6462	
0.259414	-0.008312	6747	
0.595962	0.094480	1510	
-0.024746	0.580928	3839	
0.571623	0.125674	1216	
0.303224	-0.115752	5469	
-0.520323	0.120236	2836	
0.103486	-0.347499	2598	
-0.470321	-0.014992	1772	
0.345676	-0.465784	5212	
0.154288	-0.567749	1894	
-0.500369	0.108148	3366	
-0.116718	-0.566277	2900	
-0.370587	0.017780	4951	
0.076631	-0.618697	5110	
-0.277724	-0.543990	6883	
-0.336077	-0.483049	2197	
0.385224	0.496860	4541	
0.126404	0.612515	2934	
0.364978	0.578774	2595	
-0.001979	0.698067	3845	
0.664445	0.304097	1887	
-0.433806	0.590260	1706	
0.399841	0.656789	1168	
0.772610	-0.168992	5257	
0.038783	-0.820860	2617	
0.709947	-0.453525	3668	
0.133119	0.841446	2156	
0.571879	0.673135	3398	
0.684573	0.572752	5883	
0.277030	0.891964	6713	
0.811802	0.548518	6056	
-0.156637	0.980206	2736	
-0.348773	-0.488749	1970	
-0.259570	-0.067839	5895	
0.544611	0.278669	1478	
-0.252856	-0.486509	4936	
0.461026	0.376167	3915	
0.112444	0.565699	4533	
0.480100	-0.363339	1805	
0.160711	0.304323	3027	
-0.249182	0.475916	5689	
-0.086229	-0.583007	1613	
-0.382307	0.092407	3009	
-0.479875	-0.008558	1685	
-0.406061	0.037224	2127	
-0.043924	-0.595161	3245	
-0.439075	-0.088891	3637	
-0.168334	-0.484224	4303	
0.474070	-0.394968	5679	
-0.331358	-0.529075	5638	
-0.603376	-0.060261	3494	
-0.035662	-0.671924	4957	
-0.079916	0.674326	2706	
0.602064	-0.355495	2397	
0.538017	-0.470260	1085	
-0.386313	-0.683734	6838	
-0.478336	0.594779	3172	
0.779684	0.038834	4231	
-0.573853	-0.597896	1821	
-0.777168	-0.255763	4470	
-0.788155	-0.312152	2288	
0.864850	0.041846	3213	
-0.885461	0.038587	3171	
-0.369775	-0.859954	6604	
-0.542522	0.760432	6850	
-0.842225	0.510695	568	
-0.355380	0.492519	955	
-0.157032	0.189324	6835	
-0.498208	0.330961	1025	
-0.270341	-0.579942	6438	
0.374871	0.457800	2515	
0.311392	0.486966	3761	
-0.002726	-0.619705	1847	
0.078466	0.338164	3529	
-0.493730	0.211075	3692	
0.489931	-0.310925	4328	
0.250181	-0.239238	3653	
-0.115929	-0.496770	5766	
0.413038	0.367567	2918	
-0.413626	-0.065800	2191	
-0.057712	-0.392521	3702	
0.594214	-0.115395	3573	
-0.295023	-0.112108	1631	
-0.479941	-0.373113	6210	
-0.409285	0.468942	980	
-0.330502	0.566646	537	
-0.225472	0.643444	4881	
-0.319190	0.619705	1005	
0.453556	0.570580	5811	
-0.404967	0.610199	1572	
0.495773	0.587891	2597	
0.424466	-0.671834	2881	
-0.754152	-0.284826	1680	
-0.511712	-0.693717	1386	
0.847113	-0.076712	2725	
0.314012	-0.824557	5827	
0.748589	-0.484171	4394	
0.835144	0.417634	6339	
-0.370217	-0.897973	575	
0.852984	-0.504320	6355	
-0.990160	0.079192	6363	
-0.401462	-0.316617	6288	
-0.031361	0.244279	6259	
-0.571998	0.171377	4311	
-0.254886	-0.590470	6416	
0.375659	0.456641	2336	
0.383876	0.434596	2645	
0.015915	-0.619785	1873	
0.299614	0.149071	2936	
-0.366525	0.031806	5507	
-0.102015	0.529173	2182	
0.109367	0.531256	2847	
-0.458613	0.282216	2366	
-0.229371	0.265804	3137	
-0.163375	-0.481241	4303	
0.601010	-0.017813	5640	
0.100348	-0.256927	320	
0.176884	0.124214	3803	
0.316454	0.542042	1872	
-0.418161	-0.577802	1342	
0.558066	-0.417487	6096	
-0.558606	0.402360	4731	
0.520159	0.475467	6034	
0.325627	-0.672781	771	
-0.753083	0.124954	442	
0.713758	0.315275	3404	
-0.548652	-0.624387	1622	
-0.804072	-0.143691	2114	
-0.831865	0.148671	2867	
0.257153	-0.826985	2240	
-0.583542	0.665407	3848	
0.775829	0.499888	3860	
-0.252141	0.899228	6194	
0.091439	0.977598	6086	
-0.472698	0.873049	6019	
-0.240111	-0.107557	6917	
0.048119	0.241235	6756	
-0.577486	0.150692	4208	
-0.275931	-0.575048	5135	
0.443220	0.394132	4363	
0.345868	0.466732	3536	
0.484230	-0.358792	1805	
-0.032267	-0.379980	3700	
0.031548	0.346307	3703	
-0.237453	0.260513	3137	
-0.138483	0.322333	2385	
0.234517	-0.216107	1898	
0.205437	-0.583508	3372	
0.601811	-0.044410	5844	
0.029735	-0.287041	6039	
0.110890	-0.192672	818	
0.485962	0.401792	1254	
0.524072	0.352152	1125	
-0.458254	0.500082	4441	
-0.349338	-0.662375	5264	
-0.546957	-0.530669	557	
-0.463688	0.560267	2253	
0.724541	0.179585	1675	
-0.034528	0.768340	2490	
0.785807	0.080913	3787	
-0.426712	-0.722826	6922	
-0.158126	-0.837285	5154	
0.848244	-0.062293	4762	
0.048328	-0.882369	4826	
0.517561	-0.725329	3029	
0.931570	0.059397	1323	
0.198499	0.943178	6778	
-0.414913	-0.897540	6490	
-0.969094	0.217725	6033	
-0.226172	0.017956	358	
0.025788	0.244860	1884	
-0.530096	0.276275	4168	
-0.286665	-0.539820	6452	
0.560690	0.209202	1474	
0.313907	0.491450	3761	
0.587625	0.048742	5483	
0.183575	-0.590421	3482	
-0.155676	-0.475617	4303	
-0.142384	-0.461376	1379	
0.141973	-0.604011	2542	
0.588127	-0.096552	3558	
0.552759	-0.262089	4344	
-0.056450	0.260295	693	
0.147280	0.168097	811	
0.494706	0.391236	1254	
0.358529	-0.548288	2322	
-0.648821	-0.161647	5114	
-0.669903	0.119761	4071	
-0.498713	0.486894	2193	
0.601954	0.412949	1905	
0.427574	0.595573	1191	
0.715031	-0.292692	2754	
-0.780432	-0.042418	2261	
0.395745	-0.698939	3563	
-0.312508	-0.783530	5342	
-0.709434	-0.476628	558	
0.700253	-0.507041	2599	
-0.730501	0.501025	2339	
0.914175	0.109160	3910	
-0.207854	0.910439	3763	
0.386452	0.901475	6297	
-0.322519	0.938814	2769	
-0.229841	-0.032530	2306	
-0.088304	0.229803	6686	
-0.314071	0.509786	4082	
-0.206511	-0.438883	898	
0.514491	-0.340625	5675	
0.456849	0.377190	3488	
0.445549	0.378713	3729	
0.572558	0.135926	1481	
0.588209	0.056866	5483	
0.561651	0.180035	1193	
0.599975	0.040148	1245	
-0.239241	-0.593730	6344	
0.184970	0.573610	866	
-0.455316	-0.531329	5875	
0.417212	0.471060	3740	
0.290839	-0.590270	3050	
-0.027399	0.669725	2705	
-0.461995	0.500822	4441	
-0.068459	0.694477	2254	
0.704660	-0.143745	3798	
0.597223	-0.438899	4991	
-0.758977	0.079862	1271	
0.755964	-0.197582	3745	
-0.754959	0.236676	2520	
0.305275	0.753319	4577	
0.759723	0.363582	2079	
0.291780	0.799096	4397	
0.859878	-0.197532	2954	
0.820582	-0.347936	3212	
0.879397	0.313711	6562	
-0.482262	0.836032	503	
-0.482444	-0.862860	6143	
-0.301814	-0.208681	6337	
-0.238996	0.059251	6892	
0.586944	-0.211077	4546	
0.191975	0.180700	6532	
-0.146629	-0.628172	4889	
0.542299	-0.289072	4985	
0.593931	0.090695	1510	
0.599340	0.053220	1245	
0.564912	-0.233959	3921	
-0.196605	-0.612844	6826	
-0.148365	0.217382	6553	
-0.086509	0.230696	6686	
-0.500246	-0.466300	982	
0.166773	0.603183	1954	
0.613191	0.163813	2356	
-0.465346	0.482340	4163	
-0.418485	0.537720	4842	
0.478083	0.511732	1859	
0.051553	0.700776	4454	
0.214046	-0.719546	2883	
0.377784	0.661755	1168	
-0.761529	0.121020	1275	
0.736360	0.284568	3907	
-0.664052	-0.481724	5426	
-0.829944	0.059828	4830	
0.553963	-0.646997	2539	
-0.813287	0.317043	1417	
-0.844445	-0.272096	5071	
-0.550747	-0.758002	5931	
-0.489069	0.795683	6469	
-0.011958	0.981793	829	
-0.471243	0.873766	6019	
0.062024	0.606669	854	
-0.436794	-0.298340	1344	
0.016497	-0.255256	914	
-0.379935	-0.232972	2383	
0.256731	-0.060921	3220	
-0.182611	-0.416324	2173	
-0.188853	-0.422416	2173	
0.035547	-0.283939	6345	
-0.419144	-0.263966	1461	
0.224934	0.094634	1170	
-0.475454	-0.513089	5685	
-0.445568	-0.548115	6555	
-0.509502	0.357174	533	
-0.503731	-0.403393	6135	
0.664278	0.165486	3994	
-0.598833	0.325129	6374	
0.293605	0.634293	941	
0.243213	0.659524	5136	
-0.466348	-0.638699	6522	
0.101505	-0.770343	4795	
-0.015436	0.768681	2466	
0.163527	-0.782397	4648	
0.422981	0.677116	2601	
0.239043	-0.793268	4338	
-0.694181	-0.501711	5397	
0.225947	-0.835880	3664	
-0.227579	0.854127	3725	
0.433839	0.779748	3528	
0.354801	0.863685	5664	
0.452737	-0.860789	5974	
0.673425	-0.725978	5984	
-0.992443	0.038941	2680	
-0.140283	-0.280523	6251	
-0.456407	-0.333304	501	
0.091124	0.228192	4381	
0.063820	-0.239968	924	
-0.098033	-0.649322	2071	
-0.228724	-0.620164	833	
0.239111	-0.040501	6594	
-0.584046	-0.089517	2907	
0.606260	-0.187229	4654	
-0.575584	0.210922	4103	
0.064299	0.621610	4246	
-0.231819	-0.644493	838	
-0.082547	0.651386	2706	
-0.214046	-0.699981	1188	
-0.633691	-0.245874	943	
-0.321541	0.618446	1005	
-0.170438	0.681188	4040	
-0.328408	-0.707387	1435	
-0.744897	-0.102503	621	
0.211192	0.738779	2964	
-0.403606	-0.717140	6919	
0.443072	-0.669054	3434	
-0.740134	-0.355150	1754	
-0.458972	0.707867	5481	
-0.508909	0.684485	2516	
0.874413	0.119663	4198	
0.770330	-0.447921	4591	
0.932342	-0.040625	6482	
-0.901778	0.243866	6306	
-0.943181	0.283659	2815	
-0.797196	0.592126	2761	
-0.031492	0.215073	3677	
0.190002	-0.113402	813	
0.554665	0.273729	5562	
0.153572	0.591135	870	
0.030976	-0.225201	352	
-0.475454	-0.513089	5685	
-0.481549	-0.513958	5685	
-0.481083	-0.367486	6210	
0.050707	0.622769	4266	
-0.536251	-0.289039	2957	
-0.515845	-0.471134	1343	
-0.125048	0.657825	5627	
0.357998	0.582844	2595	
0.692780	0.030843	5335	
-0.656280	0.233808	4220	
0.470171	0.540245	1078	
0.397520	-0.630705	1080	
0.363533	-0.678983	5361	
0.178124	0.747377	2892	
-0.528549	-0.633598	1367	
0.062654	-0.807616	1559	
-0.809135	0.106943	3509	
0.565369	0.623792	3190	
0.732259	0.432337	2148	
-0.145848	-0.873328	5382	
-0.526847	-0.730850	5440	
0.018815	-0.933506	6854	
-0.543279	0.759792	6850	
0.217639	0.956522	6029	
-0.177854	0.976469	2736	
-0.964793	-0.236740	6118	
-0.475454	-0.513089	5685	
-0.455316	-0.531329	5875	
-0.455316	-0.531329	5875	
-0.466441	-0.529324	5875	
0.332288	0.522968	4608	
0.269104	0.566316	801	
-0.125496	0.611019	6049	
-0.519633	-0.325958	1842	
-0.555661	0.279690	5885	
-0.632568	0.170488	5303	
0.162351	-0.691462	2234	
-0.679407	0.007108	5118	
-0.661711	-0.179777	4662	
0.236687	-0.683122	5955	
0.241001	0.686804	1429	
0.708808	-0.206170	2445	
0.145240	0.747910	2948	
-0.123439	0.758521	2582	
-0.295070	-0.761294	4413	
0.106972	-0.801777	4990	
-0.731752	0.361783	3608	
0.840186	0.043308	2991	
0.847972	0.063438	2977	
-0.851466	-0.197109	4935	
-0.844965	-0.270227	5071	
0.846569	0.362948	4427	
-0.101818	0.928311	3850	
0.968936	-0.120677	2732	
0.840084	-0.524783	6204	
-0.993207	-0.005913	6823	
-0.455316	-0.531329	5875	
-0.418193	-0.563287	1342	
0.338895	0.518797	4608	
0.085105	0.619228	4246	
-0.314165	0.537808	4634	
-0.512090	-0.454479	1198	
-0.583920	0.213693	4103	
-0.619801	0.212853	3143	
-0.588696	-0.360539	5023	
-0.446221	0.514757	4441	
0.651017	0.232914	4531	
-0.646767	0.259191	4313	
-0.008813	0.702234	3845	
-0.683000	0.249477	538	
0.100116	0.725402	4462	
-0.735353	-0.206865	404	
-0.767484	-0.071330	1477	
0.326404	-0.725652	6384	
0.520345	-0.609560	5207	
-0.815600	0.030739	4064	
0.836420	0.089475	4045	
0.849365	-0.038805	1677	
-0.820441	0.296925	3647	
-0.882675	0.073808	4057	
-0.496139	0.743629	5548	
0.278216	0.891476	6713	
-0.771730	-0.586196	4897	
-0.658951	-0.735936	6266	
-0.936365	0.330625	6757	
-0.375370	-0.579984	5234	
-0.426046	0.441542	518	
-0.115218	0.613090	6107	
-0.569394	-0.216197	5760	
0.027818	0.624037	4266	
-0.623095	0.202947	3143	
-0.669138	-0.091111	1747	
-0.301563	0.610995	767	
0.693169	0.023142	5335	
-0.392404	0.575915	4988	
0.706013	-0.053171	1076	
0.080470	0.723091	1635	
0.617396	-0.409163	2065	
0.592901	0.450882	2433	
0.770515	-0.013645	2803	
0.779069	0.039847	4231	
0.637835	0.464001	2563	
0.321478	0.730353	4614	
-0.682466	-0.471072	6771	
0.498925	0.677790	1885	
0.842231	0.116631	4245	
-0.829457	0.270546	4684	
-0.830240	0.307446	3647	
0.176435	0.875264	3305	
0.535773	0.764462	496	
-0.808878	-0.472462	6885	
-0.983015	0.065487	6363	
-0.789945	0.601698	2761	
-0.188408	-0.646626	1695	
-0.126785	0.610772	6049	
-0.440240	-0.567084	6575	
0.595502	0.216730	2362	
0.563973	0.383714	2634	
-0.113651	0.672369	5627	
0.411058	-0.572323	5377	
-0.138596	0.683642	5709	
0.517416	-0.492713	1088	
0.492091	-0.550942	5587	
-0.471472	-0.634734	6522	
-0.455990	0.572258	4900	
-0.761672	-0.037633	564	
-0.296953	0.708580	5660	
-0.765300	-0.159036	1100	
-0.787691	0.066500	2625	
-0.490685	-0.682369	1509	
0.402000	-0.721642	4213	
-0.558111	0.632780	4978	
0.666522	0.527541	5670	
-0.830159	-0.274924	5063	
-0.885620	0.017788	3171	
0.149020	0.880392	2966	
0.598059	0.716685	6646	
-0.930241	-0.088176	6848	
-0.830604	0.527313	6734	
-0.646579	0.753222	6300	
-0.480629	-0.369463	6210	
-0.511957	-0.453833	1198	
-0.620076	0.211670	3143	
0.686821	-0.073133	3840	
-0.328722	-0.668996	1062	
0.572213	0.404446	2297	
0.397324	-0.597566	5429	
-0.402532	-0.671165	6820	
-0.652332	-0.336643	5052	
0.205262	0.702740	1765	
-0.131702	0.750127	2582	
0.392132	0.660384	2639	
0.701247	0.340043	3416	
0.782837	0.102376	3655	
0.521578	-0.608367	5207	
0.034599	0.812125	5070	
-0.831396	-0.017652	5163	
-0.549968	-0.673416	5427	
-0.598349	0.607714	3888	
-0.032490	-0.882877	6072	
-0.798509	-0.389894	5338	
-0.525239	0.723258	3565	
0.483372	0.798571	4449	
-0.925403	-0.130076	6257	
-0.767985	0.614361	1213	
-0.925671	-0.360759	1248	
-0.493102	-0.502064	6543	
-0.565716	-0.224971	5782	
-0.635451	-0.139885	4704	
-0.420578	0.535725	4786	
-0.672743	-0.131181	4884	
-0.084106	-0.732136	5001	
-0.581399	-0.499902	598	
-0.615567	-0.428195	504	
0.110575	0.723617	4462	
0.065951	0.758560	2971	
0.570499	0.515199	1790	
0.703606	-0.340767	3095	
0.243059	-0.758842	4782	
-0.377377	-0.737305	5604	
-0.361067	-0.753746	5372	
-0.162537	-0.821220	2203	
0.732847	0.413114	2148	
0.704141	-0.477626	3930	
0.367964	-0.781786	4227	
0.856206	0.212802	2501	
-0.367643	-0.819941	5271	
0.898106	0.195246	3263	
0.157947	0.920512	6743	
-0.786432	-0.509441	6592	
-0.853214	0.489655	6332	
-0.587244	0.800371	2738	
-0.921698	-0.370785	4840	
-0.567334	0.255037	5921	
-0.568256	-0.218937	5760	
0.193600	0.595399	2481	
0.123530	0.667368	3947	
-0.153963	-0.712660	4948	
-0.694662	-0.019607	4159	
0.618886	0.357992	1740	
-0.555513	-0.551948	646	
-0.330327	0.652454	1046	
-0.526214	0.551175	3210	
0.337315	0.689776	3115	
0.773787	-0.100538	5172	
0.216328	-0.767393	4620	
-0.748352	-0.260845	6062	
-0.667197	0.442818	3406	
-0.774489	-0.262503	5262	
-0.367903	-0.774776	5192	
-0.581320	-0.644626	2113	
0.282880	0.801425	4397	
-0.848251	0.202312	2546	
-0.440527	0.766078	3521	
0.849136	-0.267819	5832	
0.168427	-0.917642	5633	
-0.290962	0.887264	6311	
-0.767136	-0.591615	4897	
-0.984690	-0.024020	6584	
-0.720308	0.683250	732	
-0.899496	-0.421695	6441	
0.410743	-0.568141	5377	
-0.070221	0.678309	2357	
0.017675	-0.718511	5067	
-0.675180	0.170153	5079	
-0.654863	0.252098	1120	
-0.475362	-0.631480	6522	
-0.694880	0.229466	650	
-0.717419	-0.265041	1333	
-0.236191	0.730398	541	
0.433574	0.645994	1146	
0.732474	-0.296393	3074	
-0.208468	-0.792433	324	
-0.767907	0.227315	3663	
-0.803491	-0.143466	2114	
-0.822252	-0.124464	4100	
-0.820054	0.199373	4504	
0.822694	0.214165	1587	
0.718352	-0.478630	3930	
0.871733	-0.128369	3557	
-0.695217	-0.563046	1907	
0.262018	0.852964	3759	
0.906863	0.220599	6661	
-0.728516	0.584806	4034	
0.975285	-0.025803	2681	
-0.517819	-0.841059	6662	
-0.883628	0.452885	2737	
0.402592	0.576048	3448	
-0.386299	-0.663030	5430	
-0.627974	0.366133	6258	
0.729135	0.097787	5241	
0.034385	0.743144	3580	
0.722899	-0.270626	3853	
-0.691608	-0.354651	311	
-0.692959	-0.377394	1982	
0.189994	0.764330	4478	
0.583694	-0.547968	5030	
0.353507	-0.733676	2989	
-0.394151	-0.748991	6616	
-0.263173	-0.812092	756	
-0.843865	0.016820	4861	
0.838574	0.138939	1712	
-0.219511	-0.842317	1857	
0.241032	-0.846948	4570	
-0.831218	0.302718	3647	
0.889127	-0.048583	4937	
-0.434673	-0.828743	5246	
0.027713	0.933425	5809	
-0.933754	-0.026258	6677	
-0.041763	0.979958	6585	
0.928951	-0.343160	6510	
-0.989508	0.084748	2585	
-0.189749	0.736742	912	
-0.509936	-0.633208	5803	
0.395590	0.658021	1168	
-0.583994	-0.561488	1187	
-0.658077	0.420380	2893	
0.497130	0.611150	2707	
0.276923	-0.755773	5630	
-0.800506	0.012715	3591	
-0.762060	0.289364	3544	
0.793255	0.219060	2861	
0.719343	0.435024	1542	
-0.030838	-0.857035	6079	
0.620393	0.580485	4501	
0.684103	-0.526089	4651	
0.352699	-0.806046	6456	
-0.766155	0.441907	5341	
0.676371	-0.578299	3269	
0.212511	-0.882009	4334	
0.670258	0.649450	3870	
-0.789343	0.499607	6578	
0.632968	-0.737090	5977	
-0.984034	-0.034275	6011	
-0.495992	0.859719	2678	
-0.940193	-0.320792	2091	
0.352802	0.703927	3752	
-0.472435	0.630744	5182	
0.240587	-0.768737	4782	
0.409060	0.683222	3038	
0.579184	-0.569091	1795	
-0.641635	-0.537277	5465	
0.009900	0.826142	5069	
0.764245	0.349856	2079	
-0.468510	-0.732164	2013	
0.826302	0.198748	4189	
-0.851587	-0.056621	1473	
-0.728914	0.476800	4650	
0.814173	0.338957	3364	
-0.866997	-0.181805	4625	
0.863407	-0.215470	2954	
0.074576	-0.903451	5195	
0.802548	0.476447	6290	
-0.640791	0.679493	5305	
-0.094402	0.958116	325	
-0.424509	0.884950	5998	
0.899627	-0.413698	2661	
-0.974026	0.193087	2837	
-0.801958	-0.586722	6136	
0.817281	-0.089997	1483	
-0.465226	0.684086	5037	
0.289570	-0.790610	6447	
0.294095	0.787562	3165	
-0.728438	-0.440467	6357	
0.766887	-0.366785	1962	
0.410420	0.743540	5357	
-0.522189	-0.704322	5419	
-0.840690	0.228271	4563	
0.871381	-0.124933	3557	
-0.789021	0.399265	1574	
-0.047977	-0.891975	5825	
0.580645	0.676007	3719	
-0.504338	-0.788451	343	
0.489570	0.794564	4331	
-0.735262	0.576241	5348	
-0.166780	-0.923866	6505	
-0.093427	0.975993	6298	
-0.020868	-0.987853	6307	
-0.851442	0.510531	568	
-0.820035	0.231985	5337	
-0.785184	-0.341059	2266	
0.374474	-0.776195	4261	
0.390795	0.771210	2871	
-0.461359	-0.761367	284	
0.876907	-0.074208	5328	
-0.562472	0.681381	3524	
-0.645577	-0.623457	1180	
0.601300	-0.655500	2910	
0.422717	0.784630	3528	
-0.800843	0.466952	4109	
0.840201	0.406122	6339	
-0.379600	0.853056	3958	
-0.918370	0.169316	6103	
-0.201450	-0.948192	1130	
-0.505436	0.841345	6581	
0.133210	-0.979207	2663	
-0.822993	0.555239	2677	
-0.274770	-0.853344	2016	
-0.119686	-0.886011	5449	
0.273273	-0.847306	4031	
0.846274	-0.273094	5832	
0.669345	0.587656	4164	
-0.330242	0.828932	5064	
-0.751153	0.542433	5349	
0.927672	-0.094838	3649	
0.272533	0.892933	6713	
-0.607272	0.709488	5920	
-0.928181	0.101903	630	
-0.810590	0.523176	6613	
0.250515	0.946565	2787	
-0.967842	-0.180704	6219	
0.987523	0.078530	2731	
-0.945890	0.301257	6512	
-0.867524	-0.483957	6475	
0.295029	0.885600	3771	
0.169522	0.918149	1402	
-0.106162	0.927534	5694	
-0.451483	0.817261	309	
-0.731233	0.581226	5348	
-0.905655	0.227430	3570	
-0.923937	-0.136877	6622	
0.627352	-0.703476	6816	
0.955390	0.193764	610	
-0.472710	0.859596	6019	
-0.866602	-0.468631	6786	
0.955552	-0.258858	6666	
-0.863459	0.489723	6332	
-0.961374	-0.249222	6060	
-0.711179	-0.694168	6273	
0.382344	0.899699	6297	
0.204882	0.956705	5997	
-0.120500	0.972055	6426	
-0.577338	0.793120	2738	
-0.909804	0.370690	2685	
-0.900142	-0.399119	6215	
-0.048484	-0.986100	6172	
0.988340	0.062810	2731	
-0.646607	0.752818	6300	
-0.991738	0.047481	6364	
-0.877995	-0.464514	6786	
-0.992722	-0.000441	6823	
-0.992690	-0.011834	6823	
-0.988773	-0.090997	6385	
-0.904651	-0.409902	6441	
-0.789422	-0.603234	6328	
